maxent_outputs/hummingbirds/hummingbird_59.asc
ncols         426
nrows         180
xllcorner     -130.0
yllcorner     24.0
cellsize      0.16666666666666666
NODATA_value  -9999
[rows 0 to 26 of 180, columns 122 to 182 of 426]
5.60465E-2 5.39285E-2 5.49533E-2 4.572E-2 4.18127E-2 4.69933E-2 4.9869E-2 5.18453E-2 4.62927E-2 4.45032E-2 4.16582E-2 4.14618E-2 4.24727E-2 4.03324E-2 4.25125E-2 4.07536E-2 4.08866E-2 4.0602E-2 4.12334E-2 4.22253E-2 4.3889E-2 4.17558E-2 4.02911E-2 4.08571E-2 3.66928E-2 3.73241E-2 3.67401E-2 3.54591E-2 3.57322E-2 3.56085E-2 3.5722E-2 3.59271E-2 3.63141E-2 3.58162E-2 3.58735E-2 3.57482E-2 3.59416E-2 3.56736E-2 3.63083E-2 3.65507E-2 3.68977E-2 3.73715E-2 3.91252E-2 3.92783E-2 4.11135E-2 4.19352E-2 4.28873E-2 4.33586E-2 4.43416E-2 4.37969E-2 3.94453E-2 3.87373E-2 3.63371E-2 3.5225E-2 3.54674E-2 3.9853E-2 4.31021E-2 4.04548E-2 3.95985E-2 4.20607E-2 3.71099E-2
4.79708E-2 4.58863E-2 4.45889E-2 4.29796E-2 4.08686E-2 4.02877E-2 4.12443E-2 3.98004E-2 4.38946E-2 4.65008E-2 4.21142E-2 4.13248E-2 3.97298E-2 4.0437E-2 4.51157E-2 4.14122E-2 3.97163E-2 3.98278E-2 4.2253E-2 4.25692E-2 4.28011E-2 4.16729E-2 4.13346E-2 4.14581E-2 4.0139E-2 4.23165E-2 4.29185E-2 3.92946E-2 4.00947E-2 3.81562E-2 3.80144E-2 3.95892E-2 3.91638E-2 4.14039E-2 3.87336E-2 3.65204E-2 3.71667E-2 3.64366E-2 3.63695E-2 3.73059E-2 3.78422E-2 3.75835E-2 3.94688E-2 4.05768E-2 4.0501E-2 4.45152E-2 4.55865E-2 4.48863E-2 4.37433E-2 3.71E-2 3.59801E-2 4.00733E-2 4.006E-2 3.99186E-2 3.813E-2 4.12426E-2 4.76171E-2 4.41002E-2 3.89779E-2 3.84183E-2 3.66804E-2
4.36472E-2 4.2378E-2 4.25187E-2 4.01488E-2 4.08337E-2 3.86699E-2 3.90822E-2 3.50255E-2 3.70662E-2 3.89426E-2 4.428E-2 3.96874E-2 3.81298E-2 3.93946E-2 4.29663E-2 4.18888E-2 3.96269E-2 3.91417E-2 3.95134E-2 4.05076E-2 4.08158E-2 4.20346E-2 4.18582E-2 4.08182E-2 3.66555E-2 3.87382E-2 3.94554E-2 4.09952E-2 4.08468E-2 3.86092E-2 3.6346E-2 3.56E-2 3.49686E-2 3.70332E-2 3.79424E-2 4.0415E-2 4.23332E-2 3.99526E-2 3.62759E-2 3.80862E-2 3.97709E-2 4.05279E-2 4.02356E-2 4.40198E-2 4.48681E-2 5.07525E-2 4.60487E-2 4.53396E-2 4.64302E-2 4.23844E-2 4.17923E-2 4.31139E-2 4.19451E-2 3.99553E-2 4.18664E-2 4.25537E-2 4.55222E-2 4.52937E-2 4.25432E-2 3.86281E-2 3.81566E-2
4.44204E-2 4.4603E-2 4.19014E-2 4.10758E-2 3.8052E-2 3.48093E-2 3.27306E-2 3.10005E-2 3.10981E-2 3.41359E-2 3.99255E-2 4.28004E-2 4.2852E-2 3.90693E-2 4.08277E-2 4.33432E-2 4.23178E-2 4.16998E-2 4.14284E-2 4.15767E-2 3.94288E-2 3.91088E-2 3.72575E-2 3.87968E-2 3.86448E-2 3.71814E-2 3.45677E-2 3.60116E-2 3.7294E-2 3.73296E-2 3.6389E-2 3.41158E-2 3.47207E-2 3.73742E-2 3.84231E-2 3.95161E-2 3.70514E-2 3.75744E-2 3.71331E-2 3.59869E-2 3.89349E-2 3.94871E-2 3.9061E-2 3.409E-2 3.87967E-2 4.96695E-2 4.38001E-2 4.38698E-2 4.38624E-2 4.23638E-2 4.05381E-2 4.16685E-2 4.50379E-2 4.93451E-2 5.24097E-2 5.44129E-2 5.45207E-2 5.40835E-2 4.50038E-2 4.06945E-2 3.98225E-2
4.36764E-2 4.31779E-2 4.29034E-2 4.1033E-2 3.73409E-2 3.4899E-2 3.4715E-2 3.14051E-2 3.13998E-2 3.29742E-2 3.50228E-2 3.93319E-2 4.07706E-2 4.23728E-2 4.30462E-2 4.56492E-2 4.5187E-2 4.32203E-2 4.32223E-2 4.2944E-2 4.24572E-2 4.13225E-2 4.10672E-2 4.0932E-2 3.99422E-2 3.8424E-2 3.69238E-2 3.81019E-2 3.99249E-2 4.15063E-2 3.90566E-2 3.68438E-2 3.72227E-2 3.82208E-2 4.02464E-2 3.93788E-2 3.8053E-2 3.70357E-2 3.79682E-2 3.73965E-2 3.79372E-2 3.52978E-2 3.34878E-2 3.10464E-2 4.27075E-2 4.71773E-2 4.34683E-2 4.24736E-2 4.40356E-2 4.29679E-2 4.09494E-2 4.12636E-2 4.00091E-2 4.08506E-2 4.6389E-2 5.08176E-2 5.64656E-2 5.8172E-2 5.03703E-2 4.89326E-2 4.73193E-2
4.3841E-2 4.47142E-2 4.35487E-2 4.32936E-2 3.94515E-2 3.72849E-2 3.55256E-2 4.05994E-2 3.50996E-2 3.56938E-2 3.59624E-2 3.65438E-2 3.75567E-2 4.07492E-2 4.56081E-2 5.05465E-2 4.68258E-2 4.4184E-2 4.43747E-2 4.34711E-2 4.39574E-2 4.12801E-2 3.99779E-2 4.11214E-2 4.13506E-2 4.08707E-2 3.87554E-2 3.8634E-2 3.83332E-2 3.80686E-2 3.72605E-2 3.7247E-2 3.90232E-2 4.09651E-2 3.88696E-2 3.88734E-2 3.8903E-2 3.80842E-2 3.91339E-2 3.97073E-2 3.67381E-2 3.50434E-2 3.69138E-2 3.94823E-2 4.76418E-2 4.42262E-2 4.24404E-2 4.34693E-2 4.61954E-2 4.84629E-2 4.48913E-2 5.31465E-2 5.43075E-2 5.2197E-2 5.50017E-2 5.29358E-2 5.1855E-2 5.23547E-2 4.90368E-2 4.40316E-2 4.89799E-2
4.73024E-2 4.79546E-2 4.72677E-2 4.66541E-2 4.37402E-2 4.26413E-2 4.04595E-2 3.83123E-2 3.8792E-2 3.7705E-2 3.76653E-2 3.78241E-2 3.83718E-2 4.11929E-2 4.44546E-2 4.86292E-2 4.61112E-2 4.51123E-2 4.58267E-2 4.49364E-2 4.25249E-2 4.25312E-2 4.09387E-2 4.07384E-2 4.26902E-2 4.06568E-2 4.13919E-2 4.09868E-2 3.92621E-2 3.80305E-2 3.84679E-2 4.02661E-2 4.15716E-2 4.25384E-2 4.06909E-2 3.93311E-2 4.00309E-2 3.84291E-2 3.8286E-2 3.73894E-2 3.73602E-2 3.7782E-2 3.85196E-2 4.14571E-2 4.13712E-2 4.10032E-2 4.35553E-2 4.50451E-2 5.32032E-2 6.20516E-2 5.62481E-2 4.93567E-2 6.4401E-2 6.01346E-2 4.86035E-2 5.58269E-2 6.0325E-2 6.19318E-2 5.68714E-2 4.90873E-2 4.56244E-2
4.12256E-2 4.5267E-2 4.56738E-2 4.65424E-2 4.69866E-2 4.51449E-2 4.8398E-2 4.60831E-2 4.42166E-2 4.05752E-2 3.96251E-2 3.98933E-2 3.94473E-2 4.22812E-2 4.58278E-2 4.62458E-2 4.41599E-2 4.52124E-2 4.59645E-2 4.46808E-2 4.34254E-2 4.12341E-2 4.11642E-2 4.38932E-2 4.02221E-2 3.94027E-2 4.06988E-2 4.11409E-2 4.05304E-2 3.97923E-2 4.18392E-2 4.12192E-2 4.28775E-2 4.33731E-2 4.0753E-2 3.89693E-2 3.88103E-2 4.05078E-2 3.97674E-2 3.87108E-2 3.62572E-2 4.03038E-2 3.89194E-2 3.79996E-2 3.84998E-2 4.38199E-2 4.59866E-2 4.7095E-2 4.57004E-2 4.26038E-2 4.69499E-2 4.81186E-2 5.20364E-2 5.46946E-2 4.37396E-2 5.34411E-2 4.76735E-2 5.48462E-2 6.33702E-2 5.54834E-2 4.9691E-2
4.70005E-2 4.31625E-2 4.21575E-2 4.1917E-2 4.40484E-2 4.49755E-2 4.45773E-2 4.89023E-2 5.17262E-2 5.16295E-2 4.5272E-2 4.40041E-2 4.60321E-2 4.5562E-2 4.5721E-2 4.49863E-2 4.52756E-2 4.4111E-2 4.53086E-2 4.59049E-2 4.49301E-2 4.51872E-2 4.54036E-2 4.42407E-2 4.10151E-2 3.9574E-2 4.21027E-2 3.90539E-2 4.16316E-2 4.03748E-2 4.19696E-2 4.24582E-2 4.35177E-2 4.21942E-2 4.20592E-2 3.87679E-2 4.0204E-2 4.14548E-2 4.16577E-2 4.40193E-2 4.24106E-2 4.28199E-2 4.16815E-2 4.20987E-2 3.94654E-2 3.96223E-2 3.66013E-2 3.54976E-2 3.50868E-2 3.65269E-2 3.91089E-2 4.41698E-2 4.37579E-2 5.50786E-2 4.2911E-2 4.70909E-2 4.60292E-2 4.85524E-2 6.14861E-2 6.03471E-2 5.10088E-2
5.10966E-2 5.0889E-2 4.9168E-2 4.57149E-2 4.28768E-2 4.37666E-2 4.24794E-2 4.39037E-2 4.31533E-2 4.54252E-2 4.85396E-2 4.98716E-2 5.11201E-2 5.38391E-2 4.75886E-2 4.53831E-2 4.54941E-2 4.56154E-2 4.65676E-2 4.73632E-2 4.80761E-2 4.5893E-2 4.53923E-2 4.5084E-2 4.44969E-2 4.21066E-2 4.03037E-2 4.13759E-2 4.22273E-2 4.12388E-2 4.12002E-2 4.16523E-2 4.11644E-2 4.10055E-2 3.90218E-2 3.87594E-2 3.74875E-2 3.83666E-2 3.90073E-2 4.24978E-2 4.44962E-2 4.31152E-2 4.02205E-2 3.87563E-2 3.56301E-2 3.35116E-2 3.2133E-2 3.38224E-2 3.39708E-2 3.91822E-2 4.26753E-2 4.17651E-2 3.95159E-2 4.89737E-2 5.03695E-2 5.12193E-2 4.88652E-2 5.18679E-2 5.52654E-2 5.53115E-2 4.97343E-2
5.68302E-2 5.75131E-2 5.88534E-2 5.25609E-2 4.71697E-2 4.75517E-2 4.71148E-2 4.70336E-2 4.50696E-2 4.30511E-2 4.62431E-2 5.34673E-2 5.30071E-2 5.27622E-2 5.03519E-2 4.88069E-2 4.83407E-2 4.75514E-2 4.84E-2 4.69345E-2 4.79263E-2 4.81806E-2 4.84298E-2 4.7979E-2 4.69262E-2 4.31917E-2 4.35754E-2 4.0531E-2 4.03095E-2 4.16989E-2 4.1949E-2 4.13014E-2 4.1842E-2 4.06461E-2 3.89739E-2 3.67781E-2 3.75725E-2 3.65741E-2 3.75161E-2 4.1449E-2 4.03353E-2 4.03881E-2 3.593E-2 3.60761E-2 3.46332E-2 3.23747E-2 3.40575E-2 3.9869E-2 4.09333E-2 4.17963E-2 4.10327E-2 3.7343E-2 3.66564E-2 4.24257E-2 4.13345E-2 4.47812E-2 4.74641E-2 5.96167E-2 5.70748E-2 5.24774E-2 5.00484E-2
6.10295E-2 6.24889E-2 5.93062E-2 5.29887E-2 5.30277E-2 5.15548E-2 5.1897E-2 5.22388E-2 5.02635E-2 4.99897E-2 4.88127E-2 5.25215E-2 5.25602E-2 5.3237E-2 5.31891E-2 5.20016E-2 5.07488E-2 4.97655E-2 4.89106E-2 4.87829E-2 5.01184E-2 5.00257E-2 4.98927E-2 4.92505E-2 4.84656E-2 4.7084E-2 4.46105E-2 4.21466E-2 4.21775E-2 4.33003E-2 4.38312E-2 4.40642E-2 4.1652E-2 4.02103E-2 3.8771E-2 3.6683E-2 3.64612E-2 3.61271E-2 3.58707E-2 3.75902E-2 3.82607E-2 3.66913E-2 3.33567E-2 2.95551E-2 2.94144E-2 2.83308E-2 3.0663E-2 3.5404E-2 3.73696E-2 3.61635E-2 3.90746E-2 3.92643E-2 4.14035E-2 4.20952E-2 4.07768E-2 4.60599E-2 5.0128E-2 6.08901E-2 6.06564E-2 5.10426E-2 5.39365E-2
6.00162E-2 6.06598E-2 5.89199E-2 5.79563E-2 5.14533E-2 5.36147E-2 5.30013E-2 5.14645E-2 5.37913E-2 5.5928E-2 5.44087E-2 5.04636E-2 5.05095E-2 5.22031E-2 5.24684E-2 5.32722E-2 5.17075E-2 5.20334E-2 5.0547E-2 4.94861E-2 5.12421E-2 5.23898E-2 5.1534E-2 5.09771E-2 5.23595E-2 4.84787E-2 4.81013E-2 4.74419E-2 4.48498E-2 4.55636E-2 4.63132E-2 5.89797E-2 5.46058E-2 5.25965E-2 4.34461E-2 3.8812E-2 3.89466E-2 3.68615E-2 3.68927E-2 3.73006E-2 3.88091E-2 3.73138E-2 3.3931E-2 3.04085E-2 2.76639E-2 2.78447E-2 2.88171E-2 3.38188E-2 3.48932E-2 3.67931E-2 4.17775E-2 4.39284E-2 4.11031E-2 4.5214E-2 5.04335E-2 5.43413E-2 4.97465E-2 5.7313E-2 5.80858E-2 5.1188E-2 4.8114E-2
5.58195E-2 5.56919E-2 5.68118E-2 5.5799E-2 5.37918E-2 5.29877E-2 5.22119E-2 5.10319E-2 5.17158E-2 5.71089E-2 5.59816E-2 5.07712E-2 4.93627E-2 5.25725E-2 5.34872E-2 5.3552E-2 5.36523E-2 5.23929E-2 5.04769E-2 5.14636E-2 5.2822E-2 5.3191E-2 5.4378E-2 5.28352E-2 5.10603E-2 5.36201E-2 5.02567E-2 4.93391E-2 4.75501E-2 4.82667E-2 5.0764E-2 5.63884E-2 5.3919E-2 4.71473E-2 4.58214E-2 4.43562E-2 4.59245E-2 4.42176E-2 4.25289E-2 3.945E-2 3.90086E-2 3.80918E-2 3.4389E-2 3.17457E-2 2.96146E-2 2.9106E-2 2.94446E-2 3.4638E-2 3.65552E-2 3.9896E-2 4.24193E-2 4.01824E-2 4.11327E-2 4.55338E-2 5.5258E-2 5.38562E-2 5.44968E-2 5.53568E-2 5.94748E-2 5.76646E-2 5.0234E-2
5.62464E-2 5.85474E-2 5.68822E-2 5.85092E-2 5.7352E-2 5.13504E-2 5.23855E-2 5.61241E-2 5.78783E-2 5.9073E-2 5.45019E-2 5.02568E-2 4.88712E-2 5.22976E-2 5.285E-2 5.65095E-2 5.60952E-2 5.39682E-2 5.10988E-2 4.75955E-2 4.744E-2 4.65215E-2 5.08255E-2 5.25099E-2 5.21667E-2 5.39963E-2 5.1327E-2 4.95792E-2 4.94924E-2 5.17803E-2 5.13618E-2 5.1115E-2 5.0654E-2 4.85588E-2 4.55674E-2 4.48801E-2 4.54976E-2 4.53602E-2 4.55246E-2 4.45467E-2 4.64383E-2 4.72627E-2 4.2641E-2 3.64041E-2 3.30697E-2 2.9756E-2 2.88576E-2 3.0428E-2 3.39549E-2 3.54969E-2 3.72332E-2 4.15347E-2 4.07766E-2 4.4785E-2 5.66747E-2 5.36265E-2 5.96532E-2 5.15018E-2 4.89004E-2 5.6763E-2 5.26209E-2
5.71623E-2 5.80825E-2 5.73823E-2 5.78993E-2 5.79977E-2 5.77102E-2 5.41545E-2 5.53676E-2 5.55912E-2 5.91734E-2 5.15568E-2 5.12615E-2 4.9787E-2 5.22681E-2 5.67138E-2 5.91403E-2 5.89754E-2 5.58215E-2 5.02607E-2 4.91122E-2 4.54679E-2 4.57129E-2 4.57948E-2 4.85895E-2 5.26808E-2 5.21218E-2 5.34721E-2 5.07965E-2 5.01553E-2 4.9477E-2 4.8471E-2 4.90216E-2 5.01094E-2 4.88311E-2 4.77403E-2 4.41782E-2 4.4681E-2 4.52061E-2 4.49771E-2 4.86534E-2 4.86941E-2 4.84978E-2 4.68005E-2 4.00004E-2 3.51251E-2 3.65453E-2 3.5061E-2 3.22581E-2 2.84755E-2 2.90838E-2 3.28763E-2 4.06578E-2 4.33513E-2 4.63727E-2 5.51525E-2 5.10889E-2 5.10857E-2 4.74725E-2 5.74411E-2 5.14293E-2 4.53001E-2
5.40225E-2 5.52752E-2 5.58513E-2 5.6271E-2 5.53213E-2 5.32907E-2 5.40564E-2 5.43795E-2 5.6492E-2 5.39072E-2 5.23773E-2 5.23053E-2 5.24535E-2 5.30157E-2 5.74282E-2 6.12051E-2 5.86396E-2 5.10773E-2 4.70758E-2 4.84524E-2 4.60913E-2 4.45269E-2 4.5222E-2 4.67865E-2 5.12983E-2 5.21452E-2 5.65533E-2 5.03995E-2 4.98727E-2 4.77352E-2 4.60964E-2 4.59836E-2 4.71333E-2 4.88552E-2 4.74305E-2 4.61803E-2 4.42291E-2 4.38949E-2 4.39486E-2 4.75198E-2 5.13246E-2 4.86116E-2 4.53885E-2 4.13937E-2 3.58459E-2 3.45713E-2 3.60763E-2 3.50581E-2 3.5373E-2 3.51885E-2 3.63608E-2 3.79133E-2 4.33961E-2 4.68965E-2 4.52056E-2 4.67007E-2 4.75804E-2 4.77175E-2 5.45836E-2 6.46958E-2 4.94061E-2
5.0024E-2 5.13362E-2 5.4611E-2 5.54726E-2 5.72686E-2 5.43091E-2 5.18239E-2 5.03575E-2 5.35611E-2 5.53411E-2 5.55052E-2 5.7635E-2 5.46655E-2 5.33789E-2 5.45745E-2 5.70264E-2 5.42716E-2 5.46668E-2 5.26317E-2 4.87704E-2 4.62917E-2 4.64834E-2 4.79964E-2 5.03169E-2 5.28898E-2 5.25964E-2 5.57432E-2 4.86467E-2 4.78717E-2 4.77097E-2 4.61236E-2 4.53729E-2 4.584E-2 4.47435E-2 4.45917E-2 4.39736E-2 4.50714E-2 4.42911E-2 4.76986E-2 4.75892E-2 4.89673E-2 4.62816E-2 4.48112E-2 4.23747E-2 3.72992E-2 3.7006E-2 3.74196E-2 3.60131E-2 3.59652E-2 3.75578E-2 3.64426E-2 3.9231E-2 4.19637E-2 4.1449E-2 4.18445E-2 4.25747E-2 4.40882E-2 4.88564E-2 5.06338E-2 5.67186E-2 5.44399E-2
5.02252E-2 4.97296E-2 5.2434E-2 5.53119E-2 6.03267E-2 6.15001E-2 6.1622E-2 5.86689E-2 5.67395E-2 5.45931E-2 5.43043E-2 5.62884E-2 5.44034E-2 5.24437E-2 5.26044E-2 5.53039E-2 5.76789E-2 5.37469E-2 5.33789E-2 5.10844E-2 4.94938E-2 4.87893E-2 4.72926E-2 5.07092E-2 5.20168E-2 5.18257E-2 5.20238E-2 5.16036E-2 4.67836E-2 4.571E-2 4.62141E-2 4.57867E-2 4.34702E-2 4.32789E-2 4.4268E-2 4.18485E-2 4.2128E-2 4.32413E-2 4.36343E-2 4.45239E-2 4.69401E-2 4.64725E-2 4.59188E-2 4.53646E-2 4.24959E-2 3.85539E-2 3.78298E-2 3.58733E-2 3.43183E-2 3.39203E-2 3.22607E-2 3.40796E-2 3.97226E-2 4.06114E-2 4.26337E-2 4.63711E-2 4.68291E-2 4.4395E-2 4.52314E-2 5.19921E-2 4.89734E-2
5.51906E-2 5.45797E-2 5.5716E-2 5.76093E-2 6.14261E-2 6.33661E-2 6.6038E-2 6.17225E-2 5.79805E-2 5.86994E-2 5.54499E-2 5.336E-2 5.38619E-2 5.8301E-2 5.73599E-2 5.90793E-2 5.56873E-2 5.56087E-2 5.3964E-2 5.34623E-2 5.05109E-2 5.01126E-2 5.06564E-2 5.05082E-2 5.10389E-2 5.32672E-2 5.22356E-2 4.9803E-2 4.91913E-2 4.7172E-2 4.63369E-2 4.62483E-2 4.53262E-2 4.75765E-2 4.81994E-2 4.55835E-2 4.42184E-2 4.08001E-2 4.16003E-2 4.33792E-2 4.7369E-2 4.7259E-2 4.91307E-2 4.71378E-2 4.68417E-2 4.48946E-2 4.14918E-2 3.66819E-2 3.47504E-2 3.33446E-2 3.26865E-2 3.005E-2 3.10818E-2 3.20976E-2 3.69239E-2 4.0291E-2 3.9595E-2 3.90912E-2 4.03163E-2 4.00055E-2 4.7666E-2
5.61257E-2 5.63126E-2 5.40662E-2 5.71085E-2 5.92702E-2 6.11094E-2 6.09557E-2 6.36516E-2 6.02515E-2 5.8948E-2 6.02587E-2 5.93625E-2 6.05098E-2 5.77827E-2 5.50813E-2 5.4063E-2 5.17853E-2 5.49509E-2 5.50714E-2 5.39999E-2 5.58889E-2 5.35947E-2 5.03458E-2 4.74769E-2 4.91017E-2 5.10121E-2 5.35917E-2 5.17593E-2 5.07939E-2 4.6561E-2 4.37917E-2 4.20015E-2 4.31448E-2 4.60999E-2 4.58462E-2 4.40804E-2 4.25736E-2 4.105E-2 4.16942E-2 4.48798E-2 4.7738E-2 5.22476E-2 5.18483E-2 5.03195E-2 4.73706E-2 4.57755E-2 4.58591E-2 4.30322E-2 3.77E-2 3.55008E-2 3.26421E-2 3.17786E-2 3.21481E-2 3.14612E-2 3.23745E-2 3.45262E-2 3.51596E-2 3.37802E-2 3.43192E-2 3.76699E-2 4.02401E-2
6.41085E-2 6.39354E-2 5.78756E-2 5.71219E-2 5.68206E-2 5.9036E-2 6.08927E-2 5.96418E-2 5.80432E-2 5.73746E-2 5.59E-2 5.71408E-2 5.86523E-2 5.91075E-2 5.62737E-2 5.64196E-2 5.36856E-2 5.44555E-2 5.19043E-2 5.10719E-2 5.92332E-2 5.83233E-2 5.39084E-2 5.33904E-2 4.94889E-2 4.97983E-2 5.24537E-2 5.01483E-2 4.83938E-2 4.63574E-2 4.42153E-2 4.16251E-2 4.13476E-2 4.29602E-2 4.44282E-2 4.32216E-2 4.05634E-2 4.01688E-2 4.10617E-2 4.25735E-2 4.72555E-2 5.02414E-2 5.02922E-2 4.70225E-2 4.54633E-2 4.48873E-2 4.73473E-2 4.55696E-2 4.36188E-2 4.04754E-2 3.81661E-2 3.5417E-2 3.34195E-2 3.48022E-2 3.38573E-2 3.2841E-2 3.32815E-2 3.44415E-2 3.28358E-2 3.26489E-2 3.78467E-2
6.0041E-2 5.94346E-2 5.94499E-2 5.73456E-2 5.57975E-2 5.764E-2 6.0594E-2 6.05509E-2 5.93893E-2 5.9425E-2 5.71369E-2 5.50379E-2 5.75631E-2 5.92032E-2 5.7142E-2 5.62937E-2 5.65502E-2 5.74819E-2 5.38802E-2 5.12676E-2 5.32986E-2 5.28533E-2 5.13816E-2 5.38497E-2 6.31176E-2 6.03971E-2 5.68193E-2 5.22926E-2 4.71289E-2 4.62479E-2 4.39588E-2 4.26728E-2 4.23465E-2 4.10686E-2 4.15769E-2 4.01487E-2 3.8804E-2 3.98864E-2 3.91939E-2 4.12952E-2 4.44642E-2 4.72266E-2 4.74416E-2 4.56748E-2 4.60079E-2 4.85444E-2 4.83975E-2 4.72933E-2 4.78121E-2 4.54574E-2 4.35638E-2 4.11354E-2 3.49723E-2 3.42307E-2 3.47401E-2 3.29641E-2 3.44511E-2 3.55582E-2 3.55654E-2 3.72422E-2 4.03809E-2
6.1947E-2 6.09559E-2 5.95646E-2 6.08859E-2 5.61334E-2 5.90396E-2 6.02449E-2 6.02362E-2 5.90819E-2 5.66911E-2 5.55626E-2 5.17522E-2 5.14086E-2 5.26138E-2 5.44079E-2 5.74019E-2 5.52422E-2 5.20852E-2 5.05014E-2 5.17025E-2 5.63862E-2 6.59563E-2 7.00336E-2 5.34679E-2 5.72127E-2 6.73646E-2 6.64744E-2 6.27089E-2 5.51491E-2 4.84249E-2 4.45655E-2 4.16114E-2 4.13155E-2 4.14593E-2 4.28843E-2 4.1386E-2 4.11366E-2 4.01627E-2 4.02835E-2 4.03789E-2 4.26757E-2 4.35287E-2 4.54463E-2 4.55896E-2 4.74178E-2 4.99633E-2 4.94457E-2 4.89639E-2 4.81859E-2 4.85185E-2 4.57387E-2 4.3336E-2 4.14214E-2 3.66733E-2 3.79735E-2 3.76592E-2 3.76588E-2 3.78822E-2 3.93445E-2 4.06498E-2 3.89898E-2
6.42415E-2 6.45529E-2 6.08001E-2 6.06501E-2 5.8621E-2 5.80926E-2 6.09944E-2 6.01862E-2 5.75552E-2 5.67919E-2 5.68361E-2 5.25519E-2 5.3422E-2 5.13391E-2 5.00067E-2 5.28609E-2 5.31141E-2 5.21833E-2 5.13258E-2 5.06434E-2 5.67878E-2 5.70087E-2 5.63747E-2 5.71272E-2 5.48473E-2 6.44279E-2 6.54512E-2 7.17916E-2 6.8907E-2 5.61672E-2 4.88488E-2 4.65047E-2 4.44868E-2 4.31422E-2 4.37788E-2 4.47627E-2 4.26012E-2 4.02921E-2 4.0676E-2 4.26526E-2 4.155E-2 4.3181E-2 4.64161E-2 4.84054E-2 4.7656E-2 4.9002E-2 4.93348E-2 4.92554E-2 4.86462E-2 4.78548E-2 4.59781E-2 4.58927E-2 4.51814E-2 4.36216E-2 4.29596E-2 4.22702E-2 4.1435E-2 4.14167E-2 4.18152E-2 4.11441E-2 4.04059E-2
5.24892E-2 4.72433E-2 3.89441E-2 3.99505E-2 4.17512E-2 4.66417E-2 5.74564E-2 5.38142E-2 5.47383E-2 5.79451E-2 5.71263E-2 5.84405E-2 5.5592E-2 5.11593E-2 4.97674E-2 5.17735E-2 5.34077E-2 5.20088E-2 5.28999E-2 5.64029E-2 6.16871E-2 6.11591E-2 6.36018E-2 6.26722E-2 5.89282E-2 6.09215E-2 6.3333E-2 6.71066E-2 6.30415E-2 6.11625E-2 5.65409E-2 4.89282E-2 4.94227E-2 4.90685E-2 4.50065E-2 4.60664E-2 4.58169E-2 4.38415E-2 4.37556E-2 4.32812E-2 4.42509E-2 4.435E-2 4.78376E-2 4.841E-2 4.86995E-2 4.7083E-2 4.61724E-2 4.69509E-2 4.65895E-2 4.57138E-2 4.53072E-2 4.68455E-2 4.45559E-2 4.83426E-2 4.73062E-2 4.55229E-2 4.34594E-2 4.20451E-2 4.65326E-2 4.40296E-2 4.07443E-2
3.63609E-2 3.19333E-2 2.92631E-2 3.36648E-2 4.3718E-2 5.11721E-2 5.07546E-2 5.28698E-2 5.41774E-2 5.65104E-2 5.86939E-2 5.18561E-2 5.6199E-2 5.47596E-2 5.71745E-2 5.6672E-2 5.7233E-2 5.866E-2 5.88066E-2 5.94618E-2 6.30201E-2 6.45789E-2 6.81416E-2 6.80716E-2 7.28907E-2 7.73166E-2 7.87496E-2 7.52035E-2 6.80585E-2 5.6897E-2 5.49233E-2 4.79878E-2 4.7807E-2 4.97633E-2 5.04233E-2 5.06328E-2 4.75385E-2 4.51883E-2 4.42092E-2 4.32544E-2 4.4521E-2 4.50602E-2 4.65357E-2 4.63852E-2 4.49854E-2 4.55074E-2 4.37457E-2 4.41627E-2 4.34759E-2 4.29015E-2 4.44021E-2 4.5688E-2 4.49733E-2 4.73085E-2 4.43772E-2 4.19201E-2 4.00031E-2 4.07229E-2 4.52401E-2 4.57954E-2 4.34538E-2
