maxent_outputs/hummingbirds/hummingbird_213.asc
ncols         426
nrows         180
xllcorner     -130.0
yllcorner     24.0
cellsize      0.16666666666666666
NODATA_value  -9999
[rows 135 to 161 of 180, columns 122 to 182 of 426]
4.4699E-1 4.82945E-1 4.57379E-1 4.82425E-1 4.40554E-1 4.69434E-1 4.61838E-1 4.77048E-1 4.76803E-1 4.58093E-1 4.7739E-1 4.93961E-1 4.72542E-1 4.54322E-1 4.56415E-1 4.56917E-1 4.50234E-1 4.51513E-1 4.54539E-1 4.53291E-1 4.53341E-1 4.37267E-1 4.26636E-1 4.50175E-1 4.74907E-1 4.67808E-1 4.71792E-1 4.94262E-1 5.33465E-1 4.71136E-1 5.17766E-1 4.98716E-1 4.89377E-1 4.77821E-1 4.73207E-1 4.77915E-1 4.78789E-1 4.79519E-1 4.87811E-1 4.83642E-1 4.84712E-1 4.90193E-1 5.05251E-1 5.28803E-1 5.47505E-1 5.50728E-1 5.46797E-1 5.38215E-1 5.40905E-1 5.35842E-1 5.36778E-1 5.49758E-1 5.57533E-1 5.66512E-1 5.75132E-1 5.80604E-1 5.82456E-1 5.91606E-1 6.02316E-1 6.15783E-1 6.24846E-1
4.59878E-1 4.90163E-1 4.74902E-1 4.97418E-1 4.86271E-1 5.00083E-1 4.59518E-1 4.68774E-1 4.72843E-1 4.6629E-1 4.68308E-1 4.90593E-1 4.92432E-1 4.74083E-1 4.95975E-1 4.6696E-1 4.58112E-1 4.51498E-1 4.61027E-1 4.54994E-1 4.8001E-1 4.54672E-1 4.58551E-1 4.41809E-1 4.66163E-1 4.873E-1 4.79344E-1 5.0541E-1 5.30509E-1 4.99628E-1 4.98809E-1 5.18619E-1 5.03627E-1 4.914E-1 4.87614E-1 4.82996E-1 4.7705E-1 4.81803E-1 4.87238E-1 4.87109E-1 4.87111E-1 4.87016E-1 5.04408E-1 5.29277E-1 5.59848E-1 5.54887E-1 5.52587E-1 5.53842E-1 5.51328E-1 5.51962E-1 5.55051E-1 5.65857E-1 5.76125E-1 5.82366E-1 5.93796E-1 5.98578E-1 6.13153E-1 6.11153E-1 6.20586E-1 6.24094E-1 6.26395E-1
4.56591E-1 4.832E-1 4.67418E-1 4.92725E-1 4.87889E-1 4.94562E-1 4.77343E-1 4.6453E-1 4.68662E-1 4.67965E-1 4.65751E-1 4.98804E-1 5.13094E-1 5.01691E-1 4.9919E-1 5.01502E-1 4.67846E-1 4.65465E-1 4.90469E-1 4.79239E-1 4.83406E-1 4.53551E-1 5.02587E-1 4.63936E-1 4.75681E-1 5.01717E-1 4.8227E-1 4.93681E-1 5.33013E-1 4.94506E-1 4.84664E-1 5.09346E-1 5.17537E-1 5.31714E-1 5.06519E-1 4.87867E-1 4.74929E-1 4.77728E-1 4.89846E-1 4.9665E-1 5.01299E-1 5.07802E-1 5.18975E-1 5.3297E-1 5.50313E-1 5.6015E-1 5.61275E-1 5.53448E-1 5.52835E-1 5.52138E-1 5.54082E-1 5.62407E-1 5.81915E-1 5.90885E-1 6.05439E-1 6.11082E-1 6.18171E-1 6.20517E-1 6.2734E-1 6.30226E-1 6.27871E-1
4.33577E-1 4.70774E-1 4.74208E-1 4.95769E-1 4.89837E-1 4.54212E-1 4.4832E-1 4.55958E-1 4.74414E-1 4.94228E-1 5.00468E-1 5.12979E-1 5.17749E-1 4.93228E-1 4.93708E-1 5.04036E-1 4.73957E-1 4.78526E-1 5.09409E-1 4.86019E-1 4.88866E-1 4.90014E-1 4.74228E-1 5.03247E-1 4.99987E-1 5.13937E-1 4.98986E-1 5.4321E-1 5.05318E-1 5.06257E-1 5.03811E-1 5.25166E-1 5.51434E-1 5.69746E-1 5.35472E-1 5.2046E-1 5.02264E-1 5.03265E-1 5.02011E-1 5.11854E-1 5.19692E-1 5.29205E-1 5.43491E-1 5.4966E-1 5.55871E-1 5.61927E-1 5.61335E-1 5.61852E-1 5.582E-1 5.5767E-1 5.6308E-1 5.65411E-1 5.77888E-1 5.90051E-1 6.08665E-1 6.16844E-1 6.2203E-1 6.2622E-1 6.2695E-1 6.27277E-1 6.29719E-1
4.26496E-1 4.79612E-1 4.85124E-1 4.82665E-1 4.93802E-1 4.72004E-1 4.83388E-1 4.73371E-1 4.82112E-1 4.87465E-1 4.78913E-1 5.08051E-1 5.07547E-1 4.90406E-1 4.8201E-1 4.90023E-1 4.60521E-1 5.06059E-1 4.86365E-1 4.80114E-1 5.00056E-1 4.85781E-1 4.76096E-1 4.99237E-1 5.27079E-1 5.28484E-1 5.06776E-1 5.10669E-1 5.24667E-1 4.95888E-1 4.95735E-1 5.31617E-1 5.53942E-1 5.60367E-1 5.8183E-1 5.68641E-1 5.44946E-1 5.17862E-1 5.11365E-1 5.19242E-1 5.31489E-1 5.38722E-1 5.46799E-1 5.51353E-1 5.56141E-1 5.60238E-1 5.61392E-1 5.66939E-1 5.68716E-1 5.66031E-1 5.685E-1 5.73406E-1 5.84997E-1 5.96355E-1 6.06234E-1 6.20553E-1 6.33004E-1 6.42725E-1 6.40161E-1 6.35246E-1 6.33528E-1
4.34155E-1 4.78966E-1 4.92983E-1 4.92327E-1 4.86245E-1 4.96251E-1 5.08947E-1 5.05206E-1 4.89061E-1 4.83885E-1 4.79857E-1 5.26935E-1 5.20452E-1 4.83412E-1 4.71072E-1 4.92893E-1 4.84323E-1 4.9505E-1 4.92702E-1 5.08553E-1 5.21149E-1 5.16474E-1 5.04622E-1 5.04073E-1 5.05796E-1 5.12112E-1 5.12163E-1 4.92323E-1 5.09048E-1 5.159E-1 4.76608E-1 5.02112E-1 5.5162E-1 5.54881E-1 5.48459E-1 5.67067E-1 5.51282E-1 5.25372E-1 5.32359E-1 5.46415E-1 5.54888E-1 5.5158E-1 5.50362E-1 5.54246E-1 5.52436E-1 5.56042E-1 5.63885E-1 5.6654E-1 5.71876E-1 5.73135E-1 5.76624E-1 5.80749E-1 5.93454E-1 6.02723E-1 6.1349E-1 6.2556E-1 6.39156E-1 6.34101E-1 6.33102E-1 6.30166E-1 6.3378E-1
4.4438E-1 4.86502E-1 4.85344E-1 4.91469E-1 4.67545E-1 4.92384E-1 5.10268E-1 5.03735E-1 5.13188E-1 5.02648E-1 4.83923E-1 5.09179E-1 5.04441E-1 4.83929E-1 4.76514E-1 4.7348E-1 4.95868E-1 4.87829E-1 4.83303E-1 4.94856E-1 5.16546E-1 5.10228E-1 5.26049E-1 4.99156E-1 5.031E-1 5.03723E-1 4.97467E-1 4.79124E-1 5.17651E-1 5.14204E-1 5.15978E-1 4.86132E-1 5.21915E-1 5.22573E-1 5.42989E-1 5.60399E-1 5.4265E-1 5.54542E-1 5.73066E-1 5.69169E-1 5.5823E-1 5.63237E-1 5.68502E-1 5.67029E-1 5.60758E-1 5.60923E-1 5.63191E-1 5.69022E-1 5.69775E-1 5.71318E-1 5.76305E-1 5.85093E-1 5.96209E-1 6.09472E-1 6.24618E-1 6.32222E-1 6.40104E-1 6.38444E-1 6.35027E-1 6.39528E-1 6.53729E-1
4.47429E-1 4.75216E-1 4.83797E-1 4.69584E-1 4.68459E-1 4.90076E-1 4.9271E-1 4.78222E-1 4.94428E-1 5.05574E-1 5.02369E-1 5.03322E-1 4.79624E-1 4.84537E-1 4.84805E-1 4.92767E-1 4.97179E-1 4.98623E-1 4.66523E-1 4.61489E-1 4.81503E-1 4.93482E-1 5.05626E-1 4.99281E-1 4.85516E-1 5.14888E-1 4.99343E-1 4.72714E-1 5.25034E-1 5.06254E-1 5.17407E-1 5.17394E-1 5.10482E-1 4.98747E-1 5.20627E-1 5.57774E-1 5.6951E-1 5.64099E-1 5.35564E-1 5.36695E-1 5.65622E-1 5.67372E-1 5.68555E-1 5.75143E-1 5.72335E-1 5.66876E-1 5.70145E-1 5.70065E-1 5.6931E-1 5.75817E-1 5.83735E-1 5.92827E-1 6.04814E-1 6.21066E-1 6.33265E-1 6.37629E-1 6.4634E-1 6.4303E-1 6.4541E-1 6.4822E-1 6.54943E-1
4.37591E-1 4.67251E-1 4.85327E-1 4.54025E-1 4.64719E-1 4.70808E-1 4.71597E-1 4.79998E-1 4.63941E-1 4.96915E-1 5.04044E-1 5.05482E-1 4.81568E-1 4.8964E-1 4.91665E-1 4.97996E-1 5.06808E-1 5.15411E-1 4.99227E-1 4.58763E-1 4.46464E-1 4.8852E-1 4.79676E-1 4.81957E-1 4.85534E-1 5.0717E-1 5.13629E-1 4.73728E-1 5.12438E-1 5.11027E-1 5.24701E-1 5.3982E-1 5.29535E-1 5.17305E-1 5.31042E-1 5.54106E-1 5.54713E-1 5.50303E-1 5.45083E-1 5.55872E-1 5.70262E-1 5.7271E-1 5.75205E-1 5.86546E-1 5.78351E-1 5.68471E-1 5.72806E-1 5.7032E-1 5.77929E-1 5.90619E-1 6.01078E-1 6.16493E-1 6.26368E-1 6.335E-1 6.46619E-1 6.50496E-1 6.56416E-1 6.5841E-1 6.62029E-1 6.60806E-1 6.64157E-1
4.30216E-1 4.58345E-1 4.67335E-1 4.62999E-1 4.60164E-1 4.55508E-1 4.6231E-1 4.6704E-1 4.55977E-1 4.90891E-1 4.81259E-1 4.72579E-1 4.94087E-1 5.05744E-1 4.96812E-1 5.15539E-1 5.09251E-1 4.97429E-1 4.93753E-1 4.63326E-1 4.73079E-1 4.76765E-1 4.81151E-1 4.7949E-1 5.0011E-1 5.16778E-1 5.21394E-1 5.06189E-1 5.12293E-1 5.26318E-1 5.26178E-1 5.56866E-1 5.26938E-1 5.30052E-1 5.44956E-1 5.40353E-1 5.34894E-1 5.45178E-1 5.54637E-1 5.72664E-1 5.68291E-1 5.7288E-1 5.69594E-1 5.80294E-1 5.83529E-1 5.81454E-1 5.79492E-1 5.81224E-1 5.93979E-1 6.01025E-1 6.09923E-1 6.26028E-1 6.36624E-1 6.49023E-1 6.61711E-1 6.57497E-1 6.64046E-1 6.72283E-1 6.75077E-1 6.74531E-1 6.78412E-1
4.17222E-1 4.37046E-1 4.62834E-1 4.55537E-1 4.59073E-1 4.56531E-1 4.54117E-1 4.59735E-1 4.43138E-1 4.77107E-1 4.71605E-1 4.49306E-1 4.90827E-1 5.03335E-1 4.99376E-1 5.14252E-1 5.05284E-1 4.98185E-1 4.95153E-1 4.71873E-1 4.82385E-1 4.67307E-1 4.89334E-1 4.89918E-1 4.98876E-1 5.15022E-1 4.86036E-1 5.14581E-1 5.07526E-1 5.23381E-1 4.98648E-1 5.36949E-1 5.428E-1 5.32632E-1 5.4017E-1 5.22805E-1 5.33749E-1 5.58203E-1 5.65865E-1 5.56124E-1 5.70141E-1 5.93273E-1 6.04428E-1 6.0889E-1 6.01965E-1 5.85074E-1 5.9379E-1 5.97348E-1 6.08634E-1 6.18128E-1 6.27762E-1 6.34737E-1 6.44421E-1 6.54091E-1 6.68108E-1 6.70415E-1 6.78484E-1 6.8081E-1 6.9367E-1 6.98747E-1 7.07061E-1
4.24299E-1 4.28275E-1 4.59753E-1 4.54581E-1 4.59296E-1 4.72542E-1 4.6705E-1 4.36772E-1 4.47552E-1 4.47372E-1 4.4929E-1 4.43286E-1 4.68443E-1 4.98199E-1 4.90898E-1 4.96915E-1 4.88262E-1 4.95345E-1 4.92407E-1 4.89239E-1 4.85753E-1 4.72621E-1 4.87524E-1 5.02571E-1 4.93861E-1 5.07696E-1 4.99386E-1 5.11466E-1 4.93434E-1 5.10386E-1 4.82977E-1 5.1585E-1 5.42842E-1 5.65731E-1 5.58208E-1 5.52712E-1 5.48451E-1 5.66799E-1 5.68859E-1 5.74265E-1 5.95758E-1 6.14946E-1 6.1978E-1 6.17441E-1 6.17557E-1 5.88825E-1 5.94745E-1 6.06276E-1 6.20553E-1 6.18747E-1 6.437E-1 6.46313E-1 6.5303E-1 6.5899E-1 6.74492E-1 6.79406E-1 6.82154E-1 6.91524E-1 6.98796E-1 7.1022E-1 7.16681E-1
4.31868E-1 4.30367E-1 4.57618E-1 4.60035E-1 4.64891E-1 4.72754E-1 4.62607E-1 4.68276E-1 4.66347E-1 4.27066E-1 4.15996E-1 4.14322E-1 4.47426E-1 4.90376E-1 4.85691E-1 4.78689E-1 4.63263E-1 4.74083E-1 4.983E-1 4.97299E-1 4.8668E-1 4.89191E-1 4.83431E-1 5.01185E-1 5.0894E-1 5.13284E-1 5.06859E-1 5.06381E-1 5.02726E-1 5.30205E-1 5.095E-1 5.22915E-1 5.47869E-1 5.88208E-1 5.77178E-1 5.81546E-1 5.67984E-1 5.92161E-1 5.89144E-1 5.90255E-1 6.18194E-1 6.05689E-1 6.125E-1 6.20695E-1 6.46254E-1 6.49469E-1 6.15928E-1 6.20347E-1 6.2945E-1 6.24922E-1 6.35305E-1 6.45821E-1 6.51292E-1 6.57856E-1 6.70643E-1 6.79438E-1 6.82645E-1 6.92226E-1 7.06798E-1 7.00563E-1 7.05063E-1
4.43093E-1 4.38746E-1 4.61309E-1 4.44068E-1 4.61321E-1 4.59954E-1 4.54572E-1 4.49746E-1 4.49138E-1 4.22622E-1 4.14206E-1 4.118E-1 4.55224E-1 4.85277E-1 4.78037E-1 4.66554E-1 4.56607E-1 4.5626E-1 4.74149E-1 5.01088E-1 4.80996E-1 5.18392E-1 4.86207E-1 4.89512E-1 4.94866E-1 5.02358E-1 5.05205E-1 5.02304E-1 5.11095E-1 5.20295E-1 5.39345E-1 5.25221E-1 5.56602E-1 5.84592E-1 5.89351E-1 5.74162E-1 5.69934E-1 6.07339E-1 6.29707E-1 5.98649E-1 6.20375E-1 6.31453E-1 6.18818E-1 6.08074E-1 6.31608E-1 6.46914E-1 6.54392E-1 6.51776E-1 6.40703E-1 6.29014E-1 6.24461E-1 6.26921E-1 6.44934E-1 6.56672E-1 6.69756E-1 6.79027E-1 6.83503E-1 6.89382E-1 6.90987E-1 6.96982E-1 6.95725E-1
4.44779E-1 4.46505E-1 4.49099E-1 4.39698E-1 4.39023E-1 4.61609E-1 4.60983E-1 4.4847E-1 4.3901E-1 4.17772E-1 4.297E-1 4.35386E-1 4.61008E-1 4.83057E-1 4.82979E-1 4.7307E-1 4.65283E-1 4.52624E-1 4.71184E-1 4.99497E-1 4.83163E-1 5.12564E-1 4.92092E-1 5.11459E-1 4.96929E-1 5.10021E-1 5.2008E-1 4.93372E-1 5.04371E-1 4.91704E-1 5.11772E-1 5.43885E-1 5.6446E-1 5.67367E-1 5.84434E-1 5.71382E-1 5.89468E-1 5.98273E-1 6.07706E-1 6.05383E-1 5.97061E-1 6.1806E-1 6.28985E-1 6.11504E-1 6.28187E-1 6.43993E-1 6.46649E-1 6.5017E-1 6.55319E-1 6.43304E-1 6.13713E-1 6.09432E-1 6.30297E-1 6.53815E-1 6.69672E-1 6.74803E-1 6.85198E-1 6.96777E-1 6.90747E-1 6.92074E-1 6.95551E-1
4.45819E-1 4.24165E-1 4.26008E-1 4.30291E-1 4.27833E-1 4.4918E-1 4.55006E-1 4.28662E-1 4.04071E-1 4.21758E-1 4.17655E-1 4.25658E-1 4.64653E-1 4.84667E-1 4.93584E-1 4.82734E-1 4.6711E-1 4.41661E-1 4.55684E-1 4.86196E-1 4.92445E-1 5.16884E-1 5.28633E-1 5.16259E-1 5.17178E-1 5.14959E-1 5.24787E-1 4.9735E-1 4.91795E-1 4.88379E-1 5.16922E-1 5.52208E-1 5.59461E-1 5.54478E-1 5.85449E-1 5.95812E-1 5.92395E-1 5.97166E-1 5.93789E-1 6.11947E-1 5.8809E-1 5.93037E-1 6.2836E-1 6.19462E-1 6.19061E-1 6.34884E-1 6.37911E-1 6.48661E-1 6.51169E-1 6.46505E-1 6.11023E-1 5.99445E-1 6.19339E-1 6.41939E-1 6.65768E-1 6.73578E-1 6.81386E-1 6.83199E-1 6.89508E-1 6.95737E-1 6.92506E-1
4.58319E-1 4.17129E-1 4.12586E-1 4.18774E-1 4.09421E-1 4.34562E-1 4.19017E-1 4.05491E-1 3.85683E-1 4.07192E-1 4.20443E-1 4.3111E-1 4.57803E-1 4.81388E-1 4.96844E-1 4.77505E-1 4.69507E-1 4.73178E-1 4.64416E-1 4.74201E-1 4.96232E-1 5.24059E-1 5.39043E-1 5.22007E-1 5.22988E-1 5.19165E-1 5.0766E-1 5.09763E-1 5.10253E-1 5.08909E-1 5.12952E-1 5.3631E-1 5.64847E-1 5.49808E-1 5.59835E-1 5.9979E-1 6.23051E-1 6.10485E-1 6.04058E-1 6.01688E-1 5.97261E-1 5.75419E-1 6.06907E-1 6.0723E-1 6.2264E-1 6.3788E-1 6.2836E-1 6.36686E-1 6.42184E-1 6.25394E-1 5.90888E-1 5.89241E-1 6.09134E-1 6.30918E-1 6.61089E-1 6.76742E-1 6.83664E-1 6.85378E-1 6.9604E-1 7.00327E-1 7.01707E-1
4.64236E-1 4.28395E-1 4.09975E-1 4.16948E-1 3.98346E-1 4.12076E-1 3.84085E-1 3.82733E-1 3.78737E-1 3.90199E-1 4.18271E-1 4.4891E-1 4.54949E-1 4.78855E-1 4.78889E-1 4.95106E-1 4.71014E-1 4.91781E-1 4.69978E-1 4.67214E-1 4.8715E-1 5.15876E-1 5.13398E-1 5.31366E-1 5.03738E-1 5.05254E-1 5.20031E-1 5.08546E-1 5.05109E-1 5.17277E-1 5.25055E-1 5.20011E-1 5.44098E-1 5.58182E-1 5.63046E-1 5.82954E-1 6.23362E-1 6.28418E-1 5.95039E-1 5.93582E-1 6.0249E-1 5.95536E-1 6.17504E-1 5.95316E-1 6.23034E-1 6.1891E-1 6.20003E-1 6.193E-1 6.12967E-1 6.00937E-1 5.66865E-1 5.7496E-1 5.92442E-1 6.13882E-1 6.48995E-1 6.62081E-1 6.73705E-1 6.91171E-1 6.98019E-1 7.08188E-1 7.05498E-1
4.70538E-1 4.32836E-1 4.30847E-1 4.13736E-1 3.78548E-1 3.95274E-1 3.89993E-1 3.83224E-1 3.81497E-1 3.91683E-1 4.2226E-1 4.53116E-1 4.61874E-1 4.74294E-1 4.71205E-1 4.75448E-1 4.71497E-1 4.77261E-1 4.72564E-1 4.78411E-1 4.77237E-1 4.88609E-1 5.15206E-1 5.33414E-1 5.15454E-1 5.11457E-1 5.19672E-1 5.29552E-1 5.28747E-1 5.06964E-1 5.138E-1 5.22659E-1 5.43985E-1 5.68436E-1 5.80491E-1 5.92268E-1 6.05935E-1 6.09671E-1 5.91177E-1 6.15529E-1 6.00278E-1 5.98077E-1 6.18245E-1 5.89671E-1 6.12765E-1 6.45391E-1 6.27102E-1 5.97171E-1 5.82926E-1 5.6917E-1 5.47947E-1 5.65046E-1 5.82608E-1 5.98677E-1 6.23313E-1 6.41958E-1 6.60611E-1 6.83635E-1 6.96605E-1 7.08827E-1 7.07707E-1
4.76286E-1 4.52749E-1 4.39245E-1 4.07856E-1 4.05796E-1 3.96002E-1 4.41801E-1 4.34504E-1 3.75464E-1 3.94085E-1 4.21515E-1 4.44454E-1 4.57007E-1 4.66893E-1 4.74531E-1 4.54754E-1 4.56285E-1 4.87191E-1 4.74579E-1 4.73071E-1 4.79416E-1 4.93987E-1 5.10289E-1 5.29711E-1 5.47792E-1 5.29891E-1 5.53149E-1 5.28735E-1 5.33126E-1 5.38435E-1 5.29182E-1 5.25365E-1 5.63324E-1 5.8814E-1 5.9086E-1 5.95844E-1 6.09241E-1 6.12515E-1 5.91811E-1 6.19658E-1 6.10661E-1 6.10667E-1 6.12466E-1 6.06557E-1 6.14568E-1 6.42283E-1 6.32649E-1 6.1543E-1 5.86577E-1 5.76827E-1 5.67419E-1 5.78059E-1 5.9181E-1 6.046E-1 6.18475E-1 6.33117E-1 6.50765E-1 6.72984E-1 6.90317E-1 6.99364E-1 7.04665E-1
4.86322E-1 4.58707E-1 4.45663E-1 4.26764E-1 4.2765E-1 4.60222E-1 4.7496E-1 4.86118E-1 4.23021E-1 4.06234E-1 4.26081E-1 4.34229E-1 4.45522E-1 4.64368E-1 4.62653E-1 4.57399E-1 4.46686E-1 4.78189E-1 4.76325E-1 4.71802E-1 4.8211E-1 4.97531E-1 5.19981E-1 5.41852E-1 5.43916E-1 5.31093E-1 5.48936E-1 5.34865E-1 5.59235E-1 5.54168E-1 5.36766E-1 5.43523E-1 5.50861E-1 5.78822E-1 5.86432E-1 6.0471E-1 6.05045E-1 6.03785E-1 6.01498E-1 6.16651E-1 6.08657E-1 6.0222E-1 6.09149E-1 6.16445E-1 6.17337E-1 6.31639E-1 6.28271E-1 5.99839E-1 5.96486E-1 5.99271E-1 6.00428E-1 6.10377E-1 6.22712E-1 6.34193E-1 6.3607E-1 6.42508E-1 6.57703E-1 6.66446E-1 6.83193E-1 6.91899E-1 7.00093E-1
4.85478E-1 4.46872E-1 4.46468E-1 4.4271E-1 4.55952E-1 4.72487E-1 4.7963E-1 4.92718E-1 4.5318E-1 4.52592E-1 4.53034E-1 4.35983E-1 4.42665E-1 4.5011E-1 4.64814E-1 4.46501E-1 4.68804E-1 4.67912E-1 4.70623E-1 4.74852E-1 4.8646E-1 4.97075E-1 5.27754E-1 5.34754E-1 5.31051E-1 5.34772E-1 5.40521E-1 5.49738E-1 5.52576E-1 5.55281E-1 5.56743E-1 5.66222E-1 5.63775E-1 5.74826E-1 5.8044E-1 6.19888E-1 6.17471E-1 5.9394E-1 6.06446E-1 6.0805E-1 6.13476E-1 5.97994E-1 5.9831E-1 6.21175E-1 6.19119E-1 6.21877E-1 6.60289E-1 6.35691E-1 6.17368E-1 6.2353E-1 6.31373E-1 6.37511E-1 6.52707E-1 6.63072E-1 6.67207E-1 6.56952E-1 6.69814E-1 6.68211E-1 6.70845E-1 6.84571E-1 6.94886E-1
4.87404E-1 4.58301E-1 4.34609E-1 4.62112E-1 4.734E-1 4.80535E-1 4.39424E-1 4.61521E-1 4.64658E-1 4.63058E-1 4.52706E-1 4.53951E-1 4.54058E-1 4.59855E-1 4.67859E-1 4.56946E-1 4.67541E-1 4.73406E-1 4.66207E-1 4.77461E-1 4.90289E-1 5.00464E-1 5.12211E-1 5.29948E-1 5.33881E-1 5.26082E-1 5.44133E-1 5.48537E-1 5.43365E-1 5.47078E-1 5.62229E-1 5.59185E-1 5.56368E-1 5.79021E-1 6.01942E-1 6.06535E-1 6.2795E-1 6.07542E-1 5.97635E-1 6.02313E-1 6.0914E-1 6.09154E-1 6.07551E-1 6.1045E-1 6.23503E-1 6.34253E-1 6.36411E-1 6.38452E-1 6.60277E-1 6.51708E-1 6.40487E-1 6.43856E-1 6.56605E-1 6.73713E-1 6.76952E-1 6.69494E-1 6.76776E-1 6.75758E-1 6.6656E-1 6.73975E-1 6.83968E-1
5.17028E-1 4.7156E-1 4.4663E-1 4.69724E-1 4.76064E-1 4.80644E-1 4.71156E-1 4.85859E-1 4.55938E-1 4.47531E-1 4.50587E-1 4.73835E-1 4.6923E-1 4.67642E-1 4.67289E-1 4.61523E-1 4.70457E-1 4.84399E-1 4.89234E-1 4.8106E-1 4.92632E-1 5.00073E-1 5.39455E-1 5.47692E-1 5.57949E-1 5.48175E-1 5.20294E-1 5.32385E-1 5.44314E-1 5.54853E-1 5.52477E-1 5.45121E-1 5.68381E-1 5.81273E-1 6.08813E-1 6.0923E-1 6.3104E-1 6.24465E-1 6.17113E-1 6.08232E-1 6.07708E-1 6.26779E-1 6.26179E-1 6.13232E-1 6.36947E-1 6.37785E-1 6.43624E-1 6.26029E-1 6.56333E-1 6.46925E-1 6.43747E-1 6.49018E-1 6.5773E-1 6.70949E-1 6.75329E-1 6.72238E-1 6.79019E-1 6.91454E-1 6.91276E-1 6.83182E-1 6.83145E-1
5.22576E-1 4.92334E-1 4.82029E-1 4.96995E-1 4.93739E-1 4.92274E-1 4.74582E-1 4.80066E-1 4.56376E-1 4.31223E-1 4.5601E-1 4.78416E-1 4.73573E-1 4.67202E-1 4.60939E-1 4.56232E-1 4.67471E-1 4.84024E-1 4.89899E-1 5.0711E-1 5.17258E-1 5.34059E-1 5.41513E-1 5.40306E-1 5.35089E-1 5.33344E-1 5.14857E-1 5.28031E-1 5.43968E-1 5.58544E-1 5.43285E-1 5.55991E-1 5.82315E-1 5.92376E-1 6.0991E-1 6.16624E-1 6.31791E-1 6.30634E-1 6.16931E-1 6.1021E-1 6.12747E-1 6.28123E-1 6.24304E-1 6.27674E-1 6.37268E-1 6.30714E-1 6.58087E-1 6.48988E-1 6.48229E-1 6.59102E-1 6.4259E-1 6.4287E-1 6.43984E-1 6.61547E-1 6.64643E-1 6.58425E-1 6.68629E-1 6.90211E-1 6.98361E-1 6.89205E-1 6.96831E-1
5.45762E-1 5.31586E-1 5.36318E-1 5.56011E-1 5.19739E-1 4.97073E-1 4.52492E-1 4.74853E-1 4.43454E-1 4.21841E-1 4.85552E-1 4.68755E-1 4.74484E-1 4.65936E-1 4.47202E-1 4.52031E-1 4.5921E-1 4.71119E-1 4.67672E-1 5.01168E-1 5.09642E-1 5.12514E-1 5.14228E-1 4.9986E-1 5.00884E-1 5.10266E-1 5.22062E-1 5.12469E-1 5.24249E-1 5.52539E-1 5.37909E-1 5.48863E-1 5.85915E-1 5.90202E-1 6.17316E-1 6.34982E-1 6.44432E-1 6.37144E-1 6.03761E-1 6.17847E-1 6.29437E-1 6.3417E-1 6.22477E-1 6.37825E-1 6.24684E-1 6.51746E-1 6.66816E-1 6.58407E-1 6.37834E-1 6.44019E-1 6.50381E-1 6.57761E-1 6.44202E-1 6.34783E-1 6.36415E-1 6.19966E-1 6.49253E-1 6.85748E-1 6.96276E-1 6.93112E-1 6.96763E-1
5.55475E-1 5.59164E-1 5.73168E-1 5.6643E-1 5.4922E-1 5.14935E-1 4.86439E-1 4.8104E-1 4.68135E-1 4.56567E-1 4.93505E-1 5.02383E-1 4.78482E-1 4.57244E-1 4.47045E-1 4.46022E-1 4.42942E-1 4.39113E-1 4.55097E-1 4.91517E-1 4.92208E-1 4.93363E-1 5.11003E-1 5.00303E-1 4.92839E-1 5.03622E-1 5.29823E-1 5.20549E-1 5.25012E-1 5.31223E-1 5.56643E-1 5.60343E-1 5.93278E-1 6.1522E-1 6.21344E-1 6.35739E-1 6.30293E-1 6.07683E-1 6.22279E-1 6.12899E-1 6.23892E-1 6.34411E-1 6.49051E-1 6.53787E-1 6.50318E-1 6.63689E-1 6.77575E-1 6.69481E-1 6.39404E-1 6.35426E-1 6.41648E-1 6.69831E-1 6.69874E-1 6.42474E-1 6.20717E-1 6.15465E-1 6.376E-1 6.71056E-1 6.86143E-1 6.91924E-1 6.95693E-1
