maxent_outputs/hummingbirds/hummingbird_312.asc
ncols         426
nrows         180
xllcorner     -130.0
yllcorner     24.0
cellsize      0.16666666666666666
NODATA_value  -9999
[rows 81 to 107 of 180, columns 61 to 121 of 426]
1.96164E-1 1.86698E-1 1.99495E-1 1.76901E-1 1.66311E-1 1.83194E-1 1.72878E-1 1.49293E-1 1.55345E-1 1.41319E-1 1.50709E-1 1.56938E-1 1.3733E-1 1.33991E-1 1.34737E-1 1.34046E-1 1.29746E-1 1.1962E-1 1.16161E-1 1.14857E-1 1.02535E-1 9.83125E-2 8.79937E-2 8.40951E-2 8.33073E-2 8.0111E-2 8.04105E-2 8.07189E-2 8.15184E-2 8.13653E-2 8.02441E-2 7.55911E-2 6.9787E-2 8.1827E-2 1.15004E-1 1.26876E-1 1.35772E-1 1.30014E-1 1.23359E-1 1.19673E-1 1.15711E-1 1.01862E-1 8.81784E-2 7.02668E-2 7.80252E-2 6.41545E-2 7.22633E-2 9.05973E-2 8.00283E-2 5.81304E-2 5.20915E-2 4.90916E-2 4.50927E-2 4.75968E-2 5.11254E-2 5.48955E-2 5.00293E-2 4.87776E-2 4.96248E-2 4.6085E-2 4.50066E-2
2.13431E-1 2.33676E-1 2.00505E-1 1.92561E-1 1.59857E-1 1.75623E-1 1.64356E-1 1.72168E-1 1.6342E-1 1.5016E-1 1.53668E-1 1.37958E-1 1.51203E-1 1.55145E-1 1.39324E-1 1.39061E-1 1.36336E-1 1.18675E-1 1.32684E-1 1.12123E-1 1.02868E-1 9.51943E-2 8.51521E-2 8.47081E-2 8.05889E-2 7.56933E-2 8.95878E-2 8.32218E-2 7.51053E-2 7.55398E-2 7.62949E-2 7.81678E-2 7.82383E-2 8.32856E-2 9.80806E-2 1.06451E-1 1.20207E-1 1.18905E-1 1.21011E-1 1.15647E-1 1.14616E-1 1.06363E-1 8.80713E-2 7.56939E-2 7.00562E-2 7.47463E-2 7.01464E-2 9.07979E-2 1.17366E-1 6.88995E-2 5.52805E-2 4.4838E-2 4.30187E-2 5.02335E-2 5.50273E-2 6.37046E-2 5.50954E-2 4.79844E-2 4.43949E-2 4.02906E-2 3.9426E-2
1.90719E-1 3.79258E-1 2.30532E-1 1.83022E-1 1.55178E-1 1.67083E-1 1.73972E-1 1.72692E-1 1.61004E-1 1.617E-1 1.45208E-1 1.41688E-1 1.6449E-1 1.57677E-1 1.34977E-1 1.29005E-1 1.22215E-1 1.22526E-1 1.19444E-1 9.83721E-2 9.57607E-2 8.77332E-2 8.48293E-2 7.46964E-2 8.62409E-2 8.09826E-2 9.34649E-2 7.46555E-2 6.68946E-2 5.99317E-2 7.58575E-2 7.38139E-2 7.28527E-2 7.96173E-2 8.65717E-2 8.60109E-2 1.10322E-1 1.15492E-1 1.17141E-1 1.11841E-1 9.82637E-2 9.59661E-2 9.22223E-2 7.88869E-2 7.28683E-2 7.37128E-2 7.48206E-2 9.43461E-2 7.79886E-2 7.06239E-2 5.82052E-2 4.60304E-2 4.08004E-2 4.99425E-2 6.26153E-2 6.30886E-2 5.53313E-2 4.60556E-2 4.49722E-2 4.33584E-2 4.08192E-2
1.67624E-1 2.32302E-1 2.60856E-1 2.02171E-1 1.84427E-1 1.8742E-1 1.81646E-1 1.73125E-1 1.58805E-1 1.50886E-1 1.56844E-1 1.93974E-1 1.4979E-1 1.45275E-1 1.09578E-1 1.23309E-1 1.24444E-1 1.09554E-1 9.71215E-2 8.4362E-2 8.36462E-2 8.62155E-2 8.65605E-2 7.39216E-2 8.278E-2 8.16019E-2 7.82374E-2 7.31535E-2 6.5613E-2 7.72493E-2 8.01137E-2 6.6731E-2 6.69485E-2 8.02428E-2 7.97647E-2 6.62026E-2 1.10201E-1 1.11051E-1 1.2044E-1 1.1268E-1 1.05502E-1 9.04138E-2 9.44671E-2 8.43775E-2 6.75108E-2 6.73393E-2 7.26917E-2 7.87114E-2 6.7004E-2 5.81792E-2 5.67781E-2 5.01042E-2 3.75255E-2 4.26967E-2 4.88652E-2 5.34542E-2 5.72233E-2 5.33991E-2 5.06858E-2 5.02242E-2 4.77905E-2
1.65277E-1 1.64217E-1 1.64946E-1 1.94854E-1 1.95828E-1 1.86986E-1 1.71972E-1 1.59949E-1 1.4513E-1 1.5103E-1 1.84403E-1 1.72948E-1 1.35193E-1 1.15627E-1 1.13362E-1 1.19844E-1 1.13003E-1 9.08592E-2 1.05241E-1 8.72419E-2 7.7675E-2 7.98269E-2 8.166E-2 7.33705E-2 7.89464E-2 7.91884E-2 6.21E-2 6.79739E-2 6.51299E-2 6.82517E-2 8.14809E-2 7.04742E-2 8.61426E-2 7.98817E-2 7.10879E-2 8.01139E-2 1.07312E-1 1.04462E-1 1.15003E-1 1.06606E-1 9.40691E-2 9.14356E-2 8.99724E-2 8.27139E-2 8.13733E-2 7.43452E-2 7.07997E-2 6.99916E-2 6.42485E-2 5.30416E-2 4.83622E-2 3.79479E-2 3.65917E-2 5.22986E-2 4.94952E-2 4.89873E-2 5.41763E-2 5.96817E-2 6.33052E-2 5.93627E-2 4.92397E-2
1.88391E-1 1.8669E-1 1.83853E-1 1.86463E-1 1.8447E-1 1.69058E-1 1.59089E-1 1.49837E-1 1.47298E-1 1.43045E-1 1.60596E-1 1.16166E-1 1.05746E-1 1.02649E-1 1.00682E-1 1.09454E-1 1.01098E-1 9.00049E-2 8.77888E-2 8.20197E-2 6.34851E-2 6.6541E-2 7.28683E-2 7.17752E-2 7.58329E-2 7.63857E-2 5.82561E-2 6.34264E-2 5.97278E-2 7.24663E-2 7.88474E-2 6.62816E-2 8.85816E-2 7.56705E-2 8.97756E-2 1.04605E-1 1.07743E-1 1.12305E-1 1.13288E-1 1.01102E-1 9.86461E-2 9.57268E-2 9.01682E-2 8.00709E-2 8.08103E-2 8.87773E-2 7.34912E-2 6.5313E-2 6.23414E-2 5.69964E-2 5.24222E-2 3.65472E-2 4.68905E-2 6.23717E-2 6.16226E-2 5.89403E-2 6.06569E-2 4.52683E-2 7.06082E-2 5.96433E-2 5.0158E-2
1.63003E-1 1.61823E-1 1.77613E-1 1.77475E-1 1.77628E-1 1.63389E-1 1.58658E-1 1.58958E-1 1.60541E-1 1.52506E-1 1.5289E-1 1.2502E-1 9.42405E-2 9.53675E-2 8.72861E-2 9.6845E-2 8.61654E-2 1.06767E-1 9.60058E-2 7.3025E-2 6.88381E-2 6.49122E-2 7.17341E-2 7.25653E-2 7.18433E-2 6.27746E-2 5.83686E-2 5.49827E-2 5.60136E-2 6.9474E-2 7.03061E-2 5.56828E-2 9.19541E-2 6.01715E-2 9.49998E-2 9.75296E-2 1.1513E-1 1.11655E-1 1.06592E-1 9.83484E-2 1.01873E-1 9.58509E-2 8.05324E-2 8.06102E-2 8.12329E-2 8.26277E-2 6.93987E-2 6.80508E-2 5.95647E-2 5.13147E-2 4.3948E-2 4.06145E-2 5.57766E-2 5.91312E-2 5.40201E-2 6.72438E-2 7.01501E-2 6.98864E-2 8.39871E-2 6.61077E-2 4.5349E-2
1.54125E-1 1.68305E-1 1.64221E-1 1.80475E-1 1.6031E-1 1.56329E-1 1.62941E-1 1.59634E-1 1.64094E-1 1.3633E-1 1.29888E-1 1.15813E-1 8.94114E-2 8.4834E-2 8.72662E-2 8.45369E-2 9.03085E-2 1.03911E-1 8.39004E-2 6.94714E-2 6.62904E-2 6.84423E-2 6.75139E-2 6.08495E-2 6.46349E-2 6.08343E-2 4.85531E-2 4.55024E-2 5.61351E-2 6.0672E-2 5.50572E-2 5.77411E-2 9.0332E-2 5.66797E-2 9.04604E-2 9.78241E-2 1.02037E-1 1.15993E-1 1.02438E-1 1.08304E-1 1.01355E-1 8.59703E-2 7.79677E-2 7.99815E-2 7.42957E-2 7.83881E-2 7.20967E-2 7.2674E-2 6.64797E-2 5.05942E-2 3.6355E-2 4.65906E-2 6.81624E-2 5.40894E-2 6.20213E-2 6.97022E-2 7.33407E-2 8.38746E-2 9.12019E-2 7.83965E-2 4.6334E-2
1.52075E-1 1.32651E-1 1.40954E-1 1.65932E-1 1.43199E-1 1.5735E-1 1.65098E-1 1.57129E-1 1.4557E-1 1.39941E-1 1.28752E-1 1.20092E-1 8.53153E-2 7.36668E-2 7.90637E-2 7.93283E-2 1.03736E-1 9.22315E-2 6.23217E-2 6.59434E-2 5.98176E-2 6.64634E-2 6.87025E-2 6.71717E-2 7.23955E-2 6.70534E-2 5.07313E-2 5.642E-2 6.26706E-2 5.72383E-2 5.1475E-2 7.25982E-2 8.19235E-2 8.517E-2 1.04111E-1 1.04914E-1 1.14171E-1 9.9669E-2 1.13533E-1 1.1916E-1 1.25174E-1 9.58379E-2 8.03127E-2 7.63907E-2 6.69813E-2 7.32271E-2 6.6628E-2 6.80319E-2 6.39688E-2 4.76436E-2 3.63143E-2 5.85815E-2 6.30263E-2 5.73252E-2 6.8675E-2 7.47197E-2 8.53546E-2 8.33267E-2 8.34805E-2 8.18795E-2 7.57643E-2
1.43602E-1 1.28775E-1 1.3239E-1 1.56968E-1 1.54079E-1 1.53179E-1 1.57278E-1 1.55495E-1 1.62192E-1 1.55418E-1 1.50077E-1 1.4132E-1 9.26431E-2 8.23275E-2 6.29759E-2 7.08058E-2 1.01934E-1 7.65499E-2 6.60646E-2 5.86505E-2 6.50103E-2 7.29173E-2 7.20134E-2 6.93967E-2 7.43828E-2 7.53272E-2 5.93686E-2 6.7083E-2 7.47523E-2 6.4265E-2 5.23794E-2 7.17527E-2 7.43424E-2 6.08506E-2 9.51458E-2 9.83597E-2 1.0595E-1 9.73675E-2 1.13262E-1 1.16658E-1 1.27874E-1 1.02326E-1 8.00443E-2 7.35845E-2 7.55687E-2 6.75182E-2 6.43206E-2 6.92726E-2 6.23357E-2 5.03556E-2 4.77149E-2 7.21389E-2 6.69767E-2 6.36719E-2 6.53829E-2 6.87563E-2 8.49294E-2 7.02286E-2 7.35958E-2 7.23066E-2 6.88342E-2
1.26962E-1 1.11289E-1 1.35352E-1 1.42292E-1 1.47572E-1 1.43347E-1 2.0019E-1 1.66934E-1 1.28667E-1 1.36413E-1 1.43306E-1 1.32333E-1 1.06451E-1 8.79033E-2 6.22072E-2 7.51884E-2 1.03949E-1 5.77347E-2 6.53716E-2 5.49272E-2 6.61117E-2 7.55228E-2 7.40784E-2 6.78221E-2 8.13648E-2 7.81637E-2 7.76641E-2 7.6773E-2 8.05275E-2 6.69896E-2 6.06485E-2 7.64394E-2 7.54732E-2 7.17579E-2 9.43349E-2 9.09097E-2 8.99807E-2 9.63614E-2 1.03233E-1 1.03295E-1 1.02169E-1 8.57824E-2 8.45608E-2 8.16328E-2 7.32236E-2 5.71653E-2 7.34242E-2 5.62873E-2 4.19773E-2 3.73525E-2 6.13891E-2 8.52404E-2 7.87542E-2 7.49935E-2 6.92511E-2 8.41866E-2 7.01903E-2 7.15598E-2 7.9709E-2 7.40894E-2 7.55778E-2
1.00649E-1 1.03134E-1 1.1116E-1 1.01281E-1 9.96156E-2 1.31691E-1 1.30339E-1 1.79543E-1 1.6095E-1 1.48774E-1 1.24876E-1 1.1461E-1 1.08136E-1 1.27585E-1 1.19029E-1 1.121E-1 9.14858E-2 7.29161E-2 6.10447E-2 7.86434E-2 8.10905E-2 8.53209E-2 8.13353E-2 7.99095E-2 7.97434E-2 6.9325E-2 6.90208E-2 8.11899E-2 8.56414E-2 8.25432E-2 7.80074E-2 7.25599E-2 8.82472E-2 8.45215E-2 8.55095E-2 8.16117E-2 8.59949E-2 9.19801E-2 1.01697E-1 9.78669E-2 8.37483E-2 7.8605E-2 8.35228E-2 7.36599E-2 6.07049E-2 7.25525E-2 5.86483E-2 4.24832E-2 3.80994E-2 3.97133E-2 6.01222E-2 8.23209E-2 8.35563E-2 9.67485E-2 9.15697E-2 6.8441E-2 6.57348E-2 6.63343E-2 8.6751E-2 8.72448E-2 8.68519E-2
1.03526E-1 7.56218E-2 7.48719E-2 7.09807E-2 1.08763E-1 1.15097E-1 9.39303E-2 1.39895E-1 1.33525E-1 1.34656E-1 1.62906E-1 1.0725E-1 1.30774E-1 1.43542E-1 1.41946E-1 1.20952E-1 1.00631E-1 8.84965E-2 7.25827E-2 8.89596E-2 8.47639E-2 8.37105E-2 8.29949E-2 8.62244E-2 6.71121E-2 7.14543E-2 7.65329E-2 8.61977E-2 8.7821E-2 8.90431E-2 9.20644E-2 7.93742E-2 9.06266E-2 8.69065E-2 8.49063E-2 8.30591E-2 8.65302E-2 9.23847E-2 9.74127E-2 9.34871E-2 8.53661E-2 8E-2 6.96972E-2 6.40085E-2 4.74843E-2 6.70897E-2 5.14035E-2 4.44164E-2 4.37427E-2 5.00126E-2 5.82372E-2 8.86345E-2 9.79258E-2 9.57286E-2 8.55682E-2 7.73968E-2 7.73371E-2 7.73362E-2 9.20547E-2 1.03076E-1 1.06791E-1
9.04113E-2 6.53946E-2 6.66406E-2 7.77699E-2 5.95061E-2 6.70438E-2 6.98469E-2 1.07366E-1 1.25691E-1 1.41424E-1 1.64214E-1 1.44823E-1 1.26224E-1 1.51691E-1 1.53825E-1 1.32747E-1 1.23603E-1 9.9624E-2 9.77489E-2 9.8922E-2 9.52317E-2 8.33336E-2 9.24889E-2 8.10244E-2 7.94831E-2 7.55011E-2 8.86656E-2 9.73653E-2 1.06119E-1 1.11964E-1 1.147E-1 9.95297E-2 9.1494E-2 8.16125E-2 8.00154E-2 7.71911E-2 8.03009E-2 8.1749E-2 9.44044E-2 8.69404E-2 7.82222E-2 8.90948E-2 7.63285E-2 6.87446E-2 5.01557E-2 6.88166E-2 6.05701E-2 4.24804E-2 3.34653E-2 4.27843E-2 5.6798E-2 8.9158E-2 9.95496E-2 8.98435E-2 8.71788E-2 8.53598E-2 1.03117E-1 8.90746E-2 9.70361E-2 1.17515E-1 1.09851E-1
1.31353E-1 8.1167E-2 6.11499E-2 6.40154E-2 8.8608E-2 9.45112E-2 7.04595E-2 9.55812E-2 1.11299E-1 1.20262E-1 1.57427E-1 1.53241E-1 1.46835E-1 1.57735E-1 1.40406E-1 1.33839E-1 1.33811E-1 1.23878E-1 1.15074E-1 1.02268E-1 9.04197E-2 8.8044E-2 9.23217E-2 9.14651E-2 7.79687E-2 9.35358E-2 9.59662E-2 1.05744E-1 1.14965E-1 1.25557E-1 1.23845E-1 1.10569E-1 9.91273E-2 9.39879E-2 8.33605E-2 7.27142E-2 8.48228E-2 9.24476E-2 9.39879E-2 7.91399E-2 8.50937E-2 7.45575E-2 7.15197E-2 6.42926E-2 5.26555E-2 5.65949E-2 4.79045E-2 4.55901E-2 2.46046E-2 3.20194E-2 3.91067E-2 7.14424E-2 9.12726E-2 7.90618E-2 7.95948E-2 9.76265E-2 1.217E-1 1.06118E-1 1.04855E-1 9.91013E-2 1.05611E-1
2.49096E-1 1.46007E-1 8.35749E-2 5.76098E-2 9.99787E-2 8.35071E-2 7.66595E-2 8.47087E-2 1.00057E-1 1.02807E-1 1.3958E-1 1.48591E-1 1.43473E-1 1.55492E-1 1.56282E-1 1.49511E-1 1.30158E-1 1.16202E-1 1.10329E-1 1.03638E-1 8.66801E-2 8.33948E-2 9.53679E-2 9.79646E-2 9.75231E-2 9.72265E-2 1.03806E-1 1.04036E-1 1.29433E-1 1.35995E-1 1.15087E-1 1.21137E-1 1.11941E-1 1.06834E-1 9.05361E-2 8.92949E-2 8.72248E-2 7.97092E-2 7.88826E-2 7.80938E-2 7.97739E-2 7.2677E-2 6.34529E-2 5.48135E-2 5.01529E-2 4.6501E-2 4.58737E-2 4.17282E-2 4.90166E-2 7.01734E-2 7.71417E-2 9.00268E-2 9.02214E-2 1.05645E-1 8.46151E-2 1.16353E-1 1.4885E-1 1.21252E-1 1.01935E-1 8.23948E-2 7.86956E-2
3.05738E-1 1.71401E-1 8.7576E-2 5.3857E-2 7.94273E-2 7.6941E-2 6.62718E-2 9.07421E-2 1.26611E-1 7.55212E-2 1.3663E-1 1.26705E-1 1.3396E-1 1.72754E-1 1.40794E-1 1.34914E-1 1.40459E-1 1.30422E-1 1.18071E-1 9.94197E-2 9.84101E-2 9.20914E-2 9.34178E-2 1.05135E-1 9.46926E-2 9.99262E-2 1.04179E-1 1.28853E-1 1.38884E-1 1.36462E-1 1.16505E-1 1.29873E-1 1.1238E-1 1.10107E-1 9.42064E-2 9.47137E-2 8.02132E-2 8.11481E-2 9.37784E-2 9.05181E-2 8.37704E-2 6.60196E-2 5.08379E-2 4.66025E-2 5.02416E-2 4.36407E-2 4.67239E-2 5.45202E-2 7.73786E-2 8.84049E-2 1.00101E-1 1.08551E-1 1.10933E-1 1.29491E-1 1.28868E-1 1.41597E-1 1.82627E-1 1.2521E-1 9.98697E-2 7.40067E-2 7.46686E-2
4.59084E-1 2.3237E-1 1.10143E-1 1.30776E-1 1.07672E-1 7.43084E-2 6.92746E-2 1.06334E-1 1.82804E-1 6.37644E-2 9.99691E-2 1.35514E-1 1.33304E-1 1.23919E-1 1.29132E-1 1.43995E-1 1.49353E-1 1.35071E-1 1.21327E-1 1.09326E-1 1.05057E-1 9.61782E-2 9.65049E-2 1.07908E-1 1.12197E-1 1.19118E-1 1.31177E-1 1.63892E-1 1.48094E-1 1.24326E-1 1.29753E-1 1.37801E-1 1.255E-1 1.09336E-1 1.01955E-1 9.90512E-2 9.75827E-2 9.8701E-2 9.33529E-2 9.93437E-2 6.70063E-2 5.38606E-2 4.32634E-2 4.67929E-2 4.85113E-2 4.90791E-2 7.73746E-2 8.02291E-2 7.75609E-2 9.28356E-2 1.05598E-1 1.16403E-1 1.42761E-1 1.54371E-1 1.68625E-1 1.82626E-1 1.48122E-1 1.32803E-1 1.06557E-1 8.38205E-2 9.9908E-2
5.41827E-1 3.92035E-1 2.45416E-1 2.48693E-1 1.35712E-1 7.49072E-2 5.24154E-2 1.51454E-1 2.02648E-1 1.10537E-1 9.45806E-2 1.58862E-1 1.3054E-1 1.09745E-1 1.4605E-1 1.45581E-1 1.67512E-1 1.34986E-1 1.16952E-1 1.09014E-1 1.10288E-1 1.02878E-1 1.13931E-1 1.22242E-1 1.24016E-1 1.4352E-1 1.4218E-1 1.69578E-1 1.73996E-1 1.4427E-1 1.40161E-1 1.72613E-1 1.50988E-1 1.21883E-1 1.58588E-1 1.51077E-1 1.47637E-1 1.11618E-1 8.23641E-2 1.38471E-1 8.13388E-2 7.37389E-2 7.23978E-2 6.66308E-2 6.45694E-2 7.08648E-2 8.9805E-2 9.25769E-2 9.46243E-2 1.06999E-1 1.1636E-1 1.21539E-1 1.4758E-1 1.74885E-1 1.97536E-1 1.60299E-1 1.34066E-1 1.41478E-1 1.17368E-1 9.28171E-2 1.09949E-1
5.65394E-1 5.54686E-1 4.29156E-1 2.71541E-1 1.24565E-1 8.91854E-2 4.55447E-2 7.35416E-2 1.14719E-1 1.82982E-1 1.26289E-1 2.03801E-1 2.20827E-1 2.32243E-1 1.73589E-1 1.54228E-1 1.82597E-1 1.77818E-1 1.4714E-1 1.23886E-1 9.91024E-2 9.43129E-2 1.31224E-1 1.26001E-1 1.29303E-1 1.44017E-1 1.61731E-1 1.72012E-1 2.08011E-1 1.71845E-1 1.93755E-1 2.22828E-1 2.41178E-1 1.97863E-1 2.25574E-1 2.20755E-1 2.18988E-1 1.78281E-1 2.0562E-1 2.18811E-1 1.72665E-1 1.28789E-1 1.03303E-1 1.02343E-1 8.99418E-2 8.5541E-2 1.03591E-1 1.2755E-1 1.30906E-1 1.38748E-1 1.4691E-1 1.63653E-1 1.27244E-1 1.95855E-1 1.98129E-1 1.87372E-1 1.82826E-1 1.59358E-1 1.38011E-1 1.24643E-1 1.21089E-1
5.86496E-1 6.14833E-1 5.38827E-1 3.67194E-1 1.78021E-1 1.18422E-1 5.74983E-2 5.96242E-2 6.57772E-2 2.2257E-1 9.61105E-2 1.55542E-1 2.40393E-1 2.479E-1 3.15277E-1 2.12614E-1 1.69022E-1 1.6785E-1 1.87037E-1 1.71818E-1 1.45063E-1 1.40117E-1 1.59915E-1 1.47083E-1 1.38968E-1 1.57091E-1 1.89729E-1 1.86846E-1 2.27734E-1 2.58659E-1 2.61635E-1 3.0563E-1 2.61562E-1 2.80123E-1 2.96697E-1 2.6905E-1 2.41802E-1 2.5904E-1 2.38617E-1 1.92262E-1 1.6623E-1 1.41014E-1 1.08882E-1 1.24286E-1 1.17671E-1 1.02893E-1 1.0226E-1 1.37789E-1 1.40413E-1 1.74549E-1 2.05108E-1 2.71435E-1 2.11637E-1 1.86727E-1 1.53009E-1 1.47119E-1 1.62823E-1 1.3364E-1 1.22868E-1 1.20358E-1 1.16149E-1
6.34053E-1 6.01895E-1 6.07657E-1 6.14055E-1 4.62469E-1 2.49731E-1 1.51743E-1 8.789E-2 6.21377E-2 2.19104E-1 1.48516E-1 2.57892E-1 2.90938E-1 1.89141E-1 2.81224E-1 4.00943E-1 1.90247E-1 2.1522E-1 2.54277E-1 2.21537E-1 2.15417E-1 1.8425E-1 1.93477E-1 1.9584E-1 1.82202E-1 2.1839E-1 2.15587E-1 1.97753E-1 2.18436E-1 3.07922E-1 3.13027E-1 3.28684E-1 2.62843E-1 3.44271E-1 3.41415E-1 3.34578E-1 2.54745E-1 2.27548E-1 2.17027E-1 1.65125E-1 1.35503E-1 1.27684E-1 1.32478E-1 1.29375E-1 1.17109E-1 1.08565E-1 9.71118E-2 9.26502E-2 1.07932E-1 1.86374E-1 1.77967E-1 1.85105E-1 1.79864E-1 1.50754E-1 1.12297E-1 1.19118E-1 1.34195E-1 1.29545E-1 1.31979E-1 1.16657E-1 1.08412E-1
6.85726E-1 6.40841E-1 6.5706E-1 6.08393E-1 4.9937E-1 2.78705E-1 1.7536E-1 1.2031E-1 6.23519E-2 1.76683E-1 2.31415E-1 2.49376E-1 4.56353E-1 2.75574E-1 2.29888E-1 6.10534E-1 5.11803E-1 3.3554E-1 3.04347E-1 2.98154E-1 2.87116E-1 2.62293E-1 2.39064E-1 2.06991E-1 2.13699E-1 2.37687E-1 2.33947E-1 1.69896E-1 1.83641E-1 3.36765E-1 3.78867E-1 3.72079E-1 3.67749E-1 4.01638E-1 3.69351E-1 2.76041E-1 1.81072E-1 1.45164E-1 1.68937E-1 1.53183E-1 1.17144E-1 1.18072E-1 1.14285E-1 1.27564E-1 1.08827E-1 7.94852E-2 9.05609E-2 9.62156E-2 1.41186E-1 1.51342E-1 1.15864E-1 1.22905E-1 1.20696E-1 1.24923E-1 1.26242E-1 9.12072E-2 1.17727E-1 1.19012E-1 1.14349E-1 1.05542E-1 9.90272E-2
6.28003E-1 6.41733E-1 6.71559E-1 6.59325E-1 5.90012E-1 4.75945E-1 2.29672E-1 8.25966E-2 5.89396E-2 8.33129E-2 2.30988E-1 2.07437E-1 2.55016E-1 2.59613E-1 2.66561E-1 5.25008E-1 5.32982E-1 6.51264E-1 4.0521E-1 3.274E-1 3.26747E-1 3.20003E-1 2.93014E-1 2.27112E-1 2.41787E-1 2.54852E-1 2.58361E-1 1.43481E-1 1.65988E-1 3.35272E-1 3.81046E-1 4.13501E-1 4.27767E-1 4.11643E-1 2.60668E-1 2.79566E-1 2.23453E-1 1.3547E-1 1.40115E-1 1.34928E-1 1.22975E-1 1.16096E-1 1.32354E-1 1.47215E-1 8.39762E-2 5.90072E-2 6.92911E-2 1.27159E-1 1.42134E-1 9.83823E-2 8.87942E-2 9.21116E-2 9.25361E-2 9.73025E-2 9.35336E-2 8.57698E-2 9.32535E-2 9.60759E-2 1.05097E-1 1.03427E-1 9.32844E-2
6.44866E-1 6.64029E-1 6.46908E-1 6.54715E-1 6.57061E-1 6.03774E-1 3.48287E-1 9.03699E-2 8.64096E-2 6.2988E-2 1.56955E-1 2.93852E-1 2.07365E-1 2.62476E-1 4.30767E-1 2.82795E-1 3.19714E-1 6.82472E-1 5.42094E-1 3.50953E-1 3.50109E-1 3.60633E-1 3.41343E-1 1.81493E-1 1.37057E-1 1.7219E-1 2.777E-1 2.84894E-1 2.75195E-1 3.73717E-1 3.74492E-1 4.0445E-1 4.65484E-1 4.13901E-1 3.64787E-1 3.82494E-1 2.20457E-1 1.19985E-1 1.28098E-1 1.12351E-1 1.2216E-1 1.22629E-1 1.35621E-1 1.98729E-1 1.2427E-1 5.97734E-2 5.65391E-2 1.25759E-1 9.67129E-2 9.20033E-2 1.01057E-1 9.44367E-2 9.18327E-2 9.80252E-2 9.7413E-2 9.73831E-2 8.53784E-2 7.5703E-2 7.95953E-2 8.96127E-2 9.88454E-2
6.37061E-1 6.40546E-1 6.49905E-1 6.63595E-1 6.46913E-1 5.71143E-1 4.14151E-1 1.65687E-1 1.32777E-1 8.5513E-2 1.3894E-1 2.50765E-1 1.83169E-1 2.47118E-1 4.15279E-1 3.84462E-1 2.27705E-1 6.52592E-1 5.77766E-1 3.49061E-1 3.87218E-1 3.88396E-1 3.39816E-1 2.77097E-1 1.40363E-1 1.30088E-1 2.70393E-1 4.23738E-1 4.49351E-1 4.1704E-1 4.1881E-1 4.44103E-1 5.09185E-1 3.7338E-1 4.11565E-1 4.05837E-1 2.00514E-1 1.08617E-1 1.59735E-1 1.93739E-1 1.82616E-1 2.10299E-1 1.93707E-1 1.57726E-1 1.92185E-1 1.34289E-1 7.16045E-2 1.31412E-1 1.16948E-1 1.15838E-1 1.17847E-1 1.0894E-1 1.04222E-1 1.08582E-1 1.02083E-1 9.13049E-2 8.12233E-2 8.13408E-2 7.84483E-2 7.4981E-2 9.50281E-2
6.58248E-1 6.44108E-1 6.33356E-1 6.32662E-1 6.36424E-1 6.24658E-1 5.25043E-1 2.56286E-1 1.78522E-1 1.07583E-1 1.49176E-1 3.06354E-1 2.64515E-1 2.05792E-1 3.56311E-1 4.93258E-1 2.42014E-1 5.72837E-1 6.50783E-1 3.28084E-1 3.81802E-1 4.18826E-1 3.37928E-1 2.9424E-1 2.71865E-1 2.22923E-1 3.11369E-1 4.36039E-1 4.94028E-1 4.89977E-1 5.99612E-1 5.22305E-1 5.73336E-1 4.97666E-1 4.72914E-1 3.53347E-1 2.17378E-1 1.40954E-1 1.82122E-1 2.6627E-1 1.40678E-1 1.12429E-1 1.00434E-1 1.19105E-1 9.23679E-2 1.46143E-1 1.6289E-1 1.74326E-1 1.41226E-1 1.40621E-1 1.4067E-1 1.27256E-1 1.1518E-1 1.10546E-1 9.72913E-2 8.99642E-2 8.15191E-2 7.67801E-2 7.68113E-2 7.91136E-2 8.73142E-2
