maxent_outputs/hummingbirds/hummingbird_158.asc
ncols         426
nrows         180
xllcorner     -130.0
yllcorner     24.0
cellsize      0.16666666666666666
NODATA_value  -9999
[rows 27 to 53 of 180, columns 122 to 182 of 426]
3.26856E-1 3.2333E-1 3.16443E-1 3.26986E-1 3.59605E-1 3.56867E-1 3.42379E-1 3.51776E-1 3.44882E-1 3.28758E-1 3.16208E-1 3.02368E-1 3.06855E-1 3.45404E-1 3.54689E-1 3.4541E-1 3.40176E-1 3.23754E-1 3.28863E-1 3.35621E-1 3.40874E-1 3.45551E-1 3.42003E-1 3.47824E-1 3.27533E-1 3.59999E-1 3.00171E-1 2.99836E-1 3.38166E-1 3.68372E-1 3.62917E-1 3.61139E-1 3.55115E-1 3.3488E-1 3.24699E-1 3.16518E-1 3.09011E-1 3.09608E-1 3.08555E-1 3.04845E-1 3.00048E-1 2.98022E-1 2.94582E-1 2.94732E-1 2.95456E-1 2.95411E-1 2.94593E-1 2.99265E-1 3.00815E-1 3.00803E-1 2.99447E-1 2.95306E-1 2.91126E-1 2.94688E-1 3.04617E-1 3.05657E-1 3.01448E-1 2.98642E-1 2.98234E-1 2.94087E-1 2.94514E-1
2.90005E-1 2.99344E-1 3.08973E-1 3.18947E-1 3.43762E-1 3.41669E-1 3.31746E-1 3.29723E-1 3.29643E-1 3.25042E-1 3.08715E-1 3.02856E-1 2.94738E-1 2.99726E-1 3.11638E-1 3.32767E-1 3.30532E-1 3.30302E-1 3.31185E-1 3.37531E-1 3.51003E-1 3.42773E-1 3.35071E-1 3.57797E-1 3.72191E-1 3.0646E-1 2.694E-1 2.58807E-1 3.03172E-1 3.08386E-1 3.44472E-1 3.46715E-1 3.40295E-1 3.37677E-1 3.29383E-1 3.16865E-1 3.11166E-1 3.07284E-1 3.0811E-1 3.02545E-1 3.01244E-1 2.99708E-1 2.99794E-1 2.97079E-1 2.971E-1 2.96877E-1 2.94511E-1 2.90289E-1 2.93656E-1 2.97822E-1 2.86379E-1 2.85021E-1 2.86412E-1 2.91077E-1 2.93759E-1 3.0076E-1 3.04799E-1 2.97985E-1 2.92699E-1 2.96357E-1 2.96557E-1
2.84452E-1 2.93514E-1 2.92522E-1 3.13775E-1 3.48577E-1 3.51103E-1 3.47874E-1 3.34756E-1 3.27738E-1 3.14347E-1 3.12102E-1 3.12515E-1 2.96219E-1 2.89489E-1 2.99809E-1 2.91027E-1 2.82539E-1 2.78391E-1 2.8725E-1 3.03042E-1 3.26524E-1 3.32884E-1 3.16449E-1 2.7505E-1 3.25909E-1 3.54742E-1 3.97384E-1 3.11413E-1 2.54292E-1 2.93092E-1 2.86597E-1 2.93699E-1 3.12641E-1 3.18627E-1 3.1802E-1 3.1861E-1 3.18193E-1 3.06911E-1 3.04871E-1 3.06684E-1 3.03981E-1 2.9871E-1 2.98411E-1 2.96399E-1 2.96862E-1 2.99788E-1 2.9649E-1 2.94052E-1 2.82686E-1 2.88542E-1 2.79904E-1 2.80303E-1 2.8076E-1 2.83342E-1 2.89683E-1 3.09576E-1 3.15693E-1 3.20014E-1 3.14277E-1 3.06993E-1 2.98725E-1
3.09945E-1 2.94835E-1 2.92431E-1 3.09144E-1 3.44542E-1 3.62203E-1 3.62659E-1 3.52702E-1 3.47904E-1 3.35708E-1 3.22287E-1 3.14149E-1 3.01774E-1 3.13627E-1 3.11905E-1 2.95461E-1 2.81267E-1 2.82653E-1 2.99473E-1 3.28001E-1 3.22937E-1 3.13991E-1 2.87157E-1 2.89872E-1 2.73764E-1 3.15793E-1 3.45021E-1 2.56619E-1 2.27014E-1 3.52177E-1 3.47999E-1 3.29181E-1 3.15834E-1 3.14864E-1 3.06639E-1 3.07967E-1 3.07523E-1 3.10682E-1 3.05522E-1 3.15129E-1 3.1707E-1 3.09296E-1 3.07537E-1 3.03169E-1 2.98941E-1 3.01929E-1 2.99177E-1 3.01304E-1 2.9213E-1 2.88157E-1 2.85195E-1 2.80425E-1 2.80195E-1 2.76806E-1 2.76409E-1 2.99582E-1 3.04642E-1 3.02791E-1 3.06697E-1 3.12846E-1 3.02216E-1
3.48362E-1 3.36948E-1 3.2727E-1 3.28555E-1 3.46938E-1 3.62355E-1 3.66636E-1 3.61384E-1 3.59047E-1 3.52706E-1 3.39307E-1 3.26438E-1 3.01935E-1 3.02772E-1 3.07465E-1 2.97623E-1 2.9236E-1 2.97854E-1 3.0388E-1 3.12332E-1 3.25601E-1 3.10934E-1 2.90958E-1 2.81224E-1 2.35876E-1 2.37675E-1 3.13973E-1 3.02222E-1 2.28809E-1 2.56811E-1 2.862E-1 3.05761E-1 3.24346E-1 3.20919E-1 3.09299E-1 3.0713E-1 2.99182E-1 3.00151E-1 3.08128E-1 3.12642E-1 3.11035E-1 3.11909E-1 3.10014E-1 3.11205E-1 3.0333E-1 3.08045E-1 3.05948E-1 2.98181E-1 2.95931E-1 2.89692E-1 2.91409E-1 2.83097E-1 2.82623E-1 2.78272E-1 2.73813E-1 2.72855E-1 2.73941E-1 2.72747E-1 2.72415E-1 2.83707E-1 2.85105E-1
3.71439E-1 3.68268E-1 3.64362E-1 3.53406E-1 3.45419E-1 3.44929E-1 3.41747E-1 3.44568E-1 3.40011E-1 3.33646E-1 3.33678E-1 3.25004E-1 3.03085E-1 2.96345E-1 2.93903E-1 3.05258E-1 3.0632E-1 3.19311E-1 3.10367E-1 3.06642E-1 3.11104E-1 3.09455E-1 2.99226E-1 2.88602E-1 2.53922E-1 3.07949E-1 3.09589E-1 3.16648E-1 2.79289E-1 2.59561E-1 2.88779E-1 3.0986E-1 3.19812E-1 3.20939E-1 3.19344E-1 3.17704E-1 3.05446E-1 2.95722E-1 2.99792E-1 3.07281E-1 3.02054E-1 2.98951E-1 2.959E-1 3.01359E-1 3.04072E-1 3.08313E-1 3.04674E-1 3.0144E-1 3.0211E-1 3.03442E-1 2.98403E-1 2.8516E-1 2.77529E-1 2.82138E-1 2.81922E-1 2.7696E-1 2.73527E-1 2.71937E-1 2.74341E-1 2.88014E-1 2.8673E-1
4.35801E-1 4.30338E-1 4.18651E-1 4.0686E-1 3.7899E-1 3.5756E-1 3.34996E-1 3.31859E-1 3.2496E-1 3.22954E-1 3.27111E-1 3.1597E-1 3.12508E-1 3.33635E-1 3.21043E-1 3.1794E-1 3.0707E-1 3.09761E-1 3.13985E-1 3.19415E-1 3.19285E-1 3.21339E-1 3.08536E-1 2.83997E-1 2.40653E-1 2.46879E-1 3.14187E-1 2.68827E-1 2.37366E-1 2.79495E-1 3.01468E-1 3.08048E-1 3.13833E-1 3.22032E-1 3.25496E-1 3.24498E-1 3.09761E-1 2.99447E-1 2.98336E-1 2.96063E-1 3.00064E-1 2.94098E-1 2.98659E-1 2.96079E-1 2.93285E-1 2.96782E-1 3.05535E-1 2.96683E-1 2.8831E-1 2.96787E-1 2.98724E-1 2.92125E-1 2.80378E-1 2.72652E-1 2.77494E-1 2.83464E-1 2.93746E-1 2.76977E-1 2.73725E-1 2.81883E-1 2.90224E-1
4.75282E-1 4.74356E-1 4.63409E-1 4.67276E-1 4.23759E-1 4.03173E-1 3.75915E-1 3.55312E-1 3.42527E-1 3.34996E-1 3.24521E-1 3.3443E-1 3.42126E-1 3.46763E-1 3.44427E-1 3.43515E-1 3.25658E-1 3.07422E-1 3.12818E-1 3.15453E-1 3.13871E-1 3.16861E-1 3.10945E-1 3.01787E-1 3.01303E-1 3.12418E-1 3.20297E-1 3.19238E-1 2.97813E-1 3.03003E-1 3.08228E-1 3.05547E-1 3.14996E-1 3.19779E-1 3.23227E-1 3.19997E-1 3.02885E-1 2.99884E-1 3.0077E-1 2.91529E-1 2.86241E-1 2.87754E-1 2.99349E-1 2.96699E-1 2.93541E-1 2.87173E-1 2.90147E-1 2.97473E-1 2.95722E-1 2.92881E-1 3.02672E-1 2.98838E-1 2.86058E-1 2.82407E-1 2.80567E-1 2.81475E-1 2.83438E-1 2.83373E-1 2.80394E-1 2.91687E-1 2.9843E-1
4.45978E-1 4.52353E-1 4.29291E-1 4.12735E-1 3.9878E-1 4.07465E-1 4.36591E-1 4.19214E-1 3.77157E-1 3.58747E-1 3.33497E-1 3.28998E-1 3.27489E-1 3.36184E-1 3.51583E-1 3.47751E-1 3.34989E-1 3.21851E-1 3.17009E-1 3.19309E-1 3.11153E-1 3.059E-1 3.03358E-1 3.00777E-1 3.11021E-1 3.12224E-1 3.14453E-1 3.0692E-1 3.1462E-1 3.13533E-1 3.08322E-1 3.15133E-1 3.18484E-1 3.10838E-1 3.13473E-1 3.2175E-1 3.13428E-1 3.19859E-1 3.20595E-1 3.12609E-1 3.23463E-1 3.11385E-1 3.08965E-1 2.94235E-1 2.88382E-1 2.82926E-1 2.90396E-1 2.84499E-1 2.93414E-1 3.01066E-1 3.00488E-1 2.969E-1 2.93324E-1 2.90819E-1 2.91622E-1 2.91541E-1 2.95245E-1 2.94411E-1 2.90389E-1 2.85435E-1 2.85002E-1
3.75972E-1 3.85074E-1 4.09402E-1 4.10044E-1 4.00411E-1 4.17476E-1 4.83803E-1 4.58059E-1 4.09383E-1 3.78655E-1 3.56951E-1 3.40525E-1 3.51411E-1 3.58874E-1 3.73238E-1 3.6795E-1 3.52355E-1 3.53535E-1 3.81038E-1 3.85009E-1 3.44493E-1 3.28596E-1 3.05164E-1 2.9712E-1 2.93832E-1 3.09783E-1 2.96631E-1 3.1598E-1 3.33628E-1 3.38301E-1 3.30141E-1 3.25271E-1 3.23057E-1 3.12947E-1 3.22077E-1 3.05834E-1 3.03265E-1 3.05021E-1 2.9183E-1 2.93963E-1 2.99964E-1 3.14082E-1 3.1796E-1 3.27477E-1 3.10921E-1 2.87947E-1 2.93145E-1 2.94406E-1 2.92357E-1 2.94835E-1 3.10354E-1 3.04437E-1 2.99764E-1 2.94839E-1 2.94174E-1 2.92686E-1 2.86051E-1 2.93252E-1 2.83683E-1 2.78902E-1 2.83536E-1
3.78191E-1 3.97097E-1 4.06372E-1 4.01532E-1 4.00484E-1 3.96833E-1 3.937E-1 3.98338E-1 3.88884E-1 3.65826E-1 3.66861E-1 3.52915E-1 3.66481E-1 3.8924E-1 3.80656E-1 3.81033E-1 3.87805E-1 3.86445E-1 3.75743E-1 3.55901E-1 3.38259E-1 3.27001E-1 3.16335E-1 3.07096E-1 3.18332E-1 3.22423E-1 3.04119E-1 3.23441E-1 3.37937E-1 3.49643E-1 3.43539E-1 3.3337E-1 3.12908E-1 3.25011E-1 2.84312E-1 3.00482E-1 3.06686E-1 3.04813E-1 3.01637E-1 3.00258E-1 3.04606E-1 3.10729E-1 3.26057E-1 3.30001E-1 3.42898E-1 2.86383E-1 2.87928E-1 2.91873E-1 2.91302E-1 2.93656E-1 2.97753E-1 2.88237E-1 2.79192E-1 2.91627E-1 2.98996E-1 2.9287E-1 2.86954E-1 2.77441E-1 2.74748E-1 2.7696E-1 2.81646E-1
4.08488E-1 3.98594E-1 3.72822E-1 3.94431E-1 3.97033E-1 3.90919E-1 3.83357E-1 3.82169E-1 3.75388E-1 3.72076E-1 3.64728E-1 3.83495E-1 4.02667E-1 4.02654E-1 3.87434E-1 3.84452E-1 3.80145E-1 3.64885E-1 3.4941E-1 3.4406E-1 3.34557E-1 3.21713E-1 3.19901E-1 3.19832E-1 3.21114E-1 3.12185E-1 3.03462E-1 3.54074E-1 3.55879E-1 3.60719E-1 3.47784E-1 3.32979E-1 3.18086E-1 2.75116E-1 2.66694E-1 2.90664E-1 3.07747E-1 3.21666E-1 3.17492E-1 3.212E-1 3.30058E-1 3.24419E-1 3.15848E-1 3.25875E-1 3.45158E-1 3.30436E-1 3.07008E-1 3.05318E-1 3.23387E-1 3.33378E-1 3.21708E-1 3.01861E-1 2.80307E-1 2.78763E-1 2.89247E-1 2.90674E-1 2.88058E-1 2.83462E-1 2.80537E-1 2.76149E-1 2.75948E-1
4.31468E-1 4.35702E-1 4.33165E-1 4.32134E-1 4.14669E-1 4.01384E-1 3.75846E-1 3.74873E-1 3.76193E-1 3.81481E-1 3.73649E-1 3.75443E-1 3.72692E-1 3.71677E-1 3.48695E-1 3.46264E-1 3.44395E-1 3.3458E-1 3.31937E-1 3.34722E-1 3.35425E-1 3.2696E-1 3.19656E-1 3.20055E-1 3.14064E-1 3.22812E-1 3.43304E-1 3.48628E-1 3.68806E-1 3.70897E-1 3.10479E-1 3.21494E-1 3.11389E-1 2.91412E-1 3.01943E-1 3.26714E-1 3.29531E-1 3.23336E-1 3.11645E-1 3.11203E-1 3.20032E-1 3.16877E-1 3.0736E-1 3.09444E-1 3.1056E-1 3.06205E-1 3.15786E-1 3.16218E-1 3.00043E-1 3.00749E-1 2.92674E-1 2.88829E-1 2.85443E-1 2.90643E-1 2.87517E-1 2.85222E-1 2.90556E-1 2.90658E-1 2.90194E-1 2.82795E-1 2.81003E-1
4.4518E-1 4.56296E-1 4.81734E-1 4.84101E-1 4.4151E-1 4.1564E-1 3.8655E-1 3.81913E-1 3.86097E-1 3.87781E-1 3.80339E-1 3.71117E-1 3.68666E-1 3.73812E-1 3.57904E-1 3.45187E-1 3.46124E-1 3.4301E-1 3.49325E-1 3.46586E-1 3.31258E-1 3.2813E-1 3.29313E-1 3.26715E-1 3.31811E-1 3.46812E-1 3.48508E-1 3.53005E-1 2.95597E-1 1.77943E-1 2.69662E-1 3.08254E-1 2.77754E-1 3.29499E-1 3.35145E-1 3.33091E-1 3.32992E-1 3.28985E-1 3.18861E-1 3.19583E-1 3.19824E-1 3.16383E-1 3.12317E-1 3.12519E-1 3.13874E-1 3.14975E-1 3.09094E-1 3.11966E-1 3.11543E-1 3.14239E-1 3.16273E-1 3.07061E-1 3.00661E-1 2.9849E-1 2.91674E-1 2.9596E-1 2.84971E-1 2.79707E-1 2.82727E-1 2.7789E-1 2.78344E-1
4.29507E-1 4.31851E-1 4.8455E-1 4.54253E-1 4.32052E-1 4.18561E-1 4.10703E-1 3.7897E-1 3.6794E-1 3.69464E-1 3.77294E-1 3.66412E-1 3.54291E-1 3.75868E-1 3.82171E-1 3.70389E-1 3.78079E-1 3.54062E-1 3.36419E-1 3.3589E-1 3.3271E-1 3.33691E-1 3.33998E-1 3.45641E-1 3.43627E-1 3.49938E-1 3.39078E-1 3.36714E-1 2.33844E-1 2.31645E-1 1.83267E-1 3.09538E-1 3.36136E-1 3.53169E-1 3.45911E-1 3.37339E-1 3.28696E-1 3.16086E-1 3.14515E-1 3.16563E-1 3.24468E-1 3.29303E-1 3.24999E-1 3.11398E-1 3.00249E-1 3.07589E-1 3.14151E-1 3.13793E-1 3.12565E-1 3.13279E-1 3.19523E-1 3.15086E-1 3.10266E-1 2.97174E-1 2.92996E-1 2.89932E-1 2.86518E-1 2.91354E-1 2.78342E-1 2.83221E-1 2.72792E-1
4.74414E-1 4.98235E-1 4.91744E-1 4.9398E-1 4.78282E-1 4.4586E-1 4.23314E-1 3.90317E-1 3.91057E-1 3.89828E-1 3.67093E-1 3.42517E-1 3.42273E-1 3.55766E-1 3.5823E-1 3.64641E-1 3.52559E-1 3.41454E-1 3.42896E-1 3.46792E-1 3.45346E-1 3.41092E-1 3.42384E-1 3.49827E-1 2.90179E-1 2.5034E-1 2.3714E-1 2.76905E-1 2.50665E-1 2.04788E-1 1.60934E-1 2.24292E-1 3.65736E-1 3.46415E-1 3.44499E-1 3.31375E-1 3.19873E-1 3.1073E-1 3.22232E-1 3.21863E-1 3.20325E-1 3.20286E-1 3.28285E-1 3.2928E-1 3.31651E-1 3.32996E-1 3.21136E-1 3.12292E-1 3.08723E-1 3.13243E-1 3.15991E-1 3.1632E-1 3.18211E-1 2.99067E-1 2.8962E-1 2.86922E-1 2.85777E-1 2.85702E-1 2.82943E-1 2.85473E-1 2.72546E-1
5.16889E-1 5.59059E-1 5.57112E-1 5.14301E-1 4.65054E-1 4.18884E-1 4.23943E-1 4.14605E-1 4.19597E-1 3.97885E-1 3.87799E-1 3.68762E-1 3.7928E-1 3.55325E-1 3.36389E-1 3.40392E-1 3.33631E-1 3.21833E-1 3.3455E-1 3.42245E-1 3.41365E-1 3.35314E-1 3.41148E-1 3.21668E-1 2.96636E-1 2.58764E-1 2.3928E-1 2.11074E-1 1.93766E-1 2.14073E-1 2.20223E-1 2.26025E-1 3.59586E-1 3.55231E-1 3.42078E-1 3.21372E-1 3.20363E-1 3.24565E-1 3.30838E-1 3.28813E-1 3.37598E-1 3.30322E-1 3.33566E-1 3.34953E-1 3.25235E-1 3.19551E-1 3.20464E-1 3.19334E-1 3.21253E-1 3.13672E-1 3.20708E-1 3.20404E-1 3.18163E-1 3.18793E-1 2.94653E-1 2.86608E-1 2.83948E-1 2.93011E-1 2.88462E-1 2.88955E-1 2.84166E-1
4.60695E-1 4.69431E-1 4.69292E-1 4.4789E-1 4.29181E-1 4.01176E-1 4.06655E-1 4.14894E-1 4.21144E-1 4.08536E-1 4.0513E-1 4.06187E-1 3.92823E-1 3.57252E-1 3.32085E-1 3.29269E-1 3.32078E-1 3.24899E-1 3.3779E-1 3.48285E-1 3.33917E-1 3.29122E-1 3.30879E-1 3.08292E-1 3.10537E-1 2.90766E-1 2.54679E-1 2.56068E-1 2.04336E-1 2.60241E-1 2.88315E-1 2.60079E-1 3.22329E-1 3.39205E-1 3.05418E-1 2.92028E-1 3.10178E-1 3.0749E-1 3.21583E-1 3.30519E-1 3.24521E-1 3.25197E-1 3.25257E-1 3.31595E-1 3.36457E-1 3.38078E-1 3.29582E-1 3.06825E-1 3.00604E-1 3.0979E-1 3.13388E-1 3.22416E-1 3.15679E-1 3.20296E-1 3.15442E-1 2.82401E-1 2.79052E-1 2.84268E-1 2.87636E-1 2.88089E-1 2.91067E-1
4.54267E-1 4.40651E-1 4.30508E-1 4.2852E-1 4.19772E-1 4.0973E-1 4.16602E-1 4.39137E-1 4.54137E-1 4.46927E-1 4.26016E-1 3.89738E-1 3.85696E-1 3.5633E-1 3.35298E-1 3.37734E-1 3.41209E-1 3.38969E-1 3.38315E-1 3.39505E-1 3.479E-1 3.37814E-1 3.38615E-1 3.40344E-1 3.66616E-1 3.40472E-1 2.87234E-1 3.47237E-1 3.34744E-1 2.67449E-1 2.86319E-1 3.18807E-1 3.0444E-1 3.02341E-1 2.94215E-1 2.98808E-1 3.14513E-1 3.15078E-1 3.45841E-1 3.33706E-1 3.37191E-1 3.31733E-1 3.26675E-1 3.26716E-1 3.31994E-1 3.30603E-1 3.3354E-1 3.2507E-1 3.12098E-1 3.27229E-1 3.281E-1 3.02537E-1 2.97022E-1 2.88258E-1 3.04358E-1 2.79649E-1 2.76648E-1 2.7818E-1 2.80073E-1 2.8979E-1 2.87484E-1
4.47795E-1 4.40981E-1 4.32335E-1 4.26497E-1 4.07993E-1 4.26289E-1 4.4264E-1 4.42604E-1 4.51218E-1 4.23832E-1 4.14763E-1 3.7567E-1 3.88121E-1 3.85076E-1 4.15404E-1 3.87431E-1 3.78658E-1 3.69899E-1 3.58959E-1 3.53018E-1 3.63413E-1 3.6811E-1 3.6152E-1 3.34206E-1 3.18846E-1 3.25438E-1 2.88485E-1 3.0795E-1 3.49935E-1 3.11879E-1 3.47269E-1 3.27743E-1 3.17287E-1 3.11218E-1 2.90608E-1 2.90124E-1 3.30733E-1 3.40575E-1 3.3883E-1 3.35677E-1 3.43022E-1 3.4108E-1 3.37917E-1 3.39305E-1 3.3922E-1 3.36106E-1 3.28116E-1 3.23612E-1 3.01505E-1 2.89018E-1 3.05802E-1 2.95221E-1 2.98209E-1 2.91151E-1 3.08462E-1 2.89472E-1 2.74765E-1 2.70721E-1 2.7456E-1 2.84007E-1 2.90055E-1
4.68628E-1 4.59291E-1 4.50295E-1 4.39554E-1 4.22898E-1 3.99716E-1 4.17688E-1 3.84708E-1 3.95005E-1 3.87133E-1 3.82963E-1 3.85197E-1 3.78525E-1 3.6283E-1 3.91109E-1 3.5968E-1 3.92901E-1 3.80336E-1 3.89358E-1 3.58862E-1 3.66103E-1 3.68591E-1 3.47703E-1 3.65091E-1 3.55332E-1 3.49841E-1 3.3332E-1 2.99542E-1 3.32506E-1 3.43014E-1 3.4593E-1 2.8174E-1 3.03591E-1 3.29515E-1 3.0789E-1 3.01099E-1 3.08014E-1 3.12131E-1 3.25115E-1 3.35237E-1 3.32252E-1 3.45155E-1 3.5025E-1 3.42822E-1 3.25427E-1 3.27609E-1 3.11748E-1 3.14877E-1 3.01637E-1 2.90569E-1 2.9555E-1 3.0684E-1 3.14873E-1 3.12172E-1 3.33584E-1 2.90431E-1 2.98799E-1 2.82687E-1 2.74085E-1 2.81231E-1 2.88129E-1
4.88356E-1 4.80736E-1 4.4512E-1 4.17429E-1 4.19328E-1 4.19613E-1 4.22544E-1 4.0055E-1 4.04916E-1 3.99651E-1 3.98799E-1 4.29526E-1 3.7983E-1 3.88219E-1 3.63442E-1 3.52717E-1 4.12802E-1 4.02793E-1 3.95029E-1 3.62269E-1 3.77389E-1 3.69866E-1 3.64682E-1 3.78586E-1 3.85204E-1 3.75302E-1 3.85736E-1 3.54347E-1 3.28553E-1 3.70842E-1 3.20911E-1 3.41951E-1 3.30273E-1 3.15411E-1 3.03667E-1 3.175E-1 3.27749E-1 3.33963E-1 3.2809E-1 3.23663E-1 3.27711E-1 3.22532E-1 3.24257E-1 3.31382E-1 3.24876E-1 3.3004E-1 3.31973E-1 3.24106E-1 3.03455E-1 3.05728E-1 3.09529E-1 3.02244E-1 2.95749E-1 2.96552E-1 3.21704E-1 3.26445E-1 2.92536E-1 2.84064E-1 2.79565E-1 2.82413E-1 2.79747E-1
4.65133E-1 4.42E-1 4.42871E-1 4.3059E-1 4.33253E-1 4.37183E-1 4.29292E-1 4.04403E-1 4.00052E-1 4.18231E-1 3.72802E-1 3.75084E-1 3.50205E-1 3.64169E-1 3.65006E-1 3.70781E-1 4.21352E-1 3.931E-1 3.96479E-1 3.83279E-1 3.85485E-1 4.0933E-1 4.35905E-1 3.92562E-1 4.00546E-1 3.73867E-1 3.87061E-1 3.58536E-1 3.65204E-1 3.76966E-1 3.40924E-1 3.28138E-1 3.70809E-1 3.47925E-1 3.32866E-1 3.2754E-1 3.52973E-1 3.45805E-1 3.38394E-1 3.46407E-1 3.26008E-1 3.25807E-1 3.33985E-1 3.3497E-1 3.30008E-1 3.14955E-1 3.04331E-1 3.0097E-1 2.95584E-1 2.96569E-1 3.0688E-1 3.10501E-1 3.08286E-1 3.07665E-1 3.05224E-1 3.16797E-1 3.11343E-1 2.96423E-1 2.86209E-1 2.90808E-1 2.90409E-1
4.6699E-1 4.38748E-1 4.32593E-1 4.39391E-1 4.43173E-1 4.36751E-1 4.35584E-1 3.95484E-1 4.19676E-1 4.17831E-1 4.04805E-1 3.79462E-1 3.61291E-1 3.56724E-1 3.74307E-1 3.7486E-1 3.69667E-1 3.86424E-1 4.31492E-1 4.30022E-1 3.59914E-1 3.73032E-1 4.17657E-1 3.93783E-1 3.77863E-1 3.77572E-1 3.85023E-1 3.8779E-1 3.68386E-1 3.75942E-1 3.68848E-1 3.7473E-1 3.62957E-1 3.73238E-1 3.66339E-1 3.62495E-1 3.4401E-1 3.26245E-1 3.44971E-1 3.67179E-1 3.45967E-1 3.37813E-1 3.39662E-1 3.40584E-1 3.35351E-1 3.2734E-1 3.11072E-1 3.04119E-1 3.03889E-1 3.08821E-1 3.11443E-1 3.12247E-1 3.16695E-1 3.17049E-1 3.19041E-1 3.32024E-1 3.02874E-1 3.00306E-1 3.00445E-1 3.0779E-1 3.00337E-1
4.89634E-1 4.49464E-1 4.27709E-1 4.30956E-1 4.36821E-1 4.35377E-1 4.41587E-1 4.49511E-1 4.70695E-1 4.82685E-1 4.49713E-1 3.79995E-1 3.86255E-1 3.6449E-1 3.94393E-1 4.4746E-1 4.24979E-1 4.04145E-1 4.08147E-1 3.99713E-1 3.97708E-1 3.802E-1 3.96275E-1 3.95445E-1 3.98917E-1 3.78532E-1 3.78067E-1 3.91224E-1 3.99124E-1 4.08004E-1 3.75281E-1 4.06949E-1 3.87838E-1 3.57173E-1 3.78652E-1 3.8628E-1 3.84833E-1 3.50306E-1 3.5769E-1 3.83672E-1 3.68465E-1 3.3717E-1 3.31212E-1 3.29474E-1 3.27008E-1 3.23454E-1 3.20489E-1 3.15961E-1 3.1636E-1 3.15586E-1 3.18083E-1 3.18251E-1 3.15898E-1 3.1171E-1 3.10388E-1 3.24427E-1 3.22865E-1 3.00978E-1 3.03868E-1 2.99639E-1 3.05852E-1
6.16019E-1 5.41634E-1 4.7326E-1 4.15717E-1 4.13378E-1 4.68105E-1 5.37278E-1 5.47567E-1 4.65345E-1 4.7646E-1 5.12416E-1 4.34024E-1 4.01309E-1 3.77471E-1 4.04263E-1 4.61337E-1 4.02944E-1 3.86193E-1 3.79965E-1 3.81407E-1 3.79706E-1 3.79776E-1 3.87328E-1 3.89978E-1 3.92309E-1 3.90031E-1 3.87576E-1 3.95435E-1 4.00619E-1 3.91986E-1 3.94547E-1 3.83771E-1 3.85387E-1 3.70134E-1 3.77803E-1 3.74253E-1 3.64052E-1 3.44864E-1 3.42301E-1 3.51714E-1 3.46208E-1 3.33658E-1 3.31943E-1 3.18442E-1 3.15387E-1 3.12317E-1 3.0688E-1 3.05006E-1 3.09028E-1 3.11438E-1 3.13551E-1 3.17082E-1 3.141E-1 3.15883E-1 3.13986E-1 3.22914E-1 3.34807E-1 3.04153E-1 3.12944E-1 3.01786E-1 3.01793E-1
7.57949E-1 6.95009E-1 5.48166E-1 4.03008E-1 4.22376E-1 4.08039E-1 4.36636E-1 4.85612E-1 4.61081E-1 4.58296E-1 5.85209E-1 5.16013E-1 4.5609E-1 4.06031E-1 4.06039E-1 4.28214E-1 3.77253E-1 3.67269E-1 3.76236E-1 3.53126E-1 3.76134E-1 3.82137E-1 3.84187E-1 3.90361E-1 3.91031E-1 3.72411E-1 3.81698E-1 3.90893E-1 3.8E-1 3.8191E-1 3.79078E-1 3.78766E-1 3.9196E-1 4.00704E-1 3.8805E-1 3.99233E-1 3.87936E-1 3.7885E-1 3.53736E-1 3.44501E-1 3.33928E-1 3.42435E-1 3.44759E-1 3.44527E-1 3.31519E-1 3.2434E-1 3.17078E-1 3.2033E-1 3.19291E-1 3.19955E-1 3.2567E-1 3.3487E-1 3.34635E-1 3.32406E-1 3.24564E-1 3.32256E-1 3.34086E-1 3.09123E-1 3.13966E-1 3.07245E-1 3.07786E-1
