maxent_outputs/hummingbirds/hummingbird_80.asc
ncols         426
nrows         180
xllcorner     -130.0
yllcorner     24.0
cellsize      0.16666666666666666
NODATA_value  -9999
[rows 0 to 26 of 180, columns 122 to 182 of 426]
5.20211E-2 4.99177E-2 5.08698E-2 4.17734E-2 3.92901E-2 4.43275E-2 4.88825E-2 5.09051E-2 4.55517E-2 4.35889E-2 4.07633E-2 4.05341E-2 4.15372E-2 3.98643E-2 4.09602E-2 3.88125E-2 4.00348E-2 4.05175E-2 4.23863E-2 4.37403E-2 4.43111E-2 4.17334E-2 4.10039E-2 4.13658E-2 3.68064E-2 3.76255E-2 3.74824E-2 3.65073E-2 3.68399E-2 3.62577E-2 3.58045E-2 3.56311E-2 3.56998E-2 3.49359E-2 3.48489E-2 3.45131E-2 3.45486E-2 3.49058E-2 3.52873E-2 3.53215E-2 3.52901E-2 3.60104E-2 3.71005E-2 3.73904E-2 3.83663E-2 3.76793E-2 3.75972E-2 3.80303E-2 3.88965E-2 3.8189E-2 3.49616E-2 3.49015E-2 3.31271E-2 3.20384E-2 3.31447E-2 3.78366E-2 4.11847E-2 3.73586E-2 3.70681E-2 3.97358E-2 3.40369E-2
4.42927E-2 4.24729E-2 4.15713E-2 4.01509E-2 3.89618E-2 3.9422E-2 4.05645E-2 3.97347E-2 4.46455E-2 4.6718E-2 4.21064E-2 4.00986E-2 3.91582E-2 4.03606E-2 4.34868E-2 3.98438E-2 3.79866E-2 3.82226E-2 4.1881E-2 4.35069E-2 4.41327E-2 4.22238E-2 4.21233E-2 4.11752E-2 3.98955E-2 4.25941E-2 4.31996E-2 3.95698E-2 4.02976E-2 3.88364E-2 3.82194E-2 3.94584E-2 3.84219E-2 4.05298E-2 3.77081E-2 3.514E-2 3.54773E-2 3.51836E-2 3.48641E-2 3.54938E-2 3.58388E-2 3.59587E-2 3.74733E-2 3.77957E-2 3.72553E-2 4.0322E-2 4.01267E-2 3.95505E-2 3.74458E-2 3.24893E-2 3.14952E-2 3.60777E-2 3.67642E-2 3.67755E-2 3.5851E-2 3.81466E-2 4.6699E-2 4.24971E-2 3.56941E-2 3.51617E-2 3.37718E-2
4.08566E-2 3.95468E-2 3.8933E-2 3.74625E-2 3.82887E-2 3.74645E-2 3.83098E-2 3.63326E-2 3.86129E-2 4.05579E-2 4.44653E-2 3.98783E-2 3.72045E-2 3.87893E-2 4.1916E-2 4.04721E-2 3.82739E-2 3.80127E-2 3.83399E-2 3.9292E-2 3.99439E-2 4.11152E-2 4.12884E-2 4.03453E-2 3.58738E-2 3.85172E-2 3.95326E-2 4.13254E-2 4.10193E-2 3.90601E-2 3.60026E-2 3.48018E-2 3.36279E-2 3.47121E-2 3.54794E-2 3.86628E-2 4.07503E-2 3.91519E-2 3.52227E-2 3.6594E-2 3.86068E-2 3.92082E-2 3.81932E-2 4.15592E-2 4.31156E-2 4.71892E-2 4.1572E-2 3.99947E-2 3.97152E-2 3.68342E-2 3.73338E-2 3.95473E-2 3.91034E-2 3.77296E-2 4.00528E-2 4.10808E-2 4.43682E-2 4.28714E-2 3.98058E-2 3.58458E-2 3.56703E-2
4.17277E-2 4.14876E-2 3.90388E-2 3.85299E-2 3.6198E-2 3.398E-2 3.26186E-2 3.17442E-2 3.25961E-2 3.55262E-2 4.08544E-2 4.2622E-2 4.21777E-2 3.82476E-2 4.05499E-2 4.14373E-2 4.0362E-2 4.01935E-2 4.00349E-2 4.0114E-2 3.87749E-2 3.8357E-2 3.62805E-2 3.71381E-2 3.74105E-2 3.59936E-2 3.39015E-2 3.5042E-2 3.62744E-2 3.68737E-2 3.54738E-2 3.37357E-2 3.38382E-2 3.48239E-2 3.5534E-2 3.67119E-2 3.56208E-2 3.54227E-2 3.5808E-2 3.50164E-2 3.72597E-2 3.79851E-2 3.79098E-2 3.52613E-2 4.01159E-2 4.70768E-2 3.957E-2 3.86409E-2 3.84895E-2 3.763E-2 3.69136E-2 3.82064E-2 4.25425E-2 4.86043E-2 5.25527E-2 5.50077E-2 5.52122E-2 5.46619E-2 4.2837E-2 3.81221E-2 3.72512E-2
4.23186E-2 4.18777E-2 4.10383E-2 3.86668E-2 3.59819E-2 3.44383E-2 3.40929E-2 3.18462E-2 3.28732E-2 3.37778E-2 3.53865E-2 3.98677E-2 4.10448E-2 4.22759E-2 4.28039E-2 4.38476E-2 4.33725E-2 4.1881E-2 4.19791E-2 4.15637E-2 4.08441E-2 3.96265E-2 3.92709E-2 3.91996E-2 3.84291E-2 3.69078E-2 3.59202E-2 3.66215E-2 3.84667E-2 3.96321E-2 3.77946E-2 3.60685E-2 3.60556E-2 3.54228E-2 3.79153E-2 3.76592E-2 3.64736E-2 3.56397E-2 3.64351E-2 3.68179E-2 3.70274E-2 3.50085E-2 3.32142E-2 3.21031E-2 4.31816E-2 4.51583E-2 3.96226E-2 3.84086E-2 3.97858E-2 3.91525E-2 3.76446E-2 3.9E-2 3.78684E-2 3.91236E-2 4.51377E-2 5.00539E-2 5.84772E-2 5.92128E-2 5.01535E-2 4.70465E-2 4.50183E-2
4.34217E-2 4.44712E-2 4.338E-2 4.17535E-2 3.86361E-2 3.65382E-2 3.51223E-2 3.92608E-2 3.47526E-2 3.48592E-2 3.55698E-2 3.65544E-2 3.8E-2 4.16709E-2 4.62151E-2 4.93455E-2 4.53887E-2 4.32529E-2 4.29606E-2 4.1762E-2 4.20318E-2 4.01895E-2 3.89671E-2 3.93591E-2 3.9762E-2 3.96071E-2 3.82533E-2 3.8035E-2 3.72654E-2 3.66807E-2 3.65313E-2 3.672E-2 3.80563E-2 3.88902E-2 3.68803E-2 3.68754E-2 3.69464E-2 3.62025E-2 3.92197E-2 3.94054E-2 3.63024E-2 3.47578E-2 3.69887E-2 4.05565E-2 4.69564E-2 4.22705E-2 3.94695E-2 4.04198E-2 4.37686E-2 4.58616E-2 4.29545E-2 5.34738E-2 5.49509E-2 5.24612E-2 5.58397E-2 5.38609E-2 5.25699E-2 5.19346E-2 4.82485E-2 4.16791E-2 4.58982E-2
4.66214E-2 4.76821E-2 4.65959E-2 4.61502E-2 4.34491E-2 4.12014E-2 3.91736E-2 3.72397E-2 3.70186E-2 3.65341E-2 3.65335E-2 3.6887E-2 3.7436E-2 4.08797E-2 4.42765E-2 4.73066E-2 4.48922E-2 4.41955E-2 4.44135E-2 4.32017E-2 4.16534E-2 4.13337E-2 3.9809E-2 3.99325E-2 4.12965E-2 4.02224E-2 4.06343E-2 4.02966E-2 3.88739E-2 3.75961E-2 3.80049E-2 3.95472E-2 4.03852E-2 4.08015E-2 3.88667E-2 3.73753E-2 3.84825E-2 3.83373E-2 3.80915E-2 3.70674E-2 3.69491E-2 3.67349E-2 3.80457E-2 3.97836E-2 4.03154E-2 3.85961E-2 4.15773E-2 4.4042E-2 5.23775E-2 6.31711E-2 5.74265E-2 4.99242E-2 6.83937E-2 6.51457E-2 4.94538E-2 5.82972E-2 6.22648E-2 6.48021E-2 5.73182E-2 4.82333E-2 4.32574E-2
4.10675E-2 4.50406E-2 4.52775E-2 4.60762E-2 4.62732E-2 4.42552E-2 4.606E-2 4.40083E-2 4.20477E-2 3.97181E-2 3.86556E-2 3.90476E-2 3.89373E-2 4.07674E-2 4.39911E-2 4.40589E-2 4.31636E-2 4.42807E-2 4.49096E-2 4.31322E-2 4.15019E-2 4.02859E-2 4.0341E-2 4.27494E-2 3.9551E-2 3.86574E-2 3.98938E-2 4.00724E-2 3.97458E-2 3.90869E-2 4.0339E-2 4.01883E-2 4.13512E-2 4.1735E-2 4.00906E-2 3.84226E-2 3.84636E-2 4.048E-2 3.84763E-2 3.76783E-2 3.55555E-2 3.9402E-2 3.7979E-2 3.67714E-2 3.71462E-2 4.28323E-2 4.5638E-2 4.73368E-2 4.76248E-2 4.61278E-2 5.05692E-2 5.01042E-2 5.45286E-2 5.79469E-2 4.49092E-2 5.53224E-2 4.83052E-2 5.5527E-2 6.46468E-2 5.53603E-2 4.68999E-2
4.84218E-2 4.30666E-2 4.09991E-2 4.13938E-2 4.36942E-2 4.35656E-2 4.29531E-2 4.69831E-2 4.91064E-2 4.97544E-2 4.49202E-2 4.41614E-2 4.46978E-2 4.29371E-2 4.3233E-2 4.32045E-2 4.28421E-2 4.33296E-2 4.44983E-2 4.47338E-2 4.31252E-2 4.3636E-2 4.39637E-2 4.27167E-2 4.03146E-2 3.8938E-2 4.14724E-2 3.93325E-2 4.12153E-2 3.95174E-2 4.12428E-2 4.16426E-2 4.25561E-2 4.22315E-2 4.22125E-2 3.95936E-2 4.04147E-2 4.17152E-2 4.05405E-2 4.27772E-2 4.16788E-2 4.17985E-2 4.10703E-2 4.11884E-2 3.9265E-2 4.03987E-2 3.84867E-2 3.77145E-2 3.79708E-2 3.98112E-2 4.31419E-2 4.70906E-2 4.58124E-2 5.99321E-2 4.52604E-2 4.89899E-2 4.66408E-2 4.84521E-2 6.19149E-2 6.11544E-2 4.87071E-2
5.21646E-2 5.07731E-2 4.75624E-2 4.32553E-2 4.15834E-2 4.23987E-2 4.08349E-2 4.22634E-2 4.28191E-2 4.47929E-2 4.85101E-2 4.94295E-2 4.92255E-2 5.04262E-2 4.48892E-2 4.34699E-2 4.3392E-2 4.40627E-2 4.48101E-2 4.51565E-2 4.6152E-2 4.4738E-2 4.38615E-2 4.36551E-2 4.33435E-2 4.09512E-2 3.98747E-2 4.0731E-2 4.15677E-2 4.09616E-2 4.0724E-2 4.12432E-2 4.1559E-2 4.1454E-2 4.01316E-2 3.9991E-2 3.9024E-2 3.93091E-2 3.97496E-2 4.32605E-2 4.5153E-2 4.38437E-2 4.11778E-2 3.95029E-2 3.62701E-2 3.44462E-2 3.39664E-2 3.53404E-2 3.61637E-2 4.23807E-2 4.63174E-2 4.35897E-2 4.05452E-2 5.35609E-2 5.41674E-2 5.39565E-2 5.00006E-2 5.22451E-2 5.47353E-2 5.49855E-2 4.70787E-2
5.6903E-2 5.63025E-2 5.65299E-2 4.93374E-2 4.52427E-2 4.55426E-2 4.48743E-2 4.48131E-2 4.38895E-2 4.26088E-2 4.57164E-2 5.19418E-2 5.12686E-2 5.03036E-2 4.75056E-2 4.60221E-2 4.56123E-2 4.45744E-2 4.52399E-2 4.45046E-2 4.57532E-2 4.5699E-2 4.59197E-2 4.56657E-2 4.47291E-2 4.20589E-2 4.248E-2 4.00336E-2 3.99573E-2 4.12651E-2 4.15768E-2 4.12771E-2 4.14262E-2 4.08535E-2 4.01858E-2 3.8615E-2 3.92143E-2 3.84943E-2 3.91403E-2 4.20601E-2 4.16015E-2 4.14966E-2 3.68457E-2 3.73339E-2 3.58897E-2 3.36183E-2 3.55407E-2 4.09664E-2 4.08959E-2 4.22331E-2 4.11237E-2 3.74959E-2 3.75459E-2 4.58427E-2 4.43309E-2 4.62969E-2 4.85626E-2 6.15712E-2 5.69834E-2 4.99769E-2 4.7619E-2
5.88509E-2 5.92779E-2 5.62518E-2 4.89748E-2 4.90508E-2 4.81596E-2 4.8733E-2 4.90562E-2 4.783E-2 4.75353E-2 4.742E-2 5.03504E-2 5.0785E-2 5.07778E-2 5.09486E-2 4.94364E-2 4.833E-2 4.68367E-2 4.60864E-2 4.55127E-2 4.69179E-2 4.7001E-2 4.6653E-2 4.58706E-2 4.52738E-2 4.40827E-2 4.27445E-2 4.09885E-2 4.11867E-2 4.19397E-2 4.21309E-2 4.25005E-2 4.09941E-2 4.04128E-2 3.97881E-2 3.83911E-2 3.7617E-2 3.76867E-2 3.7585E-2 3.80427E-2 3.90002E-2 3.73021E-2 3.40397E-2 3.12099E-2 3.15077E-2 3.05132E-2 3.25884E-2 3.59741E-2 3.65384E-2 3.50835E-2 3.77344E-2 3.92833E-2 4.35487E-2 4.65464E-2 4.40893E-2 4.70542E-2 5.0095E-2 6.17691E-2 6.00364E-2 4.88968E-2 5.25427E-2
5.66795E-2 5.6671E-2 5.53408E-2 5.37391E-2 4.77557E-2 4.96304E-2 4.86872E-2 4.8212E-2 5.03728E-2 5.19457E-2 5.17964E-2 4.85648E-2 4.88103E-2 4.96517E-2 5.02108E-2 4.98386E-2 4.82383E-2 4.77327E-2 4.71922E-2 4.62687E-2 4.81136E-2 4.94003E-2 4.81943E-2 4.73852E-2 4.79337E-2 4.56668E-2 4.56643E-2 4.44963E-2 4.27348E-2 4.32059E-2 4.36627E-2 5.83966E-2 5.32405E-2 5.30497E-2 4.45421E-2 3.96041E-2 3.9627E-2 3.78128E-2 3.7644E-2 3.75296E-2 3.85955E-2 3.72083E-2 3.46604E-2 3.21631E-2 3.04481E-2 3.0804E-2 3.0733E-2 3.41121E-2 3.46627E-2 3.60177E-2 4.10943E-2 4.53788E-2 4.42468E-2 4.80315E-2 5.16794E-2 5.40823E-2 4.78735E-2 5.71999E-2 5.77277E-2 4.95033E-2 4.68875E-2
5.24297E-2 5.19566E-2 5.28789E-2 5.20565E-2 4.90225E-2 4.91003E-2 4.82442E-2 4.72832E-2 4.76605E-2 5.16097E-2 5.14717E-2 4.84512E-2 4.76261E-2 4.94423E-2 5.01914E-2 5.01141E-2 4.90291E-2 4.69824E-2 4.64874E-2 4.82297E-2 4.99121E-2 5.03127E-2 5.12986E-2 4.97402E-2 4.79821E-2 4.96475E-2 4.68688E-2 4.51347E-2 4.43119E-2 4.48306E-2 4.81353E-2 5.36698E-2 5.11357E-2 4.55298E-2 4.48651E-2 4.42594E-2 4.61727E-2 4.42873E-2 4.2567E-2 3.91909E-2 3.90154E-2 3.80491E-2 3.51479E-2 3.30991E-2 3.13853E-2 3.11326E-2 3.12854E-2 3.55812E-2 3.70015E-2 4.04294E-2 4.34788E-2 4.13345E-2 4.32267E-2 4.74217E-2 5.32865E-2 5.04428E-2 5.09292E-2 5.33945E-2 5.87535E-2 5.54391E-2 4.89376E-2
5.26137E-2 5.49476E-2 5.32889E-2 5.48249E-2 5.33054E-2 4.81667E-2 4.83508E-2 5.1985E-2 5.25952E-2 5.29092E-2 5.00494E-2 4.80238E-2 4.72587E-2 4.87039E-2 4.90348E-2 5.13687E-2 5.08608E-2 4.94112E-2 4.7302E-2 4.49047E-2 4.51043E-2 4.53307E-2 4.87204E-2 5.03126E-2 4.93762E-2 5.03821E-2 4.80825E-2 4.61045E-2 4.55879E-2 4.81342E-2 4.74907E-2 4.75106E-2 4.89945E-2 4.71218E-2 4.5303E-2 4.53688E-2 4.59249E-2 4.60937E-2 4.60976E-2 4.46663E-2 4.56313E-2 4.64162E-2 4.21221E-2 3.76113E-2 3.44355E-2 3.11249E-2 2.91119E-2 3.0543E-2 3.46037E-2 3.59458E-2 3.77857E-2 4.23146E-2 4.17129E-2 4.62414E-2 5.4055E-2 5.05599E-2 5.59492E-2 4.8216E-2 4.67178E-2 5.5484E-2 5.11792E-2
5.5228E-2 5.5596E-2 5.47619E-2 5.39447E-2 5.53595E-2 5.54086E-2 5.12518E-2 5.22706E-2 5.24678E-2 5.47316E-2 4.88757E-2 4.84337E-2 4.75668E-2 4.88273E-2 5.19713E-2 5.41554E-2 5.38066E-2 5.1325E-2 4.79789E-2 4.66007E-2 4.43243E-2 4.47165E-2 4.54943E-2 4.72197E-2 5.05725E-2 4.95388E-2 5.06601E-2 4.84047E-2 4.65159E-2 4.55627E-2 4.49392E-2 4.61326E-2 4.88004E-2 4.80494E-2 4.77096E-2 4.55756E-2 4.62283E-2 4.70118E-2 4.65711E-2 4.90071E-2 4.8144E-2 4.6563E-2 4.60666E-2 4.044E-2 3.62566E-2 3.75997E-2 3.51541E-2 3.15926E-2 2.81751E-2 2.93628E-2 3.25588E-2 4.1249E-2 4.48482E-2 4.81757E-2 5.3209E-2 4.82914E-2 4.79378E-2 4.44448E-2 5.39637E-2 4.9425E-2 4.4549E-2
5.26367E-2 5.40889E-2 5.40849E-2 5.40153E-2 5.32149E-2 5.2274E-2 5.1698E-2 5.18608E-2 5.40054E-2 5.18538E-2 4.92993E-2 4.96582E-2 4.91171E-2 5.00451E-2 5.43204E-2 5.83125E-2 5.52738E-2 4.82376E-2 4.58747E-2 4.76475E-2 4.57038E-2 4.43489E-2 4.53333E-2 4.65989E-2 4.93789E-2 5.02106E-2 5.48714E-2 4.81524E-2 4.72836E-2 4.48644E-2 4.33372E-2 4.38659E-2 4.69688E-2 4.85665E-2 4.77301E-2 4.70903E-2 4.61048E-2 4.59647E-2 4.59812E-2 4.84825E-2 5.06282E-2 4.84871E-2 4.47873E-2 4.12923E-2 3.61172E-2 3.58211E-2 3.67243E-2 3.56241E-2 3.49286E-2 3.37351E-2 3.58773E-2 3.79674E-2 4.38637E-2 4.62455E-2 4.37264E-2 4.44333E-2 4.53379E-2 4.54947E-2 5.12864E-2 6.25382E-2 4.7802E-2
4.89621E-2 5.09296E-2 5.34134E-2 5.41363E-2 5.60467E-2 5.31171E-2 5.0669E-2 4.89886E-2 5.12467E-2 5.28499E-2 5.29665E-2 5.55129E-2 5.29437E-2 5.11513E-2 5.15954E-2 5.43628E-2 5.20647E-2 5.15808E-2 4.97719E-2 4.81432E-2 4.71328E-2 4.67158E-2 4.81305E-2 5.05123E-2 5.15112E-2 5.06947E-2 5.35673E-2 4.72276E-2 4.63879E-2 4.58761E-2 4.43721E-2 4.38502E-2 4.47942E-2 4.47105E-2 4.41611E-2 4.44912E-2 4.62514E-2 4.64824E-2 4.92948E-2 4.88143E-2 4.83267E-2 4.6086E-2 4.43895E-2 4.28696E-2 3.80975E-2 3.80588E-2 3.86032E-2 3.66074E-2 3.65121E-2 3.71151E-2 3.65686E-2 3.97026E-2 4.2389E-2 4.16347E-2 4.11955E-2 4.16928E-2 4.32092E-2 4.67139E-2 4.75604E-2 5.39503E-2 5.16873E-2
4.99763E-2 4.93633E-2 5.18455E-2 5.4231E-2 5.76713E-2 5.83017E-2 5.83531E-2 5.50436E-2 5.40993E-2 5.18561E-2 5.24904E-2 5.55178E-2 5.40904E-2 5.14231E-2 5.09941E-2 5.41646E-2 5.61146E-2 5.36181E-2 5.39488E-2 5.17992E-2 5.04832E-2 4.98686E-2 4.82905E-2 5.02331E-2 5.17023E-2 5.12137E-2 5.06506E-2 5.08298E-2 4.69956E-2 4.57743E-2 4.64334E-2 4.54465E-2 4.28959E-2 4.294E-2 4.37509E-2 4.20179E-2 4.23342E-2 4.49346E-2 4.50917E-2 4.4852E-2 4.70037E-2 4.63497E-2 4.56593E-2 4.52281E-2 4.31734E-2 3.95961E-2 3.87389E-2 3.61902E-2 3.4161E-2 3.37947E-2 3.20411E-2 3.47863E-2 4.16562E-2 4.23438E-2 4.42184E-2 4.66609E-2 4.69845E-2 4.43641E-2 4.51378E-2 5.03628E-2 4.81409E-2
5.59988E-2 5.42966E-2 5.53626E-2 5.79419E-2 6.02784E-2 6.09837E-2 6.26055E-2 5.92872E-2 5.5722E-2 5.67119E-2 5.33604E-2 5.2113E-2 5.36955E-2 5.75851E-2 5.70468E-2 5.87755E-2 5.75226E-2 5.80566E-2 5.59819E-2 5.50692E-2 5.19035E-2 5.12026E-2 5.13822E-2 5.15308E-2 5.18428E-2 5.30839E-2 5.12656E-2 4.9723E-2 4.94114E-2 4.71429E-2 4.60768E-2 4.69521E-2 4.61731E-2 4.78431E-2 4.81705E-2 4.64444E-2 4.42439E-2 4.16505E-2 4.22547E-2 4.45912E-2 4.72625E-2 4.69019E-2 4.78921E-2 4.70619E-2 4.70094E-2 4.59084E-2 4.2923E-2 3.69629E-2 3.4391E-2 3.38557E-2 3.24589E-2 3.06021E-2 3.19773E-2 3.30085E-2 3.89152E-2 4.15961E-2 4.0126E-2 4.02998E-2 4.17151E-2 4.11249E-2 4.68331E-2
5.5917E-2 5.61344E-2 5.34972E-2 5.74429E-2 5.92752E-2 5.90768E-2 5.95655E-2 6.28019E-2 6.11256E-2 5.94676E-2 6.10923E-2 5.96693E-2 6.07485E-2 5.81093E-2 5.6374E-2 5.67621E-2 5.48112E-2 5.79708E-2 5.80888E-2 5.6842E-2 5.72796E-2 5.47885E-2 5.10934E-2 4.9322E-2 5.05015E-2 5.15618E-2 5.28533E-2 5.0775E-2 5.00821E-2 4.67467E-2 4.37918E-2 4.32361E-2 4.45434E-2 4.69012E-2 4.64237E-2 4.48795E-2 4.32462E-2 4.23938E-2 4.30751E-2 4.58078E-2 4.81462E-2 5.16005E-2 5.13769E-2 5.08802E-2 4.92872E-2 4.84013E-2 4.78538E-2 4.45109E-2 3.83866E-2 3.65132E-2 3.28391E-2 3.21466E-2 3.31171E-2 3.26776E-2 3.30538E-2 3.53614E-2 3.58985E-2 3.49344E-2 3.51987E-2 3.92771E-2 4.12738E-2
6.52686E-2 6.31123E-2 5.8562E-2 5.82687E-2 5.88982E-2 5.96113E-2 6.09792E-2 6.12644E-2 6.13457E-2 6.04235E-2 5.83126E-2 5.9893E-2 6.18332E-2 6.08577E-2 5.73262E-2 5.73456E-2 5.57022E-2 5.70526E-2 5.55776E-2 5.42285E-2 6.0813E-2 5.9785E-2 5.67296E-2 5.57395E-2 5.20157E-2 5.16103E-2 5.30441E-2 5.15575E-2 4.94684E-2 4.70857E-2 4.53856E-2 4.24199E-2 4.26302E-2 4.37271E-2 4.56022E-2 4.52254E-2 4.35894E-2 4.35853E-2 4.41039E-2 4.49507E-2 4.80483E-2 4.98904E-2 5.0315E-2 4.98123E-2 4.88031E-2 4.86082E-2 4.98406E-2 4.80568E-2 4.5567E-2 4.16588E-2 3.97185E-2 3.65998E-2 3.52863E-2 3.64192E-2 3.47571E-2 3.26931E-2 3.31745E-2 3.47057E-2 3.36057E-2 3.35361E-2 3.90228E-2
6.24048E-2 6.06373E-2 6.09701E-2 5.96189E-2 5.88303E-2 6.03223E-2 6.36612E-2 6.4593E-2 6.38108E-2 6.34548E-2 6.18851E-2 6.07767E-2 6.2422E-2 6.29464E-2 6.07426E-2 5.95669E-2 5.94842E-2 5.9435E-2 5.71946E-2 5.38826E-2 5.43469E-2 5.37529E-2 5.34918E-2 5.67652E-2 6.54973E-2 6.11998E-2 5.73725E-2 5.27297E-2 4.86408E-2 4.74209E-2 4.54541E-2 4.35974E-2 4.288E-2 4.16788E-2 4.24894E-2 4.20442E-2 4.18734E-2 4.31234E-2 4.31997E-2 4.44432E-2 4.73126E-2 4.9025E-2 4.88309E-2 4.81698E-2 4.88115E-2 5.07769E-2 5.03484E-2 4.96454E-2 4.95236E-2 4.79414E-2 4.64378E-2 4.34658E-2 3.69213E-2 3.5498E-2 3.54411E-2 3.25524E-2 3.37159E-2 3.50635E-2 3.52756E-2 3.73868E-2 3.97754E-2
6.65567E-2 6.66032E-2 6.5726E-2 6.63335E-2 6.20214E-2 6.54075E-2 6.68109E-2 6.65945E-2 6.53087E-2 6.25902E-2 6.12633E-2 5.82311E-2 5.80207E-2 5.88994E-2 5.93319E-2 6.0294E-2 5.80107E-2 5.45739E-2 5.36451E-2 5.39158E-2 5.75925E-2 6.73909E-2 7.07864E-2 5.50089E-2 5.89913E-2 6.73569E-2 6.66552E-2 6.22151E-2 5.43726E-2 4.89479E-2 4.5732E-2 4.33181E-2 4.2812E-2 4.24678E-2 4.39541E-2 4.36177E-2 4.32641E-2 4.31365E-2 4.30164E-2 4.30441E-2 4.53247E-2 4.65853E-2 4.80297E-2 4.81033E-2 4.92656E-2 5.05531E-2 5.05235E-2 5.07618E-2 5.06257E-2 5.05826E-2 4.84512E-2 4.60274E-2 4.36463E-2 3.84931E-2 3.81518E-2 3.66865E-2 3.6668E-2 3.68068E-2 3.77207E-2 3.9742E-2 3.8623E-2
7.32054E-2 7.36759E-2 7.05615E-2 7.08856E-2 7.05303E-2 7.01339E-2 7.1216E-2 6.73829E-2 6.4006E-2 6.32387E-2 6.32295E-2 5.95781E-2 6.0017E-2 5.70121E-2 5.42805E-2 5.58664E-2 5.59926E-2 5.56829E-2 5.56754E-2 5.37281E-2 5.94042E-2 5.9252E-2 5.9347E-2 5.82254E-2 5.63046E-2 6.44346E-2 6.57054E-2 6.99812E-2 6.80043E-2 5.95642E-2 5.0357E-2 4.78662E-2 4.58051E-2 4.43768E-2 4.47292E-2 4.66214E-2 4.50668E-2 4.32556E-2 4.37882E-2 4.50503E-2 4.42659E-2 4.63729E-2 4.94726E-2 5.16949E-2 5.06149E-2 5.04644E-2 4.99055E-2 5.03605E-2 5.0288E-2 4.9687E-2 4.85971E-2 4.79442E-2 4.77525E-2 4.5364E-2 4.32838E-2 4.15827E-2 4.1797E-2 4.09211E-2 4.13443E-2 4.08372E-2 4.20862E-2
6.683E-2 6.28508E-2 5.57579E-2 5.5575E-2 5.65426E-2 6.02191E-2 6.66951E-2 6.14788E-2 6.14408E-2 6.35901E-2 6.24621E-2 6.34108E-2 6.18604E-2 5.69354E-2 5.49321E-2 5.50344E-2 5.60787E-2 5.57502E-2 5.71266E-2 6.1358E-2 6.59449E-2 6.48023E-2 6.55843E-2 6.39515E-2 5.97825E-2 6.12327E-2 6.15098E-2 6.51046E-2 6.23724E-2 6.26751E-2 5.93209E-2 5.47569E-2 5.46057E-2 4.99937E-2 4.56354E-2 4.77694E-2 4.77524E-2 4.63608E-2 4.62393E-2 4.5837E-2 4.63315E-2 4.62003E-2 5.0001E-2 5.19181E-2 5.22384E-2 4.94575E-2 4.80633E-2 4.8075E-2 4.82345E-2 4.74835E-2 4.75707E-2 4.8721E-2 4.71193E-2 5.15315E-2 4.92652E-2 4.72931E-2 4.50934E-2 4.34043E-2 4.71973E-2 4.54331E-2 4.36537E-2
5.24983E-2 4.57958E-2 4.15499E-2 4.54775E-2 5.59798E-2 6.23048E-2 5.92732E-2 6.11681E-2 6.15043E-2 6.25486E-2 6.34957E-2 5.6995E-2 6.00463E-2 5.90818E-2 6.18259E-2 6.05121E-2 5.9748E-2 6.22584E-2 6.25668E-2 6.46701E-2 6.86052E-2 6.96315E-2 7.12903E-2 7.32905E-2 7.71686E-2 8.01042E-2 7.88026E-2 7.47107E-2 6.71131E-2 5.94796E-2 5.89984E-2 5.3969E-2 5.35964E-2 5.35391E-2 5.16729E-2 5.13311E-2 4.97094E-2 4.79309E-2 4.67919E-2 4.58609E-2 4.63195E-2 4.56235E-2 4.65746E-2 4.6076E-2 4.56307E-2 4.65589E-2 4.58926E-2 4.61765E-2 4.53564E-2 4.47165E-2 4.60096E-2 4.73902E-2 4.70401E-2 5.06152E-2 4.79482E-2 4.44693E-2 4.25307E-2 4.26012E-2 4.68668E-2 4.68064E-2 4.54317E-2
