maxent_outputs/hummingbirds/hummingbird_209.asc
ncols         426
nrows         180
xllcorner     -130.0
yllcorner     24.0
cellsize      0.16666666666666666
NODATA_value  -9999
[rows 135 to 161 of 180, columns 183 to 243 of 426]
6.24492E-1 6.37048E-1 6.41626E-1 6.44656E-1 6.58873E-1 6.69244E-1 6.72412E-1 6.70898E-1 6.83274E-1 6.87018E-1 7.01992E-1 7.05183E-1 7.08292E-1 7.16982E-1 7.16373E-1 7.21569E-1 7.24344E-1 7.30989E-1 7.38636E-1 7.38244E-1 7.49571E-1 7.62099E-1 7.62274E-1 7.7197E-1 7.74348E-1 7.82055E-1 7.81758E-1 7.84143E-1 7.96978E-1 8.0092E-1 8.0954E-1 8.10768E-1 8.09688E-1 8.25567E-1 8.58617E-1 8.61817E-1 8.60099E-1 8.69298E-1 8.77055E-1 8.74956E-1 8.92146E-1 8.96466E-1 9.01238E-1 8.87298E-1 8.85785E-1 8.83365E-1 8.88744E-1 8.98169E-1 9.00303E-1 8.81526E-1 8.63131E-1 8.49122E-1 8.41158E-1 8.40736E-1 8.40686E-1 8.44382E-1 8.50457E-1 8.49261E-1 8.55118E-1 8.53715E-1 8.52814E-1
6.31818E-1 6.3738E-1 6.39567E-1 6.4415E-1 6.42568E-1 6.53932E-1 6.69176E-1 6.66984E-1 6.71643E-1 6.7689E-1 6.90624E-1 7.1085E-1 7.12606E-1 7.15939E-1 7.23688E-1 7.31876E-1 7.32481E-1 7.49457E-1 7.48743E-1 7.50282E-1 7.69206E-1 7.79932E-1 7.7585E-1 7.83623E-1 7.8644E-1 7.97212E-1 8.04151E-1 8.09494E-1 8.11935E-1 8.10963E-1 8.28315E-1 8.42995E-1 8.33814E-1 8.38637E-1 8.60027E-1 8.74446E-1 8.70565E-1 8.7423E-1 8.803E-1 8.8847E-1 9.06567E-1 9.16425E-1 9.12499E-1 8.97861E-1 8.88997E-1 9.00482E-1 9.0796E-1 9.06359E-1 8.99926E-1 8.77014E-1 8.6014E-1 8.37164E-1 8.36774E-1 8.43454E-1 8.4652E-1 8.47184E-1 8.47878E-1 8.55117E-1 8.59177E-1 8.6348E-1 8.65771E-1
6.30018E-1 6.25778E-1 6.35667E-1 6.49915E-1 6.56561E-1 6.55403E-1 6.64291E-1 6.68353E-1 6.65093E-1 6.66391E-1 6.67973E-1 7.00368E-1 7.07228E-1 7.15421E-1 7.27988E-1 7.34197E-1 7.404E-1 7.62158E-1 7.62658E-1 7.65882E-1 7.73226E-1 7.83971E-1 7.90034E-1 7.96032E-1 8.02705E-1 8.1387E-1 8.23632E-1 8.21498E-1 8.22948E-1 8.22008E-1 8.19685E-1 8.36479E-1 8.5891E-1 8.57657E-1 8.62048E-1 8.63616E-1 8.72365E-1 8.81459E-1 8.95779E-1 9.02189E-1 9.10283E-1 9.25414E-1 9.19396E-1 9.11436E-1 9.05356E-1 9.14694E-1 9.09212E-1 9.08693E-1 8.99476E-1 8.7915E-1 8.64725E-1 8.45546E-1 8.48388E-1 8.48628E-1 8.50759E-1 8.46961E-1 8.49578E-1 8.53265E-1 8.55926E-1 8.63108E-1 8.62199E-1
6.31414E-1 6.34293E-1 6.40104E-1 6.45155E-1 6.39733E-1 6.53354E-1 6.73089E-1 6.81807E-1 6.80101E-1 6.82446E-1 6.94979E-1 6.97693E-1 7.03469E-1 7.22193E-1 7.3358E-1 7.38173E-1 7.52315E-1 7.62262E-1 7.65575E-1 7.69818E-1 7.76757E-1 7.84061E-1 7.97453E-1 8.10682E-1 8.25928E-1 8.39501E-1 8.31733E-1 8.32594E-1 8.35079E-1 8.31675E-1 8.29009E-1 8.26185E-1 8.46272E-1 8.65604E-1 8.66826E-1 8.72855E-1 8.79427E-1 8.8859E-1 8.95989E-1 9.01372E-1 9.15463E-1 9.32538E-1 9.33536E-1 9.25601E-1 9.26247E-1 9.25246E-1 9.14758E-1 9.1265E-1 9.05132E-1 8.93827E-1 8.84959E-1 8.77135E-1 8.69302E-1 8.66652E-1 8.58318E-1 8.44994E-1 8.46831E-1 8.49396E-1 8.51316E-1 8.63842E-1 8.60988E-1
6.29212E-1 6.28428E-1 6.26751E-1 6.26635E-1 6.28383E-1 6.41899E-1 6.74886E-1 6.94123E-1 6.99684E-1 7.08263E-1 7.24692E-1 7.12988E-1 7.1949E-1 7.29926E-1 7.34348E-1 7.48292E-1 7.54832E-1 7.5236E-1 7.68581E-1 7.71026E-1 7.84141E-1 7.93209E-1 7.98818E-1 8.12173E-1 8.28864E-1 8.53512E-1 8.70914E-1 8.4422E-1 8.45384E-1 8.42758E-1 8.39732E-1 8.37635E-1 8.51724E-1 8.72588E-1 8.81875E-1 8.89449E-1 8.93498E-1 8.87636E-1 8.9657E-1 9.0718E-1 9.2104E-1 9.37292E-1 9.49348E-1 9.46032E-1 9.43986E-1 9.3545E-1 9.27799E-1 9.20362E-1 9.13957E-1 9.03402E-1 8.96932E-1 8.92802E-1 8.83526E-1 8.8679E-1 8.78202E-1 8.54321E-1 8.46819E-1 8.37957E-1 8.39727E-1 8.52424E-1 8.54721E-1
6.44074E-1 6.53878E-1 6.52686E-1 6.62898E-1 6.65518E-1 6.76251E-1 6.7652E-1 6.87931E-1 7.18529E-1 7.28148E-1 7.36212E-1 7.24551E-1 7.23314E-1 7.25781E-1 7.36122E-1 7.41662E-1 7.44818E-1 7.47726E-1 7.65382E-1 7.77115E-1 7.87953E-1 7.96245E-1 8.16447E-1 8.32394E-1 8.41194E-1 8.56453E-1 8.62191E-1 8.51856E-1 8.61398E-1 8.61967E-1 8.63137E-1 8.67513E-1 8.79674E-1 8.94476E-1 9.01996E-1 8.98955E-1 8.93282E-1 8.90996E-1 9.00227E-1 9.1246E-1 9.29723E-1 9.43259E-1 9.53193E-1 9.512E-1 9.45769E-1 9.42635E-1 9.38537E-1 9.27755E-1 9.19718E-1 9.15323E-1 9.06701E-1 8.91909E-1 8.77801E-1 8.7603E-1 8.73434E-1 8.61184E-1 8.54118E-1 8.41829E-1 8.32468E-1 8.38149E-1 8.46089E-1
6.62649E-1 6.74695E-1 6.81554E-1 6.97016E-1 7.01938E-1 6.98923E-1 6.98868E-1 6.987E-1 7.16502E-1 7.42742E-1 7.47779E-1 7.35079E-1 7.32752E-1 7.38458E-1 7.31812E-1 7.31145E-1 7.3164E-1 7.46391E-1 7.52505E-1 7.70802E-1 7.81056E-1 8.086E-1 8.31966E-1 8.65796E-1 8.5656E-1 8.72492E-1 8.70662E-1 8.75664E-1 8.85041E-1 8.85948E-1 8.90409E-1 8.95209E-1 9.05316E-1 9.01037E-1 9.04232E-1 8.98896E-1 8.9756E-1 9.01937E-1 9.0938E-1 9.20901E-1 9.32911E-1 9.43491E-1 9.49294E-1 9.47687E-1 9.45759E-1 9.4438E-1 9.3919E-1 9.32495E-1 9.20957E-1 9.21246E-1 9.18114E-1 8.96235E-1 8.69207E-1 8.6123E-1 8.71188E-1 8.70166E-1 8.66179E-1 8.45857E-1 8.39798E-1 8.39916E-1 8.48304E-1
6.68371E-1 6.75817E-1 6.87213E-1 6.94904E-1 7.04484E-1 7.1112E-1 7.10218E-1 7.14874E-1 7.28135E-1 7.37624E-1 7.47556E-1 7.44204E-1 7.4148E-1 7.4583E-1 7.30305E-1 7.27142E-1 7.36326E-1 7.55099E-1 7.495E-1 7.63075E-1 7.82971E-1 8.17775E-1 8.47424E-1 8.51108E-1 8.60842E-1 8.73444E-1 8.98592E-1 9.03198E-1 9.05457E-1 9.03297E-1 9.08355E-1 9.08519E-1 9.09309E-1 9.01632E-1 9.04084E-1 9.04558E-1 9.05214E-1 9.18062E-1 9.1488E-1 9.20238E-1 9.31903E-1 9.38173E-1 9.40786E-1 9.41832E-1 9.4083E-1 9.38067E-1 9.36085E-1 9.30557E-1 9.25312E-1 9.20028E-1 9.14094E-1 9.00651E-1 8.88893E-1 8.92803E-1 8.98997E-1 9.22473E-1 9.17146E-1 8.78054E-1 8.74387E-1 8.59857E-1 8.64089E-1
6.80382E-1 6.89471E-1 7.0369E-1 7.11187E-1 7.2161E-1 7.37929E-1 7.30036E-1 7.31995E-1 7.43971E-1 7.40192E-1 7.32388E-1 7.38898E-1 7.3565E-1 7.41643E-1 7.3794E-1 7.41743E-1 7.53861E-1 7.55471E-1 7.55851E-1 7.68396E-1 7.87868E-1 8.12503E-1 8.37774E-1 8.54769E-1 8.649E-1 8.79218E-1 8.88502E-1 8.98262E-1 9.01243E-1 9.01419E-1 9.07727E-1 9.11975E-1 9.19549E-1 9.14411E-1 9.14588E-1 9.14101E-1 9.18385E-1 9.14913E-1 9.13136E-1 9.24427E-1 9.29893E-1 9.30775E-1 9.30391E-1 9.28051E-1 9.26518E-1 9.25271E-1 9.27015E-1 9.31057E-1 9.26138E-1 9.24912E-1 9.18511E-1 9.11033E-1 9.03728E-1 8.97222E-1 8.98434E-1 9.11276E-1 9.14147E-1 8.90148E-1 8.90598E-1 8.9691E-1 9.10439E-1
6.91271E-1 7.03076E-1 7.04286E-1 7.1763E-1 7.17929E-1 7.28468E-1 7.42256E-1 7.51207E-1 7.5277E-1 7.32986E-1 7.24867E-1 7.22585E-1 7.3316E-1 7.37915E-1 7.47784E-1 7.68058E-1 7.80737E-1 7.78024E-1 7.87393E-1 7.90688E-1 8.03396E-1 8.08921E-1 8.28076E-1 8.54796E-1 8.65912E-1 8.72056E-1 8.81028E-1 8.85343E-1 8.95029E-1 8.8972E-1 8.97363E-1 9.05478E-1 9.0232E-1 9.16138E-1 9.20296E-1 9.20691E-1 9.19739E-1 9.24498E-1 9.21815E-1 9.25424E-1 9.36385E-1 9.27271E-1 9.23121E-1 9.22087E-1 9.19622E-1 9.19924E-1 9.16679E-1 9.24022E-1 9.22123E-1 9.25396E-1 9.18771E-1 9.12243E-1 9.06718E-1 9.09809E-1 8.93214E-1 8.86201E-1 8.9163E-1 8.8761E-1 8.97216E-1 9.05686E-1 9.16676E-1
7.10515E-1 7.0318E-1 7.01608E-1 7.31908E-1 7.42096E-1 7.43855E-1 7.5813E-1 7.62092E-1 7.48947E-1 7.31242E-1 7.17412E-1 7.15641E-1 7.26375E-1 7.39991E-1 7.5593E-1 7.72433E-1 7.8826E-1 8.02138E-1 8.00957E-1 8.01406E-1 8.03596E-1 8.0939E-1 8.29969E-1 8.57026E-1 8.70963E-1 8.77515E-1 8.92943E-1 8.86405E-1 8.9232E-1 8.7808E-1 8.88073E-1 8.91588E-1 9.00055E-1 9.03539E-1 9.03301E-1 9.1183E-1 9.15573E-1 9.1082E-1 9.06864E-1 9.14784E-1 9.19126E-1 9.26456E-1 9.23959E-1 9.11989E-1 9.18763E-1 9.19809E-1 9.16737E-1 9.12883E-1 9.15156E-1 9.1729E-1 9.16092E-1 9.05328E-1 9.00522E-1 8.94993E-1 8.94933E-1 9.10347E-1 8.97223E-1 9.07744E-1 9.17081E-1 9.15818E-1 9.2184E-1
7.17644E-1 7.17486E-1 7.28429E-1 7.43118E-1 7.51303E-1 7.61316E-1 7.63984E-1 7.58701E-1 7.48406E-1 7.47468E-1 7.39295E-1 7.28519E-1 7.35584E-1 7.54635E-1 7.65166E-1 7.80501E-1 8.02437E-1 8.00802E-1 8.07227E-1 8.13724E-1 8.08875E-1 8.06817E-1 8.18121E-1 8.39518E-1 8.51984E-1 8.72473E-1 8.93881E-1 8.94885E-1 8.88616E-1 8.91052E-1 8.9465E-1 8.92132E-1 8.92915E-1 -9999 -9999 -9999 -9999 -9999 -9999 9.1278E-1 9.15547E-1 9.12052E-1 9.13411E-1 9.08971E-1 9.11837E-1 9.21205E-1 9.23352E-1 9.1669E-1 9.1107E-1 9.11356E-1 9.10506E-1 9.06296E-1 8.88713E-1 8.93586E-1 8.97157E-1 9.06497E-1 9.21483E-1 9.23618E-1 9.27004E-1 9.34191E-1 9.29725E-1
7.06182E-1 7.13333E-1 7.24767E-1 7.31565E-1 7.45478E-1 7.64313E-1 7.58651E-1 7.45414E-1 7.45013E-1 7.6055E-1 7.57193E-1 7.49981E-1 7.55189E-1 7.75461E-1 7.84642E-1 8.05404E-1 8.0402E-1 8.08398E-1 8.14823E-1 8.21114E-1 8.12456E-1 8.06511E-1 8.11425E-1 8.37551E-1 8.53493E-1 8.63119E-1 8.82556E-1 8.98939E-1 8.99797E-1 9.03093E-1 -9999 -9999 -9999 -9999 -9999 -9999 -9999 -9999 -9999 -9999 -9999 -9999 -9999 -9999 -9999 9.20472E-1 9.21137E-1 -9999 9.25748E-1 9.09872E-1 9.11471E-1 9.10354E-1 9.09433E-1 9.18986E-1 9.22309E-1 9.20643E-1 9.32454E-1 9.34526E-1 9.35872E-1 9.33906E-1 9.29128E-1
7.08941E-1 7.19825E-1 7.25529E-1 7.25517E-1 7.26141E-1 7.35389E-1 7.37193E-1 7.36893E-1 7.3025E-1 7.40252E-1 7.47431E-1 7.5389E-1 7.62151E-1 7.72505E-1 7.85466E-1 7.93862E-1 8.02186E-1 8.0745E-1 8.20796E-1 8.24893E-1 8.26561E-1 8.09793E-1 8.25127E-1 8.58734E-1 8.69819E-1 8.79866E-1 8.82208E-1 9.00913E-1 9.04948E-1 -9999 -9999 -9999 -9999 -9999 -9999 -9999 -9999 -9999 -9999 -9999 -9999 -9999 -9999 -9999 -9999 -9999 -9999 -9999 9.33678E-1 9.25073E-1 9.22456E-1 9.26754E-1 9.20958E-1 9.26042E-1 9.29022E-1 9.3407E-1 9.42467E-1 9.49521E-1 9.44928E-1 9.45892E-1 9.41007E-1
6.97595E-1 7.02287E-1 7.06132E-1 7.03648E-1 7.09971E-1 7.1273E-1 7.12785E-1 7.11361E-1 7.09631E-1 7.19534E-1 7.32217E-1 7.36882E-1 7.46E-1 7.5775E-1 7.72203E-1 7.76694E-1 7.8453E-1 8.03515E-1 8.26656E-1 8.42312E-1 8.384E-1 8.25333E-1 8.43538E-1 8.69019E-1 8.80257E-1 8.8564E-1 8.98654E-1 -9999 -9999 -9999 -9999 -9999 -9999 -9999 -9999 -9999 -9999 -9999 -9999 -9999 -9999 -9999 -9999 -9999 -9999 -9999 -9999 -9999 -9999 -9999 -9999 9.31641E-1 9.36869E-1 9.49489E-1 9.56084E-1 9.41304E-1 9.42603E-1 -9999 -9999 -9999 9.36121E-1
6.89766E-1 6.86448E-1 6.85562E-1 6.84498E-1 6.946E-1 6.94621E-1 7.05446E-1 7.07751E-1 7.08329E-1 7.16168E-1 7.18615E-1 7.31466E-1 7.36612E-1 7.45891E-1 7.51263E-1 7.59484E-1 7.67939E-1 7.93314E-1 8.21712E-1 8.39162E-1 8.37745E-1 8.29353E-1 8.43966E-1 8.61162E-1 8.72946E-1 8.82233E-1 -9999 -9999 -9999 -9999 -9999 -9999 -9999 -9999 -9999 -9999 -9999 -9999 -9999 -9999 -9999 -9999 -9999 -9999 -9999 -9999 -9999 -9999 -9999 -9999 -9999 -9999 -9999 -9999 -9999 -9999 -9999 -9999 -9999 -9999 9.39022E-1
6.88053E-1 6.73194E-1 6.72473E-1 6.7326E-1 6.76084E-1 6.87731E-1 6.90689E-1 7.10731E-1 7.18077E-1 7.3109E-1 7.35916E-1 7.39415E-1 7.44015E-1 7.45361E-1 7.5627E-1 7.55879E-1 7.6388E-1 7.88519E-1 8.08202E-1 8.29156E-1 8.3872E-1 8.26363E-1 8.42572E-1 8.47823E-1 -9999 -9999 -9999 -9999 -9999 -9999 -9999 -9999 -9999 -9999 -9999 -9999 -9999 -9999 -9999 -9999 -9999 -9999 -9999 -9999 -9999 -9999 -9999 -9999 -9999 -9999 -9999 -9999 -9999 -9999 -9999 -9999 -9999 -9999 -9999 -9999 -9999
6.81524E-1 6.60086E-1 6.56652E-1 6.60295E-1 6.64657E-1 6.79949E-1 6.99006E-1 7.17345E-1 7.30096E-1 7.46218E-1 7.64054E-1 7.62275E-1 7.48954E-1 7.37702E-1 7.51686E-1 7.62963E-1 7.63633E-1 7.85885E-1 8.0692E-1 8.38188E-1 8.38184E-1 8.41127E-1 8.52443E-1 -9999 -9999 -9999 -9999 -9999 -9999 -9999 -9999 -9999 -9999 -9999 -9999 -9999 -9999 -9999 -9999 -9999 -9999 -9999 -9999 -9999 -9999 -9999 -9999 -9999 -9999 -9999 -9999 -9999 -9999 -9999 -9999 -9999 -9999 -9999 -9999 -9999 -9999
6.72788E-1 6.4399E-1 6.4125E-1 6.47861E-1 6.58557E-1 6.77728E-1 6.99321E-1 7.2203E-1 7.36651E-1 7.61351E-1 7.79998E-1 7.73661E-1 7.54555E-1 7.38752E-1 7.48486E-1 7.6162E-1 7.81802E-1 7.80362E-1 8.17907E-1 8.56792E-1 -9999 -9999 -9999 -9999 -9999 -9999 -9999 -9999 -9999 -9999 -9999 -9999 -9999 -9999 -9999 -9999 -9999 -9999 -9999 -9999 -9999 -9999 -9999 -9999 -9999 -9999 -9999 -9999 -9999 -9999 -9999 -9999 -9999 -9999 -9999 -9999 -9999 -9999 -9999 -9999 -9999
6.8298E-1 6.64245E-1 6.57808E-1 6.60504E-1 6.59249E-1 6.7676E-1 7.00305E-1 7.19354E-1 7.3971E-1 7.60236E-1 7.71811E-1 7.72742E-1 7.56238E-1 7.41512E-1 7.49527E-1 7.69526E-1 7.9229E-1 8.16886E-1 8.159E-1 -9999 -9999 -9999 -9999 -9999 -9999 -9999 -9999 -9999 -9999 -9999 -9999 -9999 -9999 -9999 -9999 -9999 -9999 -9999 -9999 -9999 -9999 -9999 -9999 -9999 -9999 -9999 -9999 -9999 -9999 -9999 -9999 -9999 -9999 -9999 -9999 -9999 -9999 -9999 -9999 -9999 -9999
6.86195E-1 6.76229E-1 6.67881E-1 6.60158E-1 6.68327E-1 6.83005E-1 6.99521E-1 7.11702E-1 7.32785E-1 7.64602E-1 7.66706E-1 7.77178E-1 7.64989E-1 7.64412E-1 7.89288E-1 7.96128E-1 8.00488E-1 -9999 -9999 -9999 -9999 -9999 -9999 -9999 -9999 -9999 -9999 -9999 -9999 -9999 -9999 -9999 -9999 -9999 -9999 -9999 -9999 -9999 -9999 -9999 -9999 -9999 -9999 -9999 -9999 -9999 -9999 -9999 -9999 -9999 -9999 -9999 -9999 -9999 -9999 -9999 -9999 -9999 -9999 -9999 -9999
6.87419E-1 6.78478E-1 6.7528E-1 6.6416E-1 6.72262E-1 6.81295E-1 6.8727E-1 7.12943E-1 7.32405E-1 7.50842E-1 7.64712E-1 7.88333E-1 7.84824E-1 7.79418E-1 7.86753E-1 7.93632E-1 -9999 -9999 -9999 -9999 -9999 -9999 -9999 -9999 -9999 -9999 -9999 -9999 -9999 -9999 -9999 -9999 -9999 -9999 -9999 -9999 -9999 -9999 -9999 -9999 -9999 -9999 -9999 -9999 -9999 -9999 -9999 -9999 -9999 -9999 -9999 -9999 -9999 -9999 -9999 -9999 -9999 -9999 -9999 -9999 -9999
6.87731E-1 6.8312E-1 6.77369E-1 6.73167E-1 6.71882E-1 6.71348E-1 6.77374E-1 7.04078E-1 7.35517E-1 7.42957E-1 7.49549E-1 7.73144E-1 7.94749E-1 7.90319E-1 8.00483E-1 -9999 -9999 -9999 -9999 -9999 -9999 -9999 -9999 -9999 -9999 -9999 -9999 -9999 -9999 -9999 -9999 -9999 -9999 -9999 -9999 -9999 -9999 -9999 -9999 -9999 -9999 -9999 -9999 -9999 -9999 -9999 -9999 -9999 -9999 -9999 -9999 -9999 -9999 -9999 -9999 -9999 -9999 -9999 -9999 -9999 -9999
6.84967E-1 6.83994E-1 6.85858E-1 6.86473E-1 6.74574E-1 6.6809E-1 6.66114E-1 6.96051E-1 7.23639E-1 7.30736E-1 7.35111E-1 7.45074E-1 7.48818E-1 7.75521E-1 -9999 -9999 -9999 -9999 -9999 -9999 -9999 -9999 -9999 -9999 -9999 -9999 -9999 -9999 -9999 -9999 -9999 -9999 -9999 -9999 -9999 -9999 -9999 -9999 -9999 -9999 -9999 -9999 -9999 -9999 -9999 -9999 -9999 -9999 -9999 -9999 -9999 -9999 -9999 -9999 -9999 -9999 -9999 -9999 -9999 -9999 -9999
6.92042E-1 6.82608E-1 6.90253E-1 6.83615E-1 6.71813E-1 6.68342E-1 6.75569E-1 6.95199E-1 7.09207E-1 7.17068E-1 7.20912E-1 7.31536E-1 7.39119E-1 7.61102E-1 -9999 -9999 -9999 -9999 -9999 -9999 -9999 -9999 -9999 -9999 -9999 -9999 -9999 -9999 -9999 -9999 -9999 -9999 -9999 -9999 -9999 -9999 -9999 -9999 -9999 -9999 -9999 -9999 -9999 -9999 -9999 -9999 -9999 -9999 -9999 -9999 -9999 -9999 -9999 -9999 -9999 -9999 -9999 -9999 -9999 -9999 -9999
6.95256E-1 6.89345E-1 6.91231E-1 6.8602E-1 6.7396E-1 6.70785E-1 6.78812E-1 6.92398E-1 7.1125E-1 7.07541E-1 7.10506E-1 7.2514E-1 7.42189E-1 -9999 -9999 -9999 -9999 -9999 -9999 -9999 -9999 -9999 -9999 -9999 -9999 -9999 -9999 -9999 -9999 -9999 -9999 -9999 -9999 -9999 -9999 -9999 -9999 -9999 -9999 -9999 -9999 -9999 -9999 -9999 -9999 -9999 -9999 -9999 -9999 -9999 -9999 -9999 -9999 -9999 -9999 -9999 -9999 -9999 -9999 -9999 -9999
6.89798E-1 6.84954E-1 6.83263E-1 6.89814E-1 6.72795E-1 6.73936E-1 6.79625E-1 6.99864E-1 7.01659E-1 6.98429E-1 7.04073E-1 7.22013E-1 7.45994E-1 -9999 -9999 -9999 -9999 -9999 -9999 -9999 -9999 -9999 -9999 -9999 -9999 -9999 -9999 -9999 -9999 -9999 -9999 -9999 -9999 -9999 -9999 -9999 -9999 -9999 -9999 -9999 -9999 -9999 -9999 -9999 -9999 -9999 -9999 -9999 -9999 -9999 -9999 -9999 -9999 -9999 -9999 -9999 -9999 -9999 -9999 -9999 -9999
