maxent_outputs/hummingbirds/hummingbird_347.asc
ncols         426
nrows         180
xllcorner     -130.0
yllcorner     24.0
cellsize      0.16666666666666666
NODATA_value  -9999
[rows 0 to 26 of 180, columns 244 to 304 of 426]
4.3824E-2 4.36335E-2 4.43181E-2 4.37759E-2 4.47732E-2 4.55996E-2 4.51975E-2 4.49215E-2 4.43652E-2 4.56274E-2 4.70188E-2 4.52885E-2 4.59346E-2 4.6318E-2 4.54538E-2 4.53473E-2 4.67661E-2 4.91658E-2 4.90354E-2 4.58875E-2 4.45861E-2 4.47517E-2 4.7405E-2 4.37078E-2 4.31517E-2 4.27807E-2 4.25519E-2 4.38113E-2 4.41136E-2 5.07204E-2 4.93891E-2 5.21281E-2 4.9646E-2 4.56609E-2 5.14817E-2 5.04727E-2 5.10723E-2 5.54595E-2 5.67079E-2 5.59401E-2 5.62128E-2 5.41792E-2 5.6865E-2 6.20749E-2 -9999 -9999 -9999 -9999 -9999 -9999 -9999 -9999 -9999 -9999 -9999 -9999 9.90767E-1 -9999 -9999 -9999 9.99164E-1
4.55185E-2 4.53641E-2 4.64912E-2 4.5065E-2 4.52793E-2 4.48478E-2 4.58653E-2 4.51589E-2 4.53367E-2 4.46175E-2 4.41051E-2 4.29089E-2 4.39202E-2 4.4865E-2 4.47331E-2 4.46131E-2 4.55032E-2 4.45844E-2 4.46895E-2 4.47561E-2 4.31783E-2 4.4012E-2 4.48636E-2 4.42339E-2 4.34368E-2 4.39867E-2 4.44095E-2 4.36388E-2 4.36632E-2 4.34172E-2 4.61464E-2 4.57634E-2 4.70558E-2 4.72813E-2 4.94407E-2 5.14399E-2 5.21777E-2 6.09788E-2 5.71386E-2 5.81623E-2 5.66919E-2 5.20876E-2 5.4698E-2 6.31588E-2 -9999 -9999 -9999 -9999 -9999 -9999 -9999 -9999 -9999 -9999 -9999 -9999 -9999 -9999 -9999 -9999 9.60875E-1
4.29557E-2 4.43802E-2 4.48728E-2 4.48684E-2 4.66765E-2 4.64882E-2 4.9063E-2 4.87419E-2 4.87532E-2 4.51953E-2 4.41423E-2 4.26768E-2 4.31709E-2 4.21907E-2 4.24427E-2 4.34026E-2 4.46246E-2 4.41531E-2 4.46392E-2 4.45182E-2 4.36564E-2 4.36724E-2 4.27639E-2 4.30134E-2 4.37199E-2 4.35609E-2 4.20421E-2 4.28661E-2 4.43427E-2 4.49631E-2 4.79204E-2 4.74226E-2 4.70443E-2 4.80148E-2 4.94943E-2 4.93554E-2 5.06543E-2 5.18834E-2 5.42594E-2 5.5164E-2 5.63701E-2 5.2791E-2 5.90062E-2 -9999 -9999 -9999 -9999 -9999 -9999 -9999 -9999 -9999 -9999 -9999 -9999 -9999 -9999 2.03496E-1 -9999 -9999 9.76388E-1
4.40668E-2 4.49665E-2 4.31219E-2 4.16812E-2 4.2153E-2 4.14166E-2 4.34766E-2 4.50398E-2 4.42823E-2 4.40899E-2 4.48988E-2 4.36818E-2 4.27818E-2 4.16313E-2 4.34154E-2 4.20608E-2 4.19641E-2 4.2101E-2 4.34593E-2 4.34663E-2 4.29795E-2 4.3577E-2 4.52047E-2 4.64332E-2 4.58803E-2 4.48759E-2 4.25543E-2 4.2739E-2 4.51824E-2 4.49801E-2 4.51723E-2 4.56756E-2 4.64399E-2 4.85372E-2 4.82177E-2 4.9118E-2 4.98768E-2 5.38811E-2 5.3565E-2 5.4737E-2 5.61464E-2 5.6597E-2 5.83187E-2 6.23406E-2 -9999 -9999 -9999 -9999 -9999 -9999 -9999 -9999 -9999 -9999 -9999 8.78791E-2 8.79242E-2 3.31925E-1 -9999 -9999 -9999
4.1327E-2 4.15021E-2 4.19009E-2 4.20798E-2 4.08531E-2 4.31375E-2 4.19312E-2 4.17643E-2 4.18397E-2 4.22641E-2 4.34515E-2 4.31923E-2 4.25232E-2 4.25435E-2 4.20955E-2 4.08412E-2 4.03869E-2 4.10423E-2 4.16498E-2 4.1579E-2 4.16803E-2 4.21237E-2 4.50452E-2 4.74985E-2 4.29634E-2 4.42878E-2 4.30553E-2 4.26639E-2 4.30241E-2 4.3814E-2 4.10088E-2 4.29911E-2 4.30867E-2 4.55339E-2 4.59383E-2 4.80713E-2 5.05375E-2 5.38726E-2 5.27877E-2 5.4477E-2 5.67536E-2 6.01094E-2 5.77661E-2 7.52947E-2 -9999 5.62805E-2 5.54591E-2 5.5921E-2 5.7347E-2 6.06197E-2 -9999 -9999 -9999 -9999 -9999 8.98605E-2 1.68151E-1 6.87761E-1 9.7545E-1 -9999 -9999
4.36348E-2 4.42229E-2 4.23455E-2 4.5727E-2 4.28224E-2 4.26001E-2 4.40054E-2 4.27978E-2 4.43099E-2 4.36952E-2 4.54987E-2 4.77285E-2 4.53882E-2 4.29325E-2 4.11087E-2 4.15919E-2 3.97702E-2 3.97124E-2 3.9896E-2 4.07851E-2 4.0978E-2 4.15792E-2 4.17775E-2 4.16087E-2 4.19848E-2 4.12251E-2 4.31926E-2 4.33429E-2 4.21573E-2 4.20419E-2 4.30163E-2 4.34487E-2 4.40049E-2 4.52895E-2 4.69968E-2 4.70288E-2 4.99063E-2 4.9339E-2 5.1207E-2 5.18329E-2 5.32254E-2 5.98842E-2 7.06562E-2 8.09637E-2 5.34743E-2 5.19597E-2 5.31596E-2 5.09737E-2 5.1767E-2 5.37085E-2 5.7202E-2 2.65867E-1 -9999 -9999 -9999 -9999 1.09713E-1 8.56761E-2 -9999 -9999 -9999
5.15586E-2 5.19778E-2 4.46662E-2 4.35755E-2 4.54819E-2 4.39433E-2 4.60513E-2 4.5696E-2 4.66119E-2 4.84339E-2 4.61587E-2 5.47089E-2 5.00803E-2 4.44402E-2 4.24378E-2 4.24814E-2 4.02266E-2 3.89837E-2 3.99699E-2 4.06386E-2 3.99036E-2 3.99702E-2 3.89647E-2 3.88117E-2 3.91858E-2 4.05282E-2 4.06983E-2 4.08197E-2 4.19748E-2 4.16409E-2 4.20225E-2 4.32408E-2 4.46105E-2 4.70784E-2 4.78526E-2 4.77846E-2 4.91382E-2 4.93775E-2 5.06265E-2 5.19687E-2 5.43272E-2 5.915E-2 6.31866E-2 6.41845E-2 6.29662E-2 6.01996E-2 6.18965E-2 6.4421E-2 6.46295E-2 5.90322E-2 5.60054E-2 6.15656E-2 -9999 -9999 -9999 -9999 -9999 -9999 -9999 -9999 9.99403E-1
4.21479E-2 4.31336E-2 4.40054E-2 4.32229E-2 4.46139E-2 4.34198E-2 4.3089E-2 4.30895E-2 4.29093E-2 4.34249E-2 4.52292E-2 4.65154E-2 4.33936E-2 4.21591E-2 4.04942E-2 4.03101E-2 4.01755E-2 3.96682E-2 4.07211E-2 3.96069E-2 3.95097E-2 3.81276E-2 3.77549E-2 3.85661E-2 3.90865E-2 3.96637E-2 3.9109E-2 3.96594E-2 4.11935E-2 4.08044E-2 4.14317E-2 4.13506E-2 4.24375E-2 4.33884E-2 4.48249E-2 4.75897E-2 4.96264E-2 4.81186E-2 4.78628E-2 5.03315E-2 5.27168E-2 5.44079E-2 5.49372E-2 5.66156E-2 6.22395E-2 -9999 -9999 -9999 7.35952E-2 6.82543E-2 6.0553E-2 6.0668E-2 -9999 -9999 -9999 -9999 -9999 -9999 -9999 -9999 9.93356E-1
4.03571E-2 4.00483E-2 4.00411E-2 4.07889E-2 4.0744E-2 4.04445E-2 4.245E-2 4.40587E-2 4.77825E-2 4.5418E-2 4.63408E-2 4.45899E-2 4.42267E-2 4.16015E-2 4.07435E-2 4.2086E-2 3.94219E-2 3.87053E-2 3.90932E-2 3.9768E-2 3.82384E-2 3.7576E-2 3.71472E-2 3.86334E-2 3.92584E-2 3.82416E-2 3.8434E-2 3.94561E-2 3.89929E-2 3.90972E-2 4.05224E-2 4.03898E-2 4.17E-2 4.47896E-2 4.53043E-2 4.64365E-2 4.85307E-2 4.85499E-2 4.88867E-2 5.09286E-2 5.27212E-2 5.29334E-2 5.13496E-2 5.1113E-2 5.1781E-2 5.58916E-2 5.88562E-2 -9999 -9999 -9999 -9999 -9999 -9999 -9999 -9999 -9999 -9999 -9999 2.82334E-1 -9999 9.95922E-1
3.98679E-2 4.11851E-2 4.16311E-2 4.30981E-2 4.17362E-2 4.21142E-2 4.21523E-2 4.36124E-2 4.36242E-2 4.44465E-2 4.249E-2 4.30593E-2 4.04362E-2 4.0523E-2 4.04123E-2 4.05022E-2 4.07833E-2 4.13152E-2 3.87269E-2 3.89087E-2 3.69085E-2 3.6648E-2 3.60019E-2 3.62186E-2 4.15055E-2 3.87703E-2 3.71326E-2 3.81451E-2 3.76509E-2 3.81692E-2 3.95739E-2 3.93577E-2 4.30773E-2 4.26989E-2 4.40959E-2 4.62889E-2 4.82026E-2 4.92559E-2 5.0199E-2 4.93498E-2 4.9318E-2 4.95158E-2 5.07065E-2 4.8434E-2 5.10054E-2 5.36917E-2 5.60758E-2 -9999 -9999 -9999 -9999 -9999 -9999 -9999 9.99316E-1 -9999 -9999 -9999 -9999 -9999 9.99514E-1
4.05506E-2 4.181E-2 4.20737E-2 4.33606E-2 4.23677E-2 4.32327E-2 4.51747E-2 4.55754E-2 4.81453E-2 4.46984E-2 4.45026E-2 4.30157E-2 4.20894E-2 4.04889E-2 4.04293E-2 3.93541E-2 3.89502E-2 3.81624E-2 3.91181E-2 3.79689E-2 3.60497E-2 3.66293E-2 3.64341E-2 3.49344E-2 4.35154E-2 4.37952E-2 3.56537E-2 3.65587E-2 3.57646E-2 3.53779E-2 3.7284E-2 3.83978E-2 3.92462E-2 4.00434E-2 4.22099E-2 4.52602E-2 4.59133E-2 4.84284E-2 4.72027E-2 4.90682E-2 4.93785E-2 4.96156E-2 4.89509E-2 4.86039E-2 5.42642E-2 5.51902E-2 5.82118E-2 1.7829E-1 -9999 -9999 -9999 -9999 -9999 -9999 -9999 -9999 -9999 -9999 2.28331E-1 9.80741E-2 -9999
4.0913E-2 4.10542E-2 4.01206E-2 4.10272E-2 4.23675E-2 4.39578E-2 4.29862E-2 4.22964E-2 4.16392E-2 4.01174E-2 4.09499E-2 4.15882E-2 4.14156E-2 4.11539E-2 3.98084E-2 3.98424E-2 3.82349E-2 3.88234E-2 3.76301E-2 3.61312E-2 3.61205E-2 3.46082E-2 3.50911E-2 3.54597E-2 3.45727E-2 3.4741E-2 3.45493E-2 3.4357E-2 3.40337E-2 3.55018E-2 3.60006E-2 3.70812E-2 3.79549E-2 3.93165E-2 4.10378E-2 4.37119E-2 4.42378E-2 4.46292E-2 4.45644E-2 4.6969E-2 4.66921E-2 4.68967E-2 4.68709E-2 4.95225E-2 4.82925E-2 4.95816E-2 5.14247E-2 5.28548E-2 5.2512E-2 5.70046E-2 6.31842E-2 -9999 -9999 -9999 -9999 -9999 -9999 -9999 9.11365E-2 8.48298E-2 8.78647E-2
3.96563E-2 4.00893E-2 4.03972E-2 4.19736E-2 4.18871E-2 3.96236E-2 4.13812E-2 4.08185E-2 3.97202E-2 3.96946E-2 3.96832E-2 3.92866E-2 3.98094E-2 3.8906E-2 3.96031E-2 3.97182E-2 3.71231E-2 3.79108E-2 3.71092E-2 3.72317E-2 3.5719E-2 3.5527E-2 3.43487E-2 3.56354E-2 3.51711E-2 3.41346E-2 3.46608E-2 3.44867E-2 3.45626E-2 3.48871E-2 3.60013E-2 3.65637E-2 3.73271E-2 3.88433E-2 4.05814E-2 4.10392E-2 4.07267E-2 4.1043E-2 4.31717E-2 4.4207E-2 4.48888E-2 4.44344E-2 4.45506E-2 4.52338E-2 4.68243E-2 4.71147E-2 4.80106E-2 4.98458E-2 4.97082E-2 5.09827E-2 5.72463E-2 6.3726E-2 -9999 -9999 -9999 -9999 -9999 -9999 8.8083E-2 7.6063E-2 1.03531E-1
3.95485E-2 3.88793E-2 4.00779E-2 4.01201E-2 4.10989E-2 3.93546E-2 4.0576E-2 4.03129E-2 3.93884E-2 3.96816E-2 3.91016E-2 3.79337E-2 3.86533E-2 3.907E-2 3.89206E-2 3.92032E-2 3.90004E-2 3.91697E-2 3.78015E-2 3.8087E-2 3.6684E-2 3.56851E-2 3.40737E-2 3.42428E-2 3.43347E-2 3.43071E-2 3.43888E-2 3.35858E-2 3.46118E-2 3.49221E-2 3.6394E-2 3.57987E-2 3.73173E-2 3.82751E-2 3.73695E-2 3.71079E-2 3.94752E-2 4.41909E-2 4.0748E-2 4.16872E-2 4.27025E-2 4.195E-2 4.36172E-2 4.44439E-2 4.56174E-2 4.65717E-2 4.66002E-2 4.64033E-2 4.62426E-2 5.02459E-2 5.33608E-2 5.76996E-2 6.26539E-2 -9999 -9999 -9999 -9999 -9999 -9999 -9999 1.51051E-1
3.78447E-2 3.83903E-2 4.0128E-2 4.14245E-2 4.27225E-2 4.09647E-2 4.03282E-2 4.12586E-2 4.27337E-2 4.0856E-2 3.87157E-2 3.90178E-2 3.79501E-2 3.85561E-2 3.87964E-2 3.93226E-2 3.92163E-2 3.80413E-2 3.70413E-2 3.79602E-2 3.6501E-2 3.54891E-2 3.55931E-2 3.44363E-2 3.3636E-2 3.50737E-2 3.27387E-2 3.29185E-2 3.28498E-2 3.39197E-2 3.41827E-2 3.367E-2 3.5313E-2 3.60653E-2 3.53575E-2 3.85528E-2 4.03039E-2 3.90694E-2 3.91564E-2 4.10016E-2 4.10778E-2 4.0777E-2 4.20459E-2 4.28484E-2 4.31213E-2 4.62972E-2 4.65172E-2 4.52921E-2 4.70388E-2 5.0389E-2 5.28244E-2 5.67412E-2 6.38172E-2 7.0895E-2 -9999 -9999 -9999 -9999 9.50022E-2 8.75907E-2 8.69525E-2
3.87615E-2 3.99353E-2 4.16868E-2 3.98773E-2 4.03209E-2 4.14832E-2 4.11836E-2 4.05834E-2 4.27541E-2 4.30951E-2 4.05119E-2 3.99633E-2 4.13034E-2 4.29684E-2 3.98981E-2 4.09262E-2 4.0237E-2 3.88086E-2 3.82445E-2 3.65992E-2 3.5114E-2 3.42807E-2 3.85723E-2 3.41979E-2 3.34658E-2 3.42016E-2 3.35502E-2 3.31055E-2 3.30856E-2 3.40746E-2 3.53678E-2 3.44794E-2 3.45458E-2 3.70419E-2 3.66858E-2 3.64714E-2 3.62438E-2 3.6997E-2 3.74123E-2 3.74947E-2 3.8156E-2 3.88527E-2 4.01858E-2 3.97908E-2 4.12942E-2 4.39046E-2 4.47807E-2 4.6546E-2 4.97602E-2 5.23835E-2 5.8842E-2 6.64776E-2 6.85149E-2 7.24036E-2 -9999 -9999 -9999 8.1494E-2 8.22055E-2 7.89369E-2 8.9383E-2
3.93554E-2 4.05588E-2 4.06251E-2 4.05827E-2 4.18662E-2 4.06542E-2 4.27168E-2 4.2499E-2 4.13063E-2 4.30126E-2 4.45335E-2 4.54512E-2 4.4335E-2 4.2383E-2 4.17552E-2 4.01174E-2 3.81655E-2 3.77553E-2 3.83372E-2 3.73499E-2 3.51507E-2 3.38995E-2 3.40907E-2 3.27968E-2 3.31204E-2 3.48261E-2 3.34298E-2 3.24668E-2 3.31147E-2 3.4028E-2 3.56088E-2 3.54755E-2 3.61408E-2 3.49686E-2 3.48469E-2 3.44575E-2 3.4589E-2 3.45469E-2 3.52831E-2 3.55449E-2 3.77458E-2 3.79948E-2 3.82069E-2 3.91936E-2 3.99012E-2 4.25268E-2 4.51227E-2 4.74923E-2 4.95905E-2 5.36152E-2 6.20169E-2 6.75919E-2 7.27133E-2 6.85045E-2 6.55494E-2 6.93213E-2 7.45414E-2 7.91305E-2 7.59011E-2 7.9472E-2 7.91359E-2
3.83703E-2 3.83994E-2 3.91327E-2 4.02589E-2 4.00284E-2 3.92117E-2 4.16503E-2 4.12165E-2 4.24077E-2 4.20896E-2 4.18548E-2 4.17614E-2 4.15418E-2 4.05783E-2 3.97527E-2 3.81151E-2 3.75829E-2 3.69792E-2 3.74222E-2 3.70668E-2 3.52532E-2 3.39827E-2 3.41732E-2 3.28157E-2 3.3166E-2 3.29117E-2 3.26364E-2 3.29699E-2 3.56103E-2 3.38094E-2 3.47105E-2 3.49818E-2 3.31022E-2 3.43415E-2 3.3866E-2 3.41953E-2 3.37168E-2 3.49225E-2 3.7429E-2 3.65712E-2 3.57104E-2 3.58887E-2 3.54465E-2 3.67993E-2 3.96388E-2 4.25868E-2 4.69307E-2 4.78857E-2 5.23164E-2 5.79445E-2 6.31253E-2 6.65336E-2 6.31165E-2 6.11816E-2 6.04286E-2 6.30353E-2 7.35686E-2 8.21212E-2 7.87913E-2 7.95018E-2 8.29288E-2
3.98256E-2 3.94809E-2 3.9664E-2 3.9947E-2 4.09982E-2 4.13944E-2 4.14231E-2 4.10498E-2 4.27541E-2 4.29386E-2 4.22209E-2 4.11984E-2 4.28945E-2 4.17626E-2 3.7793E-2 3.86907E-2 3.89335E-2 3.98025E-2 3.98959E-2 3.85006E-2 3.70065E-2 3.54914E-2 3.43878E-2 3.29022E-2 3.35097E-2 3.53953E-2 3.33288E-2 3.27969E-2 3.60682E-2 3.27701E-2 3.18228E-2 3.33162E-2 3.25451E-2 3.52942E-2 3.37035E-2 3.23654E-2 3.2083E-2 3.32561E-2 3.31261E-2 3.40265E-2 3.56369E-2 3.45852E-2 3.53611E-2 3.87592E-2 4.33313E-2 4.41164E-2 4.3992E-2 4.94981E-2 5.26708E-2 5.3947E-2 5.56881E-2 5.90666E-2 5.92483E-2 5.93925E-2 6.04536E-2 6.36339E-2 6.80277E-2 7.24538E-2 7.58242E-2 7.12973E-2 7.25091E-2
3.95117E-2 4.15894E-2 3.73604E-2 3.82358E-2 4.04522E-2 4.01237E-2 4.3949E-2 4.23322E-2 4.12071E-2 3.97E-2 4.11919E-2 4.02815E-2 4.11859E-2 4.52729E-2 4.15312E-2 4.10244E-2 4.23467E-2 3.91445E-2 4.16821E-2 4.19572E-2 3.92389E-2 3.44853E-2 3.49789E-2 3.30158E-2 3.40115E-2 3.53433E-2 3.57333E-2 3.52893E-2 3.38567E-2 3.35121E-2 3.19661E-2 3.38741E-2 3.28575E-2 3.31388E-2 3.33835E-2 3.22089E-2 3.24715E-2 3.1897E-2 3.19782E-2 3.2947E-2 3.5043E-2 3.64257E-2 3.81751E-2 4.15945E-2 4.23675E-2 4.22532E-2 4.27598E-2 4.66178E-2 4.74003E-2 4.74481E-2 5.11194E-2 5.01648E-2 5.35016E-2 5.46756E-2 5.77793E-2 6.08024E-2 6.24793E-2 6.40191E-2 6.52991E-2 6.87193E-2 7.12392E-2
3.81191E-2 3.81286E-2 3.75468E-2 3.7351E-2 3.87949E-2 3.91313E-2 4.26325E-2 4.09416E-2 4.0178E-2 4.07289E-2 4.28227E-2 4.77837E-2 4.05611E-2 4.11286E-2 3.97434E-2 3.93449E-2 4.1145E-2 3.88992E-2 3.82335E-2 3.88018E-2 3.63545E-2 3.38242E-2 3.27101E-2 3.38683E-2 3.22957E-2 3.13609E-2 3.1361E-2 3.2228E-2 3.50131E-2 3.33061E-2 3.24737E-2 3.26049E-2 3.20759E-2 3.27602E-2 3.23422E-2 3.06922E-2 3.07249E-2 3.10444E-2 3.21578E-2 3.5467E-2 3.77336E-2 3.73036E-2 3.79956E-2 4.02982E-2 4.05413E-2 4.16827E-2 4.55603E-2 4.71552E-2 4.96676E-2 4.82777E-2 4.97722E-2 4.84879E-2 4.68661E-2 4.74892E-2 4.93927E-2 5.33872E-2 5.36393E-2 5.57029E-2 5.61732E-2 6.1916E-2 6.50276E-2
3.72115E-2 3.98353E-2 3.85223E-2 3.82851E-2 3.84224E-2 3.96305E-2 3.93665E-2 3.98989E-2 4.12614E-2 4.19523E-2 4.12912E-2 4.66463E-2 4.819E-2 4.59571E-2 4.54471E-2 4.39615E-2 4.06523E-2 3.75224E-2 3.53943E-2 3.67596E-2 3.71038E-2 3.50424E-2 3.23805E-2 3.10578E-2 2.99396E-2 3.15615E-2 3.23423E-2 3.38908E-2 3.5961E-2 3.61154E-2 3.33278E-2 3.25319E-2 3.25755E-2 3.32534E-2 3.20615E-2 3.15529E-2 3.21077E-2 3.29425E-2 3.40579E-2 3.78111E-2 3.98417E-2 3.74272E-2 3.88443E-2 3.77452E-2 3.90354E-2 4.26889E-2 4.4246E-2 4.58191E-2 4.44924E-2 4.46049E-2 4.5757E-2 4.38261E-2 4.32123E-2 4.77225E-2 5.94213E-2 5.18569E-2 5.22192E-2 5.06286E-2 5.38426E-2 5.52117E-2 5.89161E-2
3.70418E-2 3.80383E-2 4.01995E-2 4.66367E-2 5.44846E-2 5.16221E-2 4.6236E-2 4.14642E-2 4.27757E-2 4.14865E-2 4.01662E-2 4.3133E-2 4.47698E-2 4.36611E-2 4.59176E-2 4.54118E-2 4.39592E-2 3.83257E-2 3.66606E-2 3.52486E-2 3.60848E-2 3.70929E-2 3.64869E-2 3.34415E-2 3.34622E-2 3.31882E-2 3.41799E-2 3.46742E-2 3.39051E-2 3.61106E-2 3.46106E-2 3.43629E-2 3.49367E-2 3.32533E-2 3.30498E-2 3.34339E-2 3.63869E-2 3.47204E-2 3.44823E-2 3.63918E-2 3.91984E-2 3.82309E-2 3.65665E-2 4.04494E-2 3.92266E-2 4.11911E-2 4.42441E-2 4.09858E-2 4.00895E-2 4.08551E-2 4.25711E-2 4.14664E-2 4.53939E-2 4.72753E-2 5.15205E-2 4.83714E-2 4.98E-2 5.15248E-2 5.41571E-2 5.33505E-2 5.34423E-2
3.99508E-2 4.27458E-2 5.02292E-2 6.99769E-2 6.13287E-2 6.61099E-2 6.71663E-2 5.04086E-2 4.32736E-2 4.31454E-2 4.25205E-2 5.21093E-2 4.56853E-2 4.54393E-2 4.85827E-2 4.26397E-2 4.13077E-2 3.56153E-2 3.59956E-2 3.58608E-2 3.2929E-2 3.59112E-2 3.70908E-2 3.85055E-2 3.64229E-2 3.50357E-2 3.36807E-2 3.45735E-2 3.65128E-2 3.55155E-2 3.6278E-2 3.72101E-2 3.5075E-2 3.32107E-2 3.3527E-2 3.37093E-2 3.74416E-2 3.8136E-2 3.86535E-2 3.75232E-2 3.86005E-2 4.13875E-2 4.02198E-2 4.1386E-2 4.16613E-2 4.05306E-2 3.95772E-2 3.84162E-2 3.95899E-2 3.86757E-2 4.03115E-2 3.98956E-2 4.37911E-2 4.14454E-2 4.36347E-2 4.35656E-2 4.54339E-2 4.97045E-2 5.17611E-2 5.16685E-2 5.49404E-2
4.36362E-2 4.57276E-2 6.46681E-2 8.56288E-2 8.1317E-2 1.06464E-1 1.13714E-1 9.21956E-2 4.78848E-2 4.29297E-2 4.86977E-2 5.64241E-2 4.68874E-2 4.66383E-2 4.88803E-2 4.5098E-2 3.88597E-2 3.71492E-2 4.58944E-2 3.76041E-2 3.46215E-2 3.40641E-2 3.53531E-2 3.57632E-2 3.45664E-2 3.28179E-2 3.36164E-2 3.62557E-2 3.82747E-2 3.84392E-2 3.47074E-2 3.58509E-2 3.49434E-2 3.25987E-2 3.48877E-2 3.43451E-2 3.46368E-2 3.55443E-2 3.6649E-2 3.77837E-2 3.85441E-2 3.85667E-2 3.89993E-2 4.06158E-2 3.82452E-2 3.73596E-2 4.02748E-2 3.96415E-2 3.86175E-2 3.91972E-2 3.82246E-2 3.89585E-2 3.99939E-2 4.16594E-2 4.19816E-2 4.26767E-2 4.37914E-2 4.86314E-2 5.16405E-2 5.05949E-2 4.97562E-2
4.15219E-2 4.84263E-2 8.84772E-2 1.02839E-1 1.1149E-1 1.20114E-1 1.25469E-1 8.10535E-2 4.7159E-2 4.518E-2 4.91798E-2 4.68225E-2 5.01966E-2 5.09183E-2 5.27031E-2 4.36062E-2 4.34686E-2 3.2522E-2 3.47314E-2 4.3695E-2 3.66951E-2 3.57076E-2 3.63259E-2 3.65061E-2 3.38466E-2 3.33683E-2 3.40478E-2 3.40955E-2 3.47834E-2 3.42742E-2 3.58442E-2 3.58238E-2 3.50342E-2 3.27962E-2 3.30351E-2 3.52635E-2 3.38893E-2 3.24659E-2 3.41253E-2 3.76632E-2 3.83383E-2 4.00436E-2 3.98224E-2 3.98231E-2 3.59206E-2 3.3575E-2 3.45099E-2 3.67828E-2 3.67252E-2 3.75995E-2 3.84905E-2 3.92062E-2 4.04558E-2 3.89511E-2 4.15298E-2 4.27955E-2 4.34199E-2 4.68417E-2 4.7726E-2 4.871E-2 4.70767E-2
3.81935E-2 4.24459E-2 7.25411E-2 8.75296E-2 8.88289E-2 9.98148E-2 1.10049E-1 5.73641E-2 3.9722E-2 3.93662E-2 4.04838E-2 4.34373E-2 4.3977E-2 4.9512E-2 5.45358E-2 5.81452E-2 4.52113E-2 4.05134E-2 3.39439E-2 3.48352E-2 3.45681E-2 3.60265E-2 3.81167E-2 3.52478E-2 3.26153E-2 3.27688E-2 3.35205E-2 3.45009E-2 3.60234E-2 3.44518E-2 3.3744E-2 3.36413E-2 3.44234E-2 3.46361E-2 3.38095E-2 3.33373E-2 3.18306E-2 3.32267E-2 3.63082E-2 3.83948E-2 4.06163E-2 4.13231E-2 4.07136E-2 3.65639E-2 3.17446E-2 3.36805E-2 3.43282E-2 3.67901E-2 3.62284E-2 3.72633E-2 3.8732E-2 3.9201E-2 3.62502E-2 3.94683E-2 4.1118E-2 4.31138E-2 4.50047E-2 4.38454E-2 4.35729E-2 4.56576E-2 4.77605E-2
