maxent_outputs/hummingbirds/hummingbird_58.asc
ncols         426
nrows         180
xllcorner     -130.0
yllcorner     24.0
cellsize      0.16666666666666666
NODATA_value  -9999
[rows 54 to 80 of 180, columns 183 to 243 of 426]
8.39338E-2 8.86346E-2 9.83409E-2 9.94996E-2 9.76068E-2 9.4658E-2 9.6548E-2 9.34421E-2 8.99838E-2 8.64623E-2 8.2991E-2 8.45084E-2 8.95788E-2 8.97904E-2 8.72788E-2 8.30258E-2 8.98094E-2 9.27994E-2 9.29456E-2 8.88356E-2 9.12867E-2 8.93225E-2 8.27178E-2 7.46317E-2 7.65474E-2 7.71693E-2 8.01571E-2 8.4754E-2 8.32295E-2 8.18375E-2 8.56963E-2 8.24131E-2 8.78691E-2 8.77644E-2 9.55972E-2 1.06138E-1 1.08143E-1 1.04941E-1 1.04555E-1 9.683E-2 1.02709E-1 9.15773E-2 8.00847E-2 7.8811E-2 8.69353E-2 9.46613E-2 9.41531E-2 9.50852E-2 1.02696E-1 9.6389E-2 9.14542E-2 8.83285E-2 8.45584E-2 8.1809E-2 7.78018E-2 7.8743E-2 7.9947E-2 7.96862E-2 8.50603E-2 8.96413E-2 8.42639E-2
8.55175E-2 8.98119E-2 9.44349E-2 9.57568E-2 9.66263E-2 9.87679E-2 9.82172E-2 9.19598E-2 9.15047E-2 8.81153E-2 8.42017E-2 8.99412E-2 8.58105E-2 8.83674E-2 8.61516E-2 8.20617E-2 8.27005E-2 8.46461E-2 8.7575E-2 8.78723E-2 8.63305E-2 8.55863E-2 8.14604E-2 8.0563E-2 8.31559E-2 8.52067E-2 8.6547E-2 9.27159E-2 8.5844E-2 8.21002E-2 8.39943E-2 8.86579E-2 8.97732E-2 8.93625E-2 9.69246E-2 1.05287E-1 1.0733E-1 1.09617E-1 1.0516E-1 1.07552E-1 1.09469E-1 9.53398E-2 9.27558E-2 9.05681E-2 9.89973E-2 1.06016E-1 1.00693E-1 1.06162E-1 1.03781E-1 9.44375E-2 9.29474E-2 9.0339E-2 8.34546E-2 8.17614E-2 8.08394E-2 8.35257E-2 8.53894E-2 9.02716E-2 9.7217E-2 9.2369E-2 8.98218E-2
9.45836E-2 1.0226E-1 1.06829E-1 1.06541E-1 1.02846E-1 1.03835E-1 1.02718E-1 9.69382E-2 9.26447E-2 9.139E-2 8.69113E-2 8.40678E-2 8.47709E-2 8.90733E-2 9.36156E-2 8.6873E-2 8.14269E-2 7.96459E-2 8.30754E-2 9.11363E-2 9.30135E-2 8.9944E-2 8.634E-2 8.78082E-2 8.71199E-2 9.04477E-2 9.75818E-2 9.89455E-2 9.17056E-2 8.91421E-2 8.54678E-2 9.09228E-2 9.23425E-2 9.95798E-2 9.59864E-2 9.57069E-2 9.53056E-2 9.90241E-2 9.97965E-2 1.01322E-1 1.04228E-1 1.11621E-1 1.13568E-1 1.05586E-1 1.08418E-1 1.09875E-1 1.02878E-1 1.00337E-1 9.68737E-2 9.10554E-2 8.68415E-2 8.26874E-2 8.19309E-2 7.91991E-2 7.85385E-2 8.41288E-2 8.59085E-2 8.47939E-2 8.52539E-2 9.04993E-2 8.60128E-2
9.55315E-2 9.59963E-2 1.02528E-1 1.04693E-1 1.10687E-1 1.07745E-1 1.06675E-1 1.06128E-1 9.97891E-2 9.7297E-2 9.03281E-2 8.40697E-2 8.55734E-2 8.89016E-2 8.93837E-2 9.37651E-2 9.10953E-2 8.66095E-2 8.55164E-2 9.02192E-2 9.36055E-2 9.67938E-2 9.71902E-2 9.36467E-2 9.39783E-2 9.34392E-2 9.59248E-2 9.53468E-2 9.93207E-2 9.7845E-2 9.52957E-2 9.78571E-2 1.00599E-1 1.07476E-1 9.45631E-2 9.43435E-2 9.1985E-2 9.42185E-2 9.89769E-2 1.01881E-1 1.0094E-1 1.00495E-1 1.00888E-1 1.10767E-1 1.18687E-1 1.18957E-1 1.07758E-1 1.00281E-1 9.67401E-2 9.15523E-2 8.64768E-2 8.07155E-2 8.46495E-2 8.30176E-2 8.36991E-2 8.41272E-2 8.90066E-2 8.83962E-2 9.15521E-2 8.6138E-2 8.68516E-2
1.05647E-1 1.00163E-1 1.02209E-1 1.01031E-1 1.08142E-1 1.14533E-1 1.05624E-1 1.06643E-1 1.05226E-1 1.03093E-1 9.69398E-2 9.04174E-2 9.83373E-2 9.17767E-2 9.354E-2 9.77672E-2 9.81962E-2 9.22129E-2 8.80637E-2 8.9872E-2 9.50293E-2 9.6296E-2 9.70694E-2 1.01382E-1 9.97562E-2 9.97131E-2 1.04074E-1 1.0438E-1 1.05821E-1 1.02847E-1 1.05657E-1 1.12711E-1 1.07689E-1 1.10954E-1 1.06967E-1 9.79729E-2 9.5561E-2 9.25868E-2 9.03105E-2 9.64528E-2 1.01637E-1 1.0306E-1 1.04703E-1 1.0205E-1 1.05015E-1 1.23083E-1 1.10015E-1 1.04269E-1 1.00155E-1 9.40555E-2 9.2342E-2 8.85123E-2 8.5709E-2 8.86298E-2 9.04431E-2 8.70415E-2 9.23034E-2 9.71957E-2 9.18448E-2 8.58335E-2 8.68748E-2
1.26671E-1 1.16202E-1 1.13064E-1 1.07565E-1 1.03197E-1 1.15835E-1 1.19608E-1 1.13597E-1 1.1208E-1 1.10205E-1 1.03387E-1 9.66084E-2 9.15933E-2 9.30623E-2 9.63242E-2 9.79115E-2 9.66353E-2 9.7291E-2 9.18447E-2 8.8691E-2 9.31782E-2 9.53593E-2 1.02761E-1 9.82609E-2 1.00386E-1 1.01942E-1 1.04062E-1 1.06179E-1 1.12734E-1 1.10179E-1 1.09353E-1 1.08906E-1 1.1395E-1 1.08722E-1 1.0221E-1 9.71688E-2 9.5744E-2 9.29352E-2 8.891E-2 9.45386E-2 1.00018E-1 1.04341E-1 1.00689E-1 9.3336E-2 9.83333E-2 1.02398E-1 1.16931E-1 1.14779E-1 1.08985E-1 1.0543E-1 1.01652E-1 9.64097E-2 9.07621E-2 9.57096E-2 9.85253E-2 9.54273E-2 1.00653E-1 1.02638E-1 9.50226E-2 9.27928E-2 9.53945E-2
1.27657E-1 1.2725E-1 1.21086E-1 1.16064E-1 1.12041E-1 1.15845E-1 1.26529E-1 1.223E-1 1.19696E-1 1.16526E-1 1.11513E-1 1.01689E-1 9.33426E-2 9.21081E-2 9.77038E-2 1.01648E-1 1.0036E-1 9.95992E-2 9.23383E-2 9.33639E-2 9.26198E-2 9.39711E-2 9.98265E-2 1.00402E-1 1.00082E-1 9.95309E-2 1.03255E-1 1.03943E-1 1.08347E-1 1.11495E-1 1.1206E-1 1.07236E-1 1.124E-1 1.08827E-1 1.06204E-1 1.01962E-1 9.91529E-2 9.50974E-2 9.04858E-2 9.20679E-2 9.59581E-2 1.01266E-1 9.93497E-2 9.54672E-2 9.51548E-2 9.67082E-2 9.9478E-2 1.02746E-1 1.12677E-1 1.19462E-1 1.05639E-1 1.01919E-1 9.94862E-2 9.33952E-2 9.33265E-2 9.90287E-2 1.03085E-1 1.07095E-1 9.64347E-2 9.57819E-2 9.73164E-2
1.43806E-1 1.27126E-1 1.22221E-1 1.20602E-1 1.23765E-1 1.20933E-1 1.23675E-1 1.25294E-1 1.28621E-1 1.26447E-1 1.18535E-1 1.06759E-1 1.00582E-1 9.7182E-2 9.80536E-2 9.79891E-2 1.05345E-1 1.03475E-1 9.5977E-2 9.44815E-2 9.8207E-2 9.6843E-2 9.78097E-2 1.00067E-1 1.02696E-1 1.05067E-1 1.03753E-1 1.02988E-1 1.0931E-1 1.13407E-1 1.13888E-1 1.10538E-1 1.09517E-1 1.04627E-1 1.06752E-1 1.04124E-1 1.0027E-1 9.77365E-2 9.23966E-2 9.58355E-2 9.49612E-2 9.69584E-2 9.74536E-2 9.83137E-2 1.01102E-1 1.01857E-1 1.05055E-1 1.08057E-1 1.02845E-1 1.19452E-1 1.07683E-1 9.90323E-2 9.87241E-2 9.9199E-2 9.74357E-2 1.02356E-1 1.01849E-1 1.00829E-1 9.90193E-2 9.6452E-2 9.74919E-2
1.44682E-1 1.34481E-1 1.24875E-1 1.27068E-1 1.2497E-1 1.192E-1 1.20953E-1 1.20488E-1 1.25672E-1 1.29805E-1 1.24099E-1 1.13341E-1 1.08604E-1 1.01124E-1 1.0537E-1 1.042E-1 1.08286E-1 1.14921E-1 1.04203E-1 1.04639E-1 1.01253E-1 1.00228E-1 9.99305E-2 1.03708E-1 1.03621E-1 1.06143E-1 1.04453E-1 1.09095E-1 1.13005E-1 1.11932E-1 1.07926E-1 1.03862E-1 1.05859E-1 1.02531E-1 1.03204E-1 1.02125E-1 1.08526E-1 1.05319E-1 9.78373E-2 9.64837E-2 9.47976E-2 9.37137E-2 9.61847E-2 9.62245E-2 9.2944E-2 9.53817E-2 1.0803E-1 1.04084E-1 9.65282E-2 1.12814E-1 1.01418E-1 9.91283E-2 1.01453E-1 1.04765E-1 1.02949E-1 9.89048E-2 9.91149E-2 9.89956E-2 1.00835E-1 9.61675E-2 9.30317E-2
1.34207E-1 1.50593E-1 1.51709E-1 1.39721E-1 1.32327E-1 1.22989E-1 1.18079E-1 1.14389E-1 1.25133E-1 1.27461E-1 1.29658E-1 1.1694E-1 1.10129E-1 1.10067E-1 1.10419E-1 1.12928E-1 1.14035E-1 1.20805E-1 1.13229E-1 1.10157E-1 1.05908E-1 9.98156E-2 1.02957E-1 1.04083E-1 1.05127E-1 1.12439E-1 1.19826E-1 1.10596E-1 1.1619E-1 1.10579E-1 1.03846E-1 1.03368E-1 1.06277E-1 1.01091E-1 9.95905E-2 1.02223E-1 1.0428E-1 1.03391E-1 9.96134E-2 1.02755E-1 9.83543E-2 9.85456E-2 9.70289E-2 9.13228E-2 9.10727E-2 1.03347E-1 1.17542E-1 1.16025E-1 1.01015E-1 9.73043E-2 9.80422E-2 9.81571E-2 1.01617E-1 1.03115E-1 1.02639E-1 1.01361E-1 9.60099E-2 9.78284E-2 9.71695E-2 9.64389E-2 8.88829E-2
1.25313E-1 1.33355E-1 1.57045E-1 1.72189E-1 1.50767E-1 1.34969E-1 1.26704E-1 1.25947E-1 1.23128E-1 1.35255E-1 1.36345E-1 1.29212E-1 1.17685E-1 1.22073E-1 1.21286E-1 1.18302E-1 1.21129E-1 1.28449E-1 1.19275E-1 1.17238E-1 1.0575E-1 1.01451E-1 1.03356E-1 1.12077E-1 1.16324E-1 1.17392E-1 1.13939E-1 1.11698E-1 1.07456E-1 1.01436E-1 1.03072E-1 1.07983E-1 1.12238E-1 1.0238E-1 9.81521E-2 1.01401E-1 1.04362E-1 1.03915E-1 1.01175E-1 1.01191E-1 1.05674E-1 1.02131E-1 1.00206E-1 9.63755E-2 9.74936E-2 1.03547E-1 1.1349E-1 1.05708E-1 9.1964E-2 8.79485E-2 1.03083E-1 9.90879E-2 1.08549E-1 1.07322E-1 1.03195E-1 1.01628E-1 1.00026E-1 1.02404E-1 9.91039E-2 8.98231E-2 8.48004E-2
1.32351E-1 1.3497E-1 1.51625E-1 1.67561E-1 1.69205E-1 1.65319E-1 1.44868E-1 1.33366E-1 1.28226E-1 1.3628E-1 1.42527E-1 1.39004E-1 1.33026E-1 1.20462E-1 1.23872E-1 1.28116E-1 1.22556E-1 1.24168E-1 1.26271E-1 1.13973E-1 1.04464E-1 1.04603E-1 1.07819E-1 1.15861E-1 1.20848E-1 1.23021E-1 1.25982E-1 1.16915E-1 1.10675E-1 1.05907E-1 1.02534E-1 1.0755E-1 1.0605E-1 1.01955E-1 9.5484E-2 9.77647E-2 1.04397E-1 1.05696E-1 1.0855E-1 1.0528E-1 1.05673E-1 1.05928E-1 9.80424E-2 9.66354E-2 9.34696E-2 9.97781E-2 1.006E-1 9.90984E-2 9.70096E-2 1.04048E-1 1.07464E-1 1.16478E-1 1.13397E-1 1.05955E-1 1.0322E-1 1.00057E-1 1.02555E-1 1.00472E-1 9.40326E-2 8.73294E-2 9.83101E-2
1.46315E-1 1.4665E-1 1.53335E-1 1.52143E-1 1.51504E-1 1.55041E-1 1.501E-1 1.49722E-1 1.51737E-1 1.50861E-1 1.56207E-1 1.43765E-1 1.4622E-1 1.4113E-1 1.35011E-1 1.35913E-1 1.31021E-1 1.29175E-1 1.22968E-1 1.12586E-1 1.09292E-1 1.11427E-1 1.15654E-1 1.2239E-1 1.34665E-1 1.31613E-1 1.28351E-1 1.16527E-1 1.09509E-1 1.06094E-1 1.04989E-1 1.04228E-1 1.02671E-1 1.0764E-1 1.08241E-1 1.04969E-1 1.04039E-1 1.09025E-1 1.11253E-1 1.18224E-1 1.09218E-1 1.06269E-1 1.01084E-1 9.75926E-2 9.43589E-2 9.03287E-2 9.43785E-2 1.01682E-1 9.94403E-2 1.0745E-1 1.18257E-1 1.09385E-1 1.11356E-1 1.0524E-1 9.70006E-2 9.25509E-2 8.81218E-2 8.96973E-2 8.76523E-2 8.84875E-2 8.82571E-2
1.53562E-1 1.48197E-1 1.47204E-1 1.44195E-1 1.46125E-1 1.47999E-1 1.45208E-1 1.56631E-1 1.6883E-1 1.57319E-1 1.30739E-1 1.25823E-1 1.38525E-1 1.45107E-1 1.55435E-1 1.62396E-1 1.40989E-1 1.34182E-1 1.2259E-1 1.18182E-1 1.16457E-1 1.16164E-1 1.19443E-1 1.29644E-1 1.28019E-1 1.31652E-1 1.34999E-1 1.24515E-1 1.16702E-1 1.07161E-1 1.03834E-1 1.02849E-1 1.0396E-1 1.12054E-1 1.08752E-1 1.07903E-1 1.02061E-1 1.04551E-1 1.16236E-1 1.22207E-1 1.18662E-1 1.18046E-1 1.10552E-1 1.04075E-1 1.00448E-1 9.24473E-2 9.04772E-2 9.95219E-2 1.09556E-1 1.1251E-1 1.26236E-1 1.22874E-1 1.19888E-1 1.09963E-1 1.0033E-1 9.47006E-2 9.29101E-2 9.86095E-2 9.60169E-2 9.26878E-2 8.95323E-2
1.3951E-1 1.38474E-1 1.38405E-1 1.41852E-1 1.35225E-1 1.35082E-1 1.3415E-1 1.46526E-1 1.53553E-1 1.49092E-1 1.1952E-1 1.03379E-1 1.24268E-1 1.4316E-1 1.40201E-1 1.41127E-1 1.45428E-1 1.441E-1 1.38436E-1 1.23873E-1 1.20221E-1 1.23024E-1 1.27841E-1 1.27012E-1 1.26861E-1 1.29784E-1 1.34654E-1 1.3052E-1 1.17145E-1 1.11668E-1 1.08986E-1 1.11831E-1 1.08088E-1 1.14091E-1 1.15802E-1 1.06052E-1 1.00774E-1 9.62862E-2 1.0721E-1 1.14058E-1 1.1687E-1 1.19808E-1 1.19063E-1 1.09152E-1 1.06869E-1 1.015E-1 9.86738E-2 1.00632E-1 1.06356E-1 1.0961E-1 1.10269E-1 1.12521E-1 1.20366E-1 1.14273E-1 1.01687E-1 9.28848E-2 9.53216E-2 1.00506E-1 1.01083E-1 9.51013E-2 9.14283E-2
1.32874E-1 1.36188E-1 1.40682E-1 1.38714E-1 1.36281E-1 1.35065E-1 1.35028E-1 1.38689E-1 1.4835E-1 1.46508E-1 1.32635E-1 1.24793E-1 1.21666E-1 1.32111E-1 1.28089E-1 1.30104E-1 1.37155E-1 1.46115E-1 1.51869E-1 1.32985E-1 1.31014E-1 1.31187E-1 1.34608E-1 1.25733E-1 1.26038E-1 1.24077E-1 1.31323E-1 1.30618E-1 1.26423E-1 1.25253E-1 1.19635E-1 1.13674E-1 1.20053E-1 1.19538E-1 1.17511E-1 1.10998E-1 1.00492E-1 9.9858E-2 1.0804E-1 1.1053E-1 1.11268E-1 1.14294E-1 1.1924E-1 1.18018E-1 1.10877E-1 1.1097E-1 1.07914E-1 1.0686E-1 1.12954E-1 1.10551E-1 1.05141E-1 1.0347E-1 1.04622E-1 1.13878E-1 1.10916E-1 1.03836E-1 9.78207E-2 9.80462E-2 1.05723E-1 9.96181E-2 9.62185E-2
1.25756E-1 1.35459E-1 1.37079E-1 1.40855E-1 1.3996E-1 1.33314E-1 1.34656E-1 1.37194E-1 1.38444E-1 1.41527E-1 1.4513E-1 1.45467E-1 1.3196E-1 1.32497E-1 1.29304E-1 1.24127E-1 1.29219E-1 1.40508E-1 1.63687E-1 1.48957E-1 1.43743E-1 1.50035E-1 1.41892E-1 1.35726E-1 1.2759E-1 1.26586E-1 1.26767E-1 1.33431E-1 1.35717E-1 1.32792E-1 1.24338E-1 1.1569E-1 1.11495E-1 1.23574E-1 1.15592E-1 1.17389E-1 1.12762E-1 1.12019E-1 1.11066E-1 1.09961E-1 1.11176E-1 1.13812E-1 1.13122E-1 1.14695E-1 1.17672E-1 1.19414E-1 1.14134E-1 1.0955E-1 1.08195E-1 1.07977E-1 1.02556E-1 1.0225E-1 9.84382E-2 9.84684E-2 1.11786E-1 1.07155E-1 9.60305E-2 9.44832E-2 9.64092E-2 1.01387E-1 1.01468E-1
1.30334E-1 1.32247E-1 1.36018E-1 1.37331E-1 1.39048E-1 1.40602E-1 1.40831E-1 1.38493E-1 1.45027E-1 1.49607E-1 1.49665E-1 1.52471E-1 1.48061E-1 1.37981E-1 1.37007E-1 1.31724E-1 1.34425E-1 1.36452E-1 1.53431E-1 1.60095E-1 1.56256E-1 1.62091E-1 1.47895E-1 1.3942E-1 1.33639E-1 1.25884E-1 1.20847E-1 1.29119E-1 1.2881E-1 1.24961E-1 1.16558E-1 1.16789E-1 1.14047E-1 1.25856E-1 1.23524E-1 1.27312E-1 1.26085E-1 1.22196E-1 1.19931E-1 1.16159E-1 1.14773E-1 1.11534E-1 1.15645E-1 1.14981E-1 1.20364E-1 1.18043E-1 1.26058E-1 1.15318E-1 1.08821E-1 1.07948E-1 1.01647E-1 1.04787E-1 1.07065E-1 1.08009E-1 1.04949E-1 9.98151E-2 9.67781E-2 8.63882E-2 8.84648E-2 9.56618E-2 1.04388E-1
1.37493E-1 1.43607E-1 1.45739E-1 1.41322E-1 1.33035E-1 1.39475E-1 1.41083E-1 1.45079E-1 1.45139E-1 1.46006E-1 1.4786E-1 1.52022E-1 1.49585E-1 1.52954E-1 1.42424E-1 1.45664E-1 1.43131E-1 1.36237E-1 1.40123E-1 1.55344E-1 1.54207E-1 1.56622E-1 1.50041E-1 1.45912E-1 1.42821E-1 1.29086E-1 1.2312E-1 1.21356E-1 1.26111E-1 1.21456E-1 1.19768E-1 1.25152E-1 1.32304E-1 1.33636E-1 1.31521E-1 1.30031E-1 1.32028E-1 1.25379E-1 1.25777E-1 1.17223E-1 1.1284E-1 1.14774E-1 1.20629E-1 1.2035E-1 1.24582E-1 1.27587E-1 1.26092E-1 1.28882E-1 1.15483E-1 1.03586E-1 1.02021E-1 1.09156E-1 1.08167E-1 1.07572E-1 1.01502E-1 9.23812E-2 9.59957E-2 8.76643E-2 9.07788E-2 9.36185E-2 1.07585E-1
1.36485E-1 1.53898E-1 1.55747E-1 1.46742E-1 1.4079E-1 1.38709E-1 1.45457E-1 1.47969E-1 1.56165E-1 1.50402E-1 1.52956E-1 1.47859E-1 1.49675E-1 1.45806E-1 1.48451E-1 1.43527E-1 1.43603E-1 1.44554E-1 1.41373E-1 1.49542E-1 1.53994E-1 1.54619E-1 1.47213E-1 1.49606E-1 1.45113E-1 1.37377E-1 1.30965E-1 1.25577E-1 1.23036E-1 1.2413E-1 1.29325E-1 1.3109E-1 1.36285E-1 1.33559E-1 1.4131E-1 1.35036E-1 1.22037E-1 1.25685E-1 1.27735E-1 1.24555E-1 1.10096E-1 1.15098E-1 1.24498E-1 1.28807E-1 1.38699E-1 1.39174E-1 1.36985E-1 1.34282E-1 1.23817E-1 1.15272E-1 1.11461E-1 1.14189E-1 1.23728E-1 1.19282E-1 1.12588E-1 1.02316E-1 9.78796E-2 9.36451E-2 9.62062E-2 9.80893E-2 1.04507E-1
1.45486E-1 1.48221E-1 1.49235E-1 1.48553E-1 1.47937E-1 1.43583E-1 1.5346E-1 1.6098E-1 1.61426E-1 1.59688E-1 1.56222E-1 1.58665E-1 1.57295E-1 1.59101E-1 1.55998E-1 1.52141E-1 1.49731E-1 1.47782E-1 1.44666E-1 1.4824E-1 1.627E-1 1.53536E-1 1.48594E-1 1.46602E-1 1.48598E-1 1.48847E-1 1.35551E-1 1.33029E-1 1.26654E-1 1.26324E-1 1.3098E-1 1.38218E-1 1.4005E-1 1.4361E-1 1.47577E-1 1.38222E-1 1.13207E-1 9.53765E-2 1.02268E-1 1.19535E-1 1.2557E-1 1.3272E-1 1.35369E-1 1.46384E-1 1.51925E-1 1.45247E-1 1.43347E-1 1.38311E-1 1.27955E-1 1.29373E-1 1.35356E-1 1.31745E-1 1.30052E-1 1.36128E-1 1.32442E-1 1.20367E-1 1.05428E-1 1.02338E-1 1.02266E-1 1.03915E-1 1.051E-1
1.46766E-1 1.51396E-1 1.488E-1 1.52347E-1 1.57298E-1 1.61115E-1 1.62455E-1 1.65185E-1 1.67644E-1 1.65626E-1 1.65538E-1 1.7117E-1 1.82793E-1 1.76853E-1 1.71091E-1 1.67913E-1 1.70196E-1 1.62135E-1 1.58496E-1 1.52685E-1 1.5468E-1 1.68805E-1 1.53977E-1 1.50202E-1 1.55067E-1 1.46667E-1 1.48715E-1 1.41789E-1 1.30813E-1 1.26935E-1 1.3079E-1 1.30832E-1 1.36171E-1 1.42872E-1 1.42058E-1 1.33798E-1 9.99053E-2 6.46447E-2 6.21189E-2 1.04726E-1 1.28558E-1 1.45011E-1 1.53582E-1 1.60833E-1 1.57448E-1 1.51496E-1 1.44318E-1 1.43784E-1 1.47833E-1 1.48903E-1 1.49583E-1 1.46001E-1 1.4369E-1 1.41024E-1 1.27032E-1 1.18701E-1 1.12952E-1 1.07145E-1 1.05458E-1 1.10779E-1 1.15783E-1
1.48478E-1 1.53799E-1 1.54527E-1 1.60743E-1 1.63711E-1 1.65715E-1 1.69463E-1 1.68019E-1 1.64307E-1 1.62082E-1 1.6631E-1 1.74004E-1 1.71382E-1 1.66642E-1 1.61244E-1 1.7039E-1 1.78196E-1 1.7507E-1 1.66765E-1 1.62606E-1 1.62308E-1 1.73736E-1 1.60645E-1 1.59362E-1 1.59575E-1 1.52284E-1 1.49641E-1 1.42795E-1 1.38514E-1 1.37339E-1 1.35242E-1 1.39761E-1 1.42142E-1 1.46631E-1 1.50751E-1 1.40839E-1 1.01256E-1 5.32346E-2 3.72414E-2 8.16423E-2 1.26711E-1 1.54803E-1 1.6407E-1 1.71768E-1 1.6043E-1 1.49251E-1 1.4265E-1 1.39012E-1 1.50594E-1 1.5161E-1 1.56692E-1 1.36561E-1 1.23918E-1 1.21551E-1 1.17179E-1 1.10303E-1 1.04615E-1 1.03701E-1 1.05573E-1 1.08608E-1 1.29682E-1
1.56721E-1 1.6067E-1 1.68114E-1 1.71793E-1 1.69381E-1 1.68228E-1 1.68009E-1 1.6808E-1 1.70885E-1 1.67147E-1 1.55493E-1 1.56758E-1 1.57236E-1 1.58593E-1 1.588E-1 1.75928E-1 1.81719E-1 1.69714E-1 1.59776E-1 1.59819E-1 1.63901E-1 1.77285E-1 1.76409E-1 1.69205E-1 1.60944E-1 1.60854E-1 1.49876E-1 1.48812E-1 1.44973E-1 1.42397E-1 1.4843E-1 1.47226E-1 1.4866E-1 1.49643E-1 1.60888E-1 1.54178E-1 1.32561E-1 9.19933E-2 7.49935E-2 9.92788E-2 1.32748E-1 1.56531E-1 1.70802E-1 1.59623E-1 1.47733E-1 1.4007E-1 1.41081E-1 1.38871E-1 1.42651E-1 1.4413E-1 1.47293E-1 1.37947E-1 1.21366E-1 1.1043E-1 1.10396E-1 1.08136E-1 1.05634E-1 1.05498E-1 1.0876E-1 1.06788E-1 1.26682E-1
1.60587E-1 1.63505E-1 1.68854E-1 1.72233E-1 1.74728E-1 1.71824E-1 1.71098E-1 1.69528E-1 1.6968E-1 1.66542E-1 1.54948E-1 1.51295E-1 1.55688E-1 1.62893E-1 1.64504E-1 1.7501E-1 1.72819E-1 1.68865E-1 1.59715E-1 1.50561E-1 1.5542E-1 1.69278E-1 1.81184E-1 1.79588E-1 1.74714E-1 1.63197E-1 1.58362E-1 1.51097E-1 1.47802E-1 1.51184E-1 1.53203E-1 1.62148E-1 1.63508E-1 1.65401E-1 1.59116E-1 1.55414E-1 1.51899E-1 1.28823E-1 1.17184E-1 1.28583E-1 1.43613E-1 1.64551E-1 1.74452E-1 1.65525E-1 1.5112E-1 1.41484E-1 1.39387E-1 1.35489E-1 1.40558E-1 1.45581E-1 1.47324E-1 1.3113E-1 1.11368E-1 1.06403E-1 1.14257E-1 1.16114E-1 1.18878E-1 1.0737E-1 1.10703E-1 1.15597E-1 1.26293E-1
1.64262E-1 1.6922E-1 1.74087E-1 1.75592E-1 1.7303E-1 1.69875E-1 1.6827E-1 1.67704E-1 1.71669E-1 1.69514E-1 1.65691E-1 1.55505E-1 1.68176E-1 1.75372E-1 1.69357E-1 1.77241E-1 1.81248E-1 1.70391E-1 1.60981E-1 1.60213E-1 1.59169E-1 1.70541E-1 1.85194E-1 1.90528E-1 1.85898E-1 1.69863E-1 1.5992E-1 1.57424E-1 1.60432E-1 1.66061E-1 1.66777E-1 1.77663E-1 1.73684E-1 1.70221E-1 1.63906E-1 1.58826E-1 1.5065E-1 1.40165E-1 1.36209E-1 1.54851E-1 1.61399E-1 1.65155E-1 1.66575E-1 1.61366E-1 1.58303E-1 1.49653E-1 1.41827E-1 1.41565E-1 1.47245E-1 1.48146E-1 1.43972E-1 1.19004E-1 1.11524E-1 1.16249E-1 1.26318E-1 1.24399E-1 1.16169E-1 1.05816E-1 1.07332E-1 1.12135E-1 1.01033E-1
1.61883E-1 1.65898E-1 1.67952E-1 1.69565E-1 1.71106E-1 1.68237E-1 1.67111E-1 1.78027E-1 1.81034E-1 1.84095E-1 1.73841E-1 1.7033E-1 1.77444E-1 1.86087E-1 1.81393E-1 1.78576E-1 1.85072E-1 1.84692E-1 1.74466E-1 1.69167E-1 1.66105E-1 1.69926E-1 1.82324E-1 1.88078E-1 1.82483E-1 1.76392E-1 1.66829E-1 1.68079E-1 1.67723E-1 1.76604E-1 1.80881E-1 1.82555E-1 1.77624E-1 1.69235E-1 1.68129E-1 1.50758E-1 1.38216E-1 1.28546E-1 1.32313E-1 1.5183E-1 1.55857E-1 1.57594E-1 1.58459E-1 1.62741E-1 1.583E-1 1.5193E-1 1.51625E-1 1.52617E-1 1.5923E-1 1.42369E-1 1.26194E-1 1.13572E-1 1.18542E-1 1.24103E-1 1.26808E-1 1.2211E-1 1.12811E-1 1.10955E-1 1.08692E-1 1.03497E-1 9.92628E-2
