maxent_outputs/hummingbirds/hummingbird_241.asc
ncols         426
nrows         180
xllcorner     -130.0
yllcorner     24.0
cellsize      0.16666666666666666
NODATA_value  -9999
[rows 27 to 53 of 180, columns 244 to 304 of 426]
2.83263E-1 2.85272E-1 2.98563E-1 3.20336E-1 3.39518E-1 3.5634E-1 3.42398E-1 3.02851E-1 2.87216E-1 2.82814E-1 2.81218E-1 2.90631E-1 2.95916E-1 2.92708E-1 3.28759E-1 3.07265E-1 3.14442E-1 3.17807E-1 3.21909E-1 3.19842E-1 3.0906E-1 3.08588E-1 3.17316E-1 3.08423E-1 3.07241E-1 3.26916E-1 3.14752E-1 3.14054E-1 3.14592E-1 3.10093E-1 3.12632E-1 3.13053E-1 3.17105E-1 3.18111E-1 3.23731E-1 3.22012E-1 3.17537E-1 3.18364E-1 3.13427E-1 3.10483E-1 3.07042E-1 3.07552E-1 3.17677E-1 3.20413E-1 3.09153E-1 3.06475E-1 3.06562E-1 3.13493E-1 3.16767E-1 3.15784E-1 3.11998E-1 3.1212E-1 3.14729E-1 3.05729E-1 3.03117E-1 2.96081E-1 2.87802E-1 2.82631E-1 2.82122E-1 2.76773E-1 2.71442E-1
2.82623E-1 2.88726E-1 3.0202E-1 2.93226E-1 2.91538E-1 3.0652E-1 3.0309E-1 2.95819E-1 2.90215E-1 2.83064E-1 2.76849E-1 2.96541E-1 2.92178E-1 3.07022E-1 3.0005E-1 3.05333E-1 3.17867E-1 3.35094E-1 3.27667E-1 3.24353E-1 3.15166E-1 3.02709E-1 3.05844E-1 3.14667E-1 3.1664E-1 3.19715E-1 3.09539E-1 3.1111E-1 3.12774E-1 3.09281E-1 3.10472E-1 3.14602E-1 3.12382E-1 3.17996E-1 3.20773E-1 3.23086E-1 3.1972E-1 3.16285E-1 3.07121E-1 3.06512E-1 3.08359E-1 3.08261E-1 3.11523E-1 3.18313E-1 3.17603E-1 3.18211E-1 3.16786E-1 3.17871E-1 3.24976E-1 3.25332E-1 3.1697E-1 3.13819E-1 3.09915E-1 3.00429E-1 3.0156E-1 3.00176E-1 2.9246E-1 2.87672E-1 2.88744E-1 2.78734E-1 2.79377E-1
2.80027E-1 2.85666E-1 2.9885E-1 2.99898E-1 2.99077E-1 3.0255E-1 3.2654E-1 3.19435E-1 2.95451E-1 2.97526E-1 3.05457E-1 3.12951E-1 3.07513E-1 3.1888E-1 3.07568E-1 3.17758E-1 3.47034E-1 3.58056E-1 3.4793E-1 3.33961E-1 3.08821E-1 3.0878E-1 3.10272E-1 3.24063E-1 3.31236E-1 3.25392E-1 3.14552E-1 3.20927E-1 3.19962E-1 3.20539E-1 3.24094E-1 3.17967E-1 3.16025E-1 3.2078E-1 3.19212E-1 3.2789E-1 3.26187E-1 3.30775E-1 3.22414E-1 3.18202E-1 3.22974E-1 3.14835E-1 3.133E-1 3.1772E-1 3.16577E-1 3.20666E-1 3.22434E-1 3.19568E-1 3.22064E-1 3.25499E-1 3.16266E-1 3.12812E-1 3.06748E-1 3.06723E-1 3.06096E-1 3.0431E-1 2.99378E-1 2.97653E-1 2.98998E-1 2.8395E-1 2.83297E-1
2.7604E-1 2.78592E-1 2.93544E-1 3.04374E-1 3.08715E-1 3.15808E-1 3.50576E-1 3.81508E-1 3.71157E-1 3.92806E-1 3.75347E-1 3.50641E-1 3.42362E-1 3.50916E-1 3.64823E-1 3.5148E-1 3.58648E-1 3.69308E-1 3.62565E-1 3.46365E-1 3.26577E-1 3.26917E-1 3.23792E-1 3.21499E-1 3.18953E-1 3.12909E-1 3.24435E-1 3.23823E-1 3.18932E-1 3.4976E-1 3.27816E-1 3.23525E-1 3.22305E-1 3.21268E-1 3.26899E-1 3.38158E-1 3.28463E-1 3.21481E-1 3.24784E-1 3.23383E-1 3.20774E-1 3.23787E-1 3.16425E-1 3.1407E-1 3.13053E-1 3.17482E-1 3.21535E-1 3.18336E-1 3.17961E-1 3.19827E-1 3.15653E-1 3.13468E-1 3.04853E-1 3.10595E-1 3.12164E-1 3.40762E-1 3.40381E-1 3.12392E-1 3.06433E-1 2.9119E-1 2.86291E-1
2.84044E-1 2.81306E-1 2.92568E-1 3.04385E-1 3.32752E-1 3.76341E-1 3.42411E-1 3.74587E-1 4.14437E-1 4.53002E-1 4.91342E-1 5.04869E-1 4.76677E-1 4.57641E-1 4.79708E-1 4.87066E-1 4.61088E-1 4.53706E-1 3.74049E-1 3.41669E-1 3.31449E-1 3.32759E-1 3.44544E-1 3.22777E-1 3.14146E-1 3.21046E-1 3.24571E-1 3.30603E-1 3.21117E-1 3.32094E-1 3.31006E-1 3.29097E-1 3.29716E-1 3.25736E-1 3.32826E-1 3.33277E-1 3.32409E-1 3.26854E-1 3.21514E-1 3.25268E-1 3.17443E-1 3.19192E-1 3.20678E-1 3.18347E-1 3.16576E-1 3.14619E-1 3.15548E-1 3.16206E-1 3.16561E-1 3.18149E-1 3.18237E-1 3.10588E-1 3.1281E-1 3.22069E-1 3.28446E-1 3.56339E-1 3.64025E-1 3.31886E-1 3.50204E-1 3.08038E-1 2.97026E-1
3.07586E-1 3.26991E-1 3.63517E-1 3.69611E-1 3.95855E-1 4.05467E-1 4.82038E-1 5.44168E-1 5.83979E-1 5.92101E-1 6.00357E-1 6.04814E-1 6.03192E-1 6.07636E-1 6.06993E-1 6.13739E-1 6.14407E-1 6.01143E-1 4.46616E-1 3.53401E-1 3.425E-1 3.32113E-1 3.26071E-1 3.2426E-1 3.25054E-1 3.33101E-1 3.25233E-1 3.27212E-1 3.38815E-1 3.29594E-1 3.40776E-1 3.26626E-1 3.32688E-1 3.35547E-1 3.34337E-1 3.35014E-1 3.32691E-1 3.27593E-1 3.28118E-1 3.24037E-1 3.2219E-1 3.18782E-1 3.21492E-1 3.22503E-1 3.25306E-1 3.2327E-1 3.27577E-1 3.1985E-1 3.18471E-1 3.2215E-1 3.35008E-1 3.23767E-1 3.19909E-1 3.23866E-1 3.24966E-1 3.25091E-1 3.41414E-1 3.45404E-1 3.4767E-1 3.30769E-1 3.17514E-1
3.54634E-1 4.52964E-1 4.60035E-1 4.22407E-1 4.74297E-1 5.40651E-1 5.7972E-1 5.88311E-1 6.00143E-1 6.03954E-1 6.08345E-1 6.16808E-1 6.20527E-1 6.18415E-1 6.23934E-1 6.23704E-1 6.17538E-1 6.0213E-1 5.4154E-1 3.84197E-1 3.55581E-1 3.43166E-1 3.34791E-1 3.34063E-1 3.37961E-1 3.37176E-1 3.32035E-1 3.35749E-1 3.37752E-1 3.42367E-1 3.58146E-1 3.54636E-1 3.49154E-1 3.67058E-1 3.56981E-1 3.47692E-1 3.41623E-1 3.30698E-1 3.35203E-1 3.28565E-1 3.24928E-1 3.20894E-1 3.23574E-1 3.26848E-1 3.31202E-1 3.33336E-1 3.31856E-1 3.3586E-1 3.32371E-1 3.38299E-1 3.45695E-1 3.36144E-1 3.35821E-1 3.3931E-1 3.36454E-1 3.35205E-1 3.44736E-1 3.37889E-1 3.36755E-1 3.33983E-1 3.39098E-1
4.10348E-1 4.67453E-1 5.2088E-1 5.5071E-1 5.69266E-1 5.70886E-1 5.93994E-1 6.01105E-1 6.09455E-1 6.15689E-1 6.2387E-1 6.25706E-1 6.28697E-1 6.2905E-1 6.29096E-1 6.29724E-1 6.21192E-1 6.14562E-1 6.01801E-1 4.38752E-1 3.65604E-1 3.57586E-1 3.53734E-1 3.44858E-1 3.47525E-1 3.4849E-1 3.46079E-1 3.53262E-1 3.54297E-1 3.52938E-1 3.7121E-1 3.76211E-1 3.62801E-1 3.55028E-1 3.49398E-1 3.45145E-1 3.49235E-1 3.36383E-1 3.30546E-1 3.30484E-1 3.36857E-1 3.3003E-1 3.29925E-1 3.30272E-1 3.32337E-1 3.3539E-1 3.35789E-1 3.41361E-1 3.42665E-1 3.4219E-1 3.4263E-1 3.39425E-1 3.52284E-1 3.49806E-1 3.60785E-1 3.63792E-1 3.58591E-1 3.50429E-1 3.50829E-1 3.5199E-1 3.37372E-1
5.19429E-1 5.51208E-1 5.15909E-1 5.02718E-1 5.0627E-1 5.71554E-1 6.0064E-1 6.14854E-1 6.18067E-1 6.27461E-1 6.36055E-1 6.39625E-1 6.37131E-1 6.36387E-1 6.38086E-1 6.35118E-1 6.29541E-1 6.22158E-1 6.14881E-1 5.67459E-1 4.48562E-1 3.91061E-1 3.77468E-1 3.75566E-1 3.75974E-1 3.74036E-1 3.78989E-1 3.74331E-1 3.7914E-1 3.84883E-1 3.73148E-1 3.76076E-1 3.74629E-1 3.59249E-1 3.56321E-1 3.59134E-1 3.58618E-1 3.51856E-1 3.36903E-1 3.42421E-1 3.41825E-1 3.45061E-1 3.51982E-1 3.37741E-1 3.38602E-1 3.33823E-1 3.39371E-1 3.44837E-1 3.43123E-1 3.45674E-1 3.50806E-1 3.5742E-1 3.64305E-1 3.57795E-1 3.64312E-1 3.75161E-1 3.70835E-1 3.6404E-1 3.61948E-1 3.51528E-1 3.46474E-1
5.34013E-1 4.74287E-1 5.0962E-1 5.59645E-1 5.92671E-1 6.09375E-1 6.17432E-1 6.23724E-1 6.30133E-1 6.41348E-1 6.44587E-1 6.45277E-1 6.43874E-1 6.45328E-1 6.60875E-1 6.59074E-1 6.59399E-1 6.50861E-1 6.42844E-1 6.35846E-1 6.09043E-1 5.51686E-1 5.26556E-1 5.24126E-1 5.49766E-1 5.74066E-1 5.17951E-1 4.23784E-1 4.12483E-1 3.98277E-1 3.87338E-1 3.73938E-1 3.85478E-1 3.76386E-1 3.6889E-1 3.62813E-1 3.6492E-1 3.46109E-1 3.44603E-1 3.47457E-1 3.45306E-1 3.46083E-1 3.40407E-1 3.3687E-1 3.4163E-1 3.41093E-1 3.52975E-1 3.57573E-1 3.56651E-1 3.58522E-1 3.5864E-1 3.6409E-1 3.66654E-1 3.59756E-1 3.69216E-1 3.67581E-1 3.61186E-1 3.65022E-1 3.58668E-1 3.52458E-1 3.51363E-1
5.67082E-1 5.63093E-1 5.96004E-1 6.04142E-1 6.13547E-1 6.23625E-1 6.28937E-1 6.33184E-1 6.44424E-1 6.4489E-1 6.45814E-1 6.42077E-1 6.47692E-1 6.49401E-1 6.64382E-1 6.61746E-1 6.5903E-1 6.54916E-1 6.51627E-1 6.49754E-1 5.62822E-1 5.2048E-1 5.69191E-1 6.32626E-1 6.38196E-1 6.45695E-1 4.9168E-1 4.36934E-1 4.24418E-1 4.1356E-1 4.11907E-1 3.97772E-1 3.85566E-1 3.74044E-1 3.80773E-1 3.60815E-1 3.54456E-1 3.44331E-1 3.49889E-1 3.55352E-1 3.53788E-1 3.43722E-1 3.56068E-1 3.60099E-1 3.50982E-1 3.46984E-1 3.55965E-1 3.63915E-1 3.55779E-1 3.64338E-1 3.66403E-1 3.62362E-1 3.66456E-1 3.70959E-1 3.71888E-1 3.69223E-1 3.60121E-1 3.55255E-1 3.57461E-1 3.45979E-1 3.50094E-1
5.82174E-1 5.94459E-1 6.04932E-1 6.17948E-1 6.32989E-1 6.26254E-1 6.34428E-1 6.20927E-1 6.14414E-1 6.26103E-1 6.33581E-1 6.42438E-1 6.45834E-1 6.48782E-1 6.67906E-1 6.62361E-1 6.62275E-1 6.61263E-1 6.59901E-1 6.55998E-1 6.32513E-1 6.2793E-1 6.40557E-1 6.44773E-1 6.51558E-1 6.4598E-1 5.02109E-1 4.67456E-1 4.44388E-1 4.28373E-1 4.12601E-1 4.09612E-1 3.9132E-1 3.91706E-1 3.87721E-1 3.68353E-1 3.61853E-1 3.55248E-1 3.52357E-1 3.51029E-1 3.53602E-1 3.50232E-1 3.56454E-1 3.51803E-1 3.54635E-1 3.55345E-1 3.53112E-1 3.57676E-1 3.59928E-1 3.59863E-1 3.67829E-1 3.73781E-1 3.67871E-1 3.70889E-1 3.77784E-1 3.75393E-1 3.70845E-1 3.64937E-1 3.72075E-1 3.61737E-1 3.75165E-1
5.90338E-1 6.01294E-1 6.04494E-1 6.18792E-1 6.18487E-1 5.80151E-1 5.29252E-1 5.23668E-1 5.39149E-1 5.57076E-1 5.96529E-1 6.23464E-1 6.40191E-1 6.47741E-1 6.66028E-1 6.63957E-1 6.64089E-1 6.65017E-1 6.62714E-1 6.59995E-1 6.42516E-1 6.29487E-1 6.52079E-1 6.53993E-1 6.61166E-1 6.64316E-1 6.33691E-1 5.64508E-1 4.72932E-1 4.28196E-1 4.18745E-1 4.18437E-1 4.05496E-1 4.05029E-1 3.97274E-1 3.88759E-1 3.78238E-1 3.8071E-1 3.71368E-1 3.70426E-1 3.70035E-1 3.60124E-1 3.54412E-1 3.56711E-1 3.53132E-1 3.54207E-1 3.53329E-1 3.52694E-1 3.49228E-1 3.5408E-1 3.62896E-1 3.76007E-1 3.78734E-1 3.84419E-1 3.87737E-1 3.89557E-1 3.83491E-1 3.77648E-1 4.01631E-1 3.6819E-1 3.7342E-1
5.93215E-1 5.99252E-1 5.94481E-1 5.82654E-1 5.23293E-1 4.88534E-1 4.98761E-1 5.47049E-1 5.97923E-1 6.15272E-1 6.13425E-1 6.0897E-1 6.1886E-1 6.3298E-1 6.57542E-1 6.62949E-1 6.62637E-1 6.64219E-1 6.62979E-1 6.60276E-1 6.42078E-1 6.4569E-1 6.53831E-1 6.58439E-1 6.66634E-1 6.67395E-1 6.70132E-1 6.25402E-1 5.05152E-1 4.38802E-1 4.30032E-1 4.12313E-1 4.08696E-1 4.0795E-1 4.12885E-1 4.06224E-1 3.97562E-1 3.87935E-1 3.78097E-1 3.74226E-1 3.79076E-1 3.76277E-1 3.85511E-1 3.71209E-1 3.62296E-1 3.54449E-1 3.63321E-1 3.55062E-1 3.60603E-1 3.74392E-1 3.70308E-1 3.8066E-1 3.8467E-1 3.84526E-1 4.05493E-1 3.95192E-1 3.91928E-1 3.86606E-1 3.9201E-1 4.01418E-1 3.8897E-1
5.70734E-1 5.59215E-1 5.32141E-1 4.96445E-1 4.90743E-1 5.02198E-1 5.69769E-1 6.0708E-1 6.1231E-1 6.10674E-1 6.0698E-1 6.05907E-1 6.09916E-1 6.19359E-1 6.53774E-1 6.59724E-1 6.59116E-1 6.59868E-1 6.58404E-1 6.57037E-1 6.4127E-1 6.45516E-1 6.53814E-1 6.62729E-1 6.6816E-1 6.71568E-1 6.67953E-1 5.75406E-1 4.72606E-1 4.5536E-1 4.43545E-1 4.29847E-1 4.3224E-1 4.32278E-1 4.24726E-1 4.12666E-1 4.05732E-1 3.92783E-1 3.79538E-1 3.73058E-1 3.8421E-1 3.79047E-1 3.69547E-1 3.73282E-1 3.71455E-1 3.61776E-1 3.72356E-1 3.75431E-1 3.77968E-1 3.79363E-1 3.72582E-1 3.80454E-1 3.91679E-1 3.95478E-1 4.06673E-1 4.21359E-1 4.02225E-1 4.01919E-1 4.02895E-1 4.24948E-1 4.20966E-1
4.79111E-1 4.60934E-1 4.48045E-1 4.47349E-1 4.6373E-1 5.06884E-1 5.29728E-1 5.18602E-1 5.28428E-1 5.62486E-1 5.93708E-1 6.08073E-1 6.03855E-1 6.1174E-1 6.21011E-1 6.31778E-1 6.31477E-1 6.30587E-1 6.32225E-1 6.28592E-1 6.29217E-1 6.38302E-1 6.42512E-1 6.4827E-1 6.59558E-1 6.6031E-1 6.62445E-1 6.14847E-1 5.50804E-1 5.07734E-1 4.68191E-1 4.53101E-1 4.51293E-1 4.45523E-1 4.39928E-1 4.24194E-1 4.23653E-1 4.19186E-1 4.03113E-1 3.84987E-1 3.88183E-1 3.89311E-1 3.74793E-1 3.81674E-1 3.92949E-1 3.84405E-1 3.83223E-1 3.75995E-1 3.78648E-1 3.81226E-1 3.86425E-1 3.97581E-1 4.07261E-1 4.10019E-1 4.21895E-1 4.38533E-1 4.18695E-1 4.06537E-1 4.08024E-1 4.14413E-1 4.40548E-1
4.19345E-1 4.04737E-1 4.04309E-1 4.21497E-1 4.36053E-1 4.47154E-1 4.32735E-1 4.2509E-1 4.34407E-1 4.68764E-1 5.10538E-1 5.9395E-1 6.02164E-1 6.02279E-1 6.10256E-1 6.22672E-1 6.22443E-1 6.23454E-1 6.13974E-1 5.984E-1 5.71695E-1 5.72155E-1 5.9675E-1 5.67388E-1 5.4555E-1 5.35128E-1 6.08984E-1 6.36514E-1 5.89929E-1 5.18934E-1 4.78493E-1 4.69774E-1 4.74311E-1 4.55901E-1 4.40415E-1 4.28347E-1 4.18116E-1 4.1598E-1 4.05351E-1 4.1065E-1 3.99745E-1 3.96117E-1 4.05885E-1 4.03601E-1 4.02766E-1 4.01404E-1 3.96979E-1 3.89357E-1 3.91711E-1 3.89892E-1 3.98514E-1 4.74424E-1 4.35659E-1 4.33131E-1 4.2239E-1 4.22083E-1 4.29074E-1 4.20434E-1 4.08908E-1 4.03874E-1 4.13014E-1
3.81969E-1 3.84918E-1 3.72613E-1 3.83311E-1 3.7827E-1 3.72026E-1 3.72234E-1 3.77057E-1 3.85698E-1 4.16748E-1 4.49627E-1 5.01888E-1 5.7996E-1 5.70588E-1 5.88449E-1 6.0148E-1 6.02526E-1 5.70149E-1 5.09319E-1 4.75362E-1 4.73133E-1 4.67143E-1 4.58674E-1 4.60061E-1 4.68334E-1 4.92363E-1 5.94499E-1 6.17542E-1 5.70808E-1 4.74254E-1 4.70348E-1 4.88094E-1 4.87073E-1 4.63145E-1 4.47706E-1 4.44335E-1 4.29702E-1 4.3427E-1 4.23335E-1 4.26111E-1 4.14713E-1 4.21761E-1 4.21626E-1 4.26376E-1 4.23002E-1 4.19745E-1 4.15543E-1 4.21201E-1 4.1341E-1 3.98369E-1 3.92794E-1 4.19512E-1 4.39462E-1 4.42588E-1 4.42964E-1 4.38207E-1 4.28675E-1 4.20947E-1 4.14288E-1 4.09159E-1 4.05871E-1
3.7179E-1 3.64575E-1 3.5912E-1 3.52248E-1 3.48797E-1 3.46375E-1 3.59406E-1 3.62786E-1 3.67314E-1 3.88801E-1 4.11588E-1 4.22316E-1 4.49393E-1 4.54493E-1 4.74475E-1 5.00708E-1 5.07527E-1 4.89602E-1 4.70005E-1 4.46535E-1 4.38729E-1 4.50439E-1 4.38669E-1 4.41812E-1 4.59787E-1 4.6702E-1 4.87421E-1 4.89456E-1 4.81453E-1 4.51393E-1 4.63322E-1 4.85737E-1 4.84801E-1 4.69075E-1 4.48199E-1 4.43593E-1 4.4059E-1 4.41575E-1 4.47199E-1 4.29979E-1 4.39003E-1 4.49105E-1 4.34154E-1 4.3497E-1 4.33902E-1 4.30338E-1 4.28607E-1 4.39241E-1 4.40378E-1 4.29081E-1 4.19971E-1 4.41446E-1 4.56878E-1 4.55567E-1 4.5702E-1 4.59893E-1 4.52889E-1 4.3741E-1 4.14379E-1 4.02858E-1 3.97337E-1
3.46651E-1 3.43387E-1 3.50496E-1 3.47007E-1 3.40342E-1 3.43658E-1 3.56722E-1 3.64734E-1 3.74923E-1 3.92244E-1 4.03591E-1 4.01096E-1 4.16257E-1 4.24975E-1 4.26948E-1 4.4562E-1 4.75584E-1 4.79823E-1 4.57088E-1 4.48027E-1 4.62018E-1 4.76181E-1 4.54669E-1 4.46021E-1 4.62244E-1 4.61539E-1 4.50975E-1 4.53773E-1 4.33423E-1 4.37088E-1 4.5956E-1 4.84732E-1 4.84215E-1 5.16645E-1 5.13745E-1 4.97551E-1 4.75545E-1 4.61427E-1 4.60761E-1 4.70798E-1 4.59387E-1 4.67635E-1 4.58916E-1 4.5314E-1 4.57769E-1 4.55322E-1 4.56139E-1 4.75652E-1 4.83718E-1 4.5814E-1 4.55894E-1 4.63849E-1 4.7283E-1 4.79036E-1 4.80136E-1 4.87658E-1 4.89609E-1 4.86734E-1 4.79684E-1 4.29602E-1 3.93747E-1
3.25252E-1 3.30765E-1 3.3628E-1 3.40616E-1 3.32713E-1 3.4558E-1 3.52801E-1 3.60921E-1 3.7897E-1 3.87346E-1 3.95575E-1 3.97369E-1 4.09619E-1 4.24751E-1 4.34749E-1 4.4884E-1 4.62113E-1 4.7141E-1 4.68677E-1 4.67313E-1 4.72141E-1 4.78472E-1 4.81516E-1 4.98455E-1 4.91909E-1 4.80112E-1 4.71186E-1 4.69723E-1 4.72576E-1 4.53703E-1 4.49958E-1 4.6342E-1 4.88373E-1 4.97378E-1 5.08515E-1 5.50567E-1 5.55066E-1 5.49379E-1 5.48578E-1 5.56223E-1 5.55743E-1 5.48351E-1 5.28471E-1 5.12716E-1 4.93455E-1 4.92436E-1 4.96717E-1 4.89871E-1 4.88009E-1 4.83955E-1 4.83256E-1 4.84688E-1 4.94706E-1 4.95104E-1 4.9318E-1 4.84691E-1 4.70951E-1 4.60804E-1 4.40152E-1 4.06294E-1 3.84795E-1
3.19707E-1 3.25893E-1 3.36063E-1 3.4438E-1 3.46395E-1 3.51651E-1 3.55176E-1 3.62097E-1 3.78618E-1 3.86479E-1 3.92809E-1 3.97983E-1 4.08506E-1 4.27517E-1 4.3547E-1 4.51383E-1 4.66454E-1 4.63073E-1 5.1585E-1 5.38291E-1 5.3427E-1 5.45581E-1 5.57864E-1 5.46872E-1 5.41589E-1 5.38824E-1 5.06415E-1 4.90824E-1 5.1021E-1 5.32692E-1 5.40543E-1 5.47385E-1 5.44135E-1 5.3008E-1 5.14757E-1 5.02248E-1 5.07516E-1 5.13388E-1 4.99082E-1 5.23527E-1 5.12297E-1 5.0557E-1 5.10603E-1 5.29815E-1 4.98995E-1 5.55353E-1 5.86152E-1 6.1216E-1 5.92061E-1 5.71106E-1 5.6286E-1 5.15749E-1 5.14352E-1 5.1679E-1 5.10577E-1 5.01748E-1 4.90148E-1 4.68967E-1 4.45392E-1 4.24797E-1 4.18074E-1
3.15821E-1 3.22435E-1 3.36391E-1 3.39812E-1 3.4286E-1 3.46206E-1 3.5386E-1 3.62402E-1 3.74733E-1 3.86514E-1 3.87186E-1 4.02137E-1 4.1558E-1 4.57054E-1 4.72402E-1 4.88084E-1 4.85932E-1 5.37428E-1 5.78568E-1 5.98841E-1 5.97229E-1 5.73646E-1 5.16501E-1 5.20671E-1 5.55194E-1 5.35855E-1 4.97458E-1 4.8194E-1 4.80028E-1 4.96941E-1 5.6554E-1 5.82163E-1 5.90366E-1 5.9515E-1 6.0244E-1 5.98233E-1 5.98312E-1 5.87673E-1 5.81859E-1 5.84361E-1 5.70112E-1 5.24089E-1 5.1791E-1 5.14868E-1 5.37778E-1 5.45628E-1 6.08942E-1 6.76467E-1 6.79836E-1 6.80477E-1 6.88148E-1 6.65453E-1 5.45562E-1 5.36514E-1 5.3995E-1 5.29985E-1 5.09296E-1 4.8903E-1 4.71177E-1 4.56862E-1 4.48606E-1
3.24004E-1 3.23606E-1 3.29018E-1 3.4163E-1 3.43026E-1 3.49494E-1 3.56286E-1 3.64755E-1 3.80199E-1 3.93663E-1 3.97757E-1 4.18626E-1 4.66531E-1 5.25191E-1 5.24716E-1 5.13575E-1 5.3377E-1 5.81993E-1 5.90254E-1 5.91987E-1 5.88912E-1 5.79489E-1 5.33783E-1 5.63147E-1 5.66463E-1 5.12151E-1 4.72698E-1 4.67441E-1 4.66353E-1 4.66404E-1 4.7968E-1 5.31708E-1 5.74342E-1 5.95837E-1 5.98959E-1 6.04715E-1 6.11292E-1 6.16831E-1 6.17614E-1 6.28886E-1 6.38016E-1 6.43721E-1 6.25435E-1 5.84727E-1 5.81764E-1 6.00493E-1 6.81882E-1 6.87212E-1 6.95624E-1 7.02515E-1 7.05584E-1 7.0727E-1 6.55502E-1 5.69691E-1 5.56116E-1 5.50905E-1 5.28089E-1 5.18464E-1 5.00227E-1 4.84031E-1 4.82988E-1
3.25176E-1 3.29158E-1 3.34019E-1 3.38302E-1 3.49526E-1 3.56892E-1 3.62373E-1 3.73151E-1 3.88787E-1 4.04202E-1 4.08952E-1 4.40372E-1 5.08695E-1 5.26356E-1 5.00482E-1 5.28426E-1 5.65654E-1 5.8363E-1 5.88733E-1 5.8818E-1 5.76342E-1 5.74596E-1 5.82411E-1 5.79091E-1 5.66198E-1 5.19464E-1 4.78936E-1 4.70976E-1 4.76588E-1 4.63062E-1 4.71751E-1 4.75106E-1 4.84874E-1 5.22698E-1 5.63999E-1 5.94824E-1 6.05213E-1 6.13764E-1 6.2375E-1 6.29626E-1 6.40272E-1 6.50498E-1 6.59472E-1 6.69195E-1 6.72686E-1 6.58581E-1 6.92455E-1 6.98249E-1 7.082E-1 7.12864E-1 7.1622E-1 7.12379E-1 7.03248E-1 6.35048E-1 5.55151E-1 5.57099E-1 5.40682E-1 5.35275E-1 5.21756E-1 5.12463E-1 5.12334E-1
3.22479E-1 3.2006E-1 3.33805E-1 3.44218E-1 3.5793E-1 3.69722E-1 3.78434E-1 3.86238E-1 4.0159E-1 4.20793E-1 4.40925E-1 4.95889E-1 5.16584E-1 4.85785E-1 5.19375E-1 5.51347E-1 5.69377E-1 5.79698E-1 5.83136E-1 5.7907E-1 5.8193E-1 5.8184E-1 5.59491E-1 5.54102E-1 5.05615E-1 4.86707E-1 4.70488E-1 4.64199E-1 4.53981E-1 4.56948E-1 4.56239E-1 4.62781E-1 4.64027E-1 4.69534E-1 4.93576E-1 5.27971E-1 5.9336E-1 6.07887E-1 6.20498E-1 6.28478E-1 6.38319E-1 6.52765E-1 6.62365E-1 6.74449E-1 6.88561E-1 6.65E-1 6.40027E-1 6.50752E-1 6.83362E-1 7.09283E-1 7.10796E-1 7.09553E-1 7.05239E-1 6.90625E-1 6.11522E-1 5.70627E-1 5.4548E-1 5.62851E-1 5.59827E-1 5.42275E-1 5.29265E-1
3.29267E-1 3.31159E-1 3.50881E-1 3.63415E-1 3.82047E-1 3.80511E-1 3.83694E-1 3.9532E-1 4.10578E-1 4.42036E-1 4.93259E-1 5.32283E-1 4.74606E-1 4.98634E-1 5.5201E-1 5.61334E-1 5.68398E-1 5.78326E-1 5.86219E-1 5.56433E-1 5.69438E-1 5.62009E-1 5.24409E-1 5.40055E-1 4.87829E-1 4.67333E-1 4.49147E-1 4.37303E-1 4.44154E-1 4.49345E-1 4.54176E-1 4.59198E-1 4.61581E-1 4.75673E-1 4.90672E-1 5.14112E-1 5.61366E-1 6.08399E-1 6.16539E-1 6.26353E-1 6.34857E-1 6.51506E-1 6.6209E-1 6.7414E-1 6.84082E-1 6.84971E-1 6.60183E-1 6.17641E-1 6.49501E-1 7.00872E-1 7.10051E-1 7.13571E-1 7.10641E-1 7.0146E-1 6.96327E-1 6.34122E-1 5.7921E-1 5.75657E-1 5.88527E-1 5.59858E-1 5.30084E-1
