maxent_outputs/hummingbirds/hummingbird_178.asc
ncols         426
nrows         180
xllcorner     -130.0
yllcorner     24.0
cellsize      0.16666666666666666
NODATA_value  -9999
[rows 54 to 80 of 180, columns 305 to 365 of 426]
5.56823E-1 5.50481E-1 5.5447E-1 5.44472E-1 5.38912E-1 5.32413E-1 5.24231E-1 5.13074E-1 5.07564E-1 5.0547E-1 4.96894E-1 5.03868E-1 4.96909E-1 4.90918E-1 4.96859E-1 5.00141E-1 4.96776E-1 4.92118E-1 5.04597E-1 5.07552E-1 5.14452E-1 5.15573E-1 4.95113E-1 5.12659E-1 5.43199E-1 5.35021E-1 5.1485E-1 5.12665E-1 5.11715E-1 5.17885E-1 5.14011E-1 5.16057E-1 4.98783E-1 4.57991E-1 4.41928E-1 4.76077E-1 4.6604E-1 4.81851E-1 5.0329E-1 5.70217E-1 5.60409E-1 5.25325E-1 5.2809E-1 5.48193E-1 5.41233E-1 5.20154E-1 5.01176E-1 5.41177E-1 5.10668E-1 5.16724E-1 5.25797E-1 5.52929E-1 5.60073E-1 5.52798E-1 5.35347E-1 5.27773E-1 5.29102E-1 5.36271E-1 5.4012E-1 5.37608E-1 5.48248E-1
5.45746E-1 5.46284E-1 5.62692E-1 5.59145E-1 5.52948E-1 5.38662E-1 5.2876E-1 5.21117E-1 5.18902E-1 5.11517E-1 5.04384E-1 5.03385E-1 5.01263E-1 5.02174E-1 5.06846E-1 5.21021E-1 5.34031E-1 5.5525E-1 5.29546E-1 5.18855E-1 5.18583E-1 5.1472E-1 5.17421E-1 5.00328E-1 4.96893E-1 4.93484E-1 4.937E-1 4.99689E-1 5.1688E-1 5.2339E-1 5.396E-1 5.44802E-1 5.31609E-1 4.76114E-1 4.70361E-1 4.95344E-1 4.65055E-1 4.82683E-1 5.32279E-1 5.67523E-1 5.52857E-1 5.17744E-1 5.34723E-1 5.29004E-1 5.21359E-1 5.11412E-1 5.49711E-1 5.20412E-1 5.0074E-1 5.22028E-1 5.59237E-1 5.67454E-1 5.60895E-1 5.62891E-1 5.61019E-1 5.35557E-1 5.32717E-1 5.35403E-1 5.49216E-1 5.59451E-1 5.8427E-1
5.58395E-1 5.63007E-1 5.68837E-1 5.55441E-1 5.5808E-1 5.44121E-1 5.39715E-1 5.37468E-1 5.39254E-1 5.26625E-1 5.1398E-1 5.17753E-1 5.17225E-1 5.20046E-1 5.30169E-1 5.53755E-1 5.71247E-1 5.55625E-1 5.57709E-1 5.43836E-1 5.41752E-1 5.23152E-1 4.95254E-1 4.86998E-1 4.83306E-1 4.97488E-1 4.99783E-1 5.19672E-1 5.25341E-1 5.34761E-1 5.3633E-1 5.29514E-1 5.09695E-1 4.91312E-1 5.30352E-1 5.1141E-1 4.69501E-1 4.94019E-1 5.49513E-1 5.07205E-1 5.1977E-1 5.31052E-1 5.13577E-1 4.98331E-1 5.28269E-1 4.89818E-1 5.48466E-1 5.09925E-1 5.36054E-1 5.85358E-1 5.51863E-1 5.48693E-1 5.50386E-1 5.67398E-1 5.65957E-1 5.78933E-1 5.55492E-1 5.4276E-1 5.76358E-1 5.99194E-1 6.20067E-1
5.56993E-1 5.51668E-1 5.53449E-1 5.56262E-1 5.58353E-1 5.28781E-1 5.19814E-1 5.25789E-1 5.3664E-1 5.30475E-1 5.31366E-1 5.41184E-1 5.39551E-1 5.30305E-1 5.44789E-1 5.66963E-1 5.68469E-1 5.53644E-1 5.52582E-1 5.69119E-1 5.62694E-1 5.19089E-1 4.93756E-1 4.95881E-1 4.99507E-1 5.07527E-1 5.15877E-1 5.17594E-1 5.2623E-1 5.25104E-1 5.22178E-1 5.50064E-1 5.17955E-1 5.21246E-1 5.373E-1 5.3977E-1 4.74944E-1 5.09897E-1 5.22857E-1 5.44866E-1 5.2718E-1 5.30078E-1 4.90667E-1 4.84548E-1 4.95234E-1 4.78489E-1 5.67613E-1 5.72862E-1 5.85221E-1 5.815E-1 5.5092E-1 5.68639E-1 5.69186E-1 5.74649E-1 5.79667E-1 5.83979E-1 5.74151E-1 5.9195E-1 6.16742E-1 6.37459E-1 6.46666E-1
5.52839E-1 5.62477E-1 5.62781E-1 5.55045E-1 5.50644E-1 5.41691E-1 5.4608E-1 5.30873E-1 5.41803E-1 5.50128E-1 5.57541E-1 5.60587E-1 5.56924E-1 5.52517E-1 5.69896E-1 5.92323E-1 6.00534E-1 6.06265E-1 6.0817E-1 5.5201E-1 5.27783E-1 5.08626E-1 5.10737E-1 5.13192E-1 5.20315E-1 5.26218E-1 5.25649E-1 5.3551E-1 5.35434E-1 5.46163E-1 5.47821E-1 5.54294E-1 5.64744E-1 5.41036E-1 5.12998E-1 4.97492E-1 4.95215E-1 5.56504E-1 5.31895E-1 5.07206E-1 5.12549E-1 5.39362E-1 4.9099E-1 4.89699E-1 5.00413E-1 5.81095E-1 6.39857E-1 6.9127E-1 6.39333E-1 5.91408E-1 5.87121E-1 5.74976E-1 5.8938E-1 5.88801E-1 6.00573E-1 6.09397E-1 6.02819E-1 6.23825E-1 6.39163E-1 6.55882E-1 6.73616E-1
5.73064E-1 5.80291E-1 5.66133E-1 5.79262E-1 5.766E-1 5.75456E-1 5.64071E-1 5.61628E-1 5.79294E-1 5.90144E-1 5.93428E-1 6.15656E-1 6.00783E-1 6.36429E-1 6.82136E-1 7.37243E-1 6.8057E-1 6.23074E-1 5.73931E-1 5.43472E-1 5.25335E-1 5.33203E-1 5.44629E-1 5.39611E-1 5.45604E-1 5.44224E-1 5.49545E-1 5.52804E-1 5.52486E-1 5.53708E-1 5.59371E-1 5.86121E-1 5.79012E-1 5.43093E-1 5.13357E-1 4.74205E-1 5.08052E-1 5.7571E-1 5.66826E-1 5.31281E-1 5.42467E-1 5.27627E-1 4.90037E-1 5.35322E-1 5.96225E-1 6.44435E-1 6.52947E-1 6.29409E-1 6.14897E-1 5.86327E-1 5.99302E-1 6.03919E-1 6.09922E-1 6.11576E-1 6.21331E-1 6.34439E-1 6.44592E-1 6.62964E-1 6.71354E-1 6.79257E-1 6.94359E-1
5.9111E-1 6.04334E-1 6.13573E-1 6.4096E-1 6.69596E-1 6.9356E-1 7.10125E-1 7.17692E-1 7.35948E-1 7.39832E-1 7.01197E-1 6.72297E-1 6.31622E-1 7.14496E-1 7.76567E-1 7.72388E-1 7.52943E-1 6.82573E-1 6.19561E-1 5.916E-1 5.83413E-1 5.51919E-1 5.37347E-1 5.52282E-1 5.64023E-1 5.66768E-1 5.72073E-1 5.73802E-1 5.75792E-1 5.58647E-1 5.49701E-1 5.56306E-1 5.44502E-1 5.43288E-1 5.04282E-1 4.80061E-1 5.19037E-1 5.93449E-1 5.73805E-1 5.20327E-1 5.4682E-1 5.39887E-1 5.33487E-1 5.64071E-1 5.90443E-1 6.07367E-1 6.50199E-1 6.26614E-1 6.14396E-1 6.05315E-1 6.08219E-1 6.62367E-1 6.33524E-1 6.21513E-1 6.3939E-1 6.59958E-1 7.04442E-1 7.32549E-1 7.25828E-1 7.69315E-1 8.48532E-1
7.07775E-1 7.56183E-1 7.63566E-1 7.71582E-1 7.70797E-1 7.62455E-1 7.57292E-1 7.57332E-1 7.64025E-1 7.70819E-1 7.80528E-1 7.80485E-1 7.78043E-1 7.9489E-1 8.0127E-1 8.02907E-1 7.95728E-1 7.12865E-1 6.24793E-1 6.20109E-1 6.15754E-1 5.97802E-1 5.66014E-1 5.84789E-1 5.96579E-1 5.86783E-1 5.9923E-1 6.03678E-1 6.04374E-1 5.68469E-1 5.74954E-1 5.51713E-1 5.46085E-1 5.59204E-1 5.26866E-1 5.04385E-1 5.20311E-1 5.86703E-1 5.89482E-1 5.67277E-1 5.51856E-1 5.31252E-1 5.66543E-1 5.82664E-1 5.66572E-1 5.81449E-1 5.94766E-1 6.23761E-1 6.03085E-1 6.05217E-1 6.04777E-1 6.33004E-1 6.16955E-1 6.39338E-1 7.24051E-1 7.48674E-1 7.40015E-1 7.90682E-1 -9999 8.8346E-1 -9999
7.78054E-1 7.74298E-1 7.71144E-1 7.69626E-1 7.62659E-1 7.55472E-1 7.5235E-1 7.50981E-1 7.57541E-1 7.67721E-1 7.75076E-1 7.83379E-1 7.89034E-1 7.96252E-1 8.00498E-1 8.0057E-1 7.70243E-1 7.15279E-1 6.4117E-1 6.41316E-1 6.35635E-1 6.23855E-1 6.09027E-1 6.10991E-1 6.29522E-1 6.25595E-1 6.25737E-1 6.2792E-1 6.13128E-1 6.02611E-1 5.94958E-1 5.76755E-1 5.54155E-1 5.68722E-1 5.26207E-1 5.10183E-1 5.33334E-1 5.51293E-1 6.23432E-1 5.91241E-1 5.49098E-1 5.55462E-1 5.69792E-1 5.8069E-1 5.70902E-1 5.77359E-1 5.97444E-1 6.29056E-1 6.15375E-1 6.10918E-1 6.21404E-1 6.26686E-1 6.33572E-1 6.67922E-1 -9999 -9999 -9999 -9999 -9999 -9999 -9999
7.74487E-1 7.63289E-1 7.40297E-1 7.05437E-1 6.9332E-1 6.81118E-1 6.71168E-1 6.67978E-1 6.97657E-1 7.42451E-1 7.5392E-1 7.58686E-1 7.62952E-1 7.60812E-1 7.37431E-1 6.69925E-1 6.53614E-1 6.41006E-1 6.44049E-1 6.48892E-1 6.43223E-1 6.32694E-1 6.37857E-1 6.29248E-1 6.26089E-1 6.32336E-1 6.37265E-1 6.35198E-1 6.23594E-1 6.07043E-1 6.1197E-1 5.84199E-1 5.64194E-1 5.30173E-1 5.10097E-1 5.21173E-1 5.70533E-1 6.06612E-1 6.2253E-1 5.84182E-1 5.57103E-1 5.79458E-1 5.83212E-1 5.81973E-1 5.86345E-1 5.71039E-1 5.80137E-1 5.96564E-1 6.20905E-1 6.20667E-1 6.29629E-1 6.49074E-1 6.80469E-1 -9999 -9999 -9999 -9999 -9999 -9999 -9999 -9999
6.65348E-1 6.54817E-1 6.39247E-1 6.23655E-1 6.05848E-1 5.92469E-1 5.83438E-1 5.74877E-1 5.9137E-1 6.26411E-1 6.22994E-1 6.14433E-1 6.14626E-1 6.30624E-1 6.29432E-1 6.29826E-1 6.30159E-1 6.2039E-1 6.29485E-1 6.546E-1 6.28443E-1 5.97783E-1 5.86594E-1 5.8614E-1 5.86047E-1 6.06734E-1 6.29849E-1 6.25666E-1 6.36683E-1 6.12792E-1 6.01812E-1 5.86305E-1 5.51066E-1 5.07273E-1 5.17589E-1 5.58161E-1 6.17598E-1 6.54035E-1 6.34945E-1 5.90203E-1 5.68538E-1 6.07948E-1 6.20038E-1 6.10493E-1 5.94123E-1 5.61766E-1 5.65036E-1 6.0376E-1 6.17737E-1 6.0779E-1 6.53806E-1 6.86867E-1 -9999 -9999 -9999 -9999 -9999 -9999 -9999 -9999 -9999
6.49063E-1 6.45226E-1 6.26489E-1 6.10225E-1 6.05792E-1 5.84208E-1 5.61418E-1 5.62719E-1 5.71547E-1 5.81947E-1 5.84899E-1 5.84168E-1 5.89854E-1 6.00498E-1 6.07896E-1 6.06593E-1 6.10321E-1 6.03861E-1 5.88134E-1 6.05794E-1 5.93008E-1 5.77665E-1 5.78907E-1 5.72423E-1 5.75294E-1 5.5885E-1 5.63991E-1 6.09565E-1 6.06097E-1 5.91202E-1 5.85744E-1 5.68808E-1 5.42624E-1 5.21046E-1 5.25682E-1 5.83222E-1 6.42227E-1 6.84834E-1 6.35582E-1 6.13552E-1 5.74926E-1 6.14699E-1 6.40997E-1 6.2582E-1 6.21711E-1 5.93939E-1 5.79242E-1 6.09341E-1 6.16819E-1 6.36294E-1 6.78431E-1 6.94009E-1 -9999 -9999 -9999 -9999 -9999 -9999 -9999 -9999 -9999
6.44124E-1 6.59859E-1 6.29589E-1 6.04581E-1 6.05689E-1 5.94093E-1 5.72977E-1 5.58156E-1 5.53495E-1 5.56875E-1 5.68465E-1 5.70852E-1 5.74125E-1 5.90424E-1 5.97683E-1 5.91195E-1 6.06396E-1 6.20462E-1 6.20485E-1 6.15419E-1 6.22722E-1 5.96264E-1 5.96213E-1 5.98733E-1 5.86898E-1 5.82088E-1 5.63387E-1 5.5363E-1 5.60465E-1 5.5837E-1 5.63033E-1 5.49469E-1 5.42255E-1 5.32503E-1 5.36664E-1 5.67892E-1 6.78828E-1 6.95763E-1 6.60838E-1 5.97426E-1 5.92526E-1 5.96402E-1 6.50649E-1 6.35484E-1 6.38755E-1 6.16047E-1 5.94073E-1 6.27418E-1 6.38386E-1 6.65839E-1 6.85288E-1 8.58338E-1 -9999 -9999 -9999 -9999 -9999 -9999 -9999 -9999 -9999
7.11125E-1 6.53035E-1 6.17704E-1 6.16397E-1 5.98477E-1 6.03437E-1 5.77297E-1 5.4803E-1 5.4809E-1 5.77649E-1 6.06532E-1 5.78113E-1 5.65623E-1 5.99441E-1 6.14311E-1 5.93786E-1 6.16268E-1 6.40363E-1 6.3547E-1 6.32413E-1 6.24672E-1 5.97362E-1 6.02399E-1 5.86931E-1 5.90074E-1 5.96242E-1 6.01244E-1 5.80981E-1 5.73267E-1 5.74179E-1 5.69571E-1 5.44737E-1 5.36144E-1 5.4934E-1 5.9898E-1 6.07464E-1 6.63536E-1 6.7715E-1 6.57923E-1 6.16288E-1 5.94848E-1 6.24157E-1 6.29048E-1 6.49305E-1 6.52073E-1 6.35469E-1 6.36796E-1 6.52204E-1 6.80985E-1 6.90087E-1 7.09816E-1 7.6881E-1 -9999 -9999 -9999 -9999 -9999 -9999 -9999 -9999 -9999
6.23198E-1 6.04607E-1 6.0352E-1 5.99957E-1 5.83154E-1 5.83904E-1 5.6509E-1 5.66437E-1 5.50215E-1 5.59521E-1 5.79256E-1 5.85205E-1 5.75594E-1 5.7458E-1 5.97153E-1 6.05308E-1 6.09376E-1 6.15852E-1 6.31215E-1 6.25075E-1 6.32151E-1 6.09658E-1 6.03708E-1 5.90128E-1 5.87025E-1 5.91174E-1 5.87704E-1 5.97879E-1 5.95269E-1 5.96996E-1 5.94728E-1 5.58076E-1 5.36185E-1 5.63566E-1 6.04029E-1 6.38512E-1 6.53739E-1 6.5747E-1 6.47464E-1 5.97524E-1 6.30288E-1 6.13871E-1 6.23918E-1 6.45164E-1 6.56803E-1 6.56437E-1 6.6948E-1 6.81852E-1 6.96472E-1 7.0037E-1 7.25816E-1 7.47898E-1 -9999 -9999 -9999 -9999 -9999 -9999 -9999 -9999 -9999
6.14758E-1 6.09419E-1 6.05073E-1 5.97843E-1 5.76214E-1 5.70882E-1 5.59558E-1 5.78225E-1 5.56591E-1 5.51234E-1 5.52225E-1 5.75884E-1 5.74027E-1 5.81095E-1 5.96391E-1 5.98822E-1 6.09517E-1 6.37496E-1 6.31981E-1 6.24984E-1 6.27003E-1 6.13271E-1 6.08071E-1 6.00189E-1 5.95267E-1 5.9615E-1 5.89046E-1 6.05374E-1 6.0043E-1 6.13508E-1 5.80196E-1 5.74508E-1 5.44622E-1 5.60334E-1 6.04528E-1 6.14084E-1 6.58133E-1 6.58206E-1 6.61967E-1 6.045E-1 6.61675E-1 6.55431E-1 6.39302E-1 6.64567E-1 6.70659E-1 6.80021E-1 6.81813E-1 7.00284E-1 7.07637E-1 7.22166E-1 -9999 -9999 -9999 -9999 -9999 -9999 -9999 -9999 -9999 -9999 -9999
6.08232E-1 6.12337E-1 6.22873E-1 6.05193E-1 5.89158E-1 5.71006E-1 5.62753E-1 5.63809E-1 5.67374E-1 5.70356E-1 5.643E-1 5.64182E-1 5.81899E-1 5.80358E-1 5.81719E-1 6.07772E-1 6.11987E-1 6.18224E-1 6.21642E-1 6.21882E-1 6.19479E-1 6.16751E-1 6.2012E-1 6.21342E-1 6.12237E-1 6.05512E-1 6.11838E-1 6.27304E-1 6.50297E-1 6.51652E-1 6.54631E-1 5.86259E-1 5.56854E-1 5.85245E-1 6.09451E-1 6.41805E-1 6.73553E-1 6.74825E-1 6.61757E-1 6.3426E-1 6.49705E-1 6.62724E-1 6.57162E-1 6.78665E-1 6.81354E-1 6.98779E-1 6.97465E-1 7.18554E-1 7.28554E-1 7.43546E-1 7.58717E-1 -9999 -9999 -9999 -9999 -9999 -9999 -9999 -9999 -9999 -9999
6.18992E-1 6.27038E-1 6.32826E-1 6.13623E-1 5.76809E-1 5.78091E-1 5.75664E-1 5.60454E-1 5.66349E-1 5.66582E-1 5.58974E-1 5.6187E-1 5.67562E-1 5.74711E-1 5.79327E-1 5.95206E-1 5.98503E-1 6.01714E-1 6.10536E-1 6.11373E-1 6.18046E-1 6.25239E-1 6.30615E-1 6.36378E-1 6.33741E-1 6.30098E-1 6.36003E-1 6.83162E-1 6.89846E-1 6.78826E-1 6.54196E-1 5.88068E-1 5.8138E-1 5.89324E-1 6.30274E-1 6.46172E-1 6.83346E-1 6.9625E-1 6.5451E-1 6.43864E-1 6.69714E-1 6.96581E-1 6.95435E-1 6.86176E-1 7.09873E-1 7.14118E-1 7.11142E-1 7.25242E-1 7.36956E-1 7.43334E-1 7.64744E-1 7.84965E-1 -9999 7.92495E-1 8.0626E-1 -9999 -9999 -9999 -9999 -9999 -9999
6.25582E-1 6.42448E-1 6.41427E-1 6.23906E-1 5.95376E-1 5.82323E-1 5.82367E-1 5.85888E-1 5.77377E-1 5.71361E-1 5.65697E-1 5.64284E-1 5.77361E-1 5.76305E-1 5.87598E-1 5.89136E-1 5.97629E-1 6.0843E-1 6.23596E-1 6.31049E-1 6.25744E-1 6.36399E-1 6.46002E-1 6.32551E-1 6.38332E-1 6.44357E-1 6.62433E-1 6.78355E-1 7.01923E-1 6.68458E-1 6.15752E-1 5.98257E-1 6.01884E-1 6.01286E-1 6.29493E-1 6.73919E-1 6.89804E-1 7.00307E-1 6.65768E-1 6.61244E-1 6.87938E-1 7.0564E-1 7.11929E-1 6.96858E-1 7.28247E-1 7.30311E-1 7.20717E-1 7.3609E-1 7.46649E-1 7.61283E-1 7.69377E-1 7.79444E-1 -9999 -9999 8.27739E-1 8.48155E-1 -9999 -9999 -9999 -9999 -9999
6.27037E-1 6.35615E-1 6.30089E-1 6.24924E-1 6.09013E-1 6.02063E-1 5.91849E-1 5.93711E-1 5.97496E-1 5.89034E-1 5.77183E-1 5.68924E-1 5.76663E-1 5.91255E-1 5.81176E-1 5.93321E-1 6.01148E-1 5.98634E-1 6.00812E-1 6.05518E-1 6.12539E-1 6.3239E-1 6.47831E-1 6.34176E-1 6.22049E-1 6.25736E-1 6.39757E-1 6.41018E-1 6.43961E-1 6.32222E-1 5.95168E-1 5.98449E-1 5.97171E-1 6.33492E-1 6.64777E-1 6.8262E-1 6.90196E-1 6.92578E-1 6.8686E-1 6.88299E-1 7.11514E-1 7.08221E-1 7.15454E-1 7.171E-1 7.37434E-1 7.36964E-1 7.23173E-1 7.53458E-1 7.64373E-1 7.71618E-1 7.74087E-1 7.86024E-1 8.03449E-1 8.12751E-1 8.32898E-1 8.49251E-1 -9999 -9999 -9999 -9999 -9999
6.30126E-1 6.29924E-1 6.2394E-1 6.2505E-1 6.27304E-1 6.07871E-1 6.04451E-1 6.12222E-1 6.03903E-1 6.03227E-1 5.89979E-1 5.84385E-1 5.89664E-1 5.99903E-1 6.17109E-1 6.20056E-1 6.12988E-1 6.18993E-1 6.14526E-1 6.04304E-1 6.01575E-1 6.17547E-1 6.39314E-1 6.29316E-1 6.37964E-1 6.49102E-1 6.61034E-1 6.67096E-1 6.34066E-1 5.94855E-1 6.04697E-1 6.12778E-1 6.18275E-1 6.52657E-1 6.61708E-1 6.77267E-1 6.90221E-1 7.08832E-1 7.12806E-1 7.32074E-1 7.34899E-1 7.39259E-1 7.39781E-1 7.45809E-1 7.48693E-1 7.40926E-1 7.4508E-1 7.77817E-1 7.71814E-1 7.74773E-1 8.05356E-1 8.04856E-1 8.03398E-1 8.03201E-1 8.27134E-1 8.87584E-1 -9999 -9999 -9999 -9999 -9999
6.2622E-1 6.25702E-1 6.22958E-1 6.19964E-1 6.25853E-1 6.12419E-1 6.17772E-1 6.1136E-1 6.07715E-1 6.1385E-1 6.0872E-1 6.09202E-1 6.13375E-1 6.15549E-1 6.30026E-1 6.30186E-1 6.37042E-1 6.4436E-1 6.44907E-1 6.17868E-1 6.04937E-1 6.18704E-1 6.42845E-1 6.61106E-1 6.59678E-1 6.59394E-1 6.57396E-1 6.41766E-1 6.17982E-1 6.1467E-1 6.4076E-1 6.55507E-1 6.60715E-1 6.61097E-1 6.77089E-1 6.93475E-1 7.21541E-1 7.35204E-1 7.44001E-1 7.67705E-1 7.72649E-1 7.72587E-1 7.63757E-1 7.53249E-1 7.4742E-1 7.47165E-1 7.62808E-1 7.83474E-1 7.87436E-1 8.38086E-1 8.28061E-1 8.04633E-1 8.26267E-1 8.83613E-1 8.59544E-1 -9999 -9999 -9999 -9999 -9999 -9999
6.31357E-1 6.2764E-1 6.23799E-1 6.31203E-1 6.3874E-1 6.38383E-1 6.2668E-1 6.18781E-1 6.24984E-1 6.17432E-1 6.2714E-1 6.11616E-1 6.06706E-1 6.14507E-1 6.02955E-1 6.09269E-1 6.19767E-1 6.18635E-1 6.19452E-1 6.0963E-1 6.34813E-1 6.64661E-1 6.85691E-1 6.79703E-1 6.6661E-1 6.5989E-1 6.49016E-1 6.339E-1 6.41855E-1 6.59843E-1 6.69117E-1 6.62518E-1 6.53774E-1 6.79087E-1 7.01205E-1 7.17619E-1 7.34149E-1 7.51407E-1 7.64169E-1 7.7135E-1 7.79924E-1 7.8099E-1 7.74417E-1 7.93013E-1 7.5433E-1 8.10529E-1 -9999 -9999 -9999 -9999 8.36316E-1 -9999 -9999 8.46098E-1 8.25759E-1 8.29947E-1 -9999 -9999 -9999 -9999 -9999
6.28568E-1 6.31434E-1 6.23431E-1 6.53269E-1 6.31315E-1 6.19722E-1 6.16096E-1 6.29494E-1 6.30222E-1 6.1296E-1 6.19381E-1 6.38924E-1 6.47512E-1 6.15432E-1 5.92401E-1 6.01309E-1 5.9602E-1 6.15401E-1 6.27378E-1 6.43054E-1 6.55638E-1 6.77226E-1 6.8717E-1 6.51411E-1 6.53833E-1 6.52334E-1 6.39054E-1 6.69529E-1 6.95317E-1 6.80098E-1 6.68282E-1 6.83954E-1 6.84363E-1 6.97479E-1 7.08381E-1 7.19618E-1 7.89672E-1 -9999 -9999 7.91543E-1 8.02984E-1 8.0516E-1 8.09552E-1 8.12012E-1 -9999 7.97634E-1 -9999 -9999 -9999 -9999 -9999 -9999 -9999 -9999 -9999 -9999 -9999 -9999 -9999 -9999 -9999
6.41002E-1 6.44524E-1 6.51299E-1 6.40686E-1 6.41322E-1 6.31125E-1 6.50887E-1 6.45262E-1 6.2052E-1 6.27119E-1 6.37021E-1 6.52328E-1 6.32541E-1 6.15234E-1 6.17746E-1 6.11294E-1 6.16342E-1 6.46439E-1 6.63567E-1 6.63369E-1 6.62704E-1 6.59047E-1 6.40087E-1 6.48238E-1 6.47862E-1 6.52339E-1 6.73342E-1 6.90125E-1 6.88913E-1 6.84215E-1 6.82856E-1 7.08574E-1 7.00606E-1 7.47986E-1 7.71059E-1 7.7202E-1 7.76734E-1 7.75771E-1 7.64467E-1 7.59368E-1 7.99941E-1 7.83656E-1 7.91164E-1 -9999 -9999 -9999 -9999 -9999 -9999 -9999 -9999 -9999 -9999 -9999 -9999 -9999 -9999 -9999 -9999 -9999 -9999
6.44743E-1 6.56316E-1 6.54308E-1 6.54436E-1 6.53905E-1 6.64976E-1 6.44202E-1 6.38356E-1 6.51171E-1 6.38602E-1 6.52793E-1 6.5079E-1 6.46203E-1 6.32182E-1 6.35943E-1 6.37251E-1 6.49243E-1 6.53509E-1 6.67359E-1 6.63485E-1 6.39818E-1 6.21401E-1 6.25496E-1 6.21792E-1 6.53911E-1 6.69392E-1 6.71047E-1 6.76336E-1 6.82147E-1 7.01501E-1 7.16164E-1 7.35584E-1 7.49435E-1 7.22978E-1 7.42611E-1 7.6656E-1 7.73811E-1 7.6732E-1 7.52742E-1 7.4393E-1 -9999 -9999 -9999 -9999 -9999 -9999 -9999 -9999 -9999 -9999 -9999 -9999 -9999 -9999 -9999 -9999 -9999 -9999 -9999 -9999 -9999
6.6202E-1 6.73446E-1 6.70519E-1 6.64807E-1 6.70411E-1 6.54358E-1 6.36706E-1 6.39595E-1 6.40755E-1 6.38559E-1 6.3534E-1 6.43948E-1 6.47461E-1 6.47386E-1 6.54569E-1 6.64537E-1 6.57589E-1 6.629E-1 6.57304E-1 6.48976E-1 6.35076E-1 6.27601E-1 6.45516E-1 6.51845E-1 6.57994E-1 6.60165E-1 6.44705E-1 6.62395E-1 6.83458E-1 7.06624E-1 7.34318E-1 7.53955E-1 7.51455E-1 7.33438E-1 7.48846E-1 7.94509E-1 8.39007E-1 -9999 -9999 -9999 -9999 -9999 -9999 -9999 -9999 -9999 -9999 -9999 -9999 -9999 -9999 -9999 -9999 -9999 -9999 -9999 -9999 -9999 -9999 -9999 -9999
