maxent_outputs/hummingbirds/hummingbird_157.asc
ncols         426
nrows         180
xllcorner     -130.0
yllcorner     24.0
cellsize      0.16666666666666666
NODATA_value  -9999
[rows 54 to 80 of 180, columns 61 to 121 of 426]
6.56134E-1 6.81588E-1 6.32507E-1 6.31486E-1 6.61292E-1 6.71259E-1 7.08116E-1 6.81781E-1 6.72428E-1 7.09502E-1 6.66092E-1 5.3853E-1 5.37086E-1 5.50582E-1 5.88874E-1 6.11243E-1 5.20708E-1 5.20035E-1 5.57711E-1 5.292E-1 5.54805E-1 5.46071E-1 5.66849E-1 6.48026E-1 6.2418E-1 6.46799E-1 6.47289E-1 6.7187E-1 6.53794E-1 6.5646E-1 5.76414E-1 6.36236E-1 6.46388E-1 6.75368E-1 6.09592E-1 5.79645E-1 5.3846E-1 4.73131E-1 6.1268E-1 5.1999E-1 5.66449E-1 5.39773E-1 5.5793E-1 5.14788E-1 5.3146E-1 5.2992E-1 6.10428E-1 5.88353E-1 6.52122E-1 5.81E-1 6.23937E-1 6.09756E-1 5.58345E-1 6.0034E-1 5.52652E-1 5.25683E-1 4.89557E-1 5.09058E-1 5.71145E-1 6.31544E-1 6.03376E-1
6.57857E-1 6.44969E-1 6.43053E-1 6.62818E-1 6.40195E-1 6.69863E-1 6.68915E-1 6.83928E-1 6.42246E-1 6.47642E-1 6.42869E-1 6.04779E-1 5.35091E-1 5.20429E-1 5.3094E-1 5.31832E-1 5.23947E-1 5.40914E-1 6.24693E-1 5.30387E-1 4.60981E-1 6.2076E-1 5.13613E-1 6.0502E-1 6.20118E-1 6.27645E-1 6.67942E-1 6.27578E-1 5.88642E-1 5.93465E-1 6.35506E-1 6.75765E-1 6.84918E-1 5.75853E-1 4.79856E-1 6.03475E-1 5.95162E-1 4.95338E-1 5.37543E-1 5.51053E-1 6.01004E-1 5.69179E-1 4.90747E-1 4.68985E-1 4.94715E-1 5.47251E-1 5.32664E-1 5.06386E-1 5.12682E-1 4.9751E-1 5.48172E-1 5.32648E-1 4.44438E-1 5.17892E-1 5.36991E-1 5.69776E-1 5.65391E-1 5.93331E-1 5.63081E-1 6.27494E-1 6.45736E-1
6.56765E-1 6.53354E-1 6.9974E-1 6.73301E-1 6.9953E-1 6.97935E-1 6.87542E-1 6.43266E-1 6.11846E-1 5.74805E-1 5.59072E-1 5.90895E-1 5.70258E-1 5.39917E-1 5.11706E-1 5.70893E-1 5.53776E-1 5.88085E-1 4.30095E-1 3.90483E-1 4.17014E-1 5.89914E-1 5.6913E-1 6.02189E-1 6.21028E-1 6.22668E-1 6.23569E-1 6.19039E-1 6.44747E-1 6.53318E-1 6.46379E-1 6.78817E-1 6.6531E-1 5.1284E-1 5.06516E-1 4.54997E-1 5.61334E-1 6.69845E-1 5.50848E-1 4.68229E-1 6.06196E-1 4.94119E-1 5.10345E-1 5.30498E-1 4.56447E-1 4.40806E-1 4.87361E-1 5.20298E-1 5.06369E-1 5.19454E-1 5.18907E-1 4.99353E-1 5.12541E-1 5.12034E-1 5.17372E-1 5.55512E-1 5.7421E-1 5.72169E-1 6.21366E-1 6.32942E-1 6.64766E-1
6.89259E-1 6.54866E-1 6.73375E-1 6.55601E-1 6.46882E-1 6.45234E-1 6.11379E-1 6.34908E-1 6.92757E-1 5.65302E-1 5.03686E-1 5.22739E-1 4.81852E-1 5.2888E-1 4.89174E-1 5.23602E-1 4.96696E-1 4.79036E-1 4.40673E-1 4.05435E-1 4.27672E-1 5.55682E-1 5.75533E-1 5.78361E-1 6.24206E-1 6.07115E-1 5.71151E-1 6.10004E-1 6.01465E-1 6.50997E-1 6.49722E-1 6.70194E-1 6.75668E-1 5.48619E-1 5.36085E-1 5.91216E-1 4.67071E-1 5.74878E-1 6.29664E-1 5.62E-1 5.00013E-1 6.2411E-1 5.65974E-1 5.03115E-1 5.22542E-1 5.12802E-1 5.08819E-1 4.48039E-1 4.22305E-1 4.32716E-1 4.65176E-1 4.85411E-1 5.29181E-1 5.52249E-1 5.61514E-1 5.53563E-1 5.88745E-1 5.9107E-1 6.42691E-1 6.4303E-1 6.29357E-1
6.10222E-1 6.30626E-1 6.64012E-1 6.89632E-1 6.31064E-1 6.60045E-1 6.80952E-1 6.5999E-1 6.60349E-1 6.08633E-1 5.59618E-1 4.7663E-1 4.86219E-1 4.93979E-1 4.90871E-1 4.70486E-1 4.7973E-1 4.86296E-1 4.88353E-1 4.56173E-1 4.65506E-1 4.75789E-1 5.86377E-1 5.8149E-1 6.14099E-1 6.01896E-1 6.12134E-1 6.07143E-1 5.92396E-1 5.46675E-1 6.3707E-1 6.27485E-1 5.88518E-1 5.14924E-1 5.36296E-1 5.97829E-1 5.78038E-1 5.27299E-1 4.6463E-1 5.50667E-1 5.32261E-1 5.12196E-1 5.44736E-1 4.6019E-1 4.36375E-1 4.15594E-1 4.34146E-1 4.2449E-1 4.32758E-1 4.8237E-1 4.7307E-1 4.92195E-1 4.89891E-1 5.34854E-1 5.72706E-1 5.32162E-1 5.39584E-1 5.83702E-1 6.21085E-1 6.58891E-1 6.9093E-1
5.99711E-1 6.43172E-1 6.44526E-1 6.56826E-1 6.14605E-1 5.69655E-1 6.38029E-1 5.85883E-1 6.01267E-1 5.22746E-1 5.08093E-1 4.77876E-1 4.97997E-1 5.13093E-1 4.70262E-1 4.59929E-1 4.71876E-1 4.846E-1 4.68368E-1 4.62173E-1 5.05931E-1 4.90363E-1 5.73047E-1 5.36089E-1 5.89151E-1 5.65098E-1 5.76035E-1 5.96119E-1 6.30406E-1 5.92748E-1 6.265E-1 6.91695E-1 6.15737E-1 5.74491E-1 5.83585E-1 4.60159E-1 6.36981E-1 6.6713E-1 5.18773E-1 4.68704E-1 6.28078E-1 4.93964E-1 4.98332E-1 4.13223E-1 3.99724E-1 3.93289E-1 4.19925E-1 4.29337E-1 4.20603E-1 4.23405E-1 4.77881E-1 4.87303E-1 5.32384E-1 5.42106E-1 5.0016E-1 5.34171E-1 5.6861E-1 6.05366E-1 6.13142E-1 6.61174E-1 6.82718E-1
6.08737E-1 6.46659E-1 6.46045E-1 6.08218E-1 6.21956E-1 5.91701E-1 6.00702E-1 4.89296E-1 5.15918E-1 4.90445E-1 5.193E-1 5.24159E-1 5.02609E-1 4.79646E-1 4.58898E-1 4.58592E-1 4.9025E-1 4.88113E-1 4.71539E-1 4.93144E-1 5.23706E-1 5.03892E-1 5.54133E-1 5.31027E-1 5.94888E-1 5.54533E-1 5.49841E-1 5.7175E-1 6.30943E-1 6.26728E-1 6.04501E-1 6.7049E-1 6.81688E-1 6.55108E-1 5.89559E-1 5.76003E-1 5.69401E-1 5.15132E-1 5.28275E-1 5.51708E-1 4.7706E-1 5.40298E-1 3.99874E-1 3.81721E-1 3.97467E-1 3.85826E-1 3.99308E-1 4.09186E-1 4.37521E-1 4.54212E-1 4.74302E-1 4.46207E-1 5.09122E-1 6.13311E-1 6.14045E-1 5.01873E-1 5.1036E-1 5.38802E-1 6.20986E-1 7.03266E-1 6.49731E-1
5.95158E-1 5.63738E-1 5.78793E-1 5.42737E-1 5.36986E-1 6.10435E-1 5.97621E-1 5.10849E-1 4.7956E-1 5.08998E-1 5.22522E-1 5.41443E-1 5.28543E-1 5.10397E-1 4.93367E-1 5.00276E-1 5.12176E-1 5.03829E-1 4.96472E-1 4.89579E-1 5.01651E-1 5.36862E-1 5.78408E-1 4.97613E-1 5.68514E-1 5.26346E-1 5.67526E-1 5.85542E-1 6.01193E-1 6.04437E-1 6.37272E-1 6.32021E-1 5.80513E-1 6.25631E-1 6.92783E-1 6.48424E-1 6.06187E-1 4.98667E-1 4.52704E-1 5.27827E-1 4.99743E-1 3.87206E-1 3.70991E-1 3.79768E-1 4.0214E-1 4.0022E-1 4.23605E-1 4.53006E-1 4.73177E-1 5.14771E-1 5.64508E-1 4.85735E-1 4.52773E-1 6.41092E-1 5.50553E-1 4.42659E-1 5.36165E-1 5.97233E-1 6.44602E-1 6.53777E-1 6.58634E-1
5.62386E-1 5.44656E-1 5.34998E-1 5.32414E-1 5.19918E-1 4.93735E-1 4.88977E-1 5.15215E-1 5.44906E-1 5.34263E-1 5.26612E-1 5.11467E-1 5.15427E-1 5.22872E-1 5.34491E-1 5.72214E-1 5.13106E-1 5.15057E-1 5.30191E-1 5.16115E-1 5.10911E-1 5.49624E-1 5.44284E-1 4.96912E-1 4.74489E-1 5.28893E-1 6.10555E-1 5.55364E-1 5.74654E-1 5.71098E-1 5.68494E-1 6.00178E-1 5.35336E-1 5.11759E-1 5.27196E-1 5.56461E-1 5.50407E-1 4.86729E-1 4.11686E-1 4.17265E-1 4.06568E-1 3.79172E-1 3.94708E-1 4.19165E-1 4.35361E-1 4.54859E-1 4.57053E-1 4.83305E-1 5.0654E-1 5.19467E-1 5.43821E-1 5.70702E-1 5.52229E-1 6.14216E-1 4.39131E-1 5.04433E-1 5.68112E-1 5.51956E-1 5.69966E-1 5.94984E-1 5.6855E-1
5.686E-1 5.5115E-1 5.42969E-1 5.36157E-1 5.25408E-1 5.25383E-1 5.60006E-1 5.34965E-1 5.40222E-1 5.20892E-1 5.32179E-1 5.36374E-1 5.10188E-1 5.17139E-1 5.31445E-1 5.70344E-1 5.4327E-1 5.36494E-1 5.3247E-1 5.21564E-1 4.93845E-1 4.7509E-1 4.52452E-1 4.72432E-1 4.90249E-1 4.86445E-1 5.13904E-1 4.67051E-1 4.89312E-1 4.65832E-1 4.44095E-1 4.48893E-1 4.43857E-1 4.34701E-1 4.71108E-1 4.35926E-1 4.62705E-1 4.59045E-1 4.35293E-1 4.09195E-1 4.16655E-1 4.30947E-1 4.36054E-1 4.47979E-1 4.62646E-1 4.70682E-1 4.7939E-1 5.03502E-1 4.90832E-1 5.24485E-1 5.13059E-1 5.38325E-1 6.0189E-1 5.48933E-1 4.95166E-1 6.09897E-1 6.13173E-1 6.17195E-1 5.68224E-1 5.6311E-1 7.10458E-1
5.76036E-1 5.76411E-1 5.69471E-1 5.67039E-1 5.49085E-1 5.56849E-1 5.67369E-1 5.42251E-1 5.39543E-1 5.4459E-1 5.3276E-1 4.93717E-1 5.19259E-1 5.35715E-1 5.37245E-1 5.51029E-1 5.19689E-1 5.36921E-1 5.50852E-1 5.14866E-1 4.98149E-1 4.64491E-1 4.38556E-1 4.43734E-1 4.47866E-1 4.97395E-1 5.11219E-1 4.64043E-1 4.38688E-1 4.40747E-1 4.21264E-1 4.23723E-1 4.23349E-1 4.22522E-1 4.29386E-1 4.28621E-1 4.35011E-1 4.38559E-1 4.61118E-1 4.28042E-1 4.33691E-1 4.46452E-1 4.36784E-1 4.5586E-1 4.64201E-1 4.75169E-1 5.00649E-1 5.50656E-1 4.90302E-1 4.70249E-1 5.27781E-1 5.59317E-1 5.44319E-1 5.75945E-1 5.34814E-1 5.67539E-1 4.85497E-1 5.69284E-1 5.48382E-1 5.87603E-1 7.23421E-1
5.81897E-1 5.91627E-1 5.84566E-1 5.77882E-1 5.73374E-1 5.68575E-1 5.54977E-1 5.61137E-1 5.83815E-1 5.54476E-1 5.19717E-1 5.07884E-1 4.95904E-1 5.02308E-1 5.02432E-1 5.00953E-1 5.02081E-1 5.38367E-1 5.89847E-1 5.61942E-1 4.93487E-1 4.75076E-1 4.63818E-1 4.442E-1 4.53854E-1 4.59742E-1 4.68064E-1 4.90536E-1 4.96283E-1 4.94777E-1 4.95483E-1 4.88633E-1 4.70324E-1 4.37921E-1 4.19874E-1 4.17657E-1 4.26028E-1 4.41854E-1 4.59616E-1 4.39006E-1 4.54493E-1 4.40071E-1 4.49622E-1 4.69559E-1 4.74942E-1 4.83046E-1 5.17221E-1 4.68684E-1 4.63017E-1 4.29153E-1 4.49097E-1 5.4388E-1 4.87466E-1 5.47921E-1 5.38216E-1 5.86779E-1 5.05374E-1 4.78169E-1 4.49068E-1 5.23972E-1 6.52643E-1
6.05683E-1 5.96671E-1 5.88378E-1 5.69059E-1 5.66814E-1 5.75736E-1 5.7707E-1 6.00956E-1 5.8888E-1 5.50367E-1 5.62966E-1 5.20088E-1 4.83659E-1 4.83326E-1 5.03357E-1 4.97606E-1 5.07986E-1 5.16876E-1 5.76425E-1 5.62587E-1 5.32124E-1 4.87582E-1 4.90824E-1 5.07845E-1 4.94338E-1 4.68988E-1 4.62345E-1 4.69942E-1 4.4689E-1 4.70951E-1 4.8293E-1 4.71441E-1 4.70658E-1 4.3982E-1 4.16733E-1 4.28601E-1 4.33593E-1 4.39933E-1 4.49525E-1 4.80078E-1 4.64247E-1 4.72569E-1 5.19071E-1 5.08785E-1 5.02831E-1 5.26626E-1 5.49899E-1 4.59971E-1 4.50488E-1 4.33601E-1 4.56291E-1 5.04835E-1 4.93488E-1 4.83262E-1 5.60776E-1 5.94307E-1 5.43949E-1 4.28676E-1 4.00623E-1 3.94763E-1 4.80864E-1
5.94775E-1 5.81489E-1 5.73641E-1 5.55088E-1 5.47194E-1 5.78066E-1 6.19292E-1 6.88246E-1 5.52259E-1 5.64288E-1 5.42008E-1 5.09222E-1 4.62009E-1 4.62951E-1 5.10887E-1 5.09781E-1 5.17888E-1 5.74524E-1 5.78963E-1 5.31216E-1 5.41179E-1 5.51074E-1 5.09643E-1 4.74342E-1 4.57915E-1 4.53024E-1 4.35622E-1 4.37231E-1 4.28388E-1 4.76473E-1 4.91878E-1 4.88247E-1 4.82114E-1 4.41588E-1 4.44144E-1 4.6403E-1 4.62542E-1 4.71856E-1 4.7339E-1 4.84112E-1 4.64065E-1 4.96656E-1 5.1258E-1 4.90476E-1 5.35559E-1 4.83195E-1 5.5856E-1 4.30177E-1 4.52253E-1 4.29847E-1 4.48025E-1 5.28283E-1 4.86022E-1 4.62955E-1 5.86851E-1 6.14926E-1 5.26483E-1 4.38047E-1 3.87275E-1 3.74848E-1 3.56463E-1
6.12577E-1 6.19255E-1 5.95353E-1 5.67713E-1 5.43063E-1 5.8245E-1 5.98573E-1 6.19172E-1 5.18864E-1 5.29002E-1 4.97537E-1 4.79996E-1 4.94146E-1 4.87676E-1 5.22569E-1 5.12375E-1 5.08277E-1 5.26549E-1 5.30458E-1 5.09473E-1 5.05741E-1 5.09376E-1 5.42314E-1 5.31805E-1 4.87569E-1 4.87877E-1 4.61052E-1 4.61964E-1 4.68989E-1 5.05123E-1 5.24175E-1 5.1467E-1 5.03346E-1 4.99116E-1 4.89032E-1 4.91602E-1 5.08054E-1 5.08414E-1 4.85188E-1 4.68429E-1 4.97896E-1 4.97205E-1 5.6967E-1 4.93856E-1 5.08309E-1 4.56472E-1 4.86482E-1 5.25038E-1 4.57642E-1 5.10134E-1 5E-1 5.46772E-1 5.07081E-1 5.29317E-1 5.79704E-1 6.19092E-1 5.31491E-1 4.20263E-1 3.56695E-1 3.46709E-1 3.40509E-1
6.52709E-1 6.13826E-1 6.10655E-1 6.11272E-1 5.77244E-1 5.62712E-1 5.98118E-1 5.25618E-1 5.21988E-1 5.11123E-1 5.23128E-1 5.39538E-1 5.42695E-1 5.45454E-1 5.35103E-1 5.26694E-1 5.23013E-1 5.65596E-1 5.11921E-1 5.01918E-1 5.04722E-1 4.95163E-1 5.19784E-1 5.36162E-1 5.32149E-1 5.19642E-1 5.02962E-1 5.08888E-1 4.89564E-1 4.94918E-1 4.99887E-1 5.09754E-1 5.25693E-1 5.33752E-1 5.22016E-1 5.06112E-1 5.21971E-1 5.39433E-1 5.12054E-1 4.80353E-1 5.45596E-1 5.30898E-1 5.3528E-1 4.92755E-1 4.75859E-1 4.92961E-1 4.59448E-1 5.36773E-1 4.50777E-1 5.78367E-1 4.41188E-1 5.13165E-1 4.65703E-1 4.75706E-1 5.75054E-1 5.76959E-1 5.67261E-1 4.4055E-1 3.69601E-1 3.65083E-1 3.37422E-1
6.22343E-1 5.98277E-1 5.95506E-1 6.03922E-1 5.91671E-1 5.82477E-1 5.81762E-1 5.26359E-1 5.56644E-1 5.48894E-1 5.89108E-1 5.45866E-1 5.38411E-1 5.51624E-1 5.40495E-1 5.33592E-1 5.07483E-1 5.06822E-1 4.99266E-1 4.95565E-1 5.04676E-1 4.91492E-1 4.98433E-1 5.35676E-1 5.43733E-1 5.40416E-1 5.06667E-1 5.06541E-1 5.0991E-1 5.27916E-1 5.35976E-1 5.14573E-1 5.23804E-1 5.47735E-1 5.52993E-1 5.27378E-1 5.54084E-1 5.67832E-1 5.00149E-1 4.71978E-1 4.89478E-1 5.02163E-1 4.62568E-1 4.70513E-1 4.75041E-1 4.54144E-1 4.96744E-1 4.29957E-1 4.68285E-1 5.76066E-1 4.33922E-1 4.27183E-1 3.77426E-1 4.6522E-1 5.54933E-1 5.56769E-1 5.04193E-1 4.22176E-1 4.10036E-1 3.89412E-1 3.54887E-1
6.14205E-1 5.99614E-1 6.01562E-1 5.97363E-1 6.07047E-1 5.80606E-1 5.89654E-1 5.43586E-1 5.73923E-1 6.22425E-1 5.6418E-1 5.61725E-1 5.05533E-1 5.45106E-1 5.42103E-1 5.32005E-1 5.16544E-1 5.15136E-1 5.0648E-1 4.93065E-1 5.0202E-1 5.05357E-1 5.40117E-1 5.55089E-1 5.44977E-1 5.47256E-1 5.31606E-1 5.06435E-1 5.26421E-1 5.60233E-1 5.49508E-1 5.14696E-1 4.74282E-1 5.35221E-1 5.09336E-1 5.22445E-1 5.42425E-1 4.98832E-1 4.92951E-1 4.84803E-1 5.26495E-1 4.22909E-1 4.38904E-1 4.40249E-1 4.3674E-1 4.31138E-1 4.778E-1 4.16599E-1 4.77413E-1 5.91464E-1 5.57883E-1 5.44389E-1 4.15863E-1 3.82782E-1 4.89458E-1 4.96225E-1 4.67884E-1 4.0391E-1 4.02804E-1 3.64835E-1 3.62248E-1
6.04945E-1 6.07159E-1 6.17839E-1 6.05026E-1 5.95542E-1 5.57933E-1 5.37854E-1 5.35031E-1 5.98949E-1 5.50421E-1 5.48923E-1 5.31026E-1 4.91423E-1 5.2931E-1 5.65003E-1 5.52289E-1 5.22191E-1 5.15662E-1 5.11593E-1 4.98383E-1 4.9713E-1 4.98937E-1 5.41457E-1 5.61695E-1 5.56762E-1 5.67856E-1 5.97154E-1 5.89953E-1 5.71104E-1 5.20847E-1 5.30122E-1 4.92426E-1 5.0904E-1 4.90351E-1 4.64022E-1 5.22379E-1 5.17193E-1 5.45582E-1 5.97306E-1 5.31017E-1 4.00097E-1 3.82178E-1 4.2063E-1 4.42479E-1 4.40833E-1 4.39875E-1 4.436E-1 4.09603E-1 5.26955E-1 5.7062E-1 5.97294E-1 5.3832E-1 4.09171E-1 3.94757E-1 4.68765E-1 4.5698E-1 4.41706E-1 3.85608E-1 3.6115E-1 3.55132E-1 3.55627E-1
5.774E-1 5.95872E-1 5.85934E-1 6.05869E-1 6.06654E-1 5.79798E-1 5.81664E-1 5.51054E-1 5.57078E-1 4.93173E-1 5.43315E-1 4.90662E-1 4.94979E-1 5.88733E-1 5.62289E-1 5.48328E-1 5.20531E-1 5.07796E-1 5.0765E-1 4.95767E-1 4.85485E-1 5.07223E-1 5.79451E-1 5.20909E-1 5.21E-1 5.50167E-1 6.26619E-1 5.90972E-1 4.98095E-1 5.22784E-1 5.25832E-1 5.20789E-1 4.94053E-1 4.91926E-1 5.10729E-1 4.87178E-1 5.3914E-1 4.84629E-1 4.43733E-1 4.28169E-1 4.12932E-1 4.21765E-1 4.69637E-1 4.48849E-1 4.29447E-1 4.44984E-1 4.50307E-1 4.14252E-1 5.35655E-1 5.30074E-1 5.24035E-1 4.45394E-1 4.04938E-1 4.30405E-1 4.43431E-1 4.40092E-1 4.2535E-1 3.84222E-1 3.77861E-1 3.68246E-1 3.67671E-1
5.59733E-1 5.79468E-1 5.80674E-1 5.81521E-1 5.75951E-1 5.95575E-1 5.98152E-1 5.39996E-1 4.83087E-1 4.81934E-1 4.99702E-1 4.66719E-1 5.41165E-1 5.70428E-1 5.4043E-1 5.23888E-1 5.06172E-1 4.96377E-1 4.95135E-1 4.91905E-1 5.0868E-1 5.29201E-1 5.42577E-1 5.68697E-1 5.0924E-1 5.1507E-1 5.08535E-1 4.87361E-1 5.33786E-1 5.04379E-1 4.97218E-1 5.00681E-1 4.66508E-1 5.09219E-1 5.16933E-1 4.56014E-1 5.24148E-1 4.4093E-1 4.36401E-1 4.12495E-1 4.84191E-1 5.96409E-1 5.36349E-1 4.6296E-1 4.49136E-1 4.57473E-1 4.6387E-1 4.62988E-1 5.1521E-1 5.02938E-1 5.66335E-1 4.35212E-1 4.19284E-1 4.63096E-1 4.62798E-1 4.37196E-1 4.20867E-1 3.83296E-1 3.76755E-1 3.80465E-1 3.77882E-1
5.76579E-1 5.91614E-1 5.62774E-1 5.74271E-1 5.97216E-1 5.93374E-1 4.77605E-1 4.70615E-1 5.54699E-1 4.67917E-1 4.6198E-1 4.58357E-1 5.45763E-1 5.02304E-1 4.8821E-1 4.80142E-1 5.0892E-1 5.34505E-1 5.17934E-1 5.33128E-1 5.5371E-1 5.43028E-1 5.21386E-1 5.40362E-1 5.05149E-1 4.78821E-1 5.09563E-1 4.72717E-1 4.97823E-1 5.10518E-1 4.7878E-1 4.48262E-1 4.81248E-1 4.91718E-1 4.62682E-1 4.13546E-1 4.4841E-1 4.36599E-1 4.40455E-1 4.66984E-1 4.95428E-1 6.16857E-1 6.61068E-1 5.51423E-1 4.87709E-1 4.77132E-1 5.0276E-1 5.23601E-1 5.49784E-1 5.24E-1 5.71125E-1 4.58668E-1 4.03997E-1 4.68689E-1 4.767E-1 4.49054E-1 4.32748E-1 4.12665E-1 4.0878E-1 4.04601E-1 3.76993E-1
5.94681E-1 5.84039E-1 5.87761E-1 5.68973E-1 5.60873E-1 5.07062E-1 4.54974E-1 5.25714E-1 5.66496E-1 4.63391E-1 4.79807E-1 4.87034E-1 5.16776E-1 4.53654E-1 5.07768E-1 5.10042E-1 5.11658E-1 5.61951E-1 5.08516E-1 4.86888E-1 5.22875E-1 5.26963E-1 5.29771E-1 5.015E-1 4.67583E-1 4.76788E-1 4.74164E-1 4.31693E-1 4.24527E-1 4.93391E-1 5.02034E-1 4.72023E-1 5.07963E-1 4.48029E-1 4.435E-1 4.3611E-1 3.98607E-1 4.56173E-1 4.89268E-1 4.63795E-1 4.89475E-1 5.59491E-1 6.53481E-1 6.51315E-1 5.50622E-1 5.31859E-1 4.45193E-1 5.24229E-1 4.60808E-1 5.26379E-1 5.31812E-1 4.66857E-1 4.27241E-1 4.45761E-1 4.81203E-1 4.78433E-1 4.78089E-1 4.49335E-1 4.18596E-1 4.2535E-1 3.95662E-1
5.98377E-1 5.95995E-1 6.09019E-1 6.10158E-1 4.84462E-1 4.8464E-1 4.51407E-1 5.33716E-1 4.81097E-1 4.51883E-1 4.71087E-1 4.70136E-1 4.87218E-1 4.48944E-1 5.18066E-1 4.72992E-1 4.44343E-1 5.11868E-1 4.84825E-1 4.90614E-1 5.17433E-1 5.50667E-1 4.94468E-1 4.88546E-1 5.10823E-1 4.58325E-1 4.3271E-1 4.25522E-1 5.06536E-1 4.95184E-1 4.84523E-1 5.29773E-1 4.68121E-1 4.92998E-1 5.11597E-1 4.63847E-1 4.42851E-1 4.89573E-1 4.99288E-1 5.07138E-1 4.49352E-1 4.35355E-1 5.57806E-1 6.47882E-1 6.82072E-1 6.10694E-1 5.15059E-1 5.23578E-1 4.71399E-1 5.07581E-1 5.09479E-1 4.98254E-1 4.86297E-1 4.76384E-1 5.26672E-1 5.8026E-1 5.57565E-1 5.24473E-1 4.84765E-1 4.6301E-1 4.18452E-1
5.66916E-1 5.99278E-1 5.72564E-1 5.06747E-1 4.56748E-1 4.53313E-1 4.51937E-1 4.98866E-1 4.80598E-1 4.61994E-1 4.85481E-1 4.61226E-1 4.89096E-1 5.55737E-1 5.01526E-1 4.45216E-1 4.24858E-1 4.76814E-1 4.49559E-1 4.73112E-1 4.81396E-1 4.74822E-1 4.75031E-1 4.83067E-1 4.74489E-1 4.36302E-1 4.11498E-1 5.05807E-1 5.69747E-1 4.6515E-1 4.50537E-1 5.23542E-1 4.39688E-1 4.71562E-1 4.33748E-1 4.23138E-1 4.69365E-1 4.97515E-1 5.34593E-1 4.84313E-1 4.49384E-1 4.0049E-1 4.66293E-1 5.48726E-1 6.61843E-1 6.24775E-1 4.97742E-1 4.9986E-1 5.76098E-1 5.10974E-1 4.93174E-1 5.20831E-1 5.89004E-1 6.08941E-1 6.59773E-1 6.89401E-1 6.94226E-1 6.6543E-1 6.28392E-1 5.70902E-1 4.77927E-1
5.94637E-1 5.58482E-1 5.63934E-1 4.89026E-1 4.95866E-1 4.93914E-1 5.07361E-1 5.32191E-1 5.02331E-1 4.98957E-1 4.68206E-1 5.2581E-1 4.68123E-1 5.53177E-1 5.1044E-1 5.06422E-1 4.67891E-1 4.70191E-1 4.99169E-1 4.38259E-1 4.47475E-1 4.86655E-1 4.25013E-1 4.54986E-1 4.42749E-1 4.24978E-1 5.12939E-1 5.55749E-1 5.13617E-1 4.48206E-1 4.47746E-1 4.72574E-1 4.20082E-1 5.23599E-1 4.35584E-1 4.58114E-1 4.62052E-1 4.62946E-1 4.83728E-1 4.5303E-1 4.01193E-1 4.54406E-1 4.44486E-1 5.03556E-1 5.49043E-1 6.40438E-1 4.79481E-1 4.83079E-1 5.4942E-1 5.61962E-1 4.91481E-1 5.81424E-1 6.82499E-1 6.944E-1 6.90416E-1 6.88605E-1 6.71992E-1 7.05403E-1 6.99757E-1 6.93626E-1 6.49736E-1
4.99008E-1 5.06329E-1 4.88788E-1 5.41649E-1 5.3225E-1 5.41351E-1 5.48563E-1 5.15951E-1 4.95619E-1 5.07245E-1 4.97928E-1 5.41263E-1 4.93811E-1 5.03386E-1 5.36172E-1 5.07351E-1 5.50266E-1 4.31667E-1 4.90008E-1 4.8611E-1 4.39228E-1 4.82493E-1 4.99713E-1 4.753E-1 4.35491E-1 4.92465E-1 6.44343E-1 4.71955E-1 4.77526E-1 5.06705E-1 5.48192E-1 5.05626E-1 4.10905E-1 5.43671E-1 4.15284E-1 4.53436E-1 4.44954E-1 4.34727E-1 4.18602E-1 4.14911E-1 4.12077E-1 4.81284E-1 4.30563E-1 5.51216E-1 4.37789E-1 5.14154E-1 4.98591E-1 4.71969E-1 6.26381E-1 6.52776E-1 4.75935E-1 5.25383E-1 6.35451E-1 6.68587E-1 7.03519E-1 6.99894E-1 6.56654E-1 6.04977E-1 5.47039E-1 5.20614E-1 4.88825E-1
