maxent_outputs/hummingbirds/hummingbird_230.asc
ncols         426
nrows         180
xllcorner     -130.0
yllcorner     24.0
cellsize      0.16666666666666666
NODATA_value  -9999
[rows 27 to 53 of 180, columns 122 to 182 of 426]
3.27872E-1 3.25515E-1 3.21482E-1 3.27629E-1 3.46749E-1 3.4689E-1 3.29066E-1 3.2975E-1 3.27211E-1 3.16528E-1 3.0794E-1 3.00999E-1 3.0533E-1 3.28488E-1 3.37908E-1 3.31086E-1 3.2829E-1 3.20678E-1 3.25661E-1 3.3286E-1 3.373E-1 3.37035E-1 3.37165E-1 3.40942E-1 3.32486E-1 3.50166E-1 3.2095E-1 3.168E-1 3.32063E-1 3.49784E-1 3.53643E-1 3.59369E-1 3.58022E-1 3.42581E-1 3.30353E-1 3.24588E-1 3.2291E-1 3.23398E-1 3.19229E-1 3.14803E-1 3.07282E-1 3.04372E-1 3.00471E-1 3.00609E-1 3.00581E-1 2.99717E-1 3.00829E-1 3.04525E-1 3.07216E-1 3.09773E-1 3.12915E-1 3.10679E-1 3.08008E-1 3.11903E-1 3.20223E-1 3.19524E-1 3.10828E-1 3.07299E-1 3.05653E-1 3.03659E-1 3.05948E-1
3.02473E-1 3.10136E-1 3.13851E-1 3.20488E-1 3.3696E-1 3.33313E-1 3.23076E-1 3.14967E-1 3.13013E-1 3.12844E-1 3.03495E-1 3.03541E-1 2.97881E-1 3.01166E-1 3.06473E-1 3.20443E-1 3.22013E-1 3.20462E-1 3.19777E-1 3.24778E-1 3.35101E-1 3.32987E-1 3.34063E-1 3.45649E-1 3.53075E-1 3.22763E-1 3.02861E-1 3.01258E-1 3.22628E-1 3.2476E-1 3.40032E-1 3.3844E-1 3.36736E-1 3.34349E-1 3.32958E-1 3.23344E-1 3.21792E-1 3.19232E-1 3.19892E-1 3.13816E-1 3.1331E-1 3.08593E-1 3.07727E-1 3.03306E-1 3.04598E-1 3.03702E-1 3.03754E-1 3.04117E-1 3.06186E-1 3.12905E-1 3.06379E-1 3.01594E-1 3.00126E-1 3.02659E-1 3.06107E-1 3.105E-1 3.12878E-1 3.06065E-1 3.00617E-1 3.03113E-1 3.08479E-1
3.00695E-1 3.09295E-1 3.05205E-1 3.17249E-1 3.37138E-1 3.38241E-1 3.32131E-1 3.21893E-1 3.19012E-1 3.10204E-1 3.08698E-1 3.08957E-1 3.00083E-1 2.9647E-1 3.01936E-1 2.96203E-1 2.92824E-1 2.92657E-1 2.98621E-1 3.08165E-1 3.21002E-1 3.277E-1 3.23895E-1 3.06645E-1 3.3142E-1 3.50391E-1 3.70383E-1 3.29004E-1 2.9939E-1 3.16832E-1 3.07438E-1 3.07845E-1 3.15801E-1 3.17854E-1 3.16381E-1 3.19597E-1 3.23788E-1 3.15118E-1 3.15078E-1 3.18601E-1 3.16643E-1 3.11671E-1 3.09048E-1 3.0711E-1 3.05484E-1 3.08341E-1 3.05813E-1 3.03004E-1 2.96169E-1 3.04424E-1 2.99272E-1 2.97158E-1 2.93277E-1 2.93725E-1 2.98443E-1 3.08346E-1 3.13215E-1 3.19732E-1 3.14675E-1 3.07336E-1 3.03123E-1
3.1924E-1 3.11467E-1 3.09784E-1 3.18458E-1 3.34027E-1 3.45931E-1 3.46403E-1 3.40017E-1 3.36106E-1 3.27789E-1 3.1809E-1 3.14883E-1 3.06204E-1 3.11475E-1 3.14198E-1 3.01695E-1 2.94676E-1 2.9609E-1 3.03529E-1 3.21649E-1 3.20841E-1 3.18527E-1 3.06136E-1 3.13432E-1 3.13417E-1 3.40827E-1 3.45546E-1 2.96935E-1 2.85658E-1 3.40792E-1 3.32741E-1 3.2007E-1 3.16709E-1 3.17801E-1 3.08812E-1 3.11295E-1 3.12511E-1 3.14977E-1 3.12478E-1 3.20419E-1 3.21019E-1 3.14842E-1 3.1442E-1 3.1018E-1 3.04897E-1 3.08822E-1 3.06002E-1 3.05853E-1 2.99735E-1 2.98982E-1 2.99649E-1 2.9414E-1 2.93002E-1 2.89633E-1 2.88534E-1 3.01181E-1 3.06043E-1 3.06807E-1 3.07649E-1 3.09966E-1 3.02049E-1
3.49005E-1 3.42953E-1 3.36251E-1 3.34484E-1 3.43608E-1 3.48337E-1 3.51301E-1 3.48338E-1 3.47479E-1 3.42722E-1 3.32029E-1 3.2361E-1 3.1033E-1 3.04577E-1 3.12786E-1 3.06285E-1 3.03855E-1 3.06845E-1 3.05877E-1 3.09723E-1 3.2105E-1 3.15556E-1 3.11697E-1 3.06943E-1 2.86838E-1 2.95675E-1 3.34969E-1 3.20171E-1 2.80401E-1 2.9415E-1 3.06123E-1 3.12192E-1 3.19464E-1 3.21815E-1 3.12263E-1 3.12447E-1 3.07157E-1 3.07984E-1 3.13181E-1 3.13807E-1 3.10369E-1 3.08912E-1 3.08153E-1 3.11409E-1 3.05893E-1 3.11869E-1 3.10016E-1 3.04922E-1 3.03757E-1 3.0076E-1 3.03181E-1 2.95331E-1 2.93609E-1 2.90895E-1 2.88347E-1 2.86574E-1 2.87923E-1 2.8958E-1 2.87122E-1 2.91564E-1 2.92588E-1
3.66316E-1 3.64676E-1 3.61567E-1 3.55788E-1 3.52286E-1 3.49844E-1 3.46744E-1 3.44223E-1 3.38517E-1 3.34058E-1 3.34382E-1 3.31874E-1 3.14724E-1 3.07728E-1 3.08092E-1 3.13786E-1 3.16681E-1 3.18926E-1 3.12777E-1 3.12186E-1 3.16485E-1 3.15947E-1 3.12777E-1 3.10483E-1 2.95543E-1 3.26907E-1 3.26028E-1 3.27402E-1 3.06573E-1 2.94378E-1 3.08478E-1 3.15923E-1 3.21024E-1 3.24048E-1 3.22996E-1 3.22496E-1 3.15283E-1 3.06382E-1 3.0569E-1 3.12025E-1 3.05159E-1 3.01196E-1 2.96512E-1 3.01841E-1 3.05922E-1 3.10581E-1 3.10039E-1 3.06634E-1 3.08589E-1 3.09747E-1 3.08181E-1 3.00401E-1 2.94764E-1 2.96697E-1 2.97947E-1 2.93156E-1 2.89711E-1 2.87698E-1 2.89531E-1 2.99174E-1 2.96292E-1
3.96308E-1 3.95224E-1 3.89667E-1 3.8554E-1 3.7125E-1 3.60365E-1 3.46937E-1 3.45221E-1 3.3571E-1 3.31516E-1 3.36457E-1 3.25472E-1 3.22936E-1 3.34195E-1 3.26975E-1 3.24053E-1 3.21322E-1 3.20653E-1 3.19543E-1 3.2477E-1 3.22576E-1 3.2281E-1 3.15276E-1 3.05028E-1 2.86378E-1 2.8925E-1 3.22392E-1 3.02846E-1 2.86549E-1 3.05474E-1 3.17885E-1 3.19149E-1 3.19358E-1 3.23819E-1 3.25993E-1 3.28288E-1 3.20478E-1 3.09624E-1 3.05221E-1 3.02388E-1 3.03954E-1 2.99391E-1 2.98457E-1 2.96949E-1 2.98731E-1 3.02206E-1 3.07212E-1 3.01777E-1 2.99216E-1 3.0713E-1 3.11087E-1 3.06689E-1 2.97763E-1 2.92278E-1 2.97463E-1 3.03789E-1 3.08645E-1 2.95289E-1 2.89817E-1 2.94564E-1 3.00614E-1
4.0103E-1 4.01774E-1 4.03011E-1 4.11176E-1 3.94942E-1 3.84757E-1 3.72019E-1 3.59068E-1 3.51058E-1 3.44859E-1 3.36893E-1 3.37566E-1 3.4692E-1 3.45437E-1 3.46231E-1 3.41833E-1 3.34466E-1 3.24412E-1 3.25803E-1 3.26398E-1 3.21799E-1 3.23207E-1 3.17876E-1 3.14465E-1 3.17684E-1 3.23227E-1 3.26052E-1 3.26853E-1 3.19215E-1 3.18026E-1 3.18778E-1 3.1716E-1 3.2172E-1 3.22544E-1 3.26767E-1 3.25956E-1 3.1977E-1 3.10787E-1 3.07589E-1 3.04386E-1 2.97536E-1 2.96381E-1 2.97774E-1 2.97433E-1 2.98339E-1 2.98385E-1 2.9923E-1 3.02014E-1 3.01502E-1 3.06501E-1 3.17018E-1 3.1397E-1 3.03656E-1 3.02107E-1 3.01632E-1 3.0417E-1 3.02273E-1 3.01274E-1 2.963E-1 3.0254E-1 3.0783E-1
3.87673E-1 3.92533E-1 3.90009E-1 3.85044E-1 3.78983E-1 3.82118E-1 3.97385E-1 3.92096E-1 3.71224E-1 3.61709E-1 3.46967E-1 3.41521E-1 3.42135E-1 3.43894E-1 3.5313E-1 3.51047E-1 3.44607E-1 3.36844E-1 3.32446E-1 3.31935E-1 3.25337E-1 3.23186E-1 3.2155E-1 3.21556E-1 3.2999E-1 3.29604E-1 3.30849E-1 3.25497E-1 3.27486E-1 3.24592E-1 3.20124E-1 3.254E-1 3.28476E-1 3.22105E-1 3.24969E-1 3.33153E-1 3.28062E-1 3.27256E-1 3.28814E-1 3.22442E-1 3.24165E-1 3.15975E-1 3.11282E-1 3.0004E-1 2.98075E-1 2.94718E-1 3.00958E-1 2.95832E-1 3.01293E-1 3.10631E-1 3.12783E-1 3.11261E-1 3.10782E-1 3.09954E-1 3.11301E-1 3.1024E-1 3.11013E-1 3.07004E-1 3.03656E-1 2.98372E-1 2.97816E-1
3.67628E-1 3.66841E-1 3.85107E-1 3.87948E-1 3.80112E-1 3.79527E-1 4.10291E-1 4.07565E-1 3.85696E-1 3.70002E-1 3.58262E-1 3.52484E-1 3.55825E-1 3.58974E-1 3.62804E-1 3.67158E-1 3.57517E-1 3.55766E-1 3.73515E-1 3.74529E-1 3.45682E-1 3.36813E-1 3.23702E-1 3.19026E-1 3.14277E-1 3.24598E-1 3.17353E-1 3.26683E-1 3.34457E-1 3.39908E-1 3.34611E-1 3.31646E-1 3.30952E-1 3.26281E-1 3.31976E-1 3.20369E-1 3.18642E-1 3.17343E-1 3.09844E-1 3.06716E-1 3.0532E-1 3.16555E-1 3.21271E-1 3.27563E-1 3.14905E-1 2.98487E-1 3.00929E-1 3.01743E-1 3.01678E-1 3.05625E-1 3.13646E-1 3.10981E-1 3.11498E-1 3.11344E-1 3.11406E-1 3.09576E-1 3.04652E-1 3.07127E-1 2.99008E-1 2.95726E-1 2.97858E-1
3.72943E-1 3.80729E-1 3.84067E-1 3.81248E-1 3.83833E-1 3.80165E-1 3.78927E-1 3.82594E-1 3.76836E-1 3.6533E-1 3.67E-1 3.59852E-1 3.63906E-1 3.72785E-1 3.70897E-1 3.73331E-1 3.78913E-1 3.76778E-1 3.69261E-1 3.54991E-1 3.42514E-1 3.33777E-1 3.29703E-1 3.23162E-1 3.28842E-1 3.32564E-1 3.25263E-1 3.34672E-1 3.42051E-1 3.45994E-1 3.42248E-1 3.35666E-1 3.2763E-1 3.37156E-1 3.10548E-1 3.14858E-1 3.16274E-1 3.14925E-1 3.13816E-1 3.12254E-1 3.10302E-1 3.13702E-1 3.2597E-1 3.28767E-1 3.36597E-1 2.99724E-1 2.985E-1 2.98795E-1 3.00417E-1 3.04401E-1 3.05751E-1 3.02979E-1 2.97129E-1 3.04897E-1 3.11996E-1 3.07303E-1 3.03499E-1 2.94495E-1 2.93462E-1 2.94923E-1 2.9728E-1
3.89041E-1 3.78873E-1 3.6305E-1 3.76321E-1 3.82295E-1 3.80359E-1 3.75026E-1 3.74025E-1 3.70907E-1 3.69877E-1 3.66535E-1 3.73118E-1 3.82012E-1 3.81007E-1 3.72166E-1 3.74746E-1 3.71475E-1 3.60002E-1 3.49023E-1 3.49075E-1 3.42174E-1 3.2937E-1 3.26775E-1 3.27276E-1 3.30364E-1 3.27994E-1 3.25183E-1 3.53906E-1 3.56414E-1 3.53573E-1 3.45076E-1 3.39282E-1 3.35182E-1 3.0933E-1 2.99177E-1 3.08057E-1 3.17125E-1 3.25997E-1 3.20702E-1 3.23545E-1 3.26565E-1 3.23809E-1 3.21483E-1 3.27056E-1 3.3897E-1 3.28328E-1 3.11603E-1 3.11196E-1 3.22952E-1 3.28491E-1 3.21028E-1 3.1043E-1 2.98772E-1 2.96254E-1 3.02353E-1 3.04934E-1 3.01079E-1 2.96816E-1 2.9562E-1 2.93877E-1 2.94039E-1
3.98788E-1 3.97385E-1 3.96445E-1 3.96687E-1 3.88673E-1 3.8304E-1 3.70066E-1 3.69885E-1 3.70435E-1 3.7412E-1 3.7145E-1 3.66972E-1 3.62627E-1 3.57391E-1 3.51067E-1 3.51586E-1 3.51935E-1 3.44363E-1 3.41198E-1 3.45764E-1 3.41486E-1 3.33053E-1 3.23364E-1 3.25408E-1 3.2594E-1 3.32407E-1 3.43976E-1 3.5123E-1 3.69107E-1 3.64326E-1 3.33773E-1 3.42445E-1 3.32135E-1 3.12959E-1 3.13588E-1 3.26375E-1 3.28101E-1 3.21616E-1 3.11342E-1 3.12134E-1 3.17085E-1 3.20142E-1 3.15625E-1 3.1639E-1 3.16649E-1 3.11928E-1 3.17533E-1 3.1838E-1 3.05818E-1 3.07509E-1 3.00846E-1 3.00783E-1 2.99734E-1 3.03798E-1 3.01535E-1 2.99968E-1 3.01843E-1 3.0106E-1 3.00053E-1 2.93562E-1 2.91659E-1
4.01678E-1 4.02683E-1 4.08778E-1 4.11775E-1 3.98596E-1 3.87507E-1 3.75039E-1 3.71788E-1 3.75037E-1 3.77647E-1 3.7415E-1 3.66036E-1 3.6225E-1 3.62921E-1 3.56413E-1 3.53143E-1 3.53883E-1 3.50183E-1 3.5011E-1 3.50225E-1 3.38894E-1 3.333E-1 3.29894E-1 3.27131E-1 3.30566E-1 3.38236E-1 3.44686E-1 3.53704E-1 3.3418E-1 2.65185E-1 3.26039E-1 3.38323E-1 3.1337E-1 3.33216E-1 3.31857E-1 3.30771E-1 3.30463E-1 3.24153E-1 3.1368E-1 3.15468E-1 3.18806E-1 3.19054E-1 3.19461E-1 3.18616E-1 3.1884E-1 3.2027E-1 3.16963E-1 3.16099E-1 3.15417E-1 3.15671E-1 3.2078E-1 3.14734E-1 3.11643E-1 3.07743E-1 3.04709E-1 3.07467E-1 2.98194E-1 2.93792E-1 2.95233E-1 2.91197E-1 2.89352E-1
3.9316E-1 3.8948E-1 4.102E-1 3.999E-1 3.88364E-1 3.84196E-1 3.86188E-1 3.71209E-1 3.6798E-1 3.68573E-1 3.74398E-1 3.63557E-1 3.53566E-1 3.63807E-1 3.68807E-1 3.66329E-1 3.68125E-1 3.53477E-1 3.43227E-1 3.43014E-1 3.38458E-1 3.35155E-1 3.31442E-1 3.34122E-1 3.3333E-1 3.40356E-1 3.39009E-1 3.42721E-1 2.98979E-1 3.17615E-1 2.79571E-1 3.39255E-1 3.42944E-1 3.46276E-1 3.35718E-1 3.31658E-1 3.28991E-1 3.18563E-1 3.09851E-1 3.13051E-1 3.2035E-1 3.25206E-1 3.28277E-1 3.19956E-1 3.13972E-1 3.16739E-1 3.17855E-1 3.16152E-1 3.15345E-1 3.16039E-1 3.24638E-1 3.22567E-1 3.17892E-1 3.06955E-1 3.05278E-1 3.04055E-1 3.00077E-1 3.04337E-1 2.97422E-1 2.98424E-1 2.8708E-1
4.06486E-1 4.11392E-1 4.07262E-1 4.10903E-1 4.0758E-1 3.9242E-1 3.90962E-1 3.80294E-1 3.83048E-1 3.82551E-1 3.71717E-1 3.52288E-1 3.49875E-1 3.52638E-1 3.55237E-1 3.58336E-1 3.50639E-1 3.46527E-1 3.45547E-1 3.47873E-1 3.43468E-1 3.39213E-1 3.3462E-1 3.4202E-1 3.15373E-1 2.97712E-1 2.92329E-1 3.21815E-1 3.18922E-1 2.95788E-1 2.59916E-1 2.95252E-1 3.55691E-1 3.4233E-1 3.38083E-1 3.30997E-1 3.27539E-1 3.20016E-1 3.18899E-1 3.18749E-1 3.1932E-1 3.19192E-1 3.27953E-1 3.31171E-1 3.3319E-1 3.32723E-1 3.23157E-1 3.16701E-1 3.14916E-1 3.21319E-1 3.24559E-1 3.24532E-1 3.28293E-1 3.15874E-1 3.06541E-1 3.05581E-1 3.02511E-1 3.01715E-1 3.01055E-1 3.02945E-1 2.89899E-1
4.128E-1 4.22482E-1 4.21844E-1 4.19336E-1 4.02332E-1 3.82652E-1 3.91227E-1 3.91448E-1 3.97774E-1 3.88905E-1 3.85526E-1 3.72539E-1 3.71567E-1 3.57384E-1 3.4798E-1 3.49025E-1 3.44524E-1 3.36852E-1 3.41751E-1 3.43217E-1 3.42948E-1 3.3668E-1 3.39465E-1 3.33831E-1 3.25877E-1 3.08731E-1 2.95686E-1 2.84747E-1 2.74965E-1 2.89532E-1 2.92913E-1 2.92448E-1 3.52919E-1 3.44284E-1 3.38503E-1 3.2663E-1 3.28367E-1 3.25481E-1 3.24358E-1 3.22294E-1 3.28325E-1 3.28084E-1 3.30176E-1 3.32832E-1 3.27942E-1 3.22676E-1 3.23114E-1 3.22228E-1 3.25641E-1 3.20893E-1 3.27843E-1 3.30941E-1 3.31294E-1 3.34387E-1 3.1432E-1 3.05152E-1 2.9981E-1 3.07173E-1 3.05497E-1 3.06036E-1 2.9876E-1
4.03471E-1 4.05432E-1 4.07551E-1 4.00534E-1 3.93803E-1 3.79865E-1 3.86322E-1 3.94859E-1 4.00731E-1 3.95346E-1 3.94465E-1 3.93525E-1 3.81984E-1 3.58836E-1 3.46219E-1 3.47434E-1 3.47669E-1 3.42309E-1 3.48103E-1 3.52795E-1 3.44381E-1 3.42526E-1 3.43867E-1 3.34342E-1 3.36285E-1 3.23854E-1 3.03804E-1 3.04239E-1 2.81027E-1 3.12772E-1 3.28911E-1 3.11878E-1 3.35307E-1 3.36386E-1 3.2179E-1 3.13362E-1 3.21581E-1 3.18108E-1 3.20206E-1 3.26051E-1 3.22214E-1 3.23563E-1 3.24648E-1 3.29546E-1 3.34408E-1 3.36126E-1 3.28504E-1 3.14946E-1 3.12198E-1 3.20049E-1 3.23834E-1 3.28288E-1 3.2715E-1 3.30242E-1 3.28966E-1 3.024E-1 2.95815E-1 2.99624E-1 3.03331E-1 3.03174E-1 3.03958E-1
4.07116E-1 4.02327E-1 3.96592E-1 3.97485E-1 3.94713E-1 3.90977E-1 3.93707E-1 4.07286E-1 4.16632E-1 4.14711E-1 4.02748E-1 3.82832E-1 3.81451E-1 3.6542E-1 3.52302E-1 3.55233E-1 3.58299E-1 3.54628E-1 3.54958E-1 3.52847E-1 3.57878E-1 3.54259E-1 3.5444E-1 3.53963E-1 3.62662E-1 3.51924E-1 3.22967E-1 3.49633E-1 3.4923E-1 3.15403E-1 3.24374E-1 3.39605E-1 3.28099E-1 3.22621E-1 3.16611E-1 3.1272E-1 3.20956E-1 3.20071E-1 3.32266E-1 3.25737E-1 3.30579E-1 3.29071E-1 3.26941E-1 3.27073E-1 3.33043E-1 3.28967E-1 3.30308E-1 3.21845E-1 3.11889E-1 3.2555E-1 3.32216E-1 3.18929E-1 3.18514E-1 3.14077E-1 3.22507E-1 2.99581E-1 2.92556E-1 2.94306E-1 2.96276E-1 3.03985E-1 3.02401E-1
4.0531E-1 4.02934E-1 4.00709E-1 3.97411E-1 3.88268E-1 3.97061E-1 4.03891E-1 4.07461E-1 4.13844E-1 4.04199E-1 4.00066E-1 3.79347E-1 3.85496E-1 3.83828E-1 4.00287E-1 3.86087E-1 3.81933E-1 3.76297E-1 3.69167E-1 3.65381E-1 3.7119E-1 3.70507E-1 3.67613E-1 3.49571E-1 3.37133E-1 3.39933E-1 3.21907E-1 3.29036E-1 3.48775E-1 3.31884E-1 3.51594E-1 3.43548E-1 3.34189E-1 3.24064E-1 3.12332E-1 3.07025E-1 3.2476E-1 3.31986E-1 3.29098E-1 3.27202E-1 3.32043E-1 3.35328E-1 3.3446E-1 3.37833E-1 3.37313E-1 3.31888E-1 3.24807E-1 3.21481E-1 3.10964E-1 3.04991E-1 3.20152E-1 3.17341E-1 3.20441E-1 3.15756E-1 3.24797E-1 3.10572E-1 2.96497E-1 2.89583E-1 2.92946E-1 2.96922E-1 2.98193E-1
4.09752E-1 4.09166E-1 4.05568E-1 4.00715E-1 3.93523E-1 3.84075E-1 4.0068E-1 3.87435E-1 3.93713E-1 3.91179E-1 3.88706E-1 3.88764E-1 3.81162E-1 3.67389E-1 3.80644E-1 3.64191E-1 3.83536E-1 3.8354E-1 3.88155E-1 3.72845E-1 3.70802E-1 3.73535E-1 3.62039E-1 3.68773E-1 3.59358E-1 3.56219E-1 3.49407E-1 3.2996E-1 3.40845E-1 3.45273E-1 3.48979E-1 3.17403E-1 3.26945E-1 3.3581E-1 3.21376E-1 3.13551E-1 3.17098E-1 3.19498E-1 3.25074E-1 3.29518E-1 3.26985E-1 3.35789E-1 3.42224E-1 3.41223E-1 3.30031E-1 3.30216E-1 3.16407E-1 3.17712E-1 3.14182E-1 3.11292E-1 3.13658E-1 3.19996E-1 3.24974E-1 3.27197E-1 3.40983E-1 3.10358E-1 3.12432E-1 2.97408E-1 2.88292E-1 2.93497E-1 2.96596E-1
4.20551E-1 4.21402E-1 4.06834E-1 3.92785E-1 3.92381E-1 3.98778E-1 4.09769E-1 4.02296E-1 4.0117E-1 3.97814E-1 3.95693E-1 4.11382E-1 3.84349E-1 3.84054E-1 3.6752E-1 3.60428E-1 3.94618E-1 3.92206E-1 3.90778E-1 3.75007E-1 3.81689E-1 3.76552E-1 3.68455E-1 3.7127E-1 3.75252E-1 3.72281E-1 3.75901E-1 3.60721E-1 3.44397E-1 3.6485E-1 3.42854E-1 3.59592E-1 3.49633E-1 3.34233E-1 3.21153E-1 3.23425E-1 3.31055E-1 3.34549E-1 3.29659E-1 3.24591E-1 3.30058E-1 3.27994E-1 3.29302E-1 3.35374E-1 3.33013E-1 3.34132E-1 3.30654E-1 3.25314E-1 3.16478E-1 3.16763E-1 3.18957E-1 3.16768E-1 3.12912E-1 3.14841E-1 3.3491E-1 3.36314E-1 3.13886E-1 3.02984E-1 2.9535E-1 2.95878E-1 2.92799E-1
4.19805E-1 4.0843E-1 4.05118E-1 4.02248E-1 4.062E-1 4.16815E-1 4.16825E-1 4.01107E-1 3.97357E-1 4.10019E-1 3.84662E-1 3.8878E-1 3.69948E-1 3.75339E-1 3.7337E-1 3.71959E-1 3.96589E-1 3.87714E-1 3.9197E-1 3.84412E-1 3.8813E-1 3.93996E-1 4.07433E-1 3.80845E-1 3.81687E-1 3.70036E-1 3.80156E-1 3.66505E-1 3.70527E-1 3.71924E-1 3.54722E-1 3.50138E-1 3.6652E-1 3.55302E-1 3.41137E-1 3.33694E-1 3.45997E-1 3.41336E-1 3.36277E-1 3.41386E-1 3.30559E-1 3.31192E-1 3.37984E-1 3.39629E-1 3.38933E-1 3.28288E-1 3.2171E-1 3.20536E-1 3.16824E-1 3.17678E-1 3.23147E-1 3.28302E-1 3.24572E-1 3.27271E-1 3.23585E-1 3.33345E-1 3.25684E-1 3.13214E-1 3.04859E-1 3.06183E-1 3.05598E-1
4.19853E-1 4.05454E-1 4.02576E-1 4.10565E-1 4.1746E-1 4.13393E-1 4.06721E-1 3.88148E-1 4.0323E-1 4.11133E-1 4.09158E-1 3.92557E-1 3.77658E-1 3.77676E-1 3.80045E-1 3.78646E-1 3.72327E-1 3.8081E-1 4.03418E-1 4.10601E-1 3.7142E-1 3.72006E-1 3.89818E-1 3.84022E-1 3.71522E-1 3.7562E-1 3.82632E-1 3.83015E-1 3.70552E-1 3.69565E-1 3.67406E-1 3.73794E-1 3.66186E-1 3.67011E-1 3.58346E-1 3.55371E-1 3.43498E-1 3.32215E-1 3.41233E-1 3.5517E-1 3.43035E-1 3.3829E-1 3.41175E-1 3.44421E-1 3.3942E-1 3.34866E-1 3.25114E-1 3.23584E-1 3.20839E-1 3.22244E-1 3.26171E-1 3.27043E-1 3.30857E-1 3.33722E-1 3.37886E-1 3.44305E-1 3.22087E-1 3.17087E-1 3.13849E-1 3.16512E-1 3.11491E-1
4.27953E-1 4.07548E-1 3.9617E-1 3.99913E-1 4.1426E-1 4.05492E-1 4.03364E-1 4.05156E-1 4.26224E-1 4.45199E-1 4.36753E-1 3.9199E-1 3.92141E-1 3.80954E-1 3.94611E-1 4.18666E-1 4.01266E-1 3.89319E-1 3.93613E-1 3.94355E-1 3.91417E-1 3.78399E-1 3.8016E-1 3.79822E-1 3.88113E-1 3.80228E-1 3.79626E-1 3.822E-1 3.86586E-1 3.88815E-1 3.71822E-1 3.87535E-1 3.79744E-1 3.57723E-1 3.64307E-1 3.6896E-1 3.69222E-1 3.46082E-1 3.48486E-1 3.64162E-1 3.57786E-1 3.40837E-1 3.37422E-1 3.36273E-1 3.34057E-1 3.31994E-1 3.29791E-1 3.27876E-1 3.27037E-1 3.25804E-1 3.28093E-1 3.28977E-1 3.28297E-1 3.30619E-1 3.32374E-1 3.41788E-1 3.36816E-1 3.15612E-1 3.14035E-1 3.11407E-1 3.16561E-1
4.78261E-1 4.42067E-1 4.12824E-1 3.8977E-1 3.97355E-1 4.19849E-1 4.37871E-1 4.36846E-1 4.09204E-1 4.21655E-1 4.55778E-1 4.179E-1 3.9619E-1 3.84426E-1 3.9836E-1 4.23827E-1 3.90625E-1 3.83522E-1 3.78922E-1 3.80161E-1 3.76842E-1 3.75946E-1 3.73807E-1 3.78457E-1 3.80989E-1 3.80586E-1 3.80885E-1 3.84213E-1 3.83114E-1 3.8077E-1 3.81095E-1 3.76927E-1 3.75743E-1 3.64978E-1 3.7024E-1 3.72774E-1 3.66094E-1 3.51021E-1 3.4747E-1 3.5104E-1 3.46738E-1 3.39528E-1 3.37521E-1 3.31543E-1 3.3002E-1 3.27765E-1 3.24557E-1 3.23102E-1 3.26564E-1 3.27486E-1 3.28861E-1 3.33187E-1 3.33822E-1 3.34616E-1 3.35785E-1 3.40918E-1 3.49088E-1 3.23757E-1 3.25913E-1 3.1563E-1 3.1541E-1
5.1068E-1 4.96393E-1 4.39733E-1 3.82392E-1 3.93844E-1 3.80802E-1 3.91953E-1 4.13328E-1 4.11E-1 4.0743E-1 4.57261E-1 4.43406E-1 4.21566E-1 3.9946E-1 3.95157E-1 4.04718E-1 3.78488E-1 3.72645E-1 3.77392E-1 3.64153E-1 3.77429E-1 3.75724E-1 3.74746E-1 3.77611E-1 3.74058E-1 3.66533E-1 3.75429E-1 3.75835E-1 3.71001E-1 3.71646E-1 3.73349E-1 3.73837E-1 3.80284E-1 3.86944E-1 3.84108E-1 3.9733E-1 3.97571E-1 3.91275E-1 3.69027E-1 3.53907E-1 3.42433E-1 3.44005E-1 3.44226E-1 3.46708E-1 3.39722E-1 3.33641E-1 3.28521E-1 3.31437E-1 3.30016E-1 3.3223E-1 3.38058E-1 3.4534E-1 3.44685E-1 3.43369E-1 3.43088E-1 3.50443E-1 3.49629E-1 3.27862E-1 3.26665E-1 3.2215E-1 3.2079E-1
