maxent_outputs/hummingbirds/hummingbird_164.asc
ncols         426
nrows         180
xllcorner     -130.0
yllcorner     24.0
cellsize      0.16666666666666666
NODATA_value  -9999
[rows 0 to 26 of 180, columns 61 to 121 of 426]
7.21622E-1 7.26458E-1 7.43324E-1 7.05674E-1 6.4452E-1 6.58194E-1 6.48546E-1 6.34385E-1 6.15701E-1 5.99143E-1 5.63536E-1 5.31135E-1 5.2547E-1 5.07615E-1 4.86212E-1 4.7391E-1 4.74345E-1 4.72944E-1 4.77625E-1 4.59301E-1 4.46205E-1 4.43593E-1 4.34886E-1 4.08419E-1 4.09635E-1 4.10542E-1 3.87713E-1 3.47547E-1 3.40628E-1 3.40475E-1 3.48288E-1 3.59973E-1 3.83037E-1 3.82807E-1 3.89559E-1 3.67803E-1 3.54999E-1 3.46227E-1 3.59152E-1 3.61627E-1 3.47487E-1 3.47668E-1 3.3547E-1 3.40026E-1 3.41882E-1 3.33782E-1 3.44522E-1 3.51656E-1 3.47088E-1 3.40105E-1 3.4256E-1 3.53845E-1 3.45232E-1 3.42986E-1 3.39565E-1 3.33491E-1 3.34299E-1 3.38455E-1 3.43571E-1 3.37928E-1 3.42997E-1
7.09197E-1 7.19314E-1 6.98184E-1 7.20649E-1 7.14253E-1 7.13639E-1 6.94165E-1 6.93075E-1 6.41452E-1 6.06524E-1 5.83482E-1 5.57114E-1 5.40066E-1 5.22762E-1 5.07544E-1 4.91663E-1 4.83376E-1 4.79724E-1 4.54642E-1 4.50741E-1 4.30824E-1 3.95905E-1 3.84459E-1 3.69488E-1 3.64106E-1 3.67572E-1 3.87976E-1 3.63072E-1 3.65107E-1 3.69404E-1 3.87581E-1 3.93478E-1 4.05237E-1 3.91467E-1 4.00808E-1 3.90167E-1 3.48274E-1 3.52929E-1 3.46463E-1 3.52666E-1 3.59884E-1 3.71327E-1 3.77514E-1 3.55201E-1 3.56513E-1 3.53153E-1 3.39851E-1 3.4849E-1 3.44999E-1 3.49194E-1 3.50734E-1 3.46288E-1 3.36583E-1 3.39235E-1 3.36781E-1 3.2651E-1 3.17496E-1 3.2049E-1 3.23322E-1 3.2121E-1 3.27488E-1
7.18822E-1 7.21888E-1 7.20632E-1 7.15824E-1 7.28258E-1 7.33361E-1 7.41543E-1 7.40728E-1 7.25687E-1 6.80204E-1 5.95988E-1 5.6415E-1 5.54571E-1 5.51069E-1 5.06425E-1 4.83144E-1 4.79981E-1 4.70481E-1 4.5149E-1 4.26956E-1 4.04762E-1 4.02286E-1 3.95034E-1 3.93728E-1 3.81598E-1 3.85047E-1 3.85424E-1 3.68184E-1 3.58789E-1 3.69187E-1 3.93747E-1 4.02206E-1 4.04427E-1 3.96128E-1 3.99027E-1 3.89489E-1 3.77047E-1 3.86897E-1 3.87849E-1 3.85176E-1 3.85778E-1 3.94656E-1 3.89799E-1 3.59143E-1 3.54928E-1 3.57659E-1 3.43031E-1 3.52013E-1 3.59383E-1 3.56339E-1 3.46255E-1 3.46583E-1 3.51297E-1 3.35831E-1 3.33366E-1 3.26726E-1 3.1613E-1 3.19837E-1 3.12315E-1 3.04996E-1 2.95979E-1
7.09381E-1 7.24267E-1 7.15905E-1 7.11288E-1 7.2838E-1 7.13206E-1 7.1142E-1 7.28976E-1 6.89888E-1 6.98272E-1 6.67884E-1 5.80651E-1 5.34116E-1 5.06894E-1 5.09126E-1 4.97937E-1 4.83826E-1 4.69622E-1 4.56029E-1 4.35667E-1 4.42167E-1 4.35057E-1 4.22688E-1 4.18461E-1 4.18984E-1 4.11173E-1 4.12074E-1 3.94651E-1 3.88714E-1 3.75842E-1 3.68124E-1 3.82838E-1 4.03237E-1 3.82109E-1 3.82744E-1 3.68247E-1 3.77797E-1 3.7638E-1 3.74237E-1 3.80647E-1 4.02753E-1 4.05691E-1 4.03481E-1 3.93719E-1 3.59029E-1 3.54153E-1 3.51103E-1 3.54893E-1 3.59953E-1 3.55895E-1 3.52196E-1 3.4429E-1 3.44585E-1 3.35178E-1 3.30199E-1 3.25732E-1 3.29613E-1 3.33217E-1 3.26779E-1 3.15873E-1 3.07781E-1
7.66002E-1 7.33936E-1 7.04988E-1 7.16017E-1 7.14366E-1 6.92584E-1 7.22768E-1 7.32738E-1 7.51773E-1 7.00287E-1 6.73219E-1 5.82886E-1 5.74089E-1 5.65523E-1 5.3201E-1 5.16781E-1 5.09035E-1 4.84763E-1 4.73338E-1 4.45108E-1 4.50658E-1 4.46685E-1 4.39517E-1 4.27389E-1 4.13046E-1 4.07797E-1 3.98689E-1 3.92362E-1 3.79475E-1 3.74583E-1 3.76702E-1 3.88917E-1 4.04027E-1 3.99327E-1 3.9337E-1 3.93404E-1 3.88226E-1 3.82549E-1 3.74489E-1 3.64009E-1 3.74509E-1 3.9508E-1 4.0057E-1 3.91218E-1 3.78755E-1 3.69337E-1 3.66547E-1 3.50788E-1 3.59668E-1 3.64063E-1 3.53427E-1 3.59298E-1 3.5059E-1 3.48446E-1 3.43058E-1 3.42231E-1 3.40512E-1 3.41432E-1 3.36997E-1 3.32407E-1 3.20216E-1
6.79528E-1 7.11117E-1 7.49975E-1 7.11735E-1 7.42609E-1 6.90876E-1 6.99523E-1 7.01835E-1 7.08979E-1 7.43751E-1 6.42474E-1 6.57522E-1 6.80896E-1 6.7916E-1 6.22452E-1 5.60482E-1 5.51679E-1 5.42785E-1 5.04493E-1 4.75118E-1 4.69975E-1 4.57131E-1 4.49857E-1 4.36783E-1 4.25054E-1 4.16339E-1 4.19196E-1 4.08692E-1 4.01002E-1 3.89547E-1 3.92054E-1 3.97683E-1 4.072E-1 4.17342E-1 4.23013E-1 4.20582E-1 4.04513E-1 3.94812E-1 3.80766E-1 3.76496E-1 3.73256E-1 3.70541E-1 3.7599E-1 3.77815E-1 3.69529E-1 3.63763E-1 3.64686E-1 3.53338E-1 3.60745E-1 3.67132E-1 3.64105E-1 3.59424E-1 3.43691E-1 3.45938E-1 3.47697E-1 3.39039E-1 3.40261E-1 3.34511E-1 3.27088E-1 3.22894E-1 3.23533E-1
7.67195E-1 7.50952E-1 6.28407E-1 7.31311E-1 7.548E-1 7.39064E-1 7.32255E-1 7.20128E-1 7.1542E-1 7.31043E-1 6.30331E-1 7.37264E-1 7.09074E-1 7.0203E-1 7.04747E-1 6.79651E-1 6.18263E-1 5.69526E-1 5.30259E-1 5.0499E-1 4.83163E-1 4.61627E-1 4.5169E-1 4.39828E-1 4.28572E-1 4.13901E-1 4.2022E-1 4.17199E-1 4.20434E-1 3.88993E-1 4.00784E-1 4.02882E-1 4.1288E-1 4.1935E-1 4.19613E-1 4.06127E-1 4.01223E-1 4.07579E-1 3.98053E-1 3.85101E-1 3.85556E-1 3.80526E-1 3.84174E-1 3.70455E-1 3.60498E-1 3.58345E-1 3.60734E-1 3.51012E-1 3.4765E-1 3.63404E-1 3.62002E-1 3.57274E-1 3.48758E-1 3.45823E-1 3.46397E-1 3.42113E-1 3.42349E-1 3.23749E-1 3.13497E-1 3.21049E-1 3.27128E-1
7.41207E-1 7.42043E-1 7.49911E-1 6.5413E-1 7.13778E-1 7.54449E-1 7.57457E-1 7.6285E-1 7.66597E-1 7.37842E-1 7.16028E-1 6.77835E-1 7.09696E-1 6.83459E-1 7.17877E-1 7.3951E-1 7.20587E-1 6.36869E-1 5.64738E-1 5.47692E-1 5.13496E-1 4.72671E-1 4.5593E-1 4.50008E-1 4.36672E-1 4.34954E-1 4.29656E-1 4.25244E-1 4.23695E-1 4.17991E-1 4.19326E-1 4.0448E-1 4.07271E-1 4.0088E-1 4.10236E-1 3.99711E-1 3.92412E-1 4.02797E-1 4.09139E-1 4.05111E-1 4.05781E-1 3.97336E-1 4.04817E-1 4.02557E-1 3.83939E-1 3.75311E-1 3.70253E-1 3.60767E-1 3.54231E-1 3.48894E-1 3.47665E-1 3.4948E-1 3.40403E-1 3.38299E-1 3.37918E-1 3.41974E-1 3.35413E-1 3.24788E-1 3.26842E-1 3.19772E-1 3.35481E-1
7.22385E-1 7.20385E-1 7.36039E-1 7.62094E-1 7.27845E-1 7.18159E-1 7.34207E-1 7.46381E-1 7.01933E-1 6.99079E-1 7.18703E-1 6.80539E-1 6.83708E-1 6.65062E-1 6.7021E-1 6.75384E-1 7.03411E-1 6.73431E-1 6.72904E-1 6.38076E-1 5.62256E-1 5.22061E-1 4.97138E-1 4.80953E-1 4.65338E-1 4.35196E-1 4.33516E-1 4.25449E-1 4.19538E-1 4.18823E-1 4.1211E-1 4.01311E-1 3.91078E-1 4.0176E-1 4.11872E-1 4.17976E-1 3.99996E-1 4.08186E-1 4.12044E-1 4.08867E-1 4.04844E-1 3.98143E-1 3.97363E-1 3.99344E-1 3.8616E-1 3.89021E-1 3.81487E-1 3.73926E-1 3.65059E-1 3.72179E-1 3.70771E-1 3.63655E-1 3.59219E-1 3.52615E-1 3.43841E-1 3.44098E-1 3.42621E-1 3.40084E-1 3.4921E-1 3.44568E-1 3.43295E-1
7.49189E-1 7.49753E-1 7.55714E-1 7.01205E-1 7.31529E-1 7.49695E-1 7.02407E-1 7.32986E-1 7.45945E-1 6.80432E-1 6.81152E-1 6.5501E-1 6.78804E-1 6.74191E-1 6.52792E-1 6.78349E-1 6.84378E-1 7.236E-1 7.14909E-1 7.03951E-1 5.98659E-1 5.18221E-1 5.08927E-1 4.96085E-1 4.89678E-1 4.53254E-1 4.40991E-1 4.31378E-1 4.22821E-1 3.95129E-1 3.75188E-1 3.86071E-1 3.89272E-1 4.08821E-1 4.07483E-1 4.0923E-1 3.99496E-1 4.17718E-1 4.07577E-1 4.01157E-1 3.85856E-1 4.06278E-1 4.04231E-1 3.98649E-1 3.85741E-1 3.91324E-1 4.01775E-1 3.88914E-1 3.75838E-1 3.65285E-1 3.64932E-1 3.60759E-1 3.60125E-1 3.45906E-1 3.3502E-1 3.41297E-1 3.34612E-1 3.36916E-1 3.34885E-1 3.32364E-1 3.47789E-1
7.48896E-1 7.55943E-1 7.47991E-1 6.84188E-1 7.59151E-1 7.25598E-1 7.39505E-1 7.23338E-1 7.0424E-1 6.56169E-1 6.81638E-1 6.60799E-1 6.7605E-1 6.76916E-1 7.01345E-1 6.93483E-1 6.74937E-1 6.87205E-1 6.97717E-1 7.29959E-1 6.16687E-1 6.09327E-1 5.76293E-1 5.3897E-1 5.11454E-1 4.93064E-1 4.71935E-1 4.48235E-1 4.27269E-1 4.12567E-1 3.98556E-1 3.98357E-1 3.93231E-1 3.67234E-1 3.92428E-1 3.93025E-1 4.03418E-1 4.14856E-1 4.01004E-1 3.97722E-1 4.01871E-1 3.99323E-1 4.01802E-1 4.04049E-1 3.97183E-1 3.87951E-1 3.89845E-1 3.96035E-1 4.00832E-1 3.81176E-1 3.46186E-1 3.56883E-1 3.58177E-1 3.54148E-1 3.45804E-1 3.40337E-1 3.37826E-1 3.39167E-1 3.41593E-1 3.38334E-1 3.54633E-1
7.32222E-1 7.13904E-1 7.07606E-1 6.76043E-1 7.42201E-1 7.29959E-1 6.9983E-1 6.80627E-1 6.71863E-1 6.88919E-1 7.13759E-1 6.50019E-1 6.63125E-1 6.83324E-1 6.68475E-1 6.90252E-1 6.77382E-1 6.71129E-1 7.06038E-1 6.99801E-1 6.38348E-1 7.16591E-1 6.86085E-1 6.18014E-1 5.53311E-1 5.34431E-1 5.05358E-1 4.68777E-1 4.48411E-1 4.38931E-1 4.30446E-1 4.16456E-1 3.99774E-1 3.87062E-1 3.88025E-1 3.9687E-1 4.08518E-1 4.09011E-1 4.02209E-1 4.05424E-1 4.05327E-1 4.01435E-1 4.01249E-1 3.99063E-1 3.82152E-1 3.85954E-1 3.98497E-1 3.62147E-1 3.50942E-1 3.49045E-1 3.44251E-1 3.3042E-1 3.36922E-1 3.347E-1 3.27624E-1 3.32405E-1 3.32701E-1 3.39412E-1 3.38819E-1 3.44109E-1 3.47519E-1
7.71727E-1 7.18369E-1 7.25536E-1 7.11633E-1 6.9533E-1 7.36529E-1 7.29659E-1 6.78747E-1 7.27023E-1 7.1959E-1 6.92785E-1 6.83951E-1 6.85942E-1 6.64785E-1 6.3942E-1 6.7825E-1 6.68924E-1 6.86142E-1 6.7978E-1 7.15701E-1 6.96534E-1 7.04176E-1 7.18713E-1 7.04028E-1 6.29928E-1 5.9428E-1 5.47799E-1 5.11909E-1 4.70254E-1 4.51416E-1 4.36931E-1 4.16628E-1 4.14098E-1 4.04189E-1 4.12981E-1 4.12864E-1 4.03986E-1 4.05516E-1 4.01161E-1 3.94453E-1 3.92528E-1 3.84198E-1 3.67261E-1 3.89896E-1 3.81599E-1 3.67619E-1 3.85989E-1 3.68426E-1 3.60871E-1 3.25704E-1 3.12128E-1 3.13868E-1 3.14582E-1 2.96308E-1 3.09646E-1 3.16259E-1 3.06993E-1 3.17569E-1 3.20687E-1 3.26925E-1 3.32204E-1
7.00901E-1 6.8902E-1 6.76493E-1 6.95329E-1 7.31702E-1 7.59447E-1 6.94984E-1 6.72467E-1 7.46499E-1 6.97568E-1 6.8092E-1 6.97549E-1 6.68159E-1 6.17186E-1 6.51303E-1 6.65041E-1 6.41925E-1 6.68474E-1 6.55384E-1 7.01008E-1 6.91241E-1 6.89211E-1 7.33223E-1 7.30016E-1 7.06967E-1 6.49203E-1 5.90307E-1 5.34884E-1 4.90734E-1 4.65186E-1 4.34577E-1 4.25584E-1 4.07947E-1 4.07291E-1 4.12856E-1 4.07519E-1 4.07548E-1 3.97758E-1 3.96664E-1 3.96514E-1 3.81721E-1 3.7659E-1 3.66754E-1 3.7257E-1 3.88487E-1 3.84388E-1 3.74506E-1 3.72998E-1 3.76477E-1 3.22949E-1 3.06901E-1 3.03638E-1 3.18571E-1 3.06141E-1 3.00706E-1 3.26577E-1 3.20254E-1 3.05607E-1 3.0769E-1 3.08088E-1 3.07965E-1
6.75367E-1 6.79236E-1 7.1638E-1 6.65269E-1 7.47488E-1 7.62549E-1 7.63415E-1 6.58565E-1 7.40444E-1 7.44835E-1 7.3345E-1 6.94228E-1 7.10761E-1 7.08947E-1 5.90377E-1 6.15357E-1 6.57657E-1 6.39029E-1 6.30996E-1 6.64742E-1 6.68842E-1 6.57256E-1 6.62902E-1 7.20348E-1 7.261E-1 6.95273E-1 6.19475E-1 5.50395E-1 5.14966E-1 4.81303E-1 4.63917E-1 4.45523E-1 4.23387E-1 4.15528E-1 4.25957E-1 4.12573E-1 4.04015E-1 3.94574E-1 3.93395E-1 3.87865E-1 3.77739E-1 3.67087E-1 3.60315E-1 3.55076E-1 3.92485E-1 4.20412E-1 4.07214E-1 3.66684E-1 3.68886E-1 3.40658E-1 3.09962E-1 3.12536E-1 3.07313E-1 3.13615E-1 3.11283E-1 3.16075E-1 3.12126E-1 3.11165E-1 3.14217E-1 3.14558E-1 3.10567E-1
7.46462E-1 7.23747E-1 6.73297E-1 7.17786E-1 7.34735E-1 6.93965E-1 7.46636E-1 7.66131E-1 6.73848E-1 7.62746E-1 7.3283E-1 7.00672E-1 7.08885E-1 7.08455E-1 6.89658E-1 7.06862E-1 5.89056E-1 6.83122E-1 6.66839E-1 6.46222E-1 6.5697E-1 6.68763E-1 6.67366E-1 6.83977E-1 6.99952E-1 7.1651E-1 7.16521E-1 6.40546E-1 5.44775E-1 4.98863E-1 4.77259E-1 4.65743E-1 4.46306E-1 4.42706E-1 4.40059E-1 4.33364E-1 4.10805E-1 3.96098E-1 3.8871E-1 3.88223E-1 3.77991E-1 3.73904E-1 3.70323E-1 3.62031E-1 3.54535E-1 3.90024E-1 3.95812E-1 3.72516E-1 3.55276E-1 3.43429E-1 3.06704E-1 3.17743E-1 3.20953E-1 3.27426E-1 3.10365E-1 3.17915E-1 3.1782E-1 3.10364E-1 3.06744E-1 3.16115E-1 3.20901E-1
6.96945E-1 6.76787E-1 7.24844E-1 7.6608E-1 6.83521E-1 6.67803E-1 7.7863E-1 7.95454E-1 7.36782E-1 6.81493E-1 7.4155E-1 7.04587E-1 6.91564E-1 7.08717E-1 6.85394E-1 7.10546E-1 7.04774E-1 6.14013E-1 7.02085E-1 6.70854E-1 6.65626E-1 6.62392E-1 6.67964E-1 6.90991E-1 6.91249E-1 6.67333E-1 6.71998E-1 6.79723E-1 5.67575E-1 5.11777E-1 4.86356E-1 4.71675E-1 4.55103E-1 4.50339E-1 4.39272E-1 4.32106E-1 4.27661E-1 4.07318E-1 3.97658E-1 3.91521E-1 3.80676E-1 3.86565E-1 3.90929E-1 4.05846E-1 4.02201E-1 3.73555E-1 3.62227E-1 3.40709E-1 3.10486E-1 2.92731E-1 2.84889E-1 2.94233E-1 3.2366E-1 3.35667E-1 3.08149E-1 3.1823E-1 3.15804E-1 3.01757E-1 3.13473E-1 3.19329E-1 3.2188E-1
6.98139E-1 7.58501E-1 7.00395E-1 7.6039E-1 7.13109E-1 7.20628E-1 7.54641E-1 7.47526E-1 7.84693E-1 6.72387E-1 7.29367E-1 7.19214E-1 7.31202E-1 6.81189E-1 7.0147E-1 6.94203E-1 7.15647E-1 7.09357E-1 6.14548E-1 6.42151E-1 6.55731E-1 6.59429E-1 6.52107E-1 6.69718E-1 6.82205E-1 6.94279E-1 6.63621E-1 6.45324E-1 5.74487E-1 5.5325E-1 5.15756E-1 4.83096E-1 4.48807E-1 4.48747E-1 4.40605E-1 4.30442E-1 4.15569E-1 4.06893E-1 4.04168E-1 4.06803E-1 3.90046E-1 3.8169E-1 3.74875E-1 3.87855E-1 3.90208E-1 3.76454E-1 3.41483E-1 3.02442E-1 2.83865E-1 2.82501E-1 2.6404E-1 2.64094E-1 2.68927E-1 2.85838E-1 3.09438E-1 3.15784E-1 3.27557E-1 3.06294E-1 2.99719E-1 3.07606E-1 3.15471E-1
6.69558E-1 6.83186E-1 6.71283E-1 6.87148E-1 7.01041E-1 7.29423E-1 7.07841E-1 7.44013E-1 7.56545E-1 7.43432E-1 7.14621E-1 7.44589E-1 7.18569E-1 6.73256E-1 7.22505E-1 6.98065E-1 7.23464E-1 7.0505E-1 7.11922E-1 6.32261E-1 5.84494E-1 6.92593E-1 6.56192E-1 6.61666E-1 6.68717E-1 6.56403E-1 6.67692E-1 7.00794E-1 6.51257E-1 6.39387E-1 5.48771E-1 4.96069E-1 4.81661E-1 4.45469E-1 4.29277E-1 4.10704E-1 3.99795E-1 4.03489E-1 4.10223E-1 3.99615E-1 3.99174E-1 3.88323E-1 3.93168E-1 3.84299E-1 3.80774E-1 3.73536E-1 3.52183E-1 3.30804E-1 3.25538E-1 3.1024E-1 2.98466E-1 3.23315E-1 3.40522E-1 3.30653E-1 3.18515E-1 3.25693E-1 3.2475E-1 3.06073E-1 3.07044E-1 3.20128E-1 3.20536E-1
6.23983E-1 6.84529E-1 6.99436E-1 6.78804E-1 7.04067E-1 7.8521E-1 7.59469E-1 7.31102E-1 7.94665E-1 7.9225E-1 7.05281E-1 7.3267E-1 7.01749E-1 7.2947E-1 7.18467E-1 7.09442E-1 6.84319E-1 7.06754E-1 6.91439E-1 7.26672E-1 6.99117E-1 5.7973E-1 6.84244E-1 6.6129E-1 6.55203E-1 6.58564E-1 6.37624E-1 6.81953E-1 6.94537E-1 6.82953E-1 6.12044E-1 5.47032E-1 4.97813E-1 4.55581E-1 4.37521E-1 4.17877E-1 4.15336E-1 4.22691E-1 4.28138E-1 4.20936E-1 4.20732E-1 4.0796E-1 3.91373E-1 3.97013E-1 3.85102E-1 3.8035E-1 3.77908E-1 3.81691E-1 3.71023E-1 3.62255E-1 3.49653E-1 3.63586E-1 3.52361E-1 3.51949E-1 3.61915E-1 3.37477E-1 3.07492E-1 3.17906E-1 3.31709E-1 3.27567E-1 3.32652E-1
6.59303E-1 7.03166E-1 6.99388E-1 6.66458E-1 6.55947E-1 7.2737E-1 7.07691E-1 7.86725E-1 7.37478E-1 7.90992E-1 7.71389E-1 6.76398E-1 7.51934E-1 7.37794E-1 7.13136E-1 7.24392E-1 6.83526E-1 6.96886E-1 6.7536E-1 7.15794E-1 7.38052E-1 6.76015E-1 5.55391E-1 7.03014E-1 6.37745E-1 6.39241E-1 6.30585E-1 6.60057E-1 6.49102E-1 7.01583E-1 6.75507E-1 5.9869E-1 5.39284E-1 4.99656E-1 4.71333E-1 4.41178E-1 4.15855E-1 4.06489E-1 4.06739E-1 4.27164E-1 4.39784E-1 4.27769E-1 4.2114E-1 4.09005E-1 3.90837E-1 3.82842E-1 3.76388E-1 3.82942E-1 3.77798E-1 3.56387E-1 3.30088E-1 3.40579E-1 3.60066E-1 3.57191E-1 3.5737E-1 3.26979E-1 3.19919E-1 3.33173E-1 3.34026E-1 3.33884E-1 3.28891E-1
6.74719E-1 6.9585E-1 6.85748E-1 6.22808E-1 7.16996E-1 7.08592E-1 7.11883E-1 7.49177E-1 7.48484E-1 7.77185E-1 7.32874E-1 6.92964E-1 7.51504E-1 7.70175E-1 7.47376E-1 7.13742E-1 6.77171E-1 6.8975E-1 7.33748E-1 7.16477E-1 7.47718E-1 7.28633E-1 6.77926E-1 5.69005E-1 7.13534E-1 6.11199E-1 6.81196E-1 6.19316E-1 6.56907E-1 6.33879E-1 6.59548E-1 6.20191E-1 5.61802E-1 5.1997E-1 4.95028E-1 4.72951E-1 4.50743E-1 4.29951E-1 4.20329E-1 4.24282E-1 4.26587E-1 4.31232E-1 4.16571E-1 4.04326E-1 4.01262E-1 3.80492E-1 3.83155E-1 3.94999E-1 3.76276E-1 3.61773E-1 3.43184E-1 3.49559E-1 3.51793E-1 3.52766E-1 3.41071E-1 3.33657E-1 3.39235E-1 3.47668E-1 3.48689E-1 3.41317E-1 3.38168E-1
7.60251E-1 7.2247E-1 6.8628E-1 6.56084E-1 6.88432E-1 6.63933E-1 7.16359E-1 7.15384E-1 7.41955E-1 8.02062E-1 7.15164E-1 7.01402E-1 7.08101E-1 7.35205E-1 7.39241E-1 7.43927E-1 7.22968E-1 6.85128E-1 7.58346E-1 7.21723E-1 7.30335E-1 7.53845E-1 7.18171E-1 6.10798E-1 6.27934E-1 6.72982E-1 6.61475E-1 6.19315E-1 6.69262E-1 6.10561E-1 6.86217E-1 6.80957E-1 6.23495E-1 5.53609E-1 5.27564E-1 5.08922E-1 4.75834E-1 4.5585E-1 4.33615E-1 4.24672E-1 4.15789E-1 4.22616E-1 4.24385E-1 4.23408E-1 4.16954E-1 4.03996E-1 3.97613E-1 3.84454E-1 3.84039E-1 3.55873E-1 3.47578E-1 3.47284E-1 3.46627E-1 3.45771E-1 3.39103E-1 3.43801E-1 3.39654E-1 3.35328E-1 3.4082E-1 3.32776E-1 3.27215E-1
7.44872E-1 7.0624E-1 6.87975E-1 7.13281E-1 7.26036E-1 7.76769E-1 7.86134E-1 7.42969E-1 7.61698E-1 7.73205E-1 7.20793E-1 7.29811E-1 7.2273E-1 7.48199E-1 7.0072E-1 7.45307E-1 7.38706E-1 7.06229E-1 7.32245E-1 7.20231E-1 7.40375E-1 7.65614E-1 7.19183E-1 6.61592E-1 5.61887E-1 6.36503E-1 6.7378E-1 7.02581E-1 6.75531E-1 6.05123E-1 6.63823E-1 7.04133E-1 6.62496E-1 5.83145E-1 5.59622E-1 5.11509E-1 4.76254E-1 4.73902E-1 4.57158E-1 4.37217E-1 4.36275E-1 4.37644E-1 4.32741E-1 4.20905E-1 4.22059E-1 4.20993E-1 4.20029E-1 3.95248E-1 3.95307E-1 3.7122E-1 3.51657E-1 3.58356E-1 3.67896E-1 3.72422E-1 3.73353E-1 3.63668E-1 3.50408E-1 3.49582E-1 3.49029E-1 3.38659E-1 3.30795E-1
7.01996E-1 6.84756E-1 6.5077E-1 6.98053E-1 7.23181E-1 7.97695E-1 7.78295E-1 7.70167E-1 8.08322E-1 7.39378E-1 7.33733E-1 7.65293E-1 7.80585E-1 7.85528E-1 7.2702E-1 7.62479E-1 7.60349E-1 6.99404E-1 7.49767E-1 7.22669E-1 7.34296E-1 7.39408E-1 7.58341E-1 6.83593E-1 5.32663E-1 7.031E-1 7.12585E-1 6.93504E-1 6.91373E-1 6.22389E-1 6.69823E-1 6.96793E-1 6.35896E-1 5.93825E-1 5.59851E-1 5.27743E-1 4.81198E-1 4.73848E-1 4.71032E-1 4.61027E-1 4.57106E-1 4.56397E-1 4.5888E-1 4.48869E-1 4.33678E-1 4.24879E-1 4.24002E-1 4.02976E-1 3.9995E-1 3.82118E-1 3.93039E-1 4.03066E-1 4.01099E-1 3.96196E-1 3.99024E-1 3.85957E-1 3.88466E-1 3.90764E-1 3.76351E-1 3.73483E-1 3.72542E-1
6.85585E-1 6.86063E-1 7.21825E-1 7.12686E-1 7.12482E-1 7.74419E-1 6.90148E-1 7.90441E-1 7.92365E-1 7.31536E-1 7.55452E-1 7.92912E-1 7.98945E-1 7.39923E-1 7.26037E-1 7.66096E-1 7.70644E-1 7.09092E-1 7.34462E-1 7.38688E-1 7.20898E-1 7.54951E-1 7.3828E-1 6.19601E-1 5.2792E-1 6.82801E-1 7.25284E-1 6.68088E-1 6.8275E-1 6.54863E-1 6.61492E-1 7.04711E-1 6.80042E-1 5.86766E-1 5.29421E-1 5.45495E-1 4.99314E-1 4.81343E-1 4.79626E-1 4.71844E-1 4.63025E-1 4.69321E-1 4.65443E-1 4.7117E-1 4.62614E-1 4.58042E-1 4.556E-1 4.36095E-1 4.27162E-1 4.20153E-1 4.11608E-1 3.94263E-1 3.76066E-1 3.8851E-1 4.07308E-1 4.13148E-1 4.20386E-1 4.26114E-1 4.22931E-1 4.1631E-1 3.99646E-1
6.51036E-1 7.03162E-1 7.71225E-1 6.98423E-1 6.69446E-1 6.8254E-1 7.1667E-1 7.87257E-1 7.37179E-1 7.35893E-1 7.71036E-1 7.85258E-1 7.41638E-1 7.24844E-1 7.37579E-1 7.28691E-1 7.42203E-1 7.40723E-1 7.41794E-1 7.53743E-1 7.36842E-1 7.19962E-1 6.96002E-1 5.94669E-1 5.46917E-1 5.6052E-1 6.73341E-1 6.46632E-1 6.6609E-1 6.68692E-1 6.68493E-1 6.90216E-1 6.63525E-1 6.09287E-1 5.48724E-1 5.27751E-1 5.06209E-1 4.92083E-1 4.92783E-1 4.87142E-1 4.82288E-1 4.77346E-1 4.73129E-1 4.66678E-1 4.60706E-1 4.58117E-1 4.53962E-1 4.38912E-1 4.2299E-1 4.21505E-1 4.12718E-1 3.9624E-1 3.79222E-1 3.68996E-1 3.83893E-1 3.76103E-1 3.95833E-1 4.20608E-1 4.31304E-1 4.31663E-1 4.16015E-1
