maxent_outputs/hummingbirds/hummingbird_242.asc
ncols         426
nrows         180
xllcorner     -130.0
yllcorner     24.0
cellsize      0.16666666666666666
NODATA_value  -9999
[rows 0 to 26 of 180, columns 61 to 121 of 426]
3.86969E-1 3.86518E-1 4.09102E-1 4.02625E-1 3.94823E-1 3.89149E-1 3.85039E-1 3.74165E-1 3.66572E-1 3.56827E-1 3.47162E-1 3.37003E-1 3.29955E-1 3.25935E-1 3.18937E-1 3.10629E-1 3.17629E-1 3.11461E-1 3.01226E-1 2.9278E-1 2.96047E-1 2.9784E-1 2.99239E-1 2.96845E-1 2.94923E-1 2.90423E-1 2.82615E-1 2.64948E-1 2.64766E-1 2.65504E-1 2.6914E-1 2.78463E-1 2.93478E-1 2.93446E-1 2.9469E-1 2.7546E-1 2.69751E-1 2.67492E-1 2.75184E-1 2.78462E-1 2.72367E-1 2.71233E-1 2.65283E-1 2.65605E-1 2.6729E-1 2.65519E-1 2.70088E-1 2.72999E-1 2.73159E-1 2.68609E-1 2.67374E-1 2.71521E-1 2.69195E-1 2.69774E-1 2.67718E-1 2.61518E-1 2.62069E-1 2.62342E-1 2.61995E-1 2.59967E-1 2.63983E-1
3.83429E-1 3.77385E-1 4.04963E-1 3.90695E-1 3.85566E-1 3.91707E-1 3.8466E-1 3.80717E-1 3.66363E-1 3.57289E-1 3.47129E-1 3.41328E-1 3.33167E-1 3.29802E-1 3.22422E-1 3.19713E-1 3.18037E-1 3.06685E-1 3.01143E-1 3.04081E-1 3.01006E-1 2.89187E-1 2.80085E-1 2.76435E-1 2.69432E-1 2.66828E-1 2.79814E-1 2.67586E-1 2.70251E-1 2.77323E-1 2.8891E-1 2.93899E-1 3.03508E-1 2.96104E-1 3.02788E-1 2.94332E-1 2.70466E-1 2.73022E-1 2.69879E-1 2.75855E-1 2.80188E-1 2.80046E-1 2.85942E-1 2.7243E-1 2.74422E-1 2.75719E-1 2.7094E-1 2.75776E-1 2.76032E-1 2.74884E-1 2.71479E-1 2.71407E-1 2.69328E-1 2.67291E-1 2.64155E-1 2.60413E-1 2.58232E-1 2.56104E-1 2.56151E-1 2.51408E-1 2.53675E-1
3.90171E-1 3.90429E-1 3.78044E-1 3.88171E-1 3.61887E-1 3.71111E-1 3.69563E-1 3.7689E-1 3.76208E-1 3.68004E-1 3.44927E-1 3.38548E-1 3.35129E-1 3.25546E-1 3.14857E-1 3.17097E-1 3.18898E-1 3.13883E-1 3.0674E-1 2.93641E-1 2.85801E-1 2.87559E-1 2.83954E-1 2.85255E-1 2.79453E-1 2.80681E-1 2.81595E-1 2.70419E-1 2.66275E-1 2.74594E-1 2.91841E-1 3.02979E-1 3.02564E-1 2.95812E-1 2.98064E-1 2.97303E-1 2.88859E-1 3.02996E-1 3.05569E-1 2.95287E-1 2.87063E-1 2.88142E-1 2.87024E-1 2.77729E-1 2.72271E-1 2.75397E-1 2.73021E-1 2.78594E-1 2.8033E-1 2.77226E-1 2.73515E-1 2.68919E-1 2.70731E-1 2.66796E-1 2.64162E-1 2.60405E-1 2.56799E-1 2.57064E-1 2.5475E-1 2.5121E-1 2.47364E-1
3.83438E-1 3.72621E-1 3.51575E-1 3.80271E-1 3.62802E-1 3.4731E-1 3.55115E-1 3.72981E-1 3.77611E-1 3.80756E-1 3.61592E-1 3.36772E-1 3.30981E-1 3.25257E-1 3.17045E-1 3.13859E-1 3.15633E-1 3.14437E-1 3.07931E-1 2.96981E-1 3.01277E-1 2.98066E-1 2.92793E-1 2.89395E-1 2.9063E-1 2.88307E-1 2.93698E-1 2.87282E-1 2.83647E-1 2.78206E-1 2.75942E-1 2.8826E-1 3.07604E-1 2.92198E-1 2.8965E-1 2.8168E-1 2.9046E-1 2.92207E-1 2.9058E-1 2.85319E-1 2.94941E-1 2.94848E-1 2.97367E-1 2.96959E-1 2.76601E-1 2.73596E-1 2.75745E-1 2.75787E-1 2.7958E-1 2.76762E-1 2.73417E-1 2.72939E-1 2.70792E-1 2.69428E-1 2.64836E-1 2.61366E-1 2.5924E-1 2.60595E-1 2.5741E-1 2.57347E-1 2.5367E-1
4.05745E-1 3.95288E-1 3.72029E-1 3.63665E-1 3.49413E-1 3.40186E-1 3.62127E-1 3.76541E-1 3.76361E-1 3.79545E-1 3.72001E-1 3.50588E-1 3.40153E-1 3.25895E-1 3.17838E-1 3.22394E-1 3.18852E-1 3.15217E-1 3.10655E-1 2.97556E-1 2.98139E-1 2.95854E-1 2.93909E-1 2.90956E-1 2.87679E-1 2.86336E-1 2.83147E-1 2.83797E-1 2.76689E-1 2.79354E-1 2.83205E-1 2.90962E-1 3.02927E-1 3.03189E-1 2.99705E-1 2.97324E-1 2.93188E-1 2.91466E-1 2.83645E-1 2.75662E-1 2.80856E-1 2.91682E-1 2.96708E-1 2.96722E-1 2.88287E-1 2.83817E-1 2.83338E-1 2.75251E-1 2.79514E-1 2.84324E-1 2.76414E-1 2.79519E-1 2.7377E-1 2.75132E-1 2.73776E-1 2.68722E-1 2.6439E-1 2.63982E-1 2.62483E-1 2.65892E-1 2.63569E-1
4.25201E-1 4.22803E-1 3.98334E-1 3.94458E-1 3.80854E-1 3.66641E-1 3.54614E-1 3.57994E-1 3.65373E-1 3.84213E-1 3.76982E-1 3.72395E-1 3.62341E-1 3.50352E-1 3.33679E-1 3.21701E-1 3.20804E-1 3.15671E-1 3.09974E-1 3.03187E-1 3.00174E-1 2.94591E-1 2.92399E-1 2.91574E-1 2.93321E-1 2.90621E-1 2.94328E-1 2.92833E-1 2.90809E-1 2.8285E-1 2.85856E-1 2.9133E-1 2.9769E-1 3.00821E-1 3.09335E-1 3.04345E-1 3.01226E-1 2.96803E-1 2.88682E-1 2.85365E-1 2.84626E-1 2.83622E-1 2.87663E-1 2.88666E-1 2.82513E-1 2.79364E-1 2.81737E-1 2.76616E-1 2.78435E-1 2.82551E-1 2.80162E-1 2.79108E-1 2.7089E-1 2.70022E-1 2.74531E-1 2.70354E-1 2.66104E-1 2.62567E-1 2.62629E-1 2.62291E-1 2.68438E-1
3.8477E-1 4.06182E-1 4.15521E-1 4.18154E-1 3.95029E-1 4.06259E-1 4.00406E-1 3.89311E-1 3.89662E-1 3.95906E-1 3.80279E-1 3.86793E-1 3.65839E-1 3.56969E-1 3.47458E-1 3.42672E-1 3.25834E-1 3.15738E-1 3.07874E-1 3.03488E-1 2.97191E-1 2.93919E-1 2.93482E-1 2.93332E-1 2.94726E-1 2.8947E-1 2.96159E-1 2.96849E-1 2.9916E-1 2.79003E-1 2.84014E-1 2.82381E-1 2.90376E-1 2.95882E-1 2.99073E-1 2.945E-1 2.94519E-1 3.00568E-1 2.98456E-1 2.91171E-1 2.92271E-1 2.92476E-1 2.96276E-1 2.86798E-1 2.79355E-1 2.77284E-1 2.79346E-1 2.76149E-1 2.70775E-1 2.81691E-1 2.82297E-1 2.81518E-1 2.76299E-1 2.74064E-1 2.7481E-1 2.69786E-1 2.72512E-1 2.6466E-1 2.60263E-1 2.65772E-1 2.66306E-1
3.69441E-1 3.80923E-1 4.11195E-1 4.33277E-1 4.33985E-1 4.07225E-1 3.95148E-1 4.12991E-1 4.05718E-1 3.72777E-1 3.79664E-1 3.82806E-1 3.57242E-1 3.47065E-1 3.54678E-1 3.57674E-1 3.51997E-1 3.35559E-1 3.13794E-1 3.05052E-1 2.97522E-1 2.94877E-1 2.94688E-1 2.97672E-1 2.93866E-1 2.97013E-1 2.98948E-1 2.95461E-1 2.98488E-1 2.91924E-1 2.89269E-1 2.82697E-1 2.85847E-1 2.84381E-1 2.92925E-1 2.90476E-1 2.88361E-1 2.98085E-1 3.04064E-1 3.0243E-1 2.99914E-1 2.99576E-1 3.03814E-1 3.05674E-1 2.94816E-1 2.88587E-1 2.84897E-1 2.80405E-1 2.79142E-1 2.75419E-1 2.78591E-1 2.82794E-1 2.76821E-1 2.75699E-1 2.74004E-1 2.75929E-1 2.74041E-1 2.67106E-1 2.71467E-1 2.67289E-1 2.77441E-1
3.90026E-1 3.99232E-1 4.10375E-1 4.24283E-1 4.36924E-1 4.30781E-1 4.21318E-1 3.9677E-1 3.735E-1 3.60429E-1 3.90125E-1 3.62964E-1 3.66732E-1 3.43969E-1 3.23569E-1 3.1907E-1 3.4247E-1 3.44147E-1 3.4265E-1 3.28515E-1 3.08977E-1 2.99924E-1 2.92154E-1 2.92737E-1 2.94875E-1 2.93264E-1 2.98006E-1 2.95927E-1 2.96858E-1 2.88603E-1 2.83852E-1 2.81653E-1 2.73723E-1 2.87381E-1 2.96919E-1 3.00652E-1 2.95938E-1 3.00233E-1 3.03852E-1 3.00057E-1 3.00245E-1 3.00569E-1 2.98908E-1 3.03665E-1 2.97468E-1 2.97356E-1 2.93509E-1 2.90417E-1 2.86247E-1 2.8955E-1 2.91999E-1 2.9231E-1 2.89225E-1 2.83558E-1 2.79985E-1 2.78381E-1 2.79327E-1 2.78639E-1 2.85582E-1 2.83863E-1 2.82742E-1
4.30317E-1 3.96533E-1 4.18568E-1 4.39208E-1 4.42676E-1 3.92554E-1 4.42645E-1 4.3263E-1 4.16582E-1 3.70077E-1 3.5982E-1 3.49073E-1 3.59139E-1 3.55515E-1 3.33429E-1 3.28584E-1 3.32816E-1 3.57638E-1 3.48011E-1 3.53209E-1 3.24048E-1 3.0397E-1 3.00136E-1 2.96541E-1 2.97693E-1 2.9492E-1 2.95397E-1 2.97465E-1 2.98136E-1 2.81421E-1 2.64529E-1 2.71949E-1 2.7834E-1 2.89886E-1 2.95359E-1 2.96904E-1 2.94943E-1 2.98788E-1 2.98695E-1 3.00239E-1 2.95281E-1 3.05012E-1 3.03253E-1 3.03712E-1 2.97486E-1 3.00898E-1 3.09608E-1 3.04264E-1 2.98409E-1 2.89037E-1 2.89429E-1 2.8837E-1 2.87594E-1 2.82343E-1 2.75039E-1 2.78713E-1 2.73592E-1 2.7318E-1 2.75896E-1 2.77606E-1 2.82141E-1
4.43158E-1 4.33178E-1 4.1407E-1 4.41296E-1 4.38284E-1 3.95404E-1 3.94983E-1 4.46672E-1 4.31695E-1 3.81648E-1 3.86051E-1 3.40728E-1 3.38771E-1 3.48417E-1 3.47267E-1 3.35557E-1 3.30513E-1 3.2796E-1 3.48641E-1 3.69259E-1 3.3962E-1 3.32355E-1 3.17021E-1 3.08651E-1 3E-1 3.00927E-1 2.98554E-1 2.93911E-1 2.93505E-1 2.91133E-1 2.83097E-1 2.81932E-1 2.79741E-1 2.6497E-1 2.81867E-1 2.86226E-1 2.95455E-1 2.99453E-1 2.97069E-1 3.01231E-1 3.00091E-1 3.00981E-1 3.04276E-1 3.04426E-1 2.98966E-1 2.93991E-1 2.95833E-1 3.02399E-1 3.08876E-1 2.99937E-1 2.79433E-1 2.83E-1 2.85087E-1 2.82571E-1 2.79678E-1 2.77649E-1 2.75703E-1 2.75725E-1 2.77955E-1 2.77977E-1 2.82297E-1
4.52849E-1 4.50615E-1 4.52074E-1 4.46847E-1 4.50762E-1 3.98676E-1 4.14154E-1 4.51228E-1 4.479E-1 4.41168E-1 4.26878E-1 3.75891E-1 3.6729E-1 3.55741E-1 3.62572E-1 3.46766E-1 3.51358E-1 3.57963E-1 3.56178E-1 3.72648E-1 3.56848E-1 3.63681E-1 3.50773E-1 3.30657E-1 3.12701E-1 3.08271E-1 3.00641E-1 2.9692E-1 2.92967E-1 2.94201E-1 2.96751E-1 2.96413E-1 2.90727E-1 2.84415E-1 2.82925E-1 2.90014E-1 2.93731E-1 2.96322E-1 2.96734E-1 3.00232E-1 3.02195E-1 2.98304E-1 3.00165E-1 3.02379E-1 2.94505E-1 2.93039E-1 3.00769E-1 2.81856E-1 2.76576E-1 2.80262E-1 2.79138E-1 2.6805E-1 2.67513E-1 2.67459E-1 2.61407E-1 2.68376E-1 2.70803E-1 2.72712E-1 2.72349E-1 2.73895E-1 2.77265E-1
4.64922E-1 4.58327E-1 4.64819E-1 4.64816E-1 4.72258E-1 4.35363E-1 4.52118E-1 4.70574E-1 4.51886E-1 4.19601E-1 4.33894E-1 4.40724E-1 4.10136E-1 3.72165E-1 3.75724E-1 3.8327E-1 3.48871E-1 3.62687E-1 3.77517E-1 3.72436E-1 3.64598E-1 3.48752E-1 3.59091E-1 3.5792E-1 3.36106E-1 3.24608E-1 3.13122E-1 3.08288E-1 2.96939E-1 2.94425E-1 2.92888E-1 2.92713E-1 2.98094E-1 2.95286E-1 2.98098E-1 2.97645E-1 2.93465E-1 2.97194E-1 2.98473E-1 2.98085E-1 3.00378E-1 2.95595E-1 2.84353E-1 2.98859E-1 2.94448E-1 2.8895E-1 2.95869E-1 2.89101E-1 2.83765E-1 2.68215E-1 2.59481E-1 2.60129E-1 2.57368E-1 2.43764E-1 2.50554E-1 2.60335E-1 2.5702E-1 2.59186E-1 2.59189E-1 2.59631E-1 2.66325E-1
4.74034E-1 4.68552E-1 4.69925E-1 4.73569E-1 4.79401E-1 4.44628E-1 4.72846E-1 4.76608E-1 4.66073E-1 4.21583E-1 4.05163E-1 3.89316E-1 4.29546E-1 4.18298E-1 4.10145E-1 3.92505E-1 3.64936E-1 3.46577E-1 3.58641E-1 3.63708E-1 3.49232E-1 3.33742E-1 3.65041E-1 3.64022E-1 3.5638E-1 3.39297E-1 3.24823E-1 3.13616E-1 2.99689E-1 2.95674E-1 2.91926E-1 2.92811E-1 2.91625E-1 2.941E-1 2.96018E-1 2.95218E-1 2.98283E-1 2.96132E-1 3.00996E-1 3.0183E-1 2.94601E-1 2.94926E-1 2.85312E-1 2.87665E-1 2.9745E-1 3.0052E-1 2.93875E-1 2.90299E-1 2.93049E-1 2.66469E-1 2.58079E-1 2.55485E-1 2.64406E-1 2.54046E-1 2.47576E-1 2.60547E-1 2.64036E-1 2.56911E-1 2.56142E-1 2.54808E-1 2.56198E-1
4.70348E-1 4.67319E-1 4.78929E-1 4.82525E-1 4.87692E-1 4.83571E-1 4.73948E-1 4.80029E-1 4.95742E-1 4.91829E-1 4.6255E-1 3.98677E-1 4.21908E-1 4.30661E-1 4.07513E-1 3.96316E-1 3.94545E-1 3.79398E-1 3.61883E-1 3.43885E-1 3.40469E-1 3.43263E-1 3.36991E-1 3.68032E-1 3.62007E-1 3.51911E-1 3.36817E-1 3.21837E-1 3.06816E-1 2.93602E-1 2.90422E-1 2.93017E-1 2.90668E-1 2.91264E-1 3.0155E-1 3.00351E-1 2.98567E-1 2.98017E-1 2.99752E-1 2.9962E-1 2.97198E-1 2.93767E-1 2.85921E-1 2.82363E-1 2.97713E-1 3.10028E-1 3.09232E-1 2.90737E-1 2.90009E-1 2.78208E-1 2.60531E-1 2.62233E-1 2.58818E-1 2.60274E-1 2.56639E-1 2.59317E-1 2.61045E-1 2.58335E-1 2.6231E-1 2.65427E-1 2.60197E-1
4.81868E-1 4.78088E-1 5.03102E-1 4.89951E-1 4.95422E-1 5.07861E-1 5.03431E-1 4.96172E-1 4.95882E-1 4.94668E-1 4.64306E-1 4.18584E-1 4.21016E-1 4.27554E-1 4.33378E-1 4.20495E-1 4.05482E-1 4.05944E-1 3.72905E-1 3.75016E-1 3.61295E-1 3.58372E-1 3.61237E-1 3.35112E-1 3.55533E-1 3.53137E-1 3.52508E-1 3.37217E-1 3.1451E-1 2.98009E-1 2.93593E-1 2.93393E-1 2.92292E-1 2.93576E-1 3.00032E-1 3.06374E-1 3.0068E-1 2.96486E-1 2.94227E-1 2.98684E-1 2.97707E-1 2.96377E-1 2.99793E-1 2.94383E-1 2.86539E-1 2.97445E-1 3.02374E-1 2.97837E-1 2.86337E-1 2.80517E-1 2.59258E-1 2.61444E-1 2.66379E-1 2.65854E-1 2.56886E-1 2.57198E-1 2.60092E-1 2.58672E-1 2.59138E-1 2.70644E-1 2.70623E-1
4.77302E-1 4.94509E-1 5.02097E-1 5.01897E-1 5.04137E-1 5.4437E-1 5.17647E-1 4.88296E-1 4.76799E-1 5.0188E-1 4.8088E-1 4.39774E-1 4.49697E-1 4.33706E-1 4.09757E-1 4.16322E-1 4.13005E-1 4.04479E-1 4.12706E-1 3.95097E-1 3.66238E-1 3.54007E-1 3.59702E-1 3.74274E-1 3.65012E-1 3.54685E-1 3.54053E-1 3.49928E-1 3.27802E-1 3.15106E-1 3.1001E-1 3.05069E-1 2.94276E-1 2.95194E-1 2.98907E-1 3.01104E-1 3.08355E-1 3.07069E-1 3.02684E-1 3.0155E-1 2.97898E-1 3.01476E-1 3.00701E-1 3.0648E-1 3.10104E-1 3.03234E-1 2.94861E-1 2.86215E-1 2.68409E-1 2.55462E-1 2.48086E-1 2.51988E-1 2.63713E-1 2.75476E-1 2.57818E-1 2.60062E-1 2.60307E-1 2.53121E-1 2.62331E-1 2.71779E-1 2.76672E-1
5.00733E-1 5.03118E-1 4.8298E-1 5.03912E-1 5.28917E-1 5.56102E-1 5.28934E-1 5.2696E-1 5.18824E-1 5.14037E-1 4.84991E-1 4.83437E-1 4.50381E-1 4.33417E-1 4.04605E-1 4.07006E-1 4.07925E-1 4.1556E-1 4.01968E-1 4.08376E-1 3.94703E-1 3.77577E-1 3.68391E-1 3.6525E-1 3.64375E-1 3.69115E-1 3.63145E-1 3.49401E-1 3.48989E-1 3.38506E-1 3.17861E-1 3.09277E-1 2.98276E-1 3.05676E-1 3.14937E-1 3.06935E-1 3.00254E-1 3.00824E-1 3.04721E-1 3.07903E-1 3.01535E-1 2.97832E-1 2.93569E-1 3.01485E-1 3.05251E-1 3.0536E-1 2.93404E-1 2.72565E-1 2.58205E-1 2.55958E-1 2.4287E-1 2.41307E-1 2.41654E-1 2.50012E-1 2.59722E-1 2.60952E-1 2.69686E-1 2.62662E-1 2.58142E-1 2.64759E-1 2.77918E-1
4.74255E-1 5.17867E-1 5.44981E-1 5.54121E-1 5.6908E-1 5.4344E-1 5.32726E-1 5.33262E-1 5.31255E-1 5.28205E-1 5.2091E-1 5.00686E-1 4.59557E-1 4.63617E-1 4.2607E-1 4.16172E-1 4.01702E-1 3.97319E-1 3.94955E-1 4.06215E-1 3.96442E-1 4.13112E-1 3.87265E-1 3.78545E-1 3.61634E-1 3.37698E-1 3.50801E-1 3.53746E-1 3.48648E-1 3.38718E-1 3.21729E-1 3.1103E-1 3.09898E-1 2.9937E-1 3.05327E-1 3.00991E-1 2.91796E-1 2.94554E-1 3.05748E-1 3.06418E-1 3.0889E-1 3.04714E-1 3.10222E-1 3.08844E-1 3.11128E-1 3.10534E-1 3.00932E-1 2.9158E-1 2.86463E-1 2.77814E-1 2.67837E-1 2.81791E-1 2.92927E-1 2.86287E-1 2.7783E-1 2.80378E-1 2.85354E-1 2.76631E-1 2.74043E-1 2.83556E-1 2.83447E-1
4.77473E-1 4.85282E-1 5.12132E-1 5.51215E-1 5.615E-1 5.27524E-1 5.45118E-1 5.52216E-1 5.2554E-1 5.08022E-1 5.19017E-1 5.40331E-1 5.17394E-1 4.70362E-1 4.4164E-1 4.34435E-1 4.20761E-1 3.9903E-1 3.8151E-1 3.88543E-1 4.16372E-1 3.91991E-1 4.1896E-1 3.93501E-1 3.72663E-1 3.55201E-1 3.33355E-1 3.43112E-1 3.49802E-1 3.48409E-1 3.39323E-1 3.28522E-1 3.19246E-1 3.06464E-1 3.01099E-1 2.97909E-1 2.97422E-1 3.04171E-1 3.14563E-1 3.15517E-1 3.2078E-1 3.21764E-1 3.15682E-1 3.2021E-1 3.196E-1 3.16382E-1 3.15515E-1 3.14466E-1 3.10903E-1 3.07079E-1 2.9805E-1 3.00972E-1 2.96928E-1 2.94238E-1 2.97293E-1 2.87841E-1 2.7678E-1 2.78001E-1 2.89594E-1 2.83697E-1 2.85828E-1
4.56022E-1 4.80177E-1 5.04237E-1 5.11257E-1 5.31781E-1 5.45367E-1 5.69383E-1 5.29672E-1 5.2599E-1 5.11379E-1 4.9981E-1 5.47883E-1 4.93546E-1 4.80878E-1 4.73434E-1 4.4258E-1 4.29473E-1 4.17483E-1 3.92253E-1 3.83329E-1 4.06547E-1 4.21E-1 3.90797E-1 4.17416E-1 3.83499E-1 3.69293E-1 3.4758E-1 3.40129E-1 3.37397E-1 3.4756E-1 3.52595E-1 3.48529E-1 3.42571E-1 3.32138E-1 3.25141E-1 3.13448E-1 3.04012E-1 2.97274E-1 3.02778E-1 3.07654E-1 3.21835E-1 3.32642E-1 3.21309E-1 3.21542E-1 3.22919E-1 3.21182E-1 3.15795E-1 3.1876E-1 3.14197E-1 3.00874E-1 2.86998E-1 2.91314E-1 3.0098E-1 2.98663E-1 2.98724E-1 2.91391E-1 2.864E-1 2.90517E-1 2.86272E-1 2.85124E-1 2.81273E-1
4.70389E-1 4.77231E-1 5.03653E-1 5.15518E-1 5.08112E-1 5.34623E-1 5.54198E-1 5.29544E-1 5.29859E-1 5.05635E-1 5.12666E-1 5.6471E-1 4.86558E-1 4.80579E-1 4.47824E-1 4.4897E-1 4.47082E-1 4.82979E-1 4.00946E-1 3.82034E-1 3.98903E-1 4.08567E-1 4.21541E-1 3.94657E-1 4.17787E-1 3.81173E-1 3.7076E-1 3.36837E-1 3.35428E-1 3.37598E-1 3.5147E-1 3.54529E-1 3.62473E-1 3.48849E-1 3.39944E-1 3.36439E-1 3.2655E-1 3.15611E-1 3.10459E-1 3.13046E-1 3.22728E-1 3.31624E-1 3.26637E-1 3.27267E-1 3.28353E-1 3.23748E-1 3.22109E-1 3.25375E-1 3.18279E-1 3.09502E-1 2.99522E-1 3.00611E-1 2.99684E-1 3.0079E-1 2.98478E-1 2.97838E-1 2.94211E-1 2.90676E-1 2.90832E-1 2.86769E-1 2.85587E-1
4.6913E-1 4.80194E-1 5.53336E-1 5.28456E-1 5.18284E-1 5.15397E-1 5.40296E-1 5.49371E-1 5.23821E-1 5.0888E-1 5.18201E-1 5.57631E-1 5.42161E-1 4.72099E-1 4.55744E-1 4.24412E-1 4.50183E-1 4.97583E-1 4.2027E-1 3.91427E-1 3.96585E-1 4.06171E-1 4.26819E-1 4.14038E-1 4.06229E-1 4.0252E-1 3.80802E-1 3.55727E-1 3.54612E-1 3.44586E-1 3.54089E-1 3.64472E-1 3.63794E-1 3.60979E-1 3.45357E-1 3.41455E-1 3.39601E-1 3.34439E-1 3.25849E-1 3.22971E-1 3.21409E-1 3.26538E-1 3.35083E-1 3.39617E-1 3.38356E-1 3.3641E-1 3.34194E-1 3.26121E-1 3.25315E-1 3.11101E-1 3.06778E-1 3.03602E-1 3.02787E-1 3.02658E-1 3.01954E-1 3.03804E-1 2.94467E-1 2.88353E-1 2.90753E-1 2.8608E-1 2.82473E-1
4.57491E-1 4.89867E-1 5.56861E-1 4.839E-1 4.95648E-1 5.11392E-1 5.05545E-1 5.08552E-1 5.05636E-1 5.01577E-1 5.21934E-1 5.46231E-1 4.95671E-1 4.69242E-1 5.05223E-1 4.47848E-1 4.40475E-1 5.02189E-1 4.31845E-1 4.05221E-1 3.98343E-1 4.11771E-1 4.17819E-1 4.2458E-1 3.94882E-1 3.9724E-1 3.92107E-1 3.81742E-1 3.67656E-1 3.58227E-1 3.54335E-1 3.75858E-1 3.72074E-1 3.66236E-1 3.54149E-1 3.39692E-1 3.41876E-1 3.44073E-1 3.43037E-1 3.3467E-1 3.34365E-1 3.30185E-1 3.40255E-1 3.42336E-1 3.43355E-1 3.44585E-1 3.44879E-1 3.33165E-1 3.34635E-1 3.2398E-1 3.14026E-1 3.13851E-1 3.15661E-1 3.18129E-1 3.23459E-1 3.18025E-1 3.04405E-1 3.03124E-1 3.06616E-1 2.99316E-1 2.92702E-1
4.59398E-1 5.07822E-1 5.44266E-1 4.90145E-1 5.01967E-1 4.98166E-1 5.02986E-1 4.95603E-1 4.94461E-1 5.26553E-1 5.84625E-1 5.2948E-1 4.74675E-1 4.56634E-1 5.22924E-1 4.5835E-1 4.49105E-1 5.19467E-1 4.39466E-1 4.02502E-1 4.00891E-1 4.00324E-1 4.16009E-1 4.35131E-1 3.93204E-1 4.22677E-1 3.97213E-1 3.92652E-1 3.90218E-1 3.85605E-1 3.7188E-1 3.87941E-1 3.85304E-1 3.75384E-1 3.55588E-1 3.44164E-1 3.45315E-1 3.50663E-1 3.50149E-1 3.48436E-1 3.44727E-1 3.43707E-1 3.53602E-1 3.56467E-1 3.51256E-1 3.51376E-1 3.55377E-1 3.42966E-1 3.4337E-1 3.31588E-1 3.35601E-1 3.31019E-1 3.28196E-1 3.29851E-1 3.33219E-1 3.25403E-1 3.20393E-1 3.21933E-1 3.17242E-1 3.13171E-1 3.12391E-1
5.28485E-1 5.13748E-1 4.8073E-1 4.61578E-1 4.74852E-1 4.92259E-1 4.93384E-1 4.91815E-1 4.97438E-1 5.15212E-1 5.6104E-1 4.79995E-1 4.70844E-1 4.93516E-1 4.99753E-1 4.50701E-1 4.39593E-1 5.21928E-1 4.64557E-1 4.27237E-1 4.32138E-1 4.17649E-1 4.22608E-1 4.21958E-1 3.99992E-1 4.35268E-1 4.1429E-1 4.13763E-1 4.05517E-1 4.12789E-1 4.00027E-1 4.00082E-1 4.01034E-1 3.85404E-1 3.54361E-1 3.49524E-1 3.41076E-1 3.63346E-1 3.6616E-1 3.63551E-1 3.60334E-1 3.64032E-1 3.61835E-1 3.65993E-1 3.63781E-1 3.67197E-1 3.68045E-1 3.55803E-1 3.52659E-1 3.49637E-1 3.41169E-1 3.28907E-1 3.23794E-1 3.28221E-1 3.24607E-1 3.18047E-1 3.14621E-1 3.14639E-1 3.17955E-1 3.15469E-1 3.17033E-1
4.85236E-1 5.40465E-1 4.719E-1 4.51963E-1 4.61288E-1 4.68374E-1 4.88264E-1 4.90131E-1 4.98002E-1 5.04513E-1 5.42658E-1 4.71528E-1 4.94833E-1 5.09339E-1 4.74133E-1 4.89166E-1 4.90737E-1 5.12735E-1 5.07002E-1 4.27414E-1 4.2536E-1 4.32186E-1 4.30394E-1 4.16676E-1 4.10106E-1 4.1379E-1 4.13557E-1 4.14743E-1 4.04782E-1 4.12644E-1 4.1808E-1 4.18054E-1 4.27729E-1 4.18625E-1 3.84196E-1 3.66181E-1 3.67148E-1 3.60867E-1 3.65854E-1 3.70038E-1 3.60303E-1 3.65376E-1 3.64456E-1 3.57595E-1 3.55197E-1 3.56211E-1 3.57906E-1 3.53887E-1 3.50451E-1 3.51503E-1 3.46754E-1 3.36832E-1 3.27109E-1 3.18653E-1 3.08692E-1 2.94014E-1 2.94017E-1 2.96756E-1 3.02214E-1 3.09413E-1 3.12638E-1
