maxent_outputs/hummingbirds/hummingbird_276.asc
ncols         426
nrows         180
xllcorner     -130.0
yllcorner     24.0
cellsize      0.16666666666666666
NODATA_value  -9999
[rows 0 to 26 of 180, columns 244 to 304 of 426]
5.66924E-2 5.63064E-2 5.68784E-2 5.61089E-2 5.70562E-2 5.7874E-2 5.73011E-2 5.68036E-2 5.7016E-2 5.84333E-2 5.98372E-2 5.88176E-2 5.83626E-2 5.86773E-2 5.88414E-2 5.88228E-2 6.04744E-2 6.41456E-2 6.40589E-2 6.04769E-2 5.88465E-2 5.89532E-2 6.20502E-2 5.88091E-2 5.81574E-2 5.77218E-2 5.74471E-2 5.79809E-2 5.84743E-2 6.60784E-2 6.26045E-2 6.57319E-2 6.18223E-2 5.84239E-2 6.26817E-2 6.14617E-2 6.21147E-2 6.54586E-2 6.65678E-2 6.67512E-2 6.68201E-2 6.42978E-2 6.79109E-2 7.30597E-2 -9999 -9999 -9999 -9999 -9999 -9999 -9999 -9999 -9999 -9999 -9999 -9999 9.75328E-1 -9999 -9999 -9999 9.9544E-1
5.99547E-2 5.85795E-2 5.97425E-2 5.797E-2 5.8057E-2 5.73737E-2 5.83639E-2 5.73419E-2 5.84525E-2 5.74502E-2 5.67953E-2 5.62107E-2 5.72386E-2 5.82308E-2 5.80347E-2 5.90036E-2 6.01326E-2 5.90641E-2 5.92195E-2 5.93655E-2 5.83306E-2 5.92793E-2 6.02674E-2 5.94045E-2 5.84541E-2 5.91385E-2 5.86532E-2 5.78207E-2 5.78094E-2 5.7715E-2 5.88241E-2 5.94385E-2 5.99613E-2 5.91591E-2 6.14496E-2 6.25338E-2 6.42305E-2 7.14158E-2 6.73424E-2 6.82091E-2 6.65298E-2 6.32787E-2 6.58168E-2 7.295E-2 -9999 -9999 -9999 -9999 -9999 -9999 -9999 -9999 -9999 -9999 -9999 -9999 -9999 -9999 -9999 -9999 9.30442E-1
5.71398E-2 5.86189E-2 5.8992E-2 5.87958E-2 6.07802E-2 6.04596E-2 6.33667E-2 6.27516E-2 6.2671E-2 5.84404E-2 5.70129E-2 5.61474E-2 5.66944E-2 5.64519E-2 5.66532E-2 5.78183E-2 5.93145E-2 5.96317E-2 6.02174E-2 6.01039E-2 5.8973E-2 5.89313E-2 5.88388E-2 5.9122E-2 5.89806E-2 5.87918E-2 5.68997E-2 5.78177E-2 5.85513E-2 5.92474E-2 6.16251E-2 6.11539E-2 6.08018E-2 6.18949E-2 6.25589E-2 6.22748E-2 6.26373E-2 6.29032E-2 6.52917E-2 6.61243E-2 6.61655E-2 6.41503E-2 6.91097E-2 -9999 -9999 -9999 -9999 -9999 -9999 -9999 -9999 -9999 -9999 -9999 -9999 -9999 -9999 2.13908E-1 -9999 -9999 9.50326E-1
5.82878E-2 5.92357E-2 5.70999E-2 5.61184E-2 5.56265E-2 5.47914E-2 5.69777E-2 5.86141E-2 5.77258E-2 5.72872E-2 5.91044E-2 5.7506E-2 5.64036E-2 5.59547E-2 5.80334E-2 5.73715E-2 5.71345E-2 5.73001E-2 5.89224E-2 5.97761E-2 5.9133E-2 5.97569E-2 6.17754E-2 6.44087E-2 6.27434E-2 6.04545E-2 5.85607E-2 5.87363E-2 5.96267E-2 5.94107E-2 5.9722E-2 6.03625E-2 6.12266E-2 6.24535E-2 6.2093E-2 6.21023E-2 6.2823E-2 6.49928E-2 6.56381E-2 6.67542E-2 6.7241E-2 6.63971E-2 6.78734E-2 7.16283E-2 -9999 -9999 -9999 -9999 -9999 -9999 -9999 -9999 -9999 -9999 -9999 1.03673E-1 1.04147E-1 3.36538E-1 -9999 -9999 -9999
5.62769E-2 5.63527E-2 5.68854E-2 5.69575E-2 5.45467E-2 5.71091E-2 5.65095E-2 5.61954E-2 5.61469E-2 5.65063E-2 5.76282E-2 5.72321E-2 5.73035E-2 5.71694E-2 5.65393E-2 5.59543E-2 5.63932E-2 5.71261E-2 5.77541E-2 5.76692E-2 5.86433E-2 5.90395E-2 6.26827E-2 6.56694E-2 6.01084E-2 6.07012E-2 5.91545E-2 5.87689E-2 5.92918E-2 5.92592E-2 5.69292E-2 5.8373E-2 5.83394E-2 6.00698E-2 6.04211E-2 6.19087E-2 6.36543E-2 6.73319E-2 6.48134E-2 6.66188E-2 6.79176E-2 7.00325E-2 6.73858E-2 8.64096E-2 -9999 6.89177E-2 6.81174E-2 6.84963E-2 7.10807E-2 7.33384E-2 -9999 -9999 -9999 -9999 -9999 1.05832E-1 1.85225E-1 6.49611E-1 9.48792E-1 -9999 -9999
5.91809E-2 5.98971E-2 5.75209E-2 6.14747E-2 5.78731E-2 5.74821E-2 5.89286E-2 5.83337E-2 5.90847E-2 5.93241E-2 6.13307E-2 6.39198E-2 6.09521E-2 5.77626E-2 5.64996E-2 5.69566E-2 5.56062E-2 5.54833E-2 5.66422E-2 5.77185E-2 5.78205E-2 5.83555E-2 5.95541E-2 5.93796E-2 5.99388E-2 5.78648E-2 5.92782E-2 5.84744E-2 5.8029E-2 5.79221E-2 5.81318E-2 5.87306E-2 5.84738E-2 5.98515E-2 6.0621E-2 6.05298E-2 6.27555E-2 6.2054E-2 6.40426E-2 6.46908E-2 6.60934E-2 7.07492E-2 8.16112E-2 9.09739E-2 6.61815E-2 6.34942E-2 6.47873E-2 6.33722E-2 6.53263E-2 6.6291E-2 7.10974E-2 2.77333E-1 -9999 -9999 -9999 -9999 1.23757E-1 9.96485E-2 -9999 -9999 -9999
6.8884E-2 6.9244E-2 6.03301E-2 5.88136E-2 6.10184E-2 5.90422E-2 6.13389E-2 6.0789E-2 6.2983E-2 6.39035E-2 6.20604E-2 7.22026E-2 6.64853E-2 5.96973E-2 5.819E-2 5.81643E-2 5.62485E-2 5.56168E-2 5.67362E-2 5.75597E-2 5.75598E-2 5.75468E-2 5.62291E-2 5.68301E-2 5.73736E-2 5.80648E-2 5.7308E-2 5.7517E-2 5.77935E-2 5.73683E-2 5.78507E-2 5.94117E-2 6.00666E-2 6.16544E-2 6.14335E-2 6.13079E-2 6.28118E-2 6.19047E-2 6.31753E-2 6.35363E-2 6.60555E-2 6.99388E-2 7.40703E-2 7.53903E-2 7.27929E-2 7.12759E-2 7.31374E-2 7.59263E-2 7.61562E-2 7.27013E-2 7.01821E-2 7.58134E-2 -9999 -9999 -9999 -9999 -9999 -9999 -9999 -9999 9.95345E-1
5.86322E-2 5.87556E-2 5.94777E-2 5.94457E-2 6.09691E-2 5.84298E-2 5.79705E-2 5.88884E-2 5.87364E-2 5.92566E-2 6.12578E-2 6.2524E-2 5.95503E-2 5.80338E-2 5.68094E-2 5.65412E-2 5.62365E-2 5.64752E-2 5.77806E-2 5.72447E-2 5.70716E-2 5.63791E-2 5.6001E-2 5.70164E-2 5.75094E-2 5.70972E-2 5.65525E-2 5.73955E-2 5.81452E-2 5.75093E-2 5.71786E-2 5.70694E-2 5.8403E-2 5.94289E-2 6.01067E-2 6.22199E-2 6.33503E-2 6.05158E-2 6.12416E-2 6.28661E-2 6.43213E-2 6.60744E-2 6.66702E-2 6.97482E-2 7.56839E-2 -9999 -9999 -9999 8.49191E-2 8.12255E-2 7.55662E-2 7.62416E-2 -9999 -9999 -9999 -9999 -9999 -9999 -9999 -9999 9.78403E-1
5.68989E-2 5.63293E-2 5.60378E-2 5.66959E-2 5.66473E-2 5.609E-2 5.84506E-2 6.0366E-2 6.48959E-2 6.18612E-2 6.29354E-2 6.15734E-2 6.09179E-2 5.74523E-2 5.72528E-2 5.88731E-2 5.63519E-2 5.62835E-2 5.68405E-2 5.76503E-2 5.65007E-2 5.65849E-2 5.61594E-2 5.82111E-2 5.71072E-2 5.73671E-2 5.66144E-2 5.71043E-2 5.75098E-2 5.7617E-2 5.83434E-2 5.80904E-2 5.84504E-2 6.0919E-2 6.14621E-2 6.09598E-2 6.33076E-2 6.21901E-2 6.25745E-2 6.36106E-2 6.43116E-2 6.45378E-2 6.28712E-2 6.37266E-2 6.54658E-2 6.87645E-2 7.23304E-2 -9999 -9999 -9999 -9999 -9999 -9999 -9999 -9999 -9999 -9999 -9999 2.84071E-1 -9999 9.83858E-1
5.61448E-2 5.77395E-2 5.81062E-2 5.96749E-2 5.78901E-2 5.82057E-2 5.81666E-2 5.98769E-2 5.97756E-2 6.07553E-2 5.93063E-2 5.98173E-2 5.74371E-2 5.73198E-2 5.699E-2 5.79364E-2 5.91245E-2 5.96848E-2 5.73838E-2 5.76046E-2 5.58692E-2 5.54792E-2 5.5529E-2 5.58204E-2 6.30961E-2 5.84718E-2 5.61738E-2 5.73751E-2 5.68321E-2 5.7375E-2 5.8121E-2 5.76847E-2 6.01357E-2 6.03764E-2 6.107E-2 6.26844E-2 6.40042E-2 6.41156E-2 6.4058E-2 6.30523E-2 6.28376E-2 6.22203E-2 6.25687E-2 6.19106E-2 6.38263E-2 6.66343E-2 7.03807E-2 -9999 -9999 -9999 -9999 -9999 -9999 -9999 9.94972E-1 -9999 -9999 -9999 -9999 -9999 9.95479E-1
5.69388E-2 5.84228E-2 5.85488E-2 5.98247E-2 5.86452E-2 6.04491E-2 6.17316E-2 6.21121E-2 6.63838E-2 6.2085E-2 6.18197E-2 6.09018E-2 5.95293E-2 5.83205E-2 5.79727E-2 5.74186E-2 5.66498E-2 5.65304E-2 5.78499E-2 5.73369E-2 5.56251E-2 5.64394E-2 5.62248E-2 5.49996E-2 6.67786E-2 6.72706E-2 5.6095E-2 5.62307E-2 5.61446E-2 5.63799E-2 5.6983E-2 5.73139E-2 5.81569E-2 5.81163E-2 6.08753E-2 6.25672E-2 6.22383E-2 6.43026E-2 6.2841E-2 6.39513E-2 6.44286E-2 6.4816E-2 6.29277E-2 6.12208E-2 6.63154E-2 6.84275E-2 7.28607E-2 1.95585E-1 -9999 -9999 -9999 -9999 -9999 -9999 -9999 -9999 -9999 -9999 2.35635E-1 1.11195E-1 -9999
5.87111E-2 5.87817E-2 5.7365E-2 5.80894E-2 5.9657E-2 6.17077E-2 6.03787E-2 5.94504E-2 5.85015E-2 5.75001E-2 5.82729E-2 5.8774E-2 5.94534E-2 5.90258E-2 5.82612E-2 5.80952E-2 5.68597E-2 5.74417E-2 5.68074E-2 5.58342E-2 5.57455E-2 5.46356E-2 5.53964E-2 5.57571E-2 5.54168E-2 5.55566E-2 5.52578E-2 5.50221E-2 5.54896E-2 5.64749E-2 5.67934E-2 5.71435E-2 5.7233E-2 5.81205E-2 5.94544E-2 6.19209E-2 6.24624E-2 6.1953E-2 6.07643E-2 6.37677E-2 6.24706E-2 6.15719E-2 6.14808E-2 6.22624E-2 6.19845E-2 6.25298E-2 6.53106E-2 6.8988E-2 6.95318E-2 7.45991E-2 8.04597E-2 -9999 -9999 -9999 -9999 -9999 -9999 -9999 1.04698E-1 9.8528E-2 1.00913E-1
5.71372E-2 5.75524E-2 5.77692E-2 5.98234E-2 6.05452E-2 5.76324E-2 5.96117E-2 5.88429E-2 5.73159E-2 5.69916E-2 5.68493E-2 5.71089E-2 5.75831E-2 5.73701E-2 5.81521E-2 5.91641E-2 5.64208E-2 5.74108E-2 5.71058E-2 5.72479E-2 5.59894E-2 5.57607E-2 5.5108E-2 5.67831E-2 5.70859E-2 5.55146E-2 5.61362E-2 5.59E-2 5.59378E-2 5.62237E-2 5.65999E-2 5.63245E-2 5.72568E-2 5.8314E-2 5.9641E-2 6.03445E-2 5.99772E-2 5.93967E-2 6.10784E-2 6.24035E-2 6.21665E-2 6.06056E-2 6.08422E-2 6.05467E-2 6.14974E-2 6.2001E-2 6.28974E-2 6.48973E-2 6.55055E-2 6.80121E-2 7.36673E-2 7.91519E-2 -9999 -9999 -9999 -9999 -9999 -9999 1.01899E-1 8.97356E-2 1.15835E-1
5.84564E-2 5.72781E-2 5.88784E-2 5.9012E-2 5.98197E-2 5.84212E-2 5.8904E-2 5.9097E-2 5.79692E-2 5.83456E-2 5.7382E-2 5.6582E-2 5.74181E-2 5.77797E-2 5.83035E-2 5.84046E-2 5.89475E-2 5.89646E-2 5.79298E-2 5.82104E-2 5.71799E-2 5.68095E-2 5.53784E-2 5.57197E-2 5.57959E-2 5.56479E-2 5.59414E-2 5.58043E-2 5.707E-2 5.72187E-2 5.81721E-2 5.72306E-2 5.81706E-2 5.85035E-2 5.8241E-2 5.79628E-2 5.91529E-2 6.31412E-2 5.98584E-2 6.01597E-2 6.03403E-2 5.94917E-2 6.06458E-2 6.06841E-2 6.22626E-2 6.34817E-2 6.35476E-2 6.30435E-2 6.38428E-2 6.74225E-2 6.94204E-2 7.27885E-2 7.79334E-2 -9999 -9999 -9999 -9999 -9999 -9999 -9999 1.61347E-1
5.72595E-2 5.78287E-2 6.01822E-2 6.15387E-2 6.29831E-2 6.0344E-2 5.93697E-2 6.0282E-2 6.20694E-2 6.05629E-2 5.78209E-2 5.80871E-2 5.76214E-2 5.82252E-2 5.81486E-2 5.95826E-2 6.03121E-2 5.85761E-2 5.79137E-2 5.89302E-2 5.78205E-2 5.73501E-2 5.8509E-2 5.67598E-2 5.55878E-2 5.75885E-2 5.53458E-2 5.56674E-2 5.5364E-2 5.67628E-2 5.69882E-2 5.61715E-2 5.74152E-2 5.83242E-2 5.72613E-2 5.98505E-2 6.11633E-2 5.94758E-2 5.87208E-2 6.01472E-2 6.02682E-2 6.00715E-2 6.08194E-2 6.09058E-2 6.1282E-2 6.4177E-2 6.4517E-2 6.39867E-2 6.59912E-2 6.88654E-2 7.01478E-2 7.30393E-2 7.92585E-2 8.68287E-2 -9999 -9999 -9999 -9999 1.10481E-1 1.02859E-1 1.01932E-1
5.84294E-2 6.00283E-2 6.24825E-2 6.07774E-2 6.10553E-2 6.22827E-2 6.15581E-2 6.05698E-2 6.32598E-2 6.35716E-2 6.01681E-2 6.03418E-2 6.19215E-2 6.41124E-2 6.08434E-2 6.19769E-2 6.18203E-2 6.06439E-2 5.96676E-2 5.81637E-2 5.69945E-2 5.67059E-2 6.28807E-2 5.73758E-2 5.62033E-2 5.71762E-2 5.64975E-2 5.68061E-2 5.65967E-2 5.7886E-2 5.96676E-2 5.81445E-2 5.81907E-2 5.97563E-2 5.90972E-2 5.88961E-2 5.76647E-2 5.78905E-2 5.85709E-2 5.7745E-2 5.87251E-2 5.86629E-2 5.94962E-2 5.90132E-2 5.98549E-2 6.31788E-2 6.40419E-2 6.62281E-2 6.90393E-2 7.08306E-2 7.69526E-2 8.38059E-2 8.43414E-2 8.8251E-2 -9999 -9999 -9999 9.75442E-2 9.71123E-2 9.55859E-2 1.04703E-1
6.05361E-2 6.20789E-2 6.22305E-2 6.20215E-2 6.31488E-2 6.13036E-2 6.3895E-2 6.43368E-2 6.27858E-2 6.48862E-2 6.65352E-2 6.76896E-2 6.61102E-2 6.44965E-2 6.34287E-2 6.21103E-2 6.02323E-2 6.03961E-2 6.09829E-2 6.03916E-2 5.80828E-2 5.7167E-2 5.74737E-2 5.64175E-2 5.69124E-2 5.91976E-2 5.69785E-2 5.64652E-2 5.72528E-2 5.84582E-2 5.97806E-2 5.9587E-2 5.9476E-2 5.87666E-2 5.86121E-2 5.80144E-2 5.72641E-2 5.7303E-2 5.75795E-2 5.69844E-2 6.01656E-2 5.96016E-2 5.89793E-2 5.9133E-2 5.98332E-2 6.20986E-2 6.52149E-2 6.8206E-2 6.95171E-2 7.30514E-2 8.02188E-2 8.48808E-2 9.03627E-2 8.5499E-2 8.21232E-2 8.50249E-2 9.16661E-2 9.4949E-2 9.33342E-2 9.75681E-2 9.69173E-2
6.06743E-2 6.04156E-2 6.13366E-2 6.29329E-2 6.22323E-2 6.20168E-2 6.41855E-2 6.41519E-2 6.55791E-2 6.50605E-2 6.46725E-2 6.43054E-2 6.37975E-2 6.21749E-2 6.18899E-2 6.0439E-2 6.051E-2 6.04184E-2 6.08306E-2 6.11371E-2 5.93299E-2 5.82003E-2 5.85925E-2 5.74333E-2 5.78857E-2 5.72902E-2 5.76843E-2 5.79161E-2 6.0762E-2 5.89838E-2 5.9401E-2 5.97496E-2 5.79477E-2 5.89296E-2 5.81859E-2 5.87107E-2 5.80494E-2 5.89468E-2 6.17133E-2 6.04635E-2 5.81319E-2 5.73934E-2 5.67907E-2 5.77214E-2 6.04146E-2 6.51246E-2 6.95687E-2 6.9575E-2 7.26324E-2 7.79838E-2 8.26164E-2 8.50452E-2 8.11291E-2 7.88458E-2 7.68015E-2 7.97666E-2 9.07893E-2 9.96721E-2 9.62487E-2 9.73043E-2 1.01148E-1
6.31553E-2 6.34879E-2 6.3452E-2 6.36638E-2 6.51114E-2 6.54173E-2 6.51356E-2 6.44584E-2 6.63808E-2 6.66222E-2 6.56359E-2 6.37064E-2 6.58747E-2 6.5326E-2 6.06147E-2 6.16008E-2 6.28416E-2 6.49465E-2 6.59299E-2 6.35539E-2 6.20851E-2 6.06354E-2 5.98136E-2 5.83571E-2 5.93573E-2 6.2124E-2 5.95675E-2 5.85895E-2 6.25278E-2 5.83123E-2 5.68494E-2 5.92797E-2 5.80419E-2 6.23632E-2 5.8944E-2 5.70323E-2 5.67522E-2 5.77317E-2 5.75921E-2 5.77213E-2 5.90152E-2 5.84352E-2 5.84853E-2 6.1177E-2 6.61278E-2 6.70327E-2 6.67166E-2 7.27135E-2 7.41658E-2 7.44618E-2 7.64923E-2 7.91065E-2 7.81184E-2 7.84025E-2 7.96862E-2 8.19644E-2 8.66847E-2 9.13534E-2 9.33976E-2 9.00216E-2 9.21737E-2
6.38478E-2 6.65248E-2 6.16978E-2 6.26484E-2 6.54196E-2 6.46594E-2 6.99653E-2 6.75298E-2 6.55311E-2 6.31725E-2 6.4143E-2 6.25861E-2 6.45628E-2 7.01431E-2 6.60002E-2 6.50298E-2 6.7866E-2 6.42896E-2 6.901E-2 7.01301E-2 6.68186E-2 6.14399E-2 6.1935E-2 5.96093E-2 6.11674E-2 6.31671E-2 6.374E-2 6.28539E-2 6.12849E-2 6.0529E-2 5.80588E-2 6.01554E-2 5.95119E-2 5.99956E-2 5.9654E-2 5.7975E-2 5.76127E-2 5.67503E-2 5.68313E-2 5.82355E-2 6.01851E-2 6.19806E-2 6.21996E-2 6.48192E-2 6.5789E-2 6.55379E-2 6.60786E-2 7.00694E-2 6.99079E-2 6.88525E-2 7.22347E-2 7.12844E-2 7.45473E-2 7.63681E-2 7.90744E-2 8.2393E-2 8.25708E-2 8.39477E-2 8.50076E-2 8.74526E-2 9.05569E-2
6.29942E-2 6.32313E-2 6.33504E-2 6.26671E-2 6.41004E-2 6.45432E-2 6.82537E-2 6.572E-2 6.42961E-2 6.4681E-2 6.75786E-2 7.28807E-2 6.40225E-2 6.49264E-2 6.36854E-2 6.39144E-2 6.76531E-2 6.53412E-2 6.52288E-2 6.68683E-2 6.49732E-2 6.1716E-2 6.06213E-2 6.23013E-2 6.05296E-2 5.8958E-2 5.89159E-2 6.03962E-2 6.44694E-2 6.118E-2 5.99178E-2 6.015E-2 5.84991E-2 5.96217E-2 5.90075E-2 5.64144E-2 5.66298E-2 5.73611E-2 5.80146E-2 6.18364E-2 6.47326E-2 6.29623E-2 6.27843E-2 6.50028E-2 6.64894E-2 6.68185E-2 6.98066E-2 7.18624E-2 7.4032E-2 7.23713E-2 7.32356E-2 7.21329E-2 7.06905E-2 7.09155E-2 7.37898E-2 7.7536E-2 7.7553E-2 7.84671E-2 7.85929E-2 8.34607E-2 8.6697E-2
6.31929E-2 6.70295E-2 6.47032E-2 6.37742E-2 6.34129E-2 6.49965E-2 6.46349E-2 6.55257E-2 6.59368E-2 6.65903E-2 6.5738E-2 7.17911E-2 7.36493E-2 7.15038E-2 7.07042E-2 6.98209E-2 6.73044E-2 6.48466E-2 6.23115E-2 6.52208E-2 6.64606E-2 6.4919E-2 6.11423E-2 5.97669E-2 5.87499E-2 6.04634E-2 6.1615E-2 6.29717E-2 6.60834E-2 6.59009E-2 6.12004E-2 5.99965E-2 6.02836E-2 6.16645E-2 5.97547E-2 5.8937E-2 5.98284E-2 6.00395E-2 6.15751E-2 6.59592E-2 6.76079E-2 6.38897E-2 6.49716E-2 6.45906E-2 6.53615E-2 6.93981E-2 7.03472E-2 7.15339E-2 7.01316E-2 7.06338E-2 7.12109E-2 6.90987E-2 6.88182E-2 7.4401E-2 9.04062E-2 7.88315E-2 7.79264E-2 7.55935E-2 7.82634E-2 7.9447E-2 8.20932E-2
6.3996E-2 6.53924E-2 6.80066E-2 7.52389E-2 8.5642E-2 8.15963E-2 7.38226E-2 6.73715E-2 6.79513E-2 6.59153E-2 6.41052E-2 6.68577E-2 6.90402E-2 6.75405E-2 7.17484E-2 7.19632E-2 7.35949E-2 6.64473E-2 6.59605E-2 6.4424E-2 6.64665E-2 6.86685E-2 6.8284E-2 6.49622E-2 6.47112E-2 6.41577E-2 6.46951E-2 6.52762E-2 6.37987E-2 6.61173E-2 6.43961E-2 6.43014E-2 6.44593E-2 6.2946E-2 6.27671E-2 6.33126E-2 6.67808E-2 6.36066E-2 6.29021E-2 6.48223E-2 6.78497E-2 6.61997E-2 6.36149E-2 6.85386E-2 6.68669E-2 6.86151E-2 7.32691E-2 6.86684E-2 6.69032E-2 6.8229E-2 6.99328E-2 6.86295E-2 7.3381E-2 7.63428E-2 8.10783E-2 7.54388E-2 7.61344E-2 7.8318E-2 8.02655E-2 7.88477E-2 7.88181E-2
6.79488E-2 7.18988E-2 8.26116E-2 1.08958E-1 9.68745E-2 1.03059E-1 1.0233E-1 7.9666E-2 6.94811E-2 6.79342E-2 6.69962E-2 7.91819E-2 6.94035E-2 6.90616E-2 7.45452E-2 6.86525E-2 7.00532E-2 6.37296E-2 6.64031E-2 6.68706E-2 6.36885E-2 6.83301E-2 7.08688E-2 7.39411E-2 7.09697E-2 6.83657E-2 6.47466E-2 6.62076E-2 6.84161E-2 6.6402E-2 6.77557E-2 6.95837E-2 6.60302E-2 6.40709E-2 6.47305E-2 6.49343E-2 6.98031E-2 7.07007E-2 7.01823E-2 6.81248E-2 6.85412E-2 7.14861E-2 7.10969E-2 7.31384E-2 7.24345E-2 7.086E-2 6.92538E-2 6.67079E-2 6.86859E-2 6.75051E-2 6.91207E-2 6.88059E-2 7.2363E-2 6.90744E-2 7.12051E-2 6.99805E-2 7.26249E-2 7.70796E-2 7.84325E-2 7.8093E-2 8.08024E-2
7.33056E-2 7.58202E-2 1.02846E-1 1.30351E-1 1.24381E-1 1.56125E-1 1.64984E-1 1.34747E-1 7.57637E-2 6.75659E-2 7.57683E-2 8.51108E-2 7.13054E-2 7.13744E-2 7.44714E-2 7.28767E-2 6.8451E-2 6.90397E-2 8.42974E-2 7.239E-2 6.69089E-2 6.66689E-2 6.95911E-2 6.99104E-2 6.85354E-2 6.55898E-2 6.70417E-2 7.03851E-2 7.23806E-2 7.23212E-2 6.72312E-2 6.94956E-2 6.79846E-2 6.48002E-2 6.76156E-2 6.74931E-2 6.75659E-2 6.78258E-2 6.97505E-2 6.91492E-2 7.03318E-2 6.90997E-2 7.13003E-2 7.38552E-2 7.04482E-2 6.92202E-2 7.22939E-2 7.15302E-2 6.97698E-2 6.95911E-2 6.83406E-2 6.85775E-2 6.92959E-2 7.08438E-2 7.01697E-2 7.13439E-2 7.18338E-2 7.68668E-2 7.93333E-2 7.64395E-2 7.51336E-2
7.1546E-2 8.0863E-2 1.34826E-1 1.52757E-1 1.63275E-1 1.73074E-1 1.78755E-1 1.22038E-1 7.62203E-2 7.17291E-2 7.73136E-2 7.32641E-2 7.72955E-2 7.70178E-2 7.95463E-2 7.2224E-2 7.87743E-2 6.40467E-2 6.87098E-2 8.30261E-2 7.18907E-2 6.96164E-2 7.02667E-2 7.14191E-2 6.79047E-2 6.73402E-2 6.75639E-2 6.7547E-2 6.84673E-2 6.75321E-2 7.06076E-2 7.11675E-2 6.96825E-2 6.55105E-2 6.55473E-2 6.93136E-2 6.63585E-2 6.39815E-2 6.57616E-2 6.93118E-2 6.90758E-2 7.18567E-2 7.26601E-2 7.22776E-2 6.72118E-2 6.35677E-2 6.52678E-2 6.79836E-2 6.80435E-2 6.95852E-2 7.12143E-2 7.1393E-2 7.24757E-2 6.90881E-2 7.20778E-2 7.27733E-2 7.25848E-2 7.60464E-2 7.55824E-2 7.52399E-2 7.30111E-2
6.75228E-2 7.20677E-2 1.13401E-1 1.33021E-1 1.33942E-1 1.49594E-1 1.61732E-1 9.15075E-2 6.64847E-2 6.62269E-2 6.69325E-2 6.99285E-2 7.11632E-2 7.77735E-2 8.65284E-2 9.69697E-2 8.29638E-2 7.76936E-2 6.73621E-2 6.95729E-2 6.85453E-2 7.08895E-2 7.39475E-2 7.03393E-2 6.58415E-2 6.60117E-2 6.72225E-2 6.88828E-2 7.17849E-2 6.82377E-2 6.84036E-2 6.76779E-2 6.90084E-2 6.92095E-2 6.88223E-2 6.73809E-2 6.50691E-2 6.6603E-2 6.96293E-2 7.06049E-2 7.17842E-2 7.37914E-2 7.3931E-2 6.93304E-2 6.22644E-2 6.47692E-2 6.6086E-2 7.04363E-2 6.95423E-2 7.14893E-2 7.28357E-2 7.25884E-2 6.69023E-2 7.11073E-2 7.26941E-2 7.31759E-2 7.45557E-2 7.26943E-2 7.08395E-2 7.25184E-2 7.41337E-2
