maxent_outputs/hummingbirds/hummingbird_285.asc
ncols         426
nrows         180
xllcorner     -130.0
yllcorner     24.0
cellsize      0.16666666666666666
NODATA_value  -9999
[rows 81 to 107 of 180, columns 244 to 304 of 426]
1.82916E-1 1.84834E-1 1.83273E-1 1.81619E-1 1.80793E-1 1.8568E-1 1.83088E-1 1.81815E-1 1.82194E-1 1.84069E-1 1.89188E-1 1.89292E-1 1.97973E-1 2.0691E-1 2.11373E-1 2.03159E-1 1.93988E-1 1.8607E-1 1.79465E-1 1.78016E-1 1.76683E-1 1.75831E-1 1.796E-1 1.82346E-1 1.80045E-1 1.83864E-1 1.87438E-1 1.89347E-1 1.92394E-1 1.96852E-1 1.9382E-1 1.91674E-1 1.94626E-1 1.93329E-1 1.91186E-1 1.97756E-1 1.99371E-1 2.01249E-1 1.93771E-1 1.83738E-1 1.76221E-1 1.75089E-1 1.81288E-1 1.9284E-1 1.99065E-1 1.89664E-1 1.90402E-1 1.99473E-1 2.02247E-1 1.92583E-1 1.8539E-1 1.91016E-1 2.05742E-1 1.938E-1 1.90843E-1 2.09284E-1 2.14069E-1 1.92836E-1 1.79115E-1 1.73589E-1 1.63071E-1
1.8682E-1 1.84455E-1 1.82528E-1 1.86725E-1 1.84E-1 1.86946E-1 1.83307E-1 1.79456E-1 1.81287E-1 1.86959E-1 1.88732E-1 1.93556E-1 1.99149E-1 1.90102E-1 1.91385E-1 1.88003E-1 1.81863E-1 1.75308E-1 1.72227E-1 1.76134E-1 1.75739E-1 1.79175E-1 1.79457E-1 1.81577E-1 1.83018E-1 1.81651E-1 1.80318E-1 1.81124E-1 1.84775E-1 1.90699E-1 1.94643E-1 1.88259E-1 1.90345E-1 1.89852E-1 1.91645E-1 1.98022E-1 2.02742E-1 2.05958E-1 2.0765E-1 1.85333E-1 1.77753E-1 1.77568E-1 1.81105E-1 1.88845E-1 1.99732E-1 1.97498E-1 1.98306E-1 1.97539E-1 2.06058E-1 1.93762E-1 1.86649E-1 1.97488E-1 2.05209E-1 1.92889E-1 1.93327E-1 1.98145E-1 2.07456E-1 1.95646E-1 1.81063E-1 1.64195E-1 1.55705E-1
1.9036E-1 1.85678E-1 1.88958E-1 1.87033E-1 1.8481E-1 1.86058E-1 1.86312E-1 1.83904E-1 1.83118E-1 1.87933E-1 1.91216E-1 1.93433E-1 1.91618E-1 1.84828E-1 1.82984E-1 1.80005E-1 1.76912E-1 1.72511E-1 1.74379E-1 1.84626E-1 1.86462E-1 1.82853E-1 1.81854E-1 1.77487E-1 1.76386E-1 1.72419E-1 1.7168E-1 1.75751E-1 1.82227E-1 1.88442E-1 1.95152E-1 1.90956E-1 1.90764E-1 1.94881E-1 1.90373E-1 1.94532E-1 1.99963E-1 2.13899E-1 2.1333E-1 1.90273E-1 1.85632E-1 1.87493E-1 1.91534E-1 1.97122E-1 1.97331E-1 1.98527E-1 2.05339E-1 2.06375E-1 2.01584E-1 1.92091E-1 1.90662E-1 2.05013E-1 1.91484E-1 1.86378E-1 1.90362E-1 1.95488E-1 2.02982E-1 1.92115E-1 1.74978E-1 1.45567E-1 1.33077E-1
1.87781E-1 1.85683E-1 1.87849E-1 1.86863E-1 1.83619E-1 1.85898E-1 1.84485E-1 1.82406E-1 1.80985E-1 1.80195E-1 1.82163E-1 1.93454E-1 1.90241E-1 1.85387E-1 1.78286E-1 1.76819E-1 1.71469E-1 1.72118E-1 1.84961E-1 1.9496E-1 1.87798E-1 1.80586E-1 1.72937E-1 1.71562E-1 1.67727E-1 1.71127E-1 1.74094E-1 1.74205E-1 1.76896E-1 1.82114E-1 1.97926E-1 2.03979E-1 2.00971E-1 1.96633E-1 1.85784E-1 1.95778E-1 2.02539E-1 2.142E-1 2.17135E-1 2.02167E-1 1.93802E-1 1.89947E-1 1.88435E-1 1.96925E-1 2.04361E-1 2.0012E-1 2.04747E-1 2.12843E-1 1.97801E-1 1.89766E-1 1.94415E-1 2.0422E-1 1.86341E-1 1.83768E-1 1.87534E-1 1.95702E-1 1.99117E-1 1.86663E-1 1.53551E-1 1.43474E-1 1.36849E-1
1.90386E-1 1.86398E-1 1.85386E-1 1.8345E-1 1.85862E-1 1.85622E-1 1.83982E-1 1.859E-1 1.80676E-1 1.78593E-1 1.83024E-1 1.89339E-1 1.88199E-1 1.88651E-1 1.8071E-1 1.79029E-1 1.7583E-1 1.79281E-1 1.87025E-1 1.87884E-1 1.84086E-1 1.80714E-1 1.75977E-1 1.65842E-1 1.64375E-1 1.72215E-1 1.71297E-1 1.66447E-1 1.77939E-1 1.84849E-1 2.02549E-1 2.04487E-1 2.02216E-1 1.89556E-1 1.82637E-1 1.89533E-1 1.98768E-1 2.08731E-1 2.13032E-1 2.02158E-1 1.99962E-1 1.9291E-1 1.86627E-1 1.92735E-1 2.00298E-1 2.00207E-1 2.0365E-1 2.01342E-1 1.96977E-1 1.90637E-1 1.97403E-1 1.89502E-1 1.77324E-1 1.74416E-1 1.80229E-1 1.92355E-1 2.00823E-1 1.59722E-1 1.39003E-1 1.40826E-1 1.30849E-1
1.91612E-1 1.86688E-1 1.82036E-1 1.89985E-1 1.93022E-1 1.87888E-1 1.84058E-1 1.88007E-1 1.81303E-1 1.81742E-1 1.84869E-1 1.95531E-1 1.91821E-1 1.89856E-1 1.8836E-1 1.82232E-1 1.80711E-1 1.8968E-1 1.87291E-1 1.80115E-1 1.83381E-1 1.83666E-1 1.75545E-1 1.67788E-1 1.69828E-1 1.73319E-1 1.68972E-1 1.73671E-1 1.81132E-1 1.92287E-1 1.96048E-1 1.96925E-1 1.94967E-1 1.80767E-1 1.81549E-1 1.89343E-1 1.96638E-1 2.06253E-1 2.07288E-1 1.96441E-1 2.02781E-1 1.99273E-1 1.94634E-1 1.95422E-1 1.90816E-1 1.97917E-1 2.01848E-1 2.00747E-1 1.97502E-1 1.95716E-1 1.93544E-1 1.84627E-1 1.71003E-1 1.68008E-1 1.75791E-1 1.85024E-1 1.74396E-1 1.45062E-1 1.29024E-1 1.25454E-1 1.24412E-1
1.91201E-1 1.85992E-1 1.87867E-1 1.91715E-1 1.91596E-1 1.90275E-1 1.87623E-1 1.89708E-1 1.88066E-1 1.92404E-1 1.95383E-1 1.96948E-1 1.93E-1 1.92465E-1 1.93962E-1 1.89671E-1 1.92831E-1 1.98412E-1 1.8838E-1 1.84324E-1 1.86718E-1 1.8488E-1 1.82822E-1 1.73647E-1 1.76643E-1 1.77583E-1 1.73295E-1 1.80332E-1 1.91425E-1 1.90753E-1 1.91909E-1 1.92619E-1 1.91195E-1 1.87876E-1 1.8055E-1 1.86356E-1 1.92884E-1 2.02312E-1 2.02954E-1 2.01093E-1 1.99001E-1 1.97266E-1 1.99468E-1 1.95941E-1 1.92735E-1 1.92393E-1 1.96592E-1 2.04468E-1 1.96526E-1 1.91837E-1 1.81117E-1 1.78758E-1 1.68966E-1 1.67992E-1 1.77419E-1 1.71399E-1 1.49463E-1 1.32066E-1 1.22212E-1 1.18523E-1 1.29809E-1
1.929E-1 1.94302E-1 1.95307E-1 1.9575E-1 1.92518E-1 1.94525E-1 1.96149E-1 1.94738E-1 1.93606E-1 1.92464E-1 1.94954E-1 1.92411E-1 1.94878E-1 1.95962E-1 1.96561E-1 1.94244E-1 1.90102E-1 1.95614E-1 1.92432E-1 1.88913E-1 1.8891E-1 1.85343E-1 1.84554E-1 1.82793E-1 1.79551E-1 1.75496E-1 1.83228E-1 1.95467E-1 1.95806E-1 1.94116E-1 1.91598E-1 1.86365E-1 1.83575E-1 1.79837E-1 1.76562E-1 1.85627E-1 1.94113E-1 1.9651E-1 2.02286E-1 1.99617E-1 1.97468E-1 1.97393E-1 1.97828E-1 1.938E-1 1.89091E-1 1.90903E-1 1.96382E-1 1.91513E-1 1.84608E-1 1.80097E-1 1.72702E-1 1.69759E-1 1.65305E-1 1.67952E-1 1.68695E-1 1.62608E-1 1.47131E-1 1.26864E-1 1.21233E-1 1.13265E-1 1.24228E-1
2.02023E-1 2.03633E-1 2.02134E-1 1.96933E-1 2.01119E-1 1.95771E-1 1.95662E-1 1.95468E-1 1.93026E-1 1.915E-1 1.95805E-1 1.93078E-1 2.00848E-1 1.95902E-1 1.9917E-1 1.90934E-1 1.84492E-1 1.99505E-1 1.93834E-1 1.90905E-1 1.90217E-1 1.90397E-1 1.90762E-1 1.87772E-1 1.80393E-1 1.82614E-1 1.94245E-1 1.9663E-1 2.00558E-1 2.04235E-1 1.90108E-1 1.86999E-1 1.78065E-1 1.76316E-1 1.7879E-1 1.82478E-1 1.88155E-1 1.92436E-1 1.94763E-1 1.92881E-1 1.94798E-1 1.98026E-1 2.00255E-1 1.97003E-1 1.88769E-1 1.8858E-1 1.82716E-1 1.82037E-1 1.77217E-1 1.73509E-1 1.69955E-1 1.68273E-1 1.6295E-1 1.61436E-1 1.54407E-1 1.44082E-1 1.34715E-1 1.27749E-1 1.20436E-1 1.00513E-1 1.44581E-1
2.11574E-1 2.11369E-1 2.05661E-1 2.026E-1 2.06771E-1 2.00698E-1 1.9618E-1 1.93266E-1 1.92791E-1 1.93542E-1 1.92604E-1 1.90861E-1 1.96925E-1 1.92559E-1 1.93501E-1 1.88123E-1 1.82856E-1 1.84243E-1 1.83965E-1 1.89531E-1 1.87587E-1 1.91654E-1 1.91184E-1 1.84151E-1 1.80853E-1 1.84868E-1 1.94245E-1 1.98044E-1 1.89498E-1 1.96714E-1 1.94576E-1 1.87028E-1 1.82645E-1 1.77841E-1 1.79529E-1 1.82561E-1 1.86146E-1 1.93625E-1 1.94563E-1 1.92042E-1 1.91206E-1 1.98903E-1 1.98235E-1 2.04003E-1 1.92584E-1 1.8401E-1 1.76402E-1 1.74142E-1 1.72096E-1 1.71801E-1 1.73062E-1 1.6978E-1 1.66604E-1 1.5724E-1 1.38553E-1 1.26719E-1 1.29228E-1 1.17699E-1 1.19442E-1 1.26444E-1 1.96966E-1
2.34337E-1 2.17646E-1 2.12929E-1 2.10625E-1 2.07453E-1 2.04189E-1 1.98757E-1 1.93103E-1 1.91581E-1 1.95702E-1 1.96493E-1 1.92661E-1 1.9289E-1 1.90961E-1 1.86549E-1 1.87934E-1 1.83878E-1 1.79251E-1 1.83221E-1 1.89674E-1 1.95707E-1 1.91962E-1 1.89249E-1 1.85181E-1 1.91396E-1 1.91113E-1 1.96194E-1 1.96533E-1 1.89926E-1 1.96028E-1 1.98014E-1 1.94258E-1 1.91169E-1 1.8925E-1 1.86245E-1 1.92106E-1 1.87181E-1 1.98091E-1 2.0468E-1 1.95163E-1 1.90842E-1 1.95403E-1 2.03234E-1 2.03253E-1 1.90454E-1 1.82343E-1 1.78306E-1 1.72743E-1 1.71271E-1 1.72045E-1 1.70168E-1 1.66818E-1 1.64508E-1 1.41251E-1 1.14744E-1 1.02803E-1 1.12973E-1 9.95154E-2 1.01916E-1 1.53978E-1 1.94238E-1
2.25312E-1 2.20769E-1 2.16203E-1 2.13813E-1 2.07729E-1 2.06281E-1 2.02358E-1 1.95553E-1 1.92505E-1 1.9234E-1 1.93539E-1 1.90819E-1 1.94277E-1 1.94148E-1 1.88154E-1 1.85781E-1 1.8263E-1 1.7575E-1 1.73474E-1 1.79303E-1 1.87328E-1 1.95513E-1 1.86525E-1 1.89861E-1 1.83045E-1 1.87798E-1 1.86993E-1 1.88156E-1 1.9012E-1 1.95895E-1 1.97334E-1 1.94367E-1 1.8705E-1 1.85531E-1 1.8689E-1 1.90754E-1 1.92166E-1 1.89724E-1 1.95816E-1 2.00682E-1 1.913E-1 1.92089E-1 1.99983E-1 1.9707E-1 2.02375E-1 1.92171E-1 1.91008E-1 1.83949E-1 1.79136E-1 1.74441E-1 1.73171E-1 1.60821E-1 1.4477E-1 1.27131E-1 9.62648E-2 9.27316E-2 8.62927E-2 9.99792E-2 1.15681E-1 1.53333E-1 1.78654E-1
2.17873E-1 2.14208E-1 2.10533E-1 2.06223E-1 2.02499E-1 2.05699E-1 2.05534E-1 1.98419E-1 1.94063E-1 2.00797E-1 1.94616E-1 1.95326E-1 1.97242E-1 1.92456E-1 1.91229E-1 1.86099E-1 1.87029E-1 1.8306E-1 1.87815E-1 1.89905E-1 1.96843E-1 2.00553E-1 1.96169E-1 1.85972E-1 1.77446E-1 1.82949E-1 1.9818E-1 1.94888E-1 1.95599E-1 1.95305E-1 1.92295E-1 1.93343E-1 1.92334E-1 1.81746E-1 1.8419E-1 1.81388E-1 1.84792E-1 1.84989E-1 1.92678E-1 1.93826E-1 2.00645E-1 2.01994E-1 2.01521E-1 1.99411E-1 2.09779E-1 2.16814E-1 2.12688E-1 1.97524E-1 1.84491E-1 1.76761E-1 1.62425E-1 1.34051E-1 1.18566E-1 1.06299E-1 8.59737E-2 8.572E-2 9.76494E-2 1.02392E-1 1.19913E-1 1.5035E-1 1.56019E-1
2.11971E-1 2.08951E-1 2.10703E-1 2.0017E-1 1.96933E-1 2.01147E-1 2.02919E-1 2.00378E-1 2.01956E-1 1.91732E-1 1.90348E-1 1.94393E-1 1.98563E-1 1.94473E-1 1.89007E-1 1.8915E-1 1.91302E-1 1.97235E-1 2.07226E-1 2.03814E-1 2.11972E-1 2.24914E-1 2.0693E-1 1.90514E-1 1.82638E-1 1.85697E-1 2.03754E-1 2.01257E-1 1.97007E-1 1.9353E-1 1.92672E-1 1.90542E-1 1.88471E-1 1.86857E-1 1.82977E-1 1.82428E-1 1.79638E-1 1.8917E-1 1.93929E-1 1.96917E-1 2.01984E-1 2.01524E-1 2.00807E-1 1.99538E-1 2.02796E-1 2.07397E-1 2.08825E-1 1.94112E-1 1.80838E-1 1.77474E-1 1.57027E-1 1.29742E-1 1.12433E-1 9.03624E-2 8.45761E-2 1.05814E-1 1.12975E-1 1.23443E-1 1.53398E-1 1.64169E-1 1.82765E-1
2.12467E-1 2.03921E-1 2.13167E-1 1.93063E-1 1.90849E-1 1.91942E-1 1.98419E-1 1.97126E-1 1.99978E-1 1.91364E-1 1.94757E-1 1.95018E-1 1.93206E-1 1.94372E-1 1.9268E-1 1.9694E-1 2.00984E-1 2.08118E-1 2.18047E-1 2.18379E-1 2.30448E-1 2.23646E-1 2.08187E-1 2.01714E-1 1.98634E-1 1.99403E-1 2.04004E-1 2.03773E-1 2.03557E-1 1.99155E-1 1.94482E-1 1.92544E-1 1.87939E-1 1.8847E-1 1.89312E-1 1.89874E-1 1.80423E-1 1.87742E-1 1.92058E-1 2.02137E-1 2.07305E-1 2.02084E-1 1.96634E-1 1.98146E-1 1.90826E-1 1.90812E-1 1.85015E-1 1.77931E-1 1.77454E-1 1.67488E-1 1.4394E-1 1.17101E-1 9.75412E-2 1.05333E-1 1.2091E-1 1.18221E-1 1.38877E-1 1.52608E-1 1.76904E-1 1.82752E-1 1.7916E-1
2.06048E-1 2.0461E-1 2.01051E-1 1.9289E-1 1.89853E-1 1.9112E-1 1.94068E-1 2.05615E-1 2.06038E-1 2.00395E-1 2.07485E-1 2.00927E-1 1.92371E-1 1.89553E-1 1.9369E-1 2.01985E-1 2.06764E-1 2.04835E-1 2.06565E-1 2.24992E-1 2.3689E-1 2.29495E-1 2.17782E-1 2.05676E-1 2.05937E-1 2.07155E-1 2.04857E-1 2.10023E-1 2.0491E-1 2.05746E-1 2.03743E-1 2.04447E-1 2.03763E-1 1.93199E-1 1.82373E-1 1.80552E-1 1.86901E-1 1.91531E-1 1.96829E-1 2.01439E-1 2.07478E-1 2.05941E-1 1.91113E-1 1.93102E-1 1.82445E-1 1.70187E-1 1.636E-1 1.5835E-1 1.59574E-1 1.65233E-1 1.34988E-1 1.25665E-1 1.31261E-1 1.40244E-1 1.38896E-1 1.49511E-1 1.5942E-1 1.87908E-1 1.8238E-1 2.01822E-1 1.76171E-1
2.06874E-1 2.05954E-1 1.95969E-1 1.90604E-1 1.89219E-1 1.93579E-1 2.03073E-1 2.1768E-1 2.147E-1 2.07581E-1 2.03536E-1 2.01401E-1 1.94472E-1 1.91639E-1 1.94499E-1 1.97868E-1 1.98007E-1 1.94381E-1 2.01068E-1 2.10945E-1 2.1302E-1 2.18812E-1 2.2305E-1 2.13803E-1 2.05452E-1 2.02818E-1 2.01253E-1 2.07038E-1 2.15066E-1 2.10675E-1 2.03589E-1 2.09958E-1 2.10169E-1 1.96836E-1 1.89894E-1 1.87637E-1 1.92859E-1 1.99057E-1 2.03655E-1 2.08482E-1 2.00337E-1 2.03747E-1 1.98938E-1 1.82373E-1 1.75551E-1 1.63412E-1 1.55702E-1 1.56025E-1 1.56987E-1 1.50333E-1 1.63185E-1 1.58535E-1 1.67806E-1 1.53621E-1 1.53858E-1 1.86645E-1 1.89681E-1 2.06573E-1 1.99134E-1 2.15949E-1 1.79001E-1
1.95401E-1 1.93719E-1 1.93524E-1 1.93176E-1 1.97063E-1 2.03893E-1 2.14104E-1 2.2359E-1 2.15149E-1 2.11312E-1 2.12014E-1 2.13136E-1 2.10836E-1 2.0337E-1 2.03209E-1 2.01328E-1 1.98339E-1 1.95517E-1 1.96017E-1 2.03519E-1 2.05184E-1 1.98974E-1 2.09604E-1 2.06912E-1 2.01656E-1 2.0048E-1 1.9963E-1 1.99149E-1 2.08283E-1 2.0533E-1 2.03854E-1 2.05473E-1 2.05123E-1 2.01745E-1 2.02344E-1 2.01658E-1 1.96989E-1 1.93397E-1 2.0175E-1 2.10658E-1 2.10888E-1 2.02647E-1 1.97702E-1 1.85982E-1 1.75664E-1 1.72146E-1 1.64195E-1 1.65054E-1 1.58735E-1 1.56146E-1 1.84988E-1 1.90313E-1 1.80118E-1 1.59223E-1 1.68521E-1 1.8997E-1 2.25402E-1 2.20218E-1 2.15616E-1 2.17248E-1 2.26538E-1
1.88209E-1 1.8549E-1 1.9672E-1 1.99315E-1 2.00323E-1 2.11157E-1 2.15021E-1 2.17866E-1 2.17713E-1 2.16074E-1 2.12686E-1 2.14357E-1 2.17713E-1 2.18284E-1 2.14037E-1 2.09121E-1 2.04086E-1 1.9554E-1 1.96697E-1 2.07142E-1 2.08619E-1 2.0265E-1 1.99656E-1 1.9822E-1 1.99673E-1 1.98948E-1 1.96783E-1 1.98841E-1 1.9924E-1 2.00955E-1 1.99247E-1 1.97275E-1 1.94439E-1 2.03816E-1 2.07393E-1 2.06333E-1 1.93553E-1 1.9178E-1 2.02207E-1 2.09193E-1 2.09603E-1 2.04751E-1 1.92296E-1 1.82444E-1 1.74431E-1 1.72928E-1 1.71065E-1 1.70034E-1 1.6368E-1 1.73099E-1 1.9391E-1 1.98535E-1 1.60417E-1 1.73955E-1 1.82426E-1 2.10138E-1 2.28194E-1 2.25483E-1 2.15326E-1 2.26182E-1 2.33402E-1
1.94951E-1 1.94924E-1 2.02164E-1 2.00658E-1 2.05361E-1 2.09584E-1 2.11746E-1 2.09009E-1 2.15813E-1 2.16684E-1 2.12745E-1 2.18602E-1 2.19207E-1 2.2039E-1 2.20173E-1 2.15195E-1 2.10711E-1 2.07509E-1 2.07805E-1 2.1166E-1 2.14035E-1 2.09588E-1 2.03484E-1 2.00647E-1 2.11347E-1 2.03482E-1 2.0296E-1 1.97553E-1 1.9508E-1 2.02061E-1 2.11648E-1 2.04531E-1 2.01253E-1 2.05481E-1 2.01097E-1 2.01001E-1 1.92161E-1 1.9459E-1 1.99761E-1 1.97793E-1 1.93702E-1 1.93526E-1 1.86407E-1 1.78944E-1 1.67634E-1 1.62631E-1 1.6983E-1 1.63853E-1 1.6786E-1 1.81691E-1 1.87774E-1 2.01264E-1 2.04882E-1 1.97255E-1 2.10233E-1 2.25099E-1 2.36587E-1 2.34013E-1 2.27102E-1 2.23148E-1 2.21574E-1
2.09096E-1 2.08632E-1 1.96151E-1 2.05407E-1 2.12412E-1 2.14423E-1 2.16697E-1 2.21621E-1 2.13951E-1 2.10955E-1 2.07761E-1 2.08801E-1 2.15381E-1 2.12361E-1 2.15484E-1 2.13693E-1 2.12099E-1 2.07633E-1 2.05675E-1 2.09687E-1 2.12256E-1 2.07105E-1 2.09934E-1 2.06796E-1 2.03914E-1 2.01824E-1 2.04947E-1 2.08193E-1 2.07093E-1 2.10427E-1 2.15551E-1 2.07576E-1 2.0057E-1 1.99308E-1 1.90956E-1 1.85333E-1 1.82531E-1 1.91227E-1 1.97282E-1 1.77447E-1 1.79896E-1 1.82581E-1 1.80022E-1 1.72509E-1 1.62724E-1 1.58766E-1 1.54004E-1 1.47729E-1 1.57849E-1 1.75131E-1 1.97039E-1 2.06211E-1 2.06776E-1 1.8982E-1 1.82753E-1 1.89928E-1 2.16442E-1 2.29815E-1 2.50108E-1 2.329E-1 2.23984E-1
1.98298E-1 2.04015E-1 1.95217E-1 1.93596E-1 1.96967E-1 2.0152E-1 2.21915E-1 2.26148E-1 2.18993E-1 2.01908E-1 1.94306E-1 1.95647E-1 2.0422E-1 2.07878E-1 2.05991E-1 2.05244E-1 2.07624E-1 2.0446E-1 2.11432E-1 2.22148E-1 2.15837E-1 2.14744E-1 2.15193E-1 2.16602E-1 2.17515E-1 2.31377E-1 2.38248E-1 2.20176E-1 2.17849E-1 2.12564E-1 2.15378E-1 2.03189E-1 1.98335E-1 1.89579E-1 1.74855E-1 1.71733E-1 1.73618E-1 1.69243E-1 1.64649E-1 1.77272E-1 1.63955E-1 1.82475E-1 1.81593E-1 1.67859E-1 1.5693E-1 1.5439E-1 1.65027E-1 1.59611E-1 1.66104E-1 1.85369E-1 1.99808E-1 2.01553E-1 1.82847E-1 1.7524E-1 1.81875E-1 2.04982E-1 2.08934E-1 2.17191E-1 2.19867E-1 2.1857E-1 2.24123E-1
1.94897E-1 1.98918E-1 1.86295E-1 1.83859E-1 1.85047E-1 1.8811E-1 1.98823E-1 2.14509E-1 2.12767E-1 1.9278E-1 1.86656E-1 1.90082E-1 1.99866E-1 2.07575E-1 2.05508E-1 2.08763E-1 2.13468E-1 2.12496E-1 2.15648E-1 2.16203E-1 2.11596E-1 2.11206E-1 2.19179E-1 2.23095E-1 2.17715E-1 2.17028E-1 2.14839E-1 2.09513E-1 2.04615E-1 1.97481E-1 2.0039E-1 1.98951E-1 1.88941E-1 1.81334E-1 1.7602E-1 1.69472E-1 1.77421E-1 1.81642E-1 1.88645E-1 1.90794E-1 2.00818E-1 1.90122E-1 1.87992E-1 1.74863E-1 1.6737E-1 1.59951E-1 1.49066E-1 1.45848E-1 1.54665E-1 1.76732E-1 1.87918E-1 1.75202E-1 1.69369E-1 1.61973E-1 1.97008E-1 2.09504E-1 2.12088E-1 2.15401E-1 2.15225E-1 2.24496E-1 2.32263E-1
1.99817E-1 1.91141E-1 1.79815E-1 1.81157E-1 1.84975E-1 1.86926E-1 1.90571E-1 2.13319E-1 2.05248E-1 1.92963E-1 1.91852E-1 1.94742E-1 2.04469E-1 2.11787E-1 2.13921E-1 2.17186E-1 2.15637E-1 2.118E-1 2.11941E-1 2.06259E-1 2.0622E-1 2.08644E-1 2.21555E-1 2.35989E-1 2.37565E-1 2.16655E-1 2.00983E-1 1.89572E-1 1.80244E-1 1.77846E-1 1.81892E-1 1.8775E-1 1.72255E-1 1.72066E-1 1.76956E-1 1.82951E-1 1.89237E-1 2.00408E-1 2.07163E-1 2.15237E-1 2.23649E-1 2.16548E-1 2.0024E-1 1.89029E-1 1.60305E-1 1.50089E-1 1.2841E-1 1.40499E-1 1.53371E-1 1.66555E-1 1.75886E-1 1.86281E-1 1.92766E-1 1.90996E-1 2.00552E-1 2.08416E-1 2.18833E-1 2.30836E-1 2.35157E-1 2.46885E-1 2.47526E-1
1.97267E-1 1.90656E-1 1.85156E-1 1.93494E-1 1.96552E-1 1.94663E-1 1.9698E-1 2.20391E-1 2.01401E-1 1.96617E-1 1.98048E-1 2.01677E-1 2.10246E-1 2.12182E-1 2.17897E-1 2.22166E-1 2.2326E-1 2.19524E-1 2.12806E-1 2.11725E-1 2.09668E-1 2.1847E-1 2.23974E-1 2.17226E-1 2.14284E-1 2.09099E-1 1.84736E-1 1.78019E-1 1.71243E-1 1.66896E-1 1.69124E-1 1.87748E-1 1.99589E-1 1.95576E-1 1.96772E-1 2.06704E-1 2.17692E-1 2.26117E-1 2.30819E-1 2.29226E-1 2.16338E-1 2.28426E-1 2.13215E-1 1.72269E-1 1.56482E-1 1.41107E-1 1.32976E-1 1.37508E-1 1.50038E-1 1.73944E-1 1.88944E-1 1.96068E-1 2.00281E-1 2.03612E-1 2.17875E-1 2.27636E-1 2.39818E-1 2.49335E-1 2.50352E-1 2.55965E-1 2.56827E-1
2.01679E-1 1.97147E-1 1.93347E-1 2.04162E-1 2.03756E-1 2.0068E-1 2.00939E-1 2.09454E-1 2.14172E-1 1.95096E-1 1.96364E-1 1.99294E-1 2.11069E-1 2.20271E-1 2.27624E-1 2.46507E-1 2.5021E-1 2.24728E-1 2.15074E-1 2.09672E-1 2.15576E-1 2.1631E-1 2.09194E-1 2.07073E-1 1.97375E-1 1.78429E-1 1.73664E-1 1.74047E-1 1.68918E-1 1.61032E-1 1.73353E-1 2.23807E-1 2.27247E-1 2.13774E-1 2.16607E-1 2.44805E-1 2.53086E-1 2.39974E-1 2.39176E-1 2.27925E-1 2.18664E-1 2.11211E-1 1.89588E-1 1.58849E-1 1.48142E-1 1.37199E-1 1.36609E-1 1.56504E-1 1.82864E-1 1.85945E-1 1.97809E-1 2.08385E-1 2.20712E-1 2.33471E-1 2.47733E-1 2.61718E-1 2.53141E-1 2.57404E-1 2.57394E-1 2.56963E-1 2.53695E-1
2.18685E-1 2.10905E-1 2.10232E-1 2.12268E-1 2.08036E-1 1.99823E-1 1.98962E-1 2.04054E-1 2.21754E-1 2.01034E-1 1.98521E-1 1.95893E-1 2.03255E-1 2.10624E-1 2.35086E-1 2.57772E-1 2.53289E-1 2.16015E-1 2.04505E-1 2.01121E-1 2.08993E-1 2.18305E-1 2.01523E-1 1.97509E-1 1.72762E-1 1.62951E-1 1.64971E-1 1.69921E-1 1.81336E-1 1.79809E-1 2.16734E-1 2.32206E-1 2.31835E-1 2.31987E-1 2.34696E-1 2.4973E-1 2.62557E-1 2.54951E-1 2.47131E-1 2.23231E-1 1.90415E-1 1.82265E-1 1.50083E-1 1.27712E-1 1.31036E-1 1.57317E-1 1.72219E-1 1.86907E-1 1.85891E-1 1.84337E-1 2.00244E-1 2.18948E-1 2.37426E-1 2.53718E-1 2.76421E-1 2.64124E-1 2.7413E-1 2.75065E-1 2.66739E-1 2.71663E-1 2.65956E-1
