maxent_outputs/hummingbirds/hummingbird_239.asc
ncols         426
nrows         180
xllcorner     -130.0
yllcorner     24.0
cellsize      0.16666666666666666
NODATA_value  -9999
[rows 108 to 134 of 180, columns 244 to 304 of 426]
7.89957E-1 7.93815E-1 7.88018E-1 7.88382E-1 7.93896E-1 7.96355E-1 7.89198E-1 7.80435E-1 7.83054E-1 7.70287E-1 7.68905E-1 7.74005E-1 7.77201E-1 7.7425E-1 7.71237E-1 7.73698E-1 7.812E-1 7.95183E-1 7.99548E-1 8.05897E-1 7.9866E-1 7.9155E-1 7.9195E-1 7.90994E-1 7.84094E-1 7.84918E-1 7.81165E-1 7.82641E-1 7.87131E-1 7.75942E-1 7.67475E-1 7.69247E-1 7.64867E-1 7.47862E-1 7.4438E-1 7.43328E-1 7.30013E-1 7.2379E-1 7.24688E-1 7.19678E-1 7.3132E-1 7.46226E-1 7.65031E-1 7.65037E-1 7.82511E-1 8.18649E-1 8.22509E-1 8.25695E-1 8.24302E-1 8.15402E-1 8.1087E-1 8.05054E-1 8.05905E-1 8.13218E-1 8.18173E-1 8.13073E-1 8.08275E-1 8.1061E-1 8.10139E-1 8.16373E-1 8.22794E-1
7.87677E-1 7.92014E-1 7.97709E-1 7.96143E-1 7.9216E-1 7.87701E-1 7.91843E-1 7.82843E-1 7.78055E-1 7.70494E-1 7.71858E-1 7.74245E-1 7.83727E-1 7.88489E-1 7.85615E-1 7.88003E-1 7.97332E-1 8.03509E-1 8.08715E-1 8.07198E-1 7.98466E-1 7.90817E-1 7.95235E-1 7.91139E-1 7.86935E-1 7.87859E-1 7.8662E-1 8.04143E-1 7.92729E-1 7.79297E-1 7.78181E-1 7.66988E-1 7.63403E-1 7.53553E-1 7.46751E-1 7.44076E-1 7.50552E-1 7.30362E-1 7.29134E-1 7.25558E-1 7.28925E-1 7.78222E-1 7.88478E-1 8.15506E-1 8.33167E-1 8.37908E-1 8.4019E-1 8.36247E-1 8.301E-1 8.21441E-1 8.20687E-1 8.11517E-1 8.13062E-1 8.24633E-1 8.34127E-1 8.22979E-1 8.16472E-1 8.16414E-1 8.1216E-1 8.21681E-1 8.2577E-1
7.88918E-1 7.95089E-1 7.99351E-1 7.91854E-1 7.85433E-1 7.83901E-1 7.92063E-1 7.8792E-1 7.85279E-1 7.76395E-1 7.78162E-1 7.81423E-1 7.91476E-1 7.9618E-1 7.9149E-1 7.93832E-1 7.98363E-1 8.05028E-1 8.09865E-1 8.12729E-1 8.02229E-1 8.00085E-1 7.98136E-1 7.8822E-1 7.87094E-1 7.85149E-1 7.90179E-1 7.96497E-1 7.87925E-1 7.8334E-1 7.87604E-1 7.7894E-1 7.69557E-1 7.62587E-1 7.63332E-1 7.73474E-1 7.64987E-1 7.54627E-1 7.33456E-1 7.5635E-1 7.70289E-1 7.95909E-1 8.19385E-1 8.38208E-1 8.47123E-1 8.48944E-1 8.41865E-1 8.28428E-1 8.20952E-1 8.21909E-1 8.31062E-1 8.18383E-1 8.24659E-1 8.29282E-1 8.35156E-1 8.24045E-1 8.22789E-1 8.15749E-1 8.15995E-1 8.19072E-1 8.26149E-1
7.91636E-1 7.9379E-1 7.99841E-1 7.91443E-1 7.82256E-1 7.8476E-1 7.91275E-1 7.99176E-1 7.95811E-1 7.88766E-1 7.87956E-1 7.8981E-1 7.96486E-1 7.91171E-1 7.84838E-1 7.82207E-1 7.86887E-1 7.93417E-1 7.98504E-1 8.06698E-1 8.11813E-1 8.08565E-1 7.98452E-1 7.94729E-1 7.88869E-1 7.89553E-1 7.97007E-1 7.97231E-1 7.94594E-1 7.88116E-1 7.81656E-1 7.73207E-1 7.69709E-1 7.65447E-1 7.72338E-1 7.73936E-1 7.69506E-1 8.0152E-1 8.07133E-1 8.21975E-1 8.12197E-1 8.23879E-1 8.46481E-1 8.50785E-1 8.4543E-1 8.39766E-1 8.29551E-1 8.25911E-1 8.18658E-1 8.17756E-1 8.27043E-1 8.24916E-1 8.23588E-1 8.23498E-1 8.26436E-1 8.32318E-1 8.22826E-1 8.15476E-1 8.18233E-1 8.21753E-1 8.24116E-1
7.96427E-1 7.92328E-1 7.97453E-1 7.84585E-1 7.76771E-1 7.87194E-1 7.95658E-1 7.93041E-1 7.91498E-1 7.91287E-1 7.92142E-1 7.9575E-1 7.95654E-1 7.92962E-1 7.86837E-1 7.79593E-1 7.84224E-1 7.88441E-1 7.96223E-1 8.03632E-1 8.07333E-1 8.10002E-1 8.02107E-1 7.9652E-1 7.92632E-1 7.99483E-1 7.99544E-1 7.99765E-1 7.99714E-1 7.84112E-1 7.68058E-1 7.7088E-1 7.73015E-1 7.82594E-1 7.96068E-1 7.98315E-1 8.14829E-1 8.34206E-1 8.64938E-1 8.62498E-1 8.55702E-1 8.52086E-1 8.58745E-1 8.47354E-1 8.40135E-1 8.36074E-1 8.29206E-1 8.25892E-1 8.19539E-1 8.2358E-1 8.28125E-1 8.30736E-1 8.20894E-1 8.19834E-1 8.19481E-1 8.19404E-1 8.15092E-1 8.13757E-1 8.13816E-1 8.19104E-1 8.21495E-1
7.98113E-1 7.95696E-1 7.99128E-1 7.87367E-1 7.82668E-1 7.86127E-1 7.99125E-1 7.90928E-1 7.91389E-1 7.89551E-1 7.93176E-1 7.94105E-1 7.9349E-1 7.95176E-1 7.9062E-1 7.83371E-1 7.8258E-1 7.87276E-1 7.94089E-1 8.0036E-1 8.0438E-1 8.10083E-1 8.04418E-1 8.04145E-1 8.05639E-1 8.02453E-1 8.02237E-1 8.03886E-1 8.0129E-1 7.78024E-1 7.70899E-1 7.69221E-1 7.75888E-1 8.00743E-1 8.22427E-1 8.36032E-1 8.65181E-1 8.80207E-1 8.90855E-1 8.90457E-1 8.82315E-1 8.74022E-1 8.55395E-1 8.4433E-1 8.39484E-1 8.3341E-1 8.29844E-1 8.23231E-1 8.23226E-1 8.29781E-1 8.28391E-1 8.25685E-1 8.20692E-1 8.17148E-1 8.09385E-1 8.05858E-1 8.04655E-1 8.02042E-1 8.0187E-1 8.10954E-1 8.1893E-1
8.10361E-1 7.99942E-1 7.99359E-1 7.9367E-1 7.91717E-1 7.89729E-1 7.99236E-1 8.01184E-1 7.98147E-1 7.93873E-1 7.97469E-1 7.9834E-1 7.9833E-1 7.94744E-1 7.93893E-1 7.88368E-1 7.90746E-1 7.90268E-1 7.94337E-1 7.9903E-1 8.08314E-1 8.08864E-1 8.02407E-1 8.01138E-1 8.00207E-1 8.03831E-1 8.09458E-1 8.14722E-1 7.9663E-1 7.83257E-1 7.8E-1 7.83862E-1 7.91633E-1 8.23217E-1 8.45208E-1 8.69115E-1 8.89369E-1 8.90338E-1 8.91608E-1 8.83729E-1 8.75295E-1 8.69656E-1 8.5407E-1 8.44456E-1 8.42124E-1 8.34176E-1 8.27957E-1 8.2615E-1 8.26926E-1 8.29446E-1 8.31442E-1 8.2717E-1 8.22685E-1 8.21012E-1 8.11741E-1 8.03029E-1 8.03003E-1 7.97414E-1 7.99434E-1 8.06495E-1 8.13389E-1
8.12027E-1 8.0337E-1 8.02039E-1 8.00635E-1 8.01841E-1 7.96571E-1 7.98137E-1 7.99058E-1 8.01884E-1 8.04395E-1 8.005E-1 8.02691E-1 8.0954E-1 8.06666E-1 7.98979E-1 8.00996E-1 8.00767E-1 7.94897E-1 7.96283E-1 8.01353E-1 8.0759E-1 7.97333E-1 7.94023E-1 7.98048E-1 8.01416E-1 8.07537E-1 8.17313E-1 8.18381E-1 8.13881E-1 8.12787E-1 7.98149E-1 8.01516E-1 8.18206E-1 8.45687E-1 8.68206E-1 8.90531E-1 8.93388E-1 8.8485E-1 8.86249E-1 8.72918E-1 8.66938E-1 8.58424E-1 8.49749E-1 8.407E-1 8.37023E-1 8.31684E-1 8.2681E-1 8.28582E-1 8.31441E-1 8.30534E-1 8.31267E-1 8.32466E-1 8.2986E-1 8.28659E-1 8.20248E-1 8.1267E-1 8.09674E-1 8.05963E-1 8.07109E-1 8.06952E-1 8.14462E-1
8.12393E-1 8.06493E-1 8.03667E-1 8.01738E-1 8.05659E-1 8.07985E-1 8.08094E-1 8.03153E-1 8.02059E-1 7.99005E-1 8.0148E-1 8.05018E-1 8.06855E-1 8.0619E-1 8.08969E-1 7.97868E-1 7.96108E-1 7.94074E-1 7.95759E-1 8.07117E-1 7.93204E-1 7.88939E-1 7.88808E-1 7.92614E-1 7.99092E-1 8.05431E-1 8.04934E-1 8.12319E-1 8.25115E-1 8.22309E-1 8.2081E-1 8.40018E-1 8.56278E-1 8.64458E-1 8.7385E-1 8.85111E-1 8.82373E-1 8.83986E-1 8.73344E-1 8.66605E-1 8.56476E-1 8.53286E-1 8.47036E-1 8.41815E-1 8.36247E-1 8.33145E-1 8.27859E-1 8.28133E-1 8.30216E-1 8.30906E-1 8.2983E-1 8.32312E-1 8.3901E-1 8.31806E-1 8.27317E-1 8.23384E-1 8.22161E-1 8.20455E-1 8.16865E-1 8.20533E-1 8.18363E-1
8.05763E-1 8.0713E-1 8.04157E-1 8.06026E-1 8.11343E-1 8.15224E-1 8.12463E-1 8.06935E-1 7.99877E-1 7.95524E-1 7.9882E-1 8.06918E-1 8.07565E-1 8.0611E-1 8.01223E-1 7.97915E-1 7.87363E-1 7.8367E-1 7.95473E-1 7.79959E-1 7.77825E-1 7.84299E-1 7.8583E-1 7.92797E-1 7.99959E-1 8.00187E-1 7.9501E-1 7.97629E-1 8.16783E-1 8.28733E-1 8.36574E-1 8.49065E-1 8.58204E-1 8.67819E-1 8.71253E-1 8.65697E-1 8.60622E-1 8.64357E-1 8.73633E-1 8.65947E-1 8.53005E-1 8.45493E-1 8.43542E-1 8.42017E-1 8.42029E-1 8.36151E-1 8.30709E-1 8.29705E-1 8.29611E-1 8.32531E-1 8.35063E-1 8.37047E-1 8.37075E-1 8.33116E-1 8.31729E-1 8.28944E-1 8.28273E-1 8.28484E-1 8.24672E-1 8.26547E-1 8.23396E-1
7.96834E-1 8.01339E-1 8.05986E-1 8.06792E-1 8.16475E-1 8.19926E-1 8.17605E-1 8.0733E-1 7.98899E-1 7.97912E-1 8.03452E-1 8.07439E-1 8.07849E-1 8.06595E-1 8.01122E-1 7.98317E-1 7.88603E-1 7.77326E-1 7.69842E-1 7.64268E-1 7.73041E-1 7.87991E-1 8.02869E-1 7.98475E-1 8.04328E-1 8.00294E-1 7.94227E-1 8.02862E-1 8.22928E-1 8.30746E-1 8.35494E-1 8.53214E-1 8.66934E-1 8.65396E-1 8.56281E-1 8.53341E-1 8.44752E-1 8.40937E-1 8.46946E-1 8.58213E-1 8.51037E-1 8.46952E-1 8.44324E-1 8.48066E-1 8.50336E-1 8.43735E-1 8.32904E-1 8.32429E-1 8.36255E-1 8.37876E-1 8.35643E-1 8.32062E-1 8.32199E-1 8.33617E-1 8.32885E-1 8.33013E-1 8.30722E-1 8.26021E-1 8.21667E-1 8.2598E-1 8.25637E-1
7.94542E-1 8.00262E-1 8.04062E-1 8.04177E-1 8.12217E-1 8.17129E-1 8.17867E-1 8.10027E-1 8.02081E-1 8.01489E-1 8.04901E-1 8.06425E-1 8.11196E-1 8.16717E-1 8.07679E-1 8.0415E-1 7.91684E-1 7.73292E-1 7.60674E-1 7.68531E-1 7.78389E-1 7.90152E-1 7.9658E-1 7.93166E-1 7.93374E-1 7.96476E-1 8.00926E-1 8.10491E-1 8.29689E-1 8.39019E-1 8.48777E-1 8.53014E-1 8.59039E-1 8.48559E-1 8.44292E-1 8.44574E-1 8.42392E-1 8.36689E-1 8.39199E-1 8.4644E-1 8.50197E-1 8.51563E-1 8.45887E-1 8.42245E-1 8.38154E-1 8.40694E-1 8.40172E-1 8.46232E-1 8.45663E-1 8.39203E-1 8.3609E-1 8.33545E-1 8.34305E-1 8.33499E-1 8.31646E-1 8.23557E-1 8.17807E-1 8.09617E-1 8.17121E-1 8.26388E-1 8.26239E-1
7.97011E-1 8.0088E-1 8.05363E-1 8.0587E-1 8.1036E-1 8.15336E-1 8.18193E-1 8.13056E-1 8.05046E-1 8.05003E-1 8.07773E-1 8.12565E-1 8.10524E-1 8.09496E-1 8.07415E-1 8.04574E-1 7.97495E-1 7.81017E-1 7.72582E-1 7.79339E-1 7.83203E-1 7.87333E-1 7.95182E-1 7.88422E-1 7.88749E-1 7.94142E-1 8.02832E-1 8.11715E-1 8.23091E-1 8.44168E-1 8.54625E-1 8.60382E-1 8.56704E-1 8.39798E-1 8.38267E-1 8.43967E-1 8.31122E-1 8.30308E-1 8.33934E-1 8.41885E-1 8.54894E-1 8.53948E-1 8.38072E-1 8.30078E-1 8.27532E-1 8.33995E-1 8.38275E-1 8.35027E-1 8.34915E-1 8.37863E-1 8.36457E-1 8.33563E-1 8.36031E-1 8.28793E-1 8.24437E-1 8.19524E-1 8.17567E-1 8.1507E-1 8.19576E-1 8.29202E-1 8.27107E-1
8.02625E-1 8.03008E-1 8.07943E-1 8.13823E-1 8.15915E-1 8.23776E-1 8.24034E-1 8.16591E-1 8.0767E-1 8.09959E-1 8.12699E-1 8.14245E-1 8.13386E-1 8.04507E-1 8.02152E-1 8.04115E-1 7.97788E-1 7.91545E-1 7.87628E-1 7.87234E-1 7.8272E-1 7.91707E-1 7.92375E-1 7.917E-1 7.94865E-1 7.9844E-1 8.03572E-1 8.07407E-1 8.23057E-1 8.42981E-1 8.52118E-1 8.52941E-1 8.48031E-1 8.39935E-1 8.3199E-1 8.27139E-1 8.22232E-1 8.21731E-1 8.32812E-1 8.46346E-1 8.45603E-1 8.42234E-1 8.44679E-1 8.24277E-1 8.22055E-1 8.28634E-1 8.31097E-1 8.31588E-1 8.34563E-1 8.3527E-1 8.38548E-1 8.3573E-1 8.31448E-1 8.22858E-1 8.19219E-1 8.174E-1 8.21722E-1 8.24123E-1 8.29009E-1 8.30778E-1 8.34895E-1
8.03214E-1 8.08633E-1 8.18089E-1 8.29064E-1 8.33375E-1 8.42938E-1 8.35129E-1 8.19554E-1 8.12714E-1 8.15326E-1 8.22833E-1 8.23147E-1 8.20105E-1 8.04694E-1 8.06861E-1 8.22738E-1 8.04933E-1 8.0279E-1 8.0751E-1 7.97619E-1 7.88018E-1 7.90253E-1 7.95425E-1 7.99724E-1 8.01672E-1 8.04768E-1 8.05153E-1 8.08235E-1 8.17333E-1 8.34068E-1 8.37389E-1 8.37934E-1 8.41128E-1 8.33591E-1 8.26522E-1 8.21336E-1 8.18478E-1 8.13498E-1 8.24973E-1 8.39186E-1 8.42577E-1 8.37636E-1 8.28862E-1 8.27644E-1 8.22584E-1 8.28866E-1 8.28165E-1 8.30764E-1 8.35342E-1 8.35538E-1 8.37003E-1 8.27927E-1 8.23397E-1 8.28355E-1 8.21953E-1 8.14603E-1 8.1882E-1 8.24696E-1 8.33099E-1 8.39418E-1 8.34703E-1
8.13142E-1 8.17267E-1 8.29288E-1 8.40141E-1 8.37486E-1 8.45135E-1 8.28003E-1 8.16322E-1 8.17251E-1 8.25087E-1 8.37533E-1 8.30481E-1 8.12728E-1 8.02767E-1 8.09232E-1 8.19957E-1 8.09352E-1 8.09053E-1 8.14586E-1 8.10816E-1 8.01246E-1 7.96138E-1 8.03696E-1 8.003E-1 8.03599E-1 8.05786E-1 8.07886E-1 8.08306E-1 8.12867E-1 8.21609E-1 8.23328E-1 8.2469E-1 8.27511E-1 8.26456E-1 8.18909E-1 8.19752E-1 8.21782E-1 8.14155E-1 8.16344E-1 8.29827E-1 8.34947E-1 8.31208E-1 8.28407E-1 8.30912E-1 8.28353E-1 8.24917E-1 8.23986E-1 8.24899E-1 8.30145E-1 8.32627E-1 8.29549E-1 8.19625E-1 8.10329E-1 8.12731E-1 8.33862E-1 8.27998E-1 8.22232E-1 8.28518E-1 8.39143E-1 8.36548E-1 8.37494E-1
8.19444E-1 8.2623E-1 8.37119E-1 8.3286E-1 8.26542E-1 8.24379E-1 8.17432E-1 8.16116E-1 8.24697E-1 8.39506E-1 8.55958E-1 8.35426E-1 8.06052E-1 8.04114E-1 7.97491E-1 8.00591E-1 8.01906E-1 8.09978E-1 8.13924E-1 8.07193E-1 8.04385E-1 8.0603E-1 8.10664E-1 7.99973E-1 8.01084E-1 8.0794E-1 8.07237E-1 8.0448E-1 8.09487E-1 8.12574E-1 8.14459E-1 8.12496E-1 8.15803E-1 8.20088E-1 8.21969E-1 8.26279E-1 8.28478E-1 8.18917E-1 8.16842E-1 8.23112E-1 8.34898E-1 8.30977E-1 8.27533E-1 8.22578E-1 8.22503E-1 8.23623E-1 8.25425E-1 8.24985E-1 8.25831E-1 8.27069E-1 8.19686E-1 8.08747E-1 8.08078E-1 8.10363E-1 8.1167E-1 8.37613E-1 8.2283E-1 8.3351E-1 8.46435E-1 8.40912E-1 8.4367E-1
8.29274E-1 8.29134E-1 8.33778E-1 8.29741E-1 8.24524E-1 8.20451E-1 8.19197E-1 8.24792E-1 8.30059E-1 8.43886E-1 8.52565E-1 8.37311E-1 8.22741E-1 8.1339E-1 7.98549E-1 7.89245E-1 8.01433E-1 8.07784E-1 8.0526E-1 8.0131E-1 8.01981E-1 8.0459E-1 8.05126E-1 8.01866E-1 8.11023E-1 8.2153E-1 8.08381E-1 8.04021E-1 8.07323E-1 8.06472E-1 8.013E-1 8.00849E-1 8.1106E-1 8.26467E-1 8.23119E-1 8.30299E-1 8.4119E-1 8.25464E-1 8.17129E-1 8.19045E-1 8.29851E-1 8.36242E-1 8.30187E-1 8.25028E-1 8.21421E-1 8.22028E-1 8.24205E-1 8.22979E-1 8.2176E-1 8.18899E-1 8.13866E-1 8.10926E-1 8.12795E-1 8.14081E-1 8.18304E-1 8.20223E-1 8.24794E-1 8.35531E-1 8.46656E-1 8.49857E-1 8.46444E-1
8.42392E-1 8.37396E-1 8.34881E-1 8.24923E-1 8.24814E-1 8.25625E-1 8.31038E-1 8.32823E-1 8.37664E-1 8.49479E-1 8.45504E-1 8.40756E-1 8.35179E-1 8.21585E-1 8.03172E-1 8.0046E-1 8.07441E-1 8.10882E-1 8.04247E-1 7.9684E-1 8.06779E-1 8.02018E-1 8.03836E-1 8.07677E-1 8.18786E-1 8.1352E-1 8.04799E-1 8.04698E-1 8.07769E-1 8.04671E-1 7.95999E-1 7.97625E-1 8.06264E-1 8.25051E-1 8.27117E-1 8.24954E-1 8.27315E-1 8.22348E-1 8.16137E-1 8.1657E-1 8.24544E-1 8.35774E-1 8.33004E-1 8.28374E-1 8.22675E-1 8.25075E-1 8.2427E-1 8.24112E-1 8.17266E-1 8.12897E-1 8.15598E-1 8.14577E-1 8.17747E-1 8.22537E-1 8.242E-1 8.23281E-1 8.33085E-1 8.42447E-1 8.54826E-1 -9999 -9999
8.41942E-1 8.40658E-1 8.33582E-1 8.24026E-1 8.21523E-1 8.30426E-1 8.39751E-1 8.46752E-1 8.50544E-1 8.4907E-1 8.44393E-1 8.3275E-1 8.27883E-1 8.18569E-1 8.1092E-1 8.08726E-1 8.09542E-1 8.10078E-1 8.03786E-1 8.03841E-1 8.22069E-1 8.06665E-1 8.04485E-1 8.07592E-1 8.11679E-1 8.08801E-1 7.98764E-1 7.99933E-1 8.04658E-1 8.04445E-1 8.00158E-1 7.98365E-1 8.05729E-1 8.21598E-1 8.26227E-1 8.17656E-1 8.14234E-1 8.14666E-1 8.16452E-1 8.17515E-1 8.18554E-1 8.20815E-1 8.27033E-1 8.31499E-1 8.27013E-1 8.26554E-1 8.2503E-1 8.24177E-1 8.1891E-1 8.12118E-1 8.13635E-1 8.18694E-1 8.22494E-1 8.258E-1 8.27207E-1 8.27753E-1 8.45184E-1 8.50007E-1 -9999 -9999 -9999
8.43702E-1 8.41325E-1 8.35841E-1 8.33623E-1 8.32902E-1 8.40785E-1 8.45565E-1 8.51757E-1 8.51058E-1 8.47611E-1 8.41069E-1 8.24459E-1 8.18269E-1 8.14681E-1 8.14232E-1 8.10983E-1 8.08853E-1 8.09143E-1 8.13889E-1 8.01598E-1 8.0674E-1 8.04205E-1 8.05665E-1 8.11428E-1 8.03326E-1 7.9985E-1 7.9493E-1 7.93789E-1 7.98824E-1 8.00973E-1 8.00134E-1 8.00291E-1 8.0396E-1 8.16201E-1 8.24228E-1 8.15778E-1 8.12732E-1 8.15774E-1 8.20445E-1 8.16545E-1 8.15995E-1 8.14333E-1 8.23916E-1 8.36285E-1 8.31991E-1 8.30973E-1 8.22128E-1 8.19331E-1 8.19482E-1 8.12115E-1 8.15857E-1 8.24639E-1 8.35007E-1 8.38578E-1 8.41662E-1 8.36896E-1 8.4751E-1 -9999 -9999 -9999 -9999
8.52702E-1 8.43766E-1 8.43614E-1 8.47657E-1 8.43942E-1 8.45986E-1 8.50954E-1 8.46275E-1 8.43293E-1 8.28626E-1 8.15626E-1 8.15217E-1 8.10225E-1 8.14465E-1 8.15982E-1 8.17793E-1 8.15458E-1 8.18864E-1 8.22169E-1 8.1242E-1 8.08838E-1 8.12598E-1 8.1069E-1 8.0575E-1 7.96475E-1 7.91117E-1 7.93673E-1 7.91024E-1 7.90654E-1 7.89825E-1 7.90228E-1 7.95286E-1 7.96984E-1 8.09693E-1 8.16519E-1 8.22985E-1 8.2564E-1 8.27735E-1 8.26092E-1 8.19895E-1 8.18205E-1 8.20142E-1 8.31498E-1 8.42501E-1 8.37216E-1 8.36545E-1 8.27986E-1 8.22303E-1 8.18982E-1 8.17461E-1 8.23081E-1 8.34216E-1 8.36647E-1 8.46247E-1 8.47792E-1 -9999 -9999 -9999 -9999 -9999 -9999
8.55674E-1 8.44453E-1 8.38453E-1 8.39122E-1 8.40743E-1 8.47672E-1 8.45369E-1 8.41764E-1 8.31789E-1 8.14101E-1 8.04731E-1 8.04601E-1 8.08923E-1 8.10413E-1 8.07744E-1 8.0951E-1 8.08599E-1 8.07946E-1 8.07549E-1 8.10123E-1 8.14457E-1 8.17197E-1 8.12339E-1 8.04824E-1 7.95241E-1 7.89493E-1 7.90447E-1 7.82557E-1 7.79874E-1 7.80682E-1 7.86129E-1 7.90477E-1 7.94566E-1 8.04296E-1 8.17245E-1 8.30065E-1 8.37245E-1 8.32452E-1 8.23659E-1 8.19351E-1 8.1843E-1 8.27179E-1 8.38355E-1 8.41235E-1 8.39674E-1 8.35468E-1 8.2898E-1 8.20373E-1 8.15215E-1 8.20041E-1 8.27105E-1 8.37363E-1 8.42256E-1 8.4817E-1 -9999 -9999 -9999 -9999 -9999 -9999 -9999
8.57904E-1 8.42701E-1 8.35095E-1 8.24683E-1 8.36712E-1 8.48192E-1 8.45315E-1 8.3514E-1 8.18471E-1 8.0305E-1 8.0015E-1 8.07846E-1 8.13392E-1 8.03162E-1 8.02235E-1 8.01285E-1 8.00778E-1 8.04072E-1 8.07664E-1 8.18243E-1 8.22884E-1 8.25795E-1 8.11921E-1 8.04783E-1 8.00109E-1 7.9941E-1 7.8815E-1 7.7879E-1 7.82681E-1 7.82606E-1 7.85288E-1 7.91975E-1 7.94371E-1 7.96898E-1 8.12355E-1 8.22509E-1 8.29779E-1 8.28462E-1 8.23338E-1 8.17652E-1 8.20313E-1 8.27894E-1 8.36223E-1 8.39108E-1 8.40032E-1 8.37869E-1 8.30188E-1 8.2394E-1 8.217E-1 8.30726E-1 8.35943E-1 8.40123E-1 -9999 -9999 -9999 -9999 -9999 -9999 -9999 -9999 -9999
8.63013E-1 8.50443E-1 8.39344E-1 8.31302E-1 8.36213E-1 8.42702E-1 8.38954E-1 8.34904E-1 8.16159E-1 8.01491E-1 8.0082E-1 8.07643E-1 8.01542E-1 8.03439E-1 8.00358E-1 7.9856E-1 7.95666E-1 8.03206E-1 8.1018E-1 8.22559E-1 8.279E-1 8.28304E-1 8.15007E-1 8.0418E-1 8.01662E-1 8.06661E-1 7.92547E-1 7.89764E-1 7.93737E-1 7.98109E-1 7.97294E-1 7.98374E-1 7.98008E-1 8.0039E-1 8.08791E-1 8.12993E-1 8.20243E-1 8.216E-1 8.2177E-1 8.22171E-1 8.24865E-1 8.28477E-1 8.35368E-1 8.41269E-1 8.42942E-1 8.37612E-1 8.37366E-1 8.33235E-1 8.34648E-1 8.4188E-1 8.4814E-1 -9999 -9999 -9999 -9999 -9999 -9999 -9999 -9999 -9999 -9999
8.71576E-1 8.65617E-1 8.50573E-1 8.4329E-1 8.44292E-1 8.42236E-1 8.43172E-1 8.38078E-1 8.22532E-1 8.13431E-1 8.13753E-1 8.11679E-1 8.0825E-1 8.04597E-1 8.05799E-1 8.07128E-1 8.0904E-1 8.14635E-1 8.25047E-1 8.35308E-1 8.3973E-1 8.31828E-1 8.20387E-1 8.10001E-1 8.10774E-1 8.17912E-1 8.02669E-1 8.08383E-1 8.1157E-1 8.14411E-1 8.10442E-1 8.07899E-1 8.07527E-1 8.05807E-1 8.15845E-1 8.24655E-1 8.29657E-1 8.2358E-1 8.23E-1 8.20454E-1 8.18499E-1 8.25412E-1 8.27963E-1 8.32652E-1 8.43544E-1 8.37588E-1 8.37147E-1 8.41919E-1 8.50579E-1 8.49259E-1 -9999 -9999 -9999 -9999 -9999 -9999 -9999 -9999 -9999 -9999 -9999
8.78339E-1 8.69698E-1 8.56684E-1 8.48828E-1 8.48721E-1 8.47816E-1 8.46764E-1 8.46788E-1 8.39964E-1 8.31059E-1 8.29183E-1 8.22919E-1 8.16405E-1 8.09806E-1 8.0948E-1 8.20076E-1 8.24912E-1 8.29714E-1 8.42854E-1 8.54392E-1 8.53718E-1 8.40879E-1 8.31432E-1 8.25712E-1 8.21257E-1 8.21735E-1 8.17544E-1 8.18111E-1 8.17236E-1 8.17416E-1 8.21366E-1 8.21465E-1 8.16171E-1 8.21991E-1 8.34348E-1 8.39816E-1 8.38268E-1 8.25912E-1 8.18172E-1 8.17261E-1 8.19368E-1 8.25762E-1 8.32623E-1 8.30641E-1 8.33159E-1 8.39928E-1 8.41043E-1 8.47421E-1 8.60101E-1 8.58727E-1 -9999 -9999 -9999 -9999 -9999 -9999 -9999 -9999 -9999 -9999 -9999
