maxent_outputs/hummingbirds/hummingbird_205.asc
ncols         426
nrows         180
xllcorner     -130.0
yllcorner     24.0
cellsize      0.16666666666666666
NODATA_value  -9999
[rows 27 to 53 of 180, columns 244 to 304 of 426]
3.44954E-1 3.39319E-1 3.57213E-1 3.9429E-1 4.24597E-1 4.48342E-1 4.30777E-1 3.82815E-1 3.73677E-1 3.69744E-1 3.62537E-1 3.73179E-1 3.76595E-1 3.72669E-1 4.25682E-1 3.93599E-1 3.94752E-1 3.95271E-1 3.99713E-1 3.93769E-1 3.77751E-1 3.79995E-1 3.93053E-1 3.81189E-1 3.78208E-1 4.00556E-1 3.85852E-1 3.8424E-1 3.83592E-1 3.76225E-1 3.79279E-1 3.7994E-1 3.87837E-1 3.89706E-1 3.94203E-1 3.91498E-1 3.86898E-1 3.87895E-1 3.79711E-1 3.76119E-1 3.68768E-1 3.68023E-1 3.84921E-1 3.87941E-1 3.724E-1 3.69067E-1 3.70398E-1 3.81141E-1 3.87035E-1 3.87889E-1 3.83667E-1 3.85546E-1 3.87976E-1 3.80393E-1 3.80256E-1 3.68935E-1 3.52864E-1 3.43541E-1 3.41748E-1 3.35732E-1 3.30202E-1
3.49905E-1 3.54287E-1 3.59392E-1 3.47834E-1 3.52764E-1 3.72879E-1 3.73999E-1 3.75879E-1 3.7937E-1 3.69841E-1 3.57174E-1 3.86499E-1 3.74193E-1 3.95497E-1 3.82417E-1 3.82811E-1 3.99833E-1 4.18424E-1 4.05222E-1 3.97764E-1 3.92818E-1 3.75549E-1 3.82106E-1 3.94433E-1 3.95201E-1 3.99346E-1 3.87401E-1 3.85123E-1 3.84667E-1 3.78888E-1 3.80326E-1 3.86514E-1 3.85187E-1 3.90178E-1 3.89868E-1 3.9244E-1 3.89483E-1 3.85339E-1 3.71608E-1 3.6982E-1 3.71196E-1 3.71274E-1 3.77478E-1 3.84416E-1 3.83756E-1 3.84877E-1 3.83813E-1 3.86929E-1 3.96847E-1 3.97723E-1 3.86139E-1 3.86305E-1 3.84864E-1 3.72741E-1 3.78227E-1 3.73737E-1 3.58674E-1 3.5123E-1 3.54636E-1 3.3963E-1 3.42184E-1
3.5024E-1 3.53307E-1 3.60976E-1 3.5683E-1 3.57399E-1 3.6741E-1 3.91559E-1 3.89891E-1 3.78121E-1 3.86072E-1 4.01701E-1 4.11955E-1 4.0144E-1 4.09104E-1 3.85665E-1 3.96445E-1 4.40143E-1 4.50064E-1 4.34548E-1 4.11176E-1 3.83038E-1 3.8431E-1 3.86906E-1 4.08197E-1 4.1886E-1 4.06426E-1 3.91112E-1 3.96554E-1 3.93182E-1 3.94867E-1 3.99378E-1 3.92355E-1 3.88987E-1 3.94226E-1 3.90709E-1 3.98544E-1 3.96487E-1 4.01806E-1 3.90925E-1 3.84472E-1 3.92747E-1 3.80994E-1 3.79169E-1 3.84318E-1 3.84276E-1 3.9063E-1 3.91841E-1 3.88751E-1 3.9343E-1 3.96717E-1 3.83259E-1 3.826E-1 3.77472E-1 3.77966E-1 3.77558E-1 3.76057E-1 3.69204E-1 3.68934E-1 3.71179E-1 3.48602E-1 3.45242E-1
3.47272E-1 3.49952E-1 3.64622E-1 3.65789E-1 3.66574E-1 3.75727E-1 4.20124E-1 4.66416E-1 4.69006E-1 4.99611E-1 4.87783E-1 4.58438E-1 4.50764E-1 4.55156E-1 4.74601E-1 4.46102E-1 4.51533E-1 4.66293E-1 4.53139E-1 4.36113E-1 4.04319E-1 4.11413E-1 4.05852E-1 4.01624E-1 4.00718E-1 3.90123E-1 4.06599E-1 4.0485E-1 3.95628E-1 4.29011E-1 4.0342E-1 3.99572E-1 4.00053E-1 3.95903E-1 4.01134E-1 4.10817E-1 3.99375E-1 3.88399E-1 3.91457E-1 3.91481E-1 3.89071E-1 3.92399E-1 3.81696E-1 3.79881E-1 3.80452E-1 3.87187E-1 3.89686E-1 3.85105E-1 3.85459E-1 3.87537E-1 3.80954E-1 3.80464E-1 3.68702E-1 3.77276E-1 3.80649E-1 4.14878E-1 4.12328E-1 3.8416E-1 3.77636E-1 3.53757E-1 3.48012E-1
3.57628E-1 3.53819E-1 3.73011E-1 3.7717E-1 3.90489E-1 4.40027E-1 4.09975E-1 4.61841E-1 5.15131E-1 5.67685E-1 6.19786E-1 6.43977E-1 6.09464E-1 5.76137E-1 6.05201E-1 6.10234E-1 5.86997E-1 5.77615E-1 4.7361E-1 4.25247E-1 4.09001E-1 4.16787E-1 4.30458E-1 4.00685E-1 3.95865E-1 4.09597E-1 4.13955E-1 4.17186E-1 3.98934E-1 4.10823E-1 4.09629E-1 4.11561E-1 4.12533E-1 3.99283E-1 4.06958E-1 4.06815E-1 4.08081E-1 3.98439E-1 3.8828E-1 3.95117E-1 3.83832E-1 3.877E-1 3.86762E-1 3.84845E-1 3.84499E-1 3.81133E-1 3.80046E-1 3.80119E-1 3.8218E-1 3.85521E-1 3.86253E-1 3.73269E-1 3.7724E-1 3.91826E-1 4.00858E-1 4.30821E-1 4.36572E-1 4.02503E-1 4.19927E-1 3.69289E-1 3.5567E-1
3.78387E-1 4.04381E-1 4.45393E-1 4.46633E-1 4.75098E-1 4.95102E-1 6.01986E-1 6.75225E-1 7.2262E-1 7.33666E-1 7.47194E-1 7.55278E-1 7.5281E-1 7.55004E-1 7.50505E-1 7.55569E-1 7.48997E-1 7.26397E-1 5.52812E-1 4.41223E-1 4.25419E-1 4.09973E-1 4.05861E-1 4.0569E-1 4.12568E-1 4.31188E-1 4.14024E-1 4.11447E-1 4.28451E-1 4.1191E-1 4.25024E-1 4.07137E-1 4.1647E-1 4.13563E-1 4.07546E-1 4.08435E-1 4.07676E-1 3.99821E-1 4.00539E-1 3.95181E-1 3.937E-1 3.85305E-1 3.86805E-1 3.88771E-1 3.95336E-1 3.91063E-1 3.96232E-1 3.84553E-1 3.82345E-1 3.87259E-1 4.03551E-1 3.90608E-1 3.83384E-1 3.90573E-1 3.95781E-1 3.96548E-1 4.15821E-1 4.19628E-1 4.19434E-1 4.00538E-1 3.82134E-1
4.04462E-1 5.45802E-1 5.60623E-1 5.10716E-1 5.86673E-1 6.70577E-1 7.16299E-1 7.29023E-1 7.44783E-1 7.50871E-1 7.59516E-1 7.70574E-1 7.74644E-1 7.70312E-1 7.7561E-1 7.74915E-1 7.62262E-1 7.34798E-1 6.62333E-1 4.85178E-1 4.50438E-1 4.39255E-1 4.27154E-1 4.3126E-1 4.3126E-1 4.3059E-1 4.24485E-1 4.27866E-1 4.22711E-1 4.31698E-1 4.48594E-1 4.43516E-1 4.37272E-1 4.56202E-1 4.41776E-1 4.28789E-1 4.22774E-1 4.04889E-1 4.10849E-1 4.05156E-1 3.9622E-1 3.88447E-1 3.95965E-1 3.93949E-1 4.01976E-1 4.06409E-1 4.03277E-1 4.04713E-1 4.0136E-1 4.09617E-1 4.14692E-1 4.0632E-1 4.09047E-1 4.15519E-1 4.1022E-1 4.10409E-1 4.26478E-1 4.14716E-1 4.11382E-1 4.07529E-1 4.10575E-1
4.95168E-1 5.70937E-1 6.38349E-1 6.74694E-1 6.96788E-1 7.00653E-1 7.29831E-1 7.42767E-1 7.55783E-1 7.64974E-1 7.76459E-1 7.80567E-1 7.84296E-1 7.8387E-1 7.82554E-1 7.82795E-1 7.71847E-1 7.56322E-1 7.26167E-1 5.56353E-1 4.69067E-1 4.58609E-1 4.5218E-1 4.38649E-1 4.40285E-1 4.43427E-1 4.41384E-1 4.45183E-1 4.471E-1 4.45907E-1 4.66707E-1 4.69829E-1 4.52802E-1 4.42097E-1 4.31717E-1 4.31239E-1 4.36972E-1 4.13145E-1 4.03295E-1 4.03862E-1 4.11849E-1 4.02291E-1 4.03722E-1 4.00788E-1 4.04458E-1 4.1085E-1 4.0865E-1 4.17479E-1 4.17199E-1 4.16218E-1 4.13564E-1 4.13454E-1 4.305E-1 4.3341E-1 4.46185E-1 4.49317E-1 4.44076E-1 4.30622E-1 4.30993E-1 4.2795E-1 4.11263E-1
6.39715E-1 6.73352E-1 6.23908E-1 6.01208E-1 6.08432E-1 6.88764E-1 7.30667E-1 7.57085E-1 7.65708E-1 7.79235E-1 7.91123E-1 7.95438E-1 7.93354E-1 7.91825E-1 7.92142E-1 7.88367E-1 7.81551E-1 7.70799E-1 7.50647E-1 6.88484E-1 5.66593E-1 4.92694E-1 4.79364E-1 4.83611E-1 4.76292E-1 4.78848E-1 4.8414E-1 4.67568E-1 4.77574E-1 4.89633E-1 4.7534E-1 4.76631E-1 4.73366E-1 4.5336E-1 4.49802E-1 4.55862E-1 4.50966E-1 4.36837E-1 4.14039E-1 4.2298E-1 4.23307E-1 4.23924E-1 4.35176E-1 4.16393E-1 4.14764E-1 4.05638E-1 4.14062E-1 4.23522E-1 4.20454E-1 4.25435E-1 4.2833E-1 4.36676E-1 4.49774E-1 4.39033E-1 4.46754E-1 4.57639E-1 4.52034E-1 4.43561E-1 4.41049E-1 4.26891E-1 4.18453E-1
6.48135E-1 5.71888E-1 6.17267E-1 6.74306E-1 7.13538E-1 7.34025E-1 7.49705E-1 7.64457E-1 7.77916E-1 7.94417E-1 7.99284E-1 7.99902E-1 7.98737E-1 7.99285E-1 7.90619E-1 7.88195E-1 7.88572E-1 7.78579E-1 7.63788E-1 7.43224E-1 7.33245E-1 6.75966E-1 6.49411E-1 6.5128E-1 6.75967E-1 7.00518E-1 6.41923E-1 5.3488E-1 5.18966E-1 5.05094E-1 4.99274E-1 4.75794E-1 4.93689E-1 4.7713E-1 4.72532E-1 4.62564E-1 4.6023E-1 4.30869E-1 4.29388E-1 4.31909E-1 4.27977E-1 4.27659E-1 4.19809E-1 4.14921E-1 4.21853E-1 4.16891E-1 4.34504E-1 4.4132E-1 4.39692E-1 4.43187E-1 4.45099E-1 4.49099E-1 4.4505E-1 4.35365E-1 4.49177E-1 4.4472E-1 4.29632E-1 4.39105E-1 4.32271E-1 4.30062E-1 4.26744E-1
6.82387E-1 6.80227E-1 7.16613E-1 7.26061E-1 7.39079E-1 7.52116E-1 7.61215E-1 7.71082E-1 7.8909E-1 7.93169E-1 7.94539E-1 7.91643E-1 7.98529E-1 8.01E-1 7.92948E-1 7.90072E-1 7.87151E-1 7.81366E-1 7.74937E-1 7.66786E-1 6.90365E-1 6.36455E-1 6.88177E-1 7.56695E-1 7.59899E-1 7.62968E-1 6.18125E-1 5.58317E-1 5.3637E-1 5.3287E-1 5.34422E-1 5.10635E-1 4.92413E-1 4.76011E-1 4.85557E-1 4.52473E-1 4.41367E-1 4.25206E-1 4.32641E-1 4.40605E-1 4.36633E-1 4.20626E-1 4.40511E-1 4.48354E-1 4.35141E-1 4.24909E-1 4.37953E-1 4.48698E-1 4.37777E-1 4.50062E-1 4.50291E-1 4.43088E-1 4.44871E-1 4.47248E-1 4.49447E-1 4.44559E-1 4.25834E-1 4.14232E-1 4.20896E-1 4.16866E-1 4.24934E-1
6.94312E-1 7.10503E-1 7.22453E-1 7.38486E-1 7.56722E-1 7.51244E-1 7.5889E-1 7.41119E-1 7.35728E-1 7.55434E-1 7.69408E-1 7.80877E-1 7.88748E-1 7.96689E-1 7.94431E-1 7.88971E-1 7.87896E-1 7.85265E-1 7.81604E-1 7.74653E-1 7.71272E-1 7.62568E-1 7.715E-1 7.74856E-1 7.76224E-1 7.64821E-1 6.33822E-1 5.96382E-1 5.61416E-1 5.52168E-1 5.34379E-1 5.26588E-1 4.9441E-1 4.96182E-1 4.93633E-1 4.65451E-1 4.54675E-1 4.41991E-1 4.3772E-1 4.36472E-1 4.38675E-1 4.30331E-1 4.39772E-1 4.33508E-1 4.37428E-1 4.37585E-1 4.33672E-1 4.41679E-1 4.43187E-1 4.42128E-1 4.54501E-1 4.62264E-1 4.56735E-1 4.59752E-1 4.59643E-1 4.51728E-1 4.41161E-1 4.24389E-1 4.31272E-1 4.22318E-1 4.49354E-1
6.96366E-1 7.09269E-1 7.14165E-1 7.30859E-1 7.28656E-1 6.805E-1 6.27386E-1 6.17984E-1 6.3303E-1 6.51278E-1 7.04369E-1 7.42192E-1 7.70275E-1 7.88246E-1 7.88616E-1 7.87086E-1 7.86767E-1 7.85411E-1 7.80682E-1 7.76486E-1 7.83246E-1 7.68539E-1 7.92215E-1 7.92249E-1 7.91975E-1 7.84022E-1 7.50608E-1 6.85796E-1 6.04679E-1 5.55002E-1 5.39705E-1 5.30643E-1 5.08856E-1 5.10375E-1 5.06603E-1 4.98425E-1 4.75395E-1 4.72844E-1 4.65729E-1 4.72301E-1 4.65541E-1 4.47972E-1 4.38139E-1 4.41163E-1 4.33274E-1 4.34608E-1 4.36049E-1 4.34323E-1 4.2778E-1 4.35589E-1 4.50344E-1 4.77127E-1 4.77522E-1 4.7806E-1 4.71648E-1 4.67164E-1 4.6143E-1 4.49003E-1 4.7158E-1 4.28482E-1 4.39361E-1
6.92743E-1 6.97612E-1 6.90981E-1 6.74994E-1 6.04804E-1 5.67877E-1 5.78875E-1 6.39426E-1 6.93189E-1 7.09575E-1 7.10929E-1 7.14403E-1 7.36023E-1 7.63036E-1 7.71317E-1 7.79419E-1 7.80938E-1 7.80966E-1 7.77485E-1 7.74714E-1 7.82629E-1 7.86462E-1 7.95404E-1 7.98736E-1 8.01579E-1 7.93751E-1 7.88624E-1 7.38317E-1 6.29727E-1 5.62728E-1 5.47345E-1 5.15221E-1 5.13414E-1 5.1986E-1 5.25715E-1 5.16064E-1 4.99601E-1 4.81731E-1 4.70721E-1 4.70087E-1 4.77874E-1 4.67967E-1 4.75907E-1 4.59057E-1 4.45611E-1 4.36984E-1 4.52316E-1 4.3798E-1 4.46502E-1 4.67345E-1 4.61107E-1 4.74488E-1 4.81931E-1 4.76273E-1 4.88958E-1 4.79466E-1 4.79409E-1 4.68847E-1 4.73698E-1 4.6738E-1 4.61574E-1
6.60563E-1 6.46911E-1 6.15648E-1 5.78817E-1 5.59197E-1 5.71507E-1 6.60716E-1 7.01125E-1 7.04783E-1 7.02969E-1 7.03187E-1 7.10024E-1 7.23307E-1 7.39294E-1 7.56151E-1 7.67827E-1 7.7036E-1 7.69576E-1 7.65676E-1 7.65321E-1 7.76315E-1 7.82903E-1 7.9206E-1 7.99372E-1 8.00352E-1 7.96758E-1 7.84026E-1 6.90743E-1 5.95879E-1 5.69164E-1 5.53569E-1 5.35574E-1 5.40224E-1 5.48132E-1 5.377E-1 5.15061E-1 5.03702E-1 4.85566E-1 4.67658E-1 4.61133E-1 4.79805E-1 4.74156E-1 4.58833E-1 4.63415E-1 4.5834E-1 4.47472E-1 4.64617E-1 4.66231E-1 4.71401E-1 4.7385E-1 4.57883E-1 4.65031E-1 4.75575E-1 4.77619E-1 4.91402E-1 5.08095E-1 4.86584E-1 4.84122E-1 4.85533E-1 5.04503E-1 5.06029E-1
5.45722E-1 5.24823E-1 5.17186E-1 5.16427E-1 5.19322E-1 5.77428E-1 6.08225E-1 5.95677E-1 6.08343E-1 6.44384E-1 6.83165E-1 7.0772E-1 7.10086E-1 7.22605E-1 7.37207E-1 7.52459E-1 7.53202E-1 7.52321E-1 7.51601E-1 7.46554E-1 7.49291E-1 7.63489E-1 7.67773E-1 7.70334E-1 7.76972E-1 7.74686E-1 7.74063E-1 7.23212E-1 6.56876E-1 6.06008E-1 5.80477E-1 5.68129E-1 5.58358E-1 5.58942E-1 5.50749E-1 5.19847E-1 5.18299E-1 5.11224E-1 4.92488E-1 4.71833E-1 4.80971E-1 4.86716E-1 4.69619E-1 4.73459E-1 4.86097E-1 4.75381E-1 4.76226E-1 4.66034E-1 4.71697E-1 4.72693E-1 4.71806E-1 4.80691E-1 4.90947E-1 4.91671E-1 5.12964E-1 5.27227E-1 5.06233E-1 4.91057E-1 4.93071E-1 4.98987E-1 5.23237E-1
4.73999E-1 4.57999E-1 4.65375E-1 4.74944E-1 4.89591E-1 5.0878E-1 5.13725E-1 5.15415E-1 5.20817E-1 5.48279E-1 5.83791E-1 6.82049E-1 6.97365E-1 7.01587E-1 7.15099E-1 7.2977E-1 7.27317E-1 7.27216E-1 7.13335E-1 6.92315E-1 6.62229E-1 6.63902E-1 6.94814E-1 6.62118E-1 6.42129E-1 6.27565E-1 7.11797E-1 7.42586E-1 6.95746E-1 6.15595E-1 5.76836E-1 5.71072E-1 5.78556E-1 5.55423E-1 5.40016E-1 5.20673E-1 5.1037E-1 5.07762E-1 4.95945E-1 5.00209E-1 4.94725E-1 4.91597E-1 5.04179E-1 5.00032E-1 4.98025E-1 4.93829E-1 4.91949E-1 4.79126E-1 4.81923E-1 4.75289E-1 4.79117E-1 5.66515E-1 5.2046E-1 5.1478E-1 5.04135E-1 5.05504E-1 5.14893E-1 5.04182E-1 4.9135E-1 4.88523E-1 4.99177E-1
4.37127E-1 4.36749E-1 4.27464E-1 4.4246E-1 4.39201E-1 4.48002E-1 4.56285E-1 4.62142E-1 4.71304E-1 4.97866E-1 5.26876E-1 5.73074E-1 6.63367E-1 6.53152E-1 6.75789E-1 6.92453E-1 6.93342E-1 6.59103E-1 5.9084E-1 5.54951E-1 5.52497E-1 5.40536E-1 5.26801E-1 5.29517E-1 5.43238E-1 5.67357E-1 6.9287E-1 7.2011E-1 6.73699E-1 5.60474E-1 5.52233E-1 5.72755E-1 5.74585E-1 5.51477E-1 5.36491E-1 5.30531E-1 5.18726E-1 5.18494E-1 5.07399E-1 5.13E-1 5.02017E-1 5.14707E-1 5.13696E-1 5.18263E-1 5.12578E-1 5.09618E-1 5.07121E-1 5.07348E-1 4.90299E-1 4.67864E-1 4.55598E-1 4.90831E-1 5.20579E-1 5.23372E-1 5.23341E-1 5.16595E-1 5.08236E-1 5.04529E-1 5.0268E-1 5.00947E-1 4.93043E-1
4.30244E-1 4.237E-1 4.1926E-1 4.1432E-1 4.13323E-1 4.15279E-1 4.35787E-1 4.36915E-1 4.37076E-1 4.58696E-1 4.74428E-1 4.8086E-1 5.05048E-1 5.19397E-1 5.41586E-1 5.78327E-1 5.90698E-1 5.68682E-1 5.43675E-1 5.08779E-1 4.9731E-1 5.17065E-1 4.99776E-1 5.03611E-1 5.28862E-1 5.40834E-1 5.7082E-1 5.70574E-1 5.54826E-1 5.15337E-1 5.27615E-1 5.53366E-1 5.5742E-1 5.38855E-1 5.1917E-1 5.13651E-1 5.07944E-1 5.12684E-1 5.21763E-1 5.0785E-1 5.18902E-1 5.31682E-1 5.17499E-1 5.19362E-1 5.14791E-1 5.12074E-1 5.07571E-1 5.20744E-1 5.18834E-1 4.96546E-1 4.81955E-1 5.1423E-1 5.36147E-1 5.3317E-1 5.33319E-1 5.35709E-1 5.27618E-1 5.12587E-1 4.94734E-1 4.89342E-1 4.78797E-1
4.10347E-1 4.06211E-1 4.17079E-1 4.06692E-1 3.97487E-1 4.02214E-1 4.18795E-1 4.2626E-1 4.37897E-1 4.54116E-1 4.63078E-1 4.55491E-1 4.75236E-1 4.82885E-1 4.79239E-1 5.04718E-1 5.44787E-1 5.49094E-1 5.17145E-1 5.04244E-1 5.24699E-1 5.38467E-1 5.19188E-1 5.06799E-1 5.30142E-1 5.31855E-1 5.1835E-1 5.19704E-1 4.92177E-1 4.95912E-1 5.1934E-1 5.50002E-1 5.5152E-1 5.93537E-1 5.94093E-1 5.72526E-1 5.42012E-1 5.22606E-1 5.25036E-1 5.39954E-1 5.26929E-1 5.37353E-1 5.29432E-1 5.24339E-1 5.29084E-1 5.24974E-1 5.3037E-1 5.56495E-1 5.66919E-1 5.38911E-1 5.30697E-1 5.39371E-1 5.51963E-1 5.56955E-1 5.56245E-1 5.63399E-1 5.65486E-1 5.63502E-1 5.53431E-1 4.8971E-1 4.51248E-1
3.82334E-1 3.91333E-1 3.98958E-1 3.99072E-1 3.87449E-1 3.98774E-1 4.03361E-1 4.14056E-1 4.31515E-1 4.3714E-1 4.45474E-1 4.45385E-1 4.59319E-1 4.74002E-1 4.82454E-1 5.04199E-1 5.23473E-1 5.31735E-1 5.27518E-1 5.27043E-1 5.37339E-1 5.45677E-1 5.4769E-1 5.721E-1 5.65594E-1 5.52241E-1 5.40047E-1 5.35983E-1 5.37626E-1 5.13162E-1 5.07107E-1 5.23066E-1 5.51501E-1 5.61878E-1 5.7637E-1 6.30179E-1 6.36791E-1 6.30727E-1 6.27438E-1 6.35465E-1 6.33562E-1 6.26576E-1 6.05728E-1 5.89665E-1 5.69672E-1 5.68524E-1 5.76301E-1 5.72959E-1 5.67704E-1 5.60965E-1 5.58241E-1 5.57065E-1 5.7311E-1 5.76454E-1 5.74165E-1 5.63343E-1 5.47493E-1 5.35503E-1 5.13187E-1 4.69852E-1 4.52034E-1
3.71823E-1 3.83174E-1 3.95618E-1 4.03642E-1 4.03382E-1 4.03503E-1 4.00508E-1 4.04002E-1 4.21208E-1 4.29764E-1 4.35847E-1 4.39614E-1 4.496E-1 4.70174E-1 4.7727E-1 5.03492E-1 5.22735E-1 5.21876E-1 5.83413E-1 6.12943E-1 6.08767E-1 6.23168E-1 6.34874E-1 6.23165E-1 6.18434E-1 6.14747E-1 5.72086E-1 5.53446E-1 5.80443E-1 6.07518E-1 6.19587E-1 6.2728E-1 6.19755E-1 6.03078E-1 5.84377E-1 5.71351E-1 5.74318E-1 5.83523E-1 5.67832E-1 5.94044E-1 5.80626E-1 5.77781E-1 5.84557E-1 6.10427E-1 5.72776E-1 6.42144E-1 6.787E-1 7.02237E-1 6.8107E-1 6.57955E-1 6.47153E-1 5.89171E-1 5.93372E-1 6.01983E-1 5.97268E-1 5.8692E-1 5.7324E-1 5.53432E-1 5.37053E-1 5.12247E-1 5.12026E-1
3.65186E-1 3.75611E-1 3.9702E-1 3.96991E-1 3.98163E-1 3.99108E-1 3.99712E-1 4.00813E-1 4.07556E-1 4.21297E-1 4.22833E-1 4.38758E-1 4.52357E-1 4.99467E-1 5.2496E-1 5.47258E-1 5.45143E-1 6.1058E-1 6.55198E-1 6.76861E-1 6.75262E-1 6.48771E-1 5.82768E-1 5.84649E-1 6.28804E-1 6.03145E-1 5.55896E-1 5.37088E-1 5.35668E-1 5.54558E-1 6.37117E-1 6.57287E-1 6.66704E-1 6.73153E-1 6.82825E-1 6.80514E-1 6.81909E-1 6.74224E-1 6.73036E-1 6.74765E-1 6.59956E-1 6.04439E-1 5.95691E-1 5.94015E-1 6.23285E-1 6.29204E-1 7.03543E-1 7.70073E-1 7.73467E-1 7.74405E-1 7.83091E-1 7.60178E-1 6.24803E-1 6.19362E-1 6.31445E-1 6.2046E-1 5.99632E-1 5.83062E-1 5.6737E-1 5.50476E-1 5.4886E-1
3.74858E-1 3.77587E-1 3.86109E-1 4.0026E-1 3.98236E-1 4.00301E-1 3.99151E-1 4.00504E-1 4.12231E-1 4.26658E-1 4.31663E-1 4.55106E-1 5.14565E-1 5.91586E-1 5.91686E-1 5.79435E-1 6.02666E-1 6.56774E-1 6.65981E-1 6.6791E-1 6.65737E-1 6.55638E-1 6.05154E-1 6.37462E-1 6.41588E-1 5.7897E-1 5.29151E-1 5.17444E-1 5.13403E-1 5.10509E-1 5.33638E-1 5.95154E-1 6.45972E-1 6.71866E-1 6.77281E-1 6.86034E-1 6.94861E-1 7.02923E-1 7.07246E-1 7.1896E-1 7.29218E-1 7.37415E-1 7.22307E-1 6.79103E-1 6.74649E-1 6.97587E-1 7.77913E-1 7.83147E-1 7.91168E-1 7.98527E-1 8.01913E-1 8.04512E-1 7.51508E-1 6.56424E-1 6.46776E-1 6.45026E-1 6.21659E-1 6.17405E-1 5.99584E-1 5.80377E-1 5.8592E-1
3.81081E-1 3.82244E-1 3.88553E-1 3.94584E-1 4.01991E-1 4.02746E-1 3.9924E-1 4.05458E-1 4.16998E-1 4.35983E-1 4.4082E-1 4.79717E-1 5.67482E-1 5.89398E-1 5.58423E-1 5.92995E-1 6.38414E-1 6.58549E-1 6.64557E-1 6.64588E-1 6.51265E-1 6.48779E-1 6.60438E-1 6.5709E-1 6.40472E-1 5.82445E-1 5.31154E-1 5.17663E-1 5.21628E-1 5.11626E-1 5.16106E-1 5.23637E-1 5.37293E-1 5.8095E-1 6.34156E-1 6.74197E-1 6.87987E-1 7.0065E-1 7.14097E-1 7.21282E-1 7.32478E-1 7.43716E-1 7.54544E-1 7.65716E-1 7.71019E-1 7.57748E-1 7.89764E-1 7.95339E-1 8.05712E-1 8.10853E-1 8.14643E-1 8.11245E-1 8.02363E-1 7.31412E-1 6.40552E-1 6.44575E-1 6.34399E-1 6.34187E-1 6.2777E-1 6.16158E-1 6.15046E-1
3.71799E-1 3.68171E-1 3.88385E-1 3.92439E-1 3.9938E-1 4.05838E-1 4.0949E-1 4.13083E-1 4.28683E-1 4.52958E-1 4.77279E-1 5.48526E-1 5.75412E-1 5.35754E-1 5.78667E-1 6.20455E-1 6.42921E-1 6.5488E-1 6.59741E-1 6.55421E-1 6.60096E-1 6.60436E-1 6.31853E-1 6.2429E-1 5.59987E-1 5.37174E-1 5.19022E-1 5.25325E-1 5.02134E-1 5.05581E-1 5.0101E-1 5.11421E-1 5.13609E-1 5.16168E-1 5.4432E-1 5.85938E-1 6.74114E-1 6.93657E-1 7.10476E-1 7.20201E-1 7.31288E-1 7.4777E-1 7.59106E-1 7.71891E-1 7.86458E-1 7.61786E-1 7.36067E-1 7.48155E-1 7.81211E-1 8.08714E-1 8.11405E-1 8.10723E-1 8.06472E-1 7.91461E-1 7.07057E-1 6.57143E-1 6.33262E-1 6.59116E-1 6.61603E-1 6.45745E-1 6.28948E-1
3.75494E-1 3.74049E-1 3.95069E-1 4.03414E-1 4.18361E-1 4.09405E-1 4.10515E-1 4.1829E-1 4.37157E-1 4.74113E-1 5.35838E-1 5.93641E-1 5.20627E-1 5.51098E-1 6.20957E-1 6.32738E-1 6.41883E-1 6.54582E-1 6.64937E-1 6.28942E-1 6.45609E-1 6.33662E-1 5.8304E-1 6.02301E-1 5.38132E-1 5.12413E-1 5.02908E-1 4.99103E-1 4.95585E-1 5.03048E-1 5.0389E-1 5.07978E-1 5.0556E-1 5.21847E-1 5.38922E-1 5.64209E-1 6.30296E-1 6.93984E-1 7.05454E-1 7.18364E-1 7.28692E-1 7.48087E-1 7.6001E-1 7.73533E-1 7.84014E-1 7.84788E-1 7.58122E-1 7.06976E-1 7.47055E-1 8.02566E-1 8.12786E-1 8.16995E-1 8.14327E-1 8.05087E-1 7.99352E-1 7.3059E-1 6.6643E-1 6.67847E-1 6.83549E-1 6.5511E-1 6.26777E-1
