maxent_outputs/hummingbirds/hummingbird_236.asc
ncols         426
nrows         180
xllcorner     -130.0
yllcorner     24.0
cellsize      0.16666666666666666
NODATA_value  -9999
[rows 54 to 80 of 180, columns 122 to 182 of 426]
3.96008E-1 3.86091E-1 3.97097E-1 3.71561E-1 3.78058E-1 3.49698E-1 3.36838E-1 3.43032E-1 3.66574E-1 3.82813E-1 3.79586E-1 3.98154E-1 4.18165E-1 4.10225E-1 3.81503E-1 3.69772E-1 3.59872E-1 3.69731E-1 3.78763E-1 3.75126E-1 3.68467E-1 3.68097E-1 3.61855E-1 3.60395E-1 3.61651E-1 3.67292E-1 3.63594E-1 3.58955E-1 3.61736E-1 3.65355E-1 3.77137E-1 3.85144E-1 3.89506E-1 3.88789E-1 3.94224E-1 4.03713E-1 4.23448E-1 4.29239E-1 4.0895E-1 3.75639E-1 3.56762E-1 3.40882E-1 3.37009E-1 3.41088E-1 3.41654E-1 3.40001E-1 3.36971E-1 3.37658E-1 3.38446E-1 3.43263E-1 3.48515E-1 3.51165E-1 3.52125E-1 3.56096E-1 3.53727E-1 3.67737E-1 3.37142E-1 3.3428E-1 3.2713E-1 3.23889E-1 3.20257E-1
4.12419E-1 4.03551E-1 4.00431E-1 4.00856E-1 3.79069E-1 3.60149E-1 3.43646E-1 3.43092E-1 3.59337E-1 3.69946E-1 3.80842E-1 3.76928E-1 3.88882E-1 4.05648E-1 4.17011E-1 3.76905E-1 3.65461E-1 3.65723E-1 3.72252E-1 3.70892E-1 3.67926E-1 3.64947E-1 3.64395E-1 3.60023E-1 3.56733E-1 3.63366E-1 3.61509E-1 3.56689E-1 3.61769E-1 3.71864E-1 3.73065E-1 3.87229E-1 3.97621E-1 3.95707E-1 4.0192E-1 4.1983E-1 4.43789E-1 4.72541E-1 4.25634E-1 3.89637E-1 3.66761E-1 3.62169E-1 3.56506E-1 3.50881E-1 3.46783E-1 3.46955E-1 3.49986E-1 3.50939E-1 3.45832E-1 3.50936E-1 3.54417E-1 3.6107E-1 3.70944E-1 3.86049E-1 3.97393E-1 3.52192E-1 3.4552E-1 3.39747E-1 3.32155E-1 3.26339E-1 3.25858E-1
4.14851E-1 4.08891E-1 3.93809E-1 3.94369E-1 3.75297E-1 3.66926E-1 3.46563E-1 3.3571E-1 3.29585E-1 3.40902E-1 3.53528E-1 3.78549E-1 3.81679E-1 3.71957E-1 3.99799E-1 4.00703E-1 4.06771E-1 3.71402E-1 3.62786E-1 3.66893E-1 3.71426E-1 3.70326E-1 3.65199E-1 3.63797E-1 3.64174E-1 3.66716E-1 3.58103E-1 3.5338E-1 3.49752E-1 3.53469E-1 3.67566E-1 3.87662E-1 3.86995E-1 3.95036E-1 4.02609E-1 4.09785E-1 4.37989E-1 4.58537E-1 4.3518E-1 4.06064E-1 3.85806E-1 3.6862E-1 3.68157E-1 3.69886E-1 3.6911E-1 3.68192E-1 3.65882E-1 3.68798E-1 3.63296E-1 3.61169E-1 3.60998E-1 3.59625E-1 3.60843E-1 3.65097E-1 4.01534E-1 3.62907E-1 3.47466E-1 3.4479E-1 3.38134E-1 3.34574E-1 3.31649E-1
4.07753E-1 3.95348E-1 3.95832E-1 3.89246E-1 3.76968E-1 3.62425E-1 3.53933E-1 3.40669E-1 3.31155E-1 3.24911E-1 3.31965E-1 3.68441E-1 3.82176E-1 3.69869E-1 3.65394E-1 3.84331E-1 4.04686E-1 3.71447E-1 3.68792E-1 3.6797E-1 3.66547E-1 3.68919E-1 3.63364E-1 3.60147E-1 3.6669E-1 3.60011E-1 3.6247E-1 3.48834E-1 3.42974E-1 3.48724E-1 3.58193E-1 3.55117E-1 3.60351E-1 3.93845E-1 4.03022E-1 4.11775E-1 4.17346E-1 4.11951E-1 4.16881E-1 4.13793E-1 4.01717E-1 3.82321E-1 3.79169E-1 3.80607E-1 3.78615E-1 3.81213E-1 3.71572E-1 3.63882E-1 3.61197E-1 3.59518E-1 3.58292E-1 3.56649E-1 3.56501E-1 3.61846E-1 3.77774E-1 3.78397E-1 3.56927E-1 3.49558E-1 3.42823E-1 3.37743E-1 3.3375E-1
4.1289E-1 4.01623E-1 3.91078E-1 3.40621E-1 3.41353E-1 3.50071E-1 3.52668E-1 3.48073E-1 3.42506E-1 3.31516E-1 3.26412E-1 3.39165E-1 3.68146E-1 3.72654E-1 3.6492E-1 3.69321E-1 3.88185E-1 3.77526E-1 3.65553E-1 3.63525E-1 3.66998E-1 3.6336E-1 3.57451E-1 3.55422E-1 3.58125E-1 3.57732E-1 3.578E-1 3.50057E-1 3.48135E-1 3.40438E-1 3.41087E-1 3.40975E-1 3.53495E-1 3.56734E-1 3.6246E-1 3.75152E-1 3.90095E-1 4.00164E-1 3.97111E-1 4.01366E-1 4.00795E-1 3.93408E-1 3.85901E-1 3.79128E-1 3.83548E-1 3.7083E-1 3.65015E-1 3.62537E-1 3.60671E-1 3.60587E-1 3.59021E-1 3.65399E-1 3.68199E-1 3.69699E-1 3.68805E-1 3.65255E-1 3.63995E-1 3.64716E-1 3.61874E-1 3.52554E-1 3.48117E-1
3.95397E-1 3.93852E-1 3.66384E-1 3.33602E-1 3.35535E-1 3.45823E-1 3.48948E-1 3.41714E-1 3.27514E-1 3.28611E-1 3.2556E-1 3.35299E-1 3.44749E-1 3.56607E-1 3.68363E-1 3.64374E-1 3.80194E-1 3.70244E-1 3.6019E-1 3.58345E-1 3.63072E-1 3.66372E-1 3.58464E-1 3.54105E-1 3.55185E-1 3.58186E-1 3.57596E-1 3.52163E-1 3.46903E-1 3.46212E-1 3.44332E-1 3.5278E-1 3.50579E-1 3.44261E-1 3.44613E-1 3.69052E-1 3.86037E-1 3.95647E-1 3.9308E-1 3.94642E-1 3.96357E-1 3.91016E-1 3.85257E-1 3.84351E-1 3.73383E-1 3.68871E-1 3.70528E-1 3.68064E-1 3.65044E-1 3.64558E-1 3.66824E-1 3.70419E-1 3.73602E-1 3.71819E-1 3.67136E-1 3.59248E-1 3.60829E-1 3.57789E-1 3.63217E-1 3.63706E-1 3.71795E-1
3.84568E-1 3.75725E-1 3.84588E-1 3.64694E-1 3.37532E-1 3.35938E-1 3.46733E-1 3.46628E-1 3.46166E-1 3.3004E-1 3.25286E-1 3.37231E-1 3.54194E-1 3.40023E-1 3.55239E-1 3.50951E-1 3.79022E-1 3.72125E-1 3.63992E-1 3.58248E-1 3.63081E-1 3.69799E-1 3.6753E-1 3.58107E-1 3.55591E-1 3.58371E-1 3.5325E-1 3.55731E-1 3.48672E-1 3.4996E-1 3.51157E-1 3.55288E-1 3.71325E-1 3.66943E-1 3.34692E-1 3.47578E-1 3.78896E-1 3.99303E-1 3.89276E-1 3.86539E-1 3.85681E-1 3.81252E-1 3.82264E-1 3.8346E-1 3.85144E-1 3.71233E-1 3.68737E-1 3.69466E-1 3.70911E-1 3.71937E-1 3.71768E-1 3.7084E-1 3.70707E-1 3.704E-1 3.72102E-1 3.698E-1 3.70974E-1 3.65207E-1 3.5898E-1 3.57316E-1 3.50545E-1
3.81666E-1 3.75417E-1 3.74396E-1 3.81495E-1 3.3681E-1 3.35098E-1 3.39292E-1 3.411E-1 3.32029E-1 3.29988E-1 3.37342E-1 3.41122E-1 3.53893E-1 3.46948E-1 3.50089E-1 3.55151E-1 3.74879E-1 3.69866E-1 3.60458E-1 3.6167E-1 3.70718E-1 3.68862E-1 3.60919E-1 3.61603E-1 3.56345E-1 3.57473E-1 3.62709E-1 3.56904E-1 3.50757E-1 3.49325E-1 3.50906E-1 3.5038E-1 3.55708E-1 3.66183E-1 3.49649E-1 3.58621E-1 3.6893E-1 3.89262E-1 3.86032E-1 3.78081E-1 3.78482E-1 3.78183E-1 3.81045E-1 3.78735E-1 3.79219E-1 3.79625E-1 3.86555E-1 3.8046E-1 3.75533E-1 3.74564E-1 3.74081E-1 3.68349E-1 3.70531E-1 3.76447E-1 3.81214E-1 3.76942E-1 3.71368E-1 3.70488E-1 3.69743E-1 3.73449E-1 3.71763E-1
3.47529E-1 3.38209E-1 3.61239E-1 3.48956E-1 3.38363E-1 3.40266E-1 3.39291E-1 3.43756E-1 3.45058E-1 3.51366E-1 3.53018E-1 3.51044E-1 3.51624E-1 3.55212E-1 3.49891E-1 3.57932E-1 3.6536E-1 3.64492E-1 3.6408E-1 3.71059E-1 3.67954E-1 3.69561E-1 3.61304E-1 3.54974E-1 3.60313E-1 3.59259E-1 3.6486E-1 3.66144E-1 3.54635E-1 3.50958E-1 3.52566E-1 3.58964E-1 3.54803E-1 3.61378E-1 3.60323E-1 3.6016E-1 3.71604E-1 3.90196E-1 3.81901E-1 3.80225E-1 3.7759E-1 3.79992E-1 3.77357E-1 3.74113E-1 3.81853E-1 3.83155E-1 3.88764E-1 3.87442E-1 3.83128E-1 3.77289E-1 3.77412E-1 3.74802E-1 3.75548E-1 3.84561E-1 3.84152E-1 3.80208E-1 3.81002E-1 3.80108E-1 3.77572E-1 3.79048E-1 3.78244E-1
3.87031E-1 3.66275E-1 3.79308E-1 3.76607E-1 3.6421E-1 3.38902E-1 3.31811E-1 3.32919E-1 3.40487E-1 3.49078E-1 3.47825E-1 3.29527E-1 3.33623E-1 3.3747E-1 3.47438E-1 3.63248E-1 3.6424E-1 3.64402E-1 3.55829E-1 3.61172E-1 3.57963E-1 3.58552E-1 3.58748E-1 3.62369E-1 3.70669E-1 3.67194E-1 3.68574E-1 3.63133E-1 3.63915E-1 3.65261E-1 3.64738E-1 3.58483E-1 3.54898E-1 3.56686E-1 3.61036E-1 3.67643E-1 3.76841E-1 3.87761E-1 3.78586E-1 3.75291E-1 3.72649E-1 3.63583E-1 3.64433E-1 3.74591E-1 3.75661E-1 3.73254E-1 3.76295E-1 3.74808E-1 3.70804E-1 3.71692E-1 3.72591E-1 3.74602E-1 3.79484E-1 3.85461E-1 3.75419E-1 3.82453E-1 3.82399E-1 3.83013E-1 3.83425E-1 3.78186E-1 3.79384E-1
3.91674E-1 3.81784E-1 3.51366E-1 3.59054E-1 3.45905E-1 3.32459E-1 3.271E-1 3.17075E-1 3.16933E-1 3.20715E-1 3.25209E-1 3.29554E-1 3.28158E-1 3.34238E-1 3.44233E-1 3.58149E-1 3.61546E-1 3.6184E-1 3.55992E-1 3.57656E-1 3.60691E-1 3.59471E-1 3.61752E-1 3.69825E-1 3.77836E-1 3.76248E-1 3.67274E-1 3.6491E-1 3.68951E-1 3.6936E-1 3.66668E-1 3.59312E-1 3.60588E-1 3.6324E-1 3.61607E-1 3.65295E-1 3.68648E-1 3.71446E-1 3.68813E-1 3.73207E-1 3.68687E-1 3.66871E-1 3.74932E-1 3.72226E-1 3.60206E-1 3.60756E-1 3.61499E-1 3.70139E-1 3.62531E-1 3.56588E-1 3.64041E-1 3.73258E-1 3.81509E-1 3.69751E-1 3.67762E-1 3.67647E-1 3.74622E-1 3.73005E-1 3.75498E-1 3.7695E-1 3.78121E-1
3.97761E-1 3.76601E-1 3.84947E-1 3.45107E-1 3.33136E-1 3.24436E-1 3.17321E-1 3.15979E-1 3.16474E-1 3.21403E-1 3.27577E-1 3.32783E-1 3.42648E-1 3.42759E-1 3.45493E-1 3.48773E-1 3.49344E-1 3.52002E-1 3.50994E-1 3.56296E-1 3.56045E-1 3.54524E-1 3.60392E-1 3.64675E-1 3.76142E-1 3.83139E-1 3.81625E-1 3.77018E-1 3.69067E-1 3.69726E-1 3.6633E-1 3.68311E-1 3.64869E-1 3.68941E-1 3.68533E-1 3.64612E-1 3.58982E-1 3.64945E-1 3.68466E-1 3.75099E-1 3.71845E-1 3.71011E-1 3.64991E-1 3.62171E-1 3.58052E-1 3.58929E-1 3.57963E-1 3.63773E-1 3.68252E-1 3.66698E-1 3.65722E-1 3.68017E-1 3.60831E-1 3.60365E-1 3.61611E-1 3.6847E-1 3.72739E-1 3.75025E-1 3.75382E-1 3.76768E-1 3.78687E-1
3.4681E-1 3.68624E-1 3.79564E-1 3.84797E-1 3.4014E-1 3.1992E-1 3.1634E-1 3.15961E-1 3.21787E-1 3.33422E-1 3.38479E-1 3.45058E-1 3.49905E-1 3.50569E-1 3.52425E-1 3.47917E-1 3.48869E-1 3.5149E-1 3.62584E-1 3.72271E-1 3.81494E-1 3.69001E-1 3.68593E-1 3.73697E-1 3.69874E-1 3.70373E-1 3.71448E-1 3.73785E-1 3.68142E-1 3.66714E-1 3.68111E-1 3.67727E-1 3.65832E-1 3.68527E-1 3.69785E-1 3.62453E-1 3.63919E-1 3.70338E-1 3.74011E-1 3.71151E-1 3.68381E-1 3.68687E-1 3.66108E-1 3.60749E-1 3.59506E-1 3.58664E-1 3.6105E-1 3.60689E-1 3.6385E-1 3.6525E-1 3.63888E-1 3.66083E-1 3.66724E-1 3.64122E-1 3.68335E-1 3.72989E-1 3.74138E-1 3.8018E-1 3.79934E-1 3.80361E-1 3.8552E-1
2.91909E-1 3.45914E-1 3.64013E-1 3.77988E-1 3.87278E-1 3.45468E-1 3.25612E-1 3.28865E-1 3.35208E-1 3.33334E-1 3.30731E-1 3.39719E-1 3.30949E-1 3.29668E-1 3.42999E-1 3.46326E-1 3.47628E-1 3.54919E-1 3.62756E-1 3.69718E-1 3.79755E-1 3.76785E-1 3.74156E-1 3.73543E-1 3.75332E-1 3.74516E-1 3.60654E-1 3.59037E-1 3.53508E-1 3.50532E-1 3.6383E-1 3.61685E-1 3.5105E-1 3.46607E-1 3.55941E-1 3.6492E-1 3.73083E-1 3.86247E-1 3.86934E-1 3.86024E-1 3.80484E-1 3.66495E-1 3.5664E-1 3.56939E-1 3.58747E-1 3.58003E-1 3.56054E-1 3.59255E-1 3.66948E-1 3.6999E-1 3.69746E-1 3.65881E-1 3.69329E-1 3.70384E-1 3.68899E-1 3.71531E-1 3.78556E-1 3.84347E-1 3.92763E-1 3.91335E-1 3.91558E-1
2.8036E-1 2.87796E-1 3.38349E-1 3.58851E-1 3.77628E-1 3.64862E-1 3.43831E-1 3.4093E-1 3.2772E-1 3.20912E-1 3.32655E-1 3.32148E-1 3.3398E-1 3.36363E-1 3.4369E-1 3.426E-1 3.35396E-1 3.57509E-1 3.59552E-1 3.57055E-1 3.50243E-1 3.57098E-1 3.70958E-1 3.65175E-1 3.80704E-1 3.80485E-1 3.66926E-1 3.65757E-1 3.59921E-1 3.5501E-1 3.65536E-1 3.71943E-1 3.52515E-1 3.4583E-1 3.39988E-1 3.48552E-1 3.64067E-1 3.77945E-1 3.76549E-1 3.69855E-1 3.67377E-1 3.61892E-1 3.56533E-1 3.58321E-1 3.58547E-1 3.57803E-1 3.57396E-1 3.64139E-1 3.6706E-1 3.69547E-1 3.72174E-1 3.72564E-1 3.75677E-1 3.67873E-1 3.67279E-1 3.73561E-1 3.75901E-1 3.83058E-1 3.8568E-1 3.88058E-1 3.80917E-1
2.7456E-1 2.76639E-1 2.87042E-1 3.00274E-1 3.14199E-1 3.22398E-1 3.27446E-1 3.30423E-1 3.24001E-1 3.32099E-1 3.39715E-1 3.47848E-1 3.45214E-1 3.46635E-1 3.49618E-1 3.46416E-1 3.53827E-1 3.56037E-1 3.53392E-1 3.59898E-1 3.30031E-1 3.16925E-1 3.38481E-1 3.60647E-1 3.78263E-1 3.74904E-1 3.78569E-1 3.75269E-1 3.7181E-1 3.6629E-1 3.71633E-1 3.65119E-1 3.56225E-1 3.51278E-1 3.48806E-1 3.49076E-1 3.54263E-1 3.59265E-1 3.64233E-1 3.65672E-1 3.68786E-1 3.60386E-1 3.5932E-1 3.55058E-1 3.57335E-1 3.59269E-1 3.5971E-1 3.65559E-1 3.67093E-1 3.70028E-1 3.7222E-1 3.73689E-1 3.74298E-1 3.66815E-1 3.71436E-1 3.68341E-1 3.73078E-1 3.79398E-1 3.81108E-1 3.81549E-1 3.77284E-1
2.71565E-1 2.77351E-1 2.75216E-1 2.91068E-1 3.11714E-1 3.32899E-1 3.30883E-1 3.23698E-1 3.23766E-1 3.13978E-1 3.0293E-1 3.03509E-1 3.41126E-1 3.40103E-1 3.49374E-1 3.47334E-1 3.59656E-1 3.56359E-1 3.63926E-1 3.60283E-1 3.49336E-1 3.37547E-1 3.24885E-1 3.33489E-1 3.51229E-1 3.69299E-1 3.85004E-1 3.92145E-1 3.83581E-1 3.90019E-1 3.90128E-1 3.8571E-1 3.73195E-1 3.65389E-1 3.55838E-1 3.56279E-1 3.57612E-1 3.59555E-1 3.62222E-1 3.7025E-1 3.74136E-1 3.67074E-1 3.623E-1 3.5899E-1 3.55419E-1 3.56891E-1 3.5762E-1 3.6006E-1 3.65676E-1 3.71311E-1 3.74736E-1 3.73518E-1 3.74549E-1 3.726E-1 3.7355E-1 3.678E-1 3.69162E-1 3.74563E-1 3.78512E-1 3.78873E-1 3.77352E-1
2.92935E-1 2.89943E-1 2.96801E-1 3.23548E-1 3.25539E-1 3.28212E-1 3.14928E-1 3.10896E-1 3.10832E-1 3.13686E-1 3.14176E-1 3.18789E-1 3.29592E-1 3.35787E-1 3.3658E-1 3.4478E-1 3.50447E-1 3.48432E-1 3.64408E-1 3.61715E-1 3.64857E-1 3.55472E-1 3.42652E-1 3.3332E-1 3.44377E-1 3.5548E-1 3.9094E-1 3.9521E-1 3.93367E-1 3.94252E-1 3.97479E-1 3.8989E-1 3.77167E-1 3.72605E-1 3.69093E-1 3.64608E-1 3.66781E-1 3.68212E-1 3.66968E-1 3.68899E-1 3.7062E-1 3.70916E-1 3.64272E-1 3.59695E-1 3.55893E-1 3.60234E-1 3.64716E-1 3.66137E-1 3.79457E-1 3.86164E-1 3.85668E-1 3.8215E-1 3.76057E-1 3.71297E-1 3.73418E-1 3.75746E-1 3.72281E-1 3.71943E-1 3.77031E-1 3.78714E-1 3.76313E-1
3.04942E-1 3.02553E-1 3.16894E-1 3.24165E-1 3.33173E-1 3.25239E-1 3.18558E-1 3.17854E-1 3.1558E-1 3.14298E-1 3.21895E-1 3.29685E-1 3.37187E-1 3.44564E-1 3.58989E-1 3.61297E-1 3.59089E-1 3.54588E-1 3.57694E-1 3.61998E-1 3.69869E-1 3.64673E-1 3.52736E-1 3.4085E-1 3.45294E-1 3.62337E-1 3.91001E-1 3.90148E-1 3.96552E-1 3.94027E-1 3.98517E-1 3.88923E-1 3.80457E-1 3.80072E-1 3.77773E-1 3.78742E-1 3.78479E-1 3.76269E-1 3.78018E-1 3.77289E-1 3.75023E-1 3.71051E-1 3.63708E-1 3.61141E-1 3.62707E-1 3.70252E-1 3.82219E-1 3.88163E-1 3.9994E-1 4.03325E-1 3.97585E-1 3.8777E-1 3.76692E-1 3.75917E-1 3.7815E-1 3.83661E-1 3.81872E-1 3.76512E-1 3.7599E-1 3.74053E-1 3.74605E-1
3.08145E-1 3.034E-1 3.26697E-1 3.33591E-1 3.38322E-1 3.36E-1 3.30005E-1 3.1839E-1 3.24067E-1 3.11946E-1 3.15839E-1 3.29375E-1 3.3671E-1 3.42567E-1 3.61217E-1 3.64003E-1 3.60158E-1 3.50457E-1 3.67585E-1 3.79208E-1 3.85213E-1 3.75694E-1 3.59673E-1 3.46782E-1 3.42291E-1 3.58772E-1 3.72165E-1 3.79793E-1 3.96016E-1 3.93937E-1 3.87397E-1 3.90345E-1 3.94373E-1 3.91766E-1 3.80676E-1 3.95897E-1 4.00478E-1 3.89306E-1 3.79106E-1 3.77189E-1 3.78371E-1 3.73716E-1 3.66284E-1 3.63221E-1 3.70341E-1 3.86613E-1 4.07497E-1 4.28686E-1 4.3589E-1 4.20853E-1 4.01282E-1 3.84136E-1 3.72687E-1 3.73344E-1 3.75509E-1 3.80338E-1 3.82977E-1 3.7474E-1 3.75576E-1 3.78086E-1 3.77744E-1
3.18741E-1 3.22213E-1 3.34582E-1 3.35502E-1 3.35485E-1 3.40398E-1 3.31782E-1 3.2475E-1 3.26191E-1 3.22723E-1 3.16535E-1 3.27918E-1 3.36583E-1 3.54808E-1 3.59849E-1 3.63339E-1 3.60045E-1 3.43611E-1 3.78236E-1 3.78619E-1 3.9859E-1 3.84697E-1 3.63286E-1 3.45684E-1 3.37654E-1 3.44944E-1 3.74135E-1 3.85641E-1 3.87518E-1 3.85589E-1 3.87304E-1 3.88088E-1 3.89549E-1 3.84848E-1 3.8306E-1 3.84349E-1 3.8591E-1 3.88911E-1 3.89439E-1 3.81479E-1 3.74282E-1 3.73003E-1 3.71206E-1 3.72584E-1 3.80887E-1 3.99296E-1 4.25835E-1 4.53908E-1 4.54095E-1 4.26399E-1 3.99358E-1 3.80293E-1 3.66756E-1 3.69265E-1 3.75196E-1 3.73429E-1 3.74171E-1 3.73151E-1 3.72397E-1 3.77772E-1 3.79981E-1
3.22259E-1 3.3057E-1 3.344E-1 3.45413E-1 3.40303E-1 3.32258E-1 3.36968E-1 3.24424E-1 3.26214E-1 3.26845E-1 3.2901E-1 3.35238E-1 3.38857E-1 3.52676E-1 3.58784E-1 3.63251E-1 3.55159E-1 3.48564E-1 3.75717E-1 4.02441E-1 3.99963E-1 3.99023E-1 3.75033E-1 3.48241E-1 3.35238E-1 3.40465E-1 3.66203E-1 3.7279E-1 3.7727E-1 3.76448E-1 3.74994E-1 3.8356E-1 3.81054E-1 3.76244E-1 3.73099E-1 3.69675E-1 3.7292E-1 3.77405E-1 3.75555E-1 3.78123E-1 3.78806E-1 3.77312E-1 3.78934E-1 3.79951E-1 3.9006E-1 4.00223E-1 4.19657E-1 4.39387E-1 4.39E-1 4.15463E-1 3.9732E-1 3.83514E-1 3.74332E-1 3.71935E-1 3.68791E-1 3.68607E-1 3.71533E-1 3.7425E-1 3.75426E-1 3.7675E-1 3.81361E-1
3.38523E-1 3.28629E-1 3.35881E-1 3.38511E-1 3.39513E-1 3.29935E-1 3.35983E-1 3.33087E-1 3.30781E-1 3.28497E-1 3.41734E-1 3.43538E-1 3.51891E-1 3.49615E-1 3.68989E-1 4.22793E-1 3.92202E-1 3.60755E-1 3.64794E-1 3.97391E-1 4.07737E-1 3.94349E-1 3.89955E-1 3.6268E-1 3.4244E-1 3.44572E-1 3.58698E-1 3.67965E-1 3.73256E-1 3.74265E-1 3.74314E-1 3.77061E-1 3.74948E-1 3.71229E-1 3.69851E-1 3.69573E-1 3.68253E-1 3.67378E-1 3.68472E-1 3.6986E-1 3.73965E-1 3.75125E-1 3.77475E-1 3.814E-1 3.85088E-1 3.94866E-1 4.04929E-1 4.1126E-1 4.01757E-1 3.95042E-1 3.87165E-1 3.83235E-1 3.76325E-1 3.76096E-1 3.71568E-1 3.69624E-1 3.67903E-1 3.72503E-1 3.76927E-1 3.78294E-1 3.78113E-1
3.54353E-1 3.39626E-1 3.4089E-1 3.38077E-1 3.44162E-1 3.32284E-1 3.33739E-1 3.36433E-1 3.38743E-1 3.41103E-1 3.36658E-1 3.43063E-1 3.4814E-1 3.52443E-1 3.75363E-1 4.01692E-1 4.22105E-1 4.25687E-1 4.03188E-1 3.84603E-1 4.14003E-1 3.9984E-1 3.87259E-1 3.74141E-1 3.58306E-1 3.50265E-1 3.58186E-1 3.7479E-1 3.84567E-1 3.80535E-1 3.79391E-1 3.73087E-1 3.71115E-1 3.61697E-1 3.64262E-1 3.63725E-1 3.67449E-1 3.68911E-1 3.73906E-1 3.69789E-1 3.72904E-1 3.81145E-1 3.84243E-1 3.83072E-1 3.82242E-1 3.83755E-1 3.83799E-1 3.82071E-1 3.82252E-1 3.79671E-1 3.75574E-1 3.81039E-1 3.77849E-1 3.85226E-1 3.85018E-1 3.78209E-1 3.73949E-1 3.72606E-1 3.74194E-1 3.7656E-1 3.79792E-1
3.69092E-1 3.59257E-1 3.53874E-1 3.56515E-1 3.52364E-1 3.43905E-1 3.3872E-1 3.37783E-1 3.39478E-1 3.39799E-1 3.50924E-1 3.55629E-1 3.58369E-1 3.94704E-1 3.85415E-1 3.98163E-1 4.21665E-1 4.23744E-1 4.31772E-1 3.98298E-1 3.95643E-1 4.11426E-1 3.85218E-1 3.94539E-1 3.9516E-1 3.89357E-1 3.91972E-1 4.02668E-1 3.90597E-1 3.87603E-1 3.83624E-1 3.71139E-1 3.59637E-1 3.59289E-1 3.64291E-1 3.67953E-1 3.74376E-1 3.69601E-1 3.74127E-1 3.75899E-1 3.80983E-1 3.82411E-1 3.86703E-1 3.86464E-1 3.81666E-1 3.79852E-1 3.80592E-1 3.8186E-1 3.84147E-1 3.80837E-1 3.74785E-1 3.79393E-1 3.76495E-1 3.78784E-1 3.92153E-1 3.93971E-1 3.87503E-1 3.79724E-1 3.78544E-1 3.79943E-1 3.77377E-1
3.7211E-1 3.41156E-1 3.34647E-1 3.62389E-1 3.5971E-1 3.55115E-1 3.48021E-1 3.23468E-1 3.35054E-1 3.45976E-1 3.57294E-1 3.63188E-1 3.62675E-1 4.11809E-1 4.24081E-1 4.22426E-1 4.12476E-1 4.12877E-1 4.26011E-1 3.97179E-1 3.84513E-1 3.80117E-1 4.16107E-1 4.03153E-1 4.01686E-1 4.0451E-1 4.04966E-1 3.96539E-1 3.84002E-1 3.79553E-1 3.77787E-1 3.71978E-1 3.59405E-1 3.58691E-1 3.61738E-1 3.62381E-1 3.61178E-1 3.62575E-1 3.66436E-1 3.72788E-1 3.79324E-1 3.79395E-1 3.76556E-1 3.81052E-1 3.80609E-1 3.77719E-1 3.79972E-1 3.84354E-1 3.86662E-1 3.7945E-1 3.78834E-1 3.81897E-1 3.83313E-1 3.85897E-1 3.86174E-1 3.83943E-1 3.83796E-1 3.85624E-1 3.85898E-1 3.86014E-1 3.84337E-1
3.46078E-1 3.27385E-1 3.26905E-1 3.49475E-1 3.7427E-1 3.61023E-1 3.55213E-1 3.43149E-1 3.36693E-1 3.38641E-1 3.50165E-1 3.56509E-1 3.59104E-1 3.59479E-1 3.76783E-1 4.03279E-1 3.78061E-1 4.19303E-1 4.21836E-1 3.93198E-1 3.8067E-1 3.82308E-1 4.07719E-1 4.05823E-1 4.0733E-1 4.19326E-1 4.13531E-1 3.91755E-1 3.773E-1 3.77648E-1 3.75357E-1 3.68139E-1 3.64551E-1 3.5777E-1 3.55972E-1 3.54987E-1 3.58819E-1 3.61861E-1 3.64296E-1 3.69006E-1 3.72857E-1 3.75821E-1 3.76748E-1 3.82122E-1 3.83907E-1 3.81203E-1 3.7914E-1 3.83618E-1 3.87119E-1 3.85241E-1 3.80791E-1 3.86202E-1 3.86832E-1 3.918E-1 3.89421E-1 3.83677E-1 3.80131E-1 3.8118E-1 3.8855E-1 3.87834E-1 3.86487E-1
