maxent_outputs/hummingbirds/hummingbird_180.asc
ncols         426
nrows         180
xllcorner     -130.0
yllcorner     24.0
cellsize      0.16666666666666666
NODATA_value  -9999
[rows 0 to 26 of 180, columns 183 to 243 of 426]
2.40389E-1 2.27687E-1 2.22075E-1 2.19294E-1 2.13102E-1 2.09246E-1 2.11883E-1 2.44468E-1 2.46509E-1 2.41366E-1 2.22988E-1 2.17652E-1 2.07208E-1 2.05132E-1 2.10004E-1 2.12414E-1 2.08732E-1 2.07772E-1 2.08372E-1 2.14534E-1 2.3303E-1 2.21547E-1 2.11413E-1 2.10386E-1 2.0965E-1 2.12032E-1 2.09953E-1 2.22185E-1 2.31466E-1 2.24396E-1 2.15065E-1 2.12792E-1 2.11435E-1 2.13502E-1 2.08434E-1 2.05673E-1 2.04028E-1 2.04037E-1 2.08188E-1 2.06504E-1 2.05817E-1 2.08566E-1 2.07281E-1 2.04963E-1 2.08696E-1 2.08999E-1 2.10071E-1 2.11079E-1 2.17968E-1 2.16046E-1 2.12249E-1 2.17421E-1 2.20094E-1 2.12904E-1 2.16467E-1 2.11529E-1 2.1208E-1 2.06491E-1 2.0689E-1 2.09176E-1 2.08593E-1
2.27284E-1 2.23009E-1 2.27846E-1 2.74754E-1 2.99052E-1 3.03807E-1 3.05083E-1 3.04424E-1 2.84941E-1 2.64817E-1 2.29578E-1 2.25016E-1 2.18334E-1 2.14315E-1 2.1768E-1 2.09852E-1 2.07362E-1 2.06549E-1 2.05428E-1 2.1327E-1 2.12934E-1 2.12308E-1 2.23162E-1 2.19705E-1 2.16682E-1 2.06024E-1 2.12243E-1 2.21745E-1 2.26611E-1 2.32141E-1 2.39374E-1 2.34245E-1 2.21491E-1 2.17626E-1 2.15563E-1 2.10388E-1 2.1199E-1 2.14269E-1 2.13416E-1 2.10578E-1 2.10502E-1 2.03585E-1 2.06785E-1 2.16247E-1 2.20689E-1 2.17645E-1 2.13993E-1 2.09584E-1 2.12077E-1 2.18933E-1 2.14011E-1 2.17229E-1 2.15011E-1 2.09646E-1 2.13737E-1 2.20324E-1 2.51617E-1 2.56718E-1 2.40521E-1 2.17666E-1 2.17646E-1
2.21543E-1 2.20306E-1 2.48196E-1 3.04365E-1 3.06923E-1 3.05803E-1 3.1212E-1 3.15235E-1 3.18619E-1 3.13649E-1 2.63684E-1 2.30088E-1 2.28011E-1 2.15855E-1 2.13539E-1 2.11488E-1 2.10015E-1 2.12195E-1 2.16419E-1 2.26031E-1 2.1815E-1 2.09279E-1 2.09965E-1 2.11709E-1 2.17636E-1 2.0837E-1 2.11815E-1 2.12348E-1 2.10529E-1 2.07214E-1 2.07417E-1 2.05855E-1 2.08146E-1 2.09002E-1 2.14951E-1 2.14432E-1 2.14515E-1 2.16551E-1 2.14942E-1 2.11075E-1 2.1107E-1 2.08971E-1 2.05207E-1 2.0183E-1 2.04995E-1 2.05387E-1 2.07703E-1 2.08596E-1 2.13275E-1 2.13142E-1 2.20091E-1 2.14201E-1 2.10084E-1 2.07533E-1 2.07888E-1 2.10492E-1 2.10966E-1 2.1261E-1 2.11712E-1 2.12885E-1 2.12813E-1
2.24738E-1 2.35398E-1 2.78785E-1 3.10876E-1 3.08914E-1 3.06965E-1 3.10105E-1 3.11953E-1 3.18449E-1 3.22525E-1 3.10111E-1 2.44259E-1 2.3786E-1 2.21665E-1 2.22372E-1 2.15244E-1 2.16465E-1 2.17566E-1 2.18667E-1 2.16208E-1 2.25939E-1 2.14401E-1 2.091E-1 2.08032E-1 2.09444E-1 2.16923E-1 2.15207E-1 2.05326E-1 2.04582E-1 2.04314E-1 2.06327E-1 2.10756E-1 2.08316E-1 2.08089E-1 2.08224E-1 2.11238E-1 2.13133E-1 2.11184E-1 2.09958E-1 2.12351E-1 2.11592E-1 2.06552E-1 2.05568E-1 2.03077E-1 2.02027E-1 2.02598E-1 2.16768E-1 2.14221E-1 2.12842E-1 2.14873E-1 2.14689E-1 2.23042E-1 2.13962E-1 2.0921E-1 2.09621E-1 2.08998E-1 2.10318E-1 2.10029E-1 2.14047E-1 2.10214E-1 2.13075E-1
2.50551E-1 2.57808E-1 2.94311E-1 3.08654E-1 3.0937E-1 3.09597E-1 3.09614E-1 3.12534E-1 3.17682E-1 3.23006E-1 3.20151E-1 2.86242E-1 2.4976E-1 2.24272E-1 2.14484E-1 2.18195E-1 2.1528E-1 2.1224E-1 2.1547E-1 2.1365E-1 2.12814E-1 2.16047E-1 2.1819E-1 2.12686E-1 2.08139E-1 2.10063E-1 2.08616E-1 2.11552E-1 2.11883E-1 2.08893E-1 2.09692E-1 2.11616E-1 2.07366E-1 2.08434E-1 2.13814E-1 2.1959E-1 2.11623E-1 2.07952E-1 2.04381E-1 2.08075E-1 2.08974E-1 2.07718E-1 2.0897E-1 2.07591E-1 2.0829E-1 2.09979E-1 2.06679E-1 2.07745E-1 2.11179E-1 2.08867E-1 2.09066E-1 2.13797E-1 2.10821E-1 2.11244E-1 2.10631E-1 2.11342E-1 2.09384E-1 2.11448E-1 2.13257E-1 2.12038E-1 2.10065E-1
2.4981E-1 2.45688E-1 2.58959E-1 2.82708E-1 2.8185E-1 2.85291E-1 3.05121E-1 3.12482E-1 3.15053E-1 3.23272E-1 3.22942E-1 3.11725E-1 2.7454E-1 2.31167E-1 2.26174E-1 2.17737E-1 2.17873E-1 2.16429E-1 2.13232E-1 2.15262E-1 2.21395E-1 2.15893E-1 2.12983E-1 2.17502E-1 2.17786E-1 2.22118E-1 2.24054E-1 2.26067E-1 2.181E-1 2.18723E-1 2.16614E-1 2.12326E-1 2.11969E-1 2.1216E-1 2.12193E-1 2.25187E-1 2.32444E-1 2.24166E-1 2.30328E-1 2.27721E-1 2.31142E-1 2.25737E-1 2.1204E-1 2.09733E-1 2.09891E-1 2.16787E-1 2.07754E-1 2.07992E-1 2.13217E-1 2.17602E-1 2.16167E-1 2.14715E-1 2.11631E-1 2.10905E-1 2.10197E-1 2.07367E-1 2.10931E-1 2.18985E-1 2.19076E-1 2.15002E-1 2.17183E-1
2.49534E-1 2.41551E-1 2.38511E-1 2.47852E-1 2.8259E-1 2.99231E-1 3.12843E-1 3.14743E-1 3.15299E-1 3.2402E-1 3.25784E-1 3.18851E-1 2.79593E-1 2.45024E-1 2.3873E-1 2.26438E-1 2.20739E-1 2.19985E-1 2.2161E-1 2.20473E-1 2.22982E-1 2.23869E-1 2.17363E-1 2.20735E-1 2.22293E-1 2.27053E-1 2.2355E-1 2.25598E-1 2.20526E-1 2.18078E-1 2.17202E-1 2.16917E-1 2.20039E-1 2.27437E-1 2.21421E-1 2.26947E-1 2.30067E-1 2.22067E-1 2.22631E-1 2.21257E-1 2.21945E-1 2.18389E-1 2.12889E-1 2.12154E-1 2.18202E-1 2.23673E-1 2.21631E-1 2.15712E-1 2.25359E-1 2.2155E-1 2.20691E-1 2.22907E-1 2.21777E-1 2.1186E-1 2.10909E-1 2.10602E-1 2.11484E-1 2.19515E-1 2.20939E-1 2.21514E-1 2.23755E-1
2.57036E-1 2.43778E-1 2.42426E-1 2.53205E-1 2.90016E-1 3.09507E-1 3.09491E-1 3.12454E-1 3.13919E-1 3.16359E-1 3.17982E-1 3.20889E-1 3.09951E-1 2.53323E-1 2.37916E-1 2.33841E-1 2.35939E-1 2.45419E-1 2.36174E-1 2.32924E-1 2.27623E-1 2.26096E-1 2.2429E-1 2.22984E-1 2.21409E-1 2.3393E-1 2.25623E-1 2.25502E-1 2.25598E-1 2.25844E-1 2.22665E-1 2.19721E-1 2.21782E-1 2.2606E-1 2.23235E-1 2.25079E-1 2.23272E-1 2.19555E-1 2.15781E-1 2.15029E-1 2.15943E-1 2.19491E-1 2.17738E-1 2.14337E-1 2.14761E-1 2.15323E-1 2.13577E-1 2.13999E-1 2.20064E-1 2.18586E-1 2.15923E-1 2.25979E-1 2.28342E-1 2.25666E-1 2.13055E-1 2.11018E-1 2.14466E-1 2.15245E-1 2.16024E-1 2.15612E-1 2.16763E-1
2.56859E-1 2.45662E-1 2.4324E-1 2.49908E-1 2.48733E-1 2.76923E-1 3.05039E-1 3.09183E-1 3.10094E-1 3.09714E-1 3.15236E-1 3.14296E-1 3.09455E-1 2.9896E-1 2.47577E-1 2.3396E-1 2.38736E-1 2.32667E-1 2.40044E-1 2.42481E-1 2.38978E-1 2.32326E-1 2.30207E-1 2.27133E-1 2.30006E-1 2.26756E-1 2.26291E-1 2.29918E-1 2.23734E-1 2.26517E-1 2.30216E-1 2.28442E-1 2.34875E-1 2.25748E-1 2.24524E-1 2.23211E-1 2.23812E-1 2.25522E-1 2.2633E-1 2.26312E-1 2.21497E-1 2.1923E-1 2.21893E-1 2.21044E-1 2.15122E-1 2.13783E-1 2.14788E-1 2.31698E-1 2.27138E-1 2.20017E-1 2.17897E-1 2.15296E-1 2.11902E-1 2.11357E-1 2.17399E-1 2.14783E-1 2.14421E-1 2.13595E-1 2.18588E-1 2.18577E-1 2.16959E-1
2.61075E-1 2.45509E-1 2.44107E-1 2.43877E-1 2.43218E-1 2.43521E-1 2.81473E-1 3.04043E-1 2.89723E-1 2.86429E-1 3.14571E-1 3.07241E-1 3.0111E-1 2.93164E-1 2.7314E-1 2.37883E-1 2.39573E-1 2.33804E-1 2.33741E-1 2.29603E-1 2.29124E-1 2.30997E-1 2.2941E-1 2.28402E-1 2.32546E-1 2.30201E-1 2.25651E-1 2.27935E-1 2.24062E-1 2.23748E-1 2.26725E-1 2.27163E-1 2.25818E-1 2.22816E-1 2.27947E-1 2.31402E-1 2.28307E-1 2.25662E-1 2.26449E-1 2.25926E-1 2.22359E-1 2.22676E-1 2.2371E-1 2.25214E-1 2.20449E-1 2.16826E-1 2.17813E-1 2.23189E-1 2.18426E-1 2.16994E-1 2.13532E-1 2.12214E-1 2.11424E-1 2.11879E-1 2.1152E-1 2.12382E-1 2.15266E-1 2.148E-1 2.14257E-1 2.15829E-1 2.20088E-1
2.54517E-1 2.45136E-1 2.40721E-1 2.45465E-1 2.43609E-1 2.42932E-1 2.44428E-1 2.60252E-1 2.97225E-1 2.95109E-1 3.04407E-1 3.03839E-1 2.98309E-1 2.81414E-1 2.78526E-1 2.39521E-1 2.39558E-1 2.34482E-1 2.35156E-1 2.31489E-1 2.32805E-1 2.34551E-1 2.29925E-1 2.29245E-1 2.35728E-1 2.31986E-1 2.29132E-1 2.3405E-1 2.24237E-1 2.30352E-1 2.32767E-1 2.30371E-1 2.26846E-1 2.26979E-1 2.37311E-1 2.29316E-1 2.25366E-1 2.18431E-1 2.217E-1 2.23095E-1 2.34438E-1 2.29209E-1 2.202E-1 2.17498E-1 2.14541E-1 2.1672E-1 2.18412E-1 2.1871E-1 2.1508E-1 2.12345E-1 2.12323E-1 2.09595E-1 2.11943E-1 2.1133E-1 2.11998E-1 2.11807E-1 2.12005E-1 2.11456E-1 2.1118E-1 2.12205E-1 2.15513E-1
2.48489E-1 2.46281E-1 2.47239E-1 2.49064E-1 2.47059E-1 2.46455E-1 2.48061E-1 2.51664E-1 2.68261E-1 2.9912E-1 2.73623E-1 2.67754E-1 2.84347E-1 2.95615E-1 2.91309E-1 2.54524E-1 2.39614E-1 2.36107E-1 2.36301E-1 2.33191E-1 2.33589E-1 2.37267E-1 2.35088E-1 2.42428E-1 2.52184E-1 2.48661E-1 2.42133E-1 2.38557E-1 2.39672E-1 2.40994E-1 2.4027E-1 2.40942E-1 2.41331E-1 2.34562E-1 2.34619E-1 2.25484E-1 2.20764E-1 2.25999E-1 2.22164E-1 2.23219E-1 2.25108E-1 2.2261E-1 2.19161E-1 2.19909E-1 2.22539E-1 2.20882E-1 2.15703E-1 2.16411E-1 2.17695E-1 2.15599E-1 2.18261E-1 2.17482E-1 2.12922E-1 2.11792E-1 2.13716E-1 2.16014E-1 2.18613E-1 2.15992E-1 2.16257E-1 2.18278E-1 2.19168E-1
2.4378E-1 2.47959E-1 2.47745E-1 2.4722E-1 2.4514E-1 2.4977E-1 2.52131E-1 2.46987E-1 2.50899E-1 2.66793E-1 2.54074E-1 2.57492E-1 2.49393E-1 2.79859E-1 2.91557E-1 2.82259E-1 2.46259E-1 2.37878E-1 2.31655E-1 2.29481E-1 2.34734E-1 2.39113E-1 2.40667E-1 2.43925E-1 2.52897E-1 2.38237E-1 2.42433E-1 2.35332E-1 2.3799E-1 2.38938E-1 2.40087E-1 2.41066E-1 2.43749E-1 2.39327E-1 2.35349E-1 2.26143E-1 2.26726E-1 2.29485E-1 2.2664E-1 2.28212E-1 2.26321E-1 2.24494E-1 2.21899E-1 2.21674E-1 2.21922E-1 2.24954E-1 2.18582E-1 2.18563E-1 2.2693E-1 2.22918E-1 2.24569E-1 2.18394E-1 2.14717E-1 2.13264E-1 2.20526E-1 2.21893E-1 2.20961E-1 2.18378E-1 2.17768E-1 2.18915E-1 2.22694E-1
2.59706E-1 2.49273E-1 2.48029E-1 2.45671E-1 2.41963E-1 2.45439E-1 2.5956E-1 2.55631E-1 2.41831E-1 2.38549E-1 2.46736E-1 2.50338E-1 2.68521E-1 2.7232E-1 2.78512E-1 2.72764E-1 2.63431E-1 2.40564E-1 2.31279E-1 2.33976E-1 2.35901E-1 2.37136E-1 2.4064E-1 2.46967E-1 2.40732E-1 2.43718E-1 2.37358E-1 2.44398E-1 2.44888E-1 2.50175E-1 2.46409E-1 2.45043E-1 2.47822E-1 2.4451E-1 2.45738E-1 2.40614E-1 2.39489E-1 2.37476E-1 2.37454E-1 2.3766E-1 2.36142E-1 2.27895E-1 2.25982E-1 2.25541E-1 2.29433E-1 2.34684E-1 2.27997E-1 2.26469E-1 2.24897E-1 2.27864E-1 2.29307E-1 2.22732E-1 2.25407E-1 2.18934E-1 2.2153E-1 2.23595E-1 2.17915E-1 2.20477E-1 2.24282E-1 2.23026E-1 2.28853E-1
2.55143E-1 2.54207E-1 2.59234E-1 2.57034E-1 2.52299E-1 2.52213E-1 2.49628E-1 2.3448E-1 2.4081E-1 2.45416E-1 2.5025E-1 2.48616E-1 2.54829E-1 2.72719E-1 2.58709E-1 2.40473E-1 2.65123E-1 2.53581E-1 2.32938E-1 2.33208E-1 2.36412E-1 2.39469E-1 2.4298E-1 2.48018E-1 2.4099E-1 2.44412E-1 2.42143E-1 2.43203E-1 2.47238E-1 2.47625E-1 2.47134E-1 2.45749E-1 2.45692E-1 2.47483E-1 2.46739E-1 2.47414E-1 2.43568E-1 2.43734E-1 2.41006E-1 2.39162E-1 2.3576E-1 2.34649E-1 2.31008E-1 2.30719E-1 2.32269E-1 2.41146E-1 2.2877E-1 2.29169E-1 2.29006E-1 2.24403E-1 2.26827E-1 2.24757E-1 2.24538E-1 2.25449E-1 2.25336E-1 2.22369E-1 2.20892E-1 2.20849E-1 2.22129E-1 2.24259E-1 2.24608E-1
2.35255E-1 2.444E-1 2.60826E-1 2.56543E-1 2.40975E-1 2.22626E-1 2.34424E-1 2.37657E-1 2.46313E-1 2.52871E-1 2.49985E-1 2.38438E-1 2.43368E-1 2.55964E-1 2.40068E-1 2.51832E-1 2.76966E-1 2.79084E-1 2.42503E-1 2.3407E-1 2.32744E-1 2.3454E-1 2.35457E-1 2.40232E-1 2.43791E-1 2.43549E-1 2.45951E-1 2.53418E-1 2.53717E-1 2.48496E-1 2.4817E-1 2.44861E-1 2.47051E-1 2.3884E-1 2.42751E-1 2.44822E-1 2.48203E-1 2.46761E-1 2.4284E-1 2.3976E-1 2.3639E-1 2.44386E-1 2.50405E-1 2.45562E-1 2.36182E-1 2.44564E-1 2.34382E-1 2.30576E-1 2.34114E-1 2.32019E-1 2.32769E-1 2.29699E-1 2.26586E-1 2.27166E-1 2.27178E-1 2.26345E-1 2.22983E-1 2.2418E-1 2.2389E-1 2.26133E-1 2.28352E-1
2.3234E-1 2.41444E-1 2.50735E-1 2.61449E-1 2.58826E-1 2.41487E-1 2.19631E-1 2.33286E-1 2.47372E-1 2.43635E-1 2.35602E-1 2.34412E-1 2.39889E-1 2.4313E-1 2.35824E-1 2.6164E-1 2.61057E-1 2.77104E-1 2.66318E-1 2.42078E-1 2.34642E-1 2.34596E-1 2.36994E-1 2.42004E-1 2.48615E-1 2.45483E-1 2.48794E-1 2.5309E-1 2.55283E-1 2.49871E-1 2.51728E-1 2.50093E-1 2.49877E-1 2.46756E-1 2.42841E-1 2.47407E-1 2.75982E-1 2.79344E-1 2.54137E-1 2.46488E-1 2.4997E-1 2.46297E-1 2.43715E-1 2.44296E-1 2.44434E-1 2.47338E-1 2.46007E-1 2.41896E-1 2.38167E-1 2.33901E-1 2.30589E-1 2.31372E-1 2.34024E-1 2.32084E-1 2.30302E-1 2.32118E-1 2.2797E-1 2.2778E-1 2.27772E-1 2.30527E-1 2.32944E-1
2.37312E-1 2.39308E-1 2.48164E-1 2.57989E-1 2.5869E-1 2.49646E-1 2.33474E-1 2.32533E-1 2.47532E-1 2.49244E-1 2.31723E-1 2.25736E-1 2.26359E-1 2.30476E-1 2.26357E-1 2.4704E-1 2.64629E-1 2.86193E-1 2.64291E-1 2.36409E-1 2.36401E-1 2.41718E-1 2.4158E-1 2.4235E-1 2.44715E-1 2.47136E-1 2.54562E-1 2.52515E-1 2.51925E-1 2.50857E-1 2.52989E-1 2.55115E-1 2.58479E-1 2.63413E-1 2.56501E-1 2.49375E-1 2.64221E-1 2.68651E-1 2.54874E-1 2.48683E-1 2.57774E-1 2.50618E-1 2.46886E-1 2.45623E-1 2.48505E-1 2.41316E-1 2.40511E-1 2.47633E-1 2.47235E-1 2.38356E-1 2.29232E-1 2.33999E-1 2.46233E-1 2.48124E-1 2.42646E-1 2.40732E-1 2.32762E-1 2.31524E-1 2.33562E-1 2.34679E-1 2.36578E-1
2.41302E-1 2.53598E-1 2.52867E-1 2.53981E-1 2.61446E-1 2.58957E-1 2.48619E-1 2.32613E-1 2.3451E-1 2.39323E-1 2.38186E-1 2.34821E-1 2.29212E-1 2.30211E-1 2.29493E-1 2.787E-1 2.9063E-1 2.957E-1 2.74745E-1 2.40439E-1 2.46139E-1 2.44478E-1 2.45789E-1 2.47101E-1 2.43218E-1 2.49991E-1 2.52767E-1 2.5307E-1 2.51097E-1 2.53293E-1 2.4668E-1 2.51393E-1 2.61642E-1 2.59632E-1 2.63017E-1 2.60615E-1 2.58083E-1 2.53898E-1 2.51636E-1 2.48744E-1 2.43737E-1 2.45204E-1 2.44253E-1 2.44468E-1 2.41641E-1 2.44016E-1 2.41464E-1 2.3753E-1 2.35105E-1 2.34177E-1 2.36928E-1 2.43875E-1 2.37931E-1 2.3338E-1 2.38325E-1 2.443E-1 2.37777E-1 2.34969E-1 2.378E-1 2.39485E-1 2.42518E-1
2.44974E-1 2.43761E-1 2.49705E-1 2.47069E-1 2.60325E-1 2.79197E-1 2.78471E-1 2.52711E-1 2.35782E-1 2.38745E-1 2.46579E-1 2.38579E-1 2.40103E-1 2.33436E-1 2.3923E-1 2.82312E-1 2.92691E-1 2.86477E-1 2.76354E-1 2.5065E-1 2.48539E-1 2.41449E-1 2.43991E-1 2.4824E-1 2.48615E-1 2.50852E-1 2.5173E-1 2.54876E-1 2.51098E-1 2.57642E-1 2.58801E-1 2.64278E-1 2.62257E-1 2.55163E-1 2.53368E-1 2.66015E-1 2.69462E-1 2.62838E-1 2.6043E-1 2.59192E-1 2.53183E-1 2.48289E-1 2.43115E-1 2.50423E-1 2.51389E-1 2.49836E-1 2.43202E-1 2.44233E-1 2.40007E-1 2.47417E-1 2.43584E-1 2.44234E-1 2.40982E-1 2.42459E-1 2.42239E-1 2.41346E-1 2.39237E-1 2.37927E-1 2.42811E-1 2.43686E-1 2.44842E-1
2.56385E-1 2.47997E-1 2.47756E-1 2.46622E-1 2.49056E-1 2.74813E-1 2.85978E-1 2.85001E-1 2.55457E-1 2.39539E-1 2.418E-1 2.37357E-1 2.4212E-1 2.30397E-1 2.3603E-1 2.77724E-1 2.86415E-1 2.66931E-1 2.57057E-1 2.49429E-1 2.50136E-1 2.45966E-1 2.43592E-1 2.44528E-1 2.45014E-1 2.48948E-1 2.54847E-1 2.56082E-1 2.51014E-1 2.57139E-1 2.63947E-1 2.55564E-1 2.5829E-1 2.61542E-1 2.63326E-1 2.71105E-1 2.73648E-1 2.7207E-1 2.81168E-1 2.68887E-1 2.63717E-1 2.56993E-1 2.57239E-1 2.50519E-1 2.55956E-1 2.58146E-1 2.49489E-1 2.44763E-1 2.44887E-1 2.4693E-1 2.49203E-1 2.45884E-1 2.44556E-1 2.45004E-1 2.4901E-1 2.4127E-1 2.41133E-1 2.43721E-1 2.46036E-1 2.4694E-1 2.50442E-1
2.56913E-1 2.54639E-1 2.51177E-1 2.53999E-1 2.56681E-1 2.67465E-1 2.87327E-1 2.86824E-1 2.83024E-1 2.48538E-1 2.44244E-1 2.48141E-1 2.38838E-1 2.33505E-1 2.30865E-1 2.58104E-1 2.69278E-1 2.55357E-1 2.41823E-1 2.42638E-1 2.47354E-1 2.55155E-1 2.48432E-1 2.45968E-1 2.49997E-1 2.53878E-1 2.5388E-1 2.57208E-1 2.61254E-1 2.63616E-1 2.67356E-1 2.6187E-1 2.67832E-1 2.7526E-1 2.77011E-1 2.711E-1 2.79582E-1 2.82247E-1 2.81633E-1 2.93835E-1 2.90053E-1 2.77959E-1 2.68587E-1 2.66872E-1 2.74188E-1 2.73002E-1 2.54026E-1 2.55321E-1 2.52224E-1 2.47543E-1 2.43217E-1 2.44178E-1 2.44195E-1 2.47066E-1 2.55521E-1 2.44782E-1 2.46173E-1 2.48247E-1 2.50382E-1 2.51414E-1 2.53402E-1
2.47498E-1 2.57108E-1 2.54717E-1 2.52806E-1 2.53073E-1 2.60793E-1 2.77096E-1 2.78496E-1 2.6107E-1 2.42161E-1 2.3996E-1 2.37257E-1 2.3085E-1 2.26597E-1 2.2252E-1 2.28831E-1 2.31916E-1 2.39794E-1 2.28766E-1 2.45365E-1 2.4818E-1 2.50742E-1 2.52854E-1 2.4981E-1 2.53587E-1 2.59046E-1 2.62471E-1 2.66095E-1 2.63526E-1 2.62259E-1 2.71346E-1 2.69339E-1 2.7507E-1 2.74742E-1 2.69543E-1 2.70017E-1 2.77681E-1 2.83423E-1 2.84932E-1 2.82427E-1 2.8535E-1 2.89173E-1 2.89493E-1 2.8355E-1 2.79138E-1 2.70409E-1 2.65902E-1 2.58112E-1 2.55243E-1 2.48833E-1 2.453E-1 2.4202E-1 2.46432E-1 2.45213E-1 2.51408E-1 2.53856E-1 2.50802E-1 2.49682E-1 2.5201E-1 2.54908E-1 2.59771E-1
2.41875E-1 2.5798E-1 2.58698E-1 2.55435E-1 2.52881E-1 2.47093E-1 2.43615E-1 2.42793E-1 2.41152E-1 2.39414E-1 2.38897E-1 2.31859E-1 2.27608E-1 2.26143E-1 2.22937E-1 2.28474E-1 2.28593E-1 2.32218E-1 2.35886E-1 2.5234E-1 2.51786E-1 2.48937E-1 2.52231E-1 2.51541E-1 2.53012E-1 2.59863E-1 2.5988E-1 2.63101E-1 2.66273E-1 2.69068E-1 2.63049E-1 2.65976E-1 2.71198E-1 2.7258E-1 2.80716E-1 2.81264E-1 2.74548E-1 2.79012E-1 2.75532E-1 2.70482E-1 2.70721E-1 2.7258E-1 2.758E-1 2.90053E-1 2.85493E-1 2.8367E-1 2.69527E-1 2.65918E-1 2.5673E-1 2.58285E-1 2.51334E-1 2.52465E-1 2.64164E-1 2.5767E-1 2.5881E-1 2.6361E-1 2.59575E-1 2.54625E-1 2.56139E-1 2.60668E-1 2.61596E-1
2.4918E-1 2.53714E-1 2.58885E-1 2.59203E-1 2.55162E-1 2.51753E-1 2.50309E-1 2.48212E-1 2.43753E-1 2.372E-1 2.39529E-1 2.38821E-1 2.33845E-1 2.3233E-1 2.30893E-1 2.34702E-1 2.3602E-1 2.41117E-1 2.48156E-1 2.52397E-1 2.51597E-1 2.51944E-1 2.53844E-1 2.54634E-1 2.53815E-1 2.54716E-1 2.57206E-1 2.59923E-1 2.62118E-1 2.6498E-1 2.63004E-1 2.68292E-1 2.72575E-1 2.79023E-1 2.81481E-1 2.82572E-1 2.73792E-1 2.75085E-1 2.74646E-1 2.73666E-1 2.73134E-1 2.81114E-1 2.78775E-1 2.86438E-1 2.92289E-1 2.89337E-1 2.75024E-1 2.64455E-1 2.64131E-1 2.62982E-1 2.74316E-1 2.61741E-1 2.57119E-1 2.52961E-1 2.56496E-1 2.55985E-1 2.59203E-1 2.60369E-1 2.60003E-1 2.67666E-1 2.75795E-1
2.43905E-1 2.5434E-1 2.57335E-1 2.57456E-1 2.58538E-1 2.59609E-1 2.57261E-1 2.54196E-1 2.5196E-1 2.45048E-1 2.41362E-1 2.42051E-1 2.39637E-1 2.36525E-1 2.33566E-1 2.33453E-1 2.32924E-1 2.39247E-1 2.52947E-1 2.55544E-1 2.54834E-1 2.53252E-1 2.51757E-1 2.48009E-1 2.5088E-1 2.54252E-1 2.55299E-1 2.57669E-1 2.66299E-1 2.67082E-1 2.74763E-1 2.70017E-1 2.73521E-1 2.80036E-1 2.82874E-1 2.83581E-1 2.85632E-1 2.90228E-1 2.89067E-1 2.80242E-1 2.91846E-1 2.86565E-1 2.81676E-1 2.81744E-1 2.83462E-1 2.88716E-1 2.80144E-1 2.72769E-1 2.71525E-1 2.61505E-1 2.59474E-1 2.60028E-1 2.60676E-1 2.65409E-1 2.69506E-1 2.62933E-1 2.64304E-1 2.61538E-1 2.66865E-1 2.68068E-1 2.70289E-1
2.47589E-1 2.52322E-1 2.4828E-1 2.55592E-1 2.62567E-1 2.63681E-1 2.59406E-1 2.56364E-1 2.55193E-1 2.55023E-1 2.43935E-1 2.45118E-1 2.41558E-1 2.35802E-1 2.31563E-1 2.32913E-1 2.35774E-1 2.38914E-1 2.53959E-1 2.58172E-1 2.57303E-1 2.54807E-1 2.50893E-1 2.47087E-1 2.44359E-1 2.46846E-1 2.75919E-1 2.70234E-1 2.66269E-1 2.86759E-1 2.88268E-1 2.70107E-1 2.72214E-1 2.79284E-1 2.83595E-1 2.83742E-1 2.84548E-1 2.85153E-1 2.88803E-1 2.83208E-1 2.85746E-1 2.93384E-1 2.85444E-1 2.792E-1 2.82386E-1 2.89749E-1 3.01996E-1 2.94086E-1 2.75119E-1 2.69867E-1 2.56335E-1 2.57525E-1 2.5955E-1 2.62524E-1 2.65906E-1 2.67898E-1 2.60462E-1 2.63292E-1 2.67625E-1 2.69682E-1 2.69882E-1
