maxent_outputs/hummingbirds/hummingbird_179.asc
ncols         426
nrows         180
xllcorner     -130.0
yllcorner     24.0
cellsize      0.16666666666666666
NODATA_value  -9999
[rows 81 to 107 of 180, columns 61 to 121 of 426]
4.41379E-1 5.46368E-1 4.78619E-1 5.29101E-1 4.59634E-1 4.87462E-1 4.74837E-1 4.94033E-1 4.6058E-1 5.00447E-1 4.74182E-1 4.50322E-1 5.1146E-1 4.94769E-1 4.6762E-1 4.34958E-1 4.24577E-1 5.32021E-1 5.28046E-1 4.21609E-1 4.20722E-1 4.73706E-1 4.34983E-1 4.94663E-1 4.12384E-1 5.10438E-1 5.35998E-1 4.41148E-1 4.63305E-1 4.73734E-1 4.59886E-1 4.51555E-1 4.11705E-1 5.15927E-1 4.14508E-1 3.82271E-1 3.99909E-1 3.89711E-1 3.89478E-1 4.01455E-1 4.32372E-1 4.4725E-1 3.94081E-1 5.83571E-1 4.2907E-1 6.08015E-1 4.97627E-1 4.51348E-1 5.21271E-1 5.53302E-1 4.62901E-1 6.09108E-1 6.3056E-1 5.95239E-1 5.49121E-1 5.4891E-1 4.41735E-1 4.1602E-1 3.69096E-1 3.36414E-1 3.35239E-1
4.95453E-1 5.36818E-1 5.3662E-1 5.05209E-1 5.10029E-1 4.30186E-1 5.04619E-1 4.85903E-1 4.37699E-1 4.88798E-1 4.94038E-1 4.13905E-1 4.98965E-1 5.02198E-1 5.00297E-1 5.13488E-1 4.6457E-1 5.29769E-1 4.83577E-1 4.55173E-1 5.18029E-1 4.45637E-1 4.39577E-1 4.73779E-1 4.12364E-1 5.4075E-1 4.77247E-1 5.13014E-1 5.08923E-1 5.53521E-1 4.41335E-1 4.92662E-1 4.68679E-1 4.83933E-1 4.47805E-1 4.2539E-1 3.84923E-1 3.80125E-1 3.91407E-1 3.93311E-1 3.9554E-1 4.10995E-1 3.93218E-1 4.87184E-1 4.11641E-1 4.42702E-1 4.09347E-1 4.8747E-1 5.05241E-1 5.57836E-1 5.25957E-1 5.67431E-1 5.67095E-1 4.94072E-1 4.51275E-1 4.53058E-1 3.97673E-1 3.5864E-1 3.09441E-1 2.7851E-1 2.72108E-1
5.59134E-1 7.13971E-1 5.60616E-1 5.2862E-1 5.04275E-1 4.34116E-1 5.10011E-1 4.25452E-1 4.44094E-1 4.31066E-1 4.23264E-1 4.7988E-1 4.38586E-1 4.46737E-1 4.83731E-1 4.58557E-1 4.85247E-1 4.81157E-1 5.23513E-1 4.82648E-1 4.67528E-1 4.33735E-1 4.89222E-1 4.25347E-1 4.55064E-1 5.39951E-1 4.99799E-1 5.05837E-1 4.44166E-1 5.28226E-1 4.71877E-1 4.55872E-1 5.13751E-1 4.57777E-1 4.29234E-1 4.63059E-1 4.25556E-1 3.76081E-1 3.91006E-1 4.02443E-1 3.63649E-1 3.71661E-1 4.34726E-1 4.93279E-1 4.47473E-1 4.56565E-1 4.40481E-1 4.54453E-1 4.25228E-1 4.77048E-1 4.79427E-1 5.25839E-1 5.56949E-1 5.65973E-1 5.09609E-1 4.83757E-1 4.20441E-1 3.57658E-1 3.20982E-1 2.81048E-1 2.63893E-1
5.42087E-1 5.71856E-1 5.63135E-1 5.26584E-1 5.02861E-1 4.81556E-1 4.42398E-1 4.20231E-1 3.98268E-1 4.12516E-1 5.34058E-1 4.65989E-1 4.0077E-1 4.64306E-1 4.2175E-1 4.76629E-1 4.78375E-1 4.87415E-1 4.5821E-1 4.51767E-1 5.18389E-1 5.39235E-1 4.74587E-1 4.31105E-1 5.07923E-1 5.31686E-1 4.98206E-1 4.86037E-1 4.52931E-1 5.25158E-1 4.57471E-1 5.31415E-1 5.49387E-1 4.18044E-1 4.35102E-1 5.73768E-1 4.19767E-1 3.67474E-1 3.94808E-1 3.97239E-1 4.29738E-1 3.86972E-1 4.83377E-1 4.96429E-1 5.25306E-1 4.76501E-1 4.88744E-1 4.13619E-1 5.4472E-1 5.10067E-1 5.09325E-1 5.10116E-1 4.88559E-1 5.3377E-1 5.51372E-1 5.59327E-1 5.31349E-1 4.52106E-1 3.90419E-1 3.18212E-1 3.07488E-1
4.95009E-1 5.24029E-1 5.45258E-1 5.29748E-1 5.06195E-1 4.6237E-1 4.15229E-1 3.93468E-1 3.7894E-1 4.68674E-1 4.37655E-1 4.36156E-1 5.24917E-1 4.67709E-1 4.69267E-1 5.17179E-1 4.99651E-1 5.6004E-1 4.75631E-1 5.16542E-1 4.82864E-1 4.91884E-1 4.59665E-1 4.42542E-1 4.83189E-1 5.27712E-1 4.1047E-1 4.86277E-1 4.72425E-1 5.49568E-1 4.69946E-1 5.35571E-1 4.70326E-1 5.18938E-1 5.69088E-1 5.96788E-1 3.90399E-1 3.92182E-1 4.49497E-1 3.9863E-1 4.36843E-1 4.43596E-1 3.90853E-1 3.94491E-1 4.21963E-1 4.20016E-1 4.62371E-1 4.24803E-1 5.38353E-1 4.94054E-1 4.88177E-1 5.42789E-1 5.07216E-1 4.96592E-1 4.83939E-1 5.12122E-1 5.48642E-1 4.97473E-1 4.34413E-1 3.74812E-1 3.61153E-1
5.0116E-1 5.42148E-1 5.44713E-1 4.95156E-1 4.69898E-1 4.2222E-1 4.05542E-1 3.97143E-1 4.24936E-1 5.27005E-1 4.19638E-1 5.59368E-1 4.46811E-1 4.47855E-1 5.13406E-1 4.74392E-1 4.91932E-1 5.10209E-1 5.4391E-1 4.73306E-1 4.03969E-1 4.18043E-1 4.69233E-1 4.90159E-1 4.81748E-1 4.79295E-1 4.09114E-1 5.01154E-1 4.2162E-1 4.98522E-1 4.72513E-1 5.48406E-1 4.23725E-1 4.88547E-1 4.95266E-1 3.99443E-1 4.37116E-1 4.28384E-1 4.11009E-1 4.08847E-1 4.56362E-1 3.96061E-1 3.72001E-1 3.57002E-1 3.77582E-1 4.55567E-1 4.06E-1 4.13158E-1 5.43054E-1 4.19477E-1 4.60162E-1 5.79602E-1 5.48735E-1 4.35756E-1 3.98047E-1 4.03085E-1 5.043E-1 5.71311E-1 4.84693E-1 4.73384E-1 4.31313E-1
5.0195E-1 5.38672E-1 5.292E-1 4.97739E-1 4.69628E-1 4.28158E-1 4.22661E-1 4.16848E-1 4.88952E-1 4.66486E-1 4.95148E-1 5.04377E-1 5.25247E-1 5.01033E-1 4.6142E-1 4.3811E-1 5.34387E-1 4.84545E-1 4.83918E-1 4.87497E-1 5.23026E-1 4.35544E-1 5.69646E-1 5.28592E-1 4.5724E-1 4.4503E-1 4.97047E-1 4.42317E-1 5.07695E-1 4.84926E-1 4.68284E-1 6.01292E-1 4.162E-1 5.73128E-1 4.74241E-1 3.70564E-1 4.57981E-1 3.79722E-1 4.00285E-1 5.0178E-1 4.30433E-1 3.87138E-1 3.41466E-1 3.60595E-1 3.68102E-1 5.07846E-1 3.97258E-1 4.22671E-1 5.21994E-1 3.85796E-1 5.63299E-1 5.9434E-1 5.49093E-1 4.07395E-1 3.61129E-1 3.89416E-1 3.9516E-1 5.26248E-1 4.89473E-1 5.14595E-1 4.73889E-1
5.03377E-1 5.02009E-1 5.18735E-1 4.8394E-1 4.66789E-1 4.65826E-1 4.42384E-1 4.42282E-1 4.60456E-1 4.2028E-1 4.7105E-1 4.67278E-1 5.25809E-1 4.66609E-1 5.13953E-1 5.07615E-1 5.63112E-1 4.62065E-1 5.19285E-1 5.1498E-1 5.37848E-1 4.84812E-1 4.73304E-1 4.18148E-1 4.75318E-1 5.05421E-1 5.33582E-1 3.84452E-1 4.81907E-1 4.70929E-1 5.17295E-1 6.13172E-1 4.39196E-1 6.37824E-1 5.40684E-1 3.72702E-1 4.73593E-1 4.27423E-1 4.70119E-1 4.65466E-1 3.99776E-1 3.48256E-1 3.46946E-1 3.49136E-1 3.59515E-1 5.05266E-1 4.62123E-1 4.33227E-1 4.43713E-1 5.06151E-1 5.88881E-1 5.11395E-1 4.47985E-1 3.48073E-1 4.02652E-1 4.35718E-1 3.6063E-1 4.24503E-1 4.20532E-1 5.13802E-1 5.28518E-1
4.72874E-1 5.18659E-1 5.46542E-1 4.75604E-1 4.38127E-1 4.51731E-1 4.61246E-1 4.47229E-1 5.06391E-1 4.86531E-1 4.78083E-1 4.75642E-1 4.54045E-1 5.2448E-1 5.1132E-1 5.88159E-1 4.5381E-1 5.31829E-1 5.56573E-1 4.70701E-1 5.5867E-1 5.56442E-1 4.48948E-1 4.97913E-1 4.47852E-1 4.49832E-1 5.33729E-1 4.77052E-1 4.35155E-1 5.53059E-1 4.41591E-1 5.18341E-1 5.04395E-1 5.52442E-1 4.14552E-1 4.04908E-1 4.52976E-1 5.01263E-1 4.74323E-1 4.38018E-1 4.24225E-1 4.03194E-1 3.52886E-1 3.46289E-1 3.34626E-1 4.25426E-1 5.42034E-1 4.2646E-1 4.0745E-1 5.77091E-1 5.62529E-1 5.06333E-1 3.76084E-1 3.46804E-1 4.07132E-1 4.21573E-1 3.8469E-1 3.72173E-1 3.63803E-1 4.54568E-1 4.96057E-1
4.58483E-1 5.09938E-1 5.11868E-1 4.81409E-1 4.65532E-1 5.21952E-1 4.30253E-1 4.55553E-1 4.62051E-1 4.1522E-1 4.49269E-1 4.53864E-1 4.93395E-1 5.08277E-1 5.4091E-1 5.33927E-1 4.33146E-1 5.56234E-1 4.85916E-1 5.31946E-1 4.86951E-1 5.42694E-1 4.70598E-1 4.67469E-1 4.3477E-1 4.19511E-1 5.86439E-1 4.79665E-1 4.32306E-1 5.32426E-1 4.99764E-1 5.21796E-1 4.49595E-1 6.68627E-1 4.52515E-1 4.5829E-1 4.31982E-1 4.86377E-1 4.5349E-1 4.16591E-1 4.63519E-1 4.73807E-1 3.65179E-1 3.48387E-1 3.73289E-1 5.61244E-1 5.63805E-1 4.0975E-1 4.76379E-1 5.1795E-1 5.10804E-1 4.26925E-1 3.84797E-1 4.02862E-1 4.16792E-1 4.24078E-1 3.60273E-1 2.9786E-1 3.05245E-1 3.26165E-1 3.33617E-1
4.96487E-1 5.19143E-1 5.02921E-1 4.87038E-1 4.87427E-1 5.28784E-1 5.71697E-1 5.28908E-1 4.90077E-1 4.79946E-1 4.51497E-1 4.76916E-1 4.70284E-1 5.382E-1 5.67239E-1 5.71204E-1 4.8741E-1 6.0745E-1 4.68339E-1 5.92517E-1 4.59058E-1 5.12405E-1 4.67739E-1 4.29006E-1 4.74644E-1 3.69236E-1 4.5188E-1 4.69608E-1 4.28581E-1 5.38455E-1 5.45816E-1 4.72195E-1 4.3396E-1 5.68772E-1 4.47555E-1 4.47201E-1 4.65347E-1 4.71931E-1 4.05597E-1 3.78054E-1 4.16E-1 4.01305E-1 4.12097E-1 4.11653E-1 4.83945E-1 5.50585E-1 4.42607E-1 4.5914E-1 5.1943E-1 5.59054E-1 5.03247E-1 4.24329E-1 3.96896E-1 4.34222E-1 4.30799E-1 4.23141E-1 3.07341E-1 3.03563E-1 3.17526E-1 3.27645E-1 3.31548E-1
5.39556E-1 5.12996E-1 5.12813E-1 5.43956E-1 5.5153E-1 5.20567E-1 5.79567E-1 4.81453E-1 5.12182E-1 5.0206E-1 5.20662E-1 4.74226E-1 4.65125E-1 4.98902E-1 5.3742E-1 4.90551E-1 5.20621E-1 5.11765E-1 4.67342E-1 5.17323E-1 5.00347E-1 4.74233E-1 4.17225E-1 4.59569E-1 3.7185E-1 3.27335E-1 5.01557E-1 4.6171E-1 4.23652E-1 5.4682E-1 5.18504E-1 4.34725E-1 4.9939E-1 4.51135E-1 4.43648E-1 5.18507E-1 3.86187E-1 4.83606E-1 3.98243E-1 4.85517E-1 3.96139E-1 3.86063E-1 4.55392E-1 4.98374E-1 5.25976E-1 4.8701E-1 5.46986E-1 5.32778E-1 5.72202E-1 5.57629E-1 5.0079E-1 4.10869E-1 4.1604E-1 4.15935E-1 3.86631E-1 3.32915E-1 3.23373E-1 3.18E-1 3.4911E-1 3.75109E-1 3.91187E-1
5.68501E-1 5.71279E-1 5.1709E-1 5.48384E-1 5.23757E-1 4.89876E-1 5.61729E-1 5.12648E-1 5.1487E-1 5.11995E-1 5.03715E-1 5.24691E-1 4.80182E-1 4.77327E-1 4.44459E-1 4.70444E-1 4.8451E-1 5.00836E-1 5.42217E-1 4.55115E-1 5.08888E-1 3.77943E-1 4.19952E-1 3.96848E-1 3.07221E-1 3.76646E-1 5.33761E-1 4.13463E-1 4.01476E-1 5.00012E-1 5.08328E-1 4.36639E-1 5.0368E-1 5.23361E-1 4.41503E-1 5.21569E-1 4.20059E-1 5.09036E-1 4.03363E-1 4.75396E-1 4.03155E-1 4.0976E-1 4.9777E-1 5.10475E-1 6.58043E-1 5.15973E-1 5.59157E-1 4.59552E-1 4.61118E-1 4.74851E-1 5.56052E-1 4.36047E-1 3.89104E-1 3.62683E-1 3.26675E-1 3.3026E-1 3.64739E-1 3.71038E-1 3.76456E-1 3.96177E-1 3.8931E-1
5.33696E-1 5.27937E-1 5.49922E-1 4.72217E-1 5.03287E-1 4.91264E-1 4.88668E-1 5.08642E-1 5.16895E-1 5.33386E-1 4.88624E-1 5.14671E-1 4.67664E-1 4.8005E-1 4.29367E-1 5.13649E-1 4.77868E-1 5.00923E-1 4.76087E-1 4.22342E-1 4.74907E-1 3.51845E-1 4.13194E-1 3.48044E-1 3.80981E-1 5.22536E-1 4.54959E-1 4.18319E-1 4.42023E-1 5.02314E-1 4.98782E-1 4.90168E-1 5.3686E-1 5.11053E-1 4.99312E-1 5.15396E-1 4.5844E-1 5.10385E-1 4.58726E-1 3.97337E-1 3.54537E-1 4.44634E-1 4.26411E-1 4.76382E-1 6.35727E-1 4.76698E-1 5.05467E-1 4.65146E-1 4.3747E-1 4.72908E-1 5.0184E-1 4.75607E-1 3.87642E-1 3.7062E-1 3.6407E-1 3.41566E-1 4.03539E-1 4.31847E-1 4.18362E-1 4.09431E-1 3.88987E-1
5.45076E-1 5.60935E-1 5.69277E-1 5.51938E-1 5.02872E-1 4.7097E-1 4.55288E-1 4.90647E-1 4.84845E-1 4.93665E-1 4.91973E-1 4.33452E-1 5.01432E-1 4.58519E-1 4.57698E-1 4.80245E-1 4.54165E-1 4.64953E-1 4.63132E-1 4.31096E-1 4.78065E-1 4.22425E-1 3.82963E-1 4.06216E-1 5.44534E-1 4.68456E-1 3.97932E-1 4.19069E-1 4.90687E-1 4.5694E-1 4.48894E-1 5.01102E-1 4.53529E-1 4.98841E-1 4.99353E-1 4.47338E-1 4.95642E-1 4.56722E-1 4.0332E-1 3.57866E-1 4.28221E-1 4.47292E-1 4.59132E-1 4.75933E-1 4.77808E-1 5.1617E-1 5.08713E-1 4.79109E-1 4.80945E-1 5.83472E-1 6.08416E-1 5.09185E-1 4.23307E-1 4.47994E-1 5.37267E-1 3.85569E-1 4.12824E-1 4.40155E-1 4.32428E-1 4.22773E-1 4.46261E-1
5.85834E-1 6.05447E-1 5.81949E-1 5.83003E-1 5.20826E-1 5.00045E-1 4.60851E-1 4.4641E-1 5.25613E-1 5.37309E-1 4.53365E-1 4.67788E-1 4.51526E-1 4.8801E-1 4.90047E-1 4.51793E-1 4.19767E-1 4.0566E-1 3.96571E-1 4.69559E-1 5.21226E-1 4.2697E-1 4.13987E-1 4.34233E-1 4.20706E-1 4.47683E-1 4.35881E-1 4.00846E-1 5.06524E-1 4.63075E-1 4.02129E-1 5.36525E-1 4.43422E-1 4.48904E-1 5.12645E-1 4.70113E-1 3.89428E-1 3.47652E-1 3.41406E-1 3.50089E-1 3.75742E-1 3.93072E-1 4.15305E-1 5.08621E-1 3.89009E-1 5.32792E-1 4.73843E-1 5.40509E-1 5.65103E-1 5.27341E-1 4.82387E-1 4.65805E-1 4.50726E-1 4.51691E-1 5.0543E-1 4.28796E-1 4.2904E-1 4.36049E-1 4.7099E-1 4.91947E-1 5.0828E-1
5.8967E-1 5.68686E-1 5.69349E-1 5.79923E-1 5.62543E-1 4.9288E-1 4.82931E-1 5.14404E-1 5.51974E-1 6.18061E-1 4.3986E-1 5.39168E-1 5.40378E-1 4.29366E-1 4.89381E-1 4.73174E-1 4.64767E-1 4.65965E-1 4.42785E-1 3.98051E-1 4.51166E-1 4.53839E-1 3.98627E-1 4.17559E-1 3.49155E-1 4.46279E-1 4.68388E-1 4.42773E-1 4.41842E-1 4.70347E-1 4.00289E-1 4.79129E-1 3.98482E-1 4.7313E-1 4.52954E-1 4.14595E-1 3.53506E-1 3.49529E-1 4.24551E-1 3.92853E-1 3.94204E-1 5.27424E-1 5.87325E-1 5.03705E-1 4.1679E-1 4.6134E-1 4.26069E-1 5.62869E-1 4.89604E-1 4.45445E-1 4.39202E-1 4.35255E-1 4.6473E-1 4.32222E-1 4.11657E-1 4.5522E-1 4.64902E-1 4.4636E-1 4.96391E-1 5.26056E-1 5.22026E-1
6.01696E-1 6.16945E-1 5.93012E-1 5.94559E-1 6.01911E-1 5.67107E-1 4.84646E-1 4.84068E-1 4.65714E-1 6.14484E-1 5.26959E-1 4.90712E-1 5.02354E-1 4.81679E-1 4.88896E-1 4.60585E-1 4.54362E-1 4.31912E-1 4.73757E-1 4.13169E-1 3.9441E-1 4.10763E-1 4.40449E-1 4.09858E-1 4.37377E-1 4.69673E-1 5.13558E-1 4.53887E-1 4.52068E-1 4.24314E-1 4.94885E-1 4.81108E-1 4.6161E-1 4.62996E-1 4.58839E-1 4.62103E-1 4.27457E-1 4.47597E-1 4.84147E-1 4.68813E-1 5.03058E-1 5.5899E-1 5.70088E-1 4.71085E-1 4.60533E-1 5.04092E-1 4.52478E-1 4.75273E-1 5.18265E-1 4.88026E-1 4.32513E-1 4.18879E-1 4.52654E-1 4.81577E-1 4.07953E-1 4.44176E-1 4.54743E-1 4.72793E-1 4.67559E-1 4.91855E-1 4.99123E-1
5.44834E-1 5.97836E-1 5.67508E-1 5.59805E-1 5.97395E-1 5.98875E-1 5.98587E-1 4.92118E-1 4.49268E-1 5.48084E-1 5.62554E-1 4.93727E-1 5.14588E-1 5.45466E-1 4.77984E-1 4.54807E-1 4.72192E-1 4.58262E-1 4.36315E-1 3.9353E-1 4.13565E-1 4.1582E-1 4.82728E-1 4.14407E-1 5.12494E-1 4.31657E-1 4.58035E-1 4.61483E-1 4.84796E-1 4.37422E-1 5.23304E-1 5.1323E-1 5.23523E-1 4.94239E-1 4.9409E-1 5.08123E-1 4.88943E-1 5.00746E-1 5.60511E-1 4.86366E-1 5.24589E-1 4.86979E-1 5.26197E-1 4.87575E-1 5.06618E-1 5.16846E-1 4.62129E-1 4.48845E-1 4.37788E-1 4.72069E-1 4.94474E-1 4.74226E-1 4.23186E-1 4.60608E-1 4.65587E-1 4.20345E-1 4.54499E-1 4.60268E-1 4.57145E-1 4.65392E-1 4.32007E-1
5.17094E-1 5.36174E-1 5.78091E-1 6.02179E-1 6.10004E-1 5.90388E-1 5.67929E-1 5.67861E-1 5.02544E-1 5.08484E-1 5.21622E-1 5.05983E-1 5.13969E-1 5.1247E-1 5.29565E-1 5.0369E-1 4.20798E-1 4.5613E-1 4.78139E-1 4.51356E-1 4.58268E-1 4.72034E-1 4.58197E-1 3.83087E-1 3.92458E-1 4.47998E-1 4.25914E-1 4.79358E-1 4.52231E-1 4.83034E-1 5.15398E-1 4.95484E-1 5.01112E-1 4.89267E-1 4.70135E-1 4.91477E-1 4.77401E-1 4.8546E-1 5.06562E-1 4.80446E-1 4.95649E-1 5.12409E-1 4.66776E-1 4.71666E-1 4.52093E-1 4.59551E-1 4.50292E-1 4.52978E-1 4.5197E-1 4.50197E-1 4.52425E-1 4.65361E-1 4.87188E-1 4.59487E-1 4.69338E-1 4.70284E-1 4.44009E-1 4.50427E-1 4.69365E-1 4.38282E-1 3.96985E-1
5.14955E-1 5.37942E-1 5.39835E-1 5.85782E-1 6.02078E-1 5.83046E-1 5.81657E-1 6.1498E-1 5.40245E-1 4.88296E-1 5.38208E-1 5.16635E-1 4.81621E-1 5.17444E-1 5.28855E-1 5.10906E-1 4.81326E-1 4.06494E-1 4.41438E-1 4.6924E-1 4.86026E-1 4.56065E-1 4.06668E-1 4.19826E-1 4.24277E-1 4.92342E-1 4.53114E-1 4.13839E-1 4.93067E-1 4.95883E-1 4.92616E-1 4.93995E-1 4.88357E-1 4.79508E-1 4.7124E-1 5.11509E-1 4.8203E-1 4.14253E-1 4.24639E-1 4.62793E-1 4.78838E-1 5.11445E-1 4.73693E-1 4.68208E-1 4.44947E-1 4.35085E-1 4.36173E-1 4.18985E-1 4.09321E-1 4.31976E-1 4.59852E-1 5.43155E-1 5.03611E-1 5.18131E-1 4.6585E-1 4.80689E-1 4.66212E-1 4.2541E-1 4.37249E-1 3.83373E-1 3.88674E-1
5.28222E-1 5.07592E-1 5.27579E-1 5.51391E-1 5.7497E-1 6.02384E-1 6.12862E-1 5.9999E-1 5.99085E-1 4.92442E-1 5.82539E-1 5.39697E-1 5.36221E-1 5.44285E-1 5.35608E-1 5.66094E-1 5.69875E-1 4.89663E-1 4.94246E-1 4.87178E-1 5.02147E-1 5.01317E-1 4.27981E-1 4.18574E-1 4.84165E-1 4.77027E-1 4.60007E-1 4.33282E-1 5.06398E-1 4.66054E-1 5.02611E-1 5.09351E-1 5.44661E-1 4.89929E-1 4.58495E-1 4.7104E-1 5.10355E-1 4.58359E-1 4.57035E-1 4.37739E-1 4.29855E-1 4.38323E-1 4.71405E-1 4.0815E-1 4.0944E-1 4.53464E-1 4.71709E-1 4.2469E-1 4.40324E-1 4.39941E-1 4.25834E-1 4.44256E-1 4.71779E-1 4.77617E-1 4.6335E-1 4.91017E-1 5.08809E-1 4.45809E-1 4.62258E-1 3.99559E-1 3.90712E-1
5.58444E-1 5.1936E-1 5.33751E-1 5.27642E-1 5.48717E-1 5.67273E-1 5.77016E-1 5.99176E-1 6.36999E-1 5.40421E-1 5.06128E-1 5.7426E-1 4.84077E-1 5.2304E-1 5.54237E-1 5.05635E-1 5.40631E-1 5.40432E-1 4.69908E-1 4.57193E-1 4.58952E-1 4.68284E-1 4.50582E-1 4.2509E-1 4.60675E-1 4.55038E-1 4.72759E-1 5.16339E-1 5.28523E-1 4.81489E-1 4.87207E-1 4.50572E-1 4.72547E-1 4.7974E-1 4.722E-1 5.36863E-1 5.27058E-1 4.7534E-1 4.54686E-1 4.52199E-1 3.98373E-1 4.18795E-1 3.80498E-1 4.22292E-1 4.63942E-1 5.28655E-1 4.79531E-1 4.34721E-1 4.48518E-1 4.45841E-1 4.17492E-1 4.2189E-1 4.2286E-1 4.4277E-1 4.99096E-1 4.89694E-1 5.21599E-1 4.53779E-1 4.17768E-1 3.84153E-1 3.72569E-1
5.19726E-1 5.20517E-1 5.37035E-1 5.36094E-1 5.34072E-1 5.72809E-1 5.81003E-1 5.89654E-1 6.04356E-1 6.36253E-1 5.0024E-1 5.67246E-1 5.77278E-1 5.61653E-1 5.66912E-1 5.03956E-1 4.95839E-1 4.95457E-1 5.46056E-1 4.42975E-1 4.33326E-1 4.59654E-1 4.81171E-1 4.74795E-1 4.51429E-1 4.45323E-1 4.75742E-1 5.7438E-1 5.32703E-1 4.9492E-1 4.5942E-1 4.71555E-1 4.65744E-1 5.01248E-1 5.67902E-1 5.10615E-1 5.04313E-1 4.68198E-1 4.49205E-1 4.71088E-1 4.4288E-1 4.20037E-1 4.42663E-1 4.64726E-1 4.85126E-1 5.26801E-1 4.81422E-1 4.11529E-1 4.41713E-1 4.32439E-1 3.99686E-1 4.02139E-1 4.05943E-1 4.39385E-1 4.28E-1 4.41508E-1 4.88325E-1 4.94965E-1 4.2578E-1 4.04091E-1 3.79357E-1
5.43911E-1 5.47451E-1 5.37084E-1 5.40347E-1 5.43181E-1 5.56825E-1 6.15761E-1 6.09793E-1 5.89991E-1 5.67823E-1 5.69498E-1 4.98355E-1 5.40156E-1 5.39359E-1 5.37912E-1 5.7787E-1 5.76699E-1 4.99129E-1 5.73795E-1 5.38161E-1 4.40182E-1 4.65264E-1 5.22765E-1 5.70206E-1 5.40882E-1 5.11936E-1 4.7575E-1 5.26474E-1 5.41692E-1 4.79195E-1 4.71817E-1 5.15052E-1 4.89385E-1 4.96764E-1 4.92804E-1 4.97449E-1 5.35372E-1 4.7981E-1 4.53848E-1 4.81321E-1 4.95605E-1 4.72744E-1 4.66817E-1 4.96293E-1 5.15091E-1 5.29177E-1 4.98749E-1 4.54131E-1 4.0861E-1 4.19763E-1 4.00195E-1 3.94469E-1 4.00167E-1 4.04267E-1 4.33644E-1 4.49023E-1 4.22592E-1 4.49471E-1 4.63986E-1 4.71806E-1 4.12376E-1
5.34234E-1 5.4418E-1 5.56284E-1 5.56703E-1 5.4405E-1 5.50553E-1 6.12966E-1 6.00705E-1 5.49645E-1 5.57099E-1 5.65197E-1 5.21032E-1 5.59273E-1 5.39851E-1 5.47833E-1 5.57207E-1 6.28517E-1 5.44549E-1 5.8307E-1 5.34317E-1 4.6767E-1 5.14788E-1 4.66163E-1 5.10139E-1 6.03542E-1 5.98575E-1 5.53793E-1 5.24338E-1 4.99515E-1 4.93529E-1 5.24227E-1 5.11763E-1 5.31248E-1 5.38156E-1 5.31354E-1 4.879E-1 5.34747E-1 4.50684E-1 5.01911E-1 5.08285E-1 5.06237E-1 5.13334E-1 4.89174E-1 5.07983E-1 5.17068E-1 5.42318E-1 5.30454E-1 5.14952E-1 4.2802E-1 4.21322E-1 4.08325E-1 3.95645E-1 3.90312E-1 4.02726E-1 4.19557E-1 4.19735E-1 4.15616E-1 4.33696E-1 4.54659E-1 4.48688E-1 4.20393E-1
5.58975E-1 5.46764E-1 5.39556E-1 5.40034E-1 5.40345E-1 5.44074E-1 6.05675E-1 6.12596E-1 5.553E-1 5.41931E-1 5.69756E-1 5.411E-1 5.73693E-1 5.57784E-1 5.91002E-1 4.97585E-1 6.46061E-1 5.57475E-1 5.65882E-1 5.75499E-1 5.39091E-1 5.169E-1 4.92899E-1 4.39491E-1 5.0553E-1 5.78101E-1 5.42887E-1 5.34122E-1 5.23813E-1 5.23965E-1 5.95892E-1 5.8382E-1 5.63678E-1 5.4407E-1 5.19996E-1 5.18038E-1 5.11588E-1 4.91976E-1 5.0245E-1 5.36326E-1 5.14475E-1 4.5963E-1 4.23973E-1 4.3691E-1 4.42185E-1 4.8884E-1 5.03211E-1 4.99405E-1 4.7561E-1 4.23556E-1 3.95021E-1 3.91345E-1 3.99822E-1 3.95744E-1 3.99781E-1 4.01749E-1 3.90512E-1 3.94941E-1 4.00396E-1 4.12012E-1 3.8872E-1
