maxent_outputs/hummingbirds/hummingbird_227.asc
ncols         426
nrows         180
xllcorner     -130.0
yllcorner     24.0
cellsize      0.16666666666666666
NODATA_value  -9999
[rows 54 to 80 of 180, columns 305 to 365 of 426]
6.26272E-1 6.22576E-1 6.27495E-1 6.21771E-1 6.13409E-1 6.04204E-1 5.94226E-1 5.84414E-1 5.78609E-1 5.737E-1 5.62439E-1 5.68913E-1 5.62518E-1 5.55468E-1 5.64777E-1 5.7684E-1 5.79836E-1 5.82005E-1 5.9495E-1 6.02084E-1 6.14236E-1 6.21115E-1 6.04716E-1 6.20036E-1 6.39937E-1 6.32416E-1 6.14042E-1 6.10925E-1 6.03559E-1 6.01302E-1 5.84496E-1 5.75332E-1 5.61894E-1 5.18954E-1 4.93735E-1 5.2991E-1 5.34351E-1 5.5217E-1 5.73452E-1 6.19716E-1 6.21725E-1 6.00147E-1 5.91196E-1 5.93607E-1 5.83989E-1 5.6383E-1 5.47429E-1 5.8013E-1 5.57726E-1 5.66762E-1 5.80336E-1 6.12321E-1 6.23836E-1 6.27344E-1 6.25241E-1 6.214E-1 6.21639E-1 6.30878E-1 6.37468E-1 6.40486E-1 6.50357E-1
6.23374E-1 6.21589E-1 6.3521E-1 6.3178E-1 6.24246E-1 6.10236E-1 6.00354E-1 5.936E-1 5.88623E-1 5.80839E-1 5.76068E-1 5.74352E-1 5.71615E-1 5.73127E-1 5.80065E-1 5.98707E-1 6.13953E-1 6.33337E-1 6.19242E-1 6.13169E-1 6.12926E-1 6.08969E-1 6.06558E-1 5.91501E-1 5.87215E-1 5.8148E-1 5.78389E-1 5.77663E-1 5.80702E-1 5.76151E-1 5.77564E-1 5.75487E-1 5.67054E-1 5.31357E-1 5.23355E-1 5.45451E-1 5.28087E-1 5.43342E-1 5.79289E-1 6.08757E-1 6.02788E-1 5.80642E-1 5.84043E-1 5.76458E-1 5.66599E-1 5.58618E-1 5.86836E-1 5.65891E-1 5.55446E-1 5.73014E-1 6.15083E-1 6.28083E-1 6.31489E-1 6.46393E-1 6.53383E-1 6.36784E-1 6.32703E-1 6.3397E-1 6.48059E-1 6.58159E-1 6.78851E-1
6.34106E-1 6.36385E-1 6.39334E-1 6.28606E-1 6.30657E-1 6.16325E-1 6.09906E-1 6.08685E-1 6.10534E-1 5.99192E-1 5.91309E-1 5.94438E-1 5.92396E-1 5.93827E-1 6.07771E-1 6.32655E-1 6.50676E-1 6.41603E-1 6.42494E-1 6.30593E-1 6.25249E-1 6.0763E-1 5.79381E-1 5.68933E-1 5.60729E-1 5.70204E-1 5.65821E-1 5.7566E-1 5.75795E-1 5.74574E-1 5.71719E-1 5.67892E-1 5.57739E-1 5.53154E-1 5.85894E-1 5.67612E-1 5.34193E-1 5.47341E-1 5.84724E-1 5.70048E-1 5.76728E-1 5.79429E-1 5.6816E-1 5.54753E-1 5.66778E-1 5.46805E-1 5.9101E-1 5.68174E-1 5.92552E-1 6.36153E-1 6.20541E-1 6.23259E-1 6.33423E-1 6.59547E-1 6.68482E-1 6.70746E-1 6.51897E-1 6.44051E-1 6.70363E-1 6.87448E-1 7.06126E-1
6.29532E-1 6.26319E-1 6.26855E-1 6.28859E-1 6.29477E-1 6.06093E-1 5.96503E-1 6.0135E-1 6.09422E-1 6.08652E-1 6.114E-1 6.22135E-1 6.1855E-1 6.12885E-1 6.3285E-1 6.55659E-1 6.57711E-1 6.45402E-1 6.40397E-1 6.48704E-1 6.38657E-1 6.0041E-1 5.72676E-1 5.69594E-1 5.67988E-1 5.69443E-1 5.74239E-1 5.73858E-1 5.76798E-1 5.71967E-1 5.62474E-1 5.75295E-1 5.72158E-1 5.74973E-1 5.94282E-1 5.94103E-1 5.37594E-1 5.56582E-1 5.74471E-1 5.8811E-1 5.82204E-1 5.77189E-1 5.5404E-1 5.45834E-1 5.4689E-1 5.38793E-1 6.14678E-1 6.28058E-1 6.48665E-1 6.503E-1 6.35159E-1 6.47146E-1 6.56432E-1 6.72348E-1 6.78727E-1 6.80617E-1 6.7087E-1 6.82202E-1 6.99021E-1 7.17362E-1 7.28886E-1
6.15775E-1 6.30812E-1 6.31323E-1 6.24744E-1 6.26661E-1 6.17754E-1 6.14042E-1 6.03128E-1 6.15714E-1 6.28777E-1 6.41994E-1 6.46731E-1 6.43774E-1 6.40188E-1 6.57997E-1 6.74623E-1 6.84666E-1 6.84328E-1 6.82287E-1 6.38104E-1 6.10518E-1 5.90812E-1 5.82927E-1 5.79973E-1 5.78844E-1 5.82378E-1 5.83411E-1 5.92375E-1 5.90379E-1 5.88281E-1 5.7751E-1 5.73726E-1 5.9117E-1 5.9221E-1 5.84967E-1 5.70751E-1 5.54194E-1 5.87712E-1 5.84883E-1 5.74523E-1 5.75497E-1 5.89117E-1 5.58771E-1 5.55396E-1 5.57237E-1 6.25805E-1 6.83379E-1 7.3617E-1 6.99219E-1 6.78662E-1 6.77263E-1 6.70721E-1 6.84047E-1 6.90129E-1 6.99108E-1 7.05263E-1 7.01063E-1 7.13498E-1 7.24812E-1 7.37015E-1 7.42932E-1
6.29696E-1 6.39261E-1 6.251E-1 6.4294E-1 6.47742E-1 6.37052E-1 6.23708E-1 6.2673E-1 6.43863E-1 6.62602E-1 6.71107E-1 6.9001E-1 6.72767E-1 7.03385E-1 7.35563E-1 7.71845E-1 7.38713E-1 7.00301E-1 6.63529E-1 6.31944E-1 6.09031E-1 6.07273E-1 6.09511E-1 5.99962E-1 5.94801E-1 5.95443E-1 6.03326E-1 6.08125E-1 6.02344E-1 5.9308E-1 5.85585E-1 5.98294E-1 6.02236E-1 5.94126E-1 5.90726E-1 5.57318E-1 5.701E-1 6.07683E-1 6.14371E-1 5.93427E-1 5.98824E-1 5.90763E-1 5.68769E-1 5.95708E-1 6.44134E-1 6.90697E-1 7.08052E-1 7.10838E-1 7.09452E-1 6.94087E-1 6.99021E-1 7.03672E-1 7.09897E-1 7.16346E-1 7.24243E-1 7.3042E-1 7.36188E-1 7.46815E-1 7.47241E-1 7.4695E-1 7.53191E-1
6.51172E-1 6.70246E-1 6.71128E-1 6.97324E-1 7.16461E-1 7.30153E-1 7.34061E-1 7.39658E-1 7.53386E-1 7.61679E-1 7.45309E-1 7.31293E-1 6.96846E-1 7.55855E-1 7.98504E-1 7.99006E-1 7.88122E-1 7.42309E-1 6.96037E-1 6.65995E-1 6.50899E-1 6.27331E-1 6.12256E-1 6.1511E-1 6.14063E-1 6.16762E-1 6.24192E-1 6.25806E-1 6.22101E-1 6.05371E-1 5.95381E-1 5.97229E-1 6.02248E-1 6.02743E-1 5.8673E-1 5.65417E-1 5.87E-1 6.28911E-1 6.29025E-1 5.99711E-1 6.12593E-1 6.10427E-1 6.07338E-1 6.30115E-1 6.58113E-1 6.82612E-1 7.22312E-1 7.24038E-1 7.18791E-1 7.0783E-1 7.06555E-1 7.50343E-1 7.32532E-1 7.24279E-1 7.36273E-1 7.46895E-1 7.71236E-1 7.85686E-1 7.78644E-1 8.0078E-1 8.482E-1
7.31446E-1 7.66685E-1 7.70636E-1 7.77721E-1 7.79881E-1 7.71171E-1 7.65675E-1 7.65632E-1 7.74301E-1 7.82608E-1 7.95065E-1 7.99006E-1 7.97433E-1 8.12683E-1 8.2068E-1 8.24147E-1 8.19186E-1 7.66206E-1 7.03117E-1 6.85991E-1 6.69162E-1 6.5495E-1 6.44112E-1 6.53198E-1 6.53131E-1 6.43353E-1 6.52397E-1 6.48909E-1 6.4511E-1 6.18974E-1 6.2359E-1 6.17846E-1 6.17976E-1 6.19825E-1 6.06582E-1 5.83691E-1 5.91418E-1 6.33115E-1 6.44675E-1 6.39177E-1 6.31097E-1 6.18245E-1 6.3958E-1 6.57467E-1 6.6145E-1 6.80434E-1 6.9849E-1 7.18325E-1 7.0982E-1 7.07691E-1 7.06476E-1 7.30207E-1 7.21268E-1 7.38045E-1 7.8545E-1 7.94542E-1 7.8852E-1 8.16644E-1 -9999 8.80725E-1 -9999
7.81022E-1 7.79306E-1 7.7795E-1 7.77848E-1 7.70518E-1 7.62238E-1 7.58844E-1 7.58741E-1 7.68361E-1 7.80834E-1 7.88944E-1 7.98851E-1 8.04955E-1 8.13602E-1 8.18964E-1 8.20631E-1 8.02425E-1 7.67366E-1 7.21451E-1 7.10353E-1 6.96136E-1 6.77937E-1 6.83458E-1 6.88447E-1 6.91752E-1 6.80168E-1 6.75121E-1 6.71304E-1 6.68314E-1 6.52605E-1 6.43306E-1 6.43156E-1 6.28232E-1 6.3628E-1 6.08694E-1 5.92284E-1 5.9652E-1 6.13848E-1 6.72446E-1 6.61672E-1 6.39953E-1 6.44123E-1 6.52672E-1 6.60436E-1 6.67675E-1 6.77608E-1 6.93289E-1 7.22739E-1 7.16199E-1 7.11549E-1 7.19235E-1 7.27481E-1 7.33572E-1 7.57382E-1 -9999 -9999 -9999 -9999 -9999 -9999 -9999
7.80532E-1 7.76101E-1 7.62601E-1 7.38304E-1 7.27512E-1 7.12911E-1 7.02859E-1 7.00388E-1 7.24231E-1 7.59771E-1 7.72211E-1 7.76895E-1 7.79232E-1 7.80393E-1 7.69819E-1 7.32158E-1 7.22963E-1 7.15213E-1 7.21223E-1 7.25162E-1 7.16944E-1 7.04749E-1 7.17682E-1 7.10994E-1 6.96391E-1 6.90684E-1 6.89082E-1 6.89974E-1 6.8423E-1 6.73517E-1 6.65696E-1 6.53314E-1 6.38847E-1 6.16551E-1 5.98968E-1 5.98994E-1 6.31795E-1 6.61249E-1 6.828E-1 6.67813E-1 6.54378E-1 6.69131E-1 6.66833E-1 6.68984E-1 6.85352E-1 6.7668E-1 6.80756E-1 6.96707E-1 7.19064E-1 7.23039E-1 7.29255E-1 7.44475E-1 7.63319E-1 -9999 -9999 -9999 -9999 -9999 -9999 -9999 -9999
7.1615E-1 7.13491E-1 7.01443E-1 6.846E-1 6.65295E-1 6.47706E-1 6.33718E-1 6.27188E-1 6.51301E-1 6.83471E-1 6.83988E-1 6.76218E-1 6.72271E-1 6.87862E-1 6.91365E-1 6.96064E-1 7.00075E-1 6.953E-1 7.02072E-1 7.22416E-1 7.02832E-1 6.76433E-1 6.67537E-1 6.67157E-1 6.639E-1 6.74863E-1 6.88166E-1 6.87037E-1 6.91817E-1 6.83208E-1 6.7228E-1 6.57386E-1 6.35436E-1 6.03261E-1 5.97919E-1 6.27598E-1 6.77496E-1 7.11294E-1 7.07891E-1 6.81854E-1 6.68832E-1 6.94202E-1 6.96442E-1 7.03045E-1 6.98622E-1 6.7113E-1 6.70164E-1 7.00214E-1 7.15657E-1 7.17902E-1 7.52647E-1 7.69226E-1 -9999 -9999 -9999 -9999 -9999 -9999 -9999 -9999 -9999
7.03438E-1 7.05484E-1 6.90902E-1 6.72691E-1 6.59684E-1 6.34823E-1 6.13215E-1 6.15277E-1 6.30328E-1 6.44274E-1 6.48317E-1 6.48274E-1 6.50861E-1 6.61076E-1 6.70427E-1 6.67775E-1 6.70598E-1 6.69575E-1 6.5954E-1 6.74176E-1 6.64375E-1 6.50656E-1 6.51317E-1 6.465E-1 6.48273E-1 6.37342E-1 6.43995E-1 6.792E-1 6.80963E-1 6.74466E-1 6.65367E-1 6.5451E-1 6.36476E-1 6.10965E-1 6.04078E-1 6.51924E-1 7.01971E-1 7.43237E-1 7.2018E-1 7.06709E-1 6.77155E-1 7.04214E-1 7.25313E-1 7.24261E-1 7.21391E-1 6.99336E-1 6.84503E-1 7.07195E-1 7.17562E-1 7.35724E-1 7.7E-1 7.73498E-1 -9999 -9999 -9999 -9999 -9999 -9999 -9999 -9999 -9999
6.90512E-1 7.08842E-1 6.92033E-1 6.69695E-1 6.58045E-1 6.37681E-1 6.16671E-1 6.07285E-1 6.08454E-1 6.09095E-1 6.19206E-1 6.26835E-1 6.31232E-1 6.49593E-1 6.55985E-1 6.4336E-1 6.52809E-1 6.68385E-1 6.70844E-1 6.68377E-1 6.71629E-1 6.54492E-1 6.55226E-1 6.55717E-1 6.46066E-1 6.44596E-1 6.36147E-1 6.3832E-1 6.48046E-1 6.49316E-1 6.53279E-1 6.46858E-1 6.35744E-1 6.18922E-1 6.14574E-1 6.4669E-1 7.32779E-1 7.56929E-1 7.43121E-1 7.01084E-1 6.91559E-1 6.96908E-1 7.3671E-1 7.32134E-1 7.38918E-1 7.22275E-1 7.03704E-1 7.29811E-1 7.41441E-1 7.64995E-1 7.76088E-1 8.79726E-1 -9999 -9999 -9999 -9999 -9999 -9999 -9999 -9999 -9999
7.28641E-1 6.96764E-1 6.74496E-1 6.68058E-1 6.44785E-1 6.37825E-1 6.13526E-1 5.9471E-1 5.91222E-1 6.05759E-1 6.28902E-1 6.19247E-1 6.16916E-1 6.49648E-1 6.61565E-1 6.40381E-1 6.57972E-1 6.7798E-1 6.77623E-1 6.7313E-1 6.66182E-1 6.52066E-1 6.52724E-1 6.41277E-1 6.39633E-1 6.44223E-1 6.46785E-1 6.42043E-1 6.46317E-1 6.52671E-1 6.51084E-1 6.41454E-1 6.32801E-1 6.34578E-1 6.66067E-1 6.83453E-1 7.32536E-1 7.51584E-1 7.46574E-1 7.20841E-1 7.01106E-1 7.17683E-1 7.25336E-1 7.37753E-1 7.52854E-1 7.46576E-1 7.48655E-1 7.60614E-1 7.83613E-1 7.82736E-1 7.90651E-1 8.18602E-1 -9999 -9999 -9999 -9999 -9999 -9999 -9999 -9999 -9999
6.64954E-1 6.51865E-1 6.48473E-1 6.41689E-1 6.24328E-1 6.15544E-1 6.00193E-1 5.99068E-1 5.85163E-1 5.8444E-1 5.98894E-1 6.07649E-1 6.14587E-1 6.21677E-1 6.39503E-1 6.54129E-1 6.57098E-1 6.67018E-1 6.76967E-1 6.73306E-1 6.72726E-1 6.59081E-1 6.53942E-1 6.41466E-1 6.35888E-1 6.3801E-1 6.31518E-1 6.40372E-1 6.49663E-1 6.55226E-1 6.61416E-1 6.46494E-1 6.36022E-1 6.48903E-1 6.7529E-1 7.09032E-1 7.26948E-1 7.3769E-1 7.45078E-1 7.11154E-1 7.28177E-1 7.14748E-1 7.20638E-1 7.413E-1 7.59976E-1 7.65138E-1 7.76529E-1 7.8753E-1 7.94798E-1 7.90796E-1 7.9886E-1 8.07882E-1 -9999 -9999 -9999 -9999 -9999 -9999 -9999 -9999 -9999
6.48401E-1 6.48098E-1 6.42303E-1 6.29931E-1 6.0891E-1 6.01103E-1 5.91397E-1 5.97513E-1 5.8335E-1 5.74922E-1 5.78406E-1 6.01841E-1 6.05112E-1 6.16921E-1 6.3055E-1 6.43267E-1 6.56878E-1 6.79069E-1 6.80226E-1 6.78492E-1 6.76537E-1 6.66182E-1 6.61579E-1 6.52086E-1 6.43471E-1 6.36897E-1 6.27715E-1 6.40991E-1 6.47647E-1 6.65026E-1 6.5713E-1 6.59284E-1 6.45994E-1 6.5407E-1 6.83805E-1 6.99805E-1 7.32783E-1 7.43833E-1 7.53842E-1 7.17942E-1 7.52817E-1 7.44649E-1 7.31312E-1 7.55167E-1 7.71853E-1 7.84482E-1 7.86635E-1 8.02948E-1 8.06151E-1 8.05749E-1 -9999 -9999 -9999 -9999 -9999 -9999 -9999 -9999 -9999 -9999 -9999
6.45407E-1 6.45146E-1 6.47473E-1 6.31027E-1 6.14789E-1 5.96086E-1 5.90794E-1 5.83638E-1 5.87421E-1 5.91835E-1 5.87872E-1 5.95303E-1 6.1079E-1 6.1427E-1 6.22339E-1 6.4219E-1 6.57722E-1 6.69765E-1 6.77372E-1 6.81248E-1 6.7625E-1 6.73415E-1 6.70309E-1 6.68368E-1 6.55801E-1 6.44596E-1 6.43511E-1 6.60029E-1 6.89846E-1 6.96872E-1 7.07078E-1 6.77171E-1 6.60781E-1 6.77192E-1 6.96489E-1 7.24952E-1 7.53108E-1 7.65542E-1 7.62537E-1 7.44936E-1 7.52409E-1 7.59485E-1 7.55532E-1 7.73651E-1 7.85699E-1 7.98983E-1 7.96497E-1 8.16616E-1 8.18594E-1 8.21175E-1 8.26023E-1 -9999 -9999 -9999 -9999 -9999 -9999 -9999 -9999 -9999 -9999
6.53458E-1 6.58628E-1 6.54856E-1 6.41152E-1 6.09821E-1 6.01337E-1 5.93614E-1 5.87109E-1 5.86865E-1 5.89373E-1 5.88949E-1 5.97917E-1 6.07055E-1 6.16777E-1 6.26394E-1 6.3976E-1 6.51553E-1 6.59706E-1 6.73021E-1 6.75242E-1 6.7636E-1 6.79056E-1 6.83406E-1 6.84385E-1 6.78139E-1 6.69527E-1 6.73742E-1 7.12189E-1 7.29968E-1 7.30024E-1 7.1951E-1 6.84883E-1 6.79515E-1 6.84991E-1 7.16351E-1 7.33134E-1 7.65351E-1 7.81362E-1 7.64541E-1 7.57958E-1 7.72834E-1 7.86837E-1 7.89084E-1 7.84596E-1 8.0445E-1 8.12319E-1 8.07859E-1 8.18121E-1 8.26742E-1 8.2576E-1 8.33099E-1 8.40933E-1 -9999 8.27978E-1 8.35069E-1 -9999 -9999 -9999 -9999 -9999 -9999
6.55809E-1 6.66913E-1 6.64242E-1 6.51799E-1 6.26213E-1 6.0827E-1 6.012E-1 6.05096E-1 5.97572E-1 5.94091E-1 5.93609E-1 5.95443E-1 6.08336E-1 6.10858E-1 6.28752E-1 6.4059E-1 6.51941E-1 6.61273E-1 6.72925E-1 6.80236E-1 6.79927E-1 6.87943E-1 6.96207E-1 6.93746E-1 6.93073E-1 6.94046E-1 7.06194E-1 7.22186E-1 7.44116E-1 7.33106E-1 7.02175E-1 6.94914E-1 6.96732E-1 6.97652E-1 7.19329E-1 7.55135E-1 7.74781E-1 7.89088E-1 7.75162E-1 7.74861E-1 7.85859E-1 7.94916E-1 8.00161E-1 7.935E-1 8.18133E-1 8.15484E-1 8.11326E-1 8.25817E-1 8.35461E-1 8.40516E-1 8.36479E-1 8.34032E-1 -9999 -9999 8.52183E-1 8.68113E-1 -9999 -9999 -9999 -9999 -9999
6.55766E-1 6.62567E-1 6.6016E-1 6.55024E-1 6.37185E-1 6.2773E-1 6.12319E-1 6.10882E-1 6.15632E-1 6.08573E-1 5.97951E-1 5.91038E-1 6.04982E-1 6.16033E-1 6.30232E-1 6.45269E-1 6.56871E-1 6.57954E-1 6.60649E-1 6.64543E-1 6.7171E-1 6.86178E-1 6.98116E-1 6.96827E-1 6.94219E-1 6.97297E-1 7.09234E-1 7.10453E-1 7.15709E-1 7.11177E-1 6.88812E-1 6.94819E-1 6.97898E-1 7.26826E-1 7.49586E-1 7.67827E-1 7.82552E-1 7.90839E-1 7.92295E-1 7.95126E-1 8.03242E-1 8.01144E-1 8.05942E-1 8.09759E-1 8.18779E-1 8.13516E-1 8.10124E-1 8.31402E-1 8.4064E-1 8.43124E-1 8.37536E-1 8.3752E-1 8.44477E-1 8.49946E-1 8.62553E-1 8.71963E-1 -9999 -9999 -9999 -9999 -9999
6.60734E-1 6.56937E-1 6.53848E-1 6.5414E-1 6.55471E-1 6.41163E-1 6.33041E-1 6.35542E-1 6.27629E-1 6.2194E-1 6.15252E-1 6.07271E-1 6.13561E-1 6.30006E-1 6.4571E-1 6.5383E-1 6.5302E-1 6.65059E-1 6.71463E-1 6.67708E-1 6.667E-1 6.79836E-1 6.98575E-1 6.98059E-1 7.10189E-1 7.18788E-1 7.2927E-1 7.34747E-1 7.17667E-1 6.91502E-1 6.96912E-1 7.08346E-1 7.17504E-1 7.44828E-1 7.57698E-1 7.7148E-1 7.86539E-1 8.05552E-1 8.11688E-1 8.23245E-1 8.21713E-1 8.24527E-1 8.25693E-1 8.26822E-1 8.21245E-1 8.08921E-1 8.12411E-1 8.35035E-1 8.36488E-1 8.40687E-1 8.53567E-1 8.4821E-1 8.44217E-1 8.45016E-1 8.57602E-1 8.93139E-1 -9999 -9999 -9999 -9999 -9999
6.61979E-1 6.58415E-1 6.54762E-1 6.55256E-1 6.60625E-1 6.54085E-1 6.51138E-1 6.45034E-1 6.41663E-1 6.40754E-1 6.39053E-1 6.39822E-1 6.47471E-1 6.57111E-1 6.66813E-1 6.63498E-1 6.64163E-1 6.6956E-1 6.8105E-1 6.72962E-1 6.6913E-1 6.84632E-1 7.00799E-1 7.1996E-1 7.23328E-1 7.27723E-1 7.31509E-1 7.26669E-1 7.13612E-1 7.10542E-1 7.28816E-1 7.41647E-1 7.48547E-1 7.56623E-1 7.73158E-1 7.87711E-1 8.12658E-1 8.25651E-1 8.33593E-1 8.45732E-1 8.50507E-1 8.49663E-1 8.37873E-1 8.24809E-1 8.16693E-1 8.09659E-1 8.18818E-1 8.36642E-1 8.42086E-1 8.64855E-1 8.57953E-1 8.43096E-1 8.54438E-1 8.84588E-1 8.61001E-1 -9999 -9999 -9999 -9999 -9999 -9999
6.74807E-1 6.68291E-1 6.65758E-1 6.70904E-1 6.77187E-1 6.70089E-1 6.63166E-1 6.59062E-1 6.56539E-1 6.57993E-1 6.65802E-1 6.69232E-1 6.71993E-1 6.83208E-1 6.71707E-1 6.63258E-1 6.67396E-1 6.68696E-1 6.7633E-1 6.73881E-1 6.887E-1 7.12172E-1 7.31862E-1 7.33999E-1 7.28032E-1 7.31089E-1 7.28308E-1 7.25664E-1 7.34555E-1 7.44607E-1 7.50535E-1 7.52588E-1 7.48559E-1 7.69881E-1 7.91231E-1 8.07341E-1 8.24288E-1 8.41565E-1 8.51789E-1 8.52863E-1 8.55713E-1 8.50529E-1 8.40296E-1 8.43029E-1 8.20074E-1 8.39596E-1 -9999 -9999 -9999 -9999 8.61432E-1 -9999 -9999 8.53286E-1 8.35054E-1 8.37448E-1 -9999 -9999 -9999 -9999 -9999
6.81558E-1 6.82769E-1 6.75482E-1 6.90475E-1 6.80544E-1 6.71309E-1 6.68051E-1 6.67939E-1 6.76383E-1 6.73072E-1 6.74517E-1 6.8215E-1 6.93522E-1 6.91884E-1 6.7205E-1 6.70133E-1 6.64819E-1 6.79422E-1 6.88872E-1 6.93185E-1 7.05016E-1 7.20321E-1 7.34096E-1 7.21567E-1 7.28749E-1 7.30711E-1 7.2547E-1 7.49645E-1 7.69824E-1 7.64952E-1 7.58107E-1 7.70025E-1 7.73038E-1 7.87653E-1 8.00504E-1 8.09581E-1 8.5266E-1 -9999 -9999 8.54116E-1 8.61132E-1 8.55142E-1 8.52407E-1 8.50152E-1 -9999 8.33462E-1 -9999 -9999 -9999 -9999 -9999 -9999 -9999 -9999 -9999 -9999 -9999 -9999 -9999 -9999 -9999
7.00906E-1 7.01522E-1 7.02037E-1 6.95857E-1 6.95644E-1 6.81107E-1 6.89351E-1 6.91259E-1 6.82412E-1 6.81006E-1 6.87508E-1 6.97701E-1 7.05884E-1 6.95412E-1 6.91032E-1 6.79527E-1 6.77455E-1 6.97995E-1 7.11796E-1 7.15594E-1 7.16598E-1 7.1714E-1 7.09875E-1 7.24733E-1 7.31224E-1 7.37874E-1 7.52001E-1 7.68198E-1 7.71935E-1 7.71332E-1 7.75467E-1 7.91642E-1 7.90712E-1 8.21284E-1 8.37519E-1 8.38069E-1 8.4E-1 8.44968E-1 8.31491E-1 8.19882E-1 8.53018E-1 8.39866E-1 8.41955E-1 -9999 -9999 -9999 -9999 -9999 -9999 -9999 -9999 -9999 -9999 -9999 -9999 -9999 -9999 -9999 -9999 -9999 -9999
7.07571E-1 7.11865E-1 7.09089E-1 7.05186E-1 7.02865E-1 7.07629E-1 7.01012E-1 6.97643E-1 7.00333E-1 6.94606E-1 7.05147E-1 7.12206E-1 7.17809E-1 7.10051E-1 7.0641E-1 6.99687E-1 7.01531E-1 7.09745E-1 7.28917E-1 7.31032E-1 7.11431E-1 6.99624E-1 7.07811E-1 7.14021E-1 7.40388E-1 7.51669E-1 7.53618E-1 7.60403E-1 7.65991E-1 7.83037E-1 7.97517E-1 8.12431E-1 8.20807E-1 7.88626E-1 8.10225E-1 8.29314E-1 8.3504E-1 8.30538E-1 8.15507E-1 7.97736E-1 -9999 -9999 -9999 -9999 -9999 -9999 -9999 -9999 -9999 -9999 -9999 -9999 -9999 -9999 -9999 -9999 -9999 -9999 -9999 -9999 -9999
7.18133E-1 7.22915E-1 7.13555E-1 7.09926E-1 7.12568E-1 7.10489E-1 7.02624E-1 7.06312E-1 7.03717E-1 7.03347E-1 7.07232E-1 7.19013E-1 7.27392E-1 7.26162E-1 7.22226E-1 7.24785E-1 7.20936E-1 7.30274E-1 7.32515E-1 7.2801E-1 7.17181E-1 7.13767E-1 7.30705E-1 7.36129E-1 7.42864E-1 7.4721E-1 7.40206E-1 7.51757E-1 7.64938E-1 7.85758E-1 8.08403E-1 8.25368E-1 8.18708E-1 7.93683E-1 8.06045E-1 8.37114E-1 8.63447E-1 -9999 -9999 -9999 -9999 -9999 -9999 -9999 -9999 -9999 -9999 -9999 -9999 -9999 -9999 -9999 -9999 -9999 -9999 -9999 -9999 -9999 -9999 -9999 -9999
