maxent_outputs/hummingbirds/hummingbird_275.asc
ncols         426
nrows         180
xllcorner     -130.0
yllcorner     24.0
cellsize      0.16666666666666666
NODATA_value  -9999
[rows 27 to 53 of 180, columns 61 to 121 of 426]
2.48727E-1 3.15114E-1 2.31611E-1 2.17891E-1 2.07759E-1 2.12916E-1 2.17863E-1 2.19018E-1 2.2299E-1 2.26498E-1 3.08267E-1 2.58925E-1 2.30197E-1 2.65105E-1 2.37302E-1 2.07781E-1 1.91561E-1 1.95338E-1 2.92002E-1 1.8046E-1 1.71886E-1 1.77292E-1 1.78506E-1 1.64377E-1 1.73497E-1 1.6564E-1 1.71316E-1 1.53925E-1 1.43961E-1 1.41704E-1 1.31173E-1 1.38472E-1 1.66574E-1 1.92447E-1 2.00216E-1 1.88541E-1 1.77414E-1 1.77561E-1 1.84871E-1 1.82927E-1 1.82095E-1 1.87711E-1 1.88957E-1 1.91461E-1 1.85441E-1 1.84152E-1 1.75402E-1 1.65084E-1 1.55635E-1 1.52635E-1 1.49919E-1 1.45463E-1 1.40623E-1 1.33994E-1 1.22332E-1 1.11933E-1 1.03717E-1 1.02263E-1 1.00525E-1 1.01603E-1 9.82198E-2
2.59763E-1 2.93577E-1 2.37104E-1 2.30038E-1 2.32163E-1 2.25451E-1 2.20209E-1 2.25253E-1 2.52868E-1 2.51537E-1 2.2871E-1 2.29316E-1 2.69552E-1 2.61494E-1 2.20209E-1 2.16737E-1 2.00463E-1 1.98429E-1 2.50771E-1 2.26236E-1 1.90127E-1 1.79161E-1 1.72348E-1 1.64623E-1 1.66949E-1 1.55919E-1 1.85914E-1 1.83105E-1 1.66066E-1 1.45393E-1 1.37999E-1 1.29241E-1 1.39891E-1 1.62558E-1 1.76088E-1 1.7825E-1 1.82053E-1 1.87264E-1 1.8317E-1 1.85478E-1 1.86035E-1 1.87105E-1 1.84399E-1 1.80865E-1 1.76041E-1 1.7833E-1 1.78694E-1 1.66533E-1 1.54285E-1 1.4901E-1 1.46418E-1 1.43504E-1 1.39573E-1 1.37218E-1 1.29619E-1 1.15866E-1 9.93339E-2 9.43529E-2 9.32303E-2 8.55416E-2 8.44012E-2
2.952E-1 2.89339E-1 2.82949E-1 2.14659E-1 2.00294E-1 2.16515E-1 2.26526E-1 2.3661E-1 2.52266E-1 2.97561E-1 2.50371E-1 2.55905E-1 2.68956E-1 2.73697E-1 2.48342E-1 2.45048E-1 2.12032E-1 1.96335E-1 2.01494E-1 2.75559E-1 2.31092E-1 1.85108E-1 1.79505E-1 1.65806E-1 1.67584E-1 1.71447E-1 1.70909E-1 2.14148E-1 1.96418E-1 1.51986E-1 1.36957E-1 1.39729E-1 1.35112E-1 1.29954E-1 1.45187E-1 1.73492E-1 1.8676E-1 1.89948E-1 1.82904E-1 1.82133E-1 1.84299E-1 1.82261E-1 1.79176E-1 1.71879E-1 1.60215E-1 1.65938E-1 1.71745E-1 1.64193E-1 1.64005E-1 1.68557E-1 1.70478E-1 1.6273E-1 1.57314E-1 1.47315E-1 1.31951E-1 1.28091E-1 1.22499E-1 1.01533E-1 8.70432E-2 8.38825E-2 8.34783E-2
2.72797E-1 2.93307E-1 3.1462E-1 2.00035E-1 1.78113E-1 2.25468E-1 2.41986E-1 2.40927E-1 2.47409E-1 2.82257E-1 2.74766E-1 2.83372E-1 2.83719E-1 2.69309E-1 2.64445E-1 2.54151E-1 2.27821E-1 2.1514E-1 1.93827E-1 2.42327E-1 2.75922E-1 2.23812E-1 1.9427E-1 1.87311E-1 1.8189E-1 1.68482E-1 1.69157E-1 2.18561E-1 2.1808E-1 1.77751E-1 1.47239E-1 1.46068E-1 1.48283E-1 1.33139E-1 1.25859E-1 1.40404E-1 1.68739E-1 1.95075E-1 1.93703E-1 1.86963E-1 1.83709E-1 1.81738E-1 1.82088E-1 1.78607E-1 1.69033E-1 1.66995E-1 1.70555E-1 1.77248E-1 1.61811E-1 1.62217E-1 1.66108E-1 1.62976E-1 1.76026E-1 1.70735E-1 1.46639E-1 1.32682E-1 1.3158E-1 1.23685E-1 1.13862E-1 1.13033E-1 1.10702E-1
2.69389E-1 2.77308E-1 2.98302E-1 2.26153E-1 2.28251E-1 2.23332E-1 2.3621E-1 2.22081E-1 2.53045E-1 2.77806E-1 2.93339E-1 2.8246E-1 2.65111E-1 2.65406E-1 2.70924E-1 2.54513E-1 2.44875E-1 2.61688E-1 2.22594E-1 2.11521E-1 2.81713E-1 2.72207E-1 2.33451E-1 2.12386E-1 1.97068E-1 1.70382E-1 1.8149E-1 2.06403E-1 1.82124E-1 1.97024E-1 1.6125E-1 1.43689E-1 1.47885E-1 1.52694E-1 1.38463E-1 1.17193E-1 1.30417E-1 1.84614E-1 2.02291E-1 1.95475E-1 1.82776E-1 1.84501E-1 1.85678E-1 1.86344E-1 1.81333E-1 1.74205E-1 1.83398E-1 1.80736E-1 1.56957E-1 1.50609E-1 1.46359E-1 1.4199E-1 1.47551E-1 1.49464E-1 1.45334E-1 1.35993E-1 1.30432E-1 1.30507E-1 1.29941E-1 1.2777E-1 1.29125E-1
2.57137E-1 2.68649E-1 2.68582E-1 2.36331E-1 2.4272E-1 2.44163E-1 2.43278E-1 2.42566E-1 2.6714E-1 2.89439E-1 3.15878E-1 2.8197E-1 2.68108E-1 2.61992E-1 2.72029E-1 2.61437E-1 2.62241E-1 2.97641E-1 2.48864E-1 2.18886E-1 2.76483E-1 2.29283E-1 2.44016E-1 2.57395E-1 1.95683E-1 2.07088E-1 1.87088E-1 2.41072E-1 1.75272E-1 1.72684E-1 1.811E-1 1.77967E-1 1.59337E-1 1.44793E-1 1.69136E-1 1.94787E-1 1.44778E-1 1.42601E-1 1.7161E-1 2.00608E-1 1.82375E-1 1.97975E-1 2.06233E-1 2.12362E-1 2.19997E-1 2.17578E-1 2.17626E-1 1.83481E-1 1.66497E-1 1.53904E-1 1.47286E-1 1.43063E-1 1.39202E-1 1.38171E-1 1.3649E-1 1.35115E-1 1.32615E-1 1.31967E-1 1.30534E-1 1.31297E-1 1.33224E-1
2.74168E-1 2.95337E-1 2.82285E-1 2.51863E-1 2.533E-1 2.74925E-1 2.61705E-1 2.46156E-1 2.82479E-1 3.23676E-1 2.86374E-1 2.8498E-1 2.78053E-1 2.70256E-1 2.68096E-1 2.72959E-1 2.78812E-1 2.75707E-1 2.53478E-1 2.6243E-1 2.82474E-1 2.36927E-1 2.15403E-1 2.65945E-1 2.26508E-1 2.44888E-1 2.33493E-1 2.34632E-1 1.8255E-1 1.73733E-1 1.58212E-1 1.94684E-1 2.08287E-1 1.90912E-1 1.91541E-1 1.77287E-1 1.57493E-1 1.3768E-1 1.44147E-1 2.00187E-1 1.95451E-1 2.04259E-1 2.14393E-1 2.17833E-1 2.15085E-1 2.0762E-1 2.06336E-1 1.87617E-1 1.776E-1 1.67529E-1 1.50855E-1 1.45346E-1 1.40073E-1 1.39383E-1 1.37506E-1 1.34209E-1 1.31913E-1 1.30991E-1 1.29697E-1 1.36661E-1 1.50001E-1
2.83402E-1 2.75543E-1 2.85058E-1 2.82422E-1 2.85885E-1 2.76065E-1 2.84053E-1 2.80064E-1 2.95086E-1 3.05795E-1 2.92951E-1 2.77562E-1 2.7913E-1 2.83421E-1 2.8581E-1 2.72441E-1 2.86611E-1 2.86766E-1 2.79316E-1 3.05032E-1 3.34233E-1 2.82891E-1 2.20464E-1 2.53788E-1 2.18894E-1 2.23629E-1 2.24439E-1 2.20411E-1 2.05866E-1 1.85395E-1 1.54535E-1 1.91349E-1 2.07792E-1 2.03358E-1 1.88816E-1 1.73921E-1 1.55682E-1 1.61393E-1 1.5287E-1 1.74069E-1 2.03128E-1 2.19451E-1 2.18116E-1 2.26057E-1 2.16205E-1 2.05581E-1 1.99651E-1 1.8488E-1 1.73011E-1 1.60109E-1 1.55039E-1 1.48116E-1 1.48768E-1 1.41998E-1 1.41921E-1 1.40843E-1 1.33797E-1 1.31468E-1 1.25982E-1 1.42146E-1 1.61037E-1
2.75741E-1 2.82761E-1 2.64354E-1 2.71464E-1 2.71732E-1 2.7273E-1 3.0201E-1 3.06106E-1 3.19664E-1 3.27074E-1 2.87772E-1 2.87649E-1 2.81586E-1 2.81222E-1 2.82125E-1 2.79795E-1 2.85126E-1 2.89039E-1 2.92776E-1 3.07477E-1 3.53835E-1 3.07692E-1 2.68429E-1 2.62097E-1 2.43742E-1 2.09188E-1 2.32058E-1 2.18751E-1 2.15074E-1 1.96715E-1 1.95799E-1 2.02917E-1 2.13535E-1 2.36434E-1 2.4779E-1 1.87901E-1 1.52784E-1 1.52259E-1 1.41525E-1 1.48751E-1 1.61082E-1 1.81332E-1 2.16534E-1 2.21723E-1 2.10028E-1 1.97531E-1 1.93329E-1 1.86999E-1 1.78137E-1 1.71119E-1 1.65224E-1 1.70764E-1 1.68182E-1 1.65367E-1 1.68771E-1 1.66585E-1 1.51251E-1 1.4369E-1 1.36934E-1 1.36505E-1 1.49097E-1
2.30607E-1 2.42845E-1 2.33996E-1 2.42347E-1 3.09169E-1 2.84096E-1 3.119E-1 3.0938E-1 3.30632E-1 3.18705E-1 3.07867E-1 3.05721E-1 3.19488E-1 2.98046E-1 2.91407E-1 2.95989E-1 3.05363E-1 3.04224E-1 2.84134E-1 3.07054E-1 2.95374E-1 2.64587E-1 2.55739E-1 2.56156E-1 2.60014E-1 2.40831E-1 2.40754E-1 2.2595E-1 2.11581E-1 1.97822E-1 2.07039E-1 2.02097E-1 2.19342E-1 2.47586E-1 3.14064E-1 2.30865E-1 1.7506E-1 1.52521E-1 1.59823E-1 1.40275E-1 1.58263E-1 1.64203E-1 2.0818E-1 2.14936E-1 2.21905E-1 2.2967E-1 2.2109E-1 2.25911E-1 2.19415E-1 2.12355E-1 2.00754E-1 2.00042E-1 1.85213E-1 1.75336E-1 1.76668E-1 1.82065E-1 1.69142E-1 1.61061E-1 1.68102E-1 1.54153E-1 1.44299E-1
2.33927E-1 2.4124E-1 2.37123E-1 2.72751E-1 2.63869E-1 2.58706E-1 2.52039E-1 2.46634E-1 2.65961E-1 2.72938E-1 2.84347E-1 2.84097E-1 2.86933E-1 3.14473E-1 3.34418E-1 3.11116E-1 3.17403E-1 3.11426E-1 3.17464E-1 3.06371E-1 2.82056E-1 2.7576E-1 2.69165E-1 2.59039E-1 2.58107E-1 2.55542E-1 2.41864E-1 2.32873E-1 2.29453E-1 2.04341E-1 2.15643E-1 2.12836E-1 2.24541E-1 2.46296E-1 2.93876E-1 2.22069E-1 1.90678E-1 1.48482E-1 1.55115E-1 1.42254E-1 1.72875E-1 1.75937E-1 1.96922E-1 2.10574E-1 2.20336E-1 2.37379E-1 2.3226E-1 2.22201E-1 2.18888E-1 2.00736E-1 1.9262E-1 2.00764E-1 2.01948E-1 1.98335E-1 1.9735E-1 1.92454E-1 1.88051E-1 1.83709E-1 1.77265E-1 1.79448E-1 1.65811E-1
2.54783E-1 2.58858E-1 2.9367E-1 3.09621E-1 2.73071E-1 2.76249E-1 2.69924E-1 2.63846E-1 2.58892E-1 2.60574E-1 2.63318E-1 2.71016E-1 2.90502E-1 3.05444E-1 3.36162E-1 3.30533E-1 3.23672E-1 3.30711E-1 3.61324E-1 3.34687E-1 3.11446E-1 2.98212E-1 2.85157E-1 2.67518E-1 2.54736E-1 2.55235E-1 2.49597E-1 2.53425E-1 2.46532E-1 2.32973E-1 2.34896E-1 2.2621E-1 2.18397E-1 2.3245E-1 2.24769E-1 1.87282E-1 1.89498E-1 1.58404E-1 1.54126E-1 1.38749E-1 1.6857E-1 1.98008E-1 2.13149E-1 2.0935E-1 2.17881E-1 2.24317E-1 2.2697E-1 2.30231E-1 2.19512E-1 2.182E-1 2.10264E-1 2.09959E-1 2.02969E-1 2.01782E-1 1.92634E-1 1.87488E-1 1.89871E-1 1.91699E-1 1.83212E-1 1.8038E-1 1.75636E-1
2.87156E-1 2.86194E-1 3.40324E-1 3.15724E-1 3.16426E-1 3.03925E-1 2.99345E-1 2.87519E-1 2.75603E-1 2.73847E-1 2.8424E-1 2.88142E-1 3.14173E-1 3.31543E-1 3.20346E-1 3.13226E-1 3.00044E-1 3.06351E-1 3.32152E-1 3.18162E-1 2.93878E-1 2.83259E-1 2.65555E-1 2.46613E-1 2.31536E-1 2.3698E-1 2.32831E-1 2.39233E-1 2.45733E-1 2.5545E-1 2.50211E-1 2.33799E-1 2.28514E-1 2.31928E-1 2.27565E-1 1.89224E-1 1.75009E-1 1.83397E-1 1.67791E-1 1.60065E-1 1.6806E-1 1.85553E-1 2.00714E-1 2.05359E-1 2.11269E-1 2.12577E-1 2.1152E-1 2.07885E-1 2.10572E-1 2.09903E-1 2.08119E-1 2.03652E-1 1.99256E-1 1.99394E-1 1.80174E-1 1.76981E-1 1.80298E-1 1.85086E-1 1.91298E-1 1.88521E-1 1.82618E-1
3.29414E-1 3.41703E-1 3.19746E-1 3.2552E-1 3.10609E-1 2.96126E-1 2.97976E-1 2.92683E-1 2.89901E-1 2.96066E-1 3.10944E-1 3.21359E-1 3.30465E-1 3.45151E-1 3.35664E-1 3.22217E-1 3.22174E-1 3.1415E-1 3.06808E-1 3.01462E-1 2.85001E-1 2.70569E-1 2.63724E-1 2.51135E-1 2.36189E-1 2.39354E-1 2.46585E-1 2.56653E-1 2.47413E-1 2.44237E-1 2.4706E-1 2.25213E-1 2.36783E-1 2.33729E-1 2.27894E-1 2.15818E-1 1.83717E-1 1.63574E-1 1.77608E-1 1.609E-1 1.635E-1 1.51217E-1 1.7086E-1 2.00346E-1 2.03837E-1 2.07933E-1 2.15432E-1 2.16194E-1 2.13522E-1 2.08176E-1 2.08094E-1 2.01677E-1 1.94161E-1 1.9508E-1 1.87948E-1 1.84328E-1 1.85293E-1 1.85827E-1 1.84422E-1 1.84768E-1 1.83013E-1
3.45875E-1 3.43063E-1 3.76307E-1 3.75853E-1 3.56233E-1 3.28005E-1 3.14771E-1 3.06348E-1 3.05868E-1 3.20025E-1 3.29099E-1 3.3698E-1 3.46846E-1 3.51979E-1 3.47775E-1 3.29491E-1 3.24737E-1 3.34344E-1 3.19916E-1 3.00016E-1 2.86278E-1 2.68909E-1 2.58762E-1 2.39008E-1 2.27917E-1 2.31142E-1 2.38776E-1 2.33001E-1 2.40609E-1 2.51332E-1 2.33534E-1 2.30899E-1 2.3004E-1 2.19597E-1 2.19156E-1 2.05199E-1 1.8802E-1 1.5838E-1 1.60986E-1 1.46622E-1 1.44111E-1 1.40066E-1 1.7649E-1 1.812E-1 1.85852E-1 2.08688E-1 2.17887E-1 2.30076E-1 2.14868E-1 2.11195E-1 1.97007E-1 2.0313E-1 1.88463E-1 1.89044E-1 1.78159E-1 1.80846E-1 1.89532E-1 1.90217E-1 1.90576E-1 1.88817E-1 1.8316E-1
3.75247E-1 3.77825E-1 3.95789E-1 4.04738E-1 3.68503E-1 3.40264E-1 3.29352E-1 3.29012E-1 3.27052E-1 3.39124E-1 3.46939E-1 3.55405E-1 3.52608E-1 3.54524E-1 3.56689E-1 3.40839E-1 3.27032E-1 3.29169E-1 3.23212E-1 3.09528E-1 2.85209E-1 2.8127E-1 2.59105E-1 2.67066E-1 2.65307E-1 2.56714E-1 2.38997E-1 2.33069E-1 2.11335E-1 2.3016E-1 2.3717E-1 2.29347E-1 2.31323E-1 2.26015E-1 2.1777E-1 2.11301E-1 1.9441E-1 1.75249E-1 1.77578E-1 1.85988E-1 1.37415E-1 1.38E-1 1.83668E-1 1.86205E-1 1.89641E-1 1.80543E-1 1.90976E-1 1.93408E-1 1.79975E-1 1.79615E-1 1.65376E-1 1.73683E-1 1.66595E-1 1.74339E-1 1.67936E-1 1.79532E-1 1.84015E-1 1.84692E-1 1.88E-1 1.88492E-1 1.84818E-1
4.09397E-1 4.12314E-1 3.91274E-1 3.97998E-1 3.97152E-1 3.68316E-1 3.61279E-1 3.49441E-1 3.60512E-1 3.81823E-1 3.80653E-1 3.75458E-1 3.80723E-1 3.86197E-1 3.85213E-1 3.48366E-1 3.29407E-1 3.13667E-1 2.95965E-1 2.83941E-1 2.98426E-1 2.87214E-1 2.88052E-1 2.73489E-1 2.3035E-1 2.35408E-1 2.47306E-1 2.316E-1 2.07253E-1 1.99899E-1 2.20581E-1 2.18236E-1 2.20333E-1 2.31275E-1 2.23097E-1 2.09629E-1 2.03352E-1 1.91706E-1 1.82805E-1 1.78636E-1 1.66101E-1 1.83867E-1 1.62331E-1 1.67433E-1 1.86276E-1 1.7703E-1 1.71389E-1 1.77065E-1 1.76888E-1 1.74454E-1 1.70149E-1 1.59576E-1 1.55827E-1 1.60746E-1 1.71366E-1 1.77331E-1 1.7185E-1 1.79154E-1 1.85205E-1 1.87006E-1 1.74737E-1
4.03861E-1 3.91926E-1 4.04293E-1 4.30779E-1 4.21801E-1 3.96822E-1 3.83283E-1 4.04108E-1 4.21278E-1 4.38948E-1 4.33439E-1 4.30398E-1 4.29012E-1 3.95377E-1 3.72576E-1 3.65252E-1 3.29855E-1 3.12605E-1 3.36692E-1 3.42455E-1 3.09102E-1 3.66941E-1 3.04876E-1 2.58488E-1 2.25849E-1 2.273E-1 2.3112E-1 2.21913E-1 2.20769E-1 2.22141E-1 2.10508E-1 1.8103E-1 1.94389E-1 2.17659E-1 2.27819E-1 2.02484E-1 2.11479E-1 2.15665E-1 2.00627E-1 1.62411E-1 1.67716E-1 1.60298E-1 1.65664E-1 1.49838E-1 1.57735E-1 1.82489E-1 1.7922E-1 1.7097E-1 1.70234E-1 1.76E-1 1.77571E-1 1.74366E-1 1.57438E-1 1.59477E-1 1.70472E-1 1.68299E-1 1.72707E-1 1.7637E-1 1.80063E-1 1.82498E-1 1.82262E-1
3.40627E-1 3.73458E-1 4.063E-1 4.50101E-1 4.58274E-1 4.23513E-1 4.19657E-1 4.33505E-1 3.90454E-1 3.83287E-1 4.04545E-1 3.99239E-1 3.836E-1 3.4338E-1 3.29815E-1 3.9351E-1 4.00129E-1 3.91748E-1 3.84797E-1 3.33492E-1 3.2452E-1 3.3012E-1 3.03563E-1 2.40426E-1 2.41452E-1 2.57404E-1 2.48296E-1 2.35804E-1 2.34177E-1 2.29373E-1 2.22594E-1 2.13614E-1 1.99211E-1 2.18181E-1 2.22998E-1 2.08585E-1 2.07621E-1 2.0167E-1 1.81316E-1 1.88634E-1 2.24667E-1 1.9516E-1 1.56817E-1 1.71242E-1 2.04133E-1 2.0954E-1 1.79456E-1 1.84983E-1 1.87933E-1 1.74946E-1 1.69735E-1 1.80949E-1 1.73659E-1 1.60856E-1 1.78198E-1 1.68725E-1 1.78865E-1 1.89494E-1 1.90854E-1 1.88308E-1 1.90321E-1
4.10169E-1 4.08262E-1 4.39315E-1 4.81167E-1 4.84611E-1 4.84219E-1 4.43358E-1 4.20936E-1 4.10569E-1 4.12459E-1 4.18872E-1 3.95042E-1 3.48206E-1 3.20054E-1 3.29236E-1 3.40974E-1 3.53659E-1 3.70517E-1 3.24422E-1 2.92071E-1 2.90683E-1 2.97963E-1 3.16673E-1 2.83424E-1 2.80852E-1 2.71921E-1 2.59122E-1 2.24082E-1 2.05051E-1 2.28828E-1 2.202E-1 1.82363E-1 1.92826E-1 2.1631E-1 2.13166E-1 2.11227E-1 2.12213E-1 1.86473E-1 1.5625E-1 1.84934E-1 2.1978E-1 1.84313E-1 1.75606E-1 1.94609E-1 1.97863E-1 1.98646E-1 1.7994E-1 1.9569E-1 1.80095E-1 1.77729E-1 1.79346E-1 1.72561E-1 1.75643E-1 1.68013E-1 1.63865E-1 1.72938E-1 1.83298E-1 1.8987E-1 1.90862E-1 1.8518E-1 1.86609E-1
4.08017E-1 4.07452E-1 3.92113E-1 3.91358E-1 4.16278E-1 4.9333E-1 4.68154E-1 4.72593E-1 4.47705E-1 4.49418E-1 4.14682E-1 3.28361E-1 2.97291E-1 3.11195E-1 3.17993E-1 3.47602E-1 3.48744E-1 3.81591E-1 2.91685E-1 2.87912E-1 2.95072E-1 2.99287E-1 3.08985E-1 3.27549E-1 3.17844E-1 3.01915E-1 2.78299E-1 2.42467E-1 2.40269E-1 2.38771E-1 2.00305E-1 1.84273E-1 1.8844E-1 2.2223E-1 1.95731E-1 1.79464E-1 2.06935E-1 2.14118E-1 2.11103E-1 2.18705E-1 1.91472E-1 1.75827E-1 1.79352E-1 1.7861E-1 1.8382E-1 2.0834E-1 1.88944E-1 1.82538E-1 1.84952E-1 1.83407E-1 1.81313E-1 1.7199E-1 1.72938E-1 1.79715E-1 1.66779E-1 1.66007E-1 1.76661E-1 1.87487E-1 1.85217E-1 1.79428E-1 1.76388E-1
4.85469E-1 5.04832E-1 4.82119E-1 4.77563E-1 4.77338E-1 4.24604E-1 3.98418E-1 4.28216E-1 4.50566E-1 4.23886E-1 3.59913E-1 2.97923E-1 3.06038E-1 3.45014E-1 3.24139E-1 3.07012E-1 3.36818E-1 3.4473E-1 3.7224E-1 3.09329E-1 3.1655E-1 2.99443E-1 3.06883E-1 3.07318E-1 2.89898E-1 2.39827E-1 2.37925E-1 2.6344E-1 2.17121E-1 2.08177E-1 2.17604E-1 1.92096E-1 1.87521E-1 2.14267E-1 1.92142E-1 1.61672E-1 1.91011E-1 1.98626E-1 1.95783E-1 1.52325E-1 1.33236E-1 1.88691E-1 1.89887E-1 1.64591E-1 1.90525E-1 1.89663E-1 1.98922E-1 1.95724E-1 1.87261E-1 1.82114E-1 1.78221E-1 1.70467E-1 1.74106E-1 1.79773E-1 1.68987E-1 1.62689E-1 1.75161E-1 1.86201E-1 1.95534E-1 2.01593E-1 1.92981E-1
4.81045E-1 4.75087E-1 4.70045E-1 4.76425E-1 4.61466E-1 4.26647E-1 4.02631E-1 4.00333E-1 3.76227E-1 3.57345E-1 2.99999E-1 2.91309E-1 2.94859E-1 2.77266E-1 2.99616E-1 2.92187E-1 2.52048E-1 2.67811E-1 3.71962E-1 3.50605E-1 3.26103E-1 3.34535E-1 2.86563E-1 2.99992E-1 2.77193E-1 2.37159E-1 2.06213E-1 1.95021E-1 1.84294E-1 1.79329E-1 1.99307E-1 1.93981E-1 1.88872E-1 1.8895E-1 1.81123E-1 1.64325E-1 1.63956E-1 1.1892E-1 1.01599E-1 1.60791E-1 1.9676E-1 1.8025E-1 1.82091E-1 1.79857E-1 1.97017E-1 1.95201E-1 2.02507E-1 1.86748E-1 1.87644E-1 1.91535E-1 1.84013E-1 1.72018E-1 1.70574E-1 1.84809E-1 1.82636E-1 1.81072E-1 1.94748E-1 2.0463E-1 2.04085E-1 2.05498E-1 2.03441E-1
4.27004E-1 4.23831E-1 4.30083E-1 4.08918E-1 4.00144E-1 4.06024E-1 4.22607E-1 3.73485E-1 3.43243E-1 3.34432E-1 2.9419E-1 2.90651E-1 2.72031E-1 2.69423E-1 2.46735E-1 2.40096E-1 2.19055E-1 2.72949E-1 3.25652E-1 3.35037E-1 3.37115E-1 3.34858E-1 2.67498E-1 2.19788E-1 2.0646E-1 1.87901E-1 1.86596E-1 1.8982E-1 1.83448E-1 1.78374E-1 1.73293E-1 1.67788E-1 1.80576E-1 1.8231E-1 1.69559E-1 1.63616E-1 1.675E-1 1.09463E-1 1.09389E-1 1.86968E-1 1.79924E-1 1.96905E-1 1.87077E-1 1.84353E-1 1.8338E-1 1.87533E-1 1.88376E-1 1.96091E-1 1.8277E-1 1.93221E-1 1.78683E-1 1.70115E-1 1.78972E-1 1.83349E-1 1.77215E-1 1.87513E-1 1.84299E-1 1.87054E-1 1.90253E-1 1.97376E-1 1.95354E-1
3.99859E-1 3.86682E-1 3.73451E-1 3.65088E-1 3.64951E-1 3.69557E-1 3.7364E-1 3.28517E-1 3.11862E-1 3.12685E-1 3.08492E-1 3.0411E-1 3.00919E-1 2.94615E-1 2.82399E-1 2.45652E-1 2.28836E-1 2.81708E-1 3.1141E-1 3.06453E-1 2.89187E-1 3.04917E-1 2.71614E-1 2.23902E-1 2.1804E-1 2.26485E-1 2.06848E-1 1.67238E-1 1.63307E-1 1.86936E-1 1.81529E-1 1.65789E-1 1.58353E-1 1.75611E-1 1.66235E-1 1.54568E-1 1.83263E-1 1.52977E-1 1.21642E-1 1.59633E-1 1.64591E-1 1.9359E-1 1.88847E-1 1.85723E-1 1.83174E-1 1.8553E-1 1.81649E-1 1.7106E-1 1.82529E-1 1.8979E-1 1.75576E-1 1.80983E-1 1.58457E-1 1.53816E-1 1.78572E-1 1.79033E-1 1.58145E-1 1.71338E-1 1.74636E-1 1.84226E-1 1.97304E-1
3.57139E-1 3.39491E-1 3.28499E-1 3.08241E-1 2.97647E-1 2.8158E-1 2.88572E-1 2.81573E-1 2.64595E-1 2.73797E-1 2.83734E-1 2.83294E-1 2.95766E-1 2.58603E-1 2.36724E-1 2.41315E-1 2.37113E-1 2.73668E-1 2.96987E-1 2.19408E-1 2.47981E-1 2.20549E-1 1.80661E-1 1.66953E-1 1.59407E-1 1.82838E-1 1.77751E-1 1.57776E-1 1.59116E-1 1.58413E-1 1.70014E-1 1.74921E-1 1.60029E-1 1.6612E-1 1.77816E-1 1.53839E-1 1.42276E-1 1.81887E-1 1.42068E-1 1.44055E-1 1.34635E-1 1.67875E-1 1.84687E-1 1.80807E-1 1.75528E-1 1.79844E-1 1.80376E-1 1.54143E-1 1.78272E-1 1.78311E-1 1.30497E-1 1.21613E-1 1.36163E-1 1.58956E-1 1.57834E-1 1.47648E-1 1.2488E-1 1.24532E-1 1.23923E-1 1.309E-1 1.54382E-1
2.95874E-1 2.75556E-1 2.97496E-1 2.86536E-1 2.70966E-1 2.71861E-1 2.88709E-1 2.76331E-1 2.83713E-1 2.61746E-1 2.44336E-1 2.14518E-1 2.51302E-1 2.55085E-1 2.21439E-1 2.03721E-1 2.01098E-1 2.43815E-1 2.57158E-1 2.08575E-1 2.01355E-1 1.85272E-1 1.64921E-1 1.68562E-1 1.8217E-1 1.83909E-1 1.70889E-1 1.59787E-1 1.60349E-1 1.55864E-1 1.67076E-1 1.63089E-1 1.6462E-1 1.70631E-1 1.71336E-1 1.46532E-1 1.2568E-1 1.39465E-1 1.62242E-1 1.59662E-1 1.55063E-1 1.74629E-1 1.76516E-1 1.83361E-1 1.57564E-1 1.54566E-1 1.65694E-1 1.37209E-1 1.66928E-1 1.59756E-1 1.21865E-1 9.77412E-2 1.03525E-1 1.11254E-1 1.32948E-1 1.06337E-1 9.2696E-2 9.18719E-2 8.90187E-2 1.02955E-1 1.23963E-1
