maxent_outputs/hummingbirds/hummingbird_216.asc
ncols         426
nrows         180
xllcorner     -130.0
yllcorner     24.0
cellsize      0.16666666666666666
NODATA_value  -9999
[rows 0 to 26 of 180, columns 305 to 365 of 426]
3.82511E-1 3.44295E-1 3.34953E-1 3.17766E-1 3.02011E-1 2.97013E-1 2.97202E-1 3.00977E-1 3.06642E-1 3.12266E-1 3.15707E-1 3.13973E-1 3.19267E-1 3.32375E-1 3.46653E-1 3.77987E-1 3.76667E-1 3.4424E-1 3.31063E-1 3.25961E-1 3.43843E-1 3.81273E-1 3.92671E-1 3.89056E-1 3.65619E-1 3.33606E-1 3.32271E-1 3.37866E-1 3.4691E-1 3.24726E-1 3.20302E-1 3.37065E-1 3.15149E-1 3.38725E-1 3.90914E-1 3.77188E-1 3.70451E-1 3.31367E-1 3.16021E-1 3.20931E-1 3.14371E-1 3.1769E-1 3.20197E-1 3.25435E-1 3.17061E-1 3.12753E-1 3.16412E-1 3.21516E-1 3.15139E-1 3.14736E-1 3.21446E-1 3.19393E-1 3.15917E-1 3.2388E-1 3.28439E-1 3.22812E-1 3.37393E-1 3.26963E-1 3.18077E-1 3.22742E-1 3.3252E-1
4.01124E-1 3.51111E-1 3.47831E-1 3.33177E-1 3.23646E-1 3.14746E-1 3.14466E-1 3.23184E-1 3.22413E-1 3.42918E-1 3.93195E-1 4.17083E-1 4.10125E-1 4.1753E-1 4.01395E-1 3.56606E-1 3.58732E-1 3.48422E-1 3.549E-1 3.83531E-1 3.96636E-1 4.08129E-1 4.15058E-1 4.0164E-1 3.9218E-1 3.87051E-1 3.58327E-1 3.37982E-1 3.32676E-1 3.35053E-1 3.2978E-1 3.2928E-1 3.19085E-1 3.15904E-1 3.17168E-1 3.21236E-1 3.16115E-1 3.13467E-1 3.16164E-1 3.13208E-1 3.10619E-1 3.19567E-1 3.12694E-1 3.12299E-1 3.15339E-1 3.11027E-1 3.1159E-1 3.15606E-1 3.13154E-1 3.10211E-1 3.09637E-1 3.18781E-1 3.2193E-1 3.26946E-1 3.20345E-1 3.1666E-1 3.14995E-1 3.17872E-1 3.17424E-1 3.24158E-1 3.25077E-1
4.51787E-1 3.54952E-1 3.30614E-1 3.14995E-1 3.13501E-1 3.08796E-1 3.14371E-1 3.21104E-1 3.15885E-1 3.20064E-1 3.80233E-1 3.92696E-1 3.95593E-1 3.86635E-1 3.70696E-1 3.7984E-1 3.63716E-1 3.42948E-1 3.28442E-1 3.48464E-1 3.90556E-1 3.71996E-1 3.59885E-1 3.42461E-1 3.30829E-1 3.39451E-1 3.31962E-1 3.35774E-1 3.34769E-1 3.33651E-1 3.2171E-1 3.14448E-1 3.17817E-1 3.2109E-1 3.17199E-1 3.13951E-1 3.133E-1 3.10793E-1 3.14629E-1 3.20324E-1 3.18742E-1 3.17877E-1 3.17753E-1 3.26546E-1 3.21548E-1 3.11549E-1 3.08095E-1 3.09719E-1 3.18326E-1 3.1609E-1 3.09574E-1 3.132E-1 3.09557E-1 3.15434E-1 3.21949E-1 3.1604E-1 3.15264E-1 3.18928E-1 3.20014E-1 3.25692E-1 3.22627E-1
3.91104E-1 3.60545E-1 3.35243E-1 3.17839E-1 3.10266E-1 3.04712E-1 3.23883E-1 3.29317E-1 3.09762E-1 3.13078E-1 3.23719E-1 3.20311E-1 3.24781E-1 3.31784E-1 3.44073E-1 3.60538E-1 3.37397E-1 3.24568E-1 3.28455E-1 3.5167E-1 3.52825E-1 3.37658E-1 3.35297E-1 3.24086E-1 3.2337E-1 3.26616E-1 3.27415E-1 3.30106E-1 3.24972E-1 3.23902E-1 3.33338E-1 3.27281E-1 3.19038E-1 3.18272E-1 3.15859E-1 3.23678E-1 3.21833E-1 3.3627E-1 3.19621E-1 3.17893E-1 3.26831E-1 3.24096E-1 3.15017E-1 3.22658E-1 3.15168E-1 3.09565E-1 3.09388E-1 3.06532E-1 3.08784E-1 3.11057E-1 3.05978E-1 3.08439E-1 3.09607E-1 3.09862E-1 3.14961E-1 3.16514E-1 3.17943E-1 3.19834E-1 3.21798E-1 3.22279E-1 3.32562E-1
6.25745E-1 3.64236E-1 3.32479E-1 3.17116E-1 3.03134E-1 2.92633E-1 2.95049E-1 3.09561E-1 3.06442E-1 3.17121E-1 3.12775E-1 3.05838E-1 3.20609E-1 3.38946E-1 3.66566E-1 3.39489E-1 3.3353E-1 3.33452E-1 3.32105E-1 3.31328E-1 3.31497E-1 3.30623E-1 3.3486E-1 3.30843E-1 3.28726E-1 3.34109E-1 3.43109E-1 3.24573E-1 3.2636E-1 3.25467E-1 3.21166E-1 3.25161E-1 3.28485E-1 3.25212E-1 3.21626E-1 3.2108E-1 3.21916E-1 3.24577E-1 3.18413E-1 3.2196E-1 3.24197E-1 3.21682E-1 3.15336E-1 3.15003E-1 3.12079E-1 3.10666E-1 3.0794E-1 3.07517E-1 3.0924E-1 3.16484E-1 3.09935E-1 3.05711E-1 3.0928E-1 3.09669E-1 3.16686E-1 3.20134E-1 3.2647E-1 3.25234E-1 3.27321E-1 3.34541E-1 3.32942E-1
6.33864E-1 3.72682E-1 3.39718E-1 3.18565E-1 3.11181E-1 3.07799E-1 2.93966E-1 2.97654E-1 3.0343E-1 3.0511E-1 3.05232E-1 3.11171E-1 3.11794E-1 3.43599E-1 3.46064E-1 3.37509E-1 3.2987E-1 3.30298E-1 3.30259E-1 3.30968E-1 3.35092E-1 3.33897E-1 3.35028E-1 3.35773E-1 3.30279E-1 3.2859E-1 3.26613E-1 3.28043E-1 3.27324E-1 3.25605E-1 3.21614E-1 3.24048E-1 3.21554E-1 3.1982E-1 3.19324E-1 3.24496E-1 3.22811E-1 3.20634E-1 3.25493E-1 3.29764E-1 3.25376E-1 3.22065E-1 3.18337E-1 3.1589E-1 3.1451E-1 3.19318E-1 3.16602E-1 3.17253E-1 3.28582E-1 3.2613E-1 3.17056E-1 3.08143E-1 3.09622E-1 3.16518E-1 3.20033E-1 3.33953E-1 3.28301E-1 3.25779E-1 3.27259E-1 3.30019E-1 3.38233E-1
9.15318E-1 4.51939E-1 3.62672E-1 3.28601E-1 2.96953E-1 2.9298E-1 2.92288E-1 2.97168E-1 3.00277E-1 3.07642E-1 3.15589E-1 3.10655E-1 3.25562E-1 3.37783E-1 3.42894E-1 3.33847E-1 3.35056E-1 3.38871E-1 3.4005E-1 3.35516E-1 3.34645E-1 3.35166E-1 3.34795E-1 3.34162E-1 3.29546E-1 3.26169E-1 3.29432E-1 3.27743E-1 3.29587E-1 3.27646E-1 3.23015E-1 3.25439E-1 3.2535E-1 3.27379E-1 3.27896E-1 3.28315E-1 3.28151E-1 3.3027E-1 3.297E-1 3.25239E-1 3.30777E-1 3.27847E-1 3.31527E-1 3.28852E-1 3.24113E-1 3.31731E-1 3.20063E-1 3.1356E-1 3.16888E-1 3.15118E-1 3.29872E-1 3.46931E-1 3.22741E-1 3.23621E-1 3.26212E-1 3.26038E-1 3.24218E-1 3.27378E-1 3.31524E-1 3.30776E-1 3.43748E-1
9.73702E-1 5.25573E-1 3.68212E-1 3.22638E-1 3.04969E-1 2.96687E-1 2.93096E-1 2.95781E-1 2.98782E-1 3.37261E-1 3.30969E-1 3.21426E-1 3.25475E-1 3.29465E-1 3.3944E-1 3.45579E-1 3.45226E-1 3.46068E-1 3.46016E-1 3.35304E-1 3.35539E-1 3.3577E-1 3.4111E-1 3.41205E-1 3.38875E-1 3.40395E-1 3.37578E-1 3.36337E-1 3.32757E-1 3.32992E-1 3.30878E-1 3.32834E-1 3.32043E-1 3.31256E-1 3.29176E-1 3.32915E-1 3.32633E-1 3.32133E-1 3.30872E-1 3.29493E-1 3.2908E-1 3.24103E-1 3.28251E-1 3.25967E-1 3.25632E-1 3.23542E-1 3.15929E-1 3.18954E-1 3.13846E-1 3.1901E-1 3.29836E-1 3.35243E-1 3.23482E-1 3.16409E-1 3.1879E-1 3.22643E-1 3.23678E-1 3.26735E-1 3.31462E-1 3.37274E-1 3.41814E-1
9.63455E-1 9.68699E-1 3.90479E-1 3.49828E-1 3.21136E-1 3.11293E-1 3.09853E-1 3.01448E-1 3.08973E-1 3.11678E-1 3.13697E-1 3.18565E-1 3.25444E-1 3.23558E-1 3.24174E-1 3.61543E-1 3.58475E-1 3.71456E-1 3.54384E-1 3.42265E-1 3.41753E-1 3.48573E-1 3.47431E-1 3.4978E-1 3.46945E-1 3.48085E-1 3.45352E-1 3.41003E-1 3.39354E-1 3.41054E-1 3.41097E-1 3.36834E-1 3.28005E-1 3.31607E-1 3.39935E-1 3.41069E-1 3.39351E-1 3.46389E-1 3.44526E-1 3.35924E-1 3.30093E-1 3.27837E-1 3.289E-1 3.25873E-1 3.23468E-1 3.2033E-1 3.1858E-1 3.11908E-1 3.14585E-1 3.12176E-1 3.16075E-1 3.14861E-1 3.1802E-1 3.24346E-1 3.2222E-1 3.22764E-1 3.23276E-1 3.27665E-1 3.30937E-1 3.39973E-1 3.38481E-1
9.7248E-1 -9999 4.7208E-1 3.75936E-1 3.3809E-1 3.20747E-1 3.16671E-1 3.10226E-1 3.17051E-1 3.23901E-1 3.27425E-1 3.18821E-1 3.24594E-1 3.28047E-1 3.44743E-1 3.66418E-1 3.62115E-1 3.5198E-1 3.41276E-1 3.37697E-1 3.40059E-1 3.48129E-1 3.47073E-1 3.46794E-1 3.45087E-1 3.45541E-1 3.44591E-1 3.42039E-1 3.47413E-1 3.51709E-1 3.48854E-1 3.39024E-1 3.34396E-1 3.40413E-1 3.43306E-1 3.46937E-1 3.47596E-1 3.44417E-1 3.42515E-1 3.39934E-1 3.42532E-1 3.36115E-1 3.33899E-1 3.33567E-1 3.30296E-1 3.26099E-1 3.22405E-1 3.22327E-1 3.21168E-1 3.36716E-1 3.3135E-1 3.36816E-1 3.35921E-1 3.36013E-1 3.29572E-1 3.26444E-1 3.29137E-1 3.32303E-1 3.37363E-1 3.43735E-1 3.54181E-1
9.72476E-1 -9999 -9999 3.67314E-1 3.43495E-1 3.19055E-1 3.11165E-1 3.15439E-1 3.24259E-1 3.25804E-1 3.229E-1 3.23467E-1 3.20726E-1 3.23646E-1 3.3012E-1 3.46292E-1 3.41853E-1 3.38314E-1 3.37891E-1 3.39647E-1 3.45377E-1 3.5244E-1 3.55181E-1 3.51074E-1 3.4638E-1 3.44567E-1 3.53477E-1 3.50021E-1 3.42099E-1 3.45471E-1 3.38275E-1 3.40124E-1 3.45309E-1 3.4443E-1 3.4511E-1 3.45654E-1 3.43703E-1 3.47937E-1 3.47327E-1 3.4968E-1 3.4642E-1 3.49574E-1 3.46273E-1 3.48439E-1 3.40189E-1 3.35091E-1 3.3501E-1 3.36572E-1 3.30897E-1 3.27257E-1 3.31313E-1 3.37459E-1 3.32626E-1 3.30991E-1 3.30143E-1 3.32976E-1 3.34028E-1 3.39892E-1 3.39812E-1 3.51898E-1 3.5919E-1
3.95638E-1 6.60201E-1 3.94801E-1 3.44938E-1 3.28872E-1 3.25931E-1 3.19772E-1 3.28058E-1 3.28197E-1 3.22129E-1 3.22768E-1 3.21793E-1 3.30891E-1 3.29838E-1 3.31594E-1 3.30759E-1 3.30012E-1 3.33651E-1 3.47014E-1 3.50242E-1 3.55822E-1 3.47188E-1 3.41655E-1 3.46447E-1 3.46232E-1 3.54561E-1 3.52314E-1 3.48097E-1 3.48183E-1 3.45542E-1 3.46864E-1 3.43371E-1 3.43038E-1 3.43382E-1 3.46412E-1 3.51306E-1 3.48636E-1 3.51214E-1 3.54034E-1 3.59729E-1 3.60242E-1 3.58546E-1 3.60371E-1 3.58614E-1 3.36925E-1 3.33356E-1 3.26171E-1 3.25759E-1 3.23687E-1 3.26384E-1 3.28617E-1 3.31059E-1 3.34934E-1 3.28314E-1 3.37079E-1 3.4005E-1 3.49418E-1 3.50837E-1 3.50989E-1 3.54456E-1 3.59804E-1
9.65198E-1 3.82075E-1 3.49988E-1 3.36522E-1 3.26307E-1 3.24808E-1 3.20798E-1 3.19951E-1 3.1951E-1 3.16419E-1 3.22804E-1 3.17952E-1 3.21083E-1 3.24172E-1 3.24491E-1 3.26901E-1 3.28722E-1 3.28036E-1 3.3578E-1 3.49658E-1 3.54644E-1 3.5257E-1 3.53081E-1 3.55248E-1 3.50508E-1 3.52284E-1 3.53715E-1 3.53837E-1 3.50151E-1 3.47679E-1 3.42368E-1 3.46562E-1 3.45057E-1 3.48876E-1 3.49974E-1 3.50281E-1 3.53309E-1 3.56847E-1 3.73593E-1 3.72206E-1 3.71047E-1 3.7172E-1 3.59609E-1 3.45459E-1 3.38198E-1 3.32074E-1 3.25098E-1 3.2866E-1 3.26932E-1 3.23028E-1 3.39572E-1 3.40659E-1 3.37844E-1 3.42212E-1 3.34121E-1 3.48359E-1 3.51272E-1 3.48757E-1 3.57406E-1 3.57062E-1 3.67148E-1
5.29312E-1 3.56043E-1 3.46713E-1 3.36176E-1 3.33721E-1 3.2311E-1 3.23581E-1 3.27546E-1 3.25086E-1 3.24949E-1 3.23312E-1 3.23191E-1 3.34767E-1 3.31386E-1 3.30065E-1 3.31905E-1 3.32568E-1 3.33062E-1 3.32322E-1 3.46185E-1 3.48067E-1 3.50446E-1 3.5227E-1 3.58077E-1 3.6056E-1 3.54863E-1 3.5459E-1 3.53321E-1 3.51905E-1 3.50548E-1 3.5097E-1 3.55919E-1 3.60736E-1 3.55708E-1 3.53519E-1 3.55873E-1 3.63161E-1 3.74774E-1 3.94403E-1 3.88093E-1 3.83014E-1 3.69935E-1 3.56683E-1 3.42366E-1 3.3601E-1 3.35997E-1 3.31423E-1 3.24566E-1 3.26452E-1 3.23223E-1 3.23272E-1 3.32099E-1 3.33329E-1 3.4916E-1 3.85485E-1 3.46274E-1 3.51086E-1 3.59247E-1 3.66572E-1 3.67335E-1 3.81994E-1
4.54719E-1 3.60246E-1 3.57993E-1 3.35132E-1 3.33619E-1 3.28818E-1 3.27751E-1 3.31456E-1 3.30813E-1 3.29025E-1 3.30714E-1 3.35756E-1 3.36498E-1 3.37018E-1 3.34462E-1 3.35769E-1 3.38993E-1 3.38233E-1 3.44291E-1 3.53031E-1 3.46783E-1 3.51219E-1 3.53157E-1 3.58582E-1 3.56737E-1 3.57592E-1 3.56901E-1 3.54835E-1 3.56386E-1 3.56319E-1 3.5578E-1 3.58783E-1 3.60029E-1 3.5507E-1 3.59407E-1 3.5417E-1 3.62947E-1 3.78868E-1 3.7373E-1 3.73104E-1 3.64618E-1 3.56128E-1 3.51543E-1 3.51841E-1 3.44388E-1 3.36257E-1 3.31982E-1 3.27782E-1 3.30402E-1 3.35176E-1 3.34712E-1 3.39802E-1 3.4308E-1 3.42889E-1 3.66086E-1 3.47397E-1 3.51193E-1 3.62382E-1 3.65928E-1 3.78905E-1 4.43083E-1
3.51805E-1 4.01308E-1 3.54715E-1 3.50189E-1 3.42969E-1 3.39823E-1 3.38705E-1 3.39228E-1 3.39116E-1 3.2925E-1 3.38012E-1 3.38209E-1 3.36529E-1 3.42297E-1 3.47406E-1 3.40071E-1 3.44353E-1 3.4397E-1 3.45262E-1 3.52425E-1 3.57352E-1 3.60455E-1 3.62438E-1 3.74288E-1 3.72065E-1 3.70331E-1 3.64874E-1 3.60031E-1 3.61172E-1 3.62253E-1 3.59897E-1 3.6314E-1 3.66867E-1 3.58332E-1 3.62626E-1 3.54338E-1 3.81396E-1 3.77138E-1 3.66426E-1 3.6814E-1 3.59644E-1 3.61007E-1 3.61373E-1 3.57289E-1 3.50584E-1 3.45758E-1 3.4325E-1 3.2781E-1 3.30216E-1 3.28023E-1 3.35923E-1 3.50526E-1 3.53726E-1 3.43982E-1 3.45361E-1 3.50114E-1 3.54065E-1 3.61978E-1 3.734E-1 3.87331E-1 4.4718E-1
3.50062E-1 3.60348E-1 3.53057E-1 3.4887E-1 3.4733E-1 3.45955E-1 3.42271E-1 3.35933E-1 3.40435E-1 3.50793E-1 3.46167E-1 3.45746E-1 3.47162E-1 3.48103E-1 3.39887E-1 3.41133E-1 3.49185E-1 3.51416E-1 3.52747E-1 3.59662E-1 3.62269E-1 3.65465E-1 3.68745E-1 3.68441E-1 3.66417E-1 3.59847E-1 3.63838E-1 3.69287E-1 3.71941E-1 3.65252E-1 3.61853E-1 3.56946E-1 3.65993E-1 3.61569E-1 3.97753E-1 4.65511E-1 4.55519E-1 4.19985E-1 3.94245E-1 3.71669E-1 3.65519E-1 3.67861E-1 3.6089E-1 3.69414E-1 3.58909E-1 3.45766E-1 3.39151E-1 3.35234E-1 3.33338E-1 3.339E-1 3.34822E-1 3.43188E-1 3.6594E-1 3.68033E-1 3.52613E-1 3.58016E-1 3.63563E-1 3.66892E-1 3.78081E-1 3.86684E-1 4.24392E-1
3.48391E-1 3.47243E-1 3.5223E-1 3.4818E-1 3.45391E-1 3.45243E-1 3.38708E-1 3.38957E-1 3.47427E-1 3.51631E-1 3.45118E-1 3.43124E-1 3.49612E-1 3.47039E-1 3.39956E-1 3.46844E-1 3.54883E-1 3.56372E-1 3.50388E-1 3.58926E-1 3.55916E-1 3.61959E-1 3.76025E-1 3.63396E-1 3.58805E-1 3.58471E-1 3.61625E-1 3.6245E-1 3.64996E-1 3.67248E-1 3.63914E-1 3.6755E-1 3.77895E-1 4.38514E-1 4.90772E-1 4.40034E-1 4.12659E-1 4.00617E-1 3.83142E-1 3.7781E-1 3.77178E-1 3.77569E-1 3.72011E-1 3.69543E-1 3.556E-1 3.4912E-1 3.36743E-1 3.37748E-1 3.38097E-1 3.37352E-1 3.3251E-1 3.3783E-1 3.55099E-1 3.65737E-1 3.63491E-1 3.65213E-1 3.70868E-1 3.76636E-1 3.90484E-1 3.81931E-1 3.84177E-1
3.43566E-1 3.39779E-1 3.42379E-1 3.43333E-1 3.44622E-1 3.49025E-1 3.49143E-1 3.5582E-1 3.61638E-1 3.54298E-1 3.53366E-1 3.582E-1 3.68786E-1 3.77073E-1 3.61339E-1 3.55252E-1 3.54124E-1 3.65186E-1 3.61323E-1 3.55675E-1 3.56649E-1 3.62294E-1 3.67426E-1 3.71185E-1 3.63638E-1 3.64469E-1 3.64332E-1 3.77107E-1 3.73567E-1 3.69039E-1 3.67398E-1 3.87293E-1 4.89489E-1 4.89936E-1 4.21722E-1 4.01637E-1 3.71766E-1 3.7167E-1 3.81885E-1 3.94992E-1 3.83665E-1 3.73739E-1 3.65791E-1 3.63128E-1 3.56554E-1 3.4685E-1 3.39116E-1 3.30703E-1 3.32634E-1 3.40449E-1 3.36218E-1 3.33589E-1 3.57121E-1 3.58633E-1 3.6399E-1 3.77641E-1 3.87056E-1 3.85341E-1 3.84169E-1 3.86015E-1 3.83895E-1
3.35133E-1 3.3622E-1 3.37639E-1 3.39851E-1 3.42651E-1 3.48561E-1 3.49822E-1 3.56244E-1 3.50216E-1 3.49085E-1 3.52561E-1 3.54008E-1 3.6248E-1 3.67072E-1 3.54664E-1 3.55472E-1 3.62164E-1 3.56885E-1 3.4904E-1 3.52618E-1 3.51717E-1 3.58182E-1 3.5944E-1 3.69743E-1 3.67779E-1 3.72401E-1 3.73082E-1 3.78306E-1 3.71794E-1 3.74854E-1 3.7779E-1 4.49541E-1 4.77728E-1 4.01847E-1 3.87571E-1 3.83379E-1 3.75732E-1 3.7286E-1 3.79562E-1 3.76795E-1 3.72085E-1 3.64686E-1 3.62082E-1 3.57793E-1 3.51138E-1 3.44803E-1 3.45685E-1 3.40319E-1 3.35337E-1 3.61574E-1 3.64566E-1 3.52657E-1 3.50068E-1 3.70244E-1 3.71678E-1 3.87965E-1 3.86863E-1 3.83409E-1 3.83552E-1 3.78137E-1 3.83476E-1
3.38151E-1 3.37849E-1 3.35588E-1 3.45143E-1 3.47798E-1 3.52829E-1 3.56223E-1 3.55265E-1 3.54774E-1 3.50742E-1 3.49826E-1 3.50346E-1 3.54002E-1 3.51367E-1 3.57151E-1 3.6072E-1 3.573E-1 3.48887E-1 3.53664E-1 3.60801E-1 3.56531E-1 3.60105E-1 3.68546E-1 3.74723E-1 3.69025E-1 3.75243E-1 3.72434E-1 3.7578E-1 3.77252E-1 3.73501E-1 3.78547E-1 4.5515E-1 3.94063E-1 3.79675E-1 3.83675E-1 3.84277E-1 3.80493E-1 3.79794E-1 3.84856E-1 3.78025E-1 3.70934E-1 3.70143E-1 3.62597E-1 3.58203E-1 3.54286E-1 3.44431E-1 3.43109E-1 3.42033E-1 3.41853E-1 3.51346E-1 3.74404E-1 3.6244E-1 3.45994E-1 3.53093E-1 3.67437E-1 3.88959E-1 4.03452E-1 3.84412E-1 3.85894E-1 3.87681E-1 3.77982E-1
3.37072E-1 3.36153E-1 3.35003E-1 3.43775E-1 3.49001E-1 3.52758E-1 3.52951E-1 3.54634E-1 3.57045E-1 3.48102E-1 3.45522E-1 3.52641E-1 3.52587E-1 3.56341E-1 3.52187E-1 3.44192E-1 3.47948E-1 3.49078E-1 3.55589E-1 3.55383E-1 3.52781E-1 3.55404E-1 3.66151E-1 3.73738E-1 3.71348E-1 3.81225E-1 3.78535E-1 3.81227E-1 3.79625E-1 3.80181E-1 3.79294E-1 4.03666E-1 3.87504E-1 3.76355E-1 3.76915E-1 3.7943E-1 3.82679E-1 3.83675E-1 3.85425E-1 3.80273E-1 3.71743E-1 3.69586E-1 3.66578E-1 3.67453E-1 3.68617E-1 3.56564E-1 3.4404E-1 3.41581E-1 3.391E-1 3.44925E-1 3.49124E-1 3.45246E-1 3.58388E-1 3.65233E-1 3.62721E-1 3.82119E-1 3.96678E-1 3.90939E-1 3.92544E-1 4.17577E-1 3.95604E-1
3.39395E-1 3.39821E-1 3.43947E-1 3.47305E-1 3.45477E-1 3.52263E-1 3.48709E-1 3.51253E-1 3.52232E-1 3.5438E-1 3.59564E-1 3.50072E-1 3.48965E-1 3.58944E-1 3.54989E-1 3.42556E-1 3.44614E-1 3.45854E-1 3.45564E-1 3.5029E-1 3.49471E-1 3.56557E-1 3.59308E-1 3.70446E-1 3.68291E-1 3.71197E-1 3.73567E-1 3.73001E-1 3.76633E-1 3.76439E-1 3.77815E-1 3.95694E-1 3.82512E-1 3.77935E-1 3.77878E-1 3.7868E-1 3.81868E-1 3.8805E-1 3.81392E-1 3.77324E-1 3.79285E-1 3.71003E-1 3.62477E-1 3.61446E-1 3.68356E-1 3.59288E-1 3.55632E-1 3.74006E-1 3.48934E-1 3.50327E-1 3.48735E-1 3.5269E-1 3.54866E-1 3.71359E-1 3.79211E-1 3.84272E-1 3.93804E-1 3.9535E-1 4.09861E-1 4.54931E-1 4.32557E-1
3.45176E-1 3.45181E-1 3.43143E-1 3.47101E-1 3.47589E-1 3.49044E-1 3.46721E-1 3.5175E-1 3.52481E-1 3.50486E-1 3.57635E-1 3.50063E-1 3.46386E-1 3.55504E-1 3.45746E-1 3.41649E-1 3.38921E-1 3.41481E-1 3.40638E-1 3.43528E-1 3.45698E-1 3.53942E-1 3.6011E-1 3.61451E-1 3.64855E-1 3.63483E-1 3.68305E-1 3.73459E-1 3.78988E-1 3.78877E-1 3.99783E-1 3.93019E-1 3.81895E-1 3.84257E-1 3.81316E-1 3.80531E-1 3.82528E-1 3.84396E-1 3.82637E-1 3.81116E-1 3.79181E-1 3.73713E-1 3.62662E-1 3.63092E-1 3.63732E-1 3.57956E-1 3.56022E-1 3.99915E-1 3.60195E-1 3.55695E-1 3.548E-1 3.63561E-1 3.66422E-1 3.81515E-1 3.9507E-1 3.87657E-1 3.96085E-1 4.05429E-1 4.09356E-1 4.2888E-1 4.92704E-1
3.36848E-1 3.3748E-1 3.36904E-1 3.41966E-1 3.43401E-1 3.50715E-1 3.59111E-1 3.51643E-1 3.61969E-1 3.61144E-1 3.57661E-1 3.5694E-1 3.45182E-1 3.44524E-1 3.461E-1 3.51208E-1 3.37094E-1 3.38998E-1 3.44603E-1 3.44986E-1 3.46396E-1 3.59104E-1 3.5621E-1 3.59939E-1 3.61574E-1 3.75424E-1 3.71011E-1 3.75126E-1 3.82564E-1 4.11554E-1 4.10727E-1 3.82362E-1 3.83647E-1 3.81205E-1 3.8299E-1 3.82047E-1 3.85347E-1 3.8456E-1 3.8348E-1 3.81072E-1 3.80833E-1 3.81697E-1 3.65148E-1 3.6382E-1 3.6439E-1 3.64186E-1 3.60022E-1 3.9086E-1 3.69215E-1 3.76975E-1 3.70967E-1 3.66521E-1 3.88831E-1 3.97885E-1 3.9837E-1 3.96642E-1 4.10017E-1 4.137E-1 4.23095E-1 4.43553E-1 5.08989E-1
3.32753E-1 3.373E-1 3.37789E-1 3.38816E-1 3.35633E-1 3.40223E-1 3.43328E-1 3.48735E-1 3.51432E-1 3.55545E-1 3.50133E-1 3.55249E-1 3.4417E-1 3.50218E-1 3.65535E-1 3.34522E-1 3.36221E-1 3.37986E-1 3.43326E-1 3.42906E-1 3.44284E-1 3.47693E-1 3.50414E-1 3.54873E-1 3.52535E-1 3.60932E-1 3.74406E-1 3.77942E-1 3.79876E-1 4.02296E-1 3.86821E-1 3.81721E-1 3.84882E-1 3.83542E-1 3.8566E-1 3.92738E-1 3.88066E-1 3.89228E-1 3.8196E-1 3.80187E-1 3.81246E-1 3.8184E-1 3.76547E-1 3.6967E-1 3.64331E-1 3.66849E-1 3.69238E-1 3.72949E-1 3.78822E-1 3.76841E-1 3.76965E-1 3.84215E-1 4.10889E-1 4.29406E-1 4.20622E-1 4.13653E-1 4.1716E-1 4.41403E-1 4.4277E-1 4.62192E-1 4.75279E-1
3.40848E-1 3.34522E-1 3.34592E-1 3.35371E-1 3.3583E-1 3.37301E-1 3.41562E-1 3.48189E-1 3.47335E-1 3.42797E-1 3.42693E-1 3.39881E-1 3.36497E-1 3.38562E-1 3.32945E-1 3.42802E-1 3.64507E-1 3.39238E-1 3.39791E-1 3.51981E-1 3.51667E-1 3.51099E-1 3.51599E-1 3.54813E-1 3.58162E-1 3.63785E-1 3.65956E-1 3.81505E-1 3.87865E-1 3.82457E-1 3.80259E-1 3.8146E-1 3.76653E-1 3.86671E-1 3.89607E-1 3.90526E-1 3.95197E-1 3.83929E-1 3.83728E-1 3.77432E-1 3.76571E-1 3.73501E-1 3.8135E-1 3.7799E-1 3.75727E-1 3.76188E-1 3.80559E-1 3.84947E-1 3.86789E-1 3.93685E-1 3.98939E-1 4.20214E-1 4.85646E-1 4.44883E-1 4.66126E-1 4.3916E-1 4.31598E-1 4.51067E-1 4.49452E-1 4.71245E-1 4.88202E-1
