maxent_outputs/hummingbirds/hummingbird_238.asc
ncols         426
nrows         180
xllcorner     -130.0
yllcorner     24.0
cellsize      0.16666666666666666
NODATA_value  -9999
[rows 108 to 134 of 180, columns 122 to 182 of 426]
3.72272E-1 3.62914E-1 3.32366E-1 3.31826E-1 3.42998E-1 3.69096E-1 3.79697E-1 3.777E-1 3.7237E-1 3.69968E-1 3.51851E-1 3.45789E-1 3.41083E-1 3.19313E-1 3.18514E-1 3.16435E-1 3.45043E-1 3.44279E-1 3.42667E-1 3.37817E-1 3.79446E-1 3.73592E-1 3.82363E-1 3.38471E-1 3.19938E-1 3.56949E-1 3.63004E-1 3.66616E-1 3.70604E-1 3.64667E-1 3.88593E-1 4.09943E-1 3.98834E-1 3.79158E-1 4.1256E-1 4.28466E-1 4.14968E-1 4.15929E-1 4.24997E-1 4.3381E-1 4.40314E-1 4.41939E-1 4.51196E-1 4.49604E-1 4.50314E-1 4.56594E-1 4.65467E-1 4.65147E-1 4.69623E-1 4.77386E-1 4.88357E-1 4.91318E-1 4.95706E-1 4.92887E-1 4.87571E-1 4.80128E-1 4.74875E-1 4.76843E-1 4.8397E-1 4.87874E-1 4.91829E-1
3.5193E-1 3.394E-1 3.28199E-1 3.44048E-1 3.593E-1 3.59417E-1 3.70022E-1 3.74215E-1 3.65924E-1 3.58626E-1 3.42147E-1 3.35108E-1 3.40499E-1 3.52142E-1 3.60834E-1 3.58121E-1 3.77927E-1 3.97514E-1 3.87535E-1 4.00703E-1 3.9158E-1 3.75345E-1 3.79102E-1 3.49091E-1 3.33544E-1 3.66342E-1 3.67544E-1 3.53263E-1 3.59261E-1 3.72655E-1 4.02286E-1 4.31483E-1 4.28627E-1 4.20273E-1 4.25941E-1 4.34462E-1 4.21779E-1 4.18135E-1 4.28499E-1 4.40109E-1 4.46633E-1 4.53057E-1 4.62142E-1 4.6108E-1 4.59557E-1 4.58814E-1 4.8047E-1 4.87945E-1 4.93408E-1 4.9668E-1 4.93488E-1 4.95397E-1 4.89628E-1 4.91807E-1 4.95201E-1 4.8405E-1 4.83552E-1 4.83385E-1 4.86885E-1 4.90516E-1 4.90446E-1
3.52574E-1 3.39714E-1 3.28882E-1 3.42256E-1 3.38545E-1 3.45275E-1 3.55901E-1 3.47901E-1 3.45067E-1 3.53908E-1 3.40686E-1 3.40196E-1 3.51178E-1 3.67559E-1 3.8897E-1 3.91338E-1 4.12606E-1 4.31994E-1 4.23189E-1 4.14279E-1 3.98149E-1 3.72071E-1 3.67031E-1 3.6368E-1 3.59414E-1 3.73665E-1 3.72312E-1 3.51745E-1 3.58409E-1 3.77093E-1 4.26227E-1 4.33473E-1 4.28374E-1 4.32639E-1 4.50618E-1 4.50723E-1 4.31452E-1 4.33911E-1 4.36585E-1 4.49492E-1 4.56559E-1 4.68048E-1 4.71605E-1 4.77554E-1 4.74479E-1 4.8158E-1 4.83903E-1 4.99156E-1 4.92668E-1 4.91727E-1 4.86705E-1 4.80325E-1 4.78911E-1 4.89757E-1 4.92757E-1 4.88624E-1 4.88801E-1 4.86692E-1 4.89724E-1 4.96406E-1 5.00867E-1
3.70195E-1 3.64936E-1 3.54525E-1 3.66878E-1 3.5546E-1 3.40993E-1 3.42279E-1 3.39724E-1 3.47164E-1 3.48112E-1 3.45803E-1 3.48606E-1 3.52095E-1 3.28538E-1 3.93849E-1 4.08233E-1 4.14689E-1 4.25319E-1 4.27293E-1 4.26268E-1 4.14068E-1 3.98398E-1 3.69264E-1 3.51959E-1 3.64052E-1 4.03098E-1 4.08689E-1 4.15905E-1 4.10868E-1 4.27649E-1 4.46453E-1 4.47802E-1 4.54219E-1 4.56666E-1 4.72219E-1 4.70167E-1 4.58482E-1 4.49397E-1 4.54537E-1 4.64007E-1 4.67771E-1 4.7722E-1 4.80754E-1 4.87118E-1 4.94632E-1 4.96084E-1 5.00196E-1 4.98882E-1 4.77369E-1 4.75064E-1 4.71932E-1 4.70697E-1 4.81789E-1 4.96614E-1 4.99789E-1 4.98903E-1 4.99746E-1 4.96122E-1 4.96979E-1 4.99161E-1 5.06142E-1
3.83082E-1 3.78583E-1 3.76182E-1 3.62895E-1 3.45636E-1 3.43472E-1 3.38955E-1 3.34798E-1 3.34502E-1 3.49893E-1 3.50736E-1 3.57593E-1 3.56358E-1 3.71735E-1 4.03507E-1 4.09892E-1 4.1173E-1 4.32597E-1 4.4709E-1 4.36692E-1 4.14795E-1 3.84538E-1 3.66954E-1 3.42562E-1 3.72833E-1 4.14706E-1 4.25529E-1 4.36863E-1 4.32614E-1 4.29444E-1 4.44197E-1 4.58179E-1 4.52978E-1 4.55508E-1 4.79128E-1 4.74191E-1 4.68168E-1 4.65303E-1 4.69587E-1 4.72225E-1 4.74739E-1 4.63771E-1 4.56805E-1 4.61026E-1 4.69371E-1 4.79979E-1 4.95691E-1 4.88102E-1 4.7041E-1 4.63837E-1 4.68961E-1 4.71713E-1 4.86265E-1 4.96267E-1 4.97934E-1 5.05721E-1 5.07342E-1 5.05232E-1 5.05267E-1 5.07291E-1 5.14856E-1
3.87384E-1 3.83152E-1 3.76885E-1 3.60292E-1 3.61125E-1 3.59977E-1 3.45216E-1 3.2674E-1 3.32746E-1 3.41734E-1 3.65727E-1 3.73259E-1 3.90815E-1 3.99591E-1 4.04628E-1 4.19944E-1 4.14847E-1 4.45482E-1 4.66731E-1 4.40912E-1 4.00098E-1 3.77299E-1 3.67503E-1 3.44634E-1 3.79101E-1 4.01299E-1 4.14755E-1 4.3145E-1 4.48077E-1 4.52009E-1 4.47484E-1 4.52093E-1 4.54247E-1 4.65355E-1 4.71423E-1 4.78359E-1 4.80617E-1 4.79839E-1 4.79903E-1 4.78844E-1 4.69334E-1 4.56108E-1 4.51954E-1 4.54912E-1 4.54435E-1 4.58485E-1 4.67616E-1 4.75113E-1 4.67449E-1 4.64197E-1 4.75507E-1 4.85857E-1 4.95069E-1 5.02174E-1 5.09793E-1 5.13699E-1 5.16705E-1 5.19385E-1 5.21919E-1 5.23019E-1 5.24179E-1
3.98914E-1 3.85567E-1 3.79569E-1 3.70148E-1 3.62252E-1 3.45885E-1 3.38103E-1 3.20158E-1 3.1662E-1 3.42569E-1 3.72935E-1 3.66967E-1 3.87074E-1 4.00324E-1 3.97549E-1 4.14527E-1 4.14662E-1 4.32846E-1 4.32427E-1 4.32463E-1 3.99633E-1 3.83782E-1 3.71342E-1 3.64784E-1 3.69542E-1 3.96825E-1 4.16512E-1 4.32386E-1 4.49572E-1 4.59908E-1 4.56459E-1 4.42952E-1 4.40077E-1 4.43737E-1 4.655E-1 4.68201E-1 4.72748E-1 4.61865E-1 4.64297E-1 4.66963E-1 4.63426E-1 4.59465E-1 4.57075E-1 4.56231E-1 4.57595E-1 4.59707E-1 4.67637E-1 4.78671E-1 5.03898E-1 5.00174E-1 4.94849E-1 5.09131E-1 5.05391E-1 5.13306E-1 5.23056E-1 5.28481E-1 5.32941E-1 5.36299E-1 5.376E-1 5.3956E-1 5.41103E-1
3.98173E-1 3.92991E-1 3.84832E-1 3.73467E-1 3.6096E-1 3.41872E-1 3.22407E-1 3.1571E-1 3.25583E-1 3.31381E-1 3.40471E-1 3.3899E-1 3.56785E-1 3.95493E-1 3.94863E-1 4.14517E-1 4.17282E-1 4.26136E-1 4.27745E-1 4.21243E-1 3.99952E-1 3.86539E-1 3.73552E-1 3.64244E-1 3.6962E-1 3.83687E-1 4.10284E-1 4.24972E-1 4.36782E-1 4.5333E-1 4.69275E-1 4.60003E-1 4.49101E-1 4.3865E-1 4.32151E-1 4.30321E-1 4.3607E-1 4.38267E-1 4.48487E-1 4.5263E-1 4.5942E-1 4.64863E-1 4.61644E-1 4.61966E-1 4.57301E-1 4.60351E-1 4.59624E-1 4.63351E-1 4.71734E-1 5.02851E-1 5.25774E-1 5.1823E-1 5.22961E-1 5.32119E-1 5.35115E-1 5.40414E-1 5.48537E-1 5.46642E-1 5.51247E-1 5.51228E-1 5.54319E-1
4.08488E-1 3.9377E-1 3.84255E-1 3.73702E-1 3.59286E-1 3.50241E-1 3.37536E-1 3.24464E-1 3.19398E-1 3.10478E-1 3.2836E-1 3.51006E-1 3.63874E-1 3.85807E-1 3.96681E-1 4.141E-1 4.16043E-1 4.18985E-1 4.27492E-1 4.11304E-1 3.93816E-1 3.9092E-1 3.877E-1 3.73077E-1 3.70549E-1 3.76957E-1 3.98908E-1 4.21027E-1 4.36809E-1 4.53617E-1 4.62728E-1 4.6636E-1 4.62251E-1 4.57785E-1 4.50642E-1 4.41331E-1 4.36565E-1 4.43373E-1 4.52228E-1 4.5309E-1 4.61531E-1 4.67407E-1 4.63384E-1 4.60817E-1 4.61912E-1 4.63736E-1 4.67192E-1 4.72993E-1 4.77504E-1 4.92077E-1 5.15232E-1 5.37324E-1 5.4107E-1 5.43392E-1 5.52477E-1 5.51993E-1 5.61396E-1 5.64346E-1 5.66076E-1 5.64334E-1 5.66482E-1
3.9809E-1 4.01252E-1 3.78624E-1 3.59148E-1 3.46375E-1 3.37024E-1 3.32387E-1 3.21478E-1 3.15316E-1 3.11904E-1 3.42295E-1 3.52383E-1 3.6985E-1 3.85863E-1 4.02899E-1 4.16482E-1 4.17532E-1 4.12939E-1 4.25626E-1 4.17695E-1 3.92002E-1 3.81188E-1 3.92708E-1 3.91948E-1 3.86778E-1 4.02128E-1 4.08832E-1 4.16644E-1 4.34662E-1 4.51519E-1 4.5649E-1 4.61018E-1 4.71801E-1 4.68808E-1 4.64025E-1 4.56188E-1 4.49941E-1 4.49192E-1 4.60711E-1 4.58219E-1 4.58099E-1 4.62412E-1 4.64674E-1 4.64565E-1 4.64788E-1 4.70276E-1 4.77294E-1 4.86552E-1 4.89492E-1 4.83702E-1 4.88748E-1 5.29451E-1 5.4269E-1 5.53908E-1 5.63199E-1 5.64385E-1 5.66751E-1 5.72527E-1 5.78841E-1 5.83556E-1 5.86664E-1
3.60428E-1 3.7134E-1 3.60953E-1 3.37448E-1 3.26936E-1 3.19545E-1 3.1159E-1 3.14153E-1 3.07282E-1 3.1358E-1 3.31185E-1 3.34298E-1 3.29284E-1 3.54891E-1 3.87033E-1 4.03506E-1 4.24396E-1 4.13413E-1 4.12238E-1 4.04371E-1 4.00563E-1 3.89203E-1 3.94528E-1 3.90961E-1 3.98693E-1 4.16379E-1 4.21846E-1 4.24121E-1 4.34887E-1 4.56802E-1 4.63107E-1 4.66741E-1 4.72534E-1 4.69304E-1 4.61721E-1 4.67548E-1 4.68161E-1 4.66959E-1 4.62395E-1 4.60953E-1 4.62901E-1 4.6711E-1 4.72124E-1 4.74062E-1 4.75767E-1 4.81018E-1 4.91335E-1 5.05112E-1 5.0528E-1 4.9955E-1 5.06539E-1 5.36629E-1 5.43575E-1 5.60022E-1 5.73807E-1 5.77121E-1 5.82432E-1 5.84757E-1 5.93942E-1 5.97335E-1 5.97887E-1
3.0967E-1 3.34011E-1 3.35505E-1 3.1998E-1 3.03276E-1 3.09132E-1 3.09562E-1 3.03296E-1 3.16776E-1 3.18341E-1 3.21121E-1 3.13009E-1 3.12621E-1 3.37188E-1 3.63944E-1 3.96574E-1 4.32912E-1 4.2024E-1 4.11093E-1 4.02232E-1 4.07623E-1 3.93842E-1 3.95717E-1 3.89923E-1 4.02126E-1 4.24965E-1 4.34558E-1 4.36028E-1 4.43817E-1 4.53937E-1 4.59799E-1 4.65226E-1 4.70144E-1 4.68816E-1 4.66344E-1 4.66939E-1 4.71682E-1 4.7534E-1 4.78471E-1 4.77332E-1 4.74785E-1 4.7212E-1 4.75452E-1 4.81629E-1 4.81755E-1 4.88869E-1 5.02304E-1 5.12964E-1 5.13853E-1 5.11208E-1 5.09052E-1 5.34295E-1 5.57144E-1 5.63347E-1 5.74055E-1 5.81121E-1 5.85609E-1 5.8337E-1 5.9873E-1 6.06603E-1 6.06837E-1
3.0417E-1 2.81802E-1 3.02841E-1 3.14686E-1 3.09367E-1 3.12334E-1 3.17806E-1 3.1315E-1 3.12909E-1 3.03254E-1 3.08726E-1 3.14242E-1 3.25296E-1 3.58898E-1 3.85766E-1 4.05703E-1 4.32466E-1 4.2639E-1 4.13637E-1 4.14953E-1 4.08226E-1 4.10417E-1 4.05512E-1 4.038E-1 4.10314E-1 4.14941E-1 4.29032E-1 4.44142E-1 4.53799E-1 4.55378E-1 4.59715E-1 4.6566E-1 4.6686E-1 4.70066E-1 4.63726E-1 4.66895E-1 4.68545E-1 4.67045E-1 4.66504E-1 4.70795E-1 4.70346E-1 4.75402E-1 4.80639E-1 4.86247E-1 4.87943E-1 4.94552E-1 5.05996E-1 5.13973E-1 5.13382E-1 5.17412E-1 5.23365E-1 5.35774E-1 5.59713E-1 5.6625E-1 5.75487E-1 5.84238E-1 5.88194E-1 5.92849E-1 6.00137E-1 6.00418E-1 6.08534E-1
3.40279E-1 3.24195E-1 3.13285E-1 3.29812E-1 3.26823E-1 3.48325E-1 3.21375E-1 3.12862E-1 3.0182E-1 3.04808E-1 3.08924E-1 3.21192E-1 3.35585E-1 3.68591E-1 4.1233E-1 4.27093E-1 4.29715E-1 4.18101E-1 4.18041E-1 4.26803E-1 4.2604E-1 4.29935E-1 4.32026E-1 4.20173E-1 4.16084E-1 4.29116E-1 4.41083E-1 4.48471E-1 4.58965E-1 4.60204E-1 4.64827E-1 4.61067E-1 4.68663E-1 4.6514E-1 4.57499E-1 4.60678E-1 4.62482E-1 4.62754E-1 4.64945E-1 4.67351E-1 4.72023E-1 4.82569E-1 4.89798E-1 5.02227E-1 5.02482E-1 5.05614E-1 5.13499E-1 5.17757E-1 5.18145E-1 5.2367E-1 5.40658E-1 5.45985E-1 5.67087E-1 5.73678E-1 5.83144E-1 5.81535E-1 5.8714E-1 5.99434E-1 6.01315E-1 6.12976E-1 6.23044E-1
3.8086E-1 3.68356E-1 3.75418E-1 3.66885E-1 3.74838E-1 3.42899E-1 3.06396E-1 2.94073E-1 3.03468E-1 3.04784E-1 2.94672E-1 3.32085E-1 3.62514E-1 3.85373E-1 4.22856E-1 4.30208E-1 4.26493E-1 4.27322E-1 4.2211E-1 4.49327E-1 4.55588E-1 4.57692E-1 4.50111E-1 4.13659E-1 3.95571E-1 4.12384E-1 4.3745E-1 4.62222E-1 4.67571E-1 4.6916E-1 4.7498E-1 4.64236E-1 4.7071E-1 4.67967E-1 4.63391E-1 4.56535E-1 4.56308E-1 4.60749E-1 4.61882E-1 4.68809E-1 4.79697E-1 4.9185E-1 5.00641E-1 5.10574E-1 5.1704E-1 5.19881E-1 5.37693E-1 5.32285E-1 5.27597E-1 5.32334E-1 5.50116E-1 5.69538E-1 5.68838E-1 5.75548E-1 5.82301E-1 5.80126E-1 5.87036E-1 6.03148E-1 6.08655E-1 6.1818E-1 6.16788E-1
4.18932E-1 4.16062E-1 4.25771E-1 4.03822E-1 4.11668E-1 3.54911E-1 3.05045E-1 2.9917E-1 3.05196E-1 3.15662E-1 3.09674E-1 3.43321E-1 3.80714E-1 4.21345E-1 4.38613E-1 4.44187E-1 4.33713E-1 4.36871E-1 4.40156E-1 4.694E-1 4.84073E-1 4.77269E-1 4.45083E-1 3.70323E-1 4.03512E-1 4.37015E-1 4.5039E-1 4.64473E-1 4.77348E-1 4.7988E-1 4.87594E-1 4.76797E-1 4.72207E-1 4.72959E-1 4.74079E-1 4.66969E-1 4.64705E-1 4.68151E-1 4.70899E-1 4.76665E-1 4.80585E-1 4.94332E-1 5.09146E-1 5.16996E-1 5.15663E-1 5.20813E-1 5.29362E-1 5.32336E-1 5.44291E-1 5.61574E-1 5.69951E-1 5.75085E-1 5.73388E-1 5.74099E-1 5.91597E-1 5.95654E-1 6.03946E-1 6.16488E-1 6.16358E-1 6.2093E-1 6.19197E-1
4.46341E-1 4.34541E-1 4.64437E-1 4.3886E-1 4.2809E-1 3.77028E-1 3.35025E-1 3.28357E-1 3.45849E-1 3.35251E-1 3.21762E-1 3.58662E-1 4.02782E-1 4.31614E-1 4.48806E-1 4.55504E-1 4.39948E-1 4.28245E-1 4.54169E-1 4.83591E-1 4.84313E-1 4.86606E-1 4.51969E-1 3.9074E-1 3.8083E-1 4.16855E-1 4.46588E-1 4.5922E-1 4.81085E-1 4.8858E-1 4.89602E-1 4.8562E-1 4.82601E-1 4.8303E-1 4.83207E-1 4.68261E-1 4.69014E-1 4.74511E-1 4.80059E-1 4.88192E-1 4.91174E-1 5.02706E-1 5.1192E-1 5.17514E-1 5.22698E-1 5.25489E-1 5.35907E-1 5.43561E-1 5.49374E-1 5.73083E-1 5.76491E-1 5.79012E-1 5.80018E-1 5.84575E-1 5.94598E-1 6.05619E-1 6.0839E-1 6.20904E-1 6.22993E-1 6.28075E-1 6.33857E-1
4.83257E-1 4.88949E-1 4.93446E-1 4.28918E-1 4.03959E-1 4.09754E-1 4.08258E-1 3.82976E-1 3.64298E-1 3.44278E-1 3.29493E-1 3.67195E-1 4.1182E-1 4.41113E-1 4.62237E-1 4.50087E-1 4.4027E-1 4.40367E-1 4.77818E-1 4.77939E-1 4.8264E-1 4.92957E-1 4.7622E-1 3.81191E-1 3.75093E-1 4.14413E-1 4.4127E-1 4.55672E-1 4.81076E-1 4.92243E-1 4.93417E-1 4.89365E-1 4.96887E-1 4.95401E-1 4.94044E-1 4.7433E-1 4.72464E-1 4.81466E-1 4.88136E-1 4.96597E-1 5.05907E-1 5.14477E-1 5.22125E-1 5.26225E-1 5.29187E-1 5.34664E-1 5.44902E-1 5.52524E-1 5.65405E-1 5.82147E-1 5.87052E-1 5.88961E-1 5.89639E-1 5.96438E-1 5.99743E-1 6.07757E-1 6.13271E-1 6.22829E-1 6.28403E-1 6.43258E-1 6.46834E-1
5.35575E-1 5.20028E-1 4.92843E-1 4.67602E-1 4.20618E-1 4.2024E-1 4.2372E-1 4.0456E-1 3.66201E-1 3.57178E-1 3.65635E-1 3.7378E-1 4.30325E-1 4.50441E-1 4.58489E-1 4.52764E-1 4.48607E-1 4.53474E-1 4.82597E-1 4.8389E-1 4.72823E-1 4.89048E-1 4.87031E-1 3.70747E-1 3.85364E-1 4.25407E-1 4.40291E-1 4.56964E-1 4.82942E-1 4.97386E-1 5.02605E-1 5.0261E-1 4.97308E-1 4.99088E-1 4.97207E-1 4.8305E-1 4.81483E-1 4.89998E-1 4.99262E-1 5.07137E-1 5.1943E-1 5.25923E-1 5.29917E-1 5.29284E-1 5.38624E-1 5.41452E-1 5.42906E-1 5.5576E-1 5.65683E-1 5.89779E-1 5.90246E-1 5.84985E-1 5.8979E-1 6.01052E-1 6.10339E-1 6.13116E-1 6.17678E-1 6.22707E-1 6.34444E-1 6.46505E-1 6.54606E-1
5.18618E-1 5.1302E-1 4.91072E-1 4.68184E-1 4.60496E-1 4.55177E-1 4.37453E-1 4.11403E-1 4.03944E-1 4.06231E-1 4.12085E-1 4.06892E-1 4.36348E-1 4.5382E-1 4.62997E-1 4.6035E-1 4.52824E-1 4.53739E-1 4.75477E-1 4.87275E-1 4.7814E-1 4.82919E-1 4.83048E-1 3.73253E-1 3.83483E-1 4.18952E-1 4.42484E-1 4.56541E-1 4.76093E-1 4.91801E-1 4.95933E-1 5.00823E-1 5.0167E-1 5.04727E-1 5.04071E-1 4.93258E-1 4.93862E-1 4.98633E-1 5.13382E-1 5.23077E-1 5.25971E-1 5.38216E-1 5.42508E-1 5.39107E-1 5.46492E-1 5.42747E-1 5.43483E-1 5.6317E-1 5.84916E-1 5.90811E-1 5.82099E-1 5.84185E-1 5.8582E-1 5.96613E-1 6.09342E-1 6.15487E-1 6.20818E-1 6.29616E-1 6.39505E-1 6.54249E-1 6.5855E-1
5.06921E-1 5.10262E-1 4.94735E-1 4.66278E-1 4.5448E-1 4.38661E-1 4.29496E-1 4.08521E-1 4.20774E-1 4.2717E-1 4.34908E-1 4.34676E-1 4.5198E-1 4.50374E-1 4.57813E-1 4.78927E-1 4.64302E-1 4.48429E-1 4.65773E-1 4.94933E-1 4.77621E-1 4.86857E-1 4.94067E-1 4.58767E-1 4.28233E-1 4.35522E-1 4.47094E-1 4.51817E-1 4.76165E-1 4.95986E-1 5.04707E-1 5.08914E-1 5.09511E-1 5.06413E-1 5.19681E-1 5.18001E-1 5.11535E-1 5.1591E-1 5.24327E-1 5.3314E-1 5.35379E-1 5.4669E-1 5.5633E-1 5.55293E-1 5.53242E-1 5.4838E-1 5.457E-1 5.51977E-1 5.78079E-1 5.85541E-1 5.82006E-1 5.86841E-1 5.87894E-1 5.98496E-1 6.11531E-1 6.22611E-1 6.33069E-1 6.37852E-1 6.4782E-1 6.62833E-1 6.67865E-1
5.0732E-1 4.97441E-1 4.92302E-1 4.74553E-1 4.4648E-1 4.4444E-1 4.45848E-1 4.37379E-1 4.43311E-1 4.4582E-1 4.46577E-1 4.76232E-1 4.73651E-1 4.59868E-1 4.59607E-1 4.63778E-1 4.77934E-1 4.75567E-1 4.76896E-1 4.93054E-1 4.80705E-1 4.91499E-1 4.85145E-1 4.66392E-1 4.68476E-1 4.65999E-1 4.72985E-1 4.6719E-1 4.60068E-1 4.88796E-1 5.09476E-1 5.23812E-1 5.24933E-1 5.245E-1 5.33438E-1 5.28483E-1 5.23087E-1 5.26429E-1 5.34537E-1 5.39841E-1 5.42084E-1 5.58662E-1 5.67261E-1 5.69186E-1 5.70481E-1 5.64061E-1 5.62927E-1 5.60916E-1 5.62403E-1 5.69767E-1 5.87906E-1 5.89611E-1 5.92691E-1 6.0065E-1 6.11756E-1 6.2118E-1 6.33104E-1 6.46361E-1 6.56702E-1 6.67556E-1 6.73638E-1
4.85277E-1 5.04809E-1 4.89439E-1 4.87392E-1 4.55334E-1 4.61329E-1 4.56103E-1 4.58664E-1 4.5388E-1 4.60755E-1 4.66218E-1 4.83413E-1 4.90698E-1 4.81042E-1 4.68328E-1 4.6483E-1 4.69638E-1 4.97222E-1 4.86395E-1 4.98634E-1 4.79599E-1 4.83293E-1 4.73612E-1 4.64945E-1 4.72601E-1 4.77158E-1 4.88715E-1 4.93049E-1 4.7414E-1 4.81165E-1 5.10606E-1 5.22524E-1 5.19099E-1 5.24775E-1 5.38991E-1 5.31686E-1 5.31932E-1 5.37367E-1 5.41021E-1 5.45598E-1 5.4324E-1 5.55044E-1 5.69234E-1 5.74938E-1 5.73321E-1 5.70815E-1 5.65511E-1 5.75871E-1 5.84621E-1 5.84549E-1 5.93063E-1 5.95913E-1 6.01542E-1 6.0676E-1 6.11805E-1 6.11136E-1 6.15559E-1 6.30323E-1 6.50246E-1 6.64469E-1 6.72698E-1
4.77723E-1 4.60443E-1 4.69608E-1 4.80016E-1 4.65293E-1 4.6221E-1 4.65603E-1 4.58162E-1 4.58726E-1 4.69934E-1 4.72145E-1 4.85425E-1 5.12163E-1 4.96641E-1 4.83467E-1 4.8849E-1 4.78876E-1 4.88586E-1 4.94044E-1 4.84153E-1 4.80181E-1 4.8383E-1 4.60323E-1 4.61814E-1 4.75908E-1 4.87447E-1 4.89931E-1 4.94491E-1 4.75615E-1 4.72441E-1 5.11693E-1 5.0595E-1 5.09617E-1 5.19101E-1 5.34555E-1 5.35411E-1 5.38748E-1 5.40337E-1 5.47502E-1 5.47E-1 5.5384E-1 5.59662E-1 5.72272E-1 5.82286E-1 5.84229E-1 5.86783E-1 5.80678E-1 5.81472E-1 5.85721E-1 5.86303E-1 5.89411E-1 5.97144E-1 6.0456E-1 6.14128E-1 6.17172E-1 6.15215E-1 6.22478E-1 6.24766E-1 6.42576E-1 6.59468E-1 6.7624E-1
4.63258E-1 4.407E-1 4.0095E-1 4.69004E-1 4.65316E-1 4.60461E-1 4.70858E-1 4.74208E-1 4.67238E-1 4.82833E-1 4.89929E-1 5.06453E-1 5.09487E-1 5.00164E-1 4.94536E-1 4.99248E-1 4.88711E-1 4.80415E-1 5.13517E-1 5.18293E-1 4.90075E-1 4.87392E-1 4.59787E-1 4.61833E-1 4.72167E-1 4.94408E-1 4.98461E-1 4.97678E-1 4.94977E-1 5.00276E-1 5.08545E-1 5.04086E-1 5.12789E-1 5.25675E-1 5.35162E-1 5.40346E-1 5.41189E-1 5.49202E-1 5.4827E-1 5.49123E-1 5.5225E-1 5.68853E-1 5.74776E-1 5.89837E-1 5.97377E-1 5.96061E-1 5.93367E-1 5.89955E-1 5.86467E-1 5.82518E-1 5.83539E-1 5.90883E-1 5.95667E-1 6.10753E-1 6.26083E-1 6.2695E-1 6.33621E-1 6.353E-1 6.46625E-1 6.63445E-1 6.76944E-1
4.75493E-1 4.39202E-1 4.22422E-1 4.62421E-1 4.48708E-1 4.47168E-1 4.75045E-1 4.83416E-1 4.88075E-1 4.88607E-1 5.0164E-1 5.04257E-1 5.13147E-1 5.08313E-1 5.02962E-1 4.90736E-1 4.86119E-1 4.80827E-1 5.0547E-1 5.4504E-1 5.01984E-1 4.826E-1 4.71913E-1 4.60405E-1 4.69963E-1 4.8645E-1 4.95526E-1 4.97937E-1 5.01711E-1 5.00734E-1 5.05822E-1 5.07785E-1 5.18382E-1 5.25946E-1 5.35674E-1 5.42307E-1 5.49376E-1 5.45459E-1 5.50664E-1 5.53644E-1 5.58874E-1 5.61866E-1 5.72177E-1 5.86869E-1 5.93685E-1 5.96582E-1 5.94654E-1 5.90144E-1 5.78189E-1 5.79251E-1 5.81728E-1 5.90254E-1 5.99673E-1 6.07148E-1 6.15283E-1 6.34503E-1 6.4059E-1 6.48082E-1 6.55798E-1 6.64573E-1 6.75932E-1
4.77109E-1 4.62429E-1 4.67785E-1 4.57177E-1 4.33575E-1 4.36808E-1 4.74083E-1 4.74492E-1 4.91224E-1 4.91952E-1 5.08815E-1 5.15616E-1 5.16394E-1 5.10326E-1 4.98074E-1 4.92602E-1 4.88935E-1 4.89495E-1 4.93348E-1 5.07834E-1 5.00386E-1 4.75803E-1 4.72666E-1 4.61558E-1 4.69192E-1 4.84586E-1 4.92236E-1 5.01751E-1 5.01219E-1 5.10554E-1 4.98103E-1 5.07842E-1 5.18852E-1 5.28567E-1 5.37336E-1 5.46349E-1 5.53068E-1 5.57959E-1 5.56779E-1 5.59082E-1 5.66393E-1 5.67765E-1 5.74379E-1 5.83911E-1 5.93697E-1 5.96113E-1 5.93952E-1 5.85282E-1 5.82963E-1 5.77506E-1 5.77893E-1 5.90413E-1 6.06299E-1 6.18152E-1 6.27404E-1 6.36075E-1 6.43207E-1 6.51697E-1 6.62816E-1 6.78256E-1 6.85598E-1
