maxent_outputs/hummingbirds/hummingbird_78.asc
ncols         426
nrows         180
xllcorner     -130.0
yllcorner     24.0
cellsize      0.16666666666666666
NODATA_value  -9999
[rows 0 to 26 of 180, columns 122 to 182 of 426]
5.20639E-2 4.99985E-2 5.08666E-2 4.1923E-2 3.92339E-2 4.42822E-2 4.85403E-2 5.04593E-2 4.51513E-2 4.32341E-2 4.04507E-2 4.02333E-2 4.12034E-2 3.94923E-2 4.06849E-2 3.86335E-2 3.96504E-2 4.00037E-2 4.16746E-2 4.29577E-2 4.36658E-2 4.11574E-2 4.02083E-2 4.05469E-2 3.62018E-2 3.69228E-2 3.66666E-2 3.56549E-2 3.59394E-2 3.54339E-2 3.50858E-2 3.4945E-2 3.50254E-2 3.42812E-2 3.4186E-2 3.3899E-2 3.39391E-2 3.41313E-2 3.45275E-2 3.45817E-2 3.46329E-2 3.52351E-2 3.63367E-2 3.65619E-2 3.75893E-2 3.72286E-2 3.73151E-2 3.76987E-2 3.85174E-2 3.78842E-2 3.46632E-2 3.45073E-2 3.27431E-2 3.16843E-2 3.25967E-2 3.70198E-2 4.01797E-2 3.67242E-2 3.63974E-2 3.88713E-2 3.35439E-2
4.44727E-2 4.26245E-2 4.16576E-2 4.01828E-2 3.88871E-2 3.92263E-2 4.03219E-2 3.94452E-2 4.41935E-2 4.62751E-2 4.17064E-2 3.99199E-2 3.88488E-2 3.99933E-2 4.32595E-2 3.9608E-2 3.77986E-2 3.79963E-2 4.13815E-2 4.27574E-2 4.32624E-2 4.14722E-2 4.12668E-2 4.04781E-2 3.92371E-2 4.17185E-2 4.22143E-2 3.86803E-2 3.9388E-2 3.78863E-2 3.74052E-2 3.86098E-2 3.77354E-2 3.97604E-2 3.69916E-2 3.45534E-2 3.49222E-2 3.45716E-2 3.43066E-2 3.49578E-2 3.53091E-2 3.52895E-2 3.67058E-2 3.71144E-2 3.67064E-2 3.97545E-2 3.97499E-2 3.91526E-2 3.72619E-2 3.22594E-2 3.1387E-2 3.5713E-2 3.62758E-2 3.62446E-2 3.52408E-2 3.75444E-2 4.51824E-2 4.13694E-2 3.52224E-2 3.47224E-2 3.33089E-2
4.08183E-2 3.95416E-2 3.90426E-2 3.75131E-2 3.84123E-2 3.73789E-2 3.82039E-2 3.59587E-2 3.8175E-2 4.01257E-2 4.4101E-2 3.94744E-2 3.70384E-2 3.8536E-2 4.1675E-2 4.02017E-2 3.80193E-2 3.77071E-2 3.80214E-2 3.89799E-2 3.95473E-2 4.06436E-2 4.07002E-2 3.97351E-2 3.54405E-2 3.79087E-2 3.87777E-2 4.04182E-2 4.00992E-2 3.81566E-2 3.5356E-2 3.4272E-2 3.32219E-2 3.43688E-2 3.50993E-2 3.806E-2 3.99574E-2 3.827E-2 3.45743E-2 3.59363E-2 3.77326E-2 3.8358E-2 3.74652E-2 4.07641E-2 4.22993E-2 4.63467E-2 4.10378E-2 3.9611E-2 3.9581E-2 3.67007E-2 3.70181E-2 3.89757E-2 3.84549E-2 3.70575E-2 3.9171E-2 4.0038E-2 4.30839E-2 4.18632E-2 3.90673E-2 3.52795E-2 3.50409E-2
4.17948E-2 4.15676E-2 3.90434E-2 3.85136E-2 3.61419E-2 3.3909E-2 3.25093E-2 3.15201E-2 3.2258E-2 3.51578E-2 4.04953E-2 4.22671E-2 4.18736E-2 3.80658E-2 4.02159E-2 4.12492E-2 4.01408E-2 3.98547E-2 3.96677E-2 3.97102E-2 3.82838E-2 3.78645E-2 3.58771E-2 3.67869E-2 3.69205E-2 3.55412E-2 3.34513E-2 3.46077E-2 3.57759E-2 3.6276E-2 3.49748E-2 3.32005E-2 3.34067E-2 3.45395E-2 3.52996E-2 3.63924E-2 3.50407E-2 3.50519E-2 3.52578E-2 3.44506E-2 3.66733E-2 3.73483E-2 3.73761E-2 3.46665E-2 3.93389E-2 4.62637E-2 3.91977E-2 3.84135E-2 3.82945E-2 3.73986E-2 3.65662E-2 3.77367E-2 4.17193E-2 4.71293E-2 5.06336E-2 5.28147E-2 5.29601E-2 5.24369E-2 4.18008E-2 3.74467E-2 3.6603E-2
4.22128E-2 4.17671E-2 4.08926E-2 3.86148E-2 3.58454E-2 3.42021E-2 3.39099E-2 3.16881E-2 3.2583E-2 3.35687E-2 3.52456E-2 3.9582E-2 4.07539E-2 4.19731E-2 4.24647E-2 4.36603E-2 4.31227E-2 4.14393E-2 4.14868E-2 4.10996E-2 4.04252E-2 3.92177E-2 3.88565E-2 3.87817E-2 3.79632E-2 3.64893E-2 3.54763E-2 3.6251E-2 3.80177E-2 3.92194E-2 3.73213E-2 3.55627E-2 3.56227E-2 3.52068E-2 3.73698E-2 3.70711E-2 3.59733E-2 3.51916E-2 3.5989E-2 3.62467E-2 3.65147E-2 3.45716E-2 3.28416E-2 3.16421E-2 4.23346E-2 4.43116E-2 3.92122E-2 3.80805E-2 3.94205E-2 3.87683E-2 3.72711E-2 3.84047E-2 3.729E-2 3.84023E-2 4.40184E-2 4.85629E-2 5.59267E-2 5.67085E-2 4.84072E-2 4.57903E-2 4.39814E-2
4.31688E-2 4.41791E-2 4.29737E-2 4.15564E-2 3.83574E-2 3.6288E-2 3.48155E-2 3.91014E-2 3.46393E-2 3.48604E-2 3.55037E-2 3.64375E-2 3.77932E-2 4.13081E-2 4.58044E-2 4.90565E-2 4.50102E-2 4.27154E-2 4.25285E-2 4.14144E-2 4.16548E-2 3.97206E-2 3.84751E-2 3.8938E-2 3.92708E-2 3.90344E-2 3.76094E-2 3.73968E-2 3.67317E-2 3.6217E-2 3.59744E-2 3.60767E-2 3.74422E-2 3.83971E-2 3.64257E-2 3.64744E-2 3.65455E-2 3.59657E-2 3.86016E-2 3.88918E-2 3.59127E-2 3.43416E-2 3.6463E-2 3.97058E-2 4.59496E-2 4.15642E-2 3.89946E-2 3.99012E-2 4.30236E-2 4.50774E-2 4.22364E-2 5.18296E-2 5.30809E-2 5.07897E-2 5.38768E-2 5.19016E-2 5.0705E-2 5.02337E-2 4.67942E-2 4.08256E-2 4.49319E-2
4.65611E-2 4.73693E-2 4.63675E-2 4.57995E-2 4.29974E-2 4.09376E-2 3.89195E-2 3.69741E-2 3.68783E-2 3.63988E-2 3.64501E-2 3.67987E-2 3.74248E-2 4.06453E-2 4.38992E-2 4.701E-2 4.44309E-2 4.36476E-2 4.39473E-2 4.28269E-2 4.11702E-2 4.08853E-2 3.93722E-2 3.93951E-2 4.08195E-2 3.96458E-2 4.01127E-2 3.96693E-2 3.81693E-2 3.69115E-2 3.73057E-2 3.88641E-2 3.9768E-2 4.02726E-2 3.84345E-2 3.70762E-2 3.8087E-2 3.77145E-2 3.74962E-2 3.65195E-2 3.64305E-2 3.63713E-2 3.75047E-2 3.92655E-2 3.96199E-2 3.81643E-2 4.09383E-2 4.31305E-2 5.10782E-2 6.08812E-2 5.54561E-2 4.86008E-2 6.53452E-2 6.20074E-2 4.79361E-2 5.59903E-2 5.97028E-2 6.17964E-2 5.5158E-2 4.68382E-2 4.24015E-2
4.09828E-2 4.48777E-2 4.5126E-2 4.57272E-2 4.59148E-2 4.39644E-2 4.5965E-2 4.37862E-2 4.19174E-2 3.94622E-2 3.84655E-2 3.88287E-2 3.86538E-2 4.06144E-2 4.37752E-2 4.38318E-2 4.27224E-2 4.37498E-2 4.44102E-2 4.27373E-2 4.12182E-2 3.98516E-2 3.98984E-2 4.2236E-2 3.91235E-2 3.82994E-2 3.94724E-2 3.96773E-2 3.92433E-2 3.85329E-2 3.98581E-2 3.96834E-2 4.09098E-2 4.12881E-2 3.95543E-2 3.79355E-2 3.79007E-2 3.97297E-2 3.79874E-2 3.70898E-2 3.50158E-2 3.88023E-2 3.74698E-2 3.63243E-2 3.67277E-2 4.21778E-2 4.48013E-2 4.63933E-2 4.65445E-2 4.5E-2 4.91101E-2 4.86554E-2 5.26956E-2 5.56965E-2 4.36521E-2 5.33678E-2 4.68849E-2 5.36807E-2 6.1966E-2 5.34587E-2 4.6009E-2
4.78614E-2 4.28333E-2 4.10235E-2 4.12287E-2 4.34383E-2 4.34291E-2 4.29102E-2 4.6937E-2 4.92169E-2 4.96754E-2 4.45751E-2 4.37069E-2 4.43592E-2 4.28379E-2 4.30593E-2 4.29277E-2 4.26678E-2 4.28617E-2 4.39646E-2 4.42284E-2 4.27825E-2 4.32078E-2 4.35223E-2 4.23833E-2 3.99299E-2 3.85965E-2 4.09982E-2 3.87741E-2 4.06152E-2 3.90984E-2 4.07214E-2 4.11109E-2 4.20252E-2 4.15448E-2 4.14996E-2 3.88865E-2 3.97777E-2 4.10115E-2 4.00891E-2 4.22371E-2 4.1077E-2 4.1233E-2 4.04784E-2 4.06823E-2 3.87634E-2 3.98375E-2 3.78753E-2 3.70745E-2 3.7217E-2 3.89671E-2 4.21301E-2 4.58541E-2 4.45252E-2 5.73745E-2 4.3853E-2 4.74323E-2 4.5334E-2 4.71428E-2 5.96831E-2 5.8779E-2 4.76268E-2
5.16645E-2 5.04301E-2 4.7505E-2 4.33267E-2 4.15093E-2 4.23029E-2 4.08883E-2 4.23159E-2 4.26654E-2 4.47072E-2 4.83365E-2 4.91974E-2 4.89501E-2 5.01515E-2 4.46733E-2 4.31961E-2 4.31717E-2 4.36752E-2 4.44092E-2 4.48013E-2 4.56969E-2 4.42668E-2 4.35153E-2 4.333E-2 4.29748E-2 4.0658E-2 3.94809E-2 4.03068E-2 4.11035E-2 4.04058E-2 4.02127E-2 4.06847E-2 4.08619E-2 4.07296E-2 3.93562E-2 3.91803E-2 3.82448E-2 3.86537E-2 3.91419E-2 4.25346E-2 4.43898E-2 4.30951E-2 4.05339E-2 3.8972E-2 3.58479E-2 3.40595E-2 3.34271E-2 3.48233E-2 3.55765E-2 4.14876E-2 4.52215E-2 4.25942E-2 3.96432E-2 5.14412E-2 5.21206E-2 5.20706E-2 4.84608E-2 5.06955E-2 5.31948E-2 5.32795E-2 4.6212E-2
5.64242E-2 5.59699E-2 5.62791E-2 4.93668E-2 4.51962E-2 4.54716E-2 4.48782E-2 4.48238E-2 4.37507E-2 4.24582E-2 4.5572E-2 5.19533E-2 5.09877E-2 4.99837E-2 4.72744E-2 4.57948E-2 4.53819E-2 4.44075E-2 4.50818E-2 4.43135E-2 4.54526E-2 4.55213E-2 4.57594E-2 4.54989E-2 4.45293E-2 4.17451E-2 4.21189E-2 3.96458E-2 3.95459E-2 4.08058E-2 4.10319E-2 4.06641E-2 4.08806E-2 4.02424E-2 3.94176E-2 3.77974E-2 3.83765E-2 3.76871E-2 3.8455E-2 4.14752E-2 4.09117E-2 4.07728E-2 3.63395E-2 3.68187E-2 3.53985E-2 3.32048E-2 3.50534E-2 4.03634E-2 4.04276E-2 4.1589E-2 4.04909E-2 3.69186E-2 3.68296E-2 4.44215E-2 4.30307E-2 4.50354E-2 4.71386E-2 5.9257E-2 5.5194E-2 4.90011E-2 4.6688E-2
5.87104E-2 5.91736E-2 5.61546E-2 4.92217E-2 4.92735E-2 4.8367E-2 4.8868E-2 4.91763E-2 4.78853E-2 4.76053E-2 4.73774E-2 5.03789E-2 5.05328E-2 5.04695E-2 5.0526E-2 4.90603E-2 4.7947E-2 4.66048E-2 4.58751E-2 4.54199E-2 4.67574E-2 4.68217E-2 4.65464E-2 4.58201E-2 4.51936E-2 4.40076E-2 4.25254E-2 4.06926E-2 4.08272E-2 4.16123E-2 4.18312E-2 4.21204E-2 4.05147E-2 3.98171E-2 3.91044E-2 3.76555E-2 3.69761E-2 3.69842E-2 3.68377E-2 3.75492E-2 3.84193E-2 3.67054E-2 3.35731E-2 3.07016E-2 3.09269E-2 2.99617E-2 3.20841E-2 3.55263E-2 3.61835E-2 3.47335E-2 3.73817E-2 3.87275E-2 4.26266E-2 4.5148E-2 4.28317E-2 4.59017E-2 4.88323E-2 5.96208E-2 5.81302E-2 4.7882E-2 5.11694E-2
5.66754E-2 5.67337E-2 5.52747E-2 5.38228E-2 4.79994E-2 4.98933E-2 4.90825E-2 4.85216E-2 5.0678E-2 5.23341E-2 5.18704E-2 4.85292E-2 4.85924E-2 4.94253E-2 4.98428E-2 4.96241E-2 4.80628E-2 4.77061E-2 4.69836E-2 4.61775E-2 4.79395E-2 4.91396E-2 4.80462E-2 4.73588E-2 4.8003E-2 4.55274E-2 4.54006E-2 4.43675E-2 4.25082E-2 4.29949E-2 4.34797E-2 5.70939E-2 5.22885E-2 5.19069E-2 4.36813E-2 3.90028E-2 3.90677E-2 3.72325E-2 3.70404E-2 3.70785E-2 3.82078E-2 3.68273E-2 3.41643E-2 3.15896E-2 2.97565E-2 3.00956E-2 3.02252E-2 3.37569E-2 3.43499E-2 3.57468E-2 4.07779E-2 4.46947E-2 4.34287E-2 4.71274E-2 5.052E-2 5.28103E-2 4.69557E-2 5.54067E-2 5.59219E-2 4.83589E-2 4.57208E-2
5.25405E-2 5.20838E-2 5.30619E-2 5.2146E-2 4.94499E-2 4.93429E-2 4.84833E-2 4.7485E-2 4.79763E-2 5.20285E-2 5.16656E-2 4.83585E-2 4.74837E-2 4.9414E-2 5.00121E-2 4.99441E-2 4.90233E-2 4.72014E-2 4.65169E-2 4.82872E-2 4.98699E-2 5.02236E-2 5.1142E-2 4.95779E-2 4.78871E-2 4.95406E-2 4.66832E-2 4.51749E-2 4.42212E-2 4.47604E-2 4.77343E-2 5.31293E-2 5.07775E-2 4.52851E-2 4.45075E-2 4.37591E-2 4.54922E-2 4.3653E-2 4.19735E-2 3.87903E-2 3.85479E-2 3.75466E-2 3.45679E-2 3.25493E-2 3.08935E-2 3.06079E-2 3.07838E-2 3.52313E-2 3.66838E-2 4.00641E-2 4.29324E-2 4.08371E-2 4.25444E-2 4.66813E-2 5.25215E-2 4.97352E-2 5.01652E-2 5.21405E-2 5.68785E-2 5.40983E-2 4.77423E-2
5.27972E-2 5.49998E-2 5.33871E-2 5.49191E-2 5.34616E-2 4.83807E-2 4.88517E-2 5.23422E-2 5.288E-2 5.32133E-2 5.0137E-2 4.78701E-2 4.70788E-2 4.88254E-2 4.91689E-2 5.15536E-2 5.10281E-2 4.94506E-2 4.7346E-2 4.48981E-2 4.50885E-2 4.517E-2 4.85774E-2 5.01328E-2 4.92965E-2 5.02762E-2 4.78279E-2 4.59411E-2 4.55572E-2 4.79281E-2 4.74539E-2 4.75471E-2 4.86482E-2 4.68281E-2 4.49157E-2 4.48721E-2 4.54023E-2 4.54766E-2 4.54625E-2 4.41044E-2 4.51483E-2 4.58457E-2 4.16533E-2 3.69654E-2 3.38945E-2 3.06763E-2 2.88867E-2 3.04142E-2 3.43733E-2 3.57084E-2 3.75029E-2 4.18537E-2 4.1233E-2 4.56033E-2 5.35243E-2 4.97198E-2 5.49185E-2 4.74317E-2 4.57961E-2 5.39236E-2 4.99815E-2
5.51061E-2 5.55842E-2 5.47216E-2 5.4174E-2 5.53762E-2 5.527E-2 5.14052E-2 5.23484E-2 5.25824E-2 5.48328E-2 4.87581E-2 4.83741E-2 4.74701E-2 4.90711E-2 5.23691E-2 5.43856E-2 5.40307E-2 5.14758E-2 4.78912E-2 4.65312E-2 4.41489E-2 4.45081E-2 4.50778E-2 4.70055E-2 5.0432E-2 4.93481E-2 5.02474E-2 4.79389E-2 4.64521E-2 4.56434E-2 4.5022E-2 4.6082E-2 4.83985E-2 4.76299E-2 4.72572E-2 4.49895E-2 4.55627E-2 4.62746E-2 4.58644E-2 4.83699E-2 4.76288E-2 4.6239E-2 4.54824E-2 3.98849E-2 3.57244E-2 3.70785E-2 3.4804E-2 3.14941E-2 2.81188E-2 2.91717E-2 3.24413E-2 4.07988E-2 4.41868E-2 4.74168E-2 5.26263E-2 4.75622E-2 4.71322E-2 4.37929E-2 5.29865E-2 4.83521E-2 4.34674E-2
5.25902E-2 5.39886E-2 5.40242E-2 5.38959E-2 5.30652E-2 5.20022E-2 5.16684E-2 5.1869E-2 5.39036E-2 5.17203E-2 4.9488E-2 4.96893E-2 4.94516E-2 5.03807E-2 5.45342E-2 5.82386E-2 5.52923E-2 4.83978E-2 4.5765E-2 4.73318E-2 4.53105E-2 4.40666E-2 4.49309E-2 4.61622E-2 4.92401E-2 4.98586E-2 5.42497E-2 4.79226E-2 4.71514E-2 4.48619E-2 4.33884E-2 4.3818E-2 4.65716E-2 4.80792E-2 4.72224E-2 4.65339E-2 4.54265E-2 4.52391E-2 4.5261E-2 4.78206E-2 5.00656E-2 4.78282E-2 4.42924E-2 4.08291E-2 3.57807E-2 3.53122E-2 3.6259E-2 3.51819E-2 3.46529E-2 3.37252E-2 3.55901E-2 3.75938E-2 4.31999E-2 4.56308E-2 4.32443E-2 4.38563E-2 4.45815E-2 4.47683E-2 5.05778E-2 6.10084E-2 4.68912E-2
4.89997E-2 5.07302E-2 5.32203E-2 5.39894E-2 5.58093E-2 5.28869E-2 5.0439E-2 4.88128E-2 5.1453E-2 5.2899E-2 5.31517E-2 5.56168E-2 5.30352E-2 5.13677E-2 5.19164E-2 5.4406E-2 5.20386E-2 5.17897E-2 4.99326E-2 4.78204E-2 4.65383E-2 4.638E-2 4.77966E-2 4.9939E-2 5.11915E-2 5.03911E-2 5.31916E-2 4.6976E-2 4.62409E-2 4.57593E-2 4.42314E-2 4.36787E-2 4.4543E-2 4.43393E-2 4.39127E-2 4.41206E-2 4.56777E-2 4.57304E-2 4.85013E-2 4.80825E-2 4.78726E-2 4.55717E-2 4.39023E-2 4.22329E-2 3.76109E-2 3.75323E-2 3.8E-2 3.61782E-2 3.60413E-2 3.67841E-2 3.62287E-2 3.92452E-2 4.18053E-2 4.10295E-2 4.07223E-2 4.11924E-2 4.2567E-2 4.60907E-2 4.70618E-2 5.30561E-2 5.08342E-2
4.99087E-2 4.93561E-2 5.17647E-2 5.41496E-2 5.77256E-2 5.83614E-2 5.84076E-2 5.5204E-2 5.43058E-2 5.2073E-2 5.26257E-2 5.54857E-2 5.39832E-2 5.14912E-2 5.11888E-2 5.40958E-2 5.60991E-2 5.32863E-2 5.33461E-2 5.12613E-2 4.98866E-2 4.92413E-2 4.77535E-2 4.99603E-2 5.13296E-2 5.08585E-2 5.04127E-2 5.03525E-2 4.64697E-2 4.53405E-2 4.59224E-2 4.50577E-2 4.26304E-2 4.26583E-2 4.34972E-2 4.17676E-2 4.20775E-2 4.43357E-2 4.44504E-2 4.43718E-2 4.6491E-2 4.58254E-2 4.51455E-2 4.46749E-2 4.25677E-2 3.90553E-2 3.82514E-2 3.58774E-2 3.39596E-2 3.35597E-2 3.19975E-2 3.45565E-2 4.09612E-2 4.16097E-2 4.3466E-2 4.60565E-2 4.62955E-2 4.3926E-2 4.47638E-2 4.97167E-2 4.71526E-2
5.58302E-2 5.4262E-2 5.52014E-2 5.75795E-2 6.00835E-2 6.10469E-2 6.27646E-2 5.93792E-2 5.59247E-2 5.68331E-2 5.35411E-2 5.22014E-2 5.35914E-2 5.75052E-2 5.69109E-2 5.86187E-2 5.69441E-2 5.7227E-2 5.52525E-2 5.43778E-2 5.128E-2 5.06982E-2 5.09256E-2 5.09609E-2 5.13304E-2 5.26528E-2 5.10245E-2 4.92996E-2 4.88481E-2 4.6738E-2 4.5835E-2 4.65446E-2 4.56979E-2 4.7344E-2 4.76622E-2 4.58273E-2 4.38802E-2 4.12397E-2 4.18984E-2 4.40647E-2 4.68165E-2 4.64611E-2 4.74997E-2 4.64912E-2 4.63737E-2 4.51851E-2 4.22237E-2 3.66623E-2 3.42703E-2 3.35774E-2 3.24049E-2 3.04433E-2 3.16699E-2 3.26807E-2 3.82375E-2 4.08655E-2 3.95462E-2 3.97104E-2 4.11155E-2 4.06451E-2 4.63503E-2
5.58804E-2 5.60087E-2 5.33635E-2 5.70378E-2 5.89176E-2 5.92458E-2 5.96746E-2 6.26259E-2 6.07195E-2 5.92039E-2 6.07308E-2 5.94539E-2 6.04996E-2 5.7892E-2 5.59701E-2 5.60405E-2 5.40495E-2 5.71413E-2 5.7163E-2 5.59699E-2 5.65319E-2 5.40461E-2 5.06716E-2 4.87517E-2 4.98857E-2 5.11296E-2 5.25605E-2 5.05316E-2 4.97173E-2 4.63614E-2 4.35563E-2 4.28519E-2 4.41395E-2 4.64962E-2 4.60145E-2 4.44582E-2 4.28766E-2 4.19456E-2 4.25853E-2 4.52515E-2 4.75406E-2 5.09915E-2 5.07495E-2 5.01292E-2 4.8376E-2 4.73823E-2 4.69278E-2 4.37551E-2 3.79182E-2 3.60468E-2 3.27202E-2 3.19795E-2 3.27407E-2 3.22771E-2 3.27409E-2 3.4881E-2 3.54039E-2 3.44425E-2 3.47742E-2 3.86608E-2 4.08549E-2
6.46664E-2 6.28282E-2 5.81337E-2 5.7734E-2 5.82788E-2 5.9368E-2 6.08167E-2 6.08033E-2 6.05667E-2 5.9709E-2 5.78041E-2 5.93437E-2 6.1117E-2 6.0326E-2 5.69476E-2 5.69671E-2 5.51517E-2 5.61992E-2 5.45417E-2 5.34149E-2 6.00475E-2 5.88997E-2 5.58131E-2 5.50248E-2 5.12451E-2 5.08867E-2 5.24829E-2 5.07663E-2 4.87393E-2 4.64783E-2 4.48694E-2 4.20933E-2 4.22265E-2 4.33962E-2 4.51094E-2 4.45657E-2 4.28526E-2 4.283E-2 4.33421E-2 4.42418E-2 4.74168E-2 4.93571E-2 4.97127E-2 4.87933E-2 4.77432E-2 4.74362E-2 4.8801E-2 4.70596E-2 4.46959E-2 4.09786E-2 3.90495E-2 3.61028E-2 3.47039E-2 3.58272E-2 3.43259E-2 3.25264E-2 3.29949E-2 3.4374E-2 3.32391E-2 3.31975E-2 3.85876E-2
6.17241E-2 6.013E-2 6.03448E-2 5.90537E-2 5.82188E-2 5.97786E-2 6.30027E-2 6.37185E-2 6.2844E-2 6.26389E-2 6.10827E-2 5.98091E-2 6.15461E-2 6.21916E-2 5.99999E-2 5.88589E-2 5.87371E-2 5.87731E-2 5.623E-2 5.31533E-2 5.39275E-2 5.33392E-2 5.28884E-2 5.60658E-2 6.46692E-2 6.06018E-2 5.67113E-2 5.21187E-2 4.7914E-2 4.67727E-2 4.48326E-2 4.31087E-2 4.24964E-2 4.14187E-2 4.21804E-2 4.15779E-2 4.11668E-2 4.23711E-2 4.23134E-2 4.36563E-2 4.64471E-2 4.82541E-2 4.8134E-2 4.73048E-2 4.78641E-2 4.97711E-2 4.94154E-2 4.86998E-2 4.86512E-2 4.69102E-2 4.53176E-2 4.25065E-2 3.62965E-2 3.5048E-2 3.50741E-2 3.24459E-2 3.35916E-2 3.48284E-2 3.50216E-2 3.70556E-2 3.94935E-2
6.55099E-2 6.52593E-2 6.44518E-2 6.51809E-2 6.10082E-2 6.4328E-2 6.56203E-2 6.55283E-2 6.42556E-2 6.15764E-2 6.03368E-2 5.72726E-2 5.69751E-2 5.78789E-2 5.84985E-2 5.97604E-2 5.7341E-2 5.39505E-2 5.29673E-2 5.33646E-2 5.71433E-2 6.66383E-2 7.0031E-2 5.45148E-2 5.85401E-2 6.71595E-2 6.6282E-2 6.19228E-2 5.4121E-2 4.85186E-2 4.52684E-2 4.27958E-2 4.23095E-2 4.20873E-2 4.35174E-2 4.29797E-2 4.27053E-2 4.24479E-2 4.23706E-2 4.24379E-2 4.46156E-2 4.5745E-2 4.71969E-2 4.72489E-2 4.84636E-2 4.98913E-2 4.97551E-2 4.98964E-2 4.96935E-2 4.9635E-2 4.7391E-2 4.49998E-2 4.27203E-2 3.78207E-2 3.77648E-2 3.65131E-2 3.64779E-2 3.65994E-2 3.76453E-2 3.94747E-2 3.82542E-2
7.16926E-2 7.2113E-2 6.90213E-2 6.93637E-2 6.8754E-2 6.84452E-2 6.96497E-2 6.62172E-2 6.30234E-2 6.22671E-2 6.22465E-2 5.84587E-2 5.89086E-2 5.59757E-2 5.3471E-2 5.5266E-2 5.54376E-2 5.5046E-2 5.48522E-2 5.31843E-2 5.883E-2 5.87331E-2 5.8626E-2 5.78646E-2 5.59785E-2 6.43043E-2 6.55493E-2 6.99756E-2 6.77144E-2 5.84671E-2 5.00212E-2 4.74636E-2 4.53757E-2 4.39566E-2 4.43588E-2 4.59324E-2 4.43385E-2 4.25586E-2 4.30583E-2 4.43814E-2 4.36371E-2 4.55888E-2 4.85978E-2 5.06524E-2 4.95912E-2 4.96504E-2 4.92983E-2 4.96561E-2 4.95453E-2 4.89323E-2 4.77016E-2 4.70828E-2 4.66733E-2 4.44668E-2 4.26709E-2 4.10993E-2 4.11405E-2 4.04647E-2 4.08431E-2 4.03029E-2 4.10803E-2
6.49513E-2 6.08746E-2 5.35812E-2 5.35482E-2 5.4692E-2 5.85359E-2 6.53841E-2 6.03681E-2 6.05012E-2 6.26921E-2 6.1563E-2 6.24857E-2 6.06314E-2 5.59475E-2 5.41214E-2 5.45143E-2 5.55762E-2 5.50568E-2 5.63683E-2 6.04246E-2 6.49988E-2 6.40208E-2 6.50936E-2 6.36517E-2 5.96431E-2 6.10298E-2 6.17261E-2 6.5147E-2 6.23632E-2 6.23953E-2 5.88515E-2 5.34827E-2 5.32251E-2 4.96458E-2 4.5396E-2 4.71817E-2 4.70957E-2 4.56569E-2 4.5544E-2 4.51379E-2 4.56179E-2 4.55903E-2 4.92524E-2 5.08943E-2 5.11121E-2 4.85862E-2 4.73198E-2 4.74938E-2 4.75671E-2 4.68236E-2 4.67765E-2 4.78816E-2 4.60966E-2 5.0188E-2 4.8198E-2 4.63338E-2 4.42138E-2 4.25928E-2 4.63537E-2 4.44808E-2 4.2429E-2
5.03062E-2 4.40751E-2 4.00849E-2 4.41881E-2 5.45172E-2 6.08227E-2 5.81257E-2 6.00943E-2 6.05504E-2 6.17359E-2 6.27079E-2 5.63417E-2 5.96811E-2 5.8571E-2 6.10029E-2 5.97323E-2 5.92546E-2 6.14058E-2 6.18443E-2 6.37177E-2 6.75037E-2 6.8671E-2 7.07011E-2 7.21629E-2 7.61658E-2 7.93631E-2 7.85129E-2 7.44977E-2 6.71532E-2 5.91784E-2 5.84513E-2 5.31616E-2 5.2632E-2 5.27444E-2 5.12368E-2 5.08451E-2 4.89835E-2 4.71925E-2 4.61051E-2 4.51827E-2 4.57319E-2 4.52362E-2 4.61699E-2 4.57548E-2 4.51704E-2 4.60106E-2 4.5219E-2 4.55397E-2 4.4802E-2 4.41835E-2 4.54018E-2 4.66265E-2 4.61112E-2 4.93142E-2 4.6764E-2 4.36357E-2 4.1768E-2 4.19167E-2 4.60596E-2 4.60854E-2 4.45444E-2
