maxent_outputs/hummingbirds/hummingbird_40.asc
ncols         426
nrows         180
xllcorner     -130.0
yllcorner     24.0
cellsize      0.16666666666666666
NODATA_value  -9999
[rows 0 to 26 of 180, columns 244 to 304 of 426]
3.40931E-2 3.38541E-2 3.44618E-2 3.4026E-2 3.46133E-2 3.51482E-2 3.48079E-2 3.46709E-2 3.36453E-2 3.44385E-2 3.53861E-2 3.34796E-2 3.45793E-2 3.47831E-2 3.3407E-2 3.33641E-2 3.42323E-2 3.50244E-2 3.48968E-2 3.28185E-2 3.20297E-2 3.20601E-2 3.36881E-2 3.05297E-2 3.00886E-2 2.98269E-2 2.97193E-2 3.10831E-2 3.12745E-2 3.53803E-2 3.58592E-2 3.75446E-2 3.67911E-2 3.34313E-2 3.87444E-2 3.81318E-2 3.8411E-2 4.22665E-2 4.30481E-2 4.15285E-2 4.16682E-2 4.01982E-2 4.12408E-2 4.46115E-2 -9999 -9999 -9999 -9999 -9999 -9999 -9999 -9999 -9999 -9999 -9999 -9999 8.99141E-1 -9999 -9999 -9999 9.63523E-1
3.4654E-2 3.53053E-2 3.61177E-2 3.48942E-2 3.50175E-2 3.48068E-2 3.55601E-2 3.50632E-2 3.44424E-2 3.39531E-2 3.36433E-2 3.21561E-2 3.27635E-2 3.32568E-2 3.31946E-2 3.23578E-2 3.29207E-2 3.23266E-2 3.23598E-2 3.236E-2 3.06262E-2 3.11251E-2 3.16946E-2 3.11487E-2 3.05314E-2 3.08973E-2 3.18002E-2 3.13351E-2 3.11601E-2 3.09496E-2 3.4174E-2 3.31529E-2 3.46155E-2 3.53946E-2 3.68337E-2 3.88958E-2 3.86096E-2 4.61716E-2 4.35385E-2 4.42715E-2 4.32182E-2 3.81575E-2 3.98592E-2 4.63622E-2 -9999 -9999 -9999 -9999 -9999 -9999 -9999 -9999 -9999 -9999 -9999 -9999 -9999 -9999 -9999 -9999 8.04517E-1
3.30974E-2 3.40752E-2 3.43784E-2 3.43144E-2 3.56462E-2 3.54981E-2 3.73851E-2 3.70396E-2 3.69806E-2 3.44169E-2 3.38772E-2 3.21E-2 3.24029E-2 3.10767E-2 3.12125E-2 3.17761E-2 3.25739E-2 3.1608E-2 3.17926E-2 3.16283E-2 3.10342E-2 3.09866E-2 2.9801E-2 2.98597E-2 3.08405E-2 3.08171E-2 2.9764E-2 3.0317E-2 3.18695E-2 3.22167E-2 3.48421E-2 3.44547E-2 3.41489E-2 3.47071E-2 3.63076E-2 3.62005E-2 3.78108E-2 3.93624E-2 4.08991E-2 4.14331E-2 4.32365E-2 3.8708E-2 4.37373E-2 -9999 -9999 -9999 -9999 -9999 -9999 -9999 -9999 -9999 -9999 -9999 -9999 -9999 -9999 1.37288E-1 -9999 -9999 8.51629E-1
3.40352E-2 3.47743E-2 3.34868E-2 3.18509E-2 3.27375E-2 3.21182E-2 3.35554E-2 3.46494E-2 3.40993E-2 3.38555E-2 3.36323E-2 3.282E-2 3.22894E-2 3.08471E-2 3.20398E-2 3.04668E-2 3.04021E-2 3.04568E-2 3.12879E-2 3.05347E-2 3.01867E-2 3.04643E-2 3.14481E-2 3.15172E-2 3.16512E-2 3.17594E-2 2.95877E-2 2.97523E-2 3.25929E-2 3.24601E-2 3.24926E-2 3.27985E-2 3.3214E-2 3.53916E-2 3.49485E-2 3.63709E-2 3.66823E-2 4.09073E-2 3.97364E-2 4.04999E-2 4.23888E-2 4.35098E-2 4.44763E-2 4.72127E-2 -9999 -9999 -9999 -9999 -9999 -9999 -9999 -9999 -9999 -9999 -9999 6.16779E-2 6.17103E-2 2.25029E-1 -9999 -9999 -9999
3.16462E-2 3.18802E-2 3.22482E-2 3.22709E-2 3.186E-2 3.36174E-2 3.20461E-2 3.18115E-2 3.19733E-2 3.21917E-2 3.30398E-2 3.28032E-2 3.15154E-2 3.16106E-2 3.13924E-2 2.98669E-2 2.88697E-2 2.93171E-2 2.96933E-2 2.95877E-2 2.89056E-2 2.91643E-2 3.08682E-2 3.23299E-2 2.94843E-2 3.10227E-2 3.01477E-2 2.99045E-2 3.00771E-2 3.11322E-2 2.86746E-2 3.05084E-2 3.05614E-2 3.28755E-2 3.30079E-2 3.5032E-2 3.73187E-2 3.94159E-2 3.94039E-2 4.05445E-2 4.29172E-2 4.59819E-2 4.43949E-2 5.51101E-2 -9999 4.06803E-2 4.00915E-2 4.05236E-2 4.05447E-2 4.35252E-2 -9999 -9999 -9999 -9999 -9999 6.28062E-2 1.12708E-1 4.83335E-1 8.50323E-1 -9999 -9999
3.34823E-2 3.40067E-2 3.26566E-2 3.50453E-2 3.29052E-2 3.27738E-2 3.37351E-2 3.2241E-2 3.39475E-2 3.28196E-2 3.39475E-2 3.54333E-2 3.37296E-2 3.21816E-2 3.02084E-2 3.0605E-2 2.87483E-2 2.87324E-2 2.8152E-2 2.86733E-2 2.87614E-2 2.90182E-2 2.84778E-2 2.83854E-2 2.86042E-2 2.86963E-2 3.05484E-2 3.12948E-2 2.98284E-2 2.9766E-2 3.0853E-2 3.10636E-2 3.21012E-2 3.28674E-2 3.46418E-2 3.45641E-2 3.71766E-2 3.66686E-2 3.7705E-2 3.79813E-2 3.89076E-2 4.5123E-2 5.21984E-2 6.0482E-2 3.88867E-2 3.86891E-2 3.95844E-2 3.73706E-2 3.70688E-2 3.92458E-2 4.08217E-2 1.70671E-1 -9999 -9999 -9999 -9999 7.79663E-2 6.27114E-2 -9999 -9999 -9999
3.92946E-2 3.95077E-2 3.43433E-2 3.37043E-2 3.50109E-2 3.39661E-2 3.55899E-2 3.53281E-2 3.51474E-2 3.7043E-2 3.4712E-2 4.06706E-2 3.72551E-2 3.33619E-2 3.13032E-2 3.12498E-2 2.92611E-2 2.78178E-2 2.83799E-2 2.88452E-2 2.76374E-2 2.76997E-2 2.69694E-2 2.62315E-2 2.64817E-2 2.78687E-2 2.85882E-2 2.85824E-2 2.99031E-2 2.96517E-2 2.98876E-2 3.04779E-2 3.19667E-2 3.42554E-2 3.55399E-2 3.54203E-2 3.60048E-2 3.67995E-2 3.75216E-2 3.9233E-2 4.07066E-2 4.49322E-2 4.75172E-2 4.82522E-2 4.82196E-2 4.52814E-2 4.65306E-2 4.84755E-2 4.87735E-2 4.32649E-2 4.04313E-2 4.39655E-2 -9999 -9999 -9999 -9999 -9999 -9999 -9999 -9999 9.73269E-1
3.20403E-2 3.34241E-2 3.41201E-2 3.29147E-2 3.39387E-2 3.37236E-2 3.34908E-2 3.28423E-2 3.27243E-2 3.30038E-2 3.42251E-2 3.52228E-2 3.22826E-2 3.13188E-2 2.95175E-2 2.93555E-2 2.93362E-2 2.84267E-2 2.90381E-2 2.77323E-2 2.76836E-2 2.60974E-2 2.58451E-2 2.62574E-2 2.66493E-2 2.75819E-2 2.71479E-2 2.73906E-2 2.90112E-2 2.8709E-2 2.95918E-2 2.94947E-2 3.01898E-2 3.0755E-2 3.22943E-2 3.47092E-2 3.6735E-2 3.63032E-2 3.52882E-2 3.75454E-2 3.98605E-2 4.09557E-2 4.12558E-2 4.13895E-2 4.49939E-2 -9999 -9999 -9999 5.49966E-2 5.04017E-2 4.35763E-2 4.28757E-2 -9999 -9999 -9999 -9999 -9999 -9999 -9999 -9999 9.21743E-1
3.08758E-2 3.06823E-2 3.06945E-2 3.1278E-2 3.1165E-2 3.11072E-2 3.2525E-2 3.37353E-2 3.62477E-2 3.46008E-2 3.52091E-2 3.32486E-2 3.29144E-2 3.12066E-2 2.99408E-2 3.08839E-2 2.84022E-2 2.74349E-2 2.75538E-2 2.79989E-2 2.64934E-2 2.55315E-2 2.50947E-2 2.592E-2 2.74007E-2 2.55764E-2 2.62682E-2 2.74671E-2 2.66163E-2 2.65867E-2 2.80021E-2 2.7861E-2 2.93308E-2 3.18175E-2 3.21027E-2 3.42909E-2 3.55683E-2 3.61603E-2 3.62208E-2 3.82798E-2 4.01776E-2 4.01955E-2 3.90434E-2 3.79231E-2 3.73286E-2 4.08861E-2 4.31615E-2 -9999 -9999 -9999 -9999 -9999 -9999 -9999 -9999 -9999 -9999 -9999 1.9699E-1 -9999 9.3893E-1
3.07466E-2 3.17E-2 3.20567E-2 3.3005E-2 3.20975E-2 3.23787E-2 3.23375E-2 3.35107E-2 3.34361E-2 3.40635E-2 3.19457E-2 3.23778E-2 2.99452E-2 3.00032E-2 2.99005E-2 2.93318E-2 2.89407E-2 2.92985E-2 2.69792E-2 2.71282E-2 2.52715E-2 2.50913E-2 2.41525E-2 2.4166E-2 2.72552E-2 2.60787E-2 2.51221E-2 2.56941E-2 2.53858E-2 2.57005E-2 2.7057E-2 2.69465E-2 3.04996E-2 2.94049E-2 3.08848E-2 3.2979E-2 3.48055E-2 3.61562E-2 3.74406E-2 3.67754E-2 3.65848E-2 3.74348E-2 3.89488E-2 3.56174E-2 3.79325E-2 3.96948E-2 4.047E-2 -9999 -9999 -9999 -9999 -9999 -9999 -9999 9.68803E-1 -9999 -9999 -9999 -9999 -9999 9.78082E-1
3.12636E-2 3.22343E-2 3.25381E-2 3.34247E-2 3.26828E-2 3.28381E-2 3.47916E-2 3.51333E-2 3.6316E-2 3.37056E-2 3.36353E-2 3.19772E-2 3.12862E-2 2.9606E-2 2.95893E-2 2.82876E-2 2.80764E-2 2.69208E-2 2.75261E-2 2.61202E-2 2.44513E-2 2.47154E-2 2.45724E-2 2.31555E-2 2.82443E-2 2.81144E-2 2.33516E-2 2.43831E-2 2.33881E-2 2.2598E-2 2.47863E-2 2.60113E-2 2.64396E-2 2.74757E-2 2.87436E-2 3.18154E-2 3.28575E-2 3.51464E-2 3.42285E-2 3.60614E-2 3.6211E-2 3.61594E-2 3.63457E-2 3.68092E-2 4.13111E-2 4.07911E-2 4.18624E-2 1.17439E-1 -9999 -9999 -9999 -9999 -9999 -9999 -9999 -9999 -9999 -9999 1.62025E-1 7.37681E-2 -9999
3.11148E-2 3.11159E-2 3.04987E-2 3.12888E-2 3.22982E-2 3.33548E-2 3.26894E-2 3.22112E-2 3.18092E-2 3.01511E-2 3.07317E-2 3.12395E-2 3.04606E-2 3.03449E-2 2.8816E-2 2.88399E-2 2.7199E-2 2.75848E-2 2.62675E-2 2.46898E-2 2.46478E-2 2.32149E-2 2.34423E-2 2.36929E-2 2.26405E-2 2.27091E-2 2.2537E-2 2.23163E-2 2.15933E-2 2.28601E-2 2.31621E-2 2.42159E-2 2.52337E-2 2.66357E-2 2.81716E-2 3.04232E-2 3.06728E-2 3.15493E-2 3.20281E-2 3.35501E-2 3.38945E-2 3.45225E-2 3.45192E-2 3.77244E-2 3.58644E-2 3.75826E-2 3.78265E-2 3.7171E-2 3.65689E-2 3.95142E-2 4.44342E-2 -9999 -9999 -9999 -9999 -9999 -9999 -9999 7.0015E-2 6.57574E-2 6.79924E-2
3.02975E-2 3.06411E-2 3.08922E-2 3.20878E-2 3.13709E-2 2.98419E-2 3.11588E-2 3.06883E-2 2.99922E-2 3.00663E-2 3.00357E-2 2.91109E-2 2.95655E-2 2.82933E-2 2.88262E-2 2.83278E-2 2.61639E-2 2.65952E-2 2.55281E-2 2.55497E-2 2.41614E-2 2.40094E-2 2.27382E-2 2.35146E-2 2.27053E-2 2.20813E-2 2.23307E-2 2.21751E-2 2.21209E-2 2.22933E-2 2.34158E-2 2.41673E-2 2.45787E-2 2.59563E-2 2.74739E-2 2.76767E-2 2.76112E-2 2.82844E-2 3.00339E-2 3.06043E-2 3.1603E-2 3.18991E-2 3.18531E-2 3.28916E-2 3.45068E-2 3.46369E-2 3.52329E-2 3.66319E-2 3.59256E-2 3.61066E-2 4.11531E-2 4.6434E-2 -9999 -9999 -9999 -9999 -9999 -9999 6.82638E-2 5.99007E-2 7.8841E-2
2.96973E-2 2.93085E-2 3.0184E-2 3.01797E-2 3.09172E-2 2.90477E-2 3.05445E-2 2.97131E-2 2.91801E-2 2.94289E-2 2.90941E-2 2.77606E-2 2.83036E-2 2.86415E-2 2.80357E-2 2.82959E-2 2.7608E-2 2.76577E-2 2.62587E-2 2.63912E-2 2.50138E-2 2.38148E-2 2.23658E-2 2.24562E-2 2.24517E-2 2.23998E-2 2.23456E-2 2.12913E-2 2.18983E-2 2.20876E-2 2.34297E-2 2.29155E-2 2.41949E-2 2.52567E-2 2.41389E-2 2.40028E-2 2.64688E-2 3.04487E-2 2.76186E-2 2.8737E-2 2.99441E-2 2.93066E-2 3.08702E-2 3.19175E-2 3.27035E-2 3.31694E-2 3.31568E-2 3.31736E-2 3.24781E-2 3.60177E-2 3.88581E-2 4.27811E-2 4.62848E-2 -9999 -9999 -9999 -9999 -9999 -9999 -9999 1.12424E-1
2.79602E-2 2.84745E-2 2.96305E-2 3.05499E-2 3.15151E-2 3.03383E-2 2.993E-2 3.07204E-2 3.17515E-2 2.98513E-2 2.84194E-2 2.8714E-2 2.7433E-2 2.78659E-2 2.82408E-2 2.80181E-2 2.73868E-2 2.66618E-2 2.55361E-2 2.60536E-2 2.46299E-2 2.35013E-2 2.3034E-2 2.23475E-2 2.18239E-2 2.26561E-2 2.074E-2 2.07366E-2 2.0653E-2 2.12452E-2 2.13732E-2 2.09989E-2 2.23638E-2 2.26715E-2 2.227E-2 2.51576E-2 2.66111E-2 2.58723E-2 2.63936E-2 2.79823E-2 2.78692E-2 2.76953E-2 2.89711E-2 2.99666E-2 3.00948E-2 3.26584E-2 3.2828E-2 3.1455E-2 3.26084E-2 3.55666E-2 3.80902E-2 4.1802E-2 4.7848E-2 5.29682E-2 -9999 -9999 -9999 -9999 7.30891E-2 6.82671E-2 6.81524E-2
2.87565E-2 2.96892E-2 3.08643E-2 2.90153E-2 2.94175E-2 3.03065E-2 3.01061E-2 2.9777E-2 3.12987E-2 3.16305E-2 2.98288E-2 2.89542E-2 2.99254E-2 3.11263E-2 2.85084E-2 2.92573E-2 2.82464E-2 2.68013E-2 2.65011E-2 2.49467E-2 2.34359E-2 2.24719E-2 2.50598E-2 2.19644E-2 2.14664E-2 2.18829E-2 2.13829E-2 2.05886E-2 2.05952E-2 2.10835E-2 2.17878E-2 2.13137E-2 2.12666E-2 2.35494E-2 2.33173E-2 2.30962E-2 2.3396E-2 2.43145E-2 2.45418E-2 2.49854E-2 2.53147E-2 2.62685E-2 2.75623E-2 2.72604E-2 2.87321E-2 3.01903E-2 3.07163E-2 3.17422E-2 3.45455E-2 3.7143E-2 4.24082E-2 4.87043E-2 5.15077E-2 5.44909E-2 -9999 -9999 -9999 6.23361E-2 6.43691E-2 6.14043E-2 7.08424E-2
2.87493E-2 2.96229E-2 2.96584E-2 2.9652E-2 3.06432E-2 2.9935E-2 3.13907E-2 3.06624E-2 2.99239E-2 3.11087E-2 3.2244E-2 3.28605E-2 3.2189E-2 3.02601E-2 2.99548E-2 2.82498E-2 2.65787E-2 2.58821E-2 2.62477E-2 2.5101E-2 2.32259E-2 2.19792E-2 2.21164E-2 2.08446E-2 2.09853E-2 2.19798E-2 2.11298E-2 2.01014E-2 2.04012E-2 2.08574E-2 2.21833E-2 2.20056E-2 2.28343E-2 2.16204E-2 2.14399E-2 2.12015E-2 2.17071E-2 2.16871E-2 2.25325E-2 2.30477E-2 2.43317E-2 2.49007E-2 2.54593E-2 2.66207E-2 2.6925E-2 2.90736E-2 3.06272E-2 3.20684E-2 3.40631E-2 3.7535E-2 4.49074E-2 4.99688E-2 5.38434E-2 5.1168E-2 4.93826E-2 5.34363E-2 5.62119E-2 6.10086E-2 5.78784E-2 6.077E-2 6.12738E-2
2.75341E-2 2.76127E-2 2.81705E-2 2.90277E-2 2.88999E-2 2.78623E-2 3.01111E-2 2.93786E-2 3.00615E-2 2.99326E-2 2.98286E-2 2.98965E-2 2.98336E-2 2.93463E-2 2.83452E-2 2.68776E-2 2.59814E-2 2.51409E-2 2.54213E-2 2.46821E-2 2.3037E-2 2.17987E-2 2.18599E-2 2.05878E-2 2.07785E-2 2.05971E-2 1.99733E-2 2.01104E-2 2.20606E-2 2.05553E-2 2.13906E-2 2.14987E-2 1.99806E-2 2.10293E-2 2.07097E-2 2.08768E-2 2.05435E-2 2.1696E-2 2.35127E-2 2.29929E-2 2.29081E-2 2.34049E-2 2.30936E-2 2.44073E-2 2.64865E-2 2.76358E-2 3.07795E-2 3.20297E-2 3.63387E-2 4.0835E-2 4.53012E-2 4.87274E-2 4.66987E-2 4.55019E-2 4.62299E-2 4.83367E-2 5.5676E-2 6.19871E-2 6.02433E-2 6.13528E-2 6.39875E-2
2.86948E-2 2.785E-2 2.81449E-2 2.83694E-2 2.91079E-2 2.94688E-2 2.95175E-2 2.92644E-2 3.03591E-2 3.05271E-2 3.01701E-2 2.96427E-2 3.09785E-2 2.95606E-2 2.66344E-2 2.73068E-2 2.69931E-2 2.70287E-2 2.65265E-2 2.56763E-2 2.42296E-2 2.28974E-2 2.1771E-2 2.04918E-2 2.07773E-2 2.18128E-2 2.01786E-2 1.98279E-2 2.20631E-2 1.97975E-2 1.92005E-2 1.99764E-2 1.94771E-2 2.0948E-2 2.03938E-2 1.96547E-2 1.94655E-2 2.05086E-2 2.03589E-2 2.13062E-2 2.25907E-2 2.1516E-2 2.2347E-2 2.52846E-2 2.84808E-2 2.88045E-2 2.88533E-2 3.28027E-2 3.62465E-2 3.79539E-2 3.90755E-2 4.25054E-2 4.35944E-2 4.38877E-2 4.46841E-2 4.7976E-2 5.12075E-2 5.44717E-2 5.84558E-2 5.4494E-2 5.55125E-2
2.80618E-2 2.94324E-2 2.605E-2 2.67773E-2 2.83457E-2 2.8162E-2 3.08029E-2 2.95392E-2 2.87824E-2 2.79718E-2 2.95851E-2 2.91412E-2 2.93018E-2 3.20966E-2 2.905E-2 2.89106E-2 2.92704E-2 2.67237E-2 2.7762E-2 2.73093E-2 2.51865E-2 2.15066E-2 2.18101E-2 2.03104E-2 2.08652E-2 2.15843E-2 2.17275E-2 2.14317E-2 2.0246E-2 1.99823E-2 1.91001E-2 2.04534E-2 1.94446E-2 1.9582E-2 2.00877E-2 1.93678E-2 1.98172E-2 1.94953E-2 1.94843E-2 1.99598E-2 2.16132E-2 2.2317E-2 2.43543E-2 2.72882E-2 2.76663E-2 2.75309E-2 2.78561E-2 3.0779E-2 3.19905E-2 3.27585E-2 3.59018E-2 3.54834E-2 3.83701E-2 3.90795E-2 4.20342E-2 4.42688E-2 4.65975E-2 4.80051E-2 4.9244E-2 5.29577E-2 5.48292E-2
2.66364E-2 2.66568E-2 2.56834E-2 2.58047E-2 2.69082E-2 2.71575E-2 3.00735E-2 2.8871E-2 2.84251E-2 2.88761E-2 3.04059E-2 3.43233E-2 2.90617E-2 2.9619E-2 2.81666E-2 2.74541E-2 2.80865E-2 2.61644E-2 2.52364E-2 2.49979E-2 2.25857E-2 2.07517E-2 1.97435E-2 2.0449E-2 1.92121E-2 1.87008E-2 1.86137E-2 1.90553E-2 2.06011E-2 1.96723E-2 1.91415E-2 1.91412E-2 1.92113E-2 1.9554E-2 1.9297E-2 1.83182E-2 1.82956E-2 1.83916E-2 1.93754E-2 2.16388E-2 2.29563E-2 2.31693E-2 2.39825E-2 2.57694E-2 2.52691E-2 2.64039E-2 2.99362E-2 3.09151E-2 3.30706E-2 3.22448E-2 3.38651E-2 3.30939E-2 3.21034E-2 3.31631E-2 3.42352E-2 3.77005E-2 3.81624E-2 4.06199E-2 4.13011E-2 4.6262E-2 4.86096E-2
2.56647E-2 2.73418E-2 2.65574E-2 2.65808E-2 2.68725E-2 2.77992E-2 2.74921E-2 2.79396E-2 2.93357E-2 2.9847E-2 2.94663E-2 3.36714E-2 3.48987E-2 3.29349E-2 3.28063E-2 3.11896E-2 2.79103E-2 2.49801E-2 2.31444E-2 2.3363E-2 2.30898E-2 2.10368E-2 1.92974E-2 1.82391E-2 1.73466E-2 1.86042E-2 1.8958E-2 2.01703E-2 2.13199E-2 2.13945E-2 1.98469E-2 1.93454E-2 1.93631E-2 1.96274E-2 1.89657E-2 1.86667E-2 1.89218E-2 1.97589E-2 2.02727E-2 2.28458E-2 2.45132E-2 2.30532E-2 2.42952E-2 2.30845E-2 2.42213E-2 2.68036E-2 2.82458E-2 2.97288E-2 2.89173E-2 2.88826E-2 3.01746E-2 2.90364E-2 2.87006E-2 3.20308E-2 3.92106E-2 3.53555E-2 3.64774E-2 3.56491E-2 3.87021E-2 3.98806E-2 4.34881E-2
2.51609E-2 2.58737E-2 2.73167E-2 3.22864E-2 3.75259E-2 3.58865E-2 3.24681E-2 2.92857E-2 3.06533E-2 2.98607E-2 2.89816E-2 3.16706E-2 3.26843E-2 3.20845E-2 3.30194E-2 3.21675E-2 2.94885E-2 2.54372E-2 2.33388E-2 2.19733E-2 2.20905E-2 2.23514E-2 2.16135E-2 1.92599E-2 1.93325E-2 1.92595E-2 2.01939E-2 2.0432E-2 2.00054E-2 2.15932E-2 2.03654E-2 2.01654E-2 2.08118E-2 1.94097E-2 1.92589E-2 1.94293E-2 2.14327E-2 2.05494E-2 2.04197E-2 2.19327E-2 2.39624E-2 2.33595E-2 2.2389E-2 2.49591E-2 2.41416E-2 2.56913E-2 2.73055E-2 2.53596E-2 2.53952E-2 2.56426E-2 2.71532E-2 2.65578E-2 2.95785E-2 3.06547E-2 3.39435E-2 3.27187E-2 3.44811E-2 3.56498E-2 3.83354E-2 3.79227E-2 3.82052E-2
2.72516E-2 2.91931E-2 3.40181E-2 4.64185E-2 4.13831E-2 4.46402E-2 4.62539E-2 3.52902E-2 3.07059E-2 3.13281E-2 3.07662E-2 3.7711E-2 3.40022E-2 3.39828E-2 3.53568E-2 3.02332E-2 2.76974E-2 2.31599E-2 2.24452E-2 2.19786E-2 1.95823E-2 2.13489E-2 2.1598E-2 2.20093E-2 2.06044E-2 2.00144E-2 1.96919E-2 2.00898E-2 2.15019E-2 2.09906E-2 2.14254E-2 2.18394E-2 2.06572E-2 1.91778E-2 1.9333E-2 1.9409E-2 2.17759E-2 2.22403E-2 2.30368E-2 2.23446E-2 2.34217E-2 2.54326E-2 2.42939E-2 2.47355E-2 2.51412E-2 2.43608E-2 2.37581E-2 2.35414E-2 2.40674E-2 2.35465E-2 2.50539E-2 2.48123E-2 2.81791E-2 2.69914E-2 2.88998E-2 2.95061E-2 3.06432E-2 3.40119E-2 3.61773E-2 3.62558E-2 3.9328E-2
2.98684E-2 3.13564E-2 4.33791E-2 5.65117E-2 5.43155E-2 6.986E-2 7.42939E-2 6.26514E-2 3.41858E-2 3.15968E-2 3.52737E-2 4.07938E-2 3.51709E-2 3.47219E-2 3.61177E-2 3.15808E-2 2.54603E-2 2.28424E-2 2.73864E-2 2.215E-2 2.07759E-2 2.01212E-2 2.0491E-2 2.08114E-2 1.98981E-2 1.89548E-2 1.92447E-2 2.10323E-2 2.25324E-2 2.27303E-2 2.02867E-2 2.09026E-2 2.04066E-2 1.86412E-2 2.02314E-2 1.95405E-2 1.97071E-2 2.06492E-2 2.12104E-2 2.26195E-2 2.30313E-2 2.35118E-2 2.31191E-2 2.38806E-2 2.24218E-2 2.17828E-2 2.37785E-2 2.33091E-2 2.27378E-2 2.36402E-2 2.31326E-2 2.41094E-2 2.52298E-2 2.67748E-2 2.75841E-2 2.79653E-2 2.92841E-2 3.29562E-2 3.56538E-2 3.5869E-2 3.5444E-2
2.81451E-2 3.28081E-2 5.85414E-2 6.75648E-2 7.36077E-2 7.90856E-2 8.24479E-2 5.52896E-2 3.36114E-2 3.28593E-2 3.52674E-2 3.40762E-2 3.67186E-2 3.77219E-2 3.88491E-2 3.00803E-2 2.69183E-2 1.92768E-2 2.04219E-2 2.56181E-2 2.16016E-2 2.11651E-2 2.1593E-2 2.1394E-2 1.95471E-2 1.91507E-2 1.98348E-2 1.98119E-2 2.02979E-2 2.00143E-2 2.08287E-2 2.04368E-2 2.00267E-2 1.88785E-2 1.90751E-2 2.01939E-2 1.95839E-2 1.87882E-2 2.00769E-2 2.27617E-2 2.35829E-2 2.44833E-2 2.37163E-2 2.37044E-2 2.09626E-2 1.95206E-2 1.98285E-2 2.14068E-2 2.14694E-2 2.20777E-2 2.257E-2 2.34725E-2 2.4683E-2 2.4404E-2 2.63398E-2 2.76549E-2 2.85735E-2 3.13177E-2 3.26644E-2 3.41241E-2 3.31009E-2
2.57625E-2 2.9312E-2 4.92197E-2 5.91345E-2 6.06249E-2 6.63256E-2 7.26206E-2 3.99861E-2 2.85338E-2 2.79728E-2 2.91419E-2 3.13328E-2 3.13711E-2 3.55675E-2 3.79701E-2 3.80018E-2 2.76251E-2 2.40952E-2 2.02486E-2 2.04656E-2 2.0307E-2 2.11794E-2 2.23365E-2 2.04059E-2 1.9042E-2 1.91553E-2 1.95793E-2 2.00962E-2 2.09884E-2 2.01732E-2 1.93285E-2 1.93212E-2 1.97665E-2 1.99128E-2 1.90564E-2 1.89778E-2 1.79303E-2 1.89689E-2 2.13741E-2 2.3391E-2 2.55023E-2 2.5353E-2 2.4516E-2 2.12127E-2 1.81405E-2 1.94274E-2 1.95645E-2 2.06919E-2 2.05409E-2 2.12282E-2 2.25574E-2 2.33049E-2 2.20934E-2 2.43273E-2 2.57166E-2 2.8064E-2 2.98487E-2 2.91186E-2 2.96739E-2 3.1643E-2 3.36371E-2
