maxent_outputs/hummingbirds/hummingbird_338.asc
ncols         426
nrows         180
xllcorner     -130.0
yllcorner     24.0
cellsize      0.16666666666666666
NODATA_value  -9999
[rows 0 to 26 of 180, columns 122 to 182 of 426]
7.71167E-2 7.40015E-2 7.57343E-2 6.27862E-2 5.84707E-2 6.57218E-2 7.14643E-2 7.46221E-2 6.86078E-2 6.58287E-2 6.17313E-2 6.12999E-2 6.24376E-2 6.0677E-2 6.28137E-2 6.00956E-2 6.15531E-2 6.05161E-2 6.05046E-2 6.18728E-2 6.52397E-2 6.27202E-2 6.06842E-2 6.23263E-2 5.6011E-2 5.71138E-2 5.63123E-2 5.41979E-2 5.48771E-2 5.45428E-2 5.47593E-2 5.51124E-2 5.59037E-2 5.52593E-2 5.55585E-2 5.53254E-2 5.56379E-2 5.67157E-2 5.75969E-2 5.79778E-2 5.83913E-2 5.92811E-2 6.11193E-2 6.16949E-2 6.33529E-2 6.35361E-2 6.37242E-2 6.44878E-2 6.62927E-2 6.54572E-2 5.97415E-2 5.9097E-2 5.60236E-2 5.38807E-2 5.51317E-2 6.21212E-2 6.71284E-2 6.13095E-2 6.14342E-2 6.56822E-2 5.6307E-2
6.61481E-2 6.30962E-2 6.12053E-2 5.87858E-2 5.68949E-2 5.7371E-2 5.85494E-2 5.79517E-2 6.54785E-2 6.99761E-2 6.34109E-2 6.08581E-2 5.81739E-2 5.99172E-2 6.58979E-2 6.07931E-2 5.80354E-2 5.79572E-2 6.08296E-2 6.10461E-2 6.32836E-2 6.257E-2 6.24852E-2 6.16471E-2 5.98115E-2 6.36486E-2 6.53919E-2 5.99548E-2 6.09033E-2 5.91354E-2 5.85453E-2 6.11775E-2 6.00572E-2 6.36123E-2 5.97838E-2 5.64387E-2 5.74801E-2 5.74643E-2 5.74107E-2 5.89455E-2 5.94797E-2 5.96407E-2 6.16704E-2 6.24691E-2 6.22705E-2 6.72443E-2 6.76204E-2 6.72166E-2 6.4185E-2 5.51505E-2 5.40482E-2 6.10937E-2 6.13217E-2 6.0715E-2 5.89874E-2 6.24505E-2 7.41201E-2 6.8533E-2 5.88221E-2 5.76678E-2 5.48829E-2
6.05967E-2 5.89993E-2 5.80845E-2 5.56149E-2 5.72071E-2 5.4875E-2 5.65957E-2 5.26444E-2 5.60165E-2 5.91295E-2 6.64414E-2 5.96137E-2 5.55293E-2 5.70203E-2 6.2064E-2 6.11233E-2 5.73944E-2 5.67246E-2 5.71955E-2 5.88017E-2 5.93662E-2 6.13154E-2 6.17628E-2 6.08216E-2 5.45279E-2 5.8299E-2 6.00458E-2 6.2778E-2 6.23364E-2 5.98704E-2 5.59392E-2 5.43547E-2 5.33873E-2 5.58497E-2 5.70685E-2 6.24076E-2 6.54123E-2 6.27689E-2 5.70443E-2 5.98816E-2 6.29707E-2 6.41099E-2 6.264E-2 6.72377E-2 6.71136E-2 7.5983E-2 7.00473E-2 6.76733E-2 6.76646E-2 6.24866E-2 6.19852E-2 6.48723E-2 6.39222E-2 6.14197E-2 6.4529E-2 6.54631E-2 7.00252E-2 6.83106E-2 6.38974E-2 5.76882E-2 5.71303E-2
6.23889E-2 6.14055E-2 5.84863E-2 5.66345E-2 5.28802E-2 5.02687E-2 4.82073E-2 4.63861E-2 4.76925E-2 5.14509E-2 5.9183E-2 6.28545E-2 6.26697E-2 5.65456E-2 5.86652E-2 6.17103E-2 6.00594E-2 5.88499E-2 5.82787E-2 5.85692E-2 5.70284E-2 5.69248E-2 5.4728E-2 5.62347E-2 5.66222E-2 5.48609E-2 5.26167E-2 5.47765E-2 5.66872E-2 5.76914E-2 5.58287E-2 5.29923E-2 5.37692E-2 5.60074E-2 5.77459E-2 5.92722E-2 5.62366E-2 5.73332E-2 5.76095E-2 5.70745E-2 6.09457E-2 6.16893E-2 5.8465E-2 5.0073E-2 5.61708E-2 7.33577E-2 6.58434E-2 6.4566E-2 6.42633E-2 6.27656E-2 6.04954E-2 6.16797E-2 6.80171E-2 7.61827E-2 8.08189E-2 8.39688E-2 8.45063E-2 8.37186E-2 6.79207E-2 6.08632E-2 5.952E-2
6.12423E-2 6.077E-2 5.96614E-2 5.72458E-2 5.27461E-2 5.0249E-2 5.00575E-2 4.69538E-2 4.78299E-2 4.9557E-2 5.12047E-2 5.62533E-2 5.83949E-2 6.10707E-2 6.18658E-2 6.44551E-2 6.41796E-2 6.09776E-2 6.08628E-2 6.06449E-2 6.03581E-2 5.93439E-2 5.96376E-2 5.95765E-2 5.85627E-2 5.68947E-2 5.58348E-2 5.82142E-2 6.09073E-2 6.28504E-2 5.98047E-2 5.69125E-2 5.74406E-2 5.67573E-2 5.83719E-2 5.83928E-2 5.7538E-2 5.70943E-2 5.82718E-2 5.85871E-2 5.79414E-2 5.3072E-2 4.90321E-2 4.5563E-2 6.35411E-2 7.13769E-2 6.47386E-2 6.312E-2 6.50053E-2 6.44501E-2 6.17966E-2 6.28313E-2 6.06118E-2 6.14641E-2 7.00801E-2 7.73979E-2 8.892E-2 9.01149E-2 7.79449E-2 7.36667E-2 7.11622E-2
6.1925E-2 6.33307E-2 6.21588E-2 6.06101E-2 5.63296E-2 5.34663E-2 5.13219E-2 5.96637E-2 5.22336E-2 5.16509E-2 5.1703E-2 5.20461E-2 5.31623E-2 5.76339E-2 6.47863E-2 7.0996E-2 6.59185E-2 6.19159E-2 6.22535E-2 6.10589E-2 6.26842E-2 6.03611E-2 5.85067E-2 5.9538E-2 6.03556E-2 5.99222E-2 5.82756E-2 5.80726E-2 5.78469E-2 5.71939E-2 5.6843E-2 5.60856E-2 5.82556E-2 6.00538E-2 5.68506E-2 5.67014E-2 5.66295E-2 5.6412E-2 5.86948E-2 5.83511E-2 5.39207E-2 5.15208E-2 5.43682E-2 6.00306E-2 7.3448E-2 6.84694E-2 6.39917E-2 6.55189E-2 7.07446E-2 7.31044E-2 6.81673E-2 8.22364E-2 8.38962E-2 8.0338E-2 8.46576E-2 8.19965E-2 8.0633E-2 8.00232E-2 7.49126E-2 6.58629E-2 7.21341E-2
6.62144E-2 6.76055E-2 6.66017E-2 6.60913E-2 6.26336E-2 6.01908E-2 5.73527E-2 5.47353E-2 5.42253E-2 5.36098E-2 5.33567E-2 5.30222E-2 5.34692E-2 5.73253E-2 6.21618E-2 6.84414E-2 6.51101E-2 6.32599E-2 6.45211E-2 6.34392E-2 6.16521E-2 6.21368E-2 5.97212E-2 5.97855E-2 6.14384E-2 6.01278E-2 6.1719E-2 6.13859E-2 5.8569E-2 5.65711E-2 5.70676E-2 5.87864E-2 6.02056E-2 6.1102E-2 5.85781E-2 5.6572E-2 5.79065E-2 5.66988E-2 5.65334E-2 5.56961E-2 5.57022E-2 5.63371E-2 5.90943E-2 6.32352E-2 6.47819E-2 6.28253E-2 6.65814E-2 7.02559E-2 8.23095E-2 9.56972E-2 8.75648E-2 7.62906E-2 1.00325E-1 9.59152E-2 7.5258E-2 8.75048E-2 9.38031E-2 9.72941E-2 8.72633E-2 7.4882E-2 6.81157E-2
5.93568E-2 6.35942E-2 6.44154E-2 6.47273E-2 6.57636E-2 6.33432E-2 6.67773E-2 6.45185E-2 6.19109E-2 5.73757E-2 5.5994E-2 5.62128E-2 5.53698E-2 5.82707E-2 6.35854E-2 6.39964E-2 6.22067E-2 6.3944E-2 6.48796E-2 6.27821E-2 6.12636E-2 5.9976E-2 5.96456E-2 6.25099E-2 5.8587E-2 5.77543E-2 5.98007E-2 6.08029E-2 6.00009E-2 5.87859E-2 6.01799E-2 5.96591E-2 6.13789E-2 6.15328E-2 5.92411E-2 5.70587E-2 5.71511E-2 6.01984E-2 5.81921E-2 5.71303E-2 5.44047E-2 6.07942E-2 5.99005E-2 5.88149E-2 5.97658E-2 6.76004E-2 7.06045E-2 7.14615E-2 6.86319E-2 6.29571E-2 7.16425E-2 7.41687E-2 8.05174E-2 8.59109E-2 6.81297E-2 8.29778E-2 7.45166E-2 8.43967E-2 9.73071E-2 8.52632E-2 7.40111E-2
6.84695E-2 6.16226E-2 5.87071E-2 5.85617E-2 6.18331E-2 6.17977E-2 6.07813E-2 6.69783E-2 7.0854E-2 7.27052E-2 6.52268E-2 6.302E-2 6.35735E-2 6.22702E-2 6.21551E-2 6.23088E-2 6.30176E-2 6.26667E-2 6.43443E-2 6.5039E-2 6.36775E-2 6.40679E-2 6.43029E-2 6.27157E-2 5.95197E-2 5.74146E-2 6.21077E-2 5.89517E-2 6.14115E-2 5.89351E-2 6.13654E-2 6.122E-2 6.21998E-2 6.1149E-2 6.1234E-2 5.80477E-2 5.91121E-2 6.13352E-2 6.05728E-2 6.46068E-2 6.37731E-2 6.42613E-2 6.37294E-2 6.41239E-2 6.10945E-2 5.99993E-2 5.39534E-2 5.17497E-2 5.22685E-2 5.35477E-2 5.81765E-2 6.76532E-2 6.81222E-2 8.75429E-2 6.7884E-2 7.40281E-2 7.16596E-2 7.41884E-2 9.34045E-2 9.29381E-2 7.65189E-2
7.3226E-2 7.20651E-2 6.81956E-2 6.20518E-2 5.94391E-2 6.02714E-2 5.78344E-2 5.9484E-2 5.93741E-2 6.20799E-2 6.75092E-2 7.04155E-2 7.02719E-2 7.18436E-2 6.48567E-2 6.34642E-2 6.42967E-2 6.42159E-2 6.54274E-2 6.60739E-2 6.64602E-2 6.46685E-2 6.39591E-2 6.34251E-2 6.2844E-2 5.97282E-2 5.88462E-2 6.06998E-2 6.17911E-2 5.98561E-2 5.93069E-2 5.94807E-2 5.99911E-2 5.95999E-2 5.79729E-2 5.81477E-2 5.61127E-2 5.60923E-2 5.71972E-2 6.24148E-2 6.50671E-2 6.45816E-2 6.11006E-2 5.8572E-2 5.51883E-2 5.11423E-2 4.87256E-2 5.01765E-2 5.12178E-2 5.84961E-2 6.49813E-2 6.5168E-2 6.16515E-2 7.88217E-2 8.01283E-2 8.04089E-2 7.6265E-2 7.94375E-2 8.38318E-2 8.48814E-2 7.43539E-2
7.8E-2 7.81457E-2 7.91807E-2 7.07567E-2 6.4153E-2 6.44099E-2 6.3189E-2 6.25926E-2 6.09917E-2 5.86809E-2 6.23518E-2 7.25823E-2 7.20682E-2 7.11318E-2 6.8726E-2 6.70455E-2 6.68818E-2 6.59602E-2 6.68814E-2 6.52933E-2 6.60072E-2 6.5871E-2 6.60953E-2 6.57968E-2 6.45013E-2 6.14034E-2 6.28196E-2 5.96137E-2 5.8291E-2 5.97543E-2 5.98941E-2 5.87132E-2 5.93082E-2 5.86882E-2 5.77956E-2 5.59885E-2 5.62736E-2 5.46763E-2 5.5844E-2 6.04299E-2 5.96694E-2 5.99806E-2 5.38923E-2 5.50211E-2 5.41186E-2 5.00794E-2 5.15322E-2 6.055E-2 6.1778E-2 6.38253E-2 6.32365E-2 5.78118E-2 5.69872E-2 6.76204E-2 6.64717E-2 7.02022E-2 7.34996E-2 9.23353E-2 8.69492E-2 7.79065E-2 7.46945E-2
8.14915E-2 8.15048E-2 7.78975E-2 6.91598E-2 6.91241E-2 6.86616E-2 6.848E-2 6.85238E-2 6.65483E-2 6.54877E-2 6.47383E-2 6.99205E-2 7.09046E-2 7.13141E-2 7.20925E-2 7.10898E-2 7.00548E-2 6.89114E-2 6.74107E-2 6.63755E-2 6.77355E-2 6.70489E-2 6.6475E-2 6.57843E-2 6.50514E-2 6.41042E-2 6.29232E-2 6.04664E-2 5.96317E-2 6.07188E-2 6.11627E-2 6.12965E-2 5.90483E-2 5.80623E-2 5.69081E-2 5.55824E-2 5.45188E-2 5.40973E-2 5.32962E-2 5.43803E-2 5.65775E-2 5.43065E-2 4.99981E-2 4.5658E-2 4.63089E-2 4.54069E-2 4.80196E-2 5.49526E-2 5.67948E-2 5.46451E-2 5.80728E-2 5.96151E-2 6.41028E-2 6.82214E-2 6.55986E-2 7.11361E-2 7.62891E-2 9.26423E-2 9.08223E-2 7.56917E-2 8.02858E-2
7.68527E-2 7.73696E-2 7.5321E-2 7.41941E-2 6.7017E-2 6.98361E-2 6.83614E-2 6.71826E-2 6.96481E-2 7.18098E-2 7.1028E-2 6.7476E-2 6.80873E-2 6.97314E-2 7.0617E-2 7.10504E-2 6.93767E-2 7.03407E-2 6.79168E-2 6.74198E-2 6.95205E-2 7.06417E-2 6.88893E-2 6.75035E-2 6.79277E-2 6.58662E-2 6.66555E-2 6.54678E-2 6.23736E-2 6.26397E-2 6.34618E-2 8.22344E-2 7.5914E-2 7.60621E-2 6.47632E-2 5.74814E-2 5.82479E-2 5.49218E-2 5.30816E-2 5.34076E-2 5.61429E-2 5.50588E-2 5.08978E-2 4.75671E-2 4.4852E-2 4.59613E-2 4.67013E-2 5.22349E-2 5.28671E-2 5.40672E-2 6.04358E-2 6.3482E-2 5.99805E-2 6.67284E-2 7.70855E-2 8.10736E-2 7.31316E-2 8.53234E-2 8.65249E-2 7.61173E-2 7.10671E-2
7.11541E-2 7.05301E-2 7.23565E-2 7.12818E-2 6.83207E-2 6.90857E-2 6.80747E-2 6.59747E-2 6.61528E-2 7.13072E-2 7.16036E-2 6.76741E-2 6.64328E-2 7.0121E-2 7.06347E-2 7.13069E-2 7.02744E-2 6.86374E-2 6.7222E-2 6.92193E-2 7.06098E-2 7.08966E-2 7.24992E-2 7.03952E-2 6.7916E-2 7.04503E-2 6.79235E-2 6.64566E-2 6.48073E-2 6.56924E-2 6.9193E-2 7.66283E-2 7.24493E-2 6.52284E-2 6.46413E-2 6.38554E-2 6.67057E-2 6.41247E-2 6.20922E-2 5.74012E-2 5.66787E-2 5.52332E-2 5.07058E-2 4.87779E-2 4.75183E-2 4.7502E-2 4.69598E-2 5.23477E-2 5.40868E-2 5.73694E-2 6.12592E-2 5.73923E-2 5.84401E-2 6.53963E-2 7.89124E-2 7.60469E-2 7.73463E-2 8.03448E-2 8.67789E-2 8.41718E-2 7.45861E-2
7.0898E-2 7.42116E-2 7.24684E-2 7.48467E-2 7.32091E-2 6.64972E-2 6.7385E-2 7.24416E-2 7.33682E-2 7.32003E-2 6.89442E-2 6.67093E-2 6.59366E-2 6.89093E-2 6.98463E-2 7.36129E-2 7.33388E-2 7.08003E-2 6.79731E-2 6.4146E-2 6.32703E-2 6.28267E-2 6.74001E-2 6.97464E-2 7.00931E-2 7.18513E-2 6.90007E-2 6.70019E-2 6.67656E-2 6.9619E-2 6.82369E-2 6.70304E-2 6.75465E-2 6.52854E-2 6.32648E-2 6.35256E-2 6.47254E-2 6.52191E-2 6.61241E-2 6.5294E-2 6.65986E-2 6.791E-2 6.22803E-2 5.53477E-2 5.13245E-2 4.72009E-2 4.47058E-2 4.54125E-2 5.06313E-2 5.14878E-2 5.40767E-2 5.88959E-2 5.75897E-2 6.31809E-2 7.92776E-2 7.49039E-2 8.33645E-2 7.30981E-2 7.02392E-2 8.25011E-2 7.82055E-2
7.26712E-2 7.42982E-2 7.44234E-2 7.32325E-2 7.4934E-2 7.44149E-2 6.96409E-2 7.13131E-2 7.1011E-2 7.42133E-2 6.63936E-2 6.68917E-2 6.61895E-2 6.88156E-2 7.30943E-2 7.71346E-2 7.65532E-2 7.18322E-2 6.8021E-2 6.62954E-2 6.19685E-2 6.20997E-2 6.22526E-2 6.43365E-2 7.08181E-2 7.15585E-2 7.28799E-2 6.89845E-2 6.75073E-2 6.57167E-2 6.38854E-2 6.49223E-2 6.68332E-2 6.54418E-2 6.45258E-2 6.19353E-2 6.26196E-2 6.40886E-2 6.44527E-2 6.90652E-2 6.97532E-2 6.80661E-2 6.76379E-2 6.02235E-2 5.36077E-2 5.60023E-2 5.25319E-2 4.82579E-2 4.20605E-2 4.27961E-2 4.71484E-2 5.83897E-2 6.20724E-2 6.58807E-2 7.69034E-2 7.0812E-2 7.09123E-2 6.68713E-2 8.10891E-2 7.37104E-2 6.6178E-2
6.92991E-2 7.13901E-2 7.29583E-2 7.22982E-2 7.11058E-2 6.98134E-2 6.94403E-2 7.01803E-2 7.25344E-2 6.96952E-2 6.81948E-2 6.90763E-2 6.89322E-2 6.91322E-2 7.32602E-2 7.88441E-2 7.79383E-2 6.93229E-2 6.53949E-2 6.71749E-2 6.32437E-2 6.20096E-2 6.28278E-2 6.41664E-2 6.95769E-2 7.19023E-2 7.83772E-2 6.91966E-2 6.77461E-2 6.4468E-2 6.18829E-2 6.16678E-2 6.31382E-2 6.54087E-2 6.42865E-2 6.31331E-2 6.20377E-2 6.22975E-2 6.2943E-2 6.72157E-2 7.16072E-2 6.95001E-2 6.53183E-2 6.07216E-2 5.35312E-2 5.26469E-2 5.40994E-2 5.26056E-2 5.18941E-2 5.02417E-2 5.16923E-2 5.48888E-2 6.32255E-2 6.66653E-2 6.40243E-2 6.48377E-2 6.6548E-2 6.80607E-2 7.81273E-2 9.41897E-2 7.2678E-2
6.53538E-2 6.74118E-2 7.08781E-2 7.23431E-2 7.49221E-2 7.09175E-2 6.79188E-2 6.59674E-2 6.86913E-2 7.08499E-2 7.15847E-2 7.47563E-2 7.09165E-2 6.97369E-2 7.17978E-2 7.57589E-2 7.3968E-2 7.45065E-2 7.15672E-2 6.75292E-2 6.48078E-2 6.44832E-2 6.68805E-2 6.92105E-2 7.21856E-2 7.22854E-2 7.66186E-2 6.7409E-2 6.54898E-2 6.53743E-2 6.27853E-2 6.16087E-2 6.16288E-2 6.14373E-2 6.09933E-2 6.0743E-2 6.24758E-2 6.31738E-2 6.70688E-2 6.72449E-2 6.77823E-2 6.57475E-2 6.40462E-2 6.18523E-2 5.54296E-2 5.53376E-2 5.59393E-2 5.37508E-2 5.36419E-2 5.4914E-2 5.26015E-2 5.66297E-2 6.05956E-2 5.9535E-2 5.99279E-2 6.07E-2 6.32138E-2 6.89207E-2 7.16464E-2 8.14619E-2 7.89065E-2
6.63487E-2 6.59156E-2 6.91014E-2 7.21507E-2 7.79443E-2 7.96418E-2 7.92491E-2 7.50828E-2 7.34581E-2 7.08107E-2 7.02337E-2 7.26255E-2 7.2587E-2 6.97721E-2 7.02517E-2 7.44181E-2 7.99901E-2 7.41129E-2 7.34161E-2 7.15869E-2 6.89626E-2 6.76984E-2 6.53043E-2 6.91907E-2 7.16317E-2 7.16027E-2 7.21917E-2 7.16795E-2 6.57367E-2 6.35996E-2 6.39378E-2 6.34384E-2 5.99298E-2 5.95406E-2 6.11146E-2 5.8654E-2 5.89533E-2 6.19159E-2 6.28981E-2 6.26879E-2 6.61767E-2 6.58616E-2 6.50871E-2 6.46227E-2 6.18042E-2 5.74028E-2 5.61644E-2 5.33371E-2 5.07797E-2 5.00627E-2 4.68148E-2 4.90973E-2 5.80428E-2 5.93187E-2 6.20378E-2 6.5791E-2 6.676E-2 6.24594E-2 6.50156E-2 7.52267E-2 7.14038E-2
7.27698E-2 7.09566E-2 7.19743E-2 7.55297E-2 7.95671E-2 8.21228E-2 8.47075E-2 8.03846E-2 7.52994E-2 7.64116E-2 7.22875E-2 6.94235E-2 7.16339E-2 7.79157E-2 7.91178E-2 8.09384E-2 7.72896E-2 7.70974E-2 7.47044E-2 7.42344E-2 6.992E-2 6.90988E-2 7.00669E-2 6.96698E-2 7.07227E-2 7.27478E-2 7.16345E-2 7.02084E-2 6.92382E-2 6.54686E-2 6.32271E-2 6.40744E-2 6.32057E-2 6.56346E-2 6.71033E-2 6.50017E-2 6.30338E-2 5.84837E-2 5.92106E-2 6.18194E-2 6.62169E-2 6.64444E-2 6.79285E-2 6.70341E-2 6.67155E-2 6.52641E-2 6.18326E-2 5.42691E-2 5.12413E-2 4.99613E-2 4.73587E-2 4.41621E-2 4.58428E-2 4.61803E-2 5.35044E-2 5.74706E-2 5.62561E-2 5.63073E-2 5.78264E-2 5.71307E-2 6.95968E-2
7.16939E-2 7.25564E-2 6.87395E-2 7.33483E-2 7.63807E-2 7.78656E-2 7.85467E-2 8.26963E-2 8.02076E-2 7.83184E-2 7.98756E-2 7.86574E-2 8.02511E-2 7.66218E-2 7.27949E-2 7.29488E-2 7.10258E-2 7.48156E-2 7.53416E-2 7.40399E-2 7.57067E-2 7.2214E-2 6.87227E-2 6.60721E-2 6.73238E-2 7.06438E-2 7.2882E-2 7.09997E-2 6.98829E-2 6.47192E-2 5.96578E-2 5.75543E-2 5.90619E-2 6.28816E-2 6.31032E-2 6.2092E-2 6.11314E-2 5.97736E-2 6.05299E-2 6.39718E-2 6.65694E-2 7.18579E-2 7.12982E-2 7.08412E-2 6.84241E-2 6.76982E-2 6.81248E-2 6.42515E-2 5.62686E-2 5.34558E-2 4.80903E-2 4.6673E-2 4.72193E-2 4.62099E-2 4.69451E-2 4.92523E-2 4.97783E-2 4.81105E-2 4.89384E-2 5.38868E-2 5.8685E-2
8.13372E-2 8.05087E-2 7.40634E-2 7.309E-2 7.37507E-2 7.60065E-2 7.82607E-2 7.84805E-2 7.86157E-2 7.75441E-2 7.52653E-2 7.62613E-2 7.85017E-2 7.78494E-2 7.42838E-2 7.43523E-2 7.20552E-2 7.3234E-2 7.09318E-2 6.94229E-2 7.73209E-2 7.61236E-2 7.24766E-2 7.3615E-2 6.83341E-2 6.81498E-2 7.08793E-2 6.81814E-2 6.59082E-2 6.31816E-2 6.03891E-2 5.7849E-2 5.69239E-2 5.80702E-2 6.03053E-2 5.99853E-2 5.83245E-2 5.8527E-2 5.98021E-2 6.06309E-2 6.46124E-2 6.75019E-2 6.81251E-2 6.67647E-2 6.63273E-2 6.57551E-2 6.82235E-2 6.76731E-2 6.51002E-2 6.00074E-2 5.71266E-2 5.20278E-2 4.96308E-2 5.10054E-2 4.93401E-2 4.74263E-2 4.71702E-2 4.83435E-2 4.67312E-2 4.61537E-2 5.48246E-2
7.72705E-2 7.55785E-2 7.59153E-2 7.40015E-2 7.26984E-2 7.48771E-2 7.89845E-2 8.07236E-2 7.95528E-2 7.90722E-2 7.72342E-2 7.58041E-2 7.73952E-2 7.82765E-2 7.56592E-2 7.51421E-2 7.61098E-2 7.58187E-2 7.2154E-2 6.79751E-2 6.85704E-2 6.77537E-2 6.67769E-2 7.12981E-2 8.53515E-2 8.09113E-2 7.51046E-2 6.93188E-2 6.39203E-2 6.22558E-2 6.00317E-2 5.7838E-2 5.71705E-2 5.63585E-2 5.72816E-2 5.63481E-2 5.53028E-2 5.65549E-2 5.65918E-2 5.8084E-2 6.13938E-2 6.40215E-2 6.50401E-2 6.43604E-2 6.53198E-2 6.82999E-2 6.81415E-2 6.77976E-2 6.87538E-2 6.74567E-2 6.58861E-2 6.15458E-2 5.22689E-2 5.05369E-2 5.07837E-2 4.71267E-2 4.79627E-2 4.92785E-2 5.01911E-2 5.34782E-2 5.83917E-2
8.02599E-2 7.8933E-2 7.8885E-2 8.09107E-2 7.52003E-2 7.87967E-2 8.06342E-2 8.03317E-2 7.90605E-2 7.60341E-2 7.41803E-2 6.99164E-2 6.97761E-2 7.14121E-2 7.28805E-2 7.59819E-2 7.39707E-2 6.98626E-2 6.81573E-2 6.7662E-2 7.22737E-2 8.52656E-2 9.1046E-2 6.95253E-2 7.44573E-2 8.71656E-2 8.74684E-2 8.32985E-2 7.33888E-2 6.48335E-2 6.00114E-2 5.68491E-2 5.64949E-2 5.68015E-2 5.89826E-2 5.80368E-2 5.73946E-2 5.70537E-2 5.72574E-2 5.70155E-2 5.91639E-2 6.03398E-2 6.19923E-2 6.27547E-2 6.43277E-2 6.69711E-2 6.78861E-2 6.83374E-2 6.85605E-2 6.98392E-2 6.79094E-2 6.51625E-2 6.17579E-2 5.43294E-2 5.46445E-2 5.27036E-2 5.26316E-2 5.28928E-2 5.50195E-2 5.79822E-2 5.71463E-2
8.68296E-2 8.67343E-2 8.30955E-2 8.42948E-2 8.26829E-2 8.12716E-2 8.27132E-2 7.90511E-2 7.60285E-2 7.50288E-2 7.54364E-2 7.10977E-2 7.23863E-2 6.963E-2 6.66742E-2 6.95978E-2 7.03646E-2 7.01375E-2 6.97064E-2 6.66107E-2 7.32346E-2 7.35148E-2 7.24606E-2 7.24199E-2 6.94401E-2 8.12637E-2 8.3867E-2 9.20013E-2 8.95139E-2 7.35614E-2 6.60029E-2 6.25962E-2 6.00696E-2 5.86201E-2 5.99002E-2 6.15237E-2 5.9487E-2 5.72583E-2 5.79345E-2 5.96044E-2 5.77211E-2 5.84581E-2 6.17986E-2 6.46633E-2 6.42615E-2 6.55212E-2 6.63455E-2 6.7656E-2 6.79975E-2 6.85478E-2 6.84892E-2 6.76917E-2 6.73244E-2 6.36696E-2 6.16642E-2 5.92378E-2 5.90835E-2 5.89692E-2 5.96272E-2 5.91116E-2 5.98631E-2
7.52368E-2 6.91634E-2 5.93269E-2 5.98694E-2 6.109E-2 6.69323E-2 7.7142E-2 7.16106E-2 7.20037E-2 7.54657E-2 7.47403E-2 7.61338E-2 7.38077E-2 6.86601E-2 6.66991E-2 6.71774E-2 6.85986E-2 6.80945E-2 7.00801E-2 7.40788E-2 7.95218E-2 7.81649E-2 7.95452E-2 7.9008E-2 7.47698E-2 7.70989E-2 7.98835E-2 8.47108E-2 8.10727E-2 8.07631E-2 7.65791E-2 6.73782E-2 6.73427E-2 6.63263E-2 6.11321E-2 6.2804E-2 6.26593E-2 6.11354E-2 6.11288E-2 6.06628E-2 6.10047E-2 5.9376E-2 6.26264E-2 6.45385E-2 6.546E-2 6.37264E-2 6.36073E-2 6.53259E-2 6.55964E-2 6.54603E-2 6.68122E-2 6.85784E-2 6.6215E-2 7.22627E-2 6.89372E-2 6.5989E-2 6.29535E-2 6.10079E-2 6.65767E-2 6.50195E-2 6.15235E-2
5.45489E-2 4.84863E-2 4.42903E-2 4.86869E-2 5.96491E-2 6.898E-2 6.76803E-2 6.98742E-2 7.09268E-2 7.31684E-2 7.5158E-2 6.65934E-2 7.2102E-2 7.16597E-2 7.3434E-2 7.19869E-2 7.16166E-2 7.36163E-2 7.42182E-2 7.60198E-2 8.04063E-2 8.21476E-2 8.49413E-2 8.4786E-2 8.95226E-2 9.73019E-2 9.89531E-2 9.55338E-2 8.63392E-2 7.50383E-2 7.42171E-2 6.92844E-2 6.79055E-2 6.9176E-2 6.85905E-2 6.75814E-2 6.48647E-2 6.26772E-2 6.16991E-2 6.04106E-2 6.11518E-2 6.09224E-2 6.20752E-2 6.13119E-2 6.05457E-2 6.1992E-2 6.18595E-2 6.32544E-2 6.2818E-2 6.24062E-2 6.47519E-2 6.701E-2 6.56999E-2 7.03699E-2 6.65742E-2 6.23656E-2 5.97579E-2 5.9669E-2 6.53361E-2 6.67244E-2 6.5057E-2
