maxent_outputs/hummingbirds/hummingbird_133.asc
ncols         426
nrows         180
xllcorner     -130.0
yllcorner     24.0
cellsize      0.16666666666666666
NODATA_value  -9999
[rows 54 to 80 of 180, columns 122 to 182 of 426]
4.8531E-1 4.92299E-1 4.45403E-1 3.99283E-1 4.12316E-1 3.74542E-1 3.51155E-1 3.54303E-1 3.80346E-1 4.19817E-1 4.5955E-1 4.83224E-1 4.95663E-1 4.62833E-1 3.97979E-1 3.79346E-1 3.62639E-1 3.83828E-1 3.92226E-1 3.83081E-1 3.7224E-1 3.72344E-1 3.68954E-1 3.74942E-1 3.8144E-1 3.86444E-1 3.81433E-1 3.71631E-1 3.75926E-1 3.79343E-1 4.00082E-1 4.0907E-1 4.19204E-1 4.10543E-1 4.04398E-1 4.04237E-1 4.17939E-1 4.16823E-1 4.06329E-1 3.81434E-1 3.65981E-1 3.51673E-1 3.50639E-1 3.58665E-1 3.57789E-1 3.56479E-1 3.53889E-1 3.54616E-1 3.5596E-1 3.62674E-1 3.68867E-1 3.68979E-1 3.68153E-1 3.75776E-1 3.75181E-1 4.01151E-1 3.60419E-1 3.5845E-1 3.5335E-1 3.48623E-1 3.45173E-1
4.93391E-1 4.79476E-1 4.55425E-1 4.45851E-1 4.28163E-1 4.01443E-1 3.64971E-1 3.63904E-1 3.77385E-1 3.88365E-1 4.29736E-1 4.62946E-1 4.78867E-1 4.91791E-1 4.74783E-1 3.93863E-1 3.76012E-1 3.77532E-1 3.87636E-1 3.82341E-1 3.6945E-1 3.69628E-1 3.73876E-1 3.6954E-1 3.6833E-1 3.76829E-1 3.7565E-1 3.70274E-1 3.77174E-1 3.93393E-1 3.90964E-1 4.15527E-1 4.24738E-1 4.15271E-1 4.09637E-1 4.19175E-1 4.17647E-1 4.30238E-1 4.03501E-1 3.87302E-1 3.7282E-1 3.80391E-1 3.75048E-1 3.65773E-1 3.59778E-1 3.59583E-1 3.65039E-1 3.63457E-1 3.57732E-1 3.62676E-1 3.65956E-1 3.77704E-1 3.95911E-1 4.24013E-1 4.48133E-1 3.78961E-1 3.64763E-1 3.59873E-1 3.54471E-1 3.46755E-1 3.4501E-1
5.09353E-1 4.9064E-1 4.63006E-1 4.41859E-1 4.18793E-1 4.04206E-1 3.71505E-1 3.545E-1 3.39803E-1 3.50077E-1 3.63208E-1 4.03666E-1 4.38882E-1 4.67237E-1 5.01679E-1 4.77274E-1 4.6173E-1 3.88235E-1 3.75049E-1 3.73186E-1 3.8135E-1 3.78151E-1 3.75026E-1 3.75657E-1 3.7325E-1 3.84267E-1 3.73152E-1 3.6938E-1 3.62883E-1 3.66221E-1 3.93965E-1 4.37814E-1 4.13242E-1 4.12587E-1 4.1311E-1 4.14506E-1 4.32696E-1 4.38779E-1 4.23037E-1 4.01892E-1 3.89916E-1 3.80959E-1 3.87479E-1 3.92914E-1 3.89642E-1 3.8672E-1 3.84827E-1 3.86568E-1 3.79099E-1 3.76397E-1 3.8017E-1 3.78101E-1 3.80014E-1 3.88877E-1 4.49435E-1 3.89051E-1 3.66451E-1 3.62518E-1 3.56002E-1 3.5416E-1 3.54221E-1
4.93862E-1 4.59808E-1 4.62417E-1 4.37729E-1 4.161E-1 3.92153E-1 3.8168E-1 3.64589E-1 3.41853E-1 3.30691E-1 3.34275E-1 3.80873E-1 4.13964E-1 4.47397E-1 4.80909E-1 5.04714E-1 4.79332E-1 3.91589E-1 3.83572E-1 3.76106E-1 3.75832E-1 3.8054E-1 3.79175E-1 3.71567E-1 3.75386E-1 3.71502E-1 3.79992E-1 3.60718E-1 3.5493E-1 3.62144E-1 3.82074E-1 3.80477E-1 3.74759E-1 4.39207E-1 4.48305E-1 4.43732E-1 4.46131E-1 4.25039E-1 4.21861E-1 4.17873E-1 4.10826E-1 3.8977E-1 3.87577E-1 3.93463E-1 3.97032E-1 4.00302E-1 3.90779E-1 3.83122E-1 3.78363E-1 3.78563E-1 3.78085E-1 3.68822E-1 3.70486E-1 3.77902E-1 4.05635E-1 4.07528E-1 3.72834E-1 3.65112E-1 3.58557E-1 3.56655E-1 3.58076E-1
5.08439E-1 4.91671E-1 4.86913E-1 3.91885E-1 3.72121E-1 3.77401E-1 3.77812E-1 3.66986E-1 3.55921E-1 3.37941E-1 3.27803E-1 3.42472E-1 3.82758E-1 4.15493E-1 4.55015E-1 4.82583E-1 4.68151E-1 4.05501E-1 3.80031E-1 3.73037E-1 3.79581E-1 3.74398E-1 3.71191E-1 3.70778E-1 3.72215E-1 3.69117E-1 3.73264E-1 3.61572E-1 3.6163E-1 3.52014E-1 3.51168E-1 3.52307E-1 3.81467E-1 4.00733E-1 4.20014E-1 4.27162E-1 4.27152E-1 4.34091E-1 4.12287E-1 4.15661E-1 4.158E-1 4.06843E-1 3.98889E-1 3.89919E-1 4.0463E-1 3.89197E-1 3.81252E-1 3.76114E-1 3.75097E-1 3.73124E-1 3.68877E-1 3.75185E-1 3.80293E-1 3.83263E-1 3.84591E-1 3.80838E-1 3.80159E-1 3.84147E-1 3.84253E-1 3.74063E-1 3.76424E-1
4.96823E-1 4.93223E-1 4.4717E-1 3.82186E-1 3.77672E-1 3.7398E-1 3.66899E-1 3.56098E-1 3.31415E-1 3.30061E-1 3.27132E-1 3.35225E-1 3.47633E-1 3.72156E-1 4.21898E-1 4.4629E-1 4.53884E-1 3.93857E-1 3.69943E-1 3.68892E-1 3.73348E-1 3.78372E-1 3.73252E-1 3.71619E-1 3.66601E-1 3.6653E-1 3.73127E-1 3.67413E-1 3.64472E-1 3.63491E-1 3.55632E-1 3.69807E-1 3.80639E-1 3.85071E-1 4.04341E-1 4.18602E-1 4.24504E-1 4.35987E-1 4.15677E-1 4.09667E-1 4.12209E-1 4.07651E-1 4.01014E-1 3.96364E-1 3.8987E-1 3.80259E-1 3.80015E-1 3.74176E-1 3.7073E-1 3.69397E-1 3.75373E-1 3.80558E-1 3.84423E-1 3.83772E-1 3.81185E-1 3.74007E-1 3.78138E-1 3.73406E-1 3.84168E-1 3.90126E-1 4.08348E-1
4.98899E-1 4.89537E-1 4.98773E-1 4.56016E-1 4.02743E-1 3.76615E-1 3.66661E-1 3.6455E-1 3.57649E-1 3.34079E-1 3.23165E-1 3.35084E-1 3.58947E-1 3.38596E-1 3.81163E-1 4.09614E-1 4.41894E-1 3.96254E-1 3.77209E-1 3.66541E-1 3.69392E-1 3.8536E-1 3.84759E-1 3.75917E-1 3.67036E-1 3.7041E-1 3.71395E-1 3.77857E-1 3.66426E-1 3.66666E-1 3.60916E-1 3.64368E-1 3.96947E-1 4.02058E-1 3.78157E-1 4.02691E-1 4.25241E-1 4.46446E-1 4.14709E-1 4.01861E-1 3.98035E-1 3.87284E-1 3.8894E-1 3.94819E-1 4.03639E-1 3.79349E-1 3.7199E-1 3.72929E-1 3.7963E-1 3.8465E-1 3.85581E-1 3.84132E-1 3.81982E-1 3.83566E-1 3.85554E-1 3.85476E-1 3.87189E-1 3.82559E-1 3.76988E-1 3.76944E-1 3.72717E-1
4.80974E-1 4.74545E-1 4.82054E-1 4.84132E-1 3.97686E-1 3.60504E-1 3.57968E-1 3.5239E-1 3.34894E-1 3.32498E-1 3.37299E-1 3.40341E-1 3.57593E-1 3.47969E-1 3.75281E-1 4.11936E-1 4.13727E-1 3.85212E-1 3.68356E-1 3.69401E-1 3.81373E-1 3.83725E-1 3.82078E-1 3.81801E-1 3.72386E-1 3.73352E-1 3.777E-1 3.71652E-1 3.63214E-1 3.59052E-1 3.57036E-1 3.56669E-1 3.62106E-1 3.85082E-1 3.78712E-1 4.05544E-1 4.15075E-1 4.29472E-1 4.02931E-1 3.91314E-1 3.85422E-1 3.84726E-1 3.95868E-1 3.91665E-1 3.84292E-1 3.8496E-1 3.97363E-1 3.86278E-1 3.85251E-1 3.8746E-1 3.88166E-1 3.83451E-1 3.82208E-1 3.87761E-1 3.9319E-1 3.88151E-1 3.84768E-1 3.85341E-1 3.86611E-1 3.92417E-1 3.92517E-1
4.22421E-1 4.02203E-1 4.46083E-1 4.16962E-1 3.85119E-1 3.91266E-1 3.79886E-1 3.68457E-1 3.62922E-1 3.72743E-1 3.71458E-1 3.73953E-1 3.73532E-1 3.83009E-1 3.99195E-1 4.18882E-1 3.93586E-1 3.74401E-1 3.74764E-1 3.79802E-1 3.85021E-1 3.89212E-1 3.77562E-1 3.71214E-1 3.72811E-1 3.71061E-1 3.80993E-1 3.87154E-1 3.65814E-1 3.54856E-1 3.56268E-1 3.64218E-1 3.57797E-1 3.69657E-1 3.81103E-1 3.91825E-1 4.1223E-1 4.1404E-1 3.93647E-1 3.86109E-1 3.85338E-1 3.92766E-1 3.85472E-1 3.7703E-1 3.91413E-1 3.99092E-1 4.04759E-1 4.0475E-1 4.02174E-1 3.93506E-1 3.94578E-1 3.90463E-1 3.8906E-1 4.00601E-1 4.0357E-1 3.97854E-1 3.98906E-1 3.9834E-1 3.96704E-1 3.99084E-1 3.98666E-1
4.92438E-1 4.34684E-1 4.3544E-1 4.20051E-1 3.96812E-1 3.6011E-1 3.47858E-1 3.45641E-1 3.58081E-1 3.74389E-1 3.76381E-1 3.43068E-1 3.52739E-1 3.75937E-1 4.08187E-1 4.04613E-1 3.85058E-1 3.77114E-1 3.64874E-1 3.72656E-1 3.66443E-1 3.77263E-1 3.76733E-1 3.7674E-1 3.82002E-1 3.77173E-1 3.79342E-1 3.74518E-1 3.75955E-1 3.77436E-1 3.71878E-1 3.61403E-1 3.56253E-1 3.59004E-1 3.70179E-1 3.85823E-1 3.97307E-1 4.01293E-1 3.85877E-1 3.79695E-1 3.73992E-1 3.63395E-1 3.62416E-1 3.83221E-1 3.90592E-1 3.90235E-1 3.93647E-1 3.8924E-1 3.88157E-1 3.8683E-1 3.90737E-1 3.92303E-1 3.96401E-1 4.06676E-1 3.9857E-1 4.04015E-1 4.03204E-1 4.07394E-1 4.05679E-1 4.00561E-1 4.00325E-1
5.21552E-1 4.85474E-1 4.1064E-1 3.94311E-1 3.68008E-1 3.47645E-1 3.44056E-1 3.22701E-1 3.20079E-1 3.26501E-1 3.32903E-1 3.41798E-1 3.45303E-1 3.53309E-1 3.67097E-1 3.82108E-1 3.77668E-1 3.7351E-1 3.64414E-1 3.67903E-1 3.71797E-1 3.74007E-1 3.8378E-1 3.87122E-1 3.91396E-1 3.87571E-1 3.75797E-1 3.74664E-1 3.77091E-1 3.74308E-1 3.68009E-1 3.60622E-1 3.62958E-1 3.71091E-1 3.64625E-1 3.69006E-1 3.71415E-1 3.77214E-1 3.71614E-1 3.73065E-1 3.64496E-1 3.67365E-1 3.85682E-1 3.8412E-1 3.72431E-1 3.71871E-1 3.73249E-1 3.8467E-1 3.74857E-1 3.67833E-1 3.80405E-1 3.93947E-1 4.051E-1 3.92291E-1 3.87431E-1 3.87078E-1 3.96756E-1 3.97287E-1 3.98826E-1 3.9966E-1 3.9808E-1
5.32943E-1 4.83936E-1 4.87702E-1 3.8408E-1 3.48168E-1 3.34467E-1 3.22983E-1 3.18067E-1 3.21482E-1 3.27664E-1 3.35551E-1 3.50033E-1 3.64442E-1 3.664E-1 3.66813E-1 3.67499E-1 3.62343E-1 3.62356E-1 3.56535E-1 3.64501E-1 3.67025E-1 3.67208E-1 3.80004E-1 3.83864E-1 3.92125E-1 3.9853E-1 3.93008E-1 3.84329E-1 3.73172E-1 3.74651E-1 3.684E-1 3.70875E-1 3.73074E-1 3.73283E-1 3.70948E-1 3.63529E-1 3.5554E-1 3.6806E-1 3.69267E-1 3.75282E-1 3.70363E-1 3.74999E-1 3.7183E-1 3.69305E-1 3.64782E-1 3.67318E-1 3.67343E-1 3.75328E-1 3.81624E-1 3.80247E-1 3.78339E-1 3.81825E-1 3.78175E-1 3.78883E-1 3.8041E-1 3.87776E-1 3.91395E-1 3.95521E-1 3.97045E-1 3.98929E-1 3.96884E-1
4.31641E-1 4.78747E-1 4.90222E-1 4.72428E-1 3.68845E-1 3.23364E-1 3.18615E-1 3.195E-1 3.28321E-1 3.45755E-1 3.54035E-1 3.65925E-1 3.76E-1 3.83231E-1 3.78148E-1 3.70063E-1 3.69394E-1 3.65816E-1 3.72404E-1 3.83701E-1 3.9198E-1 3.76459E-1 3.76188E-1 3.8419E-1 3.7781E-1 3.83312E-1 3.85393E-1 3.88028E-1 3.79999E-1 3.74353E-1 3.76886E-1 3.77099E-1 3.77118E-1 3.75236E-1 3.70731E-1 3.59289E-1 3.6507E-1 3.72307E-1 3.71511E-1 3.66906E-1 3.63886E-1 3.76093E-1 3.76184E-1 3.71766E-1 3.68948E-1 3.67381E-1 3.71595E-1 3.70899E-1 3.74867E-1 3.77601E-1 3.77444E-1 3.81661E-1 3.8134E-1 3.80223E-1 3.83042E-1 3.90722E-1 3.95491E-1 4.03261E-1 4.04219E-1 4.04993E-1 4.05927E-1
3.26505E-1 4.19986E-1 4.62373E-1 4.84849E-1 4.75359E-1 3.7322E-1 3.3198E-1 3.37046E-1 3.50283E-1 3.51935E-1 3.51475E-1 3.59888E-1 3.5063E-1 3.56806E-1 3.78834E-1 3.77638E-1 3.74153E-1 3.74957E-1 3.75699E-1 3.95969E-1 4.25758E-1 4.00863E-1 4.07619E-1 4.02433E-1 3.96325E-1 3.88025E-1 3.69138E-1 3.66068E-1 3.58573E-1 3.57969E-1 3.79251E-1 3.68577E-1 3.56161E-1 3.5283E-1 3.65131E-1 3.73148E-1 3.82278E-1 3.89807E-1 3.89527E-1 3.90878E-1 3.93016E-1 3.74519E-1 3.62629E-1 3.63007E-1 3.64724E-1 3.64501E-1 3.63831E-1 3.69114E-1 3.77006E-1 3.81224E-1 3.80435E-1 3.7682E-1 3.8244E-1 3.85608E-1 3.84769E-1 3.91769E-1 3.99408E-1 4.0691E-1 4.19063E-1 4.18868E-1 4.17075E-1
2.99239E-1 3.13847E-1 3.92859E-1 4.32777E-1 4.70283E-1 4.31654E-1 3.74637E-1 3.60675E-1 3.43572E-1 3.31256E-1 3.4695E-1 3.47415E-1 3.4815E-1 3.53923E-1 3.64744E-1 3.62655E-1 3.50971E-1 3.80958E-1 3.74797E-1 3.7584E-1 3.94268E-1 4.14153E-1 4.40882E-1 4.1845E-1 4.12648E-1 3.99739E-1 3.80661E-1 3.75948E-1 3.66722E-1 3.62967E-1 3.83922E-1 3.78008E-1 3.57396E-1 3.48026E-1 3.414E-1 3.51575E-1 3.70412E-1 3.8186E-1 3.82464E-1 3.76727E-1 3.71531E-1 3.66143E-1 3.59478E-1 3.66305E-1 3.67276E-1 3.68045E-1 3.68642E-1 3.74952E-1 3.7939E-1 3.83045E-1 3.86754E-1 3.87313E-1 3.92898E-1 3.85672E-1 3.86127E-1 3.90565E-1 3.94E-1 4.03193E-1 4.03088E-1 4.08338E-1 3.96826E-1
2.88243E-1 2.88679E-1 3.02392E-1 3.20762E-1 3.47147E-1 3.60532E-1 3.60587E-1 3.59987E-1 3.44301E-1 3.5591E-1 3.66734E-1 3.79023E-1 3.71226E-1 3.67847E-1 3.72513E-1 3.66707E-1 3.81102E-1 3.81396E-1 3.84497E-1 3.90808E-1 3.60273E-1 3.47952E-1 3.97229E-1 4.35889E-1 4.43567E-1 4.17852E-1 4.08751E-1 3.92982E-1 3.86931E-1 3.77563E-1 3.81959E-1 3.6441E-1 3.53668E-1 3.50219E-1 3.46785E-1 3.47814E-1 3.52963E-1 3.56385E-1 3.62275E-1 3.6625E-1 3.67821E-1 3.59233E-1 3.63576E-1 3.62021E-1 3.67998E-1 3.70474E-1 3.72044E-1 3.76704E-1 3.7933E-1 3.80648E-1 3.83394E-1 3.85112E-1 3.8616E-1 3.80119E-1 3.87422E-1 3.83061E-1 3.88405E-1 3.96538E-1 4.00569E-1 4.01107E-1 3.94131E-1
2.80596E-1 2.88527E-1 2.80599E-1 3.0163E-1 3.31698E-1 3.59757E-1 3.49418E-1 3.41329E-1 3.4359E-1 3.32653E-1 3.23962E-1 3.28787E-1 3.83976E-1 3.6563E-1 3.92781E-1 3.79365E-1 3.86604E-1 3.86706E-1 4.1951E-1 4.00718E-1 3.7418E-1 3.57746E-1 3.49747E-1 3.76191E-1 4.16369E-1 4.30083E-1 4.19284E-1 4.0653E-1 3.93698E-1 4.0122E-1 3.97265E-1 3.89226E-1 3.70783E-1 3.60375E-1 3.54877E-1 3.58555E-1 3.59724E-1 3.55268E-1 3.54596E-1 3.66513E-1 3.72647E-1 3.64758E-1 3.64259E-1 3.62297E-1 3.63038E-1 3.65761E-1 3.65106E-1 3.67499E-1 3.73202E-1 3.77966E-1 3.79873E-1 3.81484E-1 3.84316E-1 3.84527E-1 3.85285E-1 3.77825E-1 3.7834E-1 3.88926E-1 3.91892E-1 3.93021E-1 3.90611E-1
3.06939E-1 3.10346E-1 3.11858E-1 3.5443E-1 3.59502E-1 3.53877E-1 3.29164E-1 3.23564E-1 3.20856E-1 3.23069E-1 3.27424E-1 3.365E-1 3.51438E-1 3.54633E-1 3.51657E-1 3.69706E-1 3.74114E-1 3.75187E-1 4.08837E-1 3.9633E-1 3.99539E-1 3.80511E-1 3.65834E-1 3.65492E-1 3.92812E-1 4.06004E-1 4.25481E-1 4.12103E-1 4.08257E-1 4.10061E-1 4.09296E-1 3.93335E-1 3.76029E-1 3.67022E-1 3.61842E-1 3.59765E-1 3.65386E-1 3.66389E-1 3.59585E-1 3.61338E-1 3.66704E-1 3.69439E-1 3.6726E-1 3.60117E-1 3.61196E-1 3.66372E-1 3.7126E-1 3.70303E-1 3.83561E-1 3.90731E-1 3.90213E-1 3.86072E-1 3.80962E-1 3.78175E-1 3.82759E-1 3.8274E-1 3.77836E-1 3.78891E-1 3.87763E-1 3.90506E-1 3.86564E-1
3.1969E-1 3.19015E-1 3.3857E-1 3.50768E-1 3.64243E-1 3.48292E-1 3.37478E-1 3.30746E-1 3.31655E-1 3.35746E-1 3.49832E-1 3.6072E-1 3.63211E-1 3.70647E-1 3.84026E-1 3.84862E-1 3.75288E-1 3.69926E-1 3.82166E-1 3.9013E-1 3.97388E-1 3.93485E-1 3.78566E-1 3.68961E-1 3.87733E-1 4.04651E-1 4.19819E-1 4.10912E-1 4.13626E-1 4.08543E-1 4.06579E-1 3.93305E-1 3.80661E-1 3.75149E-1 3.70763E-1 3.72639E-1 3.69945E-1 3.71122E-1 3.76747E-1 3.78793E-1 3.76639E-1 3.7052E-1 3.65265E-1 3.61229E-1 3.6481E-1 3.73944E-1 3.85907E-1 3.90648E-1 4.02043E-1 4.04312E-1 4.00557E-1 3.89487E-1 3.81532E-1 3.80741E-1 3.8476E-1 3.90011E-1 3.88019E-1 3.84194E-1 3.84333E-1 3.82563E-1 3.83315E-1
3.25335E-1 3.22884E-1 3.48097E-1 3.55051E-1 3.65291E-1 3.61633E-1 3.59633E-1 3.43148E-1 3.47214E-1 3.35172E-1 3.49017E-1 3.6676E-1 3.70307E-1 3.74351E-1 3.96245E-1 3.88118E-1 3.80581E-1 3.72703E-1 4.04247E-1 4.25289E-1 4.2571E-1 4.16324E-1 3.93699E-1 3.74954E-1 3.75693E-1 3.97204E-1 4.04881E-1 4.08887E-1 4.12406E-1 4.05566E-1 3.99758E-1 3.99774E-1 3.99508E-1 3.93426E-1 3.81302E-1 4.02126E-1 4.00845E-1 3.87156E-1 3.71395E-1 3.71592E-1 3.77038E-1 3.74517E-1 3.65448E-1 3.61935E-1 3.67414E-1 3.8343E-1 4.02666E-1 4.21214E-1 4.28463E-1 4.16718E-1 4.00409E-1 3.87721E-1 3.78899E-1 3.80018E-1 3.82686E-1 3.86951E-1 3.88553E-1 3.8101E-1 3.82708E-1 3.87013E-1 3.87542E-1
3.35243E-1 3.42966E-1 3.54828E-1 3.518E-1 3.55462E-1 3.65984E-1 3.60858E-1 3.53547E-1 3.57108E-1 3.50801E-1 3.39805E-1 3.5987E-1 3.73064E-1 4.09767E-1 4.01108E-1 3.94124E-1 3.84897E-1 3.62278E-1 4.35284E-1 4.44109E-1 4.8088E-1 4.4197E-1 3.98856E-1 3.7328E-1 3.67826E-1 3.95454E-1 4.12477E-1 4.11574E-1 4.06987E-1 3.99982E-1 3.9843E-1 3.95916E-1 3.90973E-1 3.84808E-1 3.8886E-1 3.87612E-1 3.88758E-1 3.90303E-1 3.877E-1 3.75008E-1 3.63373E-1 3.67042E-1 3.6816E-1 3.70056E-1 3.75831E-1 3.90843E-1 4.14675E-1 4.39644E-1 4.40602E-1 4.18602E-1 3.96241E-1 3.79657E-1 3.68293E-1 3.7356E-1 3.79444E-1 3.7848E-1 3.81375E-1 3.81803E-1 3.79556E-1 3.87351E-1 3.91115E-1
3.3553E-1 3.47378E-1 3.56031E-1 3.77022E-1 3.64744E-1 3.59843E-1 3.70216E-1 3.49456E-1 3.51155E-1 3.49624E-1 3.47134E-1 3.58086E-1 3.62313E-1 4.03018E-1 4.11834E-1 4.09691E-1 3.87498E-1 3.78373E-1 4.33728E-1 5.01261E-1 5.12011E-1 4.79316E-1 4.16087E-1 3.80129E-1 3.63043E-1 3.89729E-1 4.07807E-1 4.01409E-1 3.98951E-1 3.91429E-1 3.87629E-1 3.96878E-1 3.92798E-1 3.83739E-1 3.76493E-1 3.72407E-1 3.76028E-1 3.8115E-1 3.77784E-1 3.77946E-1 3.74984E-1 3.73624E-1 3.72451E-1 3.7312E-1 3.79932E-1 3.89469E-1 4.0511E-1 4.22222E-1 4.23649E-1 4.08246E-1 3.94807E-1 3.80498E-1 3.73879E-1 3.73178E-1 3.71207E-1 3.7317E-1 3.7942E-1 3.80738E-1 3.82941E-1 3.8211E-1 3.90122E-1
3.56868E-1 3.44981E-1 3.62541E-1 3.68122E-1 3.66319E-1 3.58204E-1 3.66043E-1 3.53254E-1 3.4816E-1 3.43458E-1 3.62154E-1 3.58532E-1 3.68934E-1 3.84112E-1 4.23547E-1 5.16163E-1 4.50822E-1 3.9827E-1 4.02073E-1 4.70128E-1 5.04358E-1 4.61512E-1 4.36988E-1 3.97686E-1 3.75298E-1 3.99932E-1 4.0555E-1 3.93881E-1 3.94306E-1 3.89801E-1 3.87229E-1 3.90306E-1 3.85693E-1 3.7655E-1 3.73729E-1 3.72505E-1 3.6909E-1 3.66209E-1 3.67228E-1 3.65365E-1 3.67944E-1 3.68409E-1 3.70394E-1 3.72514E-1 3.76149E-1 3.85791E-1 3.98455E-1 4.07312E-1 3.88921E-1 3.88111E-1 3.84373E-1 3.79712E-1 3.75152E-1 3.75484E-1 3.72005E-1 3.71458E-1 3.73474E-1 3.81186E-1 3.85619E-1 3.8631E-1 3.8723E-1
3.83148E-1 3.60108E-1 3.74423E-1 3.68997E-1 3.7999E-1 3.54444E-1 3.54178E-1 3.5287E-1 3.55333E-1 3.55423E-1 3.4626E-1 3.51998E-1 3.56659E-1 3.72602E-1 4.21066E-1 4.6203E-1 5.0216E-1 5.02435E-1 4.56517E-1 4.17347E-1 4.8286E-1 4.64136E-1 4.25774E-1 4.11702E-1 4.05315E-1 3.95821E-1 4.00914E-1 4.05503E-1 4.06965E-1 3.99046E-1 3.93785E-1 3.85742E-1 3.82794E-1 3.71191E-1 3.72971E-1 3.70438E-1 3.70746E-1 3.71116E-1 3.72537E-1 3.68096E-1 3.69402E-1 3.76599E-1 3.78093E-1 3.74506E-1 3.71588E-1 3.74003E-1 3.73653E-1 3.70865E-1 3.71737E-1 3.73936E-1 3.73248E-1 3.81566E-1 3.7794E-1 3.87544E-1 3.89324E-1 3.79399E-1 3.76808E-1 3.77025E-1 3.81704E-1 3.83864E-1 3.86646E-1
4.21504E-1 3.98499E-1 3.85383E-1 3.84049E-1 3.86175E-1 3.65847E-1 3.52573E-1 3.49652E-1 3.49788E-1 3.4488E-1 3.5437E-1 3.56599E-1 3.58354E-1 4.29017E-1 4.23727E-1 4.44163E-1 4.82325E-1 4.96957E-1 4.945E-1 4.14511E-1 4.22942E-1 4.78147E-1 4.29854E-1 4.73577E-1 4.77411E-1 4.42111E-1 4.23774E-1 4.27427E-1 4.05224E-1 4.01053E-1 3.94783E-1 3.77123E-1 3.63579E-1 3.67168E-1 3.73297E-1 3.77233E-1 3.75705E-1 3.65437E-1 3.73965E-1 3.73139E-1 3.7704E-1 3.7627E-1 3.78095E-1 3.78443E-1 3.74077E-1 3.72761E-1 3.72408E-1 3.70494E-1 3.70818E-1 3.73086E-1 3.72583E-1 3.77933E-1 3.76402E-1 3.78496E-1 3.98853E-1 4.02127E-1 3.9022E-1 3.80797E-1 3.79973E-1 3.84564E-1 3.85455E-1
4.41889E-1 3.85772E-1 3.63155E-1 3.95346E-1 3.81227E-1 3.69252E-1 3.606E-1 3.25198E-1 3.36227E-1 3.45669E-1 3.55345E-1 3.62518E-1 3.59049E-1 4.53695E-1 4.77075E-1 4.75867E-1 4.48263E-1 4.57522E-1 4.70349E-1 3.85533E-1 3.62134E-1 3.98524E-1 4.97278E-1 4.92475E-1 4.78468E-1 4.56633E-1 4.36523E-1 4.1134E-1 3.90596E-1 3.80791E-1 3.79262E-1 3.72743E-1 3.56621E-1 3.61323E-1 3.62363E-1 3.6062E-1 3.52295E-1 3.51415E-1 3.55676E-1 3.63053E-1 3.72471E-1 3.74175E-1 3.71141E-1 3.72791E-1 3.72389E-1 3.69591E-1 3.7185E-1 3.73173E-1 3.7358E-1 3.68654E-1 3.75967E-1 3.80829E-1 3.80492E-1 3.85692E-1 3.86404E-1 3.85755E-1 3.85139E-1 3.88709E-1 3.90796E-1 3.92507E-1 3.9029E-1
3.6192E-1 3.2345E-1 3.22388E-1 3.60913E-1 3.96921E-1 3.77265E-1 3.68339E-1 3.46007E-1 3.32693E-1 3.31799E-1 3.38759E-1 3.42132E-1 3.42706E-1 3.44471E-1 3.70839E-1 4.19397E-1 3.78736E-1 4.64123E-1 4.59279E-1 3.89708E-1 3.71194E-1 4.03804E-1 4.76618E-1 4.91754E-1 4.96632E-1 5.02031E-1 4.57817E-1 3.99755E-1 3.79894E-1 3.80151E-1 3.75142E-1 3.60252E-1 3.59242E-1 3.54069E-1 3.5175E-1 3.48844E-1 3.49867E-1 3.48612E-1 3.50616E-1 3.59995E-1 3.64954E-1 3.67763E-1 3.68266E-1 3.7361E-1 3.76594E-1 3.75705E-1 3.73047E-1 3.7179E-1 3.74649E-1 3.7403E-1 3.74377E-1 3.83313E-1 3.82337E-1 3.89258E-1 3.87696E-1 3.78306E-1 3.75224E-1 3.7811E-1 3.89115E-1 3.93403E-1 3.91944E-1
