maxent_outputs/hummingbirds/hummingbird_186.asc
ncols         426
nrows         180
xllcorner     -130.0
yllcorner     24.0
cellsize      0.16666666666666666
NODATA_value  -9999
[rows 27 to 53 of 180, columns 183 to 243 of 426]
2.6058E-1 2.5458E-1 2.52515E-1 2.53181E-1 2.53047E-1 2.55238E-1 2.56653E-1 2.53698E-1 2.50958E-1 2.53171E-1 2.46437E-1 2.42488E-1 2.3969E-1 2.32048E-1 2.26093E-1 2.2763E-1 2.32664E-1 2.36318E-1 2.42311E-1 2.49068E-1 2.5629E-1 2.52915E-1 2.47797E-1 2.40935E-1 2.36784E-1 2.35334E-1 2.52448E-1 2.56552E-1 2.60265E-1 2.57292E-1 2.55424E-1 2.6352E-1 2.70114E-1 2.68395E-1 2.71547E-1 2.73431E-1 2.75485E-1 2.74759E-1 2.76582E-1 2.78136E-1 2.87432E-1 2.81214E-1 2.87375E-1 2.88725E-1 2.7803E-1 2.83433E-1 2.88294E-1 2.84495E-1 2.6735E-1 2.55457E-1 2.54584E-1 2.59679E-1 2.60094E-1 2.7095E-1 2.66774E-1 2.69269E-1 2.71373E-1 2.66167E-1 2.65427E-1 2.6451E-1 2.72026E-1
2.64974E-1 2.59423E-1 2.5943E-1 2.61009E-1 2.55656E-1 2.53648E-1 2.53432E-1 2.54695E-1 2.52287E-1 2.51924E-1 2.49957E-1 2.44661E-1 2.41099E-1 2.33468E-1 2.25513E-1 2.29977E-1 2.34977E-1 2.3694E-1 2.43984E-1 2.46423E-1 2.51455E-1 2.5093E-1 2.48171E-1 2.42752E-1 2.39718E-1 2.43438E-1 2.43978E-1 2.71925E-1 2.7438E-1 2.59322E-1 2.58405E-1 2.6157E-1 2.66382E-1 2.67822E-1 2.73475E-1 2.76085E-1 2.77837E-1 2.71134E-1 2.78124E-1 2.84542E-1 2.78458E-1 2.76463E-1 2.78512E-1 2.78994E-1 2.79217E-1 2.86749E-1 2.95953E-1 2.83933E-1 2.69915E-1 2.63483E-1 2.65726E-1 2.58039E-1 2.57813E-1 2.62815E-1 2.64383E-1 2.75217E-1 2.66383E-1 2.69909E-1 2.71644E-1 2.73591E-1 2.78946E-1
2.56328E-1 2.53025E-1 2.5997E-1 2.59751E-1 2.5765E-1 2.53354E-1 2.527E-1 2.52803E-1 2.58298E-1 2.46926E-1 2.43208E-1 2.45287E-1 2.37097E-1 2.31654E-1 2.25752E-1 2.27934E-1 2.3238E-1 2.39443E-1 2.43473E-1 2.44483E-1 2.46215E-1 2.40534E-1 2.39028E-1 2.35492E-1 2.39289E-1 2.72511E-1 2.90175E-1 2.9128E-1 2.79699E-1 2.65873E-1 2.7577E-1 2.5939E-1 2.60648E-1 2.61605E-1 2.66384E-1 2.72929E-1 2.74577E-1 2.73168E-1 2.74998E-1 2.75506E-1 2.78334E-1 2.77643E-1 2.74555E-1 2.84027E-1 2.9062E-1 3.13815E-1 3.0664E-1 2.87854E-1 2.74437E-1 2.76566E-1 2.79424E-1 2.6689E-1 2.62678E-1 2.68616E-1 2.64407E-1 2.62412E-1 2.78847E-1 2.66418E-1 2.68058E-1 2.68922E-1 2.67965E-1
2.56185E-1 2.53552E-1 2.56349E-1 2.5567E-1 2.53465E-1 2.46585E-1 2.42293E-1 2.47471E-1 2.57761E-1 2.48663E-1 2.47909E-1 2.44266E-1 2.3767E-1 2.30682E-1 2.28611E-1 2.26464E-1 2.33669E-1 2.43525E-1 2.40539E-1 2.47068E-1 2.33257E-1 2.27164E-1 2.28014E-1 2.30022E-1 2.30502E-1 2.59223E-1 2.54434E-1 2.57374E-1 2.82001E-1 2.58376E-1 2.5159E-1 2.55141E-1 2.57581E-1 2.61305E-1 2.64372E-1 2.6854E-1 2.7864E-1 2.73674E-1 2.72347E-1 2.82005E-1 2.75176E-1 2.78307E-1 2.80013E-1 2.82904E-1 2.8108E-1 2.86742E-1 2.86966E-1 2.89276E-1 2.90582E-1 2.65927E-1 2.71033E-1 2.75976E-1 2.90683E-1 3.03593E-1 2.95756E-1 2.7909E-1 2.67831E-1 2.62415E-1 2.64413E-1 2.77281E-1 2.75381E-1
2.50204E-1 2.52564E-1 2.50103E-1 2.47507E-1 2.484E-1 2.47831E-1 2.38882E-1 2.43619E-1 2.46961E-1 2.52317E-1 2.44939E-1 2.43425E-1 2.33715E-1 2.33491E-1 2.27767E-1 2.27572E-1 2.33725E-1 2.39548E-1 2.40948E-1 2.30624E-1 2.27406E-1 2.23931E-1 2.20228E-1 2.23992E-1 2.34174E-1 2.39198E-1 2.45078E-1 2.42192E-1 2.41748E-1 2.36307E-1 2.4105E-1 2.44682E-1 2.53936E-1 2.57122E-1 2.61653E-1 2.64199E-1 2.7469E-1 3.02098E-1 2.79422E-1 2.86442E-1 2.80616E-1 2.8125E-1 2.78356E-1 2.77537E-1 2.86248E-1 2.7642E-1 2.75143E-1 2.79116E-1 2.80961E-1 2.83243E-1 2.90794E-1 2.88713E-1 2.89497E-1 3.09573E-1 3.24894E-1 3.07023E-1 2.74072E-1 2.6428E-1 2.66498E-1 3.23785E-1 3.18765E-1
2.47792E-1 2.5236E-1 2.50041E-1 2.51359E-1 2.52744E-1 2.45882E-1 2.38422E-1 2.42527E-1 2.47243E-1 2.54593E-1 2.46589E-1 2.42411E-1 2.34449E-1 2.33219E-1 2.31201E-1 2.26287E-1 2.34114E-1 2.34991E-1 2.3743E-1 2.35731E-1 2.33681E-1 2.37574E-1 2.35905E-1 2.37333E-1 2.41465E-1 2.45239E-1 2.46275E-1 2.46701E-1 2.5089E-1 2.35804E-1 2.41097E-1 2.50397E-1 2.52605E-1 2.55362E-1 2.57084E-1 2.5452E-1 2.58542E-1 2.75586E-1 2.89821E-1 3.00422E-1 2.98455E-1 2.81449E-1 2.72942E-1 2.72777E-1 2.8638E-1 2.9245E-1 2.82874E-1 2.85815E-1 2.9155E-1 2.80571E-1 2.79868E-1 2.69597E-1 2.70554E-1 3.03328E-1 3.38919E-1 3.1713E-1 2.9798E-1 2.93684E-1 2.97813E-1 3.02482E-1 3.00975E-1
2.51651E-1 2.5292E-1 2.50196E-1 2.38632E-1 2.43195E-1 2.44518E-1 2.40558E-1 2.40637E-1 2.46776E-1 2.49603E-1 2.43649E-1 2.38572E-1 2.36409E-1 2.33274E-1 2.30037E-1 2.314E-1 2.37862E-1 2.34783E-1 2.31338E-1 2.35687E-1 2.33787E-1 2.41096E-1 2.35664E-1 2.36921E-1 2.42234E-1 2.42046E-1 2.45275E-1 2.4791E-1 2.4466E-1 2.40427E-1 2.41433E-1 2.49735E-1 2.55898E-1 2.58307E-1 2.57595E-1 2.53916E-1 2.61354E-1 2.67E-1 2.73461E-1 2.7935E-1 2.81715E-1 2.8919E-1 2.82921E-1 2.83269E-1 2.88749E-1 2.80549E-1 2.82736E-1 2.87945E-1 2.81698E-1 2.80864E-1 2.8607E-1 2.84659E-1 2.84483E-1 3.03909E-1 2.98484E-1 3.12316E-1 3.03271E-1 3.21344E-1 3.18095E-1 3.01698E-1 3.04605E-1
2.58327E-1 2.67564E-1 2.64586E-1 2.54431E-1 2.47086E-1 2.44563E-1 2.48403E-1 2.51565E-1 2.49145E-1 2.46586E-1 2.42624E-1 2.41723E-1 2.4167E-1 2.39124E-1 2.35725E-1 2.34698E-1 2.38939E-1 2.3563E-1 2.31583E-1 2.28383E-1 2.30757E-1 2.42014E-1 2.34042E-1 2.33583E-1 2.37813E-1 2.42225E-1 2.4589E-1 2.43967E-1 2.36443E-1 2.38059E-1 2.37233E-1 2.48406E-1 2.53318E-1 2.56979E-1 2.60072E-1 2.60455E-1 2.63779E-1 2.68327E-1 2.72192E-1 2.76794E-1 2.77839E-1 2.78441E-1 2.78108E-1 2.78179E-1 2.83258E-1 2.87808E-1 2.87389E-1 2.8989E-1 2.89929E-1 2.92529E-1 2.9593E-1 3.18711E-1 3.00588E-1 3.1364E-1 3.00262E-1 3.18329E-1 3.23438E-1 3.29958E-1 3.16909E-1 3.15362E-1 3.29621E-1
2.55059E-1 2.73794E-1 2.8564E-1 2.81127E-1 2.66818E-1 2.52526E-1 2.51699E-1 2.52415E-1 2.52776E-1 2.51857E-1 2.48344E-1 2.45988E-1 2.45277E-1 2.45709E-1 2.47407E-1 2.39568E-1 2.36833E-1 2.35228E-1 2.33912E-1 2.34681E-1 2.2925E-1 2.30814E-1 2.34472E-1 2.40563E-1 2.44184E-1 2.55715E-1 2.71375E-1 2.71177E-1 2.66104E-1 2.59088E-1 2.52067E-1 2.52319E-1 2.5182E-1 2.51987E-1 2.55106E-1 2.57416E-1 2.59622E-1 2.64792E-1 2.69845E-1 2.78073E-1 2.77218E-1 2.78897E-1 2.78536E-1 2.74185E-1 2.75207E-1 2.76373E-1 2.8213E-1 2.92488E-1 2.9031E-1 2.93692E-1 2.92239E-1 2.95164E-1 2.989E-1 3.08752E-1 3.14431E-1 3.34897E-1 3.33578E-1 3.29376E-1 3.35177E-1 3.91721E-1 4.98855E-1
2.48053E-1 2.48577E-1 2.47957E-1 2.43039E-1 2.51653E-1 2.50504E-1 2.55456E-1 2.49492E-1 2.5133E-1 2.52232E-1 2.49064E-1 2.46815E-1 2.49746E-1 2.48992E-1 2.51134E-1 2.48356E-1 2.39212E-1 2.38657E-1 2.36732E-1 2.35886E-1 2.36231E-1 2.39362E-1 2.40173E-1 2.42628E-1 2.4682E-1 2.72967E-1 2.8365E-1 2.81913E-1 2.58199E-1 2.50625E-1 2.53916E-1 2.54492E-1 2.57159E-1 2.57272E-1 2.58462E-1 2.59872E-1 2.6214E-1 2.63439E-1 2.62473E-1 2.66807E-1 2.68063E-1 2.74197E-1 2.78621E-1 2.87841E-1 2.79425E-1 2.84682E-1 2.78455E-1 2.83006E-1 2.85869E-1 2.87088E-1 2.89722E-1 3.00906E-1 3.1027E-1 3.21772E-1 3.26041E-1 3.3534E-1 3.63786E-1 4.12933E-1 4.94632E-1 6.08714E-1 6.50158E-1
2.50231E-1 2.48486E-1 2.4535E-1 2.42707E-1 2.44374E-1 2.38282E-1 2.39932E-1 2.37431E-1 2.43902E-1 2.49319E-1 2.50682E-1 2.49952E-1 2.52397E-1 2.5394E-1 2.5318E-1 2.47648E-1 2.43138E-1 2.41061E-1 2.36548E-1 2.36953E-1 2.40059E-1 2.41456E-1 2.4139E-1 2.45101E-1 2.47545E-1 2.50449E-1 2.50078E-1 2.51868E-1 2.50953E-1 2.52805E-1 2.54955E-1 2.54946E-1 2.57699E-1 2.59286E-1 2.59472E-1 2.58165E-1 2.60458E-1 2.60522E-1 2.63929E-1 2.62317E-1 2.6486E-1 2.6764E-1 2.68745E-1 2.70395E-1 2.76084E-1 2.75004E-1 2.78968E-1 2.81822E-1 2.83207E-1 2.82361E-1 2.90461E-1 3.02754E-1 3.19421E-1 3.60642E-1 4.03763E-1 4.71654E-1 5.53413E-1 6.15074E-1 6.43326E-1 6.40209E-1 6.4625E-1
2.45481E-1 2.45327E-1 2.45369E-1 2.43077E-1 2.42414E-1 2.4627E-1 2.41825E-1 2.41961E-1 2.38557E-1 2.4642E-1 2.49687E-1 2.50834E-1 2.50527E-1 2.50972E-1 2.50453E-1 2.46629E-1 2.42416E-1 2.40156E-1 2.39911E-1 2.43136E-1 2.48904E-1 2.45217E-1 2.46344E-1 2.52445E-1 2.49813E-1 2.47332E-1 2.49865E-1 2.50508E-1 2.55341E-1 2.5575E-1 2.56102E-1 2.55771E-1 2.57385E-1 2.58658E-1 2.58757E-1 2.62967E-1 2.63064E-1 2.57674E-1 2.6211E-1 2.65549E-1 2.68923E-1 2.72757E-1 2.69935E-1 2.7228E-1 2.72712E-1 2.78503E-1 2.80444E-1 2.80502E-1 2.83078E-1 2.92567E-1 3.12723E-1 3.48977E-1 4.49492E-1 5.44948E-1 5.881E-1 5.98438E-1 6.07502E-1 6.21634E-1 6.30117E-1 6.41936E-1 6.54319E-1
2.48329E-1 2.4994E-1 2.5488E-1 2.4801E-1 2.47039E-1 2.44767E-1 2.40284E-1 2.41826E-1 2.40926E-1 2.4655E-1 2.47653E-1 2.45223E-1 2.49898E-1 2.50929E-1 2.50834E-1 2.46939E-1 2.42455E-1 2.38688E-1 2.42223E-1 2.43125E-1 2.46546E-1 2.44999E-1 2.59513E-1 2.55569E-1 2.5263E-1 2.56082E-1 2.53459E-1 2.55564E-1 2.53628E-1 2.7147E-1 2.56825E-1 2.76014E-1 2.59862E-1 2.52749E-1 2.52944E-1 2.60795E-1 2.59523E-1 2.61836E-1 2.64605E-1 2.61689E-1 2.56885E-1 2.61373E-1 2.66459E-1 2.72305E-1 2.86334E-1 2.89041E-1 2.8874E-1 2.91577E-1 3.00966E-1 3.32393E-1 4.48731E-1 5.53828E-1 5.70102E-1 5.74779E-1 5.78206E-1 5.91925E-1 6.03887E-1 6.15694E-1 6.30928E-1 6.42134E-1 6.56531E-1
2.48246E-1 2.5607E-1 2.51023E-1 2.43528E-1 2.47523E-1 2.50293E-1 2.43637E-1 2.4266E-1 2.42983E-1 2.47798E-1 2.47936E-1 2.44454E-1 2.47832E-1 2.48515E-1 2.50765E-1 2.47022E-1 2.43034E-1 2.39772E-1 2.43861E-1 2.47076E-1 2.50451E-1 2.49297E-1 2.60046E-1 2.64752E-1 2.62379E-1 2.59969E-1 2.59769E-1 2.56168E-1 2.55767E-1 2.6097E-1 2.75794E-1 2.62296E-1 2.54998E-1 2.56836E-1 2.54659E-1 2.58873E-1 2.56837E-1 2.58778E-1 2.63054E-1 2.57305E-1 2.58187E-1 2.59517E-1 2.64602E-1 2.80156E-1 2.93861E-1 2.97987E-1 3.04511E-1 3.16116E-1 3.35705E-1 4.61044E-1 5.64987E-1 5.5658E-1 5.51179E-1 5.52534E-1 5.67562E-1 5.87312E-1 5.99028E-1 6.1828E-1 6.31767E-1 6.4447E-1 6.56184E-1
2.35712E-1 2.46398E-1 2.51711E-1 2.44256E-1 2.42876E-1 2.47162E-1 2.48215E-1 2.47494E-1 2.47639E-1 2.50568E-1 2.49811E-1 2.49219E-1 2.46043E-1 2.43349E-1 2.4643E-1 2.50588E-1 2.46735E-1 2.4211E-1 2.4058E-1 2.45506E-1 2.43875E-1 2.53257E-1 2.6504E-1 2.66405E-1 2.61474E-1 2.5832E-1 2.60533E-1 2.58805E-1 2.62917E-1 2.74847E-1 2.90066E-1 2.73131E-1 2.5918E-1 2.60173E-1 2.60074E-1 2.58991E-1 2.54983E-1 2.55645E-1 2.56921E-1 2.58227E-1 2.58689E-1 2.64128E-1 2.69709E-1 2.91062E-1 3.01298E-1 3.1381E-1 3.299E-1 3.8187E-1 4.91524E-1 5.52032E-1 5.48102E-1 5.31304E-1 5.09022E-1 5.10201E-1 5.08722E-1 5.78544E-1 6.01934E-1 6.17972E-1 6.28245E-1 6.38037E-1 6.40846E-1
2.48002E-1 2.45179E-1 2.52807E-1 2.50019E-1 2.49538E-1 2.46551E-1 2.4823E-1 2.48625E-1 2.51547E-1 2.51207E-1 2.55308E-1 2.50572E-1 2.5067E-1 2.47457E-1 2.47769E-1 2.47351E-1 2.49867E-1 2.45165E-1 2.44433E-1 2.47429E-1 2.49727E-1 2.53637E-1 2.60377E-1 2.65175E-1 2.61119E-1 2.53481E-1 2.50661E-1 2.54364E-1 2.5598E-1 2.64702E-1 2.61759E-1 2.60819E-1 2.63343E-1 2.62104E-1 2.58138E-1 2.51797E-1 2.52045E-1 2.6086E-1 2.60429E-1 2.61214E-1 2.68933E-1 2.74235E-1 2.81236E-1 2.97555E-1 3.13146E-1 3.6909E-1 4.54249E-1 5.35336E-1 5.37402E-1 4.79629E-1 4.4065E-1 4.0237E-1 4.22603E-1 4.56323E-1 5.05139E-1 5.70463E-1 5.88645E-1 6.00114E-1 5.86853E-1 5.74301E-1 5.46061E-1
2.54284E-1 2.58544E-1 2.60398E-1 2.54994E-1 2.52563E-1 2.49482E-1 2.52538E-1 2.51211E-1 2.52139E-1 2.53368E-1 2.56525E-1 2.58114E-1 2.52104E-1 2.48564E-1 2.46269E-1 2.43875E-1 2.46166E-1 2.46153E-1 2.44361E-1 2.51944E-1 2.6156E-1 2.60599E-1 2.59924E-1 2.57919E-1 2.56584E-1 2.52014E-1 2.49137E-1 2.49236E-1 2.53334E-1 2.6088E-1 2.57027E-1 2.68722E-1 2.72123E-1 2.66255E-1 2.63124E-1 2.53146E-1 2.53018E-1 2.6771E-1 2.61802E-1 2.62184E-1 2.75822E-1 2.80629E-1 2.85413E-1 2.98998E-1 3.52839E-1 4.29689E-1 4.19061E-1 3.8094E-1 3.46013E-1 3.42272E-1 3.41206E-1 3.60394E-1 4.27103E-1 5.11378E-1 5.36246E-1 5.60004E-1 5.47998E-1 5.00756E-1 4.54988E-1 4.32072E-1 4.20437E-1
2.5785E-1 2.58909E-1 2.63298E-1 2.63526E-1 2.57287E-1 2.51914E-1 2.54576E-1 2.51649E-1 2.51927E-1 2.53194E-1 2.54559E-1 2.57052E-1 2.50196E-1 2.49132E-1 2.49374E-1 2.4746E-1 2.46888E-1 2.47694E-1 2.48521E-1 2.53486E-1 2.5851E-1 2.71677E-1 2.62927E-1 2.59394E-1 2.62037E-1 2.5446E-1 2.5224E-1 2.52372E-1 2.56238E-1 2.66662E-1 2.6066E-1 2.64849E-1 2.68925E-1 2.68432E-1 2.60842E-1 2.55108E-1 2.58013E-1 2.58093E-1 2.59506E-1 2.6291E-1 2.68309E-1 2.79053E-1 2.84998E-1 2.94493E-1 3.00812E-1 3.09034E-1 3.13111E-1 3.16079E-1 3.15377E-1 3.18417E-1 3.17727E-1 3.35466E-1 3.58339E-1 4.13726E-1 4.46347E-1 4.24817E-1 4.10111E-1 4.12998E-1 4.15164E-1 4.21099E-1 3.95202E-1
2.60722E-1 2.62273E-1 2.65437E-1 2.67348E-1 2.62785E-1 2.54164E-1 2.51914E-1 2.55582E-1 2.54864E-1 2.53689E-1 2.53003E-1 2.5458E-1 2.49266E-1 2.48677E-1 2.52568E-1 2.52567E-1 2.49609E-1 2.50982E-1 2.52563E-1 2.56956E-1 2.62677E-1 2.70322E-1 2.7428E-1 2.74051E-1 2.65129E-1 2.60013E-1 2.55883E-1 2.5566E-1 2.62266E-1 2.66925E-1 2.76893E-1 2.7987E-1 2.68438E-1 2.68542E-1 2.75049E-1 2.69289E-1 2.65081E-1 2.60803E-1 2.64846E-1 2.63969E-1 2.74876E-1 2.79845E-1 2.89731E-1 2.9266E-1 2.98618E-1 3.05776E-1 3.03627E-1 2.92569E-1 3.11233E-1 3.25159E-1 3.12499E-1 3.19594E-1 3.37886E-1 3.618E-1 3.70258E-1 3.6653E-1 3.6645E-1 3.78534E-1 3.87402E-1 4.01367E-1 3.9343E-1
2.59546E-1 2.6572E-1 2.70269E-1 2.73602E-1 2.62988E-1 2.5794E-1 2.59656E-1 2.58725E-1 2.55293E-1 2.56175E-1 2.56313E-1 2.58798E-1 2.55616E-1 2.52953E-1 2.53779E-1 2.53306E-1 2.48629E-1 2.5151E-1 2.56746E-1 2.62193E-1 2.66042E-1 2.72198E-1 2.73489E-1 2.73458E-1 2.76088E-1 2.72498E-1 2.7315E-1 2.75908E-1 2.7391E-1 2.81101E-1 2.79199E-1 2.64807E-1 2.63904E-1 2.71782E-1 3.16777E-1 3.29211E-1 2.66273E-1 2.65139E-1 2.71869E-1 2.72349E-1 2.75063E-1 2.87642E-1 2.95221E-1 2.99377E-1 3.00631E-1 2.99973E-1 2.84172E-1 3.03919E-1 3.20405E-1 3.18744E-1 3.24639E-1 3.28307E-1 3.32625E-1 3.39982E-1 3.50605E-1 3.57485E-1 3.50886E-1 3.45348E-1 3.55262E-1 3.63572E-1 3.70971E-1
2.68407E-1 2.63692E-1 2.70715E-1 2.75875E-1 2.67494E-1 2.59794E-1 2.57871E-1 2.64397E-1 2.54135E-1 2.56588E-1 2.60137E-1 2.62536E-1 2.61985E-1 2.6261E-1 2.63348E-1 2.58931E-1 2.54372E-1 2.56126E-1 2.59452E-1 2.67388E-1 2.70592E-1 2.73827E-1 2.76898E-1 2.74712E-1 2.78814E-1 2.75457E-1 2.78498E-1 2.80015E-1 2.84067E-1 2.78527E-1 2.73125E-1 2.66012E-1 2.60037E-1 2.68269E-1 2.79451E-1 2.85725E-1 2.70293E-1 2.73663E-1 2.71564E-1 2.76308E-1 2.83307E-1 2.92013E-1 3.029E-1 3.00541E-1 2.96211E-1 2.99324E-1 3.11639E-1 3.19934E-1 3.14671E-1 3.17593E-1 3.1674E-1 3.18809E-1 3.27145E-1 3.30628E-1 3.37972E-1 3.44946E-1 3.38737E-1 3.31245E-1 3.39839E-1 3.48107E-1 3.4582E-1
2.58504E-1 2.64417E-1 2.6356E-1 2.7586E-1 2.66937E-1 2.57503E-1 2.57021E-1 2.59908E-1 2.62557E-1 2.54003E-1 2.54477E-1 2.62168E-1 2.73045E-1 2.73311E-1 2.72227E-1 2.68101E-1 2.62319E-1 2.63931E-1 2.59961E-1 2.62801E-1 2.73159E-1 2.77569E-1 2.81012E-1 2.82467E-1 2.86033E-1 2.80857E-1 2.84474E-1 2.83449E-1 2.83683E-1 2.74864E-1 2.69312E-1 2.66587E-1 2.63473E-1 2.69113E-1 2.74733E-1 2.75319E-1 2.75918E-1 2.74756E-1 2.757E-1 2.79072E-1 2.92961E-1 2.95525E-1 3.06376E-1 3.06452E-1 3.07368E-1 2.9922E-1 3.00748E-1 3.14655E-1 3.2561E-1 3.28587E-1 3.22278E-1 3.20673E-1 3.2881E-1 3.27698E-1 3.29709E-1 3.38217E-1 3.3516E-1 3.40719E-1 3.38242E-1 3.42287E-1 3.36741E-1
2.61527E-1 2.66511E-1 2.69629E-1 2.67658E-1 2.59215E-1 2.5717E-1 2.58921E-1 2.67124E-1 2.67743E-1 2.65021E-1 2.57674E-1 2.68249E-1 2.74586E-1 2.78989E-1 2.85818E-1 2.79399E-1 2.81745E-1 2.7732E-1 2.68117E-1 2.68941E-1 2.7561E-1 2.81697E-1 2.88767E-1 2.94454E-1 2.94486E-1 2.87846E-1 2.82421E-1 2.82628E-1 2.82711E-1 2.78597E-1 2.7297E-1 2.72041E-1 2.6673E-1 2.65396E-1 2.68798E-1 2.69461E-1 2.76978E-1 2.78131E-1 2.83905E-1 2.82652E-1 2.92586E-1 2.92978E-1 3.01147E-1 3.03539E-1 3.04565E-1 3.00142E-1 3.08335E-1 3.20967E-1 3.23832E-1 3.10221E-1 3.17113E-1 3.2421E-1 3.25383E-1 3.25717E-1 3.24523E-1 3.3184E-1 3.39423E-1 3.33402E-1 3.31821E-1 3.36527E-1 3.29825E-1
2.65447E-1 2.6906E-1 2.67703E-1 2.62691E-1 2.58913E-1 2.61025E-1 2.60575E-1 2.64803E-1 2.61543E-1 2.67166E-1 2.67953E-1 2.80527E-1 2.75261E-1 2.71817E-1 2.86394E-1 2.88472E-1 2.81342E-1 2.81976E-1 2.76555E-1 2.73473E-1 2.75986E-1 2.84764E-1 2.91878E-1 2.908E-1 2.98864E-1 2.91652E-1 2.85795E-1 2.8325E-1 2.80107E-1 2.79267E-1 2.86859E-1 2.80344E-1 2.742E-1 2.73464E-1 2.76123E-1 2.78942E-1 2.81642E-1 2.8623E-1 2.88141E-1 2.86513E-1 2.94746E-1 2.96203E-1 3.05894E-1 3.09352E-1 3.10888E-1 3.03312E-1 2.97451E-1 3.09609E-1 3.34144E-1 3.13059E-1 3.16523E-1 3.26935E-1 3.25759E-1 3.20962E-1 3.25475E-1 3.25362E-1 3.30302E-1 3.28763E-1 3.28108E-1 3.29704E-1 3.35917E-1
2.76214E-1 2.72735E-1 2.66168E-1 2.64843E-1 2.62399E-1 2.61695E-1 2.60696E-1 2.60432E-1 2.67238E-1 2.71605E-1 2.81093E-1 2.8853E-1 2.95429E-1 2.72073E-1 2.75247E-1 2.84998E-1 2.85057E-1 2.83491E-1 2.81617E-1 2.76969E-1 2.81825E-1 2.8585E-1 2.82224E-1 2.88715E-1 2.9311E-1 2.98537E-1 2.92134E-1 2.7972E-1 2.8014E-1 2.84988E-1 2.84403E-1 2.84118E-1 2.85522E-1 2.88434E-1 2.92266E-1 2.97127E-1 2.9897E-1 2.94111E-1 2.93384E-1 2.97616E-1 2.94488E-1 2.99376E-1 2.97247E-1 3.02568E-1 3.01857E-1 2.98905E-1 2.93837E-1 3.13456E-1 3.1802E-1 3.10766E-1 3.12884E-1 3.13757E-1 3.24739E-1 3.2928E-1 3.28573E-1 3.3127E-1 3.40271E-1 3.38244E-1 3.41457E-1 3.38189E-1 3.4128E-1
2.74647E-1 2.75699E-1 2.71967E-1 2.68776E-1 2.64904E-1 2.59325E-1 2.58895E-1 2.6032E-1 2.65428E-1 2.7945E-1 2.87083E-1 2.92044E-1 2.89646E-1 2.78462E-1 2.73299E-1 2.8528E-1 2.79524E-1 2.79125E-1 2.83115E-1 2.79378E-1 2.85756E-1 2.82984E-1 2.83598E-1 2.84199E-1 2.8996E-1 2.95215E-1 2.99954E-1 2.93993E-1 2.85299E-1 2.81532E-1 2.83498E-1 2.90835E-1 2.99318E-1 3.00698E-1 3.00742E-1 3.0224E-1 3.0733E-1 3.05133E-1 3.12646E-1 3.10698E-1 3.04673E-1 2.95436E-1 2.97547E-1 3.02351E-1 3.09231E-1 3.06836E-1 3.00522E-1 2.9661E-1 3.09844E-1 3.21939E-1 3.1828E-1 3.15844E-1 3.27406E-1 3.42716E-1 3.39469E-1 3.30616E-1 3.41957E-1 3.4794E-1 3.43572E-1 3.33127E-1 3.32602E-1
2.75139E-1 2.78214E-1 2.79235E-1 2.72445E-1 2.65869E-1 2.60179E-1 2.61568E-1 2.58642E-1 2.63194E-1 2.76852E-1 2.86787E-1 2.84627E-1 2.81724E-1 2.73013E-1 2.70175E-1 2.8235E-1 2.88698E-1 2.82171E-1 2.84033E-1 2.78976E-1 2.74191E-1 2.82397E-1 2.91789E-1 2.88886E-1 2.91519E-1 2.95542E-1 2.85969E-1 2.85243E-1 2.83512E-1 2.87342E-1 2.92309E-1 2.97751E-1 2.94091E-1 2.98539E-1 3.03729E-1 3.07496E-1 3.14963E-1 3.15376E-1 3.24906E-1 3.17323E-1 3.13714E-1 3.00023E-1 2.95426E-1 3.02346E-1 3.06154E-1 3.07159E-1 3.09967E-1 3.00318E-1 2.93586E-1 3.05256E-1 3.09763E-1 3.13841E-1 3.15076E-1 3.25281E-1 3.25485E-1 3.28102E-1 3.32527E-1 3.3697E-1 3.33656E-1 3.37135E-1 3.38334E-1
