maxent_outputs/hummingbirds/hummingbird_258.asc
ncols         426
nrows         180
xllcorner     -130.0
yllcorner     24.0
cellsize      0.16666666666666666
NODATA_value  -9999
[rows 81 to 107 of 180, columns 183 to 243 of 426]
2.93793E-1 2.93632E-1 2.94945E-1 2.94656E-1 2.96713E-1 3.03837E-1 3.10865E-1 3.13406E-1 3.14919E-1 3.18292E-1 3.23577E-1 3.24841E-1 3.26875E-1 3.27247E-1 3.304E-1 3.34669E-1 3.30624E-1 3.34514E-1 3.42904E-1 3.52906E-1 3.54214E-1 3.58354E-1 3.61351E-1 3.67338E-1 3.60901E-1 3.58476E-1 3.63893E-1 3.58751E-1 3.57722E-1 3.63562E-1 3.68492E-1 3.69851E-1 3.71713E-1 3.75152E-1 3.83072E-1 3.94207E-1 4.01629E-1 4.14866E-1 4.12403E-1 4.06486E-1 4.08222E-1 3.95256E-1 3.89614E-1 3.87783E-1 3.89128E-1 3.96699E-1 4.06525E-1 4.14238E-1 4.22367E-1 4.11263E-1 4.16357E-1 4.23058E-1 4.21113E-1 4.15049E-1 4.21493E-1 4.31742E-1 4.38338E-1 4.45512E-1 4.30144E-1 4.26501E-1 4.212E-1
3.00633E-1 2.98048E-1 2.95507E-1 2.96874E-1 3.00619E-1 3.03871E-1 3.10693E-1 3.169E-1 3.24748E-1 3.28598E-1 3.32983E-1 3.38123E-1 3.39758E-1 3.40243E-1 3.38538E-1 3.41582E-1 3.4462E-1 3.41391E-1 3.44411E-1 3.55481E-1 3.61288E-1 3.61465E-1 3.67491E-1 3.75236E-1 3.77972E-1 3.68209E-1 3.72422E-1 3.67631E-1 3.66879E-1 3.71975E-1 3.79995E-1 3.80439E-1 3.81853E-1 3.81539E-1 3.90699E-1 4.04301E-1 4.26778E-1 4.56768E-1 4.74895E-1 4.4099E-1 4.30295E-1 4.1101E-1 3.9951E-1 4.00054E-1 4.04179E-1 4.12626E-1 4.17534E-1 4.26238E-1 4.29856E-1 4.25263E-1 4.21987E-1 4.27903E-1 4.32828E-1 4.30779E-1 4.34359E-1 4.40626E-1 4.44671E-1 4.39266E-1 4.35956E-1 4.30345E-1 4.27952E-1
3.11642E-1 3.12257E-1 3.04775E-1 3.05345E-1 3.10443E-1 3.14521E-1 3.20309E-1 3.24646E-1 3.30593E-1 3.33047E-1 3.38317E-1 3.46024E-1 3.48998E-1 3.53957E-1 3.55112E-1 3.4926E-1 3.50863E-1 3.53364E-1 3.48085E-1 3.56048E-1 3.6778E-1 3.73415E-1 3.77793E-1 3.79334E-1 3.8846E-1 3.88723E-1 3.81056E-1 3.79086E-1 3.8108E-1 3.77476E-1 3.82595E-1 3.87681E-1 3.90769E-1 3.88601E-1 3.98163E-1 4.1499E-1 4.3646E-1 4.67387E-1 4.84625E-1 4.53909E-1 4.38931E-1 4.23225E-1 4.10617E-1 4.11087E-1 4.16714E-1 4.20692E-1 4.30321E-1 4.36717E-1 4.41523E-1 4.31695E-1 4.25164E-1 4.29265E-1 4.35769E-1 4.38414E-1 4.46669E-1 4.51179E-1 4.43035E-1 4.43972E-1 4.42723E-1 4.41032E-1 4.41394E-1
3.09256E-1 3.0645E-1 3.05935E-1 3.05439E-1 3.08155E-1 3.15747E-1 3.21951E-1 3.28936E-1 3.38675E-1 3.45059E-1 3.46506E-1 3.50667E-1 3.52419E-1 3.56501E-1 3.59892E-1 3.61457E-1 3.57413E-1 3.55316E-1 3.5133E-1 3.57789E-1 3.70996E-1 3.70964E-1 3.74501E-1 3.84471E-1 3.85016E-1 3.93722E-1 3.97946E-1 3.96882E-1 3.94054E-1 3.89203E-1 3.86535E-1 3.89986E-1 3.90223E-1 3.97851E-1 4.02562E-1 4.1731E-1 4.31204E-1 4.45454E-1 4.47646E-1 4.44807E-1 4.3901E-1 4.27572E-1 4.21691E-1 4.21847E-1 4.25882E-1 4.32299E-1 4.41149E-1 4.48097E-1 4.49693E-1 4.3329E-1 4.31938E-1 4.38709E-1 4.3924E-1 4.50416E-1 4.42957E-1 4.36011E-1 4.3816E-1 4.42913E-1 4.53736E-1 4.55822E-1 4.4984E-1
3.17974E-1 3.15565E-1 3.14154E-1 3.16487E-1 3.17385E-1 3.23185E-1 3.28635E-1 3.33296E-1 3.41644E-1 3.51542E-1 3.56703E-1 3.59398E-1 3.57746E-1 3.57993E-1 3.59107E-1 3.61534E-1 3.61488E-1 3.59964E-1 3.64844E-1 3.67021E-1 3.70948E-1 3.73387E-1 3.809E-1 3.86093E-1 3.90497E-1 3.94673E-1 3.96803E-1 4.1082E-1 4.0748E-1 4.01591E-1 3.93927E-1 3.96427E-1 3.93688E-1 3.98888E-1 4.08282E-1 4.15213E-1 4.25703E-1 4.34091E-1 4.32579E-1 4.37765E-1 4.38696E-1 4.32412E-1 4.3032E-1 4.32666E-1 4.35005E-1 4.41632E-1 4.50128E-1 4.53641E-1 4.56914E-1 4.52266E-1 4.4462E-1 4.43263E-1 4.4859E-1 4.54122E-1 4.43715E-1 4.38422E-1 4.41825E-1 4.49324E-1 4.59437E-1 4.68395E-1 4.68177E-1
3.2307E-1 3.24249E-1 3.24048E-1 3.26128E-1 3.31085E-1 3.35171E-1 3.4118E-1 3.46552E-1 3.51562E-1 3.59585E-1 3.65123E-1 3.67232E-1 3.68543E-1 3.6494E-1 3.62723E-1 3.60818E-1 3.58934E-1 3.69028E-1 3.65264E-1 3.68164E-1 3.73641E-1 3.79671E-1 3.91578E-1 3.97973E-1 3.97024E-1 4.03036E-1 4.16752E-1 4.12814E-1 4.15876E-1 4.17274E-1 4.10385E-1 4.07131E-1 4.06813E-1 4.09642E-1 4.15682E-1 4.18727E-1 4.27243E-1 4.39042E-1 4.39447E-1 4.40929E-1 4.44769E-1 4.48354E-1 4.45413E-1 4.43312E-1 4.43406E-1 4.53771E-1 4.59146E-1 4.6335E-1 4.61935E-1 4.68914E-1 4.67597E-1 4.55147E-1 4.5523E-1 4.60795E-1 4.54387E-1 4.50947E-1 4.56126E-1 4.60617E-1 4.67838E-1 4.76159E-1 4.817E-1
3.2962E-1 3.32467E-1 3.3334E-1 3.37405E-1 3.38641E-1 3.45241E-1 3.56169E-1 3.58631E-1 3.65539E-1 3.68804E-1 3.66912E-1 3.67691E-1 3.70394E-1 3.76086E-1 3.72084E-1 3.64897E-1 3.71967E-1 3.73879E-1 3.71976E-1 3.76202E-1 3.8231E-1 3.86495E-1 3.95433E-1 4.03156E-1 4.0695E-1 4.08698E-1 4.21021E-1 4.29614E-1 4.27904E-1 4.31581E-1 4.27519E-1 4.22372E-1 4.24272E-1 4.26857E-1 4.30956E-1 4.35244E-1 4.39234E-1 4.46101E-1 4.48692E-1 4.50913E-1 4.54912E-1 4.5612E-1 4.49945E-1 4.50864E-1 4.48987E-1 4.57768E-1 4.64742E-1 4.6242E-1 4.66941E-1 4.68406E-1 4.77102E-1 4.79512E-1 4.73191E-1 4.74674E-1 4.66188E-1 4.68481E-1 4.70566E-1 4.75619E-1 4.79905E-1 4.83161E-1 4.86358E-1
3.29918E-1 3.33271E-1 3.38471E-1 3.40556E-1 3.43521E-1 3.47047E-1 3.53885E-1 3.6257E-1 3.70262E-1 3.73092E-1 3.81538E-1 3.76457E-1 3.77646E-1 3.79019E-1 3.77385E-1 3.79323E-1 3.76721E-1 3.89062E-1 3.89364E-1 3.93936E-1 3.9448E-1 4.00712E-1 4.03007E-1 4.11442E-1 4.236E-1 4.1689E-1 4.28254E-1 4.35647E-1 4.40894E-1 4.37046E-1 4.38278E-1 4.41283E-1 4.39876E-1 4.47519E-1 4.47982E-1 4.46824E-1 4.52718E-1 4.517E-1 4.49932E-1 4.60587E-1 4.58344E-1 4.59735E-1 4.59763E-1 4.53397E-1 4.51082E-1 4.56186E-1 4.59946E-1 4.63681E-1 4.69516E-1 4.73628E-1 4.76021E-1 4.81713E-1 4.89926E-1 4.87141E-1 4.8155E-1 4.83114E-1 4.88078E-1 4.92092E-1 4.93227E-1 4.95637E-1 4.96059E-1
3.37667E-1 3.42479E-1 3.49375E-1 3.53345E-1 3.5631E-1 3.61477E-1 3.63678E-1 3.70312E-1 3.74192E-1 3.81286E-1 3.88673E-1 3.91301E-1 3.87543E-1 3.83962E-1 3.81269E-1 3.87818E-1 3.89635E-1 3.88368E-1 3.89445E-1 3.96013E-1 4.04014E-1 4.14425E-1 4.19572E-1 4.25243E-1 4.34297E-1 4.34905E-1 4.42803E-1 4.44431E-1 4.49532E-1 4.51418E-1 4.44132E-1 4.41933E-1 4.45897E-1 4.4567E-1 4.48514E-1 4.52425E-1 4.55778E-1 4.59691E-1 4.59475E-1 4.68292E-1 4.66657E-1 4.67816E-1 4.69762E-1 4.66753E-1 4.58523E-1 4.62629E-1 4.6466E-1 4.69674E-1 4.78386E-1 4.82626E-1 4.89389E-1 4.90342E-1 5.05994E-1 5.0478E-1 4.96096E-1 4.95021E-1 4.9848E-1 5.02007E-1 5.04678E-1 5.05753E-1 5.04264E-1
3.3833E-1 3.44576E-1 3.5346E-1 3.62245E-1 3.67297E-1 3.7261E-1 3.69139E-1 3.68682E-1 3.73681E-1 3.80374E-1 3.92388E-1 4.01816E-1 3.99773E-1 3.94807E-1 3.93738E-1 3.87859E-1 3.83986E-1 3.77616E-1 3.84713E-1 3.95082E-1 3.98507E-1 4.10099E-1 4.17926E-1 4.23129E-1 4.36135E-1 4.43618E-1 4.47984E-1 4.49517E-1 4.45787E-1 4.50552E-1 4.439E-1 4.40416E-1 4.43327E-1 4.44135E-1 4.50141E-1 4.58123E-1 4.62293E-1 4.61104E-1 4.67358E-1 4.69067E-1 4.70572E-1 4.75983E-1 4.81623E-1 4.74828E-1 4.72012E-1 4.7316E-1 4.79917E-1 4.88344E-1 4.8401E-1 4.88923E-1 4.95347E-1 5.06254E-1 5.15248E-1 5.25965E-1 5.26607E-1 5.26112E-1 5.23028E-1 5.1999E-1 5.14199E-1 5.11398E-1 5.09916E-1
3.44849E-1 3.51918E-1 3.61112E-1 3.67209E-1 3.68081E-1 3.69731E-1 3.70677E-1 3.69432E-1 3.70982E-1 3.77489E-1 3.94351E-1 4.0446E-1 3.99893E-1 3.97564E-1 3.93409E-1 3.88298E-1 3.77122E-1 3.79809E-1 3.86041E-1 3.90901E-1 4.03334E-1 4.09403E-1 4.14376E-1 4.21329E-1 4.31084E-1 4.42452E-1 4.44085E-1 4.47108E-1 4.44686E-1 4.47001E-1 4.44682E-1 4.45847E-1 4.47784E-1 4.50929E-1 4.54057E-1 4.63463E-1 4.60809E-1 4.61953E-1 4.69916E-1 4.69467E-1 4.67837E-1 4.72989E-1 4.85442E-1 4.88696E-1 4.85718E-1 4.89697E-1 4.94478E-1 5.01259E-1 5.07815E-1 5.05767E-1 5.09488E-1 5.13252E-1 5.23413E-1 5.32804E-1 5.41508E-1 5.47346E-1 5.45588E-1 5.33891E-1 5.28633E-1 5.2162E-1 5.16207E-1
3.46961E-1 3.51017E-1 3.59058E-1 3.63486E-1 3.68603E-1 3.68661E-1 3.66802E-1 3.69433E-1 3.74914E-1 3.79724E-1 3.93064E-1 4.00322E-1 4.03504E-1 3.98306E-1 3.90587E-1 3.86182E-1 3.83913E-1 3.86187E-1 3.96898E-1 3.99635E-1 4.06888E-1 4.12628E-1 4.15148E-1 4.24722E-1 4.37957E-1 4.48441E-1 4.50854E-1 4.53163E-1 4.51927E-1 4.53134E-1 4.57298E-1 4.53571E-1 4.55706E-1 4.56548E-1 4.58899E-1 4.62377E-1 4.61138E-1 4.6436E-1 4.74341E-1 4.82144E-1 4.76246E-1 4.75757E-1 4.8674E-1 4.95878E-1 4.99769E-1 5.0146E-1 5.00727E-1 5.08893E-1 5.10581E-1 5.18794E-1 5.27266E-1 5.33227E-1 5.41619E-1 5.45197E-1 5.55225E-1 5.58477E-1 5.53245E-1 5.47531E-1 5.39865E-1 5.34328E-1 5.30527E-1
3.50713E-1 3.57424E-1 3.64014E-1 3.7285E-1 3.81137E-1 3.79546E-1 3.78458E-1 3.80659E-1 3.81232E-1 3.8344E-1 3.93413E-1 3.98374E-1 4.03619E-1 4.08037E-1 3.98425E-1 3.91854E-1 4.01021E-1 4.05261E-1 4.06279E-1 4.09035E-1 4.1059E-1 4.14127E-1 4.15511E-1 4.22032E-1 4.36634E-1 4.50014E-1 4.56244E-1 4.58811E-1 4.61439E-1 4.64025E-1 4.67737E-1 4.66647E-1 4.6686E-1 4.73969E-1 4.74683E-1 4.76388E-1 4.72042E-1 4.74321E-1 4.79422E-1 4.88664E-1 4.91905E-1 4.90836E-1 4.97957E-1 5.05459E-1 5.04907E-1 5.03649E-1 5.09438E-1 5.13334E-1 5.13761E-1 5.2414E-1 5.33278E-1 5.41974E-1 5.52808E-1 5.54943E-1 5.6199E-1 5.62787E-1 5.52666E-1 5.58205E-1 5.57303E-1 5.50176E-1 5.41132E-1
3.56534E-1 3.63829E-1 3.7596E-1 3.80586E-1 3.8483E-1 3.86613E-1 3.8893E-1 3.9175E-1 3.92846E-1 3.95594E-1 4.01268E-1 4.04571E-1 4.05761E-1 4.09643E-1 4.04684E-1 4.04806E-1 4.10305E-1 4.09963E-1 4.07292E-1 4.10795E-1 4.15876E-1 4.18775E-1 4.24113E-1 4.29313E-1 4.44721E-1 4.54195E-1 4.62742E-1 4.67096E-1 4.79246E-1 4.83819E-1 4.79772E-1 4.75545E-1 4.77218E-1 4.79445E-1 4.8779E-1 4.97059E-1 5.05274E-1 4.92048E-1 4.9898E-1 5.07186E-1 5.19966E-1 5.15414E-1 5.14868E-1 5.14016E-1 5.07306E-1 5.13616E-1 5.14239E-1 5.13714E-1 5.21828E-1 5.25668E-1 5.40258E-1 5.50061E-1 5.52256E-1 5.57659E-1 5.65609E-1 5.6275E-1 5.56821E-1 5.66969E-1 5.66051E-1 5.58899E-1 5.57018E-1
3.62539E-1 3.72511E-1 3.81641E-1 3.86896E-1 3.9178E-1 3.94221E-1 3.94747E-1 3.94951E-1 3.9915E-1 4.03924E-1 4.06265E-1 4.09059E-1 4.08551E-1 4.10146E-1 4.10484E-1 4.08586E-1 4.08674E-1 4.09817E-1 4.07774E-1 4.2063E-1 4.27539E-1 4.24323E-1 4.32483E-1 4.42438E-1 4.53123E-1 4.63223E-1 4.70649E-1 4.77072E-1 4.8307E-1 4.89489E-1 4.90021E-1 4.94516E-1 4.92032E-1 4.91111E-1 4.95154E-1 4.98334E-1 4.96458E-1 4.91912E-1 4.96496E-1 5.09416E-1 5.23462E-1 5.23543E-1 5.1661E-1 5.18832E-1 5.17149E-1 5.27151E-1 5.26411E-1 5.23812E-1 5.24193E-1 5.30701E-1 5.43562E-1 5.45486E-1 5.52708E-1 5.60267E-1 5.63794E-1 5.73327E-1 5.6791E-1 5.67052E-1 5.69042E-1 5.72819E-1 5.81206E-1
3.67197E-1 3.73035E-1 3.81949E-1 3.88962E-1 3.94561E-1 3.972E-1 4.00582E-1 4.02557E-1 4.05406E-1 4.08483E-1 4.14351E-1 4.16813E-1 4.18849E-1 4.19514E-1 4.23443E-1 4.20869E-1 4.25152E-1 4.18848E-1 4.26814E-1 4.29925E-1 4.34693E-1 4.38911E-1 4.48619E-1 4.59053E-1 4.70213E-1 4.7177E-1 4.75682E-1 4.8664E-1 4.90655E-1 4.98126E-1 5.03186E-1 5.00078E-1 4.98332E-1 4.97184E-1 5.01615E-1 4.94486E-1 4.93431E-1 4.97402E-1 5.00587E-1 5.08722E-1 5.13875E-1 5.18449E-1 5.24547E-1 5.31807E-1 5.37231E-1 5.44027E-1 5.37894E-1 5.34728E-1 5.33837E-1 5.3611E-1 5.41998E-1 5.44754E-1 5.49001E-1 5.55824E-1 5.50505E-1 5.64503E-1 5.69475E-1 5.82101E-1 5.82467E-1 5.85923E-1 5.96453E-1
3.68187E-1 3.73468E-1 3.80361E-1 3.8894E-1 3.95456E-1 4.00914E-1 4.05836E-1 4.10905E-1 4.13521E-1 4.22826E-1 4.23464E-1 4.27405E-1 4.40908E-1 4.39264E-1 4.36376E-1 4.38412E-1 4.33366E-1 4.26574E-1 4.38191E-1 4.44611E-1 4.42454E-1 4.51058E-1 4.66986E-1 4.70534E-1 4.80464E-1 4.88249E-1 4.88582E-1 4.9399E-1 5.01014E-1 5.08297E-1 5.10508E-1 5.06774E-1 5.05881E-1 5.02317E-1 5.07193E-1 4.98417E-1 5.01724E-1 5.01859E-1 5.04121E-1 5.16975E-1 5.15769E-1 5.17404E-1 5.34371E-1 5.40189E-1 5.44794E-1 5.42682E-1 5.36783E-1 5.34982E-1 5.3715E-1 5.38886E-1 5.44144E-1 5.44088E-1 5.48072E-1 5.50622E-1 5.52054E-1 5.57846E-1 5.70785E-1 5.7594E-1 5.91477E-1 6.12603E-1 6.26012E-1
3.67452E-1 3.75383E-1 3.85008E-1 3.8952E-1 3.98205E-1 4.04769E-1 4.08256E-1 4.14852E-1 4.21137E-1 4.262E-1 4.35684E-1 4.4017E-1 4.50396E-1 4.51667E-1 4.48865E-1 4.47558E-1 4.43044E-1 4.37623E-1 4.50281E-1 4.55792E-1 4.58235E-1 4.68129E-1 4.82545E-1 4.85991E-1 4.89289E-1 5.02808E-1 5.00561E-1 4.98668E-1 5.06239E-1 5.15233E-1 5.15408E-1 5.15701E-1 5.16227E-1 5.12834E-1 5.26105E-1 5.14264E-1 5.06021E-1 5.11311E-1 5.14223E-1 5.19408E-1 5.16038E-1 5.22749E-1 5.33342E-1 5.37482E-1 5.39917E-1 5.32556E-1 5.28338E-1 5.31248E-1 5.37105E-1 5.42649E-1 5.48249E-1 5.55831E-1 5.50116E-1 5.57624E-1 5.66163E-1 5.66914E-1 5.73035E-1 5.85942E-1 5.97032E-1 6.22735E-1 6.39785E-1
3.83017E-1 3.8822E-1 3.9941E-1 4.06122E-1 4.07363E-1 4.10864E-1 4.13982E-1 4.2187E-1 4.29994E-1 4.36231E-1 4.39959E-1 4.45747E-1 4.55521E-1 4.58217E-1 4.60102E-1 4.58162E-1 4.54638E-1 4.52488E-1 4.59627E-1 4.69955E-1 4.74771E-1 4.80722E-1 4.92397E-1 5.0417E-1 5.06044E-1 5.05596E-1 5.08895E-1 5.11749E-1 5.1778E-1 5.21403E-1 5.20336E-1 5.27127E-1 5.21636E-1 5.21737E-1 5.23566E-1 5.19122E-1 5.23499E-1 5.2644E-1 5.22788E-1 5.28069E-1 5.27705E-1 5.24857E-1 5.33337E-1 5.31801E-1 5.27443E-1 5.31228E-1 5.33542E-1 5.47416E-1 5.54226E-1 5.56722E-1 5.58469E-1 5.67378E-1 5.72194E-1 5.77796E-1 5.86557E-1 5.85406E-1 5.94345E-1 6.0935E-1 6.19005E-1 6.31017E-1 6.54414E-1
4.04555E-1 4.0343E-1 4.05059E-1 4.11064E-1 4.22018E-1 4.31073E-1 4.33205E-1 4.39195E-1 4.43364E-1 4.48499E-1 4.55378E-1 4.60179E-1 4.59414E-1 4.63785E-1 4.68957E-1 4.71347E-1 4.65668E-1 4.68437E-1 4.75137E-1 4.80199E-1 4.9045E-1 5.0083E-1 5.11659E-1 5.14187E-1 5.16908E-1 5.1402E-1 5.20245E-1 5.2286E-1 5.29489E-1 5.32601E-1 5.32891E-1 5.29883E-1 5.20761E-1 5.14792E-1 5.20629E-1 5.22083E-1 5.31402E-1 5.30362E-1 5.29288E-1 5.27997E-1 5.24142E-1 5.26848E-1 5.34381E-1 5.30673E-1 5.34161E-1 5.29516E-1 5.3307E-1 5.46004E-1 5.67044E-1 5.76862E-1 5.72779E-1 5.77333E-1 5.88002E-1 6.00756E-1 6.01648E-1 6.08057E-1 6.14941E-1 6.31024E-1 6.39303E-1 6.51311E-1 6.63954E-1
4.15187E-1 4.14963E-1 4.18357E-1 4.23533E-1 4.27761E-1 4.39442E-1 4.49382E-1 4.52802E-1 4.53227E-1 4.58428E-1 4.66702E-1 4.73955E-1 4.74189E-1 4.72869E-1 4.77879E-1 4.81532E-1 4.72821E-1 4.82677E-1 4.96612E-1 5.04066E-1 5.13782E-1 5.20072E-1 5.23954E-1 5.33672E-1 5.26051E-1 5.24996E-1 5.34315E-1 5.35913E-1 5.4453E-1 5.4576E-1 5.39056E-1 5.3367E-1 5.22941E-1 5.1431E-1 5.11013E-1 5.1547E-1 5.30775E-1 5.3353E-1 5.29682E-1 5.29091E-1 5.28748E-1 5.33666E-1 5.39598E-1 5.454E-1 5.46514E-1 5.45005E-1 5.47977E-1 5.5711E-1 5.7324E-1 5.84112E-1 5.95233E-1 5.92224E-1 6.03079E-1 6.10477E-1 6.24273E-1 6.29197E-1 6.42121E-1 6.39542E-1 6.48217E-1 6.47356E-1 6.60994E-1
4.2181E-1 4.21986E-1 4.24701E-1 4.34481E-1 4.46122E-1 4.53967E-1 4.63049E-1 4.66663E-1 4.60498E-1 4.6589E-1 4.71442E-1 4.79445E-1 4.84423E-1 4.86377E-1 4.8312E-1 4.92225E-1 4.90532E-1 4.85832E-1 5.0576E-1 5.25455E-1 5.38516E-1 5.45528E-1 5.40659E-1 5.5045E-1 5.44808E-1 5.40733E-1 5.49319E-1 5.57676E-1 5.59639E-1 5.54172E-1 5.51548E-1 5.4032E-1 5.26753E-1 5.12304E-1 5.15357E-1 5.27691E-1 5.4402E-1 5.44603E-1 5.49622E-1 5.49009E-1 5.44694E-1 5.48998E-1 5.62337E-1 5.64602E-1 5.69181E-1 5.63206E-1 5.67938E-1 5.71637E-1 5.84702E-1 5.96079E-1 6.08229E-1 6.1747E-1 6.12059E-1 6.28143E-1 6.35917E-1 6.49492E-1 6.3424E-1 6.41033E-1 6.50992E-1 6.45625E-1 6.55353E-1
4.28061E-1 4.35572E-1 4.39332E-1 4.40849E-1 4.5191E-1 4.60793E-1 4.67978E-1 4.78519E-1 4.72209E-1 4.74753E-1 4.82981E-1 4.88745E-1 4.9626E-1 5.00954E-1 5.02448E-1 5.18043E-1 5.16406E-1 5.08945E-1 5.24428E-1 5.4101E-1 5.53753E-1 5.62282E-1 5.56964E-1 5.69954E-1 5.6462E-1 5.66077E-1 5.71048E-1 5.7032E-1 5.8062E-1 5.6859E-1 5.60051E-1 5.5336E-1 5.39357E-1 5.28421E-1 5.40639E-1 5.59363E-1 5.59433E-1 5.64466E-1 5.68531E-1 5.67057E-1 5.62786E-1 5.64754E-1 5.73301E-1 5.78132E-1 5.83129E-1 5.7964E-1 5.87897E-1 5.95617E-1 6.00763E-1 6.15218E-1 6.24281E-1 6.40625E-1 6.43308E-1 6.51319E-1 6.55014E-1 6.48105E-1 6.46753E-1 6.52124E-1 6.65654E-1 6.62632E-1 6.73777E-1
4.27803E-1 4.31813E-1 4.43971E-1 4.54966E-1 4.54892E-1 4.63591E-1 4.66006E-1 4.68681E-1 4.71895E-1 4.82363E-1 4.89545E-1 4.9785E-1 5.03372E-1 5.11212E-1 5.20638E-1 5.28337E-1 5.34739E-1 5.31751E-1 5.42979E-1 5.56261E-1 5.62894E-1 5.72744E-1 5.70706E-1 5.9445E-1 5.81292E-1 5.83815E-1 5.93205E-1 6.02628E-1 5.95721E-1 5.83109E-1 5.80599E-1 5.73994E-1 5.6413E-1 5.55434E-1 5.73223E-1 5.89492E-1 5.96477E-1 5.855E-1 5.89014E-1 5.91537E-1 5.91692E-1 5.97008E-1 5.89987E-1 6.00114E-1 5.95229E-1 5.97828E-1 6.06565E-1 6.11471E-1 6.17258E-1 6.32608E-1 6.46222E-1 6.59866E-1 6.70236E-1 6.82873E-1 6.79597E-1 6.63444E-1 6.52218E-1 6.65912E-1 6.80098E-1 6.8749E-1 6.96647E-1
4.30029E-1 4.34321E-1 4.44209E-1 4.57311E-1 4.67039E-1 4.70633E-1 4.76469E-1 4.75576E-1 4.80865E-1 4.91707E-1 4.96934E-1 5.06069E-1 5.10864E-1 5.18036E-1 5.29085E-1 5.38681E-1 5.47076E-1 5.53913E-1 5.56299E-1 5.67468E-1 5.76019E-1 5.75033E-1 5.85791E-1 5.95091E-1 5.9382E-1 5.99046E-1 6.1218E-1 6.0843E-1 5.97278E-1 5.83671E-1 5.84161E-1 5.80988E-1 5.80799E-1 6.02913E-1 5.96731E-1 5.85412E-1 5.75312E-1 5.86734E-1 5.93819E-1 6.0814E-1 6.23579E-1 6.38162E-1 6.16409E-1 6.4039E-1 6.14557E-1 6.1558E-1 6.28106E-1 6.38501E-1 6.42325E-1 6.57816E-1 6.71863E-1 6.82067E-1 7.02544E-1 7.13665E-1 7.00223E-1 6.79265E-1 6.74109E-1 6.84372E-1 6.92402E-1 7.01177E-1 7.12898E-1
4.24862E-1 4.35953E-1 4.44781E-1 4.55475E-1 4.6265E-1 4.69517E-1 4.79837E-1 4.92006E-1 4.94506E-1 4.96092E-1 5.0436E-1 5.11662E-1 5.18291E-1 5.248E-1 5.35135E-1 5.43093E-1 5.52489E-1 5.63439E-1 5.78025E-1 5.77301E-1 5.73579E-1 5.83768E-1 5.89845E-1 5.9797E-1 6.0204E-1 6.19322E-1 6.18985E-1 6.07799E-1 6.0425E-1 5.98382E-1 5.87927E-1 5.86722E-1 5.99437E-1 6.05947E-1 5.97214E-1 5.95508E-1 5.8978E-1 5.92985E-1 6.00947E-1 6.03397E-1 6.11559E-1 6.23545E-1 6.31435E-1 6.48379E-1 6.34492E-1 6.30477E-1 6.4285E-1 6.57104E-1 6.69735E-1 6.82444E-1 6.96183E-1 7.06396E-1 7.21891E-1 7.17947E-1 7.03067E-1 6.96891E-1 6.96123E-1 6.99991E-1 7.02202E-1 7.13252E-1 7.10252E-1
4.30972E-1 4.36123E-1 4.44788E-1 4.54869E-1 4.63276E-1 4.76827E-1 4.87678E-1 4.94122E-1 5.03197E-1 5.08147E-1 5.13438E-1 5.23841E-1 5.2784E-1 5.39991E-1 5.4489E-1 5.52245E-1 5.57602E-1 5.67867E-1 5.75206E-1 5.76635E-1 5.78054E-1 5.85296E-1 5.91442E-1 6.06938E-1 6.14279E-1 6.33181E-1 6.25374E-1 6.19815E-1 6.18242E-1 6.09336E-1 6.05965E-1 6.02924E-1 6.06218E-1 6.06399E-1 6.02496E-1 6.03859E-1 5.92125E-1 6.01069E-1 6.11941E-1 6.10236E-1 6.13569E-1 6.2808E-1 6.44526E-1 6.44551E-1 6.54817E-1 6.50271E-1 6.53489E-1 6.66779E-1 6.85692E-1 7.00153E-1 7.21318E-1 7.17523E-1 7.22272E-1 7.17379E-1 7.16289E-1 7.15177E-1 7.15189E-1 7.12941E-1 7.14672E-1 7.25117E-1 7.21731E-1
