maxent_outputs/hummingbirds/hummingbird_120.asc
ncols         426
nrows         180
xllcorner     -130.0
yllcorner     24.0
cellsize      0.16666666666666666
NODATA_value  -9999
[rows 27 to 53 of 180, columns 122 to 182 of 426]
2.58092E-1 2.53895E-1 2.4764E-1 2.54007E-1 2.77416E-1 2.82854E-1 2.70173E-1 2.74177E-1 2.74227E-1 2.65165E-1 2.5882E-1 2.50486E-1 2.51679E-1 2.78166E-1 2.89392E-1 2.85759E-1 2.83801E-1 2.75792E-1 2.78995E-1 2.83731E-1 2.89337E-1 2.91492E-1 2.90978E-1 2.95607E-1 2.88359E-1 3.08861E-1 2.78115E-1 2.7385E-1 2.89662E-1 3.04755E-1 3.00708E-1 2.99756E-1 2.9644E-1 2.86062E-1 2.76835E-1 2.72007E-1 2.66651E-1 2.6491E-1 2.61896E-1 2.58407E-1 2.54641E-1 2.51898E-1 2.48528E-1 2.4863E-1 2.50005E-1 2.49515E-1 2.45106E-1 2.48228E-1 2.51353E-1 2.5367E-1 2.55132E-1 2.54186E-1 2.53988E-1 2.56768E-1 2.62035E-1 2.60264E-1 2.56071E-1 2.52649E-1 2.53996E-1 2.52085E-1 2.52567E-1
2.36457E-1 2.40856E-1 2.47452E-1 2.56102E-1 2.741E-1 2.73676E-1 2.65593E-1 2.627E-1 2.63595E-1 2.62948E-1 2.55364E-1 2.55243E-1 2.48348E-1 2.485E-1 2.55663E-1 2.72502E-1 2.75309E-1 2.71397E-1 2.70953E-1 2.73945E-1 2.85779E-1 2.85927E-1 2.86465E-1 3.00488E-1 3.09563E-1 2.7674E-1 2.56447E-1 2.54449E-1 2.80002E-1 2.79665E-1 2.92547E-1 2.89603E-1 2.8237E-1 2.82191E-1 2.8225E-1 2.73053E-1 2.68319E-1 2.66266E-1 2.65029E-1 2.60324E-1 2.58188E-1 2.56652E-1 2.56301E-1 2.54107E-1 2.54835E-1 2.5436E-1 2.50998E-1 2.47833E-1 2.50813E-1 2.54315E-1 2.4862E-1 2.48496E-1 2.50032E-1 2.51898E-1 2.51761E-1 2.55849E-1 2.57813E-1 2.51305E-1 2.48096E-1 2.51232E-1 2.52364E-1
2.38377E-1 2.46402E-1 2.44112E-1 2.59786E-1 2.80193E-1 2.84846E-1 2.8116E-1 2.72253E-1 2.68344E-1 2.61555E-1 2.60286E-1 2.63249E-1 2.52508E-1 2.48181E-1 2.51732E-1 2.45865E-1 2.41817E-1 2.39536E-1 2.44862E-1 2.56994E-1 2.71059E-1 2.81273E-1 2.76693E-1 2.5709E-1 2.86982E-1 3.08817E-1 3.36349E-1 2.89293E-1 2.5413E-1 2.74847E-1 2.64689E-1 2.61604E-1 2.69729E-1 2.70643E-1 2.70789E-1 2.74333E-1 2.76073E-1 2.67425E-1 2.65005E-1 2.67462E-1 2.6681E-1 2.61496E-1 2.59047E-1 2.57184E-1 2.58134E-1 2.58644E-1 2.56683E-1 2.55572E-1 2.48495E-1 2.5301E-1 2.47544E-1 2.47704E-1 2.47344E-1 2.46911E-1 2.48696E-1 2.56291E-1 2.57987E-1 2.60648E-1 2.59956E-1 2.56995E-1 2.52898E-1
2.66279E-1 2.55626E-1 2.54919E-1 2.6308E-1 2.79625E-1 2.93329E-1 2.96311E-1 2.91398E-1 2.90084E-1 2.80625E-1 2.72958E-1 2.69403E-1 2.62232E-1 2.64876E-1 2.67715E-1 2.54217E-1 2.46401E-1 2.44551E-1 2.54134E-1 2.7321E-1 2.74676E-1 2.71293E-1 2.57105E-1 2.66263E-1 2.67132E-1 2.99738E-1 3.07564E-1 2.52625E-1 2.39892E-1 3.09457E-1 2.99863E-1 2.8373E-1 2.77437E-1 2.74289E-1 2.66374E-1 2.65738E-1 2.6486E-1 2.68949E-1 2.67232E-1 2.73993E-1 2.76117E-1 2.69945E-1 2.67003E-1 2.63189E-1 2.60642E-1 2.61442E-1 2.6096E-1 2.62035E-1 2.57397E-1 2.55487E-1 2.53609E-1 2.50025E-1 2.49601E-1 2.44559E-1 2.42303E-1 2.49743E-1 2.5075E-1 2.49711E-1 2.5234E-1 2.62503E-1 2.57165E-1
3.02385E-1 2.96903E-1 2.8978E-1 2.84906E-1 2.93044E-1 2.98689E-1 3.01564E-1 3.0031E-1 3.02611E-1 3.01048E-1 2.89017E-1 2.83123E-1 2.66971E-1 2.59745E-1 2.69574E-1 2.6226E-1 2.58418E-1 2.57973E-1 2.57467E-1 2.64828E-1 2.77089E-1 2.71415E-1 2.64708E-1 2.59933E-1 2.37866E-1 2.51205E-1 2.97068E-1 2.78948E-1 2.35763E-1 2.52332E-1 2.67497E-1 2.72706E-1 2.82607E-1 2.81641E-1 2.6987E-1 2.66612E-1 2.60783E-1 2.624E-1 2.65675E-1 2.66606E-1 2.64038E-1 2.64263E-1 2.65149E-1 2.67323E-1 2.645E-1 2.67499E-1 2.65245E-1 2.62624E-1 2.62313E-1 2.59159E-1 2.61347E-1 2.55067E-1 2.53805E-1 2.48775E-1 2.44378E-1 2.43084E-1 2.42343E-1 2.41268E-1 2.40982E-1 2.48361E-1 2.47409E-1
3.24789E-1 3.2403E-1 3.21224E-1 3.13393E-1 3.07593E-1 3.04204E-1 3.00447E-1 2.97262E-1 2.94366E-1 2.89968E-1 2.94925E-1 2.92888E-1 2.75675E-1 2.66791E-1 2.63617E-1 2.70227E-1 2.73166E-1 2.74761E-1 2.67215E-1 2.68751E-1 2.73102E-1 2.7369E-1 2.67733E-1 2.65834E-1 2.49833E-1 2.86531E-1 2.88623E-1 2.90595E-1 2.66404E-1 2.53027E-1 2.70671E-1 2.80655E-1 2.8413E-1 2.84166E-1 2.7965E-1 2.78321E-1 2.6952E-1 2.59523E-1 2.58957E-1 2.6287E-1 2.59212E-1 2.56857E-1 2.54039E-1 2.56647E-1 2.5892E-1 2.63545E-1 2.63019E-1 2.63077E-1 2.69054E-1 2.7069E-1 2.68338E-1 2.59445E-1 2.52923E-1 2.55656E-1 2.5415E-1 2.48789E-1 2.45225E-1 2.43033E-1 2.44771E-1 2.56571E-1 2.53228E-1
3.55663E-1 3.54638E-1 3.51792E-1 3.45695E-1 3.29014E-1 3.17215E-1 3.03111E-1 2.99921E-1 2.92454E-1 2.88945E-1 2.9691E-1 2.88635E-1 2.85348E-1 2.98447E-1 2.89575E-1 2.85108E-1 2.78203E-1 2.79628E-1 2.77535E-1 2.82872E-1 2.80741E-1 2.81582E-1 2.73738E-1 2.62887E-1 2.39297E-1 2.45819E-1 2.84916E-1 2.62633E-1 2.44152E-1 2.66671E-1 2.82577E-1 2.84497E-1 2.82067E-1 2.83929E-1 2.83085E-1 2.85504E-1 2.76214E-1 2.63251E-1 2.58305E-1 2.55265E-1 2.57795E-1 2.54817E-1 2.54789E-1 2.53566E-1 2.52037E-1 2.52494E-1 2.58667E-1 2.56199E-1 2.5627E-1 2.6544E-1 2.70451E-1 2.64866E-1 2.57422E-1 2.50245E-1 2.5269E-1 2.56488E-1 2.65486E-1 2.50508E-1 2.47501E-1 2.53189E-1 2.57809E-1
3.56237E-1 3.56954E-1 3.60979E-1 3.69824E-1 3.54286E-1 3.46502E-1 3.31784E-1 3.18256E-1 3.0861E-1 3.0502E-1 2.96907E-1 2.98679E-1 3.10442E-1 3.07842E-1 3.08231E-1 3.06027E-1 2.96167E-1 2.84115E-1 2.85108E-1 2.85174E-1 2.80481E-1 2.83258E-1 2.78167E-1 2.74971E-1 2.76532E-1 2.87177E-1 2.90841E-1 2.92313E-1 2.83735E-1 2.8251E-1 2.81098E-1 2.79863E-1 2.81822E-1 2.82683E-1 2.83789E-1 2.82826E-1 2.75449E-1 2.6524E-1 2.61633E-1 2.58316E-1 2.51447E-1 2.52599E-1 2.54979E-1 2.54608E-1 2.5258E-1 2.49251E-1 2.50473E-1 2.54479E-1 2.56278E-1 2.61412E-1 2.71194E-1 2.71338E-1 2.62E-1 2.59014E-1 2.57535E-1 2.56577E-1 2.57623E-1 2.56999E-1 2.54646E-1 2.6249E-1 2.66044E-1
3.40881E-1 3.45938E-1 3.48013E-1 3.4469E-1 3.39592E-1 3.41988E-1 3.59074E-1 3.57863E-1 3.34299E-1 3.22555E-1 3.0876E-1 3.02504E-1 3.03024E-1 3.0512E-1 3.16244E-1 3.16839E-1 3.08498E-1 2.99048E-1 2.93789E-1 2.97728E-1 2.8982E-1 2.84906E-1 2.83664E-1 2.84744E-1 2.93195E-1 2.93316E-1 2.95301E-1 2.91776E-1 2.912E-1 2.88351E-1 2.83804E-1 2.87443E-1 2.91113E-1 2.83127E-1 2.82876E-1 2.92425E-1 2.87142E-1 2.86288E-1 2.879E-1 2.81391E-1 2.84495E-1 2.76611E-1 2.70591E-1 2.56547E-1 2.52579E-1 2.48769E-1 2.52653E-1 2.49976E-1 2.55859E-1 2.63096E-1 2.65681E-1 2.68144E-1 2.68207E-1 2.68336E-1 2.68563E-1 2.66777E-1 2.67445E-1 2.66429E-1 2.63216E-1 2.57911E-1 2.54517E-1
3.20078E-1 3.21998E-1 3.4422E-1 3.50655E-1 3.40374E-1 3.36418E-1 3.73421E-1 3.75726E-1 3.54891E-1 3.34569E-1 3.23362E-1 3.15198E-1 3.1978E-1 3.23468E-1 3.28514E-1 3.33382E-1 3.25507E-1 3.23262E-1 3.45704E-1 3.50474E-1 3.11154E-1 3.01121E-1 2.86556E-1 2.7892E-1 2.756E-1 2.8616E-1 2.79886E-1 2.90923E-1 3.0051E-1 3.0451E-1 2.98793E-1 2.95675E-1 2.94797E-1 2.89033E-1 2.95699E-1 2.78872E-1 2.77247E-1 2.75819E-1 2.67649E-1 2.64472E-1 2.63921E-1 2.79168E-1 2.82855E-1 2.91547E-1 2.74563E-1 2.52692E-1 2.55623E-1 2.56129E-1 2.55981E-1 2.60288E-1 2.69933E-1 2.6757E-1 2.67941E-1 2.69099E-1 2.71067E-1 2.69071E-1 2.63344E-1 2.67293E-1 2.58396E-1 2.52349E-1 2.5539E-1
3.3259E-1 3.40881E-1 3.46231E-1 3.4574E-1 3.51209E-1 3.4625E-1 3.44422E-1 3.48375E-1 3.43523E-1 3.29042E-1 3.30507E-1 3.25213E-1 3.26601E-1 3.41601E-1 3.3486E-1 3.41092E-1 3.48976E-1 3.51459E-1 3.41373E-1 3.23028E-1 3.11629E-1 2.97739E-1 2.94592E-1 2.85269E-1 2.90632E-1 2.96122E-1 2.86666E-1 2.97957E-1 3.07329E-1 3.12715E-1 3.08762E-1 3.01127E-1 2.91089E-1 3.0265E-1 2.70812E-1 2.7637E-1 2.75737E-1 2.7467E-1 2.74283E-1 2.7297E-1 2.71316E-1 2.76707E-1 2.89229E-1 2.93248E-1 3.03511E-1 2.56501E-1 2.55353E-1 2.55942E-1 2.56831E-1 2.60982E-1 2.63488E-1 2.57793E-1 2.50877E-1 2.62029E-1 2.69155E-1 2.67254E-1 2.6298E-1 2.56376E-1 2.52721E-1 2.52049E-1 2.52944E-1
3.52248E-1 3.38217E-1 3.18732E-1 3.4051E-1 3.49844E-1 3.46086E-1 3.42803E-1 3.41518E-1 3.3729E-1 3.34893E-1 3.30692E-1 3.42308E-1 3.49862E-1 3.48249E-1 3.36749E-1 3.39443E-1 3.40032E-1 3.26845E-1 3.16898E-1 3.16026E-1 3.10855E-1 2.95543E-1 2.90475E-1 2.89684E-1 2.91381E-1 2.88926E-1 2.861E-1 3.17387E-1 3.20856E-1 3.21975E-1 3.1188E-1 3.05418E-1 3.01233E-1 2.70324E-1 2.58276E-1 2.69085E-1 2.80826E-1 2.89382E-1 2.84182E-1 2.88062E-1 2.91976E-1 2.89896E-1 2.84277E-1 2.92023E-1 3.0644E-1 2.93469E-1 2.73395E-1 2.72898E-1 2.86539E-1 2.95833E-1 2.85446E-1 2.70841E-1 2.54076E-1 2.52968E-1 2.5934E-1 2.62057E-1 2.60987E-1 2.5616E-1 2.55449E-1 2.51193E-1 2.49565E-1
3.63355E-1 3.60073E-1 3.57971E-1 3.64321E-1 3.56387E-1 3.51377E-1 3.37993E-1 3.37023E-1 3.3728E-1 3.41351E-1 3.38098E-1 3.32566E-1 3.26209E-1 3.19157E-1 3.10854E-1 3.1141E-1 3.11577E-1 3.06823E-1 3.06646E-1 3.11755E-1 3.09566E-1 2.99696E-1 2.89019E-1 2.89696E-1 2.885E-1 2.9356E-1 3.04273E-1 3.1318E-1 3.36324E-1 3.34635E-1 2.97901E-1 3.09861E-1 2.9763E-1 2.7477E-1 2.75365E-1 2.91401E-1 2.94573E-1 2.87832E-1 2.75973E-1 2.77809E-1 2.81219E-1 2.85742E-1 2.77587E-1 2.79524E-1 2.80016E-1 2.74458E-1 2.81081E-1 2.8265E-1 2.70119E-1 2.75014E-1 2.65329E-1 2.60759E-1 2.59572E-1 2.62888E-1 2.5914E-1 2.56899E-1 2.61812E-1 2.6036E-1 2.59706E-1 2.54044E-1 2.52831E-1
3.61488E-1 3.61189E-1 3.68415E-1 3.78658E-1 3.68203E-1 3.60762E-1 3.4273E-1 3.40723E-1 3.43614E-1 3.46223E-1 3.4252E-1 3.27568E-1 3.21581E-1 3.21395E-1 3.16308E-1 3.11672E-1 3.13282E-1 3.12421E-1 3.15643E-1 3.15625E-1 3.06076E-1 2.99742E-1 2.95942E-1 2.93862E-1 2.96068E-1 3.02737E-1 3.07337E-1 3.14907E-1 2.96105E-1 2.16909E-1 2.88961E-1 3.04619E-1 2.7517E-1 2.99131E-1 2.97648E-1 2.97456E-1 2.98032E-1 2.90975E-1 2.78375E-1 2.81481E-1 2.83883E-1 2.84963E-1 2.82554E-1 2.82334E-1 2.83506E-1 2.85016E-1 2.81541E-1 2.83699E-1 2.82134E-1 2.82683E-1 2.85903E-1 2.80359E-1 2.73458E-1 2.67218E-1 2.627E-1 2.65196E-1 2.57197E-1 2.51762E-1 2.54077E-1 2.50485E-1 2.49116E-1
3.50692E-1 3.43812E-1 3.67398E-1 3.66969E-1 3.61677E-1 3.59815E-1 3.58487E-1 3.40124E-1 3.31554E-1 3.32616E-1 3.39444E-1 3.24692E-1 3.11576E-1 3.21832E-1 3.30192E-1 3.26203E-1 3.28476E-1 3.143E-1 3.06104E-1 3.0598E-1 3.04886E-1 3.01483E-1 2.97256E-1 3.0155E-1 2.98999E-1 3.04597E-1 3.02272E-1 3.03462E-1 2.53153E-1 2.77375E-1 2.33813E-1 3.01625E-1 3.06784E-1 3.11139E-1 3.02899E-1 2.98502E-1 2.96105E-1 2.84126E-1 2.76803E-1 2.78656E-1 2.85463E-1 2.92933E-1 2.94007E-1 2.84116E-1 2.77546E-1 2.80998E-1 2.82707E-1 2.80232E-1 2.79136E-1 2.7922E-1 2.85884E-1 2.84004E-1 2.8254E-1 2.65417E-1 2.62551E-1 2.60274E-1 2.58866E-1 2.64265E-1 2.53772E-1 2.58696E-1 2.48817E-1
3.61369E-1 3.6762E-1 3.65767E-1 3.73955E-1 3.74969E-1 3.63893E-1 3.63613E-1 3.47656E-1 3.50238E-1 3.5007E-1 3.35972E-1 3.11236E-1 3.06227E-1 3.11159E-1 3.12481E-1 3.15664E-1 3.09973E-1 3.04845E-1 3.07478E-1 3.10618E-1 3.09445E-1 3.05462E-1 3.01018E-1 3.072E-1 2.75468E-1 2.5456E-1 2.48272E-1 2.80869E-1 2.79281E-1 2.53225E-1 2.10749E-1 2.48926E-1 3.21868E-1 3.06569E-1 3.02183E-1 2.97553E-1 2.94079E-1 2.85592E-1 2.85047E-1 2.85724E-1 2.84422E-1 2.85558E-1 2.93077E-1 2.9455E-1 2.97322E-1 2.971E-1 2.88714E-1 2.80793E-1 2.78612E-1 2.82112E-1 2.85312E-1 2.88532E-1 2.93366E-1 2.74311E-1 2.66293E-1 2.64524E-1 2.60968E-1 2.60879E-1 2.58082E-1 2.61343E-1 2.49307E-1
3.66267E-1 3.72634E-1 3.74851E-1 3.81241E-1 3.689E-1 3.48694E-1 3.57455E-1 3.57149E-1 3.64641E-1 3.54957E-1 3.51128E-1 3.33846E-1 3.33487E-1 3.16908E-1 3.06623E-1 3.07101E-1 3.01722E-1 2.9292E-1 2.98975E-1 3.04576E-1 3.04401E-1 2.98016E-1 3.0331E-1 2.96512E-1 2.87573E-1 2.67674E-1 2.52781E-1 2.40091E-1 2.29257E-1 2.44744E-1 2.47255E-1 2.4561E-1 3.14537E-1 3.08549E-1 3.02967E-1 2.92478E-1 2.95627E-1 2.92401E-1 2.91464E-1 2.90201E-1 2.95645E-1 2.9256E-1 2.95283E-1 2.99047E-1 2.93931E-1 2.87904E-1 2.88548E-1 2.87159E-1 2.90638E-1 2.84772E-1 2.91975E-1 2.957E-1 2.95768E-1 2.98845E-1 2.74465E-1 2.66489E-1 2.63894E-1 2.70531E-1 2.66873E-1 2.65333E-1 2.59645E-1
3.63848E-1 3.64997E-1 3.674E-1 3.65008E-1 3.59074E-1 3.45728E-1 3.49004E-1 3.58439E-1 3.67197E-1 3.62994E-1 3.59874E-1 3.58013E-1 3.44244E-1 3.19533E-1 3.05404E-1 3.06027E-1 3.06164E-1 3.00184E-1 3.07316E-1 3.12936E-1 3.03915E-1 3.02552E-1 3.05289E-1 2.95485E-1 2.9842E-1 2.87146E-1 2.63583E-1 2.63582E-1 2.34218E-1 2.69101E-1 2.85964E-1 2.64404E-1 2.93254E-1 2.98498E-1 2.82512E-1 2.7679E-1 2.87328E-1 2.83736E-1 2.86073E-1 2.90891E-1 2.87488E-1 2.86526E-1 2.87628E-1 2.94307E-1 3.00501E-1 3.03369E-1 2.97778E-1 2.81724E-1 2.78214E-1 2.86722E-1 2.90608E-1 2.95068E-1 2.93406E-1 2.93192E-1 2.94939E-1 2.63014E-1 2.59415E-1 2.62097E-1 2.64849E-1 2.63011E-1 2.66654E-1
3.73846E-1 3.66342E-1 3.63188E-1 3.62123E-1 3.5991E-1 3.56049E-1 3.60069E-1 3.73696E-1 3.84173E-1 3.79722E-1 3.66195E-1 3.44437E-1 3.43577E-1 3.2501E-1 3.10729E-1 3.13254E-1 3.16855E-1 3.12794E-1 3.13452E-1 3.11395E-1 3.1816E-1 3.15391E-1 3.17665E-1 3.17556E-1 3.28072E-1 3.1922E-1 2.8758E-1 3.1649E-1 3.13609E-1 2.73462E-1 2.80982E-1 2.96951E-1 2.84865E-1 2.81729E-1 2.79028E-1 2.76248E-1 2.86512E-1 2.85918E-1 3.00838E-1 2.9394E-1 2.97094E-1 2.95306E-1 2.92872E-1 2.93045E-1 2.97682E-1 2.97415E-1 2.99775E-1 2.9312E-1 2.83928E-1 2.96471E-1 3.03814E-1 2.86697E-1 2.82197E-1 2.76495E-1 2.86593E-1 2.59825E-1 2.53459E-1 2.53536E-1 2.56805E-1 2.63928E-1 2.6153E-1
3.72237E-1 3.68223E-1 3.65609E-1 3.62611E-1 3.52228E-1 3.59531E-1 3.65449E-1 3.63737E-1 3.72835E-1 3.61989E-1 3.61669E-1 3.35538E-1 3.45408E-1 3.46118E-1 3.69603E-1 3.50763E-1 3.45175E-1 3.38182E-1 3.30004E-1 3.26184E-1 3.33311E-1 3.33829E-1 3.31218E-1 3.13542E-1 2.98486E-1 3.04703E-1 2.83982E-1 2.92352E-1 3.14602E-1 2.945E-1 3.12272E-1 3.04073E-1 2.9651E-1 2.87583E-1 2.74555E-1 2.69388E-1 2.91135E-1 2.97082E-1 2.97293E-1 2.9564E-1 3.01718E-1 3.0221E-1 3.01211E-1 3.02459E-1 3.0301E-1 3.01488E-1 2.96368E-1 2.95883E-1 2.81721E-1 2.73976E-1 2.8891E-1 2.84687E-1 2.87466E-1 2.81064E-1 2.92452E-1 2.73501E-1 2.5813E-1 2.51232E-1 2.53038E-1 2.57693E-1 2.62421E-1
3.70209E-1 3.71884E-1 3.67353E-1 3.61365E-1 3.53155E-1 3.37219E-1 3.56212E-1 3.4044E-1 3.46527E-1 3.45081E-1 3.42871E-1 3.43862E-1 3.383E-1 3.23801E-1 3.38542E-1 3.2103E-1 3.41352E-1 3.41878E-1 3.47826E-1 3.29187E-1 3.27221E-1 3.31147E-1 3.21808E-1 3.33542E-1 3.26325E-1 3.21839E-1 3.13759E-1 2.91133E-1 3.02402E-1 3.09217E-1 3.11405E-1 2.7405E-1 2.88237E-1 3.01392E-1 2.84885E-1 2.76695E-1 2.81976E-1 2.85869E-1 2.92902E-1 2.98576E-1 2.95068E-1 3.05053E-1 3.10322E-1 3.06926E-1 2.95723E-1 2.97129E-1 2.86516E-1 2.90048E-1 2.84501E-1 2.81588E-1 2.84387E-1 2.88269E-1 2.93361E-1 2.98369E-1 3.15386E-1 2.76639E-1 2.77505E-1 2.63799E-1 2.53127E-1 2.56931E-1 2.6133E-1
3.74706E-1 3.79122E-1 3.67983E-1 3.502E-1 3.50058E-1 3.53393E-1 3.66038E-1 3.5666E-1 3.57591E-1 3.516E-1 3.46684E-1 3.66436E-1 3.39762E-1 3.37486E-1 3.19665E-1 3.1039E-1 3.48413E-1 3.5074E-1 3.49307E-1 3.2942E-1 3.3763E-1 3.3608E-1 3.3008E-1 3.34501E-1 3.43236E-1 3.39222E-1 3.43417E-1 3.25837E-1 3.06451E-1 3.27129E-1 2.98554E-1 3.1747E-1 3.10635E-1 2.98463E-1 2.84042E-1 2.88043E-1 2.99099E-1 3.04981E-1 2.98938E-1 2.95692E-1 2.98397E-1 2.95523E-1 2.97681E-1 3.00282E-1 2.96649E-1 2.9901E-1 3.00116E-1 2.99072E-1 2.87807E-1 2.88513E-1 2.90942E-1 2.85002E-1 2.79429E-1 2.81171E-1 3.05597E-1 3.09129E-1 2.80491E-1 2.71125E-1 2.61945E-1 2.63713E-1 2.60753E-1
3.81018E-1 3.66308E-1 3.60071E-1 3.56323E-1 3.64715E-1 3.76889E-1 3.72914E-1 3.50989E-1 3.44409E-1 3.57895E-1 3.32007E-1 3.36576E-1 3.1635E-1 3.21198E-1 3.20294E-1 3.1808E-1 3.44171E-1 3.38788E-1 3.4488E-1 3.38806E-1 3.42874E-1 3.54273E-1 3.71534E-1 3.46461E-1 3.4705E-1 3.35677E-1 3.45055E-1 3.3185E-1 3.33944E-1 3.3371E-1 3.09044E-1 3.02178E-1 3.28075E-1 3.19123E-1 3.06944E-1 2.99353E-1 3.16398E-1 3.11856E-1 3.06041E-1 3.11768E-1 2.98703E-1 2.99396E-1 3.05077E-1 3.08689E-1 3.06138E-1 2.97334E-1 2.92393E-1 2.90414E-1 2.89118E-1 2.90682E-1 2.97406E-1 3.00472E-1 2.95629E-1 2.95381E-1 2.94459E-1 3.03538E-1 2.94972E-1 2.83589E-1 2.73888E-1 2.76723E-1 2.73232E-1
3.73683E-1 3.60383E-1 3.58924E-1 3.64474E-1 3.76689E-1 3.6987E-1 3.5412E-1 3.3608E-1 3.51182E-1 3.63168E-1 3.57333E-1 3.40651E-1 3.21058E-1 3.18379E-1 3.22633E-1 3.19653E-1 3.15962E-1 3.27049E-1 3.51091E-1 3.63865E-1 3.23036E-1 3.24301E-1 3.49921E-1 3.44266E-1 3.33077E-1 3.37791E-1 3.46602E-1 3.46949E-1 3.32303E-1 3.27329E-1 3.22764E-1 3.29393E-1 3.22184E-1 3.32211E-1 3.27425E-1 3.26252E-1 3.13434E-1 2.9996E-1 3.11266E-1 3.28396E-1 3.13526E-1 3.07666E-1 3.11993E-1 3.13851E-1 3.08075E-1 3.03106E-1 2.95569E-1 2.94318E-1 2.94761E-1 2.97505E-1 2.98921E-1 3.00306E-1 3.05008E-1 3.04722E-1 3.09769E-1 3.17845E-1 2.90896E-1 2.89015E-1 2.85289E-1 2.89174E-1 2.84026E-1
3.72122E-1 3.52194E-1 3.39416E-1 3.48081E-1 3.67109E-1 3.56203E-1 3.49463E-1 3.52419E-1 3.75516E-1 4.01533E-1 3.89599E-1 3.37546E-1 3.31324E-1 3.19013E-1 3.32682E-1 3.6088E-1 3.43675E-1 3.29656E-1 3.4243E-1 3.47398E-1 3.41412E-1 3.32334E-1 3.33536E-1 3.38551E-1 3.50751E-1 3.413E-1 3.40581E-1 3.45039E-1 3.51332E-1 3.53663E-1 3.32028E-1 3.49667E-1 3.41435E-1 3.20998E-1 3.32532E-1 3.41107E-1 3.43237E-1 3.1718E-1 3.16948E-1 3.40207E-1 3.31816E-1 3.10382E-1 3.06291E-1 3.05778E-1 3.03322E-1 3.01794E-1 3.00446E-1 2.9893E-1 2.99495E-1 2.99195E-1 3.02305E-1 3.03829E-1 3.0248E-1 3.01529E-1 3.03362E-1 3.15033E-1 3.09109E-1 2.86982E-1 2.85009E-1 2.82315E-1 2.86078E-1
3.94545E-1 3.70161E-1 3.4873E-1 3.35417E-1 3.47578E-1 3.67974E-1 3.77701E-1 3.69289E-1 3.49488E-1 3.61479E-1 4.02645E-1 3.62444E-1 3.34578E-1 3.22675E-1 3.37356E-1 3.62725E-1 3.30466E-1 3.29289E-1 3.27984E-1 3.24497E-1 3.22387E-1 3.27101E-1 3.26222E-1 3.39396E-1 3.45264E-1 3.44659E-1 3.46074E-1 3.47534E-1 3.4623E-1 3.39803E-1 3.43439E-1 3.38349E-1 3.41352E-1 3.26844E-1 3.33597E-1 3.37357E-1 3.28643E-1 3.14131E-1 3.11757E-1 3.20949E-1 3.17866E-1 3.08827E-1 3.09615E-1 3.02046E-1 3.01016E-1 2.99618E-1 2.97348E-1 2.97441E-1 3.00008E-1 3.02102E-1 3.04167E-1 3.09456E-1 3.0994E-1 3.10505E-1 3.07595E-1 3.14078E-1 3.23942E-1 2.93141E-1 2.96471E-1 2.87801E-1 2.85173E-1
3.95406E-1 3.93743E-1 3.67136E-1 3.31284E-1 3.42899E-1 3.28854E-1 3.31893E-1 3.4562E-1 3.54915E-1 3.41141E-1 3.68704E-1 3.73265E-1 3.61013E-1 3.35028E-1 3.32593E-1 3.42856E-1 3.25594E-1 3.22834E-1 3.22856E-1 3.09121E-1 3.20287E-1 3.24238E-1 3.30257E-1 3.38672E-1 3.36838E-1 3.31083E-1 3.392E-1 3.36729E-1 3.2811E-1 3.33114E-1 3.35037E-1 3.36339E-1 3.45102E-1 3.52643E-1 3.47333E-1 3.57597E-1 3.51925E-1 3.4249E-1 3.23401E-1 3.16877E-1 3.10002E-1 3.14968E-1 3.18529E-1 3.21292E-1 3.1297E-1 3.07577E-1 3.02937E-1 3.0497E-1 3.04956E-1 3.0831E-1 3.125E-1 3.20711E-1 3.19217E-1 3.16831E-1 3.16216E-1 3.25397E-1 3.24903E-1 2.98365E-1 2.97453E-1 2.92567E-1 2.92294E-1
