maxent_outputs/hummingbirds/hummingbird_162.asc
ncols         426
nrows         180
xllcorner     -130.0
yllcorner     24.0
cellsize      0.16666666666666666
NODATA_value  -9999
[rows 54 to 80 of 180, columns 305 to 365 of 426]
5.59258E-1 5.50485E-1 5.5488E-1 5.46549E-1 5.45958E-1 5.422E-1 5.38205E-1 5.29572E-1 5.25445E-1 5.24804E-1 5.16979E-1 5.24448E-1 5.19058E-1 5.13816E-1 5.18276E-1 5.20299E-1 5.1654E-1 5.10195E-1 5.22176E-1 5.24145E-1 5.2898E-1 5.28163E-1 5.0707E-1 5.22702E-1 5.53604E-1 5.48204E-1 5.30444E-1 5.2793E-1 5.23567E-1 5.23668E-1 5.18017E-1 5.23811E-1 5.20153E-1 4.96217E-1 4.9303E-1 5.2203E-1 4.99554E-1 5.02715E-1 5.13688E-1 5.62258E-1 5.55916E-1 5.26356E-1 5.26589E-1 5.408E-1 5.34152E-1 5.19376E-1 5.07835E-1 5.33425E-1 5.1775E-1 5.23002E-1 5.31029E-1 5.44831E-1 5.54095E-1 5.51549E-1 5.40958E-1 5.34895E-1 5.33781E-1 5.38981E-1 5.39211E-1 5.35313E-1 5.44824E-1
5.51385E-1 5.51372E-1 5.67945E-1 5.65934E-1 5.62812E-1 5.51298E-1 5.44E-1 5.3748E-1 5.36611E-1 5.30618E-1 5.23099E-1 5.21789E-1 5.21259E-1 5.21548E-1 5.2459E-1 5.36159E-1 5.46211E-1 5.6834E-1 5.40995E-1 5.29888E-1 5.315E-1 5.30667E-1 5.3576E-1 5.16803E-1 5.13492E-1 5.11192E-1 5.10844E-1 5.11405E-1 5.17789E-1 5.21467E-1 5.38401E-1 5.48329E-1 5.44866E-1 5.06426E-1 5.17692E-1 5.41663E-1 4.94913E-1 5.02799E-1 5.38257E-1 5.6273E-1 5.50306E-1 5.17938E-1 5.31627E-1 5.2677E-1 5.22402E-1 5.16133E-1 5.39572E-1 5.23968E-1 5.14481E-1 5.29508E-1 5.53113E-1 5.59138E-1 5.58781E-1 5.60431E-1 5.58283E-1 5.40746E-1 5.37558E-1 5.3918E-1 5.48156E-1 5.53026E-1 5.7334E-1
5.66505E-1 5.71234E-1 5.78216E-1 5.66263E-1 5.70507E-1 5.58844E-1 5.57819E-1 5.55241E-1 5.5697E-1 5.43595E-1 5.32599E-1 5.36178E-1 5.3509E-1 5.35898E-1 5.43469E-1 5.63173E-1 5.78179E-1 5.62585E-1 5.66441E-1 5.53317E-1 5.55498E-1 5.40821E-1 5.15763E-1 5.06792E-1 5.0303E-1 5.1354E-1 5.08885E-1 5.22572E-1 5.25999E-1 5.34362E-1 5.39225E-1 5.39093E-1 5.25228E-1 5.17106E-1 5.6882E-1 5.51656E-1 4.97243E-1 5.11499E-1 5.4958E-1 5.14488E-1 5.23857E-1 5.27188E-1 5.16968E-1 5.01626E-1 5.31264E-1 5.02351E-1 5.45655E-1 5.2135E-1 5.36211E-1 5.75436E-1 5.53842E-1 5.47249E-1 5.48055E-1 5.62144E-1 5.62695E-1 5.78631E-1 5.59518E-1 5.45236E-1 5.7114E-1 5.83675E-1 5.99875E-1
5.708E-1 5.61952E-1 5.668E-1 5.69194E-1 5.72652E-1 5.45778E-1 5.38038E-1 5.44375E-1 5.54771E-1 5.4689E-1 5.46357E-1 5.54968E-1 5.53209E-1 5.42012E-1 5.51092E-1 5.69945E-1 5.71246E-1 5.57709E-1 5.59332E-1 5.78674E-1 5.76787E-1 5.36398E-1 5.14152E-1 5.14207E-1 5.14985E-1 5.19173E-1 5.22434E-1 5.20566E-1 5.26824E-1 5.28049E-1 5.28847E-1 5.54729E-1 5.31458E-1 5.36582E-1 5.64643E-1 5.74451E-1 5.0066E-1 5.20614E-1 5.27237E-1 5.43675E-1 5.30301E-1 5.2811E-1 5.0118E-1 4.96645E-1 5.08663E-1 4.93437E-1 5.57074E-1 5.65666E-1 5.72184E-1 5.69906E-1 5.46161E-1 5.57656E-1 5.60583E-1 5.67175E-1 5.74838E-1 5.81741E-1 5.75595E-1 5.89E-1 6.02762E-1 6.16797E-1 6.20834E-1
5.74748E-1 5.80193E-1 5.78553E-1 5.66686E-1 5.64123E-1 5.59895E-1 5.65443E-1 5.50183E-1 5.61928E-1 5.64927E-1 5.69463E-1 5.69359E-1 5.65497E-1 5.61384E-1 5.75445E-1 5.98837E-1 6.0352E-1 6.13096E-1 6.14276E-1 5.58319E-1 5.39509E-1 5.22954E-1 5.27164E-1 5.27613E-1 5.30087E-1 5.31694E-1 5.30292E-1 5.36579E-1 5.36866E-1 5.49644E-1 5.50033E-1 5.58187E-1 5.69408E-1 5.51647E-1 5.34831E-1 5.24212E-1 5.13352E-1 5.54115E-1 5.35649E-1 5.13678E-1 5.14224E-1 5.40142E-1 5.03866E-1 5.03447E-1 5.11207E-1 5.63902E-1 6.03304E-1 6.29344E-1 6.06425E-1 5.72788E-1 5.68202E-1 5.60501E-1 5.72694E-1 5.78033E-1 5.92158E-1 6.04125E-1 5.96775E-1 6.13914E-1 6.21362E-1 6.30519E-1 6.48078E-1
5.92179E-1 5.99874E-1 5.8325E-1 5.86661E-1 5.85801E-1 5.94467E-1 5.8256E-1 5.80592E-1 5.9753E-1 6.05061E-1 6.0337E-1 6.21374E-1 6.09259E-1 6.42811E-1 6.88303E-1 7.42829E-1 6.82182E-1 6.22014E-1 5.7301E-1 5.46377E-1 5.32233E-1 5.43806E-1 5.54716E-1 5.46046E-1 5.47381E-1 5.45066E-1 5.47577E-1 5.50577E-1 5.50495E-1 5.53463E-1 5.56508E-1 5.73022E-1 5.74359E-1 5.48123E-1 5.32321E-1 4.96062E-1 5.1861E-1 5.66549E-1 5.58823E-1 5.29044E-1 5.37039E-1 5.32091E-1 5.03887E-1 5.35134E-1 5.78423E-1 6.08229E-1 6.15525E-1 5.95043E-1 5.80961E-1 5.62059E-1 5.74907E-1 5.81777E-1 5.90719E-1 5.95919E-1 6.03972E-1 6.18613E-1 6.30651E-1 6.46997E-1 6.54212E-1 6.62017E-1 6.77051E-1
6.11374E-1 6.19143E-1 6.32078E-1 6.58669E-1 6.87617E-1 7.15486E-1 7.35002E-1 7.42833E-1 7.59122E-1 7.57947E-1 7.10832E-1 6.76412E-1 6.38407E-1 7.20199E-1 7.8E-1 7.73151E-1 7.503E-1 6.77301E-1 6.13672E-1 5.85365E-1 5.76263E-1 5.53824E-1 5.4352E-1 5.50961E-1 5.5682E-1 5.57808E-1 5.6373E-1 5.68262E-1 5.70698E-1 5.57673E-1 5.50292E-1 5.54704E-1 5.4572E-1 5.45402E-1 5.19489E-1 4.99044E-1 5.2714E-1 5.79915E-1 5.65088E-1 5.22659E-1 5.44445E-1 5.45031E-1 5.39589E-1 5.5979E-1 5.75682E-1 5.83431E-1 6.0757E-1 5.86392E-1 5.76171E-1 5.72776E-1 5.78537E-1 6.34803E-1 6.06919E-1 6.01585E-1 6.19573E-1 6.43186E-1 6.90167E-1 7.19415E-1 7.12618E-1 7.5808E-1 8.40449E-1
7.32345E-1 7.75568E-1 7.827E-1 7.90974E-1 7.90927E-1 7.85765E-1 7.82236E-1 7.82566E-1 7.8656E-1 7.8848E-1 7.92218E-1 7.87369E-1 7.83499E-1 7.96587E-1 7.99141E-1 7.98683E-1 7.90147E-1 7.03421E-1 6.09188E-1 5.99362E-1 5.95662E-1 5.79945E-1 5.62728E-1 5.73004E-1 5.79415E-1 5.70768E-1 5.82791E-1 5.88229E-1 5.90947E-1 5.67153E-1 5.70638E-1 5.5013E-1 5.46992E-1 5.58194E-1 5.40118E-1 5.19282E-1 5.30952E-1 5.71128E-1 5.78427E-1 5.61618E-1 5.52596E-1 5.39488E-1 5.63277E-1 5.72657E-1 5.58525E-1 5.6561E-1 5.71192E-1 5.85009E-1 5.6891E-1 5.71923E-1 5.74302E-1 6.04511E-1 5.92771E-1 6.18401E-1 7.10198E-1 7.37356E-1 7.28079E-1 7.83434E-1 -9999 8.71215E-1 -9999
7.98514E-1 7.92989E-1 7.9025E-1 7.88587E-1 7.84837E-1 7.80687E-1 7.7914E-1 7.78154E-1 7.82295E-1 7.88392E-1 7.91002E-1 7.93045E-1 7.93952E-1 7.97388E-1 7.99722E-1 7.97613E-1 7.63874E-1 7.06254E-1 6.19693E-1 6.13132E-1 6.08689E-1 5.96307E-1 5.81575E-1 5.87025E-1 6.03827E-1 5.99437E-1 5.98767E-1 6.02039E-1 5.95825E-1 5.89108E-1 5.85923E-1 5.72156E-1 5.54948E-1 5.72825E-1 5.36718E-1 5.23151E-1 5.4125E-1 5.50403E-1 6.01098E-1 5.80889E-1 5.51192E-1 5.53259E-1 5.64324E-1 5.7173E-1 5.62406E-1 5.65214E-1 5.83215E-1 6.03981E-1 5.79899E-1 5.76453E-1 5.88275E-1 5.97849E-1 6.10724E-1 6.4786E-1 -9999 -9999 -9999 -9999 -9999 -9999 -9999
7.94259E-1 7.82349E-1 7.5975E-1 7.26068E-1 7.17094E-1 7.08697E-1 7.0149E-1 7.0044E-1 7.27753E-1 7.6686E-1 7.74308E-1 7.73906E-1 7.74684E-1 7.70451E-1 7.42861E-1 6.68567E-1 6.47688E-1 6.32341E-1 6.28198E-1 6.2573E-1 6.1921E-1 6.05859E-1 6.01804E-1 5.96226E-1 6.01194E-1 6.07513E-1 6.08689E-1 6.06645E-1 6.01186E-1 5.96711E-1 6.0105E-1 5.79194E-1 5.66099E-1 5.40847E-1 5.2374E-1 5.31655E-1 5.65825E-1 5.93701E-1 6.01171E-1 5.73325E-1 5.55518E-1 5.70109E-1 5.75128E-1 5.70659E-1 5.73737E-1 5.61069E-1 5.63161E-1 5.73648E-1 5.90836E-1 5.88879E-1 5.97748E-1 6.21855E-1 6.57914E-1 -9999 -9999 -9999 -9999 -9999 -9999 -9999 -9999
6.83644E-1 6.70831E-1 6.54445E-1 6.4171E-1 6.27467E-1 6.16844E-1 6.13566E-1 6.07791E-1 6.19555E-1 6.52076E-1 6.46262E-1 6.33417E-1 6.31272E-1 6.43762E-1 6.39232E-1 6.36335E-1 6.34077E-1 6.23038E-1 6.31627E-1 6.50877E-1 6.26341E-1 5.97476E-1 5.82085E-1 5.76475E-1 5.75508E-1 5.93147E-1 6.11518E-1 6.05518E-1 6.17487E-1 6.05515E-1 5.96281E-1 5.8404E-1 5.5914E-1 5.22519E-1 5.28968E-1 5.5847E-1 5.98895E-1 6.24101E-1 6.07247E-1 5.78977E-1 5.64701E-1 5.89938E-1 5.97113E-1 5.90916E-1 5.81086E-1 5.57761E-1 5.59372E-1 5.84935E-1 5.97597E-1 5.84008E-1 6.24299E-1 6.6144E-1 -9999 -9999 -9999 -9999 -9999 -9999 -9999 -9999 -9999
6.62156E-1 6.55382E-1 6.38545E-1 6.24786E-1 6.23829E-1 6.05741E-1 5.87853E-1 5.93004E-1 5.99613E-1 6.05982E-1 6.08455E-1 6.0697E-1 6.11637E-1 6.19814E-1 6.25866E-1 6.20385E-1 6.2075E-1 6.12608E-1 5.98684E-1 6.12807E-1 5.97797E-1 5.81678E-1 5.81846E-1 5.74944E-1 5.77796E-1 5.62191E-1 5.68506E-1 6.04869E-1 6.00888E-1 5.90213E-1 5.84848E-1 5.72734E-1 5.53231E-1 5.34563E-1 5.35286E-1 5.77501E-1 6.16153E-1 6.46603E-1 6.09015E-1 5.94963E-1 5.6778E-1 5.94134E-1 6.09164E-1 5.98097E-1 5.98204E-1 5.79488E-1 5.7117E-1 5.97146E-1 6.03776E-1 6.20239E-1 6.56293E-1 6.74309E-1 -9999 -9999 -9999 -9999 -9999 -9999 -9999 -9999 -9999
6.62173E-1 6.73502E-1 6.39583E-1 6.14007E-1 6.1716E-1 6.11027E-1 5.94315E-1 5.85531E-1 5.8313E-1 5.8529E-1 5.94306E-1 5.96043E-1 5.98797E-1 6.15737E-1 6.20229E-1 6.06092E-1 6.14669E-1 6.25541E-1 6.22855E-1 6.15191E-1 6.16167E-1 5.94627E-1 5.9403E-1 5.95693E-1 5.87346E-1 5.83939E-1 5.71097E-1 5.62348E-1 5.66628E-1 5.64748E-1 5.68063E-1 5.59373E-1 5.5523E-1 5.46218E-1 5.47899E-1 5.67386E-1 6.42103E-1 6.50574E-1 6.22598E-1 5.8341E-1 5.82678E-1 5.8494E-1 6.17557E-1 6.04482E-1 6.08741E-1 5.92883E-1 5.76699E-1 6.09044E-1 6.21313E-1 6.45993E-1 6.65477E-1 8.43813E-1 -9999 -9999 -9999 -9999 -9999 -9999 -9999 -9999 -9999
7.3238E-1 6.68888E-1 6.26173E-1 6.22235E-1 6.04608E-1 6.11323E-1 5.93269E-1 5.75281E-1 5.77251E-1 6.04702E-1 6.29351E-1 6.04505E-1 5.88673E-1 6.25651E-1 6.38238E-1 6.07577E-1 6.22865E-1 6.40681E-1 6.34955E-1 6.3047E-1 6.21285E-1 5.96908E-1 6.02727E-1 5.89212E-1 5.91962E-1 6.01044E-1 6.04883E-1 5.87783E-1 5.78866E-1 5.78797E-1 5.7599E-1 5.5715E-1 5.51039E-1 5.58843E-1 5.95605E-1 5.99885E-1 6.30567E-1 6.37021E-1 6.21133E-1 5.96322E-1 5.83434E-1 6.05713E-1 6.04552E-1 6.17043E-1 6.2111E-1 6.07446E-1 6.10451E-1 6.29283E-1 6.57545E-1 6.7158E-1 6.9488E-1 7.57553E-1 -9999 -9999 -9999 -9999 -9999 -9999 -9999 -9999 -9999
6.39391E-1 6.16143E-1 6.10007E-1 6.06384E-1 5.89275E-1 5.89869E-1 5.79606E-1 5.85976E-1 5.75704E-1 5.80186E-1 6.00574E-1 6.0541E-1 5.99574E-1 6.00857E-1 6.14649E-1 6.25362E-1 6.17916E-1 6.16761E-1 6.30258E-1 6.25045E-1 6.30152E-1 6.10479E-1 6.04414E-1 5.94338E-1 5.92558E-1 5.98191E-1 5.94724E-1 6.02862E-1 6.0067E-1 5.99572E-1 5.94722E-1 5.68291E-1 5.49439E-1 5.7064E-1 5.9721E-1 6.19257E-1 6.23889E-1 6.25375E-1 6.17553E-1 5.8349E-1 6.12709E-1 6.00584E-1 6.04109E-1 6.14792E-1 6.2713E-1 6.2745E-1 6.40501E-1 6.55706E-1 6.74243E-1 6.82465E-1 7.11271E-1 7.35173E-1 -9999 -9999 -9999 -9999 -9999 -9999 -9999 -9999 -9999
6.21026E-1 6.18241E-1 6.1316E-1 6.02904E-1 5.8231E-1 5.77847E-1 5.70443E-1 5.86974E-1 5.72883E-1 5.66771E-1 5.70779E-1 5.95574E-1 5.94289E-1 6.04037E-1 6.1057E-1 6.13759E-1 6.19114E-1 6.38697E-1 6.32248E-1 6.26313E-1 6.28528E-1 6.14271E-1 6.09176E-1 6.02483E-1 6.00216E-1 6.02053E-1 5.95598E-1 6.07067E-1 6.027E-1 6.10491E-1 5.83182E-1 5.79612E-1 5.55105E-1 5.64428E-1 5.95423E-1 5.95954E-1 6.28149E-1 6.24171E-1 6.31243E-1 5.92439E-1 6.41558E-1 6.41106E-1 6.22826E-1 6.37728E-1 6.40978E-1 6.47059E-1 6.51832E-1 6.69906E-1 6.83599E-1 7.05147E-1 -9999 -9999 -9999 -9999 -9999 -9999 -9999 -9999 -9999 -9999 -9999
6.11492E-1 6.13848E-1 6.23488E-1 6.07335E-1 5.92169E-1 5.75387E-1 5.68776E-1 5.68917E-1 5.74596E-1 5.81876E-1 5.7866E-1 5.80902E-1 5.96555E-1 5.96552E-1 5.96923E-1 6.18279E-1 6.19587E-1 6.21999E-1 6.23346E-1 6.22608E-1 6.20334E-1 6.16039E-1 6.19452E-1 6.19634E-1 6.11312E-1 6.06079E-1 6.12153E-1 6.21722E-1 6.35082E-1 6.33959E-1 6.37902E-1 5.89565E-1 5.60683E-1 5.80912E-1 5.9782E-1 6.20435E-1 6.4044E-1 6.39559E-1 6.35603E-1 6.17793E-1 6.32317E-1 6.42116E-1 6.32132E-1 6.44816E-1 6.46226E-1 6.62458E-1 6.65456E-1 6.84831E-1 7.01844E-1 7.22445E-1 7.40128E-1 -9999 -9999 -9999 -9999 -9999 -9999 -9999 -9999 -9999 -9999
6.18694E-1 6.24318E-1 6.29101E-1 6.11309E-1 5.77225E-1 5.78041E-1 5.75541E-1 5.61441E-1 5.67346E-1 5.70366E-1 5.69358E-1 5.74409E-1 5.81506E-1 5.88584E-1 5.93548E-1 6.06812E-1 6.06639E-1 6.07762E-1 6.12682E-1 6.10523E-1 6.16578E-1 6.23516E-1 6.26601E-1 6.30607E-1 6.26829E-1 6.23532E-1 6.26168E-1 6.58053E-1 6.59685E-1 6.52341E-1 6.37453E-1 5.8815E-1 5.77367E-1 5.80463E-1 6.11763E-1 6.22742E-1 6.50229E-1 6.61787E-1 6.31278E-1 6.25248E-1 6.46662E-1 6.65393E-1 6.61904E-1 6.5169E-1 6.70459E-1 6.74822E-1 6.7469E-1 6.91867E-1 7.04622E-1 7.16565E-1 7.42386E-1 7.67648E-1 -9999 7.87369E-1 8.01632E-1 -9999 -9999 -9999 -9999 -9999 -9999
6.20438E-1 6.35431E-1 6.30366E-1 6.14347E-1 5.9195E-1 5.7884E-1 5.78372E-1 5.80038E-1 5.74675E-1 5.75147E-1 5.74334E-1 5.76083E-1 5.88646E-1 5.85852E-1 5.95722E-1 5.97452E-1 6.02668E-1 6.10101E-1 6.23391E-1 6.26828E-1 6.22621E-1 6.2988E-1 6.36286E-1 6.24997E-1 6.262E-1 6.27974E-1 6.40559E-1 6.5128E-1 6.66087E-1 6.5061E-1 6.09219E-1 5.93145E-1 5.91606E-1 5.86409E-1 6.11236E-1 6.45028E-1 6.60046E-1 6.7037E-1 6.42676E-1 6.40681E-1 6.60392E-1 6.73896E-1 6.76317E-1 6.63418E-1 6.86414E-1 6.94795E-1 6.89443E-1 7.05376E-1 7.15843E-1 7.31319E-1 7.44329E-1 7.59919E-1 -9999 -9999 8.21916E-1 8.41316E-1 -9999 -9999 -9999 -9999 -9999
6.20829E-1 6.26077E-1 6.16925E-1 6.10178E-1 5.98343E-1 5.92685E-1 5.85647E-1 5.86463E-1 5.94502E-1 5.90528E-1 5.84248E-1 5.80004E-1 5.86365E-1 5.9478E-1 5.87016E-1 5.99854E-1 6.07481E-1 6.02715E-1 6.02799E-1 6.02984E-1 6.10218E-1 6.23875E-1 6.34116E-1 6.22357E-1 6.11746E-1 6.10409E-1 6.18586E-1 6.21412E-1 6.26153E-1 6.16787E-1 5.8643E-1 5.91651E-1 5.83316E-1 6.12407E-1 6.40517E-1 6.53573E-1 6.59958E-1 6.65765E-1 6.62561E-1 6.65194E-1 6.79532E-1 6.7865E-1 6.81892E-1 6.83033E-1 6.98944E-1 7.0812E-1 6.98537E-1 7.28587E-1 7.35789E-1 7.45353E-1 7.52004E-1 7.67596E-1 7.88836E-1 8.00712E-1 8.22707E-1 8.40425E-1 -9999 -9999 -9999 -9999 -9999
6.22309E-1 6.21375E-1 6.12886E-1 6.13034E-1 6.13814E-1 5.99533E-1 5.9847E-1 6.05638E-1 6.00513E-1 6.02294E-1 5.95509E-1 5.90259E-1 5.93037E-1 6.01704E-1 6.15421E-1 6.18175E-1 6.11962E-1 6.18996E-1 6.15808E-1 6.06004E-1 6.00994E-1 6.08662E-1 6.25486E-1 6.17386E-1 6.25208E-1 6.32593E-1 6.38895E-1 6.43683E-1 6.17667E-1 5.85374E-1 5.9326E-1 6.03579E-1 5.9988E-1 6.28444E-1 6.38537E-1 6.50392E-1 6.60793E-1 6.78795E-1 6.84839E-1 7.00032E-1 7.00203E-1 7.03134E-1 7.06641E-1 7.12106E-1 7.17142E-1 7.15034E-1 7.26684E-1 7.59475E-1 7.50886E-1 7.53092E-1 7.88108E-1 7.90169E-1 7.90461E-1 7.90823E-1 8.18245E-1 8.81E-1 -9999 -9999 -9999 -9999 -9999
6.17841E-1 6.18278E-1 6.14466E-1 6.06701E-1 6.14082E-1 6.03231E-1 6.09112E-1 6.05858E-1 6.04093E-1 6.11287E-1 6.09353E-1 6.09357E-1 6.12487E-1 6.14522E-1 6.26534E-1 6.25357E-1 6.27665E-1 6.32392E-1 6.37739E-1 6.17441E-1 6.03936E-1 6.08871E-1 6.28209E-1 6.45693E-1 6.43097E-1 6.42681E-1 6.4024E-1 6.22691E-1 6.03437E-1 6.01619E-1 6.23391E-1 6.35757E-1 6.36424E-1 6.35879E-1 6.49105E-1 6.6488E-1 6.89899E-1 7.04726E-1 7.10676E-1 7.3049E-1 7.36086E-1 7.36155E-1 7.3445E-1 7.27327E-1 7.25123E-1 7.27566E-1 7.45897E-1 7.68302E-1 7.71306E-1 8.28595E-1 8.18169E-1 7.95064E-1 8.20403E-1 8.82508E-1 8.59325E-1 -9999 -9999 -9999 -9999 -9999 -9999
6.19585E-1 6.16231E-1 6.11598E-1 6.19214E-1 6.24487E-1 6.24559E-1 6.17449E-1 6.12482E-1 6.17815E-1 6.14955E-1 6.22853E-1 6.08464E-1 6.02301E-1 6.076E-1 5.9948E-1 6.04715E-1 6.14164E-1 6.13746E-1 6.15719E-1 6.06779E-1 6.23848E-1 6.45576E-1 6.59366E-1 6.56902E-1 6.47429E-1 6.43064E-1 6.33073E-1 6.17287E-1 6.21238E-1 6.37789E-1 6.45485E-1 6.47537E-1 6.33797E-1 6.53363E-1 6.73115E-1 6.90014E-1 7.07401E-1 7.22682E-1 7.31805E-1 7.37399E-1 7.46518E-1 7.52692E-1 7.51877E-1 7.77253E-1 7.37213E-1 8.08359E-1 -9999 -9999 -9999 -9999 8.29792E-1 -9999 -9999 8.46052E-1 8.2622E-1 8.30712E-1 -9999 -9999 -9999 -9999 -9999
6.15121E-1 6.17334E-1 6.10097E-1 6.36414E-1 6.17132E-1 6.07996E-1 6.0755E-1 6.19607E-1 6.23079E-1 6.07992E-1 6.13121E-1 6.29454E-1 6.3703E-1 6.08273E-1 5.87649E-1 5.97414E-1 5.93927E-1 6.11083E-1 6.19241E-1 6.2904E-1 6.41486E-1 6.55569E-1 6.61353E-1 6.35376E-1 6.38512E-1 6.37927E-1 6.24938E-1 6.47767E-1 6.68783E-1 6.59411E-1 6.49623E-1 6.70973E-1 6.65062E-1 6.75689E-1 6.85202E-1 6.98545E-1 7.70704E-1 -9999 -9999 7.69994E-1 7.81166E-1 7.87989E-1 7.96973E-1 8.01658E-1 -9999 7.93675E-1 -9999 -9999 -9999 -9999 -9999 -9999 -9999 -9999 -9999 -9999 -9999 -9999 -9999 -9999 -9999
6.23871E-1 6.26741E-1 6.34573E-1 6.26515E-1 6.26123E-1 6.17908E-1 6.372E-1 6.34524E-1 6.11831E-1 6.16902E-1 6.24238E-1 6.40548E-1 6.20841E-1 6.06745E-1 6.12009E-1 6.08324E-1 6.11552E-1 6.35103E-1 6.43632E-1 6.41449E-1 6.47225E-1 6.43261E-1 6.25973E-1 6.32696E-1 6.33924E-1 6.35649E-1 6.504E-1 6.63762E-1 6.66954E-1 6.66391E-1 6.67255E-1 6.93956E-1 6.85374E-1 7.2881E-1 7.51885E-1 7.54275E-1 7.61254E-1 7.55509E-1 7.49103E-1 7.48315E-1 7.83135E-1 7.68023E-1 7.77251E-1 -9999 -9999 -9999 -9999 -9999 -9999 -9999 -9999 -9999 -9999 -9999 -9999 -9999 -9999 -9999 -9999 -9999 -9999
6.2565E-1 6.35401E-1 6.37844E-1 6.40492E-1 6.38676E-1 6.51005E-1 6.32883E-1 6.26406E-1 6.37537E-1 6.27434E-1 6.41094E-1 6.38645E-1 6.33345E-1 6.22574E-1 6.25806E-1 6.2843E-1 6.37452E-1 6.38057E-1 6.48297E-1 6.45102E-1 6.28117E-1 6.11816E-1 6.14367E-1 6.10639E-1 6.38235E-1 6.47831E-1 6.45776E-1 6.51153E-1 6.59901E-1 6.79702E-1 6.97983E-1 7.20168E-1 7.29432E-1 7.11256E-1 7.28643E-1 7.53033E-1 7.60677E-1 7.54271E-1 7.44915E-1 7.41749E-1 -9999 -9999 -9999 -9999 -9999 -9999 -9999 -9999 -9999 -9999 -9999 -9999 -9999 -9999 -9999 -9999 -9999 -9999 -9999 -9999 -9999
6.39807E-1 6.49855E-1 6.50539E-1 6.49965E-1 6.58742E-1 6.45572E-1 6.3099E-1 6.322E-1 6.33123E-1 6.31315E-1 6.27401E-1 6.34209E-1 6.35183E-1 6.37089E-1 6.42088E-1 6.50643E-1 6.45691E-1 6.49183E-1 6.42807E-1 6.34396E-1 6.21337E-1 6.16899E-1 6.3273E-1 6.38983E-1 6.42902E-1 6.42145E-1 6.25294E-1 6.40842E-1 6.61557E-1 6.8619E-1 7.14513E-1 7.3483E-1 7.33153E-1 7.24261E-1 7.41724E-1 7.89125E-1 8.34706E-1 -9999 -9999 -9999 -9999 -9999 -9999 -9999 -9999 -9999 -9999 -9999 -9999 -9999 -9999 -9999 -9999 -9999 -9999 -9999 -9999 -9999 -9999 -9999 -9999
