maxent_outputs/hummingbirds/hummingbird_77.asc
ncols         426
nrows         180
xllcorner     -130.0
yllcorner     24.0
cellsize      0.16666666666666666
NODATA_value  -9999
[rows 81 to 107 of 180, columns 244 to 304 of 426]
1.43732E-1 1.45281E-1 1.41636E-1 1.40384E-1 1.39631E-1 1.43785E-1 1.39619E-1 1.377E-1 1.36927E-1 1.38153E-1 1.42112E-1 1.43006E-1 1.48539E-1 1.55417E-1 1.57E-1 1.47181E-1 1.36985E-1 1.27527E-1 1.18982E-1 1.16559E-1 1.15329E-1 1.1418E-1 1.1835E-1 1.21515E-1 1.20703E-1 1.22619E-1 1.25011E-1 1.25623E-1 1.2812E-1 1.32478E-1 1.29133E-1 1.28524E-1 1.29249E-1 1.28173E-1 1.2648E-1 1.32617E-1 1.34881E-1 1.37933E-1 1.3063E-1 1.20153E-1 1.12023E-1 1.08466E-1 1.12462E-1 1.21715E-1 1.28637E-1 1.18376E-1 1.15422E-1 1.2261E-1 1.27197E-1 1.21207E-1 1.15605E-1 1.18389E-1 1.28476E-1 1.19533E-1 1.16833E-1 1.30127E-1 1.33207E-1 1.17956E-1 1.08123E-1 1.0161E-1 9.30365E-2
1.45525E-1 1.42508E-1 1.4014E-1 1.43222E-1 1.40324E-1 1.42018E-1 1.37697E-1 1.33844E-1 1.35851E-1 1.3822E-1 1.39931E-1 1.43481E-1 1.48943E-1 1.3969E-1 1.40013E-1 1.35112E-1 1.26598E-1 1.18399E-1 1.133E-1 1.1501E-1 1.14265E-1 1.18338E-1 1.1912E-1 1.21829E-1 1.24098E-1 1.22973E-1 1.20636E-1 1.20274E-1 1.21906E-1 1.26138E-1 1.29333E-1 1.25015E-1 1.26006E-1 1.27176E-1 1.27885E-1 1.31715E-1 1.37547E-1 1.38892E-1 1.39304E-1 1.20684E-1 1.11845E-1 1.08753E-1 1.10171E-1 1.16997E-1 1.25415E-1 1.2304E-1 1.21354E-1 1.196E-1 1.28275E-1 1.2013E-1 1.1542E-1 1.22805E-1 1.27734E-1 1.19452E-1 1.20102E-1 1.2344E-1 1.28912E-1 1.22322E-1 1.10389E-1 9.54746E-2 8.77526E-2
1.47019E-1 1.41149E-1 1.45172E-1 1.42273E-1 1.37309E-1 1.38446E-1 1.37441E-1 1.36077E-1 1.33845E-1 1.36611E-1 1.39712E-1 1.41147E-1 1.40299E-1 1.33766E-1 1.30355E-1 1.26384E-1 1.20446E-1 1.14877E-1 1.15011E-1 1.20451E-1 1.23322E-1 1.21045E-1 1.21438E-1 1.1805E-1 1.16283E-1 1.12906E-1 1.1193E-1 1.13951E-1 1.18963E-1 1.23748E-1 1.29327E-1 1.26943E-1 1.26263E-1 1.29195E-1 1.25872E-1 1.30452E-1 1.32604E-1 1.41588E-1 1.39803E-1 1.21402E-1 1.16923E-1 1.15782E-1 1.18085E-1 1.22162E-1 1.22132E-1 1.226E-1 1.26671E-1 1.27764E-1 1.23338E-1 1.17578E-1 1.17476E-1 1.25772E-1 1.16168E-1 1.12678E-1 1.17144E-1 1.22475E-1 1.27139E-1 1.19032E-1 1.05424E-1 8.3187E-2 7.46581E-2
1.40316E-1 1.38742E-1 1.39867E-1 1.39561E-1 1.34919E-1 1.36474E-1 1.34247E-1 1.31277E-1 1.31244E-1 1.29833E-1 1.30411E-1 1.38571E-1 1.35498E-1 1.30173E-1 1.2326E-1 1.21652E-1 1.14469E-1 1.12095E-1 1.19584E-1 1.27309E-1 1.22882E-1 1.18846E-1 1.13444E-1 1.10424E-1 1.07527E-1 1.08786E-1 1.10855E-1 1.09866E-1 1.13118E-1 1.16818E-1 1.2769E-1 1.34129E-1 1.33971E-1 1.3081E-1 1.21141E-1 1.28614E-1 1.32592E-1 1.40506E-1 1.42183E-1 1.29825E-1 1.22934E-1 1.18895E-1 1.15906E-1 1.20887E-1 1.2779E-1 1.23677E-1 1.27554E-1 1.32077E-1 1.2005E-1 1.15991E-1 1.17415E-1 1.25028E-1 1.12207E-1 1.10411E-1 1.14346E-1 1.22867E-1 1.25736E-1 1.15091E-1 8.80878E-2 8.11553E-2 7.85906E-2
1.40187E-1 1.36966E-1 1.36319E-1 1.34967E-1 1.36484E-1 1.34049E-1 1.31461E-1 1.33558E-1 1.29314E-1 1.2668E-1 1.28554E-1 1.33323E-1 1.30628E-1 1.31158E-1 1.23668E-1 1.21558E-1 1.17464E-1 1.16369E-1 1.19503E-1 1.20847E-1 1.20413E-1 1.17753E-1 1.13851E-1 1.03976E-1 1.0114E-1 1.06593E-1 1.05092E-1 1.01789E-1 1.10685E-1 1.15117E-1 1.2802E-1 1.31719E-1 1.31928E-1 1.21786E-1 1.1459E-1 1.20124E-1 1.25801E-1 1.33998E-1 1.38465E-1 1.27945E-1 1.25833E-1 1.20555E-1 1.12738E-1 1.16786E-1 1.23761E-1 1.24125E-1 1.27328E-1 1.24246E-1 1.20856E-1 1.15056E-1 1.19505E-1 1.12746E-1 1.03375E-1 1.01659E-1 1.07683E-1 1.19067E-1 1.26402E-1 9.37856E-2 7.87627E-2 7.90309E-2 7.25705E-2
1.39707E-1 1.3618E-1 1.32331E-1 1.39693E-1 1.41636E-1 1.36155E-1 1.32451E-1 1.34178E-1 1.28412E-1 1.27218E-1 1.28693E-1 1.35409E-1 1.31702E-1 1.30434E-1 1.28141E-1 1.22373E-1 1.2022E-1 1.24754E-1 1.20401E-1 1.15613E-1 1.18572E-1 1.18513E-1 1.11217E-1 1.03464E-1 1.0331E-1 1.05004E-1 1.02043E-1 1.05323E-1 1.10187E-1 1.17471E-1 1.20368E-1 1.21709E-1 1.19411E-1 1.07202E-1 1.08291E-1 1.15432E-1 1.21567E-1 1.31026E-1 1.31537E-1 1.22578E-1 1.25906E-1 1.22723E-1 1.16816E-1 1.18579E-1 1.14689E-1 1.2036E-1 1.24031E-1 1.22192E-1 1.20076E-1 1.18866E-1 1.14944E-1 1.08025E-1 9.70927E-2 9.52357E-2 1.03055E-1 1.12038E-1 1.04714E-1 8.2255E-2 7.05139E-2 6.84539E-2 6.81978E-2
1.38796E-1 1.34488E-1 1.35835E-1 1.383E-1 1.41162E-1 1.38709E-1 1.33942E-1 1.34568E-1 1.33543E-1 1.34518E-1 1.35775E-1 1.35435E-1 1.30992E-1 1.30785E-1 1.31778E-1 1.27424E-1 1.27611E-1 1.29996E-1 1.20177E-1 1.16812E-1 1.19067E-1 1.17854E-1 1.17414E-1 1.07453E-1 1.06656E-1 1.05814E-1 1.03191E-1 1.08992E-1 1.16209E-1 1.15547E-1 1.16797E-1 1.15161E-1 1.15004E-1 1.16619E-1 1.07138E-1 1.11008E-1 1.18045E-1 1.25357E-1 1.25919E-1 1.2401E-1 1.21939E-1 1.20898E-1 1.19911E-1 1.16505E-1 1.13951E-1 1.14304E-1 1.16856E-1 1.21837E-1 1.15885E-1 1.13515E-1 1.0534E-1 1.03482E-1 9.59322E-2 9.586E-2 1.05855E-1 1.01361E-1 8.50566E-2 7.22518E-2 6.50994E-2 6.35315E-2 7.11436E-2
1.42333E-1 1.41593E-1 1.41499E-1 1.42075E-1 1.38555E-1 1.41089E-1 1.41518E-1 1.39666E-1 1.37673E-1 1.35633E-1 1.34486E-1 1.32172E-1 1.33858E-1 1.35637E-1 1.34676E-1 1.29541E-1 1.23612E-1 1.24601E-1 1.20866E-1 1.16363E-1 1.18323E-1 1.16556E-1 1.16589E-1 1.14731E-1 1.10201E-1 1.04858E-1 1.09643E-1 1.18522E-1 1.19093E-1 1.17302E-1 1.16427E-1 1.10471E-1 1.09064E-1 1.06039E-1 1.02347E-1 1.09691E-1 1.1736E-1 1.20051E-1 1.24521E-1 1.22001E-1 1.22086E-1 1.22161E-1 1.19748E-1 1.15137E-1 1.09115E-1 1.09045E-1 1.13047E-1 1.09552E-1 1.04757E-1 1.03076E-1 9.71978E-2 9.55752E-2 9.31371E-2 9.73767E-2 9.93852E-2 9.52549E-2 8.32782E-2 6.75948E-2 6.43091E-2 6.05525E-2 6.82383E-2
1.51525E-1 1.51635E-1 1.48197E-1 1.43051E-1 1.45549E-1 1.40525E-1 1.3978E-1 1.38464E-1 1.34904E-1 1.32372E-1 1.3267E-1 1.30961E-1 1.36303E-1 1.33085E-1 1.36091E-1 1.24783E-1 1.16526E-1 1.23399E-1 1.19973E-1 1.18524E-1 1.18869E-1 1.18568E-1 1.19477E-1 1.16569E-1 1.09368E-1 1.10478E-1 1.16847E-1 1.18523E-1 1.21322E-1 1.25024E-1 1.13679E-1 1.11255E-1 1.03264E-1 1.03028E-1 1.05075E-1 1.07774E-1 1.12364E-1 1.16841E-1 1.1782E-1 1.16197E-1 1.19367E-1 1.20871E-1 1.21606E-1 1.15648E-1 1.07708E-1 1.04484E-1 1.01217E-1 1.01459E-1 9.82082E-2 9.5775E-2 9.39527E-2 9.42872E-2 9.17567E-2 9.25633E-2 8.89807E-2 8.14975E-2 7.46158E-2 6.82758E-2 6.46027E-2 5.35308E-2 8.35692E-2
1.61584E-1 1.60563E-1 1.53192E-1 1.49688E-1 1.51008E-1 1.44263E-1 1.38118E-1 1.34597E-1 1.32788E-1 1.31727E-1 1.29042E-1 1.28188E-1 1.32468E-1 1.28397E-1 1.2846E-1 1.1958E-1 1.13406E-1 1.12207E-1 1.11202E-1 1.15921E-1 1.1622E-1 1.17988E-1 1.18505E-1 1.11899E-1 1.0855E-1 1.10067E-1 1.16998E-1 1.19636E-1 1.14635E-1 1.19666E-1 1.17258E-1 1.12175E-1 1.08581E-1 1.04985E-1 1.0625E-1 1.0879E-1 1.10647E-1 1.17153E-1 1.18105E-1 1.16798E-1 1.13978E-1 1.20099E-1 1.17496E-1 1.19498E-1 1.08837E-1 1.0072E-1 9.51481E-2 9.4136E-2 9.39716E-2 9.49848E-2 9.66964E-2 9.45779E-2 9.42776E-2 8.76328E-2 7.81859E-2 6.99548E-2 7.08157E-2 6.19289E-2 6.47828E-2 7.06586E-2 1.22426E-1
1.79883E-1 1.67839E-1 1.60958E-1 1.55973E-1 1.50122E-1 1.45009E-1 1.3882E-1 1.30938E-1 1.29767E-1 1.31859E-1 1.31869E-1 1.27454E-1 1.2678E-1 1.24611E-1 1.18398E-1 1.17305E-1 1.13144E-1 1.08812E-1 1.09446E-1 1.13387E-1 1.19935E-1 1.17665E-1 1.15781E-1 1.10417E-1 1.13741E-1 1.12985E-1 1.17706E-1 1.18506E-1 1.14742E-1 1.19798E-1 1.23181E-1 1.18779E-1 1.1603E-1 1.14192E-1 1.11533E-1 1.15999E-1 1.11138E-1 1.19667E-1 1.26589E-1 1.17612E-1 1.10478E-1 1.1551E-1 1.19161E-1 1.18136E-1 1.06262E-1 9.98432E-2 9.77445E-2 9.38539E-2 9.42453E-2 9.60627E-2 9.53822E-2 9.3537E-2 9.34079E-2 7.60652E-2 6.10339E-2 5.29419E-2 5.88942E-2 5.09708E-2 5.39276E-2 9.14574E-2 1.23176E-1
1.73642E-1 1.70397E-1 1.63268E-1 1.57329E-1 1.48508E-1 1.47168E-1 1.40227E-1 1.32789E-1 1.2905E-1 1.2658E-1 1.26944E-1 1.23964E-1 1.24141E-1 1.23321E-1 1.17842E-1 1.14616E-1 1.11004E-1 1.03748E-1 1.01692E-1 1.06894E-1 1.11008E-1 1.18964E-1 1.11668E-1 1.1144E-1 1.0645E-1 1.09218E-1 1.09209E-1 1.10687E-1 1.13413E-1 1.19854E-1 1.22595E-1 1.20668E-1 1.14131E-1 1.11927E-1 1.12475E-1 1.14169E-1 1.13543E-1 1.11376E-1 1.15703E-1 1.18591E-1 1.08785E-1 1.10539E-1 1.14695E-1 1.11709E-1 1.17552E-1 1.10579E-1 1.09853E-1 1.03939E-1 1.0079E-1 9.88187E-2 1.00202E-1 9.00225E-2 7.82846E-2 6.5869E-2 4.80636E-2 4.54551E-2 4.19876E-2 5.18222E-2 6.37222E-2 9.13206E-2 1.1164E-1
1.66842E-1 1.5875E-1 1.517E-1 1.4508E-1 1.40349E-1 1.44039E-1 1.4159E-1 1.33145E-1 1.27319E-1 1.29582E-1 1.24703E-1 1.25004E-1 1.24799E-1 1.21261E-1 1.19261E-1 1.12037E-1 1.10054E-1 1.08205E-1 1.14564E-1 1.17656E-1 1.21888E-1 1.23821E-1 1.18269E-1 1.09909E-1 1.038E-1 1.08194E-1 1.19958E-1 1.18004E-1 1.19768E-1 1.20932E-1 1.19164E-1 1.19841E-1 1.19303E-1 1.10285E-1 1.10033E-1 1.06081E-1 1.07572E-1 1.06335E-1 1.11281E-1 1.12597E-1 1.15246E-1 1.1591E-1 1.15868E-1 1.15125E-1 1.25954E-1 1.33442E-1 1.32311E-1 1.16931E-1 1.05575E-1 1.0134E-1 9.24153E-2 7.23475E-2 6.2639E-2 5.34203E-2 4.05723E-2 4.11968E-2 4.98984E-2 5.40178E-2 6.67932E-2 9.04623E-2 9.3292E-2
1.54311E-1 1.48218E-1 1.45409E-1 1.35419E-1 1.30236E-1 1.337E-1 1.34876E-1 1.30463E-1 1.28696E-1 1.1982E-1 1.19815E-1 1.22714E-1 1.24563E-1 1.21144E-1 1.16246E-1 1.13726E-1 1.16119E-1 1.23178E-1 1.33031E-1 1.33725E-1 1.36868E-1 1.42216E-1 1.28828E-1 1.16596E-1 1.12042E-1 1.13485E-1 1.27842E-1 1.28332E-1 1.26262E-1 1.23975E-1 1.23238E-1 1.20573E-1 1.17229E-1 1.1348E-1 1.07566E-1 1.05899E-1 1.02848E-1 1.09588E-1 1.11039E-1 1.13772E-1 1.17004E-1 1.16058E-1 1.16886E-1 1.16938E-1 1.2142E-1 1.26893E-1 1.28028E-1 1.14458E-1 1.03686E-1 1.0209E-1 8.91149E-2 7.05994E-2 5.90509E-2 4.4091E-2 4.07491E-2 5.52775E-2 6.05529E-2 6.72724E-2 9.03489E-2 9.875E-2 1.13627E-1
1.48132E-1 1.37606E-1 1.42018E-1 1.23694E-1 1.19662E-1 1.20111E-1 1.25392E-1 1.23619E-1 1.22806E-1 1.15201E-1 1.18357E-1 1.19504E-1 1.18938E-1 1.20367E-1 1.18125E-1 1.22736E-1 1.25931E-1 1.33798E-1 1.469E-1 1.5065E-1 1.60263E-1 1.47653E-1 1.34975E-1 1.29041E-1 1.26597E-1 1.27248E-1 1.317E-1 1.35308E-1 1.36925E-1 1.32032E-1 1.27159E-1 1.24389E-1 1.1898E-1 1.14688E-1 1.09139E-1 1.07843E-1 1.03049E-1 1.0721E-1 1.09682E-1 1.17102E-1 1.22673E-1 1.1748E-1 1.14307E-1 1.16438E-1 1.11326E-1 1.11829E-1 1.08189E-1 1.01087E-1 9.93875E-2 9.58505E-2 8.02217E-2 6.11934E-2 4.92848E-2 5.47233E-2 6.52796E-2 6.29514E-2 7.78291E-2 8.81445E-2 1.0677E-1 1.11327E-1 1.10017E-1
1.38261E-1 1.34345E-1 1.29793E-1 1.21713E-1 1.16838E-1 1.16962E-1 1.18569E-1 1.27409E-1 1.2856E-1 1.20812E-1 1.28181E-1 1.24413E-1 1.18032E-1 1.15975E-1 1.18518E-1 1.27599E-1 1.32305E-1 1.34812E-1 1.39909E-1 1.59464E-1 1.7183E-1 1.59255E-1 1.46891E-1 1.37266E-1 1.36058E-1 1.35662E-1 1.35085E-1 1.41015E-1 1.39547E-1 1.39281E-1 1.35587E-1 1.36026E-1 1.33136E-1 1.18935E-1 1.07836E-1 1.04402E-1 1.09325E-1 1.1166E-1 1.15146E-1 1.18868E-1 1.25545E-1 1.23511E-1 1.11584E-1 1.11555E-1 1.03426E-1 9.55994E-2 9.10403E-2 8.6883E-2 8.85487E-2 9.33604E-2 7.29127E-2 6.73795E-2 7.17523E-2 7.94601E-2 7.72815E-2 8.51345E-2 9.15496E-2 1.11813E-1 1.07595E-1 1.2387E-1 1.05699E-1
1.35577E-1 1.32125E-1 1.23497E-1 1.1706E-1 1.14901E-1 1.18952E-1 1.29531E-1 1.42648E-1 1.37813E-1 1.32345E-1 1.29242E-1 1.27457E-1 1.18853E-1 1.15385E-1 1.21756E-1 1.25598E-1 1.27197E-1 1.2561E-1 1.34188E-1 1.47544E-1 1.50658E-1 1.52189E-1 1.55751E-1 1.48074E-1 1.36695E-1 1.33207E-1 1.33631E-1 1.39715E-1 1.48245E-1 1.41113E-1 1.34929E-1 1.40457E-1 1.383E-1 1.23369E-1 1.16069E-1 1.1349E-1 1.17299E-1 1.20946E-1 1.22224E-1 1.26118E-1 1.21018E-1 1.23606E-1 1.18339E-1 1.04483E-1 9.82354E-2 9.06462E-2 8.63353E-2 8.68973E-2 8.82814E-2 8.22994E-2 9.24415E-2 9.08858E-2 9.8954E-2 8.90143E-2 8.69828E-2 1.13023E-1 1.11311E-1 1.23253E-1 1.18181E-1 1.32815E-1 1.02847E-1
1.22757E-1 1.19439E-1 1.18876E-1 1.19302E-1 1.22718E-1 1.28868E-1 1.40894E-1 1.50293E-1 1.43058E-1 1.37861E-1 1.38124E-1 1.40649E-1 1.39042E-1 1.31203E-1 1.30759E-1 1.29034E-1 1.27618E-1 1.24917E-1 1.2846E-1 1.39229E-1 1.43613E-1 1.35349E-1 1.43333E-1 1.40262E-1 1.36148E-1 1.3434E-1 1.33442E-1 1.34629E-1 1.44176E-1 1.36664E-1 1.32259E-1 1.34458E-1 1.33432E-1 1.29402E-1 1.27323E-1 1.24571E-1 1.21735E-1 1.16923E-1 1.2294E-1 1.29553E-1 1.30314E-1 1.22895E-1 1.16373E-1 1.07536E-1 9.9226E-2 9.6653E-2 9.16759E-2 9.28846E-2 8.83674E-2 8.72494E-2 1.08995E-1 1.16996E-1 1.11356E-1 9.44223E-2 1.004E-1 1.15458E-1 1.42309E-1 1.36366E-1 1.28875E-1 1.26359E-1 1.33639E-1
1.15194E-1 1.11581E-1 1.22624E-1 1.24989E-1 1.26847E-1 1.38122E-1 1.42398E-1 1.46745E-1 1.4617E-1 1.42868E-1 1.39354E-1 1.43212E-1 1.50033E-1 1.50292E-1 1.45332E-1 1.40248E-1 1.35578E-1 1.27378E-1 1.29719E-1 1.42223E-1 1.45632E-1 1.39127E-1 1.34425E-1 1.33679E-1 1.35747E-1 1.34496E-1 1.32076E-1 1.34816E-1 1.34569E-1 1.32863E-1 1.29448E-1 1.29751E-1 1.26133E-1 1.33014E-1 1.33411E-1 1.30547E-1 1.17571E-1 1.15848E-1 1.23827E-1 1.28612E-1 1.28889E-1 1.24182E-1 1.13501E-1 1.0494E-1 9.86083E-2 9.81492E-2 9.68968E-2 9.78996E-2 9.40332E-2 1.02415E-1 1.18384E-1 1.24613E-1 9.63841E-2 1.06836E-1 1.12633E-1 1.31493E-1 1.45999E-1 1.40262E-1 1.30029E-1 1.34954E-1 1.37264E-1
1.20326E-1 1.21081E-1 1.27044E-1 1.27902E-1 1.32624E-1 1.36433E-1 1.41546E-1 1.39856E-1 1.46407E-1 1.43982E-1 1.39002E-1 1.47093E-1 1.52262E-1 1.55733E-1 1.5546E-1 1.48553E-1 1.43986E-1 1.40689E-1 1.4146E-1 1.47795E-1 1.52572E-1 1.47876E-1 1.38779E-1 1.35352E-1 1.44786E-1 1.40041E-1 1.39175E-1 1.32609E-1 1.29344E-1 1.34538E-1 1.43941E-1 1.37686E-1 1.33144E-1 1.34824E-1 1.2888E-1 1.27442E-1 1.16328E-1 1.17901E-1 1.24033E-1 1.22072E-1 1.17626E-1 1.16236E-1 1.09898E-1 1.0337E-1 9.5328E-2 9.16065E-2 9.66331E-2 9.49572E-2 9.78978E-2 1.08561E-1 1.15088E-1 1.28381E-1 1.31549E-1 1.27875E-1 1.34713E-1 1.41948E-1 1.50448E-1 1.44956E-1 1.38407E-1 1.32119E-1 1.26898E-1
1.34521E-1 1.31925E-1 1.24403E-1 1.33255E-1 1.3792E-1 1.40401E-1 1.42171E-1 1.46712E-1 1.44259E-1 1.37817E-1 1.33876E-1 1.37569E-1 1.49069E-1 1.47667E-1 1.50724E-1 1.49434E-1 1.46365E-1 1.41913E-1 1.4261E-1 1.48589E-1 1.55314E-1 1.48329E-1 1.4871E-1 1.43155E-1 1.41344E-1 1.40183E-1 1.4094E-1 1.42159E-1 1.38815E-1 1.42707E-1 1.49411E-1 1.4295E-1 1.33719E-1 1.28564E-1 1.20827E-1 1.13933E-1 1.11769E-1 1.17888E-1 1.24173E-1 1.09155E-1 1.10218E-1 1.10344E-1 1.06653E-1 1.00216E-1 9.29479E-2 8.95766E-2 8.68331E-2 8.45442E-2 9.16175E-2 1.05219E-1 1.24974E-1 1.35222E-1 1.35339E-1 1.24515E-1 1.15585E-1 1.16901E-1 1.30565E-1 1.36184E-1 1.45685E-1 1.35398E-1 1.26473E-1
1.28224E-1 1.28859E-1 1.23017E-1 1.21118E-1 1.23372E-1 1.28906E-1 1.43042E-1 1.46717E-1 1.41198E-1 1.28291E-1 1.21355E-1 1.25094E-1 1.37477E-1 1.44117E-1 1.40756E-1 1.41037E-1 1.43584E-1 1.38533E-1 1.46328E-1 1.59896E-1 1.58353E-1 1.58391E-1 1.55772E-1 1.54906E-1 1.54506E-1 1.6124E-1 1.69171E-1 1.54159E-1 1.48458E-1 1.44707E-1 1.47723E-1 1.39314E-1 1.32253E-1 1.22118E-1 1.09309E-1 1.06434E-1 1.08346E-1 1.05969E-1 1.03653E-1 1.12298E-1 9.99917E-2 1.11818E-1 1.10452E-1 9.84178E-2 8.84154E-2 8.65662E-2 9.55598E-2 9.207E-2 9.84511E-2 1.1654E-1 1.30892E-1 1.31193E-1 1.17922E-1 1.1231E-1 1.1603E-1 1.24431E-1 1.23519E-1 1.27168E-1 1.27973E-1 1.27034E-1 1.2929E-1
1.22844E-1 1.24241E-1 1.14511E-1 1.11963E-1 1.12833E-1 1.16914E-1 1.26448E-1 1.36026E-1 1.34425E-1 1.19475E-1 1.13802E-1 1.19584E-1 1.3316E-1 1.44608E-1 1.41797E-1 1.46045E-1 1.51741E-1 1.48284E-1 1.51308E-1 1.53579E-1 1.51285E-1 1.51173E-1 1.57276E-1 1.58937E-1 1.5409E-1 1.52786E-1 1.52638E-1 1.45736E-1 1.38899E-1 1.32197E-1 1.35157E-1 1.33216E-1 1.2204E-1 1.14922E-1 1.11849E-1 1.07766E-1 1.15154E-1 1.20255E-1 1.25351E-1 1.26089E-1 1.30874E-1 1.20664E-1 1.17307E-1 1.03762E-1 9.6859E-2 9.17991E-2 8.60903E-2 8.46396E-2 9.16013E-2 1.11612E-1 1.23802E-1 1.14127E-1 1.08839E-1 1.01423E-1 1.21838E-1 1.24292E-1 1.23568E-1 1.24487E-1 1.25533E-1 1.32353E-1 1.36034E-1
1.25578E-1 1.17851E-1 1.08198E-1 1.11134E-1 1.16476E-1 1.17819E-1 1.2112E-1 1.35092E-1 1.29E-1 1.20035E-1 1.19925E-1 1.22274E-1 1.34598E-1 1.44209E-1 1.47979E-1 1.52582E-1 1.51511E-1 1.46611E-1 1.47561E-1 1.42219E-1 1.4234E-1 1.4573E-1 1.58926E-1 1.69791E-1 1.70072E-1 1.53782E-1 1.38235E-1 1.25902E-1 1.1373E-1 1.12983E-1 1.16441E-1 1.22955E-1 1.09957E-1 1.09676E-1 1.1411E-1 1.21281E-1 1.27975E-1 1.3813E-1 1.43793E-1 1.49835E-1 1.50628E-1 1.43584E-1 1.28686E-1 1.15954E-1 9.36195E-2 8.88978E-2 7.58219E-2 8.29408E-2 9.48877E-2 1.07619E-1 1.13252E-1 1.14434E-1 1.16392E-1 1.13985E-1 1.19185E-1 1.22717E-1 1.27961E-1 1.39489E-1 1.42207E-1 1.52084E-1 1.51609E-1
1.24195E-1 1.20379E-1 1.13712E-1 1.25371E-1 1.29746E-1 1.27552E-1 1.29137E-1 1.42764E-1 1.29093E-1 1.25243E-1 1.26738E-1 1.31671E-1 1.40248E-1 1.44456E-1 1.51978E-1 1.57962E-1 1.57822E-1 1.51924E-1 1.45535E-1 1.43975E-1 1.43467E-1 1.53217E-1 1.60579E-1 1.56329E-1 1.53896E-1 1.47436E-1 1.25481E-1 1.16276E-1 1.06377E-1 1.02595E-1 1.07931E-1 1.24223E-1 1.31899E-1 1.30894E-1 1.34601E-1 1.45143E-1 1.55761E-1 1.6411E-1 1.68587E-1 1.62538E-1 1.48046E-1 1.5506E-1 1.40639E-1 1.0207E-1 9.45011E-2 8.5774E-2 8.02007E-2 8.40074E-2 9.33505E-2 1.07708E-1 1.14686E-1 1.18175E-1 1.1988E-1 1.19786E-1 1.28047E-1 1.37227E-1 1.47428E-1 1.552E-1 1.56186E-1 1.60181E-1 1.58522E-1
1.30788E-1 1.25579E-1 1.23046E-1 1.39474E-1 1.38456E-1 1.34291E-1 1.34135E-1 1.40693E-1 1.42111E-1 1.29806E-1 1.29892E-1 1.32849E-1 1.42352E-1 1.52436E-1 1.60852E-1 1.77E-1 1.79335E-1 1.56851E-1 1.46982E-1 1.40703E-1 1.46027E-1 1.48125E-1 1.46212E-1 1.47255E-1 1.38267E-1 1.20886E-1 1.15574E-1 1.13655E-1 1.06169E-1 1.01128E-1 1.12686E-1 1.51869E-1 1.56416E-1 1.4984E-1 1.57293E-1 1.79372E-1 1.90348E-1 1.81556E-1 1.77284E-1 1.6354E-1 1.51708E-1 1.41881E-1 1.21678E-1 9.60945E-2 9.13782E-2 8.48449E-2 8.38149E-2 9.45694E-2 1.09266E-1 1.10908E-1 1.2256E-1 1.31057E-1 1.40867E-1 1.49942E-1 1.59164E-1 1.67723E-1 1.60919E-1 1.62756E-1 1.63432E-1 1.62009E-1 1.58175E-1
1.48755E-1 1.41448E-1 1.42445E-1 1.46924E-1 1.42016E-1 1.30952E-1 1.33266E-1 1.39196E-1 1.54343E-1 1.39753E-1 1.36436E-1 1.32373E-1 1.37285E-1 1.42895E-1 1.65764E-1 1.84819E-1 1.78592E-1 1.4724E-1 1.35917E-1 1.30917E-1 1.3827E-1 1.46948E-1 1.37595E-1 1.35536E-1 1.15434E-1 1.07402E-1 1.08188E-1 1.10722E-1 1.19277E-1 1.18346E-1 1.49625E-1 1.64581E-1 1.67199E-1 1.71289E-1 1.78403E-1 1.95923E-1 2.11214E-1 2.01197E-1 1.83095E-1 1.60069E-1 1.29522E-1 1.19963E-1 9.12585E-2 7.56346E-2 8.03682E-2 9.52878E-2 1.03583E-1 1.11312E-1 1.1009E-1 1.07625E-1 1.23221E-1 1.42243E-1 1.57533E-1 1.69449E-1 1.87148E-1 1.75648E-1 1.79028E-1 1.795E-1 1.73325E-1 1.76453E-1 1.73484E-1
