maxent_outputs/hummingbirds/hummingbird_160.asc
ncols         426
nrows         180
xllcorner     -130.0
yllcorner     24.0
cellsize      0.16666666666666666
NODATA_value  -9999
[rows 27 to 53 of 180, columns 244 to 304 of 426]
3.09893E-1 3.06278E-1 3.29579E-1 3.72706E-1 4.1113E-1 4.42346E-1 4.20882E-1 3.5889E-1 3.49534E-1 3.45521E-1 3.36987E-1 3.53003E-1 3.56699E-1 3.5084E-1 4.1327E-1 3.63505E-1 3.58207E-1 3.52723E-1 3.56124E-1 3.50612E-1 3.36198E-1 3.39776E-1 3.52067E-1 3.37057E-1 3.32694E-1 3.57921E-1 3.40143E-1 3.35353E-1 3.34122E-1 3.25913E-1 3.29597E-1 3.30405E-1 3.37464E-1 3.40098E-1 3.45585E-1 3.40156E-1 3.35693E-1 3.39918E-1 3.3575E-1 3.34484E-1 3.31514E-1 3.31066E-1 3.42249E-1 3.41295E-1 3.26278E-1 3.2282E-1 3.27175E-1 3.36914E-1 3.43128E-1 3.43165E-1 3.37933E-1 3.45437E-1 3.50318E-1 3.46917E-1 3.46995E-1 3.39218E-1 3.22742E-1 3.14898E-1 3.13052E-1 3.09118E-1 3.05861E-1
3.15481E-1 3.23191E-1 3.3205E-1 3.18798E-1 3.22639E-1 3.48533E-1 3.48564E-1 3.48373E-1 3.5354E-1 3.4261E-1 3.27681E-1 3.64645E-1 3.4843E-1 3.71819E-1 3.51605E-1 3.4584E-1 3.60226E-1 3.78993E-1 3.63875E-1 3.56762E-1 3.56358E-1 3.36776E-1 3.43264E-1 3.56327E-1 3.55137E-1 3.56505E-1 3.41878E-1 3.38896E-1 3.38016E-1 3.31446E-1 3.3068E-1 3.37778E-1 3.3408E-1 3.40054E-1 3.39934E-1 3.40476E-1 3.39665E-1 3.3793E-1 3.25144E-1 3.26001E-1 3.33331E-1 3.31619E-1 3.3483E-1 3.38449E-1 3.38382E-1 3.3957E-1 3.38292E-1 3.39382E-1 3.50356E-1 3.46808E-1 3.38169E-1 3.43104E-1 3.46178E-1 3.34343E-1 3.4071E-1 3.38733E-1 3.2423E-1 3.18641E-1 3.25726E-1 3.11098E-1 3.17845E-1
3.18369E-1 3.24398E-1 3.33028E-1 3.31557E-1 3.31031E-1 3.41798E-1 3.73137E-1 3.69359E-1 3.51548E-1 3.60094E-1 3.80273E-1 3.90707E-1 3.74515E-1 3.83203E-1 3.48199E-1 3.58306E-1 4.0546E-1 4.17115E-1 3.98064E-1 3.7367E-1 3.45374E-1 3.50656E-1 3.51757E-1 3.75205E-1 3.83577E-1 3.6738E-1 3.48512E-1 3.51785E-1 3.48512E-1 3.50286E-1 3.5301E-1 3.44391E-1 3.40359E-1 3.4346E-1 3.39859E-1 3.49124E-1 3.49929E-1 3.58955E-1 3.48867E-1 3.44413E-1 3.54847E-1 3.38808E-1 3.34998E-1 3.39447E-1 3.40017E-1 3.47383E-1 3.46255E-1 3.39521E-1 3.42682E-1 3.41664E-1 3.33978E-1 3.37449E-1 3.36566E-1 3.39394E-1 3.42144E-1 3.41042E-1 3.3297E-1 3.36599E-1 3.43185E-1 3.1948E-1 3.18947E-1
3.17698E-1 3.20472E-1 3.40085E-1 3.44081E-1 3.46775E-1 3.56745E-1 4.11916E-1 4.68849E-1 4.67424E-1 5.04625E-1 4.87041E-1 4.4776E-1 4.31212E-1 4.36421E-1 4.53117E-1 4.146E-1 4.1374E-1 4.31967E-1 4.18925E-1 4.0378E-1 3.71946E-1 3.81192E-1 3.75852E-1 3.6632E-1 3.6417E-1 3.50911E-1 3.67618E-1 3.65319E-1 3.5443E-1 3.91015E-1 3.57433E-1 3.52816E-1 3.50218E-1 3.45381E-1 3.51322E-1 3.65136E-1 3.52067E-1 3.41865E-1 3.48281E-1 3.51396E-1 3.48891E-1 3.50212E-1 3.38776E-1 3.34979E-1 3.35922E-1 3.44327E-1 3.44884E-1 3.39061E-1 3.37611E-1 3.40539E-1 3.34518E-1 3.38749E-1 3.29511E-1 3.37622E-1 3.42217E-1 3.83934E-1 3.80977E-1 3.51748E-1 3.4796E-1 3.22687E-1 3.19557E-1
3.32778E-1 3.2754E-1 3.47808E-1 3.54772E-1 3.78136E-1 4.39083E-1 3.9704E-1 4.58839E-1 5.25079E-1 5.91461E-1 6.56575E-1 6.86483E-1 6.39604E-1 5.97698E-1 6.23736E-1 6.22409E-1 5.85242E-1 5.69929E-1 4.52351E-1 3.97896E-1 3.7779E-1 3.89261E-1 4.04247E-1 3.63828E-1 3.60628E-1 3.74029E-1 3.76541E-1 3.81E-1 3.58725E-1 3.69519E-1 3.64703E-1 3.66525E-1 3.64983E-1 3.51949E-1 3.60983E-1 3.63283E-1 3.64305E-1 3.52959E-1 3.46276E-1 3.54491E-1 3.42274E-1 3.46828E-1 3.45943E-1 3.44157E-1 3.41829E-1 3.35521E-1 3.37026E-1 3.37313E-1 3.374E-1 3.41242E-1 3.44519E-1 3.33504E-1 3.38863E-1 3.5144E-1 3.59827E-1 3.95572E-1 4.06087E-1 3.69188E-1 3.91139E-1 3.36691E-1 3.23981E-1
3.60055E-1 3.88868E-1 4.43762E-1 4.45639E-1 4.83862E-1 5.07705E-1 6.41185E-1 7.32965E-1 7.83775E-1 7.95357E-1 8.0692E-1 8.14568E-1 8.12081E-1 8.07923E-1 7.99051E-1 8.04188E-1 7.91905E-1 7.69029E-1 5.66858E-1 4.21926E-1 4.00952E-1 3.80114E-1 3.74444E-1 3.7306E-1 3.78172E-1 3.98496E-1 3.77062E-1 3.71858E-1 3.92252E-1 3.71446E-1 3.84274E-1 3.59528E-1 3.67221E-1 3.66256E-1 3.61104E-1 3.6225E-1 3.6364E-1 3.56534E-1 3.60864E-1 3.56871E-1 3.54768E-1 3.45345E-1 3.47538E-1 3.47846E-1 3.52904E-1 3.4796E-1 3.5461E-1 3.43684E-1 3.38588E-1 3.41745E-1 3.60556E-1 3.47566E-1 3.39417E-1 3.42849E-1 3.46855E-1 3.45464E-1 3.72089E-1 3.79995E-1 3.86238E-1 3.67389E-1 3.48918E-1
4.00648E-1 5.81865E-1 5.96797E-1 5.27013E-1 6.24673E-1 7.25964E-1 7.78552E-1 7.90557E-1 8.04097E-1 8.09761E-1 8.18582E-1 8.2899E-1 8.31185E-1 8.26867E-1 8.29959E-1 8.28673E-1 8.13306E-1 7.89418E-1 7.06342E-1 4.75945E-1 4.27875E-1 4.12977E-1 3.98081E-1 3.99149E-1 3.98874E-1 3.9854E-1 3.85483E-1 3.8986E-1 3.83945E-1 3.90742E-1 4.08091E-1 3.9858E-1 3.89886E-1 4.14969E-1 3.99651E-1 3.86859E-1 3.81713E-1 3.62252E-1 3.72592E-1 3.65176E-1 3.57007E-1 3.50671E-1 3.56523E-1 3.55054E-1 3.6206E-1 3.64547E-1 3.58396E-1 3.5815E-1 3.54271E-1 3.64181E-1 3.72236E-1 3.62628E-1 3.63969E-1 3.66195E-1 3.57806E-1 3.55943E-1 3.75784E-1 3.68887E-1 3.7138E-1 3.73726E-1 3.80448E-1
5.15518E-1 6.10138E-1 6.89384E-1 7.33017E-1 7.53397E-1 7.52679E-1 7.83794E-1 8.00421E-1 8.11376E-1 8.20252E-1 8.31733E-1 8.37528E-1 8.39838E-1 8.39264E-1 8.38047E-1 8.37844E-1 8.2847E-1 8.12568E-1 7.78868E-1 5.62799E-1 4.4687E-1 4.34114E-1 4.22985E-1 4.05788E-1 4.05046E-1 4.10222E-1 4.04641E-1 4.06764E-1 4.02668E-1 3.97676E-1 4.22511E-1 4.25131E-1 4.03792E-1 3.93232E-1 3.85367E-1 3.87112E-1 3.95471E-1 3.71726E-1 3.62204E-1 3.65325E-1 3.7463E-1 3.6621E-1 3.67907E-1 3.62087E-1 3.63992E-1 3.68795E-1 3.64366E-1 3.69249E-1 3.69074E-1 3.7085E-1 3.67561E-1 3.64072E-1 3.81891E-1 3.80749E-1 3.90369E-1 3.89524E-1 3.8728E-1 3.81284E-1 3.88295E-1 3.9438E-1 3.78282E-1
6.96049E-1 7.30601E-1 6.63817E-1 6.2416E-1 6.28104E-1 7.26847E-1 7.80054E-1 8.07928E-1 8.19524E-1 8.33466E-1 8.45314E-1 8.50233E-1 8.49209E-1 8.47832E-1 8.47607E-1 8.44136E-1 8.39588E-1 8.29508E-1 8.06899E-1 7.29514E-1 5.71505E-1 4.74632E-1 4.54367E-1 4.56557E-1 4.45887E-1 4.46382E-1 4.54195E-1 4.27998E-1 4.29626E-1 4.40308E-1 4.21959E-1 4.22831E-1 4.20227E-1 4.00687E-1 4.01453E-1 4.13834E-1 4.12184E-1 3.97139E-1 3.71667E-1 3.84979E-1 3.8737E-1 3.88238E-1 4.02752E-1 3.76798E-1 3.72497E-1 3.61989E-1 3.66859E-1 3.78479E-1 3.72358E-1 3.78222E-1 3.81487E-1 3.88934E-1 3.99046E-1 3.86416E-1 3.89926E-1 3.97093E-1 3.917E-1 3.95308E-1 3.99396E-1 3.89685E-1 3.8341E-1
6.97392E-1 5.89834E-1 6.41438E-1 7.12425E-1 7.55243E-1 7.75918E-1 7.93441E-1 8.10261E-1 8.27245E-1 8.44733E-1 8.51245E-1 8.52348E-1 8.51487E-1 8.52413E-1 8.494E-1 8.47508E-1 8.47931E-1 8.39875E-1 8.2533E-1 7.99509E-1 7.79764E-1 7.03808E-1 6.67848E-1 6.68074E-1 6.97297E-1 7.21584E-1 6.40727E-1 4.95839E-1 4.61778E-1 4.40712E-1 4.36047E-1 4.09888E-1 4.36179E-1 4.23652E-1 4.22971E-1 4.1897E-1 4.20927E-1 3.90626E-1 3.88237E-1 3.92857E-1 3.90413E-1 3.92729E-1 3.80618E-1 3.74106E-1 3.79905E-1 3.74476E-1 3.93858E-1 3.99901E-1 3.97821E-1 3.9902E-1 3.98531E-1 4.00291E-1 3.92317E-1 3.84217E-1 3.95256E-1 3.89999E-1 3.78299E-1 3.94013E-1 3.93637E-1 3.93068E-1 3.90227E-1
7.35355E-1 7.25648E-1 7.61232E-1 7.6724E-1 7.77412E-1 7.9124E-1 8.00888E-1 8.13743E-1 8.33085E-1 8.39517E-1 8.41997E-1 8.42044E-1 8.50384E-1 8.54062E-1 8.51871E-1 8.49524E-1 8.47101E-1 8.42858E-1 8.35311E-1 8.23963E-1 7.25412E-1 6.49383E-1 7.12373E-1 7.94907E-1 7.89992E-1 7.84885E-1 5.91573E-1 5.03203E-1 4.66503E-1 4.58571E-1 4.6339E-1 4.42979E-1 4.25612E-1 4.14007E-1 4.33365E-1 4.03491E-1 3.95651E-1 3.78437E-1 3.92295E-1 4.03742E-1 3.97952E-1 3.81163E-1 4.05198E-1 4.14346E-1 3.9599E-1 3.84159E-1 3.97827E-1 4.08576E-1 3.95143E-1 4.06992E-1 4.04094E-1 3.95699E-1 3.94666E-1 3.94829E-1 3.97542E-1 3.95364E-1 3.79135E-1 3.71608E-1 3.81574E-1 3.76736E-1 3.87924E-1
7.41304E-1 7.54253E-1 7.62285E-1 7.71811E-1 7.88395E-1 7.86097E-1 7.92558E-1 7.69956E-1 7.65015E-1 7.91431E-1 8.10338E-1 8.24579E-1 8.37972E-1 8.48401E-1 8.50959E-1 8.48106E-1 8.47221E-1 8.43686E-1 8.38462E-1 8.30645E-1 8.2163E-1 8.075E-1 8.12414E-1 8.10704E-1 8.03433E-1 7.82678E-1 5.9827E-1 5.34268E-1 4.86633E-1 4.75411E-1 4.59618E-1 4.53674E-1 4.25669E-1 4.32887E-1 4.37673E-1 4.11337E-1 4.06057E-1 3.95368E-1 3.92278E-1 3.92287E-1 3.97183E-1 3.90382E-1 4.02118E-1 3.94014E-1 3.9882E-1 4.00043E-1 3.95708E-1 4.03046E-1 4.02117E-1 3.97208E-1 4.08835E-1 4.1593E-1 4.06006E-1 4.09721E-1 4.1259E-1 4.0664E-1 3.97391E-1 3.83152E-1 3.95803E-1 3.84429E-1 4.04338E-1
7.39577E-1 7.47802E-1 7.43947E-1 7.54764E-1 7.51283E-1 6.94356E-1 6.143E-1 5.99622E-1 6.2374E-1 6.52401E-1 7.26359E-1 7.75518E-1 8.14586E-1 8.37545E-1 8.43591E-1 8.45188E-1 8.45205E-1 8.43005E-1 8.3698E-1 8.32468E-1 8.31844E-1 8.13209E-1 8.35256E-1 8.3222E-1 8.22251E-1 8.02631E-1 7.59325E-1 6.71943E-1 5.47511E-1 4.83374E-1 4.63156E-1 4.58737E-1 4.41716E-1 4.46389E-1 4.47241E-1 4.46361E-1 4.25896E-1 4.27113E-1 4.22958E-1 4.33328E-1 4.27635E-1 4.10067E-1 3.98024E-1 4.04461E-1 3.93152E-1 3.95657E-1 3.98505E-1 3.93909E-1 3.83188E-1 3.92384E-1 4.04917E-1 4.30749E-1 4.2809E-1 4.28963E-1 4.27858E-1 4.25276E-1 4.21335E-1 4.09288E-1 4.45105E-1 3.94162E-1 3.90982E-1
7.30859E-1 7.28809E-1 7.11894E-1 6.82532E-1 5.96884E-1 5.36894E-1 5.53072E-1 6.36414E-1 7.0376E-1 7.30618E-1 7.34297E-1 7.44612E-1 7.73045E-1 8.07459E-1 8.25807E-1 8.35374E-1 8.37738E-1 8.37583E-1 8.33385E-1 8.30203E-1 8.34435E-1 8.35104E-1 8.41503E-1 8.39993E-1 8.34603E-1 8.1883E-1 7.9987E-1 7.42194E-1 5.8895E-1 4.92289E-1 4.76207E-1 4.47538E-1 4.47683E-1 4.52501E-1 4.64195E-1 4.60679E-1 4.48598E-1 4.34726E-1 4.26505E-1 4.27718E-1 4.39963E-1 4.31745E-1 4.41568E-1 4.24405E-1 4.05794E-1 3.95958E-1 4.15036E-1 3.98629E-1 4.06228E-1 4.25672E-1 4.18191E-1 4.28567E-1 4.3496E-1 4.27307E-1 4.46263E-1 4.3451E-1 4.33789E-1 4.2464E-1 4.31656E-1 4.31022E-1 4.07298E-1
6.93788E-1 6.69757E-1 6.16859E-1 5.50971E-1 5.14717E-1 5.39316E-1 6.55535E-1 7.14553E-1 7.2442E-1 7.26608E-1 7.31362E-1 7.42418E-1 7.60915E-1 7.81564E-1 8.06832E-1 8.21564E-1 8.25299E-1 8.23761E-1 8.21499E-1 8.21184E-1 8.26978E-1 8.33938E-1 8.38815E-1 8.39001E-1 8.33937E-1 8.20948E-1 7.97676E-1 6.74217E-1 5.33223E-1 4.99837E-1 4.81506E-1 4.63629E-1 4.68752E-1 4.79637E-1 4.755E-1 4.59478E-1 4.54419E-1 4.41024E-1 4.24496E-1 4.18441E-1 4.40304E-1 4.36625E-1 4.21508E-1 4.26367E-1 4.18871E-1 4.06259E-1 4.28217E-1 4.31033E-1 4.34255E-1 4.34485E-1 4.12237E-1 4.1796E-1 4.31122E-1 4.3071E-1 4.46744E-1 4.66667E-1 4.40462E-1 4.37464E-1 4.37057E-1 4.5764E-1 4.441E-1
5.48555E-1 5.16554E-1 4.98787E-1 4.90465E-1 4.88228E-1 5.62899E-1 6.01488E-1 5.89868E-1 6.07453E-1 6.59207E-1 7.1201E-1 7.41828E-1 7.50012E-1 7.63514E-1 7.82268E-1 7.98769E-1 7.98833E-1 7.96836E-1 7.98315E-1 7.94811E-1 7.97836E-1 8.12066E-1 8.13614E-1 8.07132E-1 8.02243E-1 7.93807E-1 7.86393E-1 7.16965E-1 6.32367E-1 5.5864E-1 5.12072E-1 4.93274E-1 4.8981E-1 4.89091E-1 4.91661E-1 4.69677E-1 4.73517E-1 4.703E-1 4.52983E-1 4.32766E-1 4.42341E-1 4.4937E-1 4.28299E-1 4.35414E-1 4.51155E-1 4.38766E-1 4.40727E-1 4.29086E-1 4.3244E-1 4.31336E-1 4.29516E-1 4.37551E-1 4.44279E-1 4.44944E-1 4.63675E-1 4.83575E-1 4.59001E-1 4.40555E-1 4.40621E-1 4.41532E-1 4.67796E-1
4.60826E-1 4.43322E-1 4.52063E-1 4.63253E-1 4.7211E-1 4.93317E-1 4.92645E-1 4.95163E-1 5.02273E-1 5.37283E-1 5.8422E-1 7.17337E-1 7.36333E-1 7.42579E-1 7.5693E-1 7.68902E-1 7.6464E-1 7.63856E-1 7.50972E-1 7.26822E-1 6.90956E-1 6.92732E-1 7.28396E-1 6.7626E-1 6.40307E-1 6.14232E-1 7.15967E-1 7.48033E-1 6.87165E-1 5.69562E-1 5.08552E-1 5.00325E-1 5.05345E-1 4.93554E-1 4.8827E-1 4.74865E-1 4.67756E-1 4.71007E-1 4.62388E-1 4.69137E-1 4.58483E-1 4.53593E-1 4.67647E-1 4.62275E-1 4.63298E-1 4.62335E-1 4.5426E-1 4.39219E-1 4.39575E-1 4.35638E-1 4.40124E-1 5.41476E-1 4.76949E-1 4.65937E-1 4.49984E-1 4.5149E-1 4.63753E-1 4.51727E-1 4.37216E-1 4.34585E-1 4.44297E-1
4.21891E-1 4.29946E-1 4.24119E-1 4.39762E-1 4.25914E-1 4.31328E-1 4.3807E-1 4.45187E-1 4.53423E-1 4.79408E-1 5.1265E-1 5.8228E-1 7.0053E-1 6.88753E-1 7.11557E-1 7.21203E-1 7.13795E-1 6.72042E-1 5.9016E-1 5.51648E-1 5.52182E-1 5.40612E-1 5.22651E-1 5.19276E-1 5.27935E-1 5.44541E-1 7.00071E-1 7.31836E-1 6.69168E-1 5.22735E-1 5.02533E-1 5.13502E-1 5.15253E-1 4.96711E-1 4.89326E-1 4.93104E-1 4.84993E-1 4.88071E-1 4.79844E-1 4.87218E-1 4.73088E-1 4.84096E-1 4.81111E-1 4.85111E-1 4.82825E-1 4.80564E-1 4.70857E-1 4.71218E-1 4.51051E-1 4.29975E-1 4.13871E-1 4.37736E-1 4.67922E-1 4.67829E-1 4.64983E-1 4.60418E-1 4.54457E-1 4.53639E-1 4.50096E-1 4.48361E-1 4.41638E-1
4.19007E-1 4.16836E-1 4.17207E-1 4.10127E-1 4.05153E-1 4.04551E-1 4.23749E-1 4.24947E-1 4.21781E-1 4.42469E-1 4.55472E-1 4.65774E-1 5.02287E-1 5.25847E-1 5.51881E-1 5.77857E-1 5.78081E-1 5.56048E-1 5.30941E-1 4.95971E-1 4.87846E-1 5.16728E-1 5.01469E-1 5.03027E-1 5.22526E-1 5.28989E-1 5.61051E-1 5.58321E-1 5.39967E-1 4.92369E-1 5.00485E-1 5.13396E-1 5.1101E-1 4.96242E-1 4.83978E-1 4.87744E-1 4.84548E-1 4.89078E-1 4.99701E-1 4.84455E-1 4.9158E-1 5.02453E-1 4.83229E-1 4.8711E-1 4.82454E-1 4.80344E-1 4.75733E-1 4.82966E-1 4.74015E-1 4.54431E-1 4.42459E-1 4.63698E-1 4.81727E-1 4.74439E-1 4.71313E-1 4.77731E-1 4.75351E-1 4.64646E-1 4.483E-1 4.38886E-1 4.38124E-1
3.99927E-1 3.98191E-1 4.12318E-1 4.0352E-1 3.93683E-1 3.95926E-1 4.13664E-1 4.19591E-1 4.31494E-1 4.46512E-1 4.55024E-1 4.44018E-1 4.70119E-1 4.8186E-1 4.77775E-1 4.95934E-1 5.32169E-1 5.37717E-1 5.03528E-1 4.93403E-1 5.26451E-1 5.50251E-1 5.2883E-1 5.13022E-1 5.37217E-1 5.30514E-1 5.07868E-1 5.0828E-1 4.7521E-1 4.7921E-1 5.03149E-1 5.28425E-1 5.22247E-1 5.83789E-1 5.97088E-1 5.74704E-1 5.40916E-1 5.09843E-1 5.11704E-1 5.24314E-1 5.0226E-1 5.11216E-1 5.01388E-1 4.94961E-1 4.99439E-1 4.94232E-1 4.99952E-1 5.22544E-1 5.29403E-1 4.94802E-1 4.87909E-1 4.87748E-1 4.94525E-1 4.94109E-1 4.94114E-1 5.09008E-1 5.21761E-1 5.29669E-1 5.3222E-1 4.65511E-1 4.30447E-1
3.7513E-1 3.87644E-1 3.96245E-1 3.96949E-1 3.86423E-1 3.99934E-1 4.0248E-1 4.13119E-1 4.2963E-1 4.34721E-1 4.41981E-1 4.40225E-1 4.5609E-1 4.72018E-1 4.82572E-1 5.03435E-1 5.21017E-1 5.27721E-1 5.224E-1 5.25552E-1 5.42824E-1 5.60188E-1 5.66962E-1 6.02445E-1 5.87755E-1 5.65092E-1 5.47396E-1 5.4266E-1 5.41676E-1 5.09956E-1 5.00901E-1 5.19776E-1 5.54659E-1 5.67555E-1 5.86229E-1 6.60809E-1 6.7044E-1 6.5843E-1 6.49329E-1 6.5375E-1 6.45414E-1 6.28596E-1 6.03196E-1 5.7929E-1 5.49687E-1 5.45642E-1 5.49356E-1 5.35822E-1 5.2602E-1 5.15011E-1 5.07893E-1 4.99821E-1 5.10202E-1 5.09379E-1 5.07552E-1 5.00294E-1 4.91113E-1 4.85997E-1 4.75112E-1 4.44174E-1 4.34791E-1
3.70667E-1 3.8318E-1 3.9723E-1 4.05668E-1 4.07286E-1 4.09362E-1 4.01671E-1 4.05741E-1 4.22088E-1 4.28196E-1 4.33056E-1 4.38732E-1 4.48898E-1 4.71622E-1 4.82941E-1 5.13634E-1 5.3187E-1 5.24785E-1 6.03968E-1 6.43252E-1 6.38536E-1 6.62183E-1 6.80319E-1 6.71334E-1 6.63057E-1 6.54226E-1 5.96713E-1 5.70102E-1 6.08557E-1 6.43307E-1 6.59589E-1 6.69201E-1 6.61665E-1 6.34605E-1 6.10488E-1 5.93554E-1 5.97321E-1 5.99768E-1 5.73462E-1 6.02679E-1 5.81538E-1 5.66921E-1 5.72067E-1 5.98805E-1 5.49958E-1 6.34958E-1 6.7471E-1 6.99243E-1 6.65284E-1 6.28677E-1 6.07092E-1 5.28554E-1 5.25372E-1 5.30429E-1 5.26088E-1 5.16963E-1 5.06508E-1 4.95811E-1 4.86824E-1 4.72008E-1 4.73716E-1
3.64521E-1 3.75061E-1 3.9839E-1 3.97687E-1 4.01575E-1 4.01444E-1 4.0122E-1 4.02213E-1 4.08284E-1 4.2005E-1 4.22808E-1 4.40064E-1 4.57624E-1 5.14211E-1 5.50508E-1 5.79621E-1 5.70298E-1 6.47878E-1 7.04336E-1 7.26831E-1 7.24355E-1 6.92661E-1 6.1215E-1 6.17352E-1 6.7442E-1 6.39765E-1 5.78397E-1 5.54432E-1 5.55411E-1 5.78747E-1 6.83858E-1 7.11924E-1 7.23092E-1 7.30154E-1 7.37297E-1 7.33737E-1 7.32749E-1 7.18784E-1 7.09932E-1 7.10554E-1 6.83986E-1 6.01876E-1 5.83824E-1 5.76761E-1 6.05038E-1 6.06968E-1 6.97398E-1 7.76632E-1 7.75446E-1 7.70695E-1 7.7222E-1 7.38214E-1 5.59591E-1 5.44447E-1 5.5789E-1 5.48411E-1 5.25553E-1 5.15791E-1 5.06812E-1 4.99596E-1 4.97599E-1
3.75081E-1 3.75696E-1 3.88182E-1 4.04721E-1 4.02049E-1 4.03486E-1 4.01166E-1 4.02829E-1 4.14816E-1 4.27146E-1 4.31043E-1 4.60685E-1 5.40541E-1 6.39881E-1 6.44196E-1 6.27996E-1 6.50557E-1 7.13461E-1 7.20067E-1 7.20587E-1 7.14608E-1 7.03438E-1 6.3782E-1 6.80157E-1 6.88617E-1 6.01295E-1 5.3791E-1 5.26621E-1 5.23785E-1 5.2205E-1 5.48545E-1 6.27416E-1 6.9272E-1 7.22282E-1 7.29233E-1 7.36912E-1 7.45075E-1 7.51309E-1 7.51627E-1 7.63309E-1 7.69296E-1 7.71547E-1 7.46788E-1 6.84101E-1 6.69062E-1 6.86522E-1 7.868E-1 7.85747E-1 7.90764E-1 7.91278E-1 7.90371E-1 7.89015E-1 7.22384E-1 5.97632E-1 5.73118E-1 5.66491E-1 5.44101E-1 5.41143E-1 5.29665E-1 5.13144E-1 5.19861E-1
3.82668E-1 3.82745E-1 3.92456E-1 3.98753E-1 4.06772E-1 4.07741E-1 4.02538E-1 4.06505E-1 4.15321E-1 4.32826E-1 4.39519E-1 4.89185E-1 6.09406E-1 6.40726E-1 6.03036E-1 6.44353E-1 6.96482E-1 7.143E-1 7.16464E-1 7.14715E-1 6.93737E-1 6.89581E-1 7.06922E-1 7.02806E-1 6.78441E-1 6.06072E-1 5.40693E-1 5.26485E-1 5.3007E-1 5.16698E-1 5.20616E-1 5.28517E-1 5.45614E-1 6.02631E-1 6.69438E-1 7.1853E-1 7.35067E-1 7.45321E-1 7.56449E-1 7.5923E-1 7.66331E-1 7.73636E-1 7.81132E-1 7.85891E-1 7.83158E-1 7.63125E-1 7.99112E-1 7.99626E-1 8.0285E-1 8.03856E-1 8.04099E-1 7.98533E-1 7.8842E-1 7.05135E-1 5.9094E-1 5.9472E-1 5.60429E-1 5.5516E-1 5.52016E-1 5.40204E-1 5.3882E-1
3.7358E-1 3.6812E-1 3.91917E-1 3.96326E-1 4.04085E-1 4.09083E-1 4.12274E-1 4.12862E-1 4.25876E-1 4.50894E-1 4.79494E-1 5.73787E-1 6.15358E-1 5.7033E-1 6.27117E-1 6.79351E-1 6.98374E-1 7.07435E-1 7.08794E-1 6.99426E-1 7.03033E-1 7.03516E-1 6.67398E-1 6.55742E-1 5.69193E-1 5.49191E-1 5.22874E-1 5.2841E-1 5.00331E-1 5.06424E-1 4.98462E-1 5.10496E-1 5.14585E-1 5.17923E-1 5.49532E-1 6.02244E-1 7.13078E-1 7.36133E-1 7.47644E-1 7.53591E-1 7.60694E-1 7.71831E-1 7.7953E-1 7.87543E-1 7.96972E-1 7.73412E-1 7.38488E-1 7.43807E-1 7.79039E-1 8.01764E-1 8.01119E-1 7.99109E-1 7.955E-1 7.81581E-1 6.85591E-1 6.23307E-1 5.72239E-1 5.8581E-1 5.89019E-1 5.70093E-1 5.51623E-1
3.80036E-1 3.76178E-1 4.0279E-1 4.099E-1 4.25675E-1 4.10694E-1 4.10685E-1 4.15496E-1 4.33442E-1 4.71719E-1 5.50269E-1 6.28103E-1 5.41722E-1 5.85483E-1 6.76446E-1 6.86548E-1 6.92234E-1 6.99975E-1 7.05617E-1 6.5521E-1 6.76897E-1 6.61045E-1 5.98754E-1 6.28106E-1 5.49559E-1 5.18024E-1 5.00218E-1 4.94859E-1 4.88533E-1 4.99498E-1 5.02691E-1 5.08896E-1 5.0673E-1 5.24073E-1 5.453E-1 5.74061E-1 6.5524E-1 7.29992E-1 7.40846E-1 7.47533E-1 7.54312E-1 7.68177E-1 7.76592E-1 7.8617E-1 7.92962E-1 7.95129E-1 7.68225E-1 6.87751E-1 7.36776E-1 7.95558E-1 8.01055E-1 8.04984E-1 8.02949E-1 7.95938E-1 7.89871E-1 7.04304E-1 6.08663E-1 6.00329E-1 6.2125E-1 5.88562E-1 5.53927E-1
