maxent_outputs/hummingbirds/hummingbird_25.asc
ncols         426
nrows         180
xllcorner     -130.0
yllcorner     24.0
cellsize      0.16666666666666666
NODATA_value  -9999
[rows 27 to 53 of 180, columns 183 to 243 of 426]
4.35693E-2 4.48328E-2 4.39529E-2 4.45089E-2 4.25439E-2 4.29025E-2 4.61968E-2 5.18083E-2 4.91129E-2 4.61681E-2 4.3142E-2 4.60437E-2 4.91824E-2 5.1976E-2 5.65878E-2 5.87879E-2 5.61545E-2 4.79361E-2 4.52366E-2 4.35957E-2 4.26455E-2 4.79027E-2 5.00557E-2 5.19326E-2 5.19552E-2 5.48229E-2 6.11416E-2 6.41444E-2 6.64368E-2 6.19774E-2 6.21072E-2 5.97811E-2 5.95456E-2 5.73581E-2 5.51265E-2 5.4757E-2 5.01171E-2 4.90218E-2 4.66289E-2 4.82435E-2 4.90422E-2 4.13382E-2 4.18937E-2 3.85129E-2 3.10103E-2 2.91931E-2 2.63451E-2 2.56536E-2 2.73911E-2 2.89398E-2 2.6761E-2 2.44822E-2 2.3976E-2 2.55909E-2 2.58674E-2 2.67479E-2 2.58653E-2 2.47892E-2 2.31987E-2 2.30795E-2 2.37864E-2
4.19062E-2 4.51033E-2 4.50105E-2 4.54959E-2 4.39337E-2 4.31157E-2 4.48789E-2 5.08382E-2 5.32875E-2 4.96072E-2 4.64591E-2 4.66794E-2 4.99355E-2 5.57318E-2 5.65862E-2 5.97741E-2 5.66328E-2 5.02079E-2 4.48614E-2 4.28627E-2 4.15795E-2 4.64745E-2 5.13079E-2 5.38028E-2 5.50429E-2 5.93462E-2 6.2966E-2 7.28937E-2 7.46727E-2 6.64524E-2 6.28748E-2 6.26593E-2 6.2302E-2 5.68234E-2 5.54025E-2 5.53666E-2 5.31566E-2 4.91463E-2 4.77537E-2 5.03503E-2 4.23445E-2 3.96892E-2 3.89062E-2 3.78147E-2 3.43311E-2 3.20963E-2 3.23737E-2 2.87822E-2 3.01994E-2 3.30766E-2 3.15269E-2 2.62425E-2 2.5434E-2 2.56584E-2 2.43511E-2 2.68118E-2 2.52434E-2 2.44181E-2 2.29716E-2 2.38197E-2 2.38615E-2
5.01397E-2 4.71589E-2 4.79015E-2 4.59517E-2 4.35819E-2 4.70944E-2 4.90117E-2 5.27511E-2 5.86031E-2 5.58899E-2 5.18318E-2 4.99993E-2 5.46201E-2 6.0515E-2 6.11241E-2 6.04115E-2 5.81698E-2 5.4112E-2 4.95859E-2 4.46529E-2 4.48164E-2 4.67966E-2 5.15333E-2 5.54481E-2 6.05108E-2 7.49893E-2 8.16155E-2 8.30302E-2 7.97564E-2 7.17936E-2 7.48363E-2 6.19357E-2 5.77248E-2 5.53934E-2 5.27704E-2 5.42772E-2 5.40229E-2 5.26932E-2 4.95625E-2 4.72543E-2 4.66779E-2 4.32799E-2 4.14144E-2 3.96151E-2 3.85088E-2 4.47227E-2 4.04998E-2 3.71891E-2 3.44967E-2 3.8201E-2 3.62932E-2 3.08889E-2 2.95036E-2 2.82407E-2 2.73804E-2 2.5522E-2 2.75191E-2 2.50685E-2 2.38454E-2 2.41836E-2 2.45816E-2
5.02004E-2 5.5174E-2 5.13192E-2 5.0011E-2 4.9478E-2 5.00666E-2 5.05709E-2 5.29388E-2 5.90965E-2 5.95137E-2 5.76015E-2 5.63921E-2 5.94144E-2 6.61248E-2 6.45441E-2 6.03918E-2 5.95538E-2 5.70874E-2 5.33325E-2 5.06222E-2 4.88949E-2 5.1415E-2 5.55909E-2 5.55289E-2 5.84721E-2 7.3026E-2 7.10761E-2 7.21418E-2 8.532E-2 7.56892E-2 6.68831E-2 5.94281E-2 5.53539E-2 5.15943E-2 5.31671E-2 5.38197E-2 5.55938E-2 5.68682E-2 5.25593E-2 5.32516E-2 4.89386E-2 4.42171E-2 4.33819E-2 4.41044E-2 4.02683E-2 4.18146E-2 4.21617E-2 4.5088E-2 4.6199E-2 3.92874E-2 3.70945E-2 3.67849E-2 3.89565E-2 4.28815E-2 3.81027E-2 3.12712E-2 2.65773E-2 2.45243E-2 2.48273E-2 2.71155E-2 2.62048E-2
5.3099E-2 5.64888E-2 5.57005E-2 5.12307E-2 5.24479E-2 5.59497E-2 5.28946E-2 5.45245E-2 5.51464E-2 6.18039E-2 6.08556E-2 6.04167E-2 6.39071E-2 6.36708E-2 6.51801E-2 6.36279E-2 6.19218E-2 6.0773E-2 5.81052E-2 5.55958E-2 5.40968E-2 5.70073E-2 5.82763E-2 5.82679E-2 6.14456E-2 6.44259E-2 6.77196E-2 6.79021E-2 6.9612E-2 6.71399E-2 6.44563E-2 5.87356E-2 5.49781E-2 4.86602E-2 4.93474E-2 5.4645E-2 6.01803E-2 6.86255E-2 6.15272E-2 6.15005E-2 5.45113E-2 4.98762E-2 4.92979E-2 4.82806E-2 4.74702E-2 4.44357E-2 4.46122E-2 4.55485E-2 4.78191E-2 4.47724E-2 4.6462E-2 4.3221E-2 4.07865E-2 4.44937E-2 5.03858E-2 3.84959E-2 2.74927E-2 2.48284E-2 2.50654E-2 3.90526E-2 3.8392E-2
5.8053E-2 6.06919E-2 5.93901E-2 5.8931E-2 6.19783E-2 6.12301E-2 5.8647E-2 5.64209E-2 5.74928E-2 6.40273E-2 6.68344E-2 6.28183E-2 6.46234E-2 6.37272E-2 6.33226E-2 6.0575E-2 6.15706E-2 6.14281E-2 6.22737E-2 6.16666E-2 6.02538E-2 6.49693E-2 6.31255E-2 6.32966E-2 6.53036E-2 6.70194E-2 7.156E-2 7.2721E-2 7.36471E-2 6.6282E-2 6.45096E-2 6.4663E-2 5.76383E-2 5.15115E-2 5.13953E-2 5.36081E-2 5.94317E-2 6.63695E-2 6.88206E-2 7.2265E-2 6.99186E-2 6.22646E-2 5.27789E-2 5.16691E-2 5.26599E-2 5.61238E-2 5.33347E-2 5.33234E-2 5.56694E-2 4.98526E-2 4.4804E-2 4.07017E-2 3.8399E-2 4.51049E-2 5.31582E-2 4.53801E-2 3.49527E-2 3.29501E-2 3.36658E-2 3.73643E-2 3.66909E-2
6.09157E-2 6.33854E-2 6.24444E-2 5.6169E-2 6.06033E-2 6.37071E-2 6.10679E-2 6.10324E-2 6.11756E-2 6.43735E-2 6.43859E-2 6.50105E-2 6.48009E-2 6.3211E-2 6.30408E-2 5.85539E-2 5.96899E-2 6.22003E-2 6.27083E-2 6.40661E-2 6.35111E-2 7.17876E-2 6.68149E-2 6.77792E-2 6.76221E-2 6.6772E-2 6.99677E-2 7.19246E-2 7.10798E-2 6.61098E-2 6.45491E-2 6.3661E-2 6.12317E-2 5.99891E-2 5.97793E-2 5.60964E-2 6.07421E-2 6.25704E-2 6.52438E-2 6.95952E-2 6.76999E-2 7.15165E-2 6.40333E-2 6.07068E-2 6.2232E-2 5.57633E-2 5.89096E-2 5.74011E-2 5.49164E-2 5.4507E-2 5.33175E-2 4.84788E-2 4.59019E-2 4.75141E-2 4.31396E-2 4.30492E-2 3.60022E-2 3.57994E-2 3.95931E-2 4.68653E-2 5.14027E-2
6.28653E-2 7.04805E-2 7.09029E-2 6.56522E-2 6.33448E-2 6.48003E-2 6.57719E-2 6.40239E-2 6.29561E-2 6.23019E-2 6.35374E-2 6.61222E-2 6.42073E-2 6.35452E-2 6.1689E-2 5.94428E-2 6.06035E-2 6.35258E-2 6.49682E-2 6.35476E-2 6.78614E-2 7.3726E-2 6.73295E-2 6.77861E-2 6.66026E-2 6.84291E-2 7.15742E-2 7.24236E-2 6.78406E-2 6.54627E-2 6.24804E-2 6.61165E-2 6.57261E-2 6.38328E-2 6.17425E-2 6.09264E-2 6.45831E-2 6.44516E-2 6.54799E-2 6.46167E-2 6.62294E-2 6.60374E-2 6.47467E-2 6.42679E-2 6.28393E-2 6.44903E-2 6.38464E-2 5.95893E-2 5.7758E-2 5.61344E-2 5.80991E-2 6.2805E-2 5.61423E-2 5.88432E-2 4.61502E-2 4.58826E-2 4.10677E-2 4.1747E-2 4.23396E-2 4.71458E-2 5.61437E-2
6.15711E-2 7.32161E-2 7.83541E-2 7.58077E-2 7.30618E-2 6.68571E-2 6.88073E-2 6.58726E-2 6.61106E-2 6.36609E-2 6.43554E-2 6.44699E-2 6.65054E-2 6.39464E-2 6.36547E-2 6.3204E-2 6.1028E-2 6.45981E-2 6.86785E-2 6.88887E-2 7.02419E-2 6.94153E-2 6.86716E-2 6.86547E-2 7.06726E-2 7.71612E-2 9.10783E-2 9.24676E-2 8.61717E-2 7.80424E-2 7.0769E-2 6.75238E-2 6.76334E-2 6.43364E-2 6.50079E-2 6.49289E-2 6.53319E-2 6.60444E-2 6.80984E-2 6.90345E-2 6.5132E-2 6.28287E-2 6.01095E-2 5.94314E-2 6.00257E-2 5.98015E-2 6.36633E-2 6.44954E-2 6.27818E-2 5.95752E-2 5.51766E-2 5.48114E-2 5.36688E-2 5.38997E-2 5.62626E-2 5.75019E-2 5.10592E-2 4.51488E-2 4.89844E-2 7.0633E-2 1.2455E-1
5.91813E-2 6.09627E-2 6.15642E-2 5.89675E-2 6.78071E-2 6.60725E-2 7.17482E-2 6.93735E-2 6.72068E-2 6.45323E-2 6.38399E-2 6.39501E-2 6.42769E-2 6.51419E-2 6.71251E-2 6.52844E-2 6.37042E-2 6.68658E-2 7.12544E-2 7.13502E-2 7.09274E-2 7.02593E-2 6.86911E-2 7.02727E-2 7.24335E-2 8.74863E-2 9.74446E-2 9.19017E-2 8.13502E-2 7.23223E-2 6.95281E-2 6.54751E-2 6.42065E-2 6.44032E-2 6.52462E-2 6.49715E-2 6.49308E-2 6.52629E-2 6.57669E-2 6.44338E-2 6.47723E-2 6.33863E-2 6.31922E-2 6.54179E-2 5.87896E-2 6.0989E-2 6.36479E-2 6.17413E-2 6.24362E-2 5.95122E-2 5.52589E-2 5.46698E-2 5.6645E-2 6.08414E-2 6.00192E-2 5.87297E-2 6.02965E-2 7.68265E-2 1.2022E-1 1.92043E-1 2.27959E-1
5.75654E-2 5.79216E-2 5.68222E-2 5.99559E-2 6.18224E-2 6.12308E-2 6.206E-2 6.48904E-2 6.44387E-2 6.42103E-2 6.42047E-2 6.45119E-2 6.26897E-2 6.58451E-2 6.66014E-2 6.56066E-2 6.67703E-2 7.01672E-2 6.80267E-2 6.74526E-2 6.81311E-2 6.68001E-2 6.57141E-2 6.70023E-2 6.83801E-2 7.38348E-2 7.35697E-2 7.06838E-2 7.12449E-2 6.95415E-2 6.50885E-2 6.54418E-2 6.45803E-2 6.46915E-2 6.80043E-2 6.7125E-2 6.70075E-2 6.69439E-2 6.50445E-2 6.53919E-2 6.27982E-2 5.99033E-2 5.75471E-2 5.51411E-2 5.59553E-2 5.91324E-2 5.97319E-2 5.97344E-2 5.79484E-2 5.86171E-2 5.68216E-2 5.83821E-2 6.50493E-2 9.12733E-2 1.1439E-1 1.50495E-1 2.03419E-1 2.31669E-1 2.43922E-1 2.39205E-1 2.22288E-1
5.97842E-2 5.99003E-2 6.04745E-2 5.97638E-2 6.05119E-2 6.25615E-2 6.38456E-2 6.53153E-2 6.47584E-2 6.42393E-2 6.56697E-2 6.56643E-2 6.22967E-2 6.35405E-2 6.90515E-2 6.88931E-2 6.81696E-2 6.76786E-2 6.71028E-2 6.72181E-2 6.96987E-2 6.48608E-2 6.44021E-2 6.60881E-2 6.38956E-2 6.64444E-2 6.85538E-2 7.03976E-2 7.0378E-2 7.1735E-2 6.74499E-2 6.81441E-2 7.06361E-2 7.05896E-2 6.97877E-2 7.17005E-2 7.01369E-2 6.67969E-2 6.41086E-2 6.47956E-2 6.1879E-2 6.42581E-2 5.93954E-2 5.82537E-2 5.8243E-2 5.80128E-2 5.70384E-2 5.69295E-2 5.36856E-2 5.82517E-2 6.65071E-2 9.59272E-2 1.74909E-1 2.5807E-1 3.01038E-1 2.85951E-1 2.71588E-1 2.51197E-1 2.35898E-1 2.25682E-1 2.15493E-1
6.24431E-2 6.51036E-2 6.55881E-2 6.30417E-2 6.3226E-2 6.25625E-2 6.50598E-2 6.7389E-2 6.83334E-2 6.65051E-2 6.98592E-2 6.67994E-2 6.51542E-2 6.7874E-2 7.04592E-2 7.03358E-2 6.6236E-2 6.64038E-2 6.72054E-2 6.68598E-2 6.36763E-2 6.29864E-2 6.6115E-2 6.40603E-2 6.23198E-2 6.43689E-2 6.78367E-2 6.94851E-2 7.00091E-2 7.6077E-2 6.98858E-2 8.02674E-2 7.29663E-2 6.78091E-2 6.81886E-2 7.2486E-2 6.61665E-2 6.53709E-2 6.60364E-2 6.59709E-2 6.43408E-2 6.58161E-2 6.49156E-2 6.13537E-2 6.03508E-2 5.99791E-2 5.96467E-2 5.64506E-2 6.19471E-2 8.27445E-2 1.70436E-1 2.93073E-1 3.17409E-1 2.94726E-1 2.83091E-1 2.70131E-1 2.56686E-1 2.45532E-1 2.36057E-1 2.24667E-1 2.1554E-1
6.68497E-2 7.13509E-2 7.03419E-2 6.55678E-2 6.49161E-2 6.67094E-2 6.739E-2 6.8129E-2 6.92212E-2 7.17615E-2 7.07107E-2 6.93656E-2 6.7209E-2 6.99889E-2 7.00084E-2 7.01275E-2 6.72057E-2 6.78116E-2 6.82605E-2 6.69859E-2 6.51629E-2 6.43672E-2 6.71309E-2 6.4321E-2 6.18385E-2 6.29427E-2 6.395E-2 6.59908E-2 6.84872E-2 7.35621E-2 8.12461E-2 7.85855E-2 6.83458E-2 6.98643E-2 6.98614E-2 6.93326E-2 6.69995E-2 6.58675E-2 6.6803E-2 6.50437E-2 6.5889E-2 6.58565E-2 6.67688E-2 6.38509E-2 6.34061E-2 6.55268E-2 6.41319E-2 7.29444E-2 9.10098E-2 1.96307E-1 3.2523E-1 3.14336E-1 2.78645E-1 2.65467E-1 2.5799E-1 2.54704E-1 2.54591E-1 2.49907E-1 2.36789E-1 2.25036E-1 2.13645E-1
6.158E-2 7.03504E-2 7.19413E-2 6.95653E-2 6.60708E-2 6.8757E-2 7.02816E-2 7.17949E-2 7.14855E-2 7.28793E-2 7.78198E-2 7.18295E-2 7.2181E-2 7.37211E-2 7.17475E-2 7.14395E-2 6.79457E-2 6.76641E-2 6.98085E-2 6.8005E-2 6.65144E-2 6.51137E-2 6.65119E-2 6.68121E-2 6.31557E-2 6.30229E-2 6.46848E-2 6.72427E-2 6.73329E-2 7.66423E-2 9.00349E-2 8.15496E-2 7.18972E-2 7.13884E-2 6.97006E-2 6.69463E-2 6.66716E-2 6.62062E-2 6.64197E-2 6.77985E-2 6.85501E-2 6.86736E-2 6.94952E-2 7.02204E-2 7.11138E-2 7.18928E-2 8.43683E-2 1.31938E-1 2.47377E-1 3.26138E-1 3.07908E-1 2.63319E-1 2.1243E-1 1.95207E-1 1.83331E-1 2.3875E-1 2.44399E-1 2.35024E-1 2.31213E-1 2.16279E-1 2.0638E-1
6.63582E-2 6.84404E-2 7.28418E-2 7.2904E-2 7.53003E-2 7.36973E-2 7.16323E-2 7.21071E-2 7.40646E-2 7.53878E-2 8.19229E-2 8.02082E-2 8.17933E-2 8.22987E-2 7.88904E-2 7.62423E-2 7.45971E-2 7.27619E-2 7.3452E-2 7.57186E-2 7.19582E-2 6.95492E-2 6.95029E-2 6.79427E-2 6.40088E-2 6.55628E-2 6.95468E-2 6.86069E-2 7.03758E-2 7.14895E-2 7.19876E-2 7.53263E-2 7.45964E-2 7.37581E-2 7.0715E-2 6.90729E-2 6.9308E-2 7.20515E-2 6.94515E-2 7.00704E-2 6.90525E-2 6.80095E-2 7.1286E-2 7.2744E-2 8.07879E-2 1.15498E-1 2.04659E-1 2.98059E-1 3.02416E-1 2.27569E-1 1.75299E-1 1.33369E-1 1.33165E-1 1.46259E-1 1.7525E-1 2.22187E-1 2.22503E-1 2.22644E-1 1.8681E-1 1.64522E-1 1.35889E-1
6.49813E-2 7.15168E-2 7.35734E-2 7.55552E-2 7.79735E-2 7.72651E-2 7.56189E-2 7.10728E-2 7.21358E-2 7.83085E-2 8.25683E-2 8.54339E-2 8.72761E-2 8.75076E-2 8.36559E-2 7.76322E-2 7.56848E-2 7.71246E-2 7.77445E-2 7.75967E-2 7.73138E-2 7.50967E-2 7.05783E-2 6.52288E-2 6.29868E-2 6.54053E-2 6.9894E-2 6.66468E-2 6.91626E-2 6.94985E-2 7.0534E-2 7.5666E-2 7.52764E-2 7.41395E-2 7.0659E-2 7.06305E-2 7.13294E-2 7.9539E-2 7.03872E-2 7.07768E-2 6.97414E-2 7.02874E-2 7.05882E-2 7.89647E-2 1.22658E-1 1.7367E-1 1.66669E-1 1.3744E-1 1.14641E-1 1.01408E-1 9.98134E-2 1.1271E-1 1.414E-1 1.79586E-1 1.94864E-1 1.96956E-1 1.79351E-1 1.24042E-1 7.94469E-2 7.22905E-2 6.78377E-2
6.77168E-2 6.80859E-2 7.30376E-2 7.72739E-2 8.13177E-2 7.57159E-2 7.4707E-2 7.3859E-2 7.32617E-2 7.44645E-2 8.18935E-2 8.54613E-2 8.74501E-2 8.34351E-2 8.334E-2 8.06559E-2 8.10652E-2 8.20451E-2 8.10927E-2 7.96496E-2 7.6485E-2 7.99544E-2 7.41938E-2 6.91196E-2 6.78257E-2 6.42491E-2 6.80335E-2 6.99719E-2 6.86485E-2 6.73122E-2 7.1682E-2 8.0722E-2 8.25321E-2 7.68839E-2 7.21162E-2 7.32224E-2 7.41475E-2 7.03824E-2 7.01603E-2 6.85938E-2 7.27347E-2 7.33968E-2 8.07185E-2 8.98815E-2 9.0235E-2 8.86208E-2 8.67629E-2 8.70986E-2 8.74444E-2 8.23729E-2 9.13403E-2 1.04944E-1 1.10328E-1 1.21595E-1 1.27606E-1 1.01231E-1 8.3004E-2 7.20384E-2 6.35919E-2 6.06353E-2 5.97178E-2
6.68947E-2 6.80869E-2 6.93229E-2 7.29275E-2 7.92882E-2 7.77966E-2 7.45893E-2 7.36693E-2 7.22349E-2 7.54153E-2 7.65433E-2 8.41825E-2 8.34836E-2 8.36131E-2 8.15405E-2 8.37806E-2 8.85921E-2 8.89394E-2 8.41351E-2 7.84373E-2 7.62096E-2 7.67655E-2 8.1776E-2 7.97068E-2 7.10027E-2 6.83778E-2 6.90898E-2 6.98391E-2 7.02376E-2 7.01638E-2 7.76172E-2 8.79996E-2 8.14952E-2 8.10462E-2 8.23208E-2 7.6607E-2 7.32343E-2 7.19868E-2 6.97245E-2 7.15674E-2 8.00581E-2 7.84044E-2 7.9605E-2 7.53861E-2 7.39714E-2 7.57739E-2 7.91233E-2 7.30194E-2 7.92927E-2 8.8313E-2 9.03092E-2 9.10495E-2 9.21594E-2 9.04084E-2 7.52498E-2 6.92223E-2 6.24072E-2 6.59407E-2 6.50652E-2 6.36452E-2 6.39831E-2
6.88401E-2 6.86131E-2 6.864E-2 6.74973E-2 7.54036E-2 7.82376E-2 8.06836E-2 8.06881E-2 7.40784E-2 7.45469E-2 7.79667E-2 8.20176E-2 8.37807E-2 8.34592E-2 8.35294E-2 8.06048E-2 8.35403E-2 8.5771E-2 8.73482E-2 8.45383E-2 8.18155E-2 8.04186E-2 7.71033E-2 7.30209E-2 7.07719E-2 7.02486E-2 7.12141E-2 7.10321E-2 7.31147E-2 8.03248E-2 7.92566E-2 7.91263E-2 7.6162E-2 7.86848E-2 1.11412E-1 1.20144E-1 7.50946E-2 7.15066E-2 7.14726E-2 7.5997E-2 7.66449E-2 7.28785E-2 7.60505E-2 7.48524E-2 7.8261E-2 8.29618E-2 7.57434E-2 7.47164E-2 7.63771E-2 7.9189E-2 8.23602E-2 8.25495E-2 7.96486E-2 7.41626E-2 6.81794E-2 6.69828E-2 6.428E-2 6.5984E-2 6.57763E-2 6.3764E-2 6.14818E-2
7.3403E-2 6.92122E-2 6.63269E-2 6.54303E-2 7.7067E-2 8.10656E-2 8.08332E-2 8.55102E-2 7.97605E-2 7.6103E-2 7.8317E-2 8.07058E-2 8.30957E-2 8.47963E-2 8.61734E-2 8.18086E-2 8.34073E-2 8.33766E-2 8.54074E-2 8.536E-2 8.55072E-2 8.14218E-2 7.95132E-2 7.59122E-2 7.36068E-2 7.30942E-2 7.0817E-2 7.09953E-2 7.42929E-2 7.58307E-2 7.92621E-2 7.47121E-2 7.4713E-2 7.36945E-2 7.8638E-2 8.36509E-2 7.5523E-2 7.46996E-2 7.54087E-2 7.60841E-2 7.51021E-2 7.60123E-2 8.23138E-2 8.32307E-2 8.74795E-2 8.96053E-2 8.3251E-2 8.04837E-2 7.77212E-2 8.01103E-2 8.41936E-2 8.30753E-2 7.99685E-2 7.27291E-2 7.10775E-2 7.22576E-2 7.20352E-2 7.10446E-2 6.92637E-2 6.59086E-2 6.24946E-2
7.02446E-2 7.20648E-2 6.80741E-2 7.3071E-2 7.92293E-2 7.99472E-2 8.10699E-2 8.46824E-2 8.64799E-2 8.02487E-2 8.04072E-2 7.78248E-2 7.99452E-2 9.00089E-2 8.5367E-2 8.45143E-2 8.13123E-2 8.46223E-2 8.19327E-2 8.39805E-2 8.32416E-2 8.37804E-2 7.84659E-2 7.83553E-2 7.88828E-2 7.29095E-2 7.68216E-2 7.40044E-2 7.62437E-2 7.66486E-2 7.96392E-2 8.29074E-2 7.53957E-2 7.4351E-2 7.38247E-2 7.55874E-2 7.8809E-2 7.98116E-2 7.7475E-2 7.69042E-2 8.11276E-2 8.26816E-2 8.80897E-2 8.9431E-2 9.47772E-2 8.87134E-2 8.22496E-2 7.95687E-2 8.31148E-2 8.92896E-2 8.85162E-2 8.4666E-2 8.10401E-2 8.06264E-2 7.80494E-2 7.48786E-2 7.47747E-2 7.71219E-2 7.40203E-2 7.42067E-2 7.00764E-2
7.59423E-2 7.34315E-2 7.37671E-2 8.0994E-2 8.00738E-2 8.09594E-2 8.34077E-2 8.93571E-2 9.03767E-2 8.7361E-2 8.06981E-2 7.24128E-2 7.23055E-2 7.80387E-2 9.2356E-2 9.2455E-2 9.41722E-2 9.11821E-2 8.579E-2 8.65859E-2 8.69872E-2 8.30357E-2 8.23889E-2 7.69605E-2 7.81075E-2 7.35402E-2 7.43328E-2 7.55627E-2 7.74726E-2 7.61599E-2 7.89431E-2 8.43459E-2 8.02086E-2 7.86963E-2 7.76979E-2 7.54314E-2 7.92252E-2 8.47341E-2 8.4235E-2 8.11761E-2 8.34567E-2 8.2695E-2 8.47529E-2 8.61374E-2 8.39207E-2 8.4369E-2 8.30756E-2 7.96665E-2 8.01634E-2 7.96928E-2 8.1617E-2 8.14928E-2 8.46309E-2 8.35657E-2 8.34238E-2 7.86196E-2 7.53503E-2 7.61217E-2 7.45573E-2 7.5333E-2 7.17917E-2
7.89788E-2 8.07928E-2 8.25721E-2 8.56466E-2 8.5518E-2 8.41598E-2 8.53041E-2 8.81518E-2 8.53964E-2 8.71242E-2 8.11194E-2 7.70406E-2 7.79814E-2 7.31349E-2 8.51016E-2 9.74339E-2 9.58476E-2 9.39343E-2 9.11943E-2 8.877E-2 8.59123E-2 8.49144E-2 7.89692E-2 7.79041E-2 7.89833E-2 7.32644E-2 7.52292E-2 7.52383E-2 7.76061E-2 7.81751E-2 8.28351E-2 8.57833E-2 8.7237E-2 8.33728E-2 8.156E-2 8.33518E-2 8.45214E-2 8.64606E-2 8.37584E-2 8.70755E-2 8.62815E-2 8.27086E-2 7.80041E-2 8.04265E-2 7.61696E-2 7.75718E-2 7.60798E-2 8.03546E-2 7.78499E-2 7.8592E-2 8.50285E-2 8.67084E-2 8.6489E-2 8.45068E-2 8.45922E-2 8.16394E-2 7.48125E-2 7.36353E-2 7.56263E-2 7.44882E-2 7.57499E-2
8.6852E-2 8.75581E-2 8.97187E-2 8.89471E-2 8.99978E-2 9.21038E-2 9.21513E-2 9.09068E-2 8.86791E-2 8.73489E-2 8.14066E-2 8.27722E-2 9.05106E-2 7.94548E-2 8.03586E-2 1.00127E-1 1.03346E-1 1.02426E-1 1.01559E-1 9.30245E-2 8.93291E-2 7.85538E-2 7.52039E-2 7.77503E-2 7.48537E-2 7.84091E-2 7.74088E-2 7.76647E-2 7.92316E-2 8.30017E-2 8.19289E-2 8.3209E-2 9.02295E-2 8.83434E-2 8.75367E-2 8.53382E-2 8.33435E-2 8.52786E-2 8.98366E-2 9.40872E-2 9.11188E-2 8.50635E-2 8.27233E-2 7.96754E-2 7.61625E-2 7.53251E-2 7.91901E-2 7.84209E-2 7.96902E-2 8.52984E-2 8.66393E-2 8.7756E-2 8.85013E-2 8.70814E-2 8.78913E-2 8.08577E-2 7.65304E-2 7.49281E-2 7.49924E-2 7.45182E-2 7.25797E-2
8.77131E-2 9.31384E-2 9.20632E-2 9.39229E-2 9.51699E-2 9.35755E-2 9.15848E-2 9.02095E-2 9.14618E-2 8.66277E-2 8.37803E-2 8.16161E-2 8.45069E-2 8.51493E-2 7.848E-2 9.4866E-2 1.07932E-1 1.06127E-1 1.07529E-1 1.00975E-1 9.83126E-2 8.59296E-2 7.81547E-2 7.7669E-2 7.4957E-2 7.88141E-2 8.22323E-2 8.36429E-2 8.44055E-2 8.24198E-2 7.86153E-2 8.29689E-2 8.71933E-2 8.94281E-2 9.15218E-2 9.08518E-2 9.04553E-2 9.37511E-2 9.72971E-2 9.51419E-2 9.79533E-2 9.06927E-2 8.49625E-2 7.97228E-2 7.83797E-2 7.90541E-2 8.2507E-2 8.52795E-2 9.10901E-2 9.04931E-2 9.50305E-2 9.04383E-2 9.10814E-2 9.39436E-2 8.64021E-2 8.02576E-2 8.17006E-2 8.23685E-2 7.80419E-2 7.23905E-2 7.27741E-2
8.92574E-2 9.11948E-2 9.74509E-2 9.83437E-2 9.75677E-2 9.56723E-2 9.38495E-2 9.47487E-2 9.53023E-2 8.69653E-2 8.42316E-2 8.33027E-2 8.7252E-2 8.50954E-2 8.08331E-2 8.67531E-2 9.87693E-2 1.0763E-1 1.02305E-1 1.00679E-1 9.92462E-2 9.87213E-2 7.70919E-2 7.5346E-2 7.78333E-2 7.97788E-2 8.28913E-2 8.46513E-2 8.27485E-2 8.44909E-2 8.76101E-2 8.28364E-2 8.97897E-2 9.41415E-2 9.30098E-2 9.57018E-2 9.93282E-2 1.01829E-1 1.04514E-1 9.89862E-2 1.06146E-1 8.96702E-2 8.34035E-2 7.97715E-2 8.50215E-2 8.78477E-2 9.30918E-2 9.24392E-2 9.6441E-2 9.55764E-2 9.45083E-2 9.40401E-2 9.08607E-2 8.91269E-2 8.31025E-2 7.82948E-2 8.10547E-2 7.92623E-2 7.84759E-2 8.07048E-2 7.64717E-2
