maxent_outputs/red_flowers_troch_bombus_environ/red_265.asc
ncols         426
nrows         180
xllcorner     -130.0
yllcorner     24.0
cellsize      0.16666666666666666
NODATA_value  -9999
[rows 108 to 134 of 180, columns 244 to 304 of 426]
6.40904E-1 6.50271E-1 6.35207E-1 6.36643E-1 6.56477E-1 6.68621E-1 6.52739E-1 6.31736E-1 6.31262E-1 6.13443E-1 6.16045E-1 6.30331E-1 6.42176E-1 6.36413E-1 6.18476E-1 6.26959E-1 6.47124E-1 6.77397E-1 7.01149E-1 7.28974E-1 7.14849E-1 6.87519E-1 6.91256E-1 7.03128E-1 7.21666E-1 7.27007E-1 7.14607E-1 7.02551E-1 6.72519E-1 6.29469E-1 5.98204E-1 5.93898E-1 5.81443E-1 5.46942E-1 5.31932E-1 5.25421E-1 5.06154E-1 4.97471E-1 5.12451E-1 5.1718E-1 5.97788E-1 6.40992E-1 6.86911E-1 6.82486E-1 7.06739E-1 7.4879E-1 7.52362E-1 7.64657E-1 7.54088E-1 7.26127E-1 7.01421E-1 6.76725E-1 6.72995E-1 6.85643E-1 7.02905E-1 6.94054E-1 6.8531E-1 6.9051E-1 6.90556E-1 6.98774E-1 7.03093E-1
6.3754E-1 6.48662E-1 6.68141E-1 6.66465E-1 6.56167E-1 6.47455E-1 6.62763E-1 6.4323E-1 6.35912E-1 6.22461E-1 6.26802E-1 6.33164E-1 6.61442E-1 6.80149E-1 6.66058E-1 6.81769E-1 7.0518E-1 7.16055E-1 7.41822E-1 7.4746E-1 7.24951E-1 6.94329E-1 7.12941E-1 7.26448E-1 7.36489E-1 7.30688E-1 7.2832E-1 7.21147E-1 6.92048E-1 6.50355E-1 6.32896E-1 6.09839E-1 5.99865E-1 5.88568E-1 5.79774E-1 5.86622E-1 6.72867E-1 5.94424E-1 6.18772E-1 5.5147E-1 5.50263E-1 7.46764E-1 7.94906E-1 7.69493E-1 7.89005E-1 7.95295E-1 8.0509E-1 7.87359E-1 7.63556E-1 7.33478E-1 7.23842E-1 6.98239E-1 6.92991E-1 7.18124E-1 7.44197E-1 7.23404E-1 7.03192E-1 7.06922E-1 6.99414E-1 7.18523E-1 7.16335E-1
6.4501E-1 6.63063E-1 6.78424E-1 6.5918E-1 6.42948E-1 6.45273E-1 6.69265E-1 6.61682E-1 6.60739E-1 6.49687E-1 6.62313E-1 6.68663E-1 6.90317E-1 7.01725E-1 6.9347E-1 6.98444E-1 7.12636E-1 7.39498E-1 7.62543E-1 7.74675E-1 7.41625E-1 7.37294E-1 7.62876E-1 7.49877E-1 7.27528E-1 7.36287E-1 7.12658E-1 7.13364E-1 7.00709E-1 6.81119E-1 6.70136E-1 6.54151E-1 6.72231E-1 7.04845E-1 7.5721E-1 8.15683E-1 7.81172E-1 7.33396E-1 6.35517E-1 6.63593E-1 6.66839E-1 7.68301E-1 8.08418E-1 8.22232E-1 8.35024E-1 8.44148E-1 8.16382E-1 7.72931E-1 7.44558E-1 7.40098E-1 7.42515E-1 7.2085E-1 7.31155E-1 7.39284E-1 7.50712E-1 7.33543E-1 7.30262E-1 7.13398E-1 7.13823E-1 7.1493E-1 7.22216E-1
6.57963E-1 6.62481E-1 6.86128E-1 6.66886E-1 6.4658E-1 6.58569E-1 6.75357E-1 6.96753E-1 6.95219E-1 6.96178E-1 6.99682E-1 7.06572E-1 7.27788E-1 7.11856E-1 6.9395E-1 6.86959E-1 7.00703E-1 7.19593E-1 7.42025E-1 7.65356E-1 7.86826E-1 8.05045E-1 7.83317E-1 7.60107E-1 7.48905E-1 7.17659E-1 7.1923E-1 7.2679E-1 7.2106E-1 6.98878E-1 6.80482E-1 7.18774E-1 7.18097E-1 7.12995E-1 7.22327E-1 7.48452E-1 7.43609E-1 8.74545E-1 8.81632E-1 8.84552E-1 8.05884E-1 8.4263E-1 8.65103E-1 8.396E-1 8.24829E-1 8.11581E-1 7.79302E-1 7.64037E-1 7.38722E-1 7.27709E-1 7.3575E-1 7.32921E-1 7.31909E-1 7.35861E-1 7.46864E-1 7.53037E-1 7.37947E-1 7.2118E-1 7.23464E-1 7.2551E-1 7.281E-1
6.79803E-1 6.72324E-1 6.8536E-1 6.61215E-1 6.46612E-1 6.73911E-1 6.94163E-1 7.0011E-1 7.04717E-1 7.16851E-1 7.20974E-1 7.29358E-1 7.33004E-1 7.20093E-1 7.08404E-1 6.89627E-1 6.99537E-1 7.15411E-1 7.36411E-1 7.58171E-1 7.84786E-1 8.13391E-1 7.88669E-1 7.62933E-1 7.53868E-1 7.26428E-1 7.32686E-1 7.30696E-1 7.35472E-1 7.11233E-1 6.94902E-1 7.58942E-1 7.71479E-1 7.99838E-1 8.47065E-1 8.15525E-1 8.80484E-1 9.25605E-1 9.73212E-1 9.47327E-1 9.26834E-1 9.04049E-1 8.8181E-1 8.34684E-1 8.16116E-1 7.98802E-1 7.74791E-1 7.61129E-1 7.39845E-1 7.39048E-1 7.41971E-1 7.49113E-1 7.26942E-1 7.31154E-1 7.31784E-1 7.24033E-1 7.21206E-1 7.25439E-1 7.23607E-1 7.29721E-1 7.31877E-1
6.95131E-1 6.96073E-1 7.03969E-1 6.76881E-1 6.69148E-1 6.82726E-1 7.08895E-1 7.09828E-1 7.19026E-1 7.17618E-1 7.22229E-1 7.2671E-1 7.2884E-1 7.34605E-1 7.16703E-1 7.02247E-1 6.99954E-1 7.15091E-1 7.38171E-1 7.73673E-1 7.88292E-1 7.93525E-1 7.5998E-1 7.73406E-1 7.43149E-1 7.41418E-1 7.46488E-1 7.4685E-1 7.60436E-1 7.26371E-1 7.12103E-1 7.01676E-1 7.39675E-1 8.38646E-1 9.21648E-1 9.16461E-1 9.74626E-1 9.84462E-1 9.7549E-1 9.76299E-1 9.4732E-1 9.16953E-1 8.67806E-1 8.32348E-1 8.1452E-1 7.92126E-1 7.70525E-1 7.51301E-1 7.54117E-1 7.58147E-1 7.5056E-1 7.45264E-1 7.36323E-1 7.26036E-1 7.08567E-1 6.96081E-1 6.97323E-1 7.04636E-1 7.04558E-1 7.20279E-1 7.33678E-1
7.39112E-1 7.20372E-1 7.16648E-1 7.03996E-1 6.99298E-1 7.01525E-1 7.21732E-1 7.26902E-1 7.27393E-1 7.15294E-1 7.25824E-1 7.3173E-1 7.39214E-1 7.31415E-1 7.35695E-1 7.21951E-1 7.21865E-1 7.28204E-1 7.54983E-1 7.74638E-1 7.81386E-1 7.74132E-1 7.79537E-1 7.68581E-1 7.4144E-1 7.55454E-1 7.64377E-1 7.80158E-1 8.06039E-1 7.59864E-1 7.45473E-1 7.56068E-1 7.89049E-1 8.79025E-1 9.31113E-1 9.60032E-1 9.75322E-1 9.64392E-1 9.42015E-1 9.36751E-1 9.22764E-1 9.0506E-1 8.60784E-1 8.28649E-1 8.13572E-1 7.86217E-1 7.6491E-1 7.56968E-1 7.64089E-1 7.68796E-1 7.67697E-1 7.56667E-1 7.45961E-1 7.41053E-1 7.14935E-1 6.97107E-1 6.97941E-1 6.99353E-1 7.06915E-1 7.20033E-1 7.30811E-1
7.514E-1 7.33078E-1 7.3299E-1 7.30849E-1 7.33043E-1 7.24756E-1 7.3149E-1 7.31455E-1 7.34405E-1 7.36745E-1 7.27346E-1 7.37264E-1 7.54343E-1 7.55462E-1 7.44323E-1 7.52718E-1 7.5051E-1 7.37708E-1 7.53132E-1 7.60436E-1 7.65446E-1 7.7151E-1 7.62093E-1 7.67909E-1 7.56209E-1 7.70202E-1 7.76698E-1 7.87448E-1 8.24073E-1 8.31792E-1 8.19661E-1 8.41618E-1 8.69645E-1 9.15724E-1 9.40545E-1 9.66166E-1 9.58844E-1 9.38953E-1 9.28534E-1 9.1106E-1 9E-1 8.75086E-1 8.48708E-1 8.15848E-1 7.9836E-1 7.75581E-1 7.62132E-1 7.63042E-1 7.76281E-1 7.73824E-1 7.65968E-1 7.69325E-1 7.66377E-1 7.62889E-1 7.40038E-1 7.20098E-1 7.11558E-1 7.09533E-1 7.13287E-1 7.19071E-1 7.34165E-1
7.54352E-1 7.43737E-1 7.39616E-1 7.37976E-1 7.44568E-1 7.50626E-1 7.54946E-1 7.51046E-1 7.49433E-1 7.44585E-1 7.4455E-1 7.57022E-1 7.6693E-1 7.62771E-1 7.65667E-1 7.40263E-1 7.38358E-1 7.33003E-1 7.42674E-1 7.59206E-1 7.53524E-1 7.51375E-1 7.58364E-1 7.52448E-1 7.50047E-1 7.64585E-1 7.5175E-1 7.71214E-1 8.28548E-1 8.50003E-1 8.62108E-1 8.875E-1 9.09734E-1 9.25871E-1 9.3929E-1 9.48703E-1 9.28426E-1 9.28946E-1 9.04799E-1 8.86742E-1 8.68684E-1 8.56299E-1 8.34014E-1 8.16598E-1 7.93651E-1 7.78958E-1 7.60837E-1 7.60524E-1 7.71395E-1 7.69547E-1 7.60789E-1 7.73698E-1 7.92311E-1 7.72662E-1 7.58585E-1 7.44224E-1 7.38044E-1 7.32261E-1 7.3005E-1 7.44531E-1 7.3935E-1
7.39628E-1 7.41133E-1 7.39842E-1 7.41911E-1 7.58793E-1 7.70273E-1 7.72791E-1 7.66284E-1 7.51906E-1 7.46785E-1 7.57755E-1 7.731E-1 7.75868E-1 7.68073E-1 7.58241E-1 7.53568E-1 7.31999E-1 7.11931E-1 7.22148E-1 7.08362E-1 7.12547E-1 7.31388E-1 7.37346E-1 7.34421E-1 7.49615E-1 7.46747E-1 7.35284E-1 7.41049E-1 8.13537E-1 8.4802E-1 8.7007E-1 8.91794E-1 9.0332E-1 9.21813E-1 9.20213E-1 8.98721E-1 8.86927E-1 8.90074E-1 8.97756E-1 8.78868E-1 8.52322E-1 8.33799E-1 8.20468E-1 8.1255E-1 8.11691E-1 7.91632E-1 7.69272E-1 7.61483E-1 7.64779E-1 7.69808E-1 7.68184E-1 7.74734E-1 7.85788E-1 7.74255E-1 7.68086E-1 7.5688E-1 7.53888E-1 7.49455E-1 7.50282E-1 7.57693E-1 7.51831E-1
7.19189E-1 7.30048E-1 7.43927E-1 7.43298E-1 7.73434E-1 7.86226E-1 7.8648E-1 7.69167E-1 7.55288E-1 7.57081E-1 7.76281E-1 7.81678E-1 7.83229E-1 7.8287E-1 7.72434E-1 7.63151E-1 7.36858E-1 6.99931E-1 6.81574E-1 6.73413E-1 6.9304E-1 7.3173E-1 7.50622E-1 7.48788E-1 7.59805E-1 7.52602E-1 7.34187E-1 7.53979E-1 8.1716E-1 8.43989E-1 8.57546E-1 8.8862E-1 9.06958E-1 9.07022E-1 8.82021E-1 8.70132E-1 8.46975E-1 8.36201E-1 8.42526E-1 8.57512E-1 8.40698E-1 8.29556E-1 8.21141E-1 8.25521E-1 8.26881E-1 8.1242E-1 7.8163E-1 7.70605E-1 7.72197E-1 7.79253E-1 7.77733E-1 7.67317E-1 7.67421E-1 7.75485E-1 7.7145E-1 7.68801E-1 7.59445E-1 7.52479E-1 7.46286E-1 7.65996E-1 7.63915E-1
7.09154E-1 7.25141E-1 7.40968E-1 7.39422E-1 7.62825E-1 7.781E-1 7.90517E-1 7.73739E-1 7.59529E-1 7.63809E-1 7.74897E-1 7.77836E-1 7.8371E-1 7.96459E-1 7.76946E-1 7.67965E-1 7.42024E-1 6.96799E-1 6.68129E-1 6.79941E-1 7.02211E-1 7.30088E-1 7.47838E-1 7.43463E-1 7.45155E-1 7.49788E-1 7.52044E-1 7.68787E-1 8.18409E-1 8.46646E-1 8.74376E-1 8.83934E-1 8.95517E-1 8.67193E-1 8.51427E-1 8.4882E-1 8.39449E-1 8.14988E-1 8.15411E-1 8.26737E-1 8.30511E-1 8.37667E-1 8.21469E-1 8.13285E-1 8.01044E-1 8.06955E-1 7.97609E-1 7.98826E-1 7.98348E-1 7.88085E-1 7.84015E-1 7.75044E-1 7.72775E-1 7.78238E-1 7.72985E-1 7.49349E-1 7.36925E-1 7.26034E-1 7.44081E-1 7.68971E-1 7.68213E-1
7.13934E-1 7.27319E-1 7.4388E-1 7.46591E-1 7.55582E-1 7.75235E-1 7.90086E-1 7.80582E-1 7.67473E-1 7.71852E-1 7.80556E-1 7.86788E-1 7.81133E-1 7.77262E-1 7.76644E-1 7.70324E-1 7.55118E-1 7.29321E-1 6.95874E-1 6.97385E-1 7.11786E-1 7.3077E-1 7.55369E-1 7.46749E-1 7.4386E-1 7.55547E-1 7.73001E-1 7.87879E-1 8.043E-1 8.47641E-1 8.77746E-1 8.91439E-1 8.86401E-1 8.44298E-1 8.35225E-1 8.4148E-1 8.07758E-1 7.99512E-1 8.00408E-1 8.16497E-1 8.39403E-1 8.3289E-1 7.98749E-1 7.75748E-1 7.70934E-1 7.92598E-1 8.02032E-1 7.95778E-1 7.93294E-1 7.96967E-1 7.86991E-1 7.80306E-1 7.79044E-1 7.69308E-1 7.56709E-1 7.40769E-1 7.37249E-1 7.37083E-1 7.53194E-1 7.75498E-1 7.73979E-1
7.34628E-1 7.41271E-1 7.52548E-1 7.65598E-1 7.72265E-1 7.91146E-1 8.02644E-1 7.91639E-1 7.77339E-1 7.87036E-1 7.94869E-1 7.92885E-1 7.90356E-1 7.68846E-1 7.64947E-1 7.68919E-1 7.68632E-1 7.49507E-1 7.31466E-1 7.2295E-1 7.15387E-1 7.46822E-1 7.59404E-1 7.61142E-1 7.67028E-1 7.73118E-1 7.78117E-1 7.78792E-1 8.0122E-1 8.43463E-1 8.66599E-1 8.6827E-1 8.58614E-1 8.38012E-1 8.16909E-1 7.99434E-1 7.78831E-1 7.76283E-1 8.01123E-1 8.31262E-1 8.2361E-1 8.06914E-1 7.98484E-1 7.5551E-1 7.57844E-1 7.81064E-1 7.88486E-1 7.89499E-1 7.98797E-1 7.97965E-1 7.95317E-1 7.806E-1 7.64318E-1 7.54305E-1 7.43983E-1 7.35355E-1 7.46004E-1 7.57291E-1 7.76298E-1 7.86309E-1 7.98267E-1
7.52141E-1 7.63447E-1 7.78882E-1 8.00644E-1 8.10881E-1 8.30547E-1 8.25614E-1 7.97079E-1 7.90234E-1 7.98679E-1 8.17475E-1 8.17935E-1 8.0411E-1 7.71252E-1 7.79091E-1 8.16946E-1 7.83069E-1 7.7612E-1 7.75647E-1 7.54983E-1 7.35857E-1 7.47993E-1 7.69338E-1 7.83837E-1 7.86549E-1 7.8501E-1 7.77173E-1 7.73191E-1 7.95279E-1 8.30069E-1 8.33385E-1 8.33292E-1 8.37653E-1 8.19798E-1 7.99478E-1 7.80987E-1 7.64339E-1 7.5515E-1 7.79797E-1 8.11069E-1 8.13206E-1 7.97423E-1 7.68013E-1 7.58935E-1 7.54948E-1 7.76205E-1 7.79183E-1 7.86664E-1 7.95527E-1 7.93863E-1 7.97045E-1 7.7209E-1 7.52424E-1 7.54816E-1 7.45451E-1 7.32365E-1 7.48882E-1 7.68176E-1 7.9548E-1 8.14888E-1 8.09063E-1
7.81753E-1 7.9067E-1 8.1007E-1 8.3255E-1 8.24248E-1 8.36362E-1 8.06879E-1 7.87736E-1 7.98733E-1 8.16145E-1 8.41753E-1 8.28747E-1 7.89047E-1 7.68185E-1 7.86242E-1 8.08712E-1 7.92137E-1 7.876E-1 7.99703E-1 7.99432E-1 7.87881E-1 7.85678E-1 7.94962E-1 7.86526E-1 7.91807E-1 7.82012E-1 7.77218E-1 7.78459E-1 7.86291E-1 8.02163E-1 8.05762E-1 8.03479E-1 8.00882E-1 7.99905E-1 7.77638E-1 7.75204E-1 7.7141E-1 7.5245E-1 7.57165E-1 7.88918E-1 7.99242E-1 7.85839E-1 7.7375E-1 7.71794E-1 7.56166E-1 7.63556E-1 7.66944E-1 7.7411E-1 7.83207E-1 7.88776E-1 7.81261E-1 7.55065E-1 7.28754E-1 7.28209E-1 7.65006E-1 7.61195E-1 7.60772E-1 7.83505E-1 8.16843E-1 8.14094E-1 8.17918E-1
8.06121E-1 8.14137E-1 8.31106E-1 8.14188E-1 7.96538E-1 7.89507E-1 7.72069E-1 7.81301E-1 8.09E-1 8.40892E-1 8.71806E-1 8.29891E-1 7.72243E-1 7.73571E-1 7.60868E-1 7.71631E-1 7.76771E-1 7.94462E-1 8.08707E-1 8.06239E-1 8.09619E-1 8.11439E-1 8.04989E-1 7.84907E-1 7.77207E-1 7.82361E-1 7.7905E-1 7.74385E-1 7.81444E-1 7.86904E-1 7.87507E-1 7.74594E-1 7.743E-1 7.80888E-1 7.83843E-1 7.9014E-1 7.89959E-1 7.65845E-1 7.5692E-1 7.67151E-1 7.95236E-1 7.82919E-1 7.67985E-1 7.53353E-1 7.50323E-1 7.54076E-1 7.66445E-1 7.71836E-1 7.77251E-1 7.80001E-1 7.55672E-1 7.28373E-1 7.28693E-1 7.3585E-1 7.42572E-1 7.84873E-1 7.68264E-1 8.00914E-1 8.35829E-1 8.26348E-1 8.31305E-1
8.30323E-1 8.28738E-1 8.34081E-1 8.10672E-1 7.93462E-1 7.83504E-1 7.80186E-1 8.00925E-1 8.18223E-1 8.4901E-1 8.62893E-1 8.30993E-1 8.01015E-1 7.89917E-1 7.63582E-1 7.49087E-1 7.74628E-1 7.93209E-1 8.01103E-1 7.94427E-1 7.93856E-1 8.00999E-1 7.91711E-1 7.79895E-1 7.88662E-1 8.0647E-1 7.83979E-1 7.74964E-1 7.80929E-1 7.77942E-1 7.58842E-1 7.49865E-1 7.62469E-1 7.90355E-1 7.88241E-1 8.03309E-1 8.2181E-1 7.83337E-1 7.5196E-1 7.54773E-1 7.77285E-1 7.91158E-1 7.78199E-1 7.67836E-1 7.59988E-1 7.60186E-1 7.65325E-1 7.68998E-1 7.72557E-1 7.64313E-1 7.47539E-1 7.37554E-1 7.46806E-1 7.54166E-1 7.72423E-1 7.79435E-1 7.87103E-1 8.17549E-1 8.42072E-1 8.45866E-1 8.38826E-1
8.58436E-1 8.46504E-1 8.37276E-1 8.1255E-1 8.02846E-1 8.0135E-1 8.12884E-1 8.22424E-1 8.36023E-1 8.58147E-1 8.523E-1 8.34799E-1 8.16194E-1 7.9654E-1 7.70856E-1 7.78072E-1 7.94445E-1 8.0014E-1 7.9377E-1 7.80586E-1 7.89424E-1 7.86461E-1 7.90281E-1 7.9555E-1 8.04789E-1 7.9115E-1 7.77949E-1 7.79461E-1 7.86931E-1 7.71322E-1 7.42383E-1 7.38451E-1 7.47984E-1 7.8423E-1 7.91919E-1 7.87484E-1 7.87726E-1 7.64837E-1 7.46024E-1 7.48368E-1 7.61619E-1 7.919E-1 7.8795E-1 7.78532E-1 7.66517E-1 7.72928E-1 7.70793E-1 7.73071E-1 7.66217E-1 7.57325E-1 7.57481E-1 7.56612E-1 7.66085E-1 7.83359E-1 7.94788E-1 7.94586E-1 8.12712E-1 8.34422E-1 8.55865E-1 -9999 -9999
8.54828E-1 8.55485E-1 8.41654E-1 8.1358E-1 8.02214E-1 8.20383E-1 8.43051E-1 8.53269E-1 8.6322E-1 8.60448E-1 8.54828E-1 8.24542E-1 8.04242E-1 7.92069E-1 7.84365E-1 7.9062E-1 8.0136E-1 7.94689E-1 7.84411E-1 7.85438E-1 8.05553E-1 7.94155E-1 7.96503E-1 8.00583E-1 7.96052E-1 7.74357E-1 7.55585E-1 7.62887E-1 7.73865E-1 7.61622E-1 7.37401E-1 7.2552E-1 7.41816E-1 7.74629E-1 7.78547E-1 7.62105E-1 7.49696E-1 7.4399E-1 7.44429E-1 7.46828E-1 7.5031E-1 7.601E-1 7.76922E-1 7.88232E-1 7.77911E-1 7.80409E-1 7.77519E-1 7.72038E-1 7.75598E-1 7.63073E-1 7.63019E-1 7.74977E-1 7.86738E-1 7.9915E-1 8.0977E-1 8.11533E-1 8.39678E-1 8.47103E-1 -9999 -9999 -9999
8.64414E-1 8.6258E-1 8.49834E-1 8.4059E-1 8.34872E-1 8.5049E-1 8.59189E-1 8.69827E-1 8.63328E-1 8.56949E-1 8.46925E-1 8.08159E-1 7.90437E-1 7.8395E-1 7.87804E-1 7.88217E-1 7.90954E-1 7.89044E-1 7.8576E-1 7.70071E-1 7.85639E-1 7.87267E-1 7.92451E-1 8.05335E-1 7.7769E-1 7.46346E-1 7.3155E-1 7.31535E-1 7.46787E-1 7.52136E-1 7.32766E-1 7.178E-1 7.29909E-1 7.56517E-1 7.68801E-1 7.52758E-1 7.44587E-1 7.48067E-1 7.53106E-1 7.4458E-1 7.45436E-1 7.47484E-1 7.74206E-1 8.08497E-1 7.9639E-1 7.91754E-1 7.73369E-1 7.7152E-1 7.77492E-1 7.69837E-1 7.77038E-1 7.95302E-1 8.18593E-1 8.30447E-1 8.36211E-1 8.31117E-1 8.43547E-1 -9999 -9999 -9999 -9999
8.85301E-1 8.67031E-1 8.6766E-1 8.76969E-1 8.69674E-1 8.68565E-1 8.75822E-1 8.6054E-1 8.51484E-1 8.23988E-1 7.9658E-1 7.88445E-1 7.74853E-1 7.80388E-1 7.85951E-1 7.93481E-1 7.91855E-1 7.94885E-1 7.96521E-1 7.85178E-1 7.83772E-1 7.96596E-1 7.921E-1 7.79486E-1 7.476E-1 7.18363E-1 7.11981E-1 7.09794E-1 7.19076E-1 7.13963E-1 6.98873E-1 6.98881E-1 7.055E-1 7.37686E-1 7.53198E-1 7.72106E-1 7.77573E-1 7.78477E-1 7.65725E-1 7.49506E-1 7.52172E-1 7.6162E-1 7.96302E-1 8.22953E-1 8.11477E-1 8.10299E-1 7.92715E-1 7.87222E-1 7.86748E-1 7.86915E-1 8.01212E-1 8.22544E-1 8.30674E-1 8.46539E-1 8.51839E-1 -9999 -9999 -9999 -9999 -9999 -9999
8.9284E-1 8.69568E-1 8.55501E-1 8.61749E-1 8.68355E-1 8.77953E-1 8.67719E-1 8.54893E-1 8.31099E-1 7.96149E-1 7.71764E-1 7.64314E-1 7.69441E-1 7.70293E-1 7.71583E-1 7.77567E-1 7.81433E-1 7.8149E-1 7.7937E-1 7.88236E-1 7.99094E-1 8.0529E-1 7.93565E-1 7.69786E-1 7.36466E-1 7.08075E-1 7.0007E-1 6.89032E-1 6.86148E-1 6.8108E-1 6.80059E-1 6.86768E-1 6.9778E-1 7.26038E-1 7.61202E-1 7.95779E-1 8.10856E-1 7.9513E-1 7.64266E-1 7.46733E-1 7.49976E-1 7.84668E-1 8.16413E-1 8.25418E-1 8.21284E-1 8.12147E-1 8.01341E-1 7.90076E-1 7.88506E-1 7.99764E-1 8.14795E-1 8.32204E-1 8.41691E-1 8.52866E-1 -9999 -9999 -9999 -9999 -9999 -9999 -9999
8.9627E-1 8.65132E-1 8.45893E-1 8.2317E-1 8.57011E-1 8.82511E-1 8.70933E-1 8.44011E-1 8.09386E-1 7.76467E-1 7.59561E-1 7.65981E-1 7.71852E-1 7.57479E-1 7.59107E-1 7.61286E-1 7.66806E-1 7.77303E-1 7.8617E-1 8.08698E-1 8.22132E-1 8.29418E-1 7.96134E-1 7.63276E-1 7.41784E-1 7.26979E-1 7.00887E-1 6.80459E-1 6.87713E-1 6.78534E-1 6.81799E-1 6.91036E-1 6.9365E-1 7.05311E-1 7.45257E-1 7.71012E-1 7.92841E-1 7.87594E-1 7.67743E-1 7.47718E-1 7.58276E-1 7.90874E-1 8.1585E-1 8.25716E-1 8.29162E-1 8.20812E-1 8.09412E-1 8.01477E-1 8.0783E-1 8.26824E-1 8.31857E-1 8.38643E-1 -9999 -9999 -9999 -9999 -9999 -9999 -9999 -9999 -9999
9.03573E-1 8.77217E-1 8.54236E-1 8.33483E-1 8.52152E-1 8.69015E-1 8.58042E-1 8.44458E-1 8.08571E-1 7.78806E-1 7.63435E-1 7.6763E-1 7.55955E-1 7.60936E-1 7.56762E-1 7.57781E-1 7.57919E-1 7.8106E-1 7.99013E-1 8.25282E-1 8.35256E-1 8.34936E-1 7.99645E-1 7.6318E-1 7.4474E-1 7.40182E-1 7.16542E-1 7.0544E-1 7.17184E-1 7.21339E-1 7.12951E-1 7.12706E-1 7.03796E-1 7.15439E-1 7.383E-1 7.4796E-1 7.64472E-1 7.72301E-1 7.72564E-1 7.70153E-1 7.8348E-1 7.97559E-1 8.15533E-1 8.31031E-1 8.41214E-1 8.25761E-1 8.28654E-1 8.2251E-1 8.29009E-1 8.4381E-1 8.53576E-1 -9999 -9999 -9999 -9999 -9999 -9999 -9999 -9999 -9999 -9999
9.15682E-1 9.02147E-1 8.73213E-1 8.58183E-1 8.64221E-1 8.6598E-1 8.63937E-1 8.52627E-1 8.25335E-1 8.1068E-1 7.99567E-1 7.83925E-1 7.73745E-1 7.72387E-1 7.75113E-1 7.78566E-1 7.84145E-1 8.01895E-1 8.27823E-1 8.46668E-1 8.55789E-1 8.36265E-1 8.06323E-1 7.7625E-1 7.66036E-1 7.65898E-1 7.41379E-1 7.55562E-1 7.63149E-1 7.67994E-1 7.54467E-1 7.4446E-1 7.37686E-1 7.31829E-1 7.51389E-1 7.70101E-1 7.82629E-1 7.73707E-1 7.81478E-1 7.81383E-1 7.82514E-1 8.02723E-1 8.12107E-1 8.22161E-1 8.4213E-1 8.30934E-1 8.33907E-1 8.42007E-1 8.57688E-1 8.56761E-1 -9999 -9999 -9999 -9999 -9999 -9999 -9999 -9999 -9999 -9999 -9999
9.25004E-1 9.07385E-1 8.82295E-1 8.67625E-1 8.6949E-1 8.72701E-1 8.68599E-1 8.67593E-1 8.58395E-1 8.46074E-1 8.29697E-1 8.13434E-1 8.02389E-1 7.92034E-1 7.87801E-1 8.10462E-1 8.21789E-1 8.31715E-1 8.58883E-1 8.77962E-1 8.74871E-1 8.4744E-1 8.19184E-1 7.98555E-1 7.9063E-1 7.84032E-1 7.83221E-1 7.77376E-1 7.73404E-1 7.73331E-1 7.87477E-1 7.85176E-1 7.67966E-1 7.75786E-1 7.9515E-1 8.05135E-1 8.06864E-1 7.90332E-1 7.86074E-1 7.85297E-1 7.88687E-1 8.08762E-1 8.31506E-1 8.30762E-1 8.33798E-1 8.39208E-1 8.44437E-1 8.55224E-1 8.74481E-1 8.71583E-1 -9999 -9999 -9999 -9999 -9999 -9999 -9999 -9999 -9999 -9999 -9999
