maxent_outputs/red_flowers_troch_bombus_environ/red_206.asc
ncols         426
nrows         180
xllcorner     -130.0
yllcorner     24.0
cellsize      0.16666666666666666
NODATA_value  -9999
[rows 54 to 80 of 180, columns 305 to 365 of 426]
6.28604E-1 6.24269E-1 6.33802E-1 6.27262E-1 6.22299E-1 6.11131E-1 5.93604E-1 5.74765E-1 5.66303E-1 5.62339E-1 5.44569E-1 5.49251E-1 5.4071E-1 5.25788E-1 5.31046E-1 5.35071E-1 5.23877E-1 5.20343E-1 5.40078E-1 5.48931E-1 5.67284E-1 5.84125E-1 5.6278E-1 5.92966E-1 6.15902E-1 6.04808E-1 5.81256E-1 5.75358E-1 5.60628E-1 5.6398E-1 5.54635E-1 5.45962E-1 5.0749E-1 4.23418E-1 3.70129E-1 4.19621E-1 4.54707E-1 5.14142E-1 5.63295E-1 6.74972E-1 6.5397E-1 5.9496E-1 5.95763E-1 6.15408E-1 5.98224E-1 5.56016E-1 5.29502E-1 6.13033E-1 5.40055E-1 5.53393E-1 5.85117E-1 6.63835E-1 6.6216E-1 6.54923E-1 6.38363E-1 6.23291E-1 6.16298E-1 6.15916E-1 6.18638E-1 6.19332E-1 6.3236E-1
6.20419E-1 6.1977E-1 6.34052E-1 6.2723E-1 6.21262E-1 6.08975E-1 5.91285E-1 5.79125E-1 5.73153E-1 5.61516E-1 5.53275E-1 5.48131E-1 5.43539E-1 5.36259E-1 5.39355E-1 5.56304E-1 5.67765E-1 5.87384E-1 5.70561E-1 5.58398E-1 5.59268E-1 5.50851E-1 5.43481E-1 5.30623E-1 5.2994E-1 5.27195E-1 5.2647E-1 5.34914E-1 5.50185E-1 5.46735E-1 5.72615E-1 5.7438E-1 5.35889E-1 4.33719E-1 3.92889E-1 4.33534E-1 4.49526E-1 4.98696E-1 5.88679E-1 6.48836E-1 6.2258E-1 5.73907E-1 5.947E-1 5.81762E-1 5.57154E-1 5.33754E-1 6.18169E-1 5.56263E-1 5.05578E-1 5.54477E-1 6.52252E-1 6.70147E-1 6.56149E-1 6.81129E-1 6.88159E-1 6.45517E-1 6.22857E-1 6.09773E-1 6.22E-1 6.32831E-1 6.64341E-1
6.25358E-1 6.30494E-1 6.29891E-1 6.18264E-1 6.17534E-1 5.96238E-1 5.90239E-1 5.85599E-1 5.83891E-1 5.68603E-1 5.57792E-1 5.57845E-1 5.5185E-1 5.52062E-1 5.65013E-1 5.96494E-1 6.15574E-1 6.00701E-1 6.0013E-1 5.79857E-1 5.68327E-1 5.4334E-1 5.02627E-1 4.91384E-1 4.92662E-1 5.29222E-1 5.35364E-1 5.62527E-1 5.58448E-1 5.59353E-1 5.63093E-1 5.33311E-1 4.95906E-1 4.55075E-1 4.68742E-1 4.5768E-1 4.55687E-1 5.05905E-1 6.05088E-1 5.48359E-1 5.59235E-1 5.88084E-1 5.54317E-1 5.31785E-1 5.54882E-1 4.92688E-1 5.91415E-1 5.3167E-1 5.8931E-1 6.78397E-1 6.23845E-1 6.20441E-1 6.41046E-1 6.91541E-1 6.99176E-1 6.87328E-1 6.3698E-1 6.12361E-1 6.43033E-1 6.71467E-1 6.91883E-1
6.14281E-1 6.14816E-1 6.09983E-1 6.06982E-1 6.04349E-1 5.76472E-1 5.61394E-1 5.68364E-1 5.6819E-1 5.63459E-1 5.67683E-1 5.77106E-1 5.75603E-1 5.67492E-1 5.94079E-1 6.31922E-1 6.26574E-1 6.09029E-1 5.97089E-1 5.99121E-1 5.86852E-1 5.41056E-1 5.07615E-1 5.11874E-1 5.25258E-1 5.51915E-1 5.63332E-1 5.62131E-1 5.68408E-1 5.54085E-1 5.42502E-1 5.74045E-1 5.0691E-1 5.05661E-1 5.007E-1 4.94163E-1 4.63513E-1 5.36426E-1 5.59783E-1 5.95721E-1 5.65885E-1 5.78294E-1 5.08151E-1 4.93473E-1 4.96372E-1 4.80439E-1 6.46427E-1 6.5834E-1 6.87281E-1 6.70475E-1 6.25932E-1 6.53323E-1 6.64274E-1 6.9018E-1 6.96979E-1 6.88477E-1 6.62067E-1 6.66079E-1 6.85016E-1 7.03389E-1 7.05976E-1
5.93067E-1 6.09988E-1 6.06887E-1 5.98981E-1 5.94359E-1 5.80697E-1 5.75015E-1 5.65002E-1 5.72968E-1 5.79837E-1 5.92268E-1 5.95549E-1 5.90363E-1 5.8979E-1 6.22646E-1 6.48669E-1 6.5368E-1 6.55952E-1 6.49921E-1 5.98321E-1 5.66086E-1 5.4768E-1 5.41039E-1 5.44719E-1 5.66205E-1 5.84E-1 5.94269E-1 6.0521E-1 5.90383E-1 5.89013E-1 5.92375E-1 6.00221E-1 5.9442E-1 5.40926E-1 4.90529E-1 4.73826E-1 4.9354E-1 6.10039E-1 5.66706E-1 5.35827E-1 5.54772E-1 5.82007E-1 5.05321E-1 4.99603E-1 5.1751E-1 6.77484E-1 7.83065E-1 8.53773E-1 7.68718E-1 6.85785E-1 6.75795E-1 6.6381E-1 6.89855E-1 7.02668E-1 7.12328E-1 7.12155E-1 7.02532E-1 7.09317E-1 7.12385E-1 7.22833E-1 7.30775E-1
6.05231E-1 6.09962E-1 5.95165E-1 6.17225E-1 6.05334E-1 5.94787E-1 5.87517E-1 5.8394E-1 6.01751E-1 6.06681E-1 6.17342E-1 6.4182E-1 6.23935E-1 6.61787E-1 7.07889E-1 7.60854E-1 7.1281E-1 6.64859E-1 6.34732E-1 6.01149E-1 5.78733E-1 5.90396E-1 5.95847E-1 5.97177E-1 6.18127E-1 6.32147E-1 6.49E-1 6.47013E-1 6.34987E-1 6.21626E-1 6.29972E-1 6.76332E-1 6.28511E-1 5.54491E-1 4.99435E-1 4.62125E-1 5.2249E-1 6.48013E-1 6.32554E-1 5.86224E-1 6.07269E-1 5.76089E-1 5.15776E-1 5.88603E-1 6.99495E-1 7.91414E-1 8.10167E-1 7.72791E-1 7.36868E-1 6.81931E-1 6.93869E-1 6.98215E-1 7.09682E-1 7.2725E-1 7.31623E-1 7.31821E-1 7.35987E-1 7.44573E-1 7.36143E-1 7.34929E-1 7.41239E-1
6.05052E-1 6.15934E-1 6.14491E-1 6.57081E-1 6.79421E-1 7.02511E-1 7.09729E-1 7.19149E-1 7.338E-1 7.37555E-1 7.12468E-1 6.85954E-1 6.51123E-1 7.32597E-1 7.91251E-1 7.91666E-1 7.76168E-1 7.17488E-1 6.76427E-1 6.67596E-1 6.79446E-1 6.33776E-1 6.116E-1 6.46291E-1 6.74786E-1 6.84001E-1 6.94537E-1 6.879E-1 6.83246E-1 6.36179E-1 6.05978E-1 6.12733E-1 5.73934E-1 5.6307E-1 5.04472E-1 4.76192E-1 5.42434E-1 6.77285E-1 6.51338E-1 5.89832E-1 6.22761E-1 5.97619E-1 5.84916E-1 6.40463E-1 7.02164E-1 7.49471E-1 8.05755E-1 7.73889E-1 7.40351E-1 7.12105E-1 7.04311E-1 7.38441E-1 7.29442E-1 7.23289E-1 7.32293E-1 7.403E-1 7.68067E-1 7.87878E-1 7.79881E-1 8.05748E-1 8.69904E-1
6.91184E-1 7.29751E-1 7.33556E-1 7.46351E-1 7.55634E-1 7.476E-1 7.43337E-1 7.47337E-1 7.61237E-1 7.68477E-1 7.82692E-1 7.82576E-1 7.82412E-1 8.06732E-1 8.20532E-1 8.3133E-1 8.2908E-1 7.5604E-1 7.028E-1 7.3218E-1 7.39985E-1 7.21973E-1 6.71798E-1 7.11095E-1 7.42602E-1 7.34948E-1 7.45396E-1 7.49279E-1 7.41957E-1 6.63628E-1 6.59009E-1 6.09086E-1 5.89602E-1 6.01937E-1 5.38429E-1 5.1036E-1 5.35586E-1 6.83766E-1 6.83322E-1 6.62159E-1 6.41247E-1 6.02792E-1 6.51313E-1 6.88234E-1 6.83976E-1 7.03087E-1 7.18139E-1 7.57406E-1 7.15743E-1 7.04195E-1 6.90642E-1 7.07459E-1 7.04466E-1 7.3097E-1 7.93684E-1 7.96365E-1 7.8691E-1 8.28003E-1 -9999 9.20221E-1 -9999
7.51293E-1 7.47041E-1 7.49343E-1 7.47224E-1 7.4045E-1 7.30976E-1 7.27989E-1 7.31525E-1 7.48309E-1 7.67027E-1 7.74781E-1 7.84055E-1 7.8937E-1 8.04867E-1 8.20061E-1 8.29426E-1 8.09766E-1 7.65836E-1 7.29243E-1 7.57353E-1 7.69775E-1 7.62262E-1 7.52364E-1 7.51694E-1 7.87128E-1 7.91403E-1 7.90912E-1 7.93604E-1 7.69981E-1 7.36857E-1 7.02406E-1 6.5981E-1 6.17625E-1 6.1689E-1 5.52053E-1 5.17129E-1 5.49317E-1 6.03605E-1 7.51519E-1 7.13987E-1 6.52676E-1 6.58191E-1 6.71111E-1 7.00031E-1 6.8293E-1 6.84712E-1 6.99464E-1 7.32687E-1 7.23269E-1 7.03793E-1 6.99541E-1 7.01238E-1 7.12962E-1 7.47596E-1 -9999 -9999 -9999 -9999 -9999 -9999 -9999
7.50907E-1 7.50256E-1 7.33693E-1 6.9882E-1 6.87224E-1 6.62132E-1 6.46277E-1 6.46933E-1 6.8301E-1 7.36905E-1 7.57031E-1 7.58777E-1 7.59932E-1 7.70616E-1 7.59905E-1 7.18848E-1 7.24751E-1 7.19787E-1 7.4081E-1 7.60673E-1 7.69124E-1 7.74055E-1 7.94021E-1 7.84173E-1 7.746E-1 7.86921E-1 7.97589E-1 7.99501E-1 7.80689E-1 7.47207E-1 7.38588E-1 6.83854E-1 6.41399E-1 5.83638E-1 5.40514E-1 5.43568E-1 6.36832E-1 7.08421E-1 7.57257E-1 7.20742E-1 6.79784E-1 7.0121E-1 6.99309E-1 6.96977E-1 6.9198E-1 6.6642E-1 6.78791E-1 6.96904E-1 7.11312E-1 7.03268E-1 7.06026E-1 7.18917E-1 7.41454E-1 -9999 -9999 -9999 -9999 -9999 -9999 -9999 -9999
6.72577E-1 6.80137E-1 6.65341E-1 6.48967E-1 6.2043E-1 5.8827E-1 5.66877E-1 5.5025E-1 5.87372E-1 6.418E-1 6.46022E-1 6.3188E-1 6.24115E-1 6.47388E-1 6.7131E-1 6.94564E-1 7.05893E-1 7.02246E-1 7.17715E-1 7.42854E-1 7.25642E-1 6.89818E-1 6.85625E-1 7.06426E-1 7.16768E-1 7.56927E-1 7.8579E-1 7.86805E-1 7.94752E-1 7.47015E-1 7.242E-1 6.93427E-1 6.30675E-1 5.52791E-1 5.50967E-1 6.22811E-1 7.3719E-1 8.05559E-1 7.95152E-1 7.38052E-1 7.03069E-1 7.46171E-1 7.47425E-1 7.20381E-1 6.90197E-1 6.48124E-1 6.50728E-1 6.92687E-1 6.99407E-1 6.90128E-1 7.27311E-1 7.43598E-1 -9999 -9999 -9999 -9999 -9999 -9999 -9999 -9999 -9999
6.86058E-1 6.91033E-1 6.78797E-1 6.51607E-1 6.29865E-1 5.81786E-1 5.46352E-1 5.45187E-1 5.67495E-1 5.95147E-1 6.04512E-1 6.09225E-1 6.17931E-1 6.32005E-1 6.57821E-1 6.51526E-1 6.5994E-1 6.61944E-1 6.52349E-1 6.74704E-1 6.63613E-1 6.4684E-1 6.57315E-1 6.55493E-1 6.69913E-1 6.62287E-1 6.76049E-1 7.53673E-1 7.48055E-1 7.21914E-1 7.04144E-1 6.78282E-1 6.2522E-1 5.65011E-1 5.58321E-1 6.7738E-1 7.93124E-1 8.589E-1 8.0288E-1 7.72762E-1 7.11911E-1 7.60054E-1 7.78989E-1 7.42384E-1 7.2236E-1 6.79882E-1 6.59019E-1 6.87675E-1 6.95897E-1 7.13077E-1 7.51023E-1 7.5316E-1 -9999 -9999 -9999 -9999 -9999 -9999 -9999 -9999 -9999
6.72374E-1 7.0331E-1 6.9437E-1 6.64273E-1 6.46368E-1 6.07191E-1 5.69544E-1 5.46288E-1 5.43098E-1 5.55217E-1 5.75133E-1 5.84544E-1 5.96172E-1 6.21759E-1 6.31128E-1 6.12992E-1 6.36612E-1 6.72641E-1 6.83228E-1 6.89587E-1 7.12095E-1 6.80633E-1 6.94382E-1 7.05122E-1 6.96873E-1 6.8856E-1 6.47114E-1 6.43207E-1 6.60288E-1 6.60912E-1 6.72385E-1 6.4887E-1 6.1402E-1 5.78505E-1 5.82534E-1 6.55835E-1 8.49984E-1 8.68938E-1 8.34886E-1 7.47841E-1 7.35319E-1 7.38486E-1 7.915E-1 7.5552E-1 7.43709E-1 7.02864E-1 6.7233E-1 7.17885E-1 7.32838E-1 7.55757E-1 7.60844E-1 9.12195E-1 -9999 -9999 -9999 -9999 -9999 -9999 -9999 -9999 -9999
7.19936E-1 6.82424E-1 6.76953E-1 6.7993E-1 6.57276E-1 6.49522E-1 5.82864E-1 5.25465E-1 5.30845E-1 5.68013E-1 6.05253E-1 5.75964E-1 5.71289E-1 6.06E-1 6.25263E-1 6.19081E-1 6.5825E-1 7.04126E-1 7.0803E-1 7.09008E-1 7.10295E-1 6.78625E-1 6.93171E-1 6.80048E-1 6.83113E-1 6.81552E-1 6.97409E-1 6.69159E-1 6.66139E-1 6.72078E-1 6.6299E-1 6.24211E-1 6.0847E-1 6.20305E-1 7.04549E-1 7.34116E-1 8.30998E-1 8.4498E-1 8.25484E-1 7.7542E-1 7.3978E-1 7.64924E-1 7.65749E-1 7.76824E-1 7.62699E-1 7.4068E-1 7.42987E-1 7.67192E-1 7.94149E-1 7.85375E-1 7.93193E-1 8.28962E-1 -9999 -9999 -9999 -9999 -9999 -9999 -9999 -9999 -9999
6.28594E-1 6.39372E-1 6.71821E-1 6.71027E-1 6.37567E-1 6.26017E-1 5.6261E-1 5.45157E-1 5.20914E-1 5.41561E-1 5.56762E-1 5.67629E-1 5.55846E-1 5.62969E-1 6.12866E-1 6.26296E-1 6.57988E-1 6.79753E-1 7.07348E-1 7.04772E-1 7.13945E-1 6.86531E-1 6.85043E-1 6.71934E-1 6.68272E-1 6.70328E-1 6.7444E-1 6.83049E-1 6.77018E-1 6.86988E-1 6.90345E-1 6.30903E-1 6.0632E-1 6.41672E-1 7.11328E-1 7.79686E-1 8.06504E-1 8.09138E-1 8.09893E-1 7.47534E-1 7.78579E-1 7.53256E-1 7.56873E-1 7.77816E-1 7.82872E-1 7.80998E-1 7.89171E-1 8.07178E-1 8.15101E-1 8.04695E-1 8.05482E-1 8.13604E-1 -9999 -9999 -9999 -9999 -9999 -9999 -9999 -9999 -9999
6.61319E-1 6.64283E-1 6.74363E-1 6.65859E-1 6.23377E-1 5.88991E-1 5.42392E-1 5.66056E-1 5.32033E-1 5.2678E-1 5.13083E-1 5.39816E-1 5.44009E-1 5.61109E-1 6.08284E-1 6.25813E-1 6.57735E-1 7.03097E-1 6.99065E-1 7.02626E-1 7.02906E-1 6.93099E-1 6.94465E-1 6.83627E-1 6.76461E-1 6.74377E-1 6.55814E-1 6.81272E-1 6.74661E-1 7.05069E-1 6.57178E-1 6.48526E-1 6.17837E-1 6.47555E-1 7.03573E-1 7.36501E-1 8.08158E-1 8.06023E-1 8.14818E-1 7.52506E-1 8.06168E-1 7.84487E-1 7.76444E-1 8.0043E-1 8.06808E-1 8.11545E-1 8.05012E-1 8.28455E-1 8.31147E-1 8.26654E-1 -9999 -9999 -9999 -9999 -9999 -9999 -9999 -9999 -9999 -9999 -9999
6.86898E-1 6.99177E-1 6.98027E-1 6.64087E-1 6.25782E-1 5.70835E-1 5.4175E-1 5.43913E-1 5.51094E-1 5.38744E-1 5.22718E-1 5.23448E-1 5.55383E-1 5.65572E-1 5.90116E-1 6.33814E-1 6.58034E-1 6.76277E-1 6.94736E-1 7.03077E-1 7.01572E-1 7.00799E-1 7.0849E-1 7.23412E-1 7.11064E-1 6.86587E-1 6.92242E-1 7.16536E-1 7.61644E-1 7.72729E-1 7.71403E-1 6.57728E-1 6.41232E-1 7.00257E-1 7.36762E-1 7.87976E-1 8.32823E-1 8.29037E-1 8.06152E-1 7.81222E-1 7.94089E-1 8.08024E-1 8.01406E-1 8.18872E-1 8.22111E-1 8.26302E-1 8.1386E-1 8.38712E-1 8.47078E-1 8.49255E-1 8.52029E-1 -9999 -9999 -9999 -9999 -9999 -9999 -9999 -9999 -9999 -9999
7.07121E-1 7.05501E-1 7.02887E-1 6.65493E-1 5.98257E-1 5.75124E-1 5.59461E-1 5.39608E-1 5.50473E-1 5.39173E-1 5.20285E-1 5.21583E-1 5.39434E-1 5.62406E-1 5.83948E-1 6.19803E-1 6.3647E-1 6.55472E-1 6.8046E-1 6.92796E-1 7.03647E-1 7.18194E-1 7.36417E-1 7.482E-1 7.38976E-1 7.24781E-1 7.33191E-1 8.1208E-1 8.2747E-1 8.02769E-1 7.62608E-1 6.66405E-1 6.82099E-1 7.13876E-1 7.78697E-1 8.03576E-1 8.46743E-1 8.4978E-1 7.9716E-1 7.92428E-1 8.26434E-1 8.45916E-1 8.40684E-1 8.25267E-1 8.39482E-1 8.36215E-1 8.29923E-1 8.44115E-1 8.58261E-1 8.59324E-1 8.66476E-1 8.76955E-1 -9999 8.15333E-1 8.26219E-1 -9999 -9999 -9999 -9999 -9999 -9999
7.08117E-1 7.18235E-1 7.17639E-1 6.81972E-1 6.23707E-1 5.8379E-1 5.64297E-1 5.7291E-1 5.642E-1 5.44952E-1 5.30909E-1 5.22999E-1 5.45691E-1 5.64129E-1 5.91557E-1 6.05384E-1 6.33523E-1 6.58725E-1 6.86265E-1 7.08345E-1 7.09647E-1 7.36424E-1 7.66508E-1 7.53205E-1 7.5637E-1 7.6002E-1 7.90234E-1 8.13923E-1 8.43978E-1 7.72899E-1 6.99918E-1 6.82975E-1 7.10587E-1 7.40452E-1 7.76623E-1 8.37668E-1 8.46647E-1 8.47376E-1 8.08006E-1 8.10961E-1 8.44405E-1 8.57764E-1 8.57086E-1 8.34329E-1 8.55547E-1 8.45194E-1 8.34924E-1 8.51296E-1 8.65429E-1 8.74886E-1 8.75538E-1 8.6502E-1 -9999 -9999 8.51331E-1 8.75344E-1 -9999 -9999 -9999 -9999 -9999
7.00881E-1 7.08064E-1 7.09021E-1 6.93769E-1 6.48072E-1 6.20028E-1 5.89592E-1 5.86715E-1 5.91071E-1 5.73982E-1 5.44219E-1 5.22038E-1 5.48457E-1 5.7972E-1 5.82984E-1 6.09029E-1 6.25192E-1 6.37128E-1 6.53761E-1 6.68724E-1 6.89345E-1 7.35394E-1 7.68395E-1 7.5285E-1 7.34724E-1 7.46009E-1 7.73208E-1 7.68583E-1 7.6505E-1 7.41549E-1 6.91674E-1 6.93156E-1 7.14877E-1 7.76679E-1 8.16502E-1 8.43195E-1 8.51149E-1 8.46354E-1 8.36717E-1 8.40468E-1 8.64862E-1 8.60117E-1 8.5834E-1 8.50981E-1 8.56879E-1 8.43534E-1 8.35711E-1 8.60015E-1 8.73917E-1 8.78308E-1 8.70135E-1 8.62782E-1 8.59551E-1 8.56334E-1 8.7425E-1 8.8542E-1 -9999 -9999 -9999 -9999 -9999
7.06714E-1 6.99144E-1 6.89425E-1 6.84998E-1 6.75887E-1 6.34766E-1 6.20995E-1 6.23151E-1 6.11009E-1 5.99956E-1 5.72123E-1 5.55236E-1 5.73418E-1 5.98855E-1 6.32678E-1 6.45343E-1 6.48211E-1 6.55836E-1 6.564E-1 6.48944E-1 6.60694E-1 7.09877E-1 7.46302E-1 7.32587E-1 7.42329E-1 7.65197E-1 7.9062E-1 8.0263E-1 7.58706E-1 7.03832E-1 7.18269E-1 7.19747E-1 7.4665E-1 8.00114E-1 8.08537E-1 8.30263E-1 8.48402E-1 8.60874E-1 8.60303E-1 8.70804E-1 8.74235E-1 8.76464E-1 8.6724E-1 8.64186E-1 8.55957E-1 8.39627E-1 8.38149E-1 8.65283E-1 8.68501E-1 8.77123E-1 8.88559E-1 8.72541E-1 8.58658E-1 8.51649E-1 8.69089E-1 9.06516E-1 -9999 -9999 -9999 -9999 -9999
7.02703E-1 6.91839E-1 6.84992E-1 6.8002E-1 6.75357E-1 6.49239E-1 6.47289E-1 6.33518E-1 6.28719E-1 6.28086E-1 6.14461E-1 6.09653E-1 6.19017E-1 6.29988E-1 6.54094E-1 6.61194E-1 6.83649E-1 7.00042E-1 6.9874E-1 6.6068E-1 6.53775E-1 7.12093E-1 7.42322E-1 7.59392E-1 7.60415E-1 7.73308E-1 7.82881E-1 7.7548E-1 7.53366E-1 7.45455E-1 7.7933E-1 7.97173E-1 8.10046E-1 8.15755E-1 8.28742E-1 8.40008E-1 8.68638E-1 8.76883E-1 8.81477E-1 8.91982E-1 8.91477E-1 8.91754E-1 8.77535E-1 8.59041E-1 8.42328E-1 8.32912E-1 8.44703E-1 8.63744E-1 8.68109E-1 9.03343E-1 8.92062E-1 8.64433E-1 8.75513E-1 9.01998E-1 8.53631E-1 -9999 -9999 -9999 -9999 -9999 -9999
7.17374E-1 7.02608E-1 6.94556E-1 6.99191E-1 7.02654E-1 6.92847E-1 6.70683E-1 6.52095E-1 6.54457E-1 6.46352E-1 6.55593E-1 6.44248E-1 6.47429E-1 6.61007E-1 6.44387E-1 6.45457E-1 6.60088E-1 6.60883E-1 6.67654E-1 6.59485E-1 7.17618E-1 7.73626E-1 8.05153E-1 7.92583E-1 7.79852E-1 7.74569E-1 7.75386E-1 7.75613E-1 8.01772E-1 8.17757E-1 8.27838E-1 8.0747E-1 8.12408E-1 8.37275E-1 8.5207E-1 8.59809E-1 8.69318E-1 8.82449E-1 8.9069E-1 8.88147E-1 8.89657E-1 8.87854E-1 8.78253E-1 8.78477E-1 8.44435E-1 8.63024E-1 -9999 -9999 -9999 -9999 8.97593E-1 -9999 -9999 8.53787E-1 8.20046E-1 8.23665E-1 -9999 -9999 -9999 -9999 -9999
7.22426E-1 7.20962E-1 7.05843E-1 7.34168E-1 7.04089E-1 6.79941E-1 6.68188E-1 6.72879E-1 6.71925E-1 6.53351E-1 6.67937E-1 6.91463E-1 7.01051E-1 6.75401E-1 6.46464E-1 6.45622E-1 6.39031E-1 6.65752E-1 6.8947E-1 7.22553E-1 7.59343E-1 7.90687E-1 8.09311E-1 7.64372E-1 7.69613E-1 7.75373E-1 7.69619E-1 8.22756E-1 8.57763E-1 8.36924E-1 8.21806E-1 8.26186E-1 8.39018E-1 8.46131E-1 8.50281E-1 8.52414E-1 8.97813E-1 -9999 -9999 8.8878E-1 8.9666E-1 8.92271E-1 8.8992E-1 8.83003E-1 -9999 8.47163E-1 -9999 -9999 -9999 -9999 -9999 -9999 -9999 -9999 -9999 -9999 -9999 -9999 -9999 -9999 -9999
7.51953E-1 7.51978E-1 7.52051E-1 7.30661E-1 7.22844E-1 7.03346E-1 7.13608E-1 6.92477E-1 6.69426E-1 6.83073E-1 7.0206E-1 7.18752E-1 7.08463E-1 6.83267E-1 6.75185E-1 6.64435E-1 6.71403E-1 7.19312E-1 7.57185E-1 7.73124E-1 7.69156E-1 7.62643E-1 7.46134E-1 7.6849E-1 7.78154E-1 7.8774E-1 8.15358E-1 8.45158E-1 8.45919E-1 8.35218E-1 8.29221E-1 8.46967E-1 8.35436E-1 8.49246E-1 8.67846E-1 8.64721E-1 8.68765E-1 8.69421E-1 8.61198E-1 8.47855E-1 8.88374E-1 8.78088E-1 8.77935E-1 -9999 -9999 -9999 -9999 -9999 -9999 -9999 -9999 -9999 -9999 -9999 -9999 -9999 -9999 -9999 -9999 -9999 -9999
7.55499E-1 7.7001E-1 7.59056E-1 7.51872E-1 7.42149E-1 7.41336E-1 7.05697E-1 6.96581E-1 7.11951E-1 7.01608E-1 7.22267E-1 7.297E-1 7.29813E-1 7.06123E-1 7.07361E-1 7.08023E-1 7.27954E-1 7.46914E-1 7.83011E-1 7.80548E-1 7.38052E-1 7.12693E-1 7.33849E-1 7.45457E-1 7.87899E-1 8.08852E-1 8.08687E-1 8.12478E-1 8.09447E-1 8.30605E-1 8.40545E-1 8.58613E-1 8.37806E-1 7.8583E-1 8.19989E-1 8.4211E-1 8.45583E-1 8.41971E-1 8.33037E-1 8.13658E-1 -9999 -9999 -9999 -9999 -9999 -9999 -9999 -9999 -9999 -9999 -9999 -9999 -9999 -9999 -9999 -9999 -9999 -9999 -9999 -9999 -9999
7.61574E-1 7.81397E-1 7.70151E-1 7.59699E-1 7.58147E-1 7.25697E-1 6.98616E-1 6.99252E-1 6.98843E-1 6.97694E-1 7.02569E-1 7.25634E-1 7.36219E-1 7.32778E-1 7.40706E-1 7.53915E-1 7.46628E-1 7.65233E-1 7.65602E-1 7.5762E-1 7.38547E-1 7.24886E-1 7.51661E-1 7.70031E-1 7.84106E-1 7.89877E-1 7.63014E-1 7.73205E-1 7.84741E-1 8.13024E-1 8.47052E-1 8.60572E-1 8.23126E-1 7.813E-1 8.01906E-1 8.48427E-1 8.84672E-1 -9999 -9999 -9999 -9999 -9999 -9999 -9999 -9999 -9999 -9999 -9999 -9999 -9999 -9999 -9999 -9999 -9999 -9999 -9999 -9999 -9999 -9999 -9999 -9999
