maxent_outputs/red_flowers_troch_bombus_environ/red_336.asc
ncols         426
nrows         180
xllcorner     -130.0
yllcorner     24.0
cellsize      0.16666666666666666
NODATA_value  -9999
[rows 81 to 107 of 180, columns 61 to 121 of 426]
5.32954E-2 6.30418E-2 5.98577E-2 6.27643E-2 5.5518E-2 6.0657E-2 5.93021E-2 5.8304E-2 5.47438E-2 5.57919E-2 5.52324E-2 5.59409E-2 6.57401E-2 6.24916E-2 5.7527E-2 5.28653E-2 5.028E-2 6.15509E-2 6.22247E-2 4.83655E-2 4.76883E-2 5.53145E-2 4.98712E-2 5.78111E-2 4.81522E-2 5.80046E-2 5.7479E-2 4.70925E-2 5.07008E-2 4.90378E-2 4.78048E-2 4.63805E-2 4.35574E-2 5.36265E-2 4.84584E-2 4.4478E-2 4.56784E-2 4.46442E-2 4.57759E-2 4.82791E-2 5.37099E-2 5.7232E-2 5.30894E-2 6.93462E-2 5.40627E-2 6.68639E-2 5.61512E-2 5.11E-2 5.77112E-2 5.39062E-2 4.75495E-2 5.6655E-2 5.83458E-2 5.7689E-2 5.76165E-2 5.81665E-2 4.94589E-2 4.56726E-2 4.07664E-2 3.62123E-2 3.95118E-2
6.11854E-2 6.75986E-2 6.62623E-2 6.33491E-2 6.02608E-2 5.34552E-2 6.11342E-2 6.03047E-2 5.19765E-2 5.80277E-2 5.82442E-2 4.89104E-2 6.31377E-2 6.43285E-2 6.37834E-2 6.679E-2 5.84488E-2 6.57547E-2 5.87052E-2 5.08252E-2 6.07691E-2 5.23754E-2 5.12909E-2 5.85508E-2 5.16895E-2 6.42502E-2 5.62246E-2 5.84754E-2 5.43853E-2 5.8506E-2 4.6682E-2 5.39409E-2 5.05654E-2 5.2456E-2 5.0387E-2 4.92547E-2 4.46287E-2 4.38235E-2 4.70191E-2 4.9035E-2 4.87654E-2 5.44772E-2 5.29501E-2 5.99427E-2 5.118E-2 5.51692E-2 4.71016E-2 5.27456E-2 4.43783E-2 5.83358E-2 5.20998E-2 5.28226E-2 5.43127E-2 5.29999E-2 5.22323E-2 5.03085E-2 4.3574E-2 3.93516E-2 3.44489E-2 3.27704E-2 3.33625E-2
6.23947E-2 8.63931E-2 7.22637E-2 6.62968E-2 6.10365E-2 5.48336E-2 6.4594E-2 5.33259E-2 5.17015E-2 5.39619E-2 5.11189E-2 5.90358E-2 5.66393E-2 5.83571E-2 6.15048E-2 5.83948E-2 6.19189E-2 6.01874E-2 6.4729E-2 5.72775E-2 5.73345E-2 5.24588E-2 5.96105E-2 5.04914E-2 5.73907E-2 6.2222E-2 6.14928E-2 5.79946E-2 5.15844E-2 5.80643E-2 5.11832E-2 5.24359E-2 5.80268E-2 5.33659E-2 4.94848E-2 5.30947E-2 5.07349E-2 4.40739E-2 4.69579E-2 5.32353E-2 4.85705E-2 4.99112E-2 5.81714E-2 6.0564E-2 5.4324E-2 5.6582E-2 5.26723E-2 4.57086E-2 4.32516E-2 5.25715E-2 5.11061E-2 5.2841E-2 5.41321E-2 5.88105E-2 5.6319E-2 5.45439E-2 4.88648E-2 4.31204E-2 3.9135E-2 3.70391E-2 3.56145E-2
6.2693E-2 6.59481E-2 7.18972E-2 7.11141E-2 6.64837E-2 6.50096E-2 5.80952E-2 5.31843E-2 4.95399E-2 4.77709E-2 6.10792E-2 5.72074E-2 4.92987E-2 5.78747E-2 5.21732E-2 6.29135E-2 6.09329E-2 6.20621E-2 5.6586E-2 5.34559E-2 6.11485E-2 6.14457E-2 5.55384E-2 5.11855E-2 6.02426E-2 6.44063E-2 5.96398E-2 5.70868E-2 5.31321E-2 5.87259E-2 5.29185E-2 5.85545E-2 6.09699E-2 5.02724E-2 5.12263E-2 6.34155E-2 4.74731E-2 4.59168E-2 5.09824E-2 5.47363E-2 6.13447E-2 5.35889E-2 6.40108E-2 6.32185E-2 6.38149E-2 5.86035E-2 6.06622E-2 5.16668E-2 5.83923E-2 5.48982E-2 5.39598E-2 5.20258E-2 5.21281E-2 6.00244E-2 6.2902E-2 6.55901E-2 6.4479E-2 5.87282E-2 5.18102E-2 4.36368E-2 4.30443E-2
5.80977E-2 6.29472E-2 6.65307E-2 7.13372E-2 6.94196E-2 6.56059E-2 5.53653E-2 5.00338E-2 4.59126E-2 5.35211E-2 5.3984E-2 5.30429E-2 6.08244E-2 5.73144E-2 6.05064E-2 6.78391E-2 6.38751E-2 6.86814E-2 6.01551E-2 6.45007E-2 6.02327E-2 6.06909E-2 5.66018E-2 5.3362E-2 5.61272E-2 6.09934E-2 5.05817E-2 5.61462E-2 5.56641E-2 6.13227E-2 5.55447E-2 5.99733E-2 5.72409E-2 5.93698E-2 6.40895E-2 6.65895E-2 5.10308E-2 5.74705E-2 6.46898E-2 6.07297E-2 6.60498E-2 6.37203E-2 5.37093E-2 5.55898E-2 5.8365E-2 5.7255E-2 6.13662E-2 5.69192E-2 6.25711E-2 5.76198E-2 5.42605E-2 5.45604E-2 5.36144E-2 5.62489E-2 5.89045E-2 6.31697E-2 6.73225E-2 6.46889E-2 5.67665E-2 4.95584E-2 5.31549E-2
6.04523E-2 6.99559E-2 7.22243E-2 6.9626E-2 6.70609E-2 5.82812E-2 5.08694E-2 4.72023E-2 4.8622E-2 6.06431E-2 5.15363E-2 6.44515E-2 5.29763E-2 5.48782E-2 6.52674E-2 6.35694E-2 6.57776E-2 6.6566E-2 6.9837E-2 6.10046E-2 5.1916E-2 5.32731E-2 5.80279E-2 5.87354E-2 5.56596E-2 5.79795E-2 5.10492E-2 5.70235E-2 5.21883E-2 5.75272E-2 5.73415E-2 6.07028E-2 5.37299E-2 6.1321E-2 6.22688E-2 5.27753E-2 6.25543E-2 6.52974E-2 6.41369E-2 6.64006E-2 7.15838E-2 5.79487E-2 5.24149E-2 5.11791E-2 5.59872E-2 6.24538E-2 5.61103E-2 5.51454E-2 6.20391E-2 5.50066E-2 5.41491E-2 6.02051E-2 5.92461E-2 5.39465E-2 5.08461E-2 5.31127E-2 6.76335E-2 7.94873E-2 6.38368E-2 7.12709E-2 6.89217E-2
5.71088E-2 7.00937E-2 7.37404E-2 6.92834E-2 6.55121E-2 5.65488E-2 4.82945E-2 5.07096E-2 6.17588E-2 5.71071E-2 6.01966E-2 5.96798E-2 6.12676E-2 6.26586E-2 6.00158E-2 5.80358E-2 6.78887E-2 6.57617E-2 6.55825E-2 6.12015E-2 6.35957E-2 5.61032E-2 6.74455E-2 6.23484E-2 5.53E-2 5.49968E-2 5.72292E-2 5.1253E-2 5.75938E-2 5.52817E-2 5.51983E-2 6.47357E-2 4.99921E-2 6.74909E-2 5.93838E-2 5.12589E-2 6.96057E-2 5.97284E-2 6.00705E-2 7.41459E-2 6.95802E-2 5.87763E-2 4.66939E-2 4.90081E-2 5.53904E-2 6.43082E-2 5.26496E-2 5.3893E-2 6.08288E-2 4.95548E-2 6.38675E-2 6.63433E-2 6.31054E-2 5.33516E-2 4.919E-2 5.23447E-2 5.58255E-2 7.31322E-2 6.51864E-2 7.763E-2 7.86594E-2
5.85376E-2 6.29098E-2 6.6536E-2 6.79865E-2 6.30606E-2 6.25388E-2 5.73151E-2 5.72138E-2 5.91562E-2 5.17934E-2 5.64659E-2 5.65509E-2 6.21298E-2 5.75623E-2 6.20416E-2 6.3321E-2 7.17796E-2 6.36477E-2 6.66534E-2 6.35511E-2 6.37239E-2 5.89931E-2 5.72614E-2 5.31023E-2 5.77305E-2 5.98195E-2 5.99876E-2 4.6067E-2 5.30617E-2 5.24024E-2 5.902E-2 6.74645E-2 5.34366E-2 7.32389E-2 6.48966E-2 5.29895E-2 6.8012E-2 6.65027E-2 6.8758E-2 7.37632E-2 6.18966E-2 4.98066E-2 4.74512E-2 4.86399E-2 5.44437E-2 6.49294E-2 5.72111E-2 5.27327E-2 5.8153E-2 5.89347E-2 6.71648E-2 6.32518E-2 5.86779E-2 4.85307E-2 5.63414E-2 6.01732E-2 5.14793E-2 5.98853E-2 5.91083E-2 7.80585E-2 8.5339E-2
5.51867E-2 6.50858E-2 7.00981E-2 6.47973E-2 5.51237E-2 6.33137E-2 6.60141E-2 6.27611E-2 6.6823E-2 6.19724E-2 6.15365E-2 6.19216E-2 5.77916E-2 6.35102E-2 6.39269E-2 7.28383E-2 6.09898E-2 7.17306E-2 6.7169E-2 6.10531E-2 6.52628E-2 6.40619E-2 5.58392E-2 5.90699E-2 5.50967E-2 5.5857E-2 6.05606E-2 5.4092E-2 5.13603E-2 6.47143E-2 5.32075E-2 6.00522E-2 6.26788E-2 6.8611E-2 5.87301E-2 5.82611E-2 6.78108E-2 6.91812E-2 6.90385E-2 6.60511E-2 5.9621E-2 5.69391E-2 5.03527E-2 5.27502E-2 5.06744E-2 5.76028E-2 5.93342E-2 5.34917E-2 5.25805E-2 6.58505E-2 6.60748E-2 6.45994E-2 5.40146E-2 5.14837E-2 5.71575E-2 5.97891E-2 5.41278E-2 5.53137E-2 5.45307E-2 6.99795E-2 7.80624E-2
5.18535E-2 6.47308E-2 6.26766E-2 6.56574E-2 6.22037E-2 7.00265E-2 6.33694E-2 6.57686E-2 6.57938E-2 5.9491E-2 6.27601E-2 6.18272E-2 6.26842E-2 6.36851E-2 6.83658E-2 6.4333E-2 6.06143E-2 7.11337E-2 6.17885E-2 6.58741E-2 5.96566E-2 6.46194E-2 5.86307E-2 5.93276E-2 5.53864E-2 5.53329E-2 6.93142E-2 5.7326E-2 5.46929E-2 6.54458E-2 5.92259E-2 6.15027E-2 5.59921E-2 7.54098E-2 6.07076E-2 6.49778E-2 6.39941E-2 6.75493E-2 6.56027E-2 6.05948E-2 5.93073E-2 6.56933E-2 5.35075E-2 5.28735E-2 5.23594E-2 6.33525E-2 6.00449E-2 5.14507E-2 5.6808E-2 5.71003E-2 6.42991E-2 6.09425E-2 5.96047E-2 6.09877E-2 6.22736E-2 6.29984E-2 5.26392E-2 4.81831E-2 4.99948E-2 5.54113E-2 5.78513E-2
5.61121E-2 6.02224E-2 6.5056E-2 6.45408E-2 6.59203E-2 6.91878E-2 6.97083E-2 7.31854E-2 6.58302E-2 6.47313E-2 6.38665E-2 6.59392E-2 6.42143E-2 6.74116E-2 6.81231E-2 7.1737E-2 6.67699E-2 7.36156E-2 6.09891E-2 7.18439E-2 5.73298E-2 6.12602E-2 5.96289E-2 5.63863E-2 6.04501E-2 5.08117E-2 5.79231E-2 5.91893E-2 5.6614E-2 6.51887E-2 6.41026E-2 5.95856E-2 5.71663E-2 7.15632E-2 6.08637E-2 6.37349E-2 6.7093E-2 6.68789E-2 6.21916E-2 5.49623E-2 5.71707E-2 5.55526E-2 5.83768E-2 5.77291E-2 5.67155E-2 6.12067E-2 5.33451E-2 5.33104E-2 5.89734E-2 6.21752E-2 6.42327E-2 6.60046E-2 6.42976E-2 6.77101E-2 6.7861E-2 6.37997E-2 4.98233E-2 5.07682E-2 5.22747E-2 5.66646E-2 5.89688E-2
5.72682E-2 5.52593E-2 5.96928E-2 5.99809E-2 6.09448E-2 6.56233E-2 6.51152E-2 7.64391E-2 7.61647E-2 7.33749E-2 7.09014E-2 6.49659E-2 6.4004E-2 7.05972E-2 7.34073E-2 6.88211E-2 6.76612E-2 6.52291E-2 6.23258E-2 6.38339E-2 6.11264E-2 6.10148E-2 5.78387E-2 6.2821E-2 5.10051E-2 4.48429E-2 6.08587E-2 5.97839E-2 5.87111E-2 6.98315E-2 6.55529E-2 5.82298E-2 6.58051E-2 6.35542E-2 6.35908E-2 6.79568E-2 5.87032E-2 6.61231E-2 5.84398E-2 6.45468E-2 5.57338E-2 5.39345E-2 6.21658E-2 6.10369E-2 5.78632E-2 5.85931E-2 6.64654E-2 5.98763E-2 6.55568E-2 6.67619E-2 6.81067E-2 6.95156E-2 7.07791E-2 6.74735E-2 6.3168E-2 5.66259E-2 5.60147E-2 5.55318E-2 5.84229E-2 6.44459E-2 6.85506E-2
5.97271E-2 6.04622E-2 5.61238E-2 5.85842E-2 6.17953E-2 6.26892E-2 6.33209E-2 7.04207E-2 7.22315E-2 7.35487E-2 7.82817E-2 7.03279E-2 7.11809E-2 7.2594E-2 7.03129E-2 7.06139E-2 6.66094E-2 6.77273E-2 6.56635E-2 6.04748E-2 6.30977E-2 5.45579E-2 6.14015E-2 6.03099E-2 4.57743E-2 5.33401E-2 6.70245E-2 5.88291E-2 5.78571E-2 6.58933E-2 6.90377E-2 6.00492E-2 6.98333E-2 6.84342E-2 6.43214E-2 6.78926E-2 6.14282E-2 6.75631E-2 6.05017E-2 6.68371E-2 5.7618E-2 5.77775E-2 6.10297E-2 5.85705E-2 6.97872E-2 5.89764E-2 6.81553E-2 5.66385E-2 6.0726E-2 6.46572E-2 7.36646E-2 7.34069E-2 7.13013E-2 6.58932E-2 5.84676E-2 5.85891E-2 6.32973E-2 6.40705E-2 6.46414E-2 6.90217E-2 6.91308E-2
5.86893E-2 5.74107E-2 5.86598E-2 5.00945E-2 5.63388E-2 5.69106E-2 5.9167E-2 6.50999E-2 7.23789E-2 8.03208E-2 7.9601E-2 8.04749E-2 7.0075E-2 7.45329E-2 7.16389E-2 7.93941E-2 7.13239E-2 6.9941E-2 6.63601E-2 6.19609E-2 6.5979E-2 5.3887E-2 6.30338E-2 5.65869E-2 5.54086E-2 6.81268E-2 6.55475E-2 6.28863E-2 6.68519E-2 7.37175E-2 7.33183E-2 6.88901E-2 7.42719E-2 6.68967E-2 6.58066E-2 6.78044E-2 6.12298E-2 6.63941E-2 6.19247E-2 6.03007E-2 5.52735E-2 6.36264E-2 5.7508E-2 5.79859E-2 6.70436E-2 5.84765E-2 6.20457E-2 5.95059E-2 6.02981E-2 6.5023E-2 6.47009E-2 7.39007E-2 7.22593E-2 6.85192E-2 6.46298E-2 6.13053E-2 6.83171E-2 7.33613E-2 7.08329E-2 6.98784E-2 6.90116E-2
6.26011E-2 6.13816E-2 6.03337E-2 5.81065E-2 5.93194E-2 6.18689E-2 6.22815E-2 6.73243E-2 7.08738E-2 7.2949E-2 8.09295E-2 7.64454E-2 8.31189E-2 7.34438E-2 6.88112E-2 7.35032E-2 7.12035E-2 7.13187E-2 6.9811E-2 6.40597E-2 6.52214E-2 6.40769E-2 5.94875E-2 6.31587E-2 7.13322E-2 6.77191E-2 6.25525E-2 6.49308E-2 7.16423E-2 7.25115E-2 7.34609E-2 7.28793E-2 6.96188E-2 6.80932E-2 6.63488E-2 6.17175E-2 6.49008E-2 6.26048E-2 5.9159E-2 5.55548E-2 6.3507E-2 6.35871E-2 6.34509E-2 5.97486E-2 5.74569E-2 6.06912E-2 6.00637E-2 6.00207E-2 6.2703E-2 7.19361E-2 7.64062E-2 7.3995E-2 7.47541E-2 7.5884E-2 8.22767E-2 6.89589E-2 7.2309E-2 7.63794E-2 7.2754E-2 7.09646E-2 7.1654E-2
8.32824E-2 7.1074E-2 6.20294E-2 6.45916E-2 6.20719E-2 6.46727E-2 6.79719E-2 6.68705E-2 7.44308E-2 7.34739E-2 7.75659E-2 7.81054E-2 7.30906E-2 7.70302E-2 7.79928E-2 7.3994E-2 6.68636E-2 6.51438E-2 6.38505E-2 6.93622E-2 6.80092E-2 6.49147E-2 6.31169E-2 6.77598E-2 6.60542E-2 6.71279E-2 6.7091E-2 6.38523E-2 7.89841E-2 7.65197E-2 6.85646E-2 7.83726E-2 6.89358E-2 6.7621E-2 6.71942E-2 6.06597E-2 5.62883E-2 5.34603E-2 5.39855E-2 5.78108E-2 6.34407E-2 6.1783E-2 6.06196E-2 6.18865E-2 5.28716E-2 6.53887E-2 5.96743E-2 6.40179E-2 6.55103E-2 6.72427E-2 7.1678E-2 7.81245E-2 7.86055E-2 8.02724E-2 8.31795E-2 7.61657E-2 7.83185E-2 7.7762E-2 7.69638E-2 7.80883E-2 7.59216E-2
9.3273E-2 6.85207E-2 6.38651E-2 6.74626E-2 6.52487E-2 6.56989E-2 6.65304E-2 7.25554E-2 8.24574E-2 7.65139E-2 6.87227E-2 8.09758E-2 8.09099E-2 7.57172E-2 7.76261E-2 7.54177E-2 7.68023E-2 7.57342E-2 6.9685E-2 6.53232E-2 6.98677E-2 6.74621E-2 6.43174E-2 6.57924E-2 5.6105E-2 6.81526E-2 6.9487E-2 7.00049E-2 7.41547E-2 7.97175E-2 6.86878E-2 7.73095E-2 6.44968E-2 6.90788E-2 6.11385E-2 5.68727E-2 5.1357E-2 5.1137E-2 6.32792E-2 6.40904E-2 6.3358E-2 6.83538E-2 6.79832E-2 6.12718E-2 5.43557E-2 5.73088E-2 5.63429E-2 6.80786E-2 6.30976E-2 6.65826E-2 7.31847E-2 7.89108E-2 8.48765E-2 8.37453E-2 8.44193E-2 8.64391E-2 8.8069E-2 8.19573E-2 8.3237E-2 8.02194E-2 7.54405E-2
1.32187E-1 8.29034E-2 6.95473E-2 7.18843E-2 7.06191E-2 6.75478E-2 6.37412E-2 7.63697E-2 8.82432E-2 7.95215E-2 6.64509E-2 7.47665E-2 7.79617E-2 7.32432E-2 7.68667E-2 7.87843E-2 7.7732E-2 7.26486E-2 7.44679E-2 6.87161E-2 6.76379E-2 6.60143E-2 6.78967E-2 6.25895E-2 6.38817E-2 7.30114E-2 7.7071E-2 7.60183E-2 7.80657E-2 7.38991E-2 7.83031E-2 7.4834E-2 7.03628E-2 6.73409E-2 6.46668E-2 6.25648E-2 6.00135E-2 6.25968E-2 6.58271E-2 6.70136E-2 6.41126E-2 6.45014E-2 6.62201E-2 5.73878E-2 5.63996E-2 5.86393E-2 6.13812E-2 6.69823E-2 6.99176E-2 7.08053E-2 7.47464E-2 8.14654E-2 8.92627E-2 9.32632E-2 8.92283E-2 9.17601E-2 8.69375E-2 8.67037E-2 8.24792E-2 8.15901E-2 7.78546E-2
1.55902E-1 1.10608E-1 8.30787E-2 8.78286E-2 7.59452E-2 6.78988E-2 7.04337E-2 7.88026E-2 8.99973E-2 8.0098E-2 7.4523E-2 7.83284E-2 7.67653E-2 7.6707E-2 8.05469E-2 7.91258E-2 8.42808E-2 7.53518E-2 7.06884E-2 6.77033E-2 6.84588E-2 6.56353E-2 7.28589E-2 6.59393E-2 7.50962E-2 7.12061E-2 7.37429E-2 7.91606E-2 8.95574E-2 8.05648E-2 8.32654E-2 8.61154E-2 8.17491E-2 7.17227E-2 7.81509E-2 7.91767E-2 7.64777E-2 7.23705E-2 7.06458E-2 7.83664E-2 6.84213E-2 6.49338E-2 6.52291E-2 6.05708E-2 6.24249E-2 6.21435E-2 6.3351E-2 6.82408E-2 7.21761E-2 7.66521E-2 8.15934E-2 8.29756E-2 8.84007E-2 9.59323E-2 9.77676E-2 8.68245E-2 8.69469E-2 8.80437E-2 8.19215E-2 7.93546E-2 7.28501E-2
1.65035E-1 1.62838E-1 1.19312E-1 9.12617E-2 7.29618E-2 6.91554E-2 6.84177E-2 7.1981E-2 7.15028E-2 8.90297E-2 7.9446E-2 9.08651E-2 9.89166E-2 1.02974E-1 9.20152E-2 8.47717E-2 8.50162E-2 8.46372E-2 7.97748E-2 7.30901E-2 6.93539E-2 6.66635E-2 6.95228E-2 6.545E-2 6.52865E-2 7.36791E-2 7.76073E-2 8.55576E-2 9.41695E-2 9.30656E-2 9.98277E-2 1.06926E-1 1.11727E-1 9.82278E-2 1.0294E-1 1.02021E-1 9.55968E-2 8.94221E-2 9.54334E-2 1.0883E-1 9.65E-2 7.86742E-2 7.16145E-2 7.12398E-2 6.63214E-2 6.40719E-2 6.91837E-2 7.87893E-2 8.21144E-2 8.55155E-2 8.967E-2 9.41817E-2 8.78675E-2 9.89407E-2 1.00632E-1 9.84223E-2 9.47563E-2 8.64323E-2 8.45275E-2 7.89195E-2 7.31014E-2
1.82614E-1 2.03859E-1 1.61493E-1 1.10405E-1 7.96431E-2 6.86543E-2 7.03806E-2 7.50406E-2 6.43145E-2 1.00372E-1 7.60011E-2 8.22042E-2 1.06575E-1 1.05496E-1 1.40265E-1 1.00819E-1 8.48185E-2 7.96494E-2 8.51255E-2 8.33424E-2 7.95006E-2 7.67322E-2 7.46698E-2 7.46918E-2 7.29092E-2 8.10075E-2 8.65909E-2 8.99915E-2 1.02163E-1 1.20614E-1 1.23759E-1 1.40362E-1 1.1746E-1 1.30655E-1 1.35878E-1 1.30159E-1 1.13968E-1 1.14474E-1 1.10964E-1 1.0734E-1 9.92808E-2 8.6387E-2 7.57585E-2 7.98427E-2 7.73488E-2 7.1801E-2 7.11883E-2 8.36807E-2 8.6425E-2 9.64803E-2 1.03181E-1 1.22029E-1 1.06954E-1 1.00191E-1 9.21734E-2 9.49964E-2 9.37749E-2 8.27228E-2 8.28779E-2 7.58878E-2 7.22232E-2
2.05115E-1 2.01609E-1 2.12854E-1 2.12269E-1 1.42435E-1 8.88693E-2 7.45728E-2 6.95078E-2 7.35344E-2 1.00979E-1 9.23785E-2 1.11892E-1 1.34525E-1 9.25259E-2 1.13934E-1 1.73793E-1 9.51499E-2 9.7359E-2 1.05402E-1 9.67038E-2 9.72349E-2 8.9541E-2 8.41471E-2 8.66821E-2 8.73229E-2 9.71412E-2 9.65368E-2 9.02478E-2 9.88399E-2 1.35847E-1 1.45675E-1 1.56162E-1 1.24916E-1 1.66427E-1 1.58401E-1 1.55137E-1 1.14975E-1 1.09311E-1 1.10838E-1 9.86961E-2 9.07458E-2 8.70067E-2 8.57824E-2 8.40621E-2 7.96188E-2 7.44071E-2 6.89569E-2 7.19782E-2 7.82958E-2 1.00457E-1 9.6429E-2 1.00153E-1 1.01275E-1 9.50312E-2 8.76141E-2 9.06822E-2 9.50613E-2 8.77465E-2 8.81999E-2 7.67491E-2 7.24252E-2
2.65065E-1 2.18768E-1 2.42254E-1 2.15884E-1 1.57831E-1 8.7205E-2 7.12944E-2 6.99757E-2 7.68448E-2 9.27601E-2 1.10379E-1 1.06053E-1 2.30596E-1 1.23146E-1 1.03888E-1 3.94028E-1 2.76818E-1 1.47615E-1 1.2924E-1 1.27196E-1 1.20423E-1 1.10345E-1 1.00058E-1 8.85706E-2 9.29558E-2 1.02886E-1 1.07121E-1 9.16655E-2 9.29509E-2 1.53033E-1 1.85744E-1 1.86626E-1 1.86729E-1 2.04553E-1 1.7833E-1 1.37067E-1 9.65433E-2 8.83901E-2 9.8896E-2 9.77858E-2 8.57561E-2 8.51318E-2 8.32569E-2 8.37156E-2 7.62106E-2 6.75588E-2 6.73872E-2 7.57295E-2 8.89572E-2 9.46663E-2 8.37442E-2 8.68642E-2 8.72777E-2 8.9666E-2 9.20729E-2 8.65205E-2 9.13943E-2 9.02613E-2 8.53859E-2 7.87268E-2 7.37843E-2
1.98792E-1 2.14183E-1 2.45416E-1 2.47935E-1 2.13241E-1 1.45194E-1 7.52926E-2 6.63529E-2 7.04518E-2 8.03315E-2 1.03274E-1 1.03632E-1 1.21007E-1 1.22152E-1 1.23526E-1 2.9133E-1 3.06782E-1 4.93507E-1 1.85663E-1 1.39725E-1 1.38904E-1 1.27063E-1 1.16927E-1 9.5254E-2 1.02363E-1 1.09238E-1 1.13224E-1 9.26214E-2 9.43491E-2 1.5971E-1 1.93465E-1 2.18993E-1 2.26443E-1 2.18346E-1 1.35983E-1 1.43288E-1 1.18684E-1 8.80988E-2 9.18051E-2 9.39679E-2 9.09577E-2 8.55147E-2 8.69044E-2 8.72831E-2 6.68734E-2 6.25452E-2 6.25019E-2 8.64031E-2 8.97829E-2 7.92562E-2 7.54619E-2 7.90347E-2 8.20635E-2 8.72245E-2 8.40557E-2 8.43261E-2 8.83916E-2 9.00503E-2 8.60512E-2 8.5285E-2 7.94384E-2
2.08696E-1 2.27368E-1 2.1921E-1 2.29256E-1 2.45687E-1 2.29602E-1 9.91887E-2 6.75581E-2 6.8128E-2 7.00247E-2 8.28086E-2 1.27422E-1 1.08492E-1 1.27483E-1 2.22477E-1 1.29091E-1 1.43593E-1 5.4727E-1 3.16595E-1 1.4445E-1 1.45934E-1 1.45944E-1 1.43395E-1 9.3354E-2 8.1277E-2 8.71723E-2 1.21328E-1 1.35616E-1 1.36967E-1 1.87549E-1 1.93406E-1 2.1584E-1 2.57675E-1 2.21753E-1 1.91131E-1 2.0879E-1 1.18237E-1 8.34497E-2 8.76437E-2 8.85979E-2 9.03215E-2 8.72109E-2 8.89825E-2 1.06148E-1 7.80395E-2 6.18807E-2 5.89245E-2 8.03788E-2 7.5923E-2 7.81835E-2 7.78173E-2 7.82644E-2 8.0849E-2 8.3392E-2 8.48066E-2 8.63804E-2 8.26504E-2 8.06847E-2 8.06467E-2 8.26317E-2 8.26078E-2
2.11902E-1 2.12538E-1 2.18614E-1 2.3288E-1 2.29464E-1 2.04604E-1 1.18157E-1 6.81839E-2 6.81509E-2 6.54514E-2 7.75562E-2 1.15088E-1 9.99354E-2 1.19589E-1 1.98686E-1 1.86451E-1 1.10329E-1 4.77103E-1 3.59976E-1 1.59894E-1 1.76917E-1 1.68448E-1 1.40811E-1 1.21749E-1 9.10346E-2 8.31057E-2 1.25164E-1 2.14145E-1 2.42358E-1 2.20397E-1 2.22732E-1 2.51619E-1 3.08073E-1 2.02422E-1 2.17315E-1 2.26891E-1 1.1135E-1 7.71894E-2 9.51269E-2 1.11571E-1 1.11564E-1 1.15481E-1 1.06989E-1 9.47053E-2 1.01488E-1 8.08217E-2 6.35151E-2 8.07692E-2 8.01268E-2 8.36801E-2 8.27091E-2 7.92595E-2 7.9614E-2 8.37657E-2 8.4941E-2 8.35599E-2 7.96283E-2 7.98373E-2 7.95683E-2 8.03133E-2 8.10581E-2
2.29522E-1 2.18475E-1 2.04213E-1 2.03338E-1 2.16762E-1 2.49924E-1 1.64991E-1 7.74314E-2 7.51626E-2 6.79076E-2 7.93144E-2 1.33125E-1 1.28149E-1 1.07045E-1 1.58523E-1 2.7115E-1 1.16504E-1 3.52529E-1 4.99794E-1 1.55616E-1 1.78826E-1 1.94289E-1 1.48621E-1 1.29233E-1 1.30471E-1 1.14447E-1 1.46203E-1 2.29359E-1 2.85317E-1 2.85847E-1 3.86792E-1 3.17041E-1 3.51589E-1 2.93736E-1 2.63843E-1 1.72893E-1 1.12047E-1 8.51378E-2 9.58593E-2 1.37945E-1 9.37984E-2 8.32635E-2 7.94458E-2 8.05955E-2 6.84833E-2 8.35313E-2 8.81594E-2 9.45252E-2 8.73816E-2 8.92956E-2 9.26508E-2 8.39216E-2 8.26412E-2 8.38879E-2 8.33453E-2 8.07004E-2 7.86451E-2 7.77299E-2 7.80004E-2 8.14979E-2 8.21392E-2
