maxent_outputs/red_flowers_troch_bombus_environ/red_172.asc
ncols         426
nrows         180
xllcorner     -130.0
yllcorner     24.0
cellsize      0.16666666666666666
NODATA_value  -9999
[rows 27 to 53 of 180, columns 244 to 304 of 426]
2.57941E-1 2.53058E-1 2.73179E-1 3.06457E-1 3.39307E-1 3.67938E-1 3.51592E-1 3.0578E-1 3.02375E-1 2.99365E-1 2.91026E-1 3.02234E-1 3.02932E-1 2.97156E-1 3.44481E-1 2.98108E-1 2.87909E-1 2.8185E-1 2.82459E-1 2.78673E-1 2.69235E-1 2.72881E-1 2.80768E-1 2.69741E-1 2.66471E-1 2.84585E-1 2.70207E-1 2.66222E-1 2.65039E-1 2.58707E-1 2.60277E-1 2.61733E-1 2.65708E-1 2.68076E-1 2.7127E-1 2.65848E-1 2.63234E-1 2.67413E-1 2.66256E-1 2.66532E-1 2.6732E-1 2.67002E-1 2.70068E-1 2.66399E-1 2.55437E-1 2.52337E-1 2.56492E-1 2.61557E-1 2.67434E-1 2.69455E-1 2.66162E-1 2.74371E-1 2.77999E-1 2.79307E-1 2.81195E-1 2.77542E-1 2.66462E-1 2.62083E-1 2.61075E-1 2.5984E-1 2.60505E-1
2.6535E-1 2.71927E-1 2.75719E-1 2.67397E-1 2.73786E-1 2.94295E-1 2.94277E-1 2.98167E-1 3.06192E-1 2.97939E-1 2.85433E-1 3.11635E-1 2.96258E-1 3.10152E-1 2.91546E-1 2.81717E-1 2.89114E-1 3.03205E-1 2.90723E-1 2.83629E-1 2.87127E-1 2.72298E-1 2.78321E-1 2.87821E-1 2.87368E-1 2.86259E-1 2.7512E-1 2.71505E-1 2.70595E-1 2.65071E-1 2.63095E-1 2.69168E-1 2.65003E-1 2.68563E-1 2.67596E-1 2.66769E-1 2.68251E-1 2.67627E-1 2.59013E-1 2.60669E-1 2.67893E-1 2.66041E-1 2.66792E-1 2.65624E-1 2.65651E-1 2.6639E-1 2.65479E-1 2.65275E-1 2.74621E-1 2.69324E-1 2.65295E-1 2.71287E-1 2.76734E-1 2.71226E-1 2.77305E-1 2.75951E-1 2.65416E-1 2.6359E-1 2.71387E-1 2.62581E-1 2.68542E-1
2.71113E-1 2.75817E-1 2.81165E-1 2.79549E-1 2.78634E-1 2.89653E-1 3.10412E-1 3.07584E-1 3.04269E-1 3.09567E-1 3.27296E-1 3.32997E-1 3.15624E-1 3.17544E-1 2.83726E-1 2.87606E-1 3.21026E-1 3.30844E-1 3.16124E-1 2.98183E-1 2.80394E-1 2.84822E-1 2.86291E-1 3.04109E-1 3.09831E-1 2.95991E-1 2.8122E-1 2.81526E-1 2.77281E-1 2.79751E-1 2.80428E-1 2.74479E-1 2.72338E-1 2.72091E-1 2.69427E-1 2.74091E-1 2.7587E-1 2.82997E-1 2.76649E-1 2.74176E-1 2.82131E-1 2.69385E-1 2.65343E-1 2.6694E-1 2.68769E-1 2.75359E-1 2.72758E-1 2.68109E-1 2.69414E-1 2.66026E-1 2.64081E-1 2.67979E-1 2.6944E-1 2.7336E-1 2.76823E-1 2.77245E-1 2.72631E-1 2.76965E-1 2.82775E-1 2.69195E-1 2.68138E-1
2.72723E-1 2.75223E-1 2.91201E-1 2.91568E-1 2.90335E-1 2.97302E-1 3.39031E-1 3.88514E-1 3.89244E-1 4.2585E-1 4.14987E-1 3.79423E-1 3.6085E-1 3.5549E-1 3.65577E-1 3.2873E-1 3.26067E-1 3.42894E-1 3.33347E-1 3.27697E-1 3.02998E-1 3.11243E-1 3.0749E-1 2.97915E-1 2.96659E-1 2.85075E-1 2.95923E-1 2.95218E-1 2.8603E-1 3.11525E-1 2.83555E-1 2.81389E-1 2.79153E-1 2.74565E-1 2.7763E-1 2.87123E-1 2.77087E-1 2.70539E-1 2.75053E-1 2.78609E-1 2.77028E-1 2.76832E-1 2.6905E-1 2.65255E-1 2.68523E-1 2.75539E-1 2.7338E-1 2.7028E-1 2.68128E-1 2.69532E-1 2.66003E-1 2.69922E-1 2.65812E-1 2.70348E-1 2.73878E-1 3.07331E-1 3.05476E-1 2.84691E-1 2.84261E-1 2.68972E-1 2.68206E-1
2.86274E-1 2.8305E-1 2.99271E-1 3.04546E-1 3.13467E-1 3.60479E-1 3.2751E-1 3.79624E-1 4.44666E-1 5.13954E-1 5.85528E-1 6.20378E-1 5.6422E-1 5.08883E-1 5.32016E-1 5.28033E-1 4.89049E-1 4.74973E-1 3.67175E-1 3.24941E-1 3.07865E-1 3.20204E-1 3.31916E-1 2.97706E-1 2.97099E-1 3.07316E-1 3.07556E-1 3.0838E-1 2.89011E-1 2.95713E-1 2.91528E-1 2.94779E-1 2.91606E-1 2.79823E-1 2.84848E-1 2.86942E-1 2.89197E-1 2.7935E-1 2.7473E-1 2.7962E-1 2.70476E-1 2.75863E-1 2.73159E-1 2.73901E-1 2.72565E-1 2.68161E-1 2.71734E-1 2.72651E-1 2.71948E-1 2.74211E-1 2.75652E-1 2.68936E-1 2.7186E-1 2.78576E-1 2.8464E-1 3.13901E-1 3.24678E-1 2.97082E-1 3.1577E-1 2.77367E-1 2.70371E-1
3.0722E-1 3.29543E-1 3.7331E-1 3.70672E-1 4.00415E-1 4.22342E-1 5.66696E-1 6.77506E-1 7.36679E-1 7.5186E-1 7.60652E-1 7.67759E-1 7.63592E-1 7.4976E-1 7.37064E-1 7.45343E-1 7.30349E-1 7.08453E-1 4.84679E-1 3.44857E-1 3.29269E-1 3.14367E-1 3.09973E-1 3.08553E-1 3.11234E-1 3.28273E-1 3.09846E-1 3.01573E-1 3.17466E-1 3.0062E-1 3.07414E-1 2.88934E-1 2.94194E-1 2.91322E-1 2.86053E-1 2.85495E-1 2.87139E-1 2.83E-1 2.853E-1 2.82658E-1 2.81762E-1 2.72993E-1 2.74119E-1 2.75081E-1 2.79758E-1 2.77806E-1 2.84307E-1 2.78501E-1 2.74004E-1 2.73212E-1 2.85676E-1 2.75567E-1 2.69072E-1 2.70546E-1 2.74811E-1 2.7483E-1 2.94346E-1 3.03255E-1 3.12602E-1 2.997E-1 2.8759E-1
3.31843E-1 5.00004E-1 5.17206E-1 4.45694E-1 5.45887E-1 6.63407E-1 7.2828E-1 7.42011E-1 7.55059E-1 7.60923E-1 7.69279E-1 7.79529E-1 7.80002E-1 7.73035E-1 7.73972E-1 7.73848E-1 7.58091E-1 7.37817E-1 6.40773E-1 3.97499E-1 3.55899E-1 3.47924E-1 3.33261E-1 3.34603E-1 3.30606E-1 3.29166E-1 3.16476E-1 3.1941E-1 3.09889E-1 3.14476E-1 3.26244E-1 3.16574E-1 3.10639E-1 3.29913E-1 3.16568E-1 3.05766E-1 3.0281E-1 2.86633E-1 2.93326E-1 2.8878E-1 2.8105E-1 2.76162E-1 2.83005E-1 2.80391E-1 2.86419E-1 2.89616E-1 2.84479E-1 2.82309E-1 2.81445E-1 2.86868E-1 2.93387E-1 2.85875E-1 2.86152E-1 2.87896E-1 2.8016E-1 2.7958E-1 2.96552E-1 2.93985E-1 2.99667E-1 3.0541E-1 3.13813E-1
4.35926E-1 5.31317E-1 6.212E-1 6.74312E-1 6.95085E-1 6.91544E-1 7.27473E-1 7.48354E-1 7.57915E-1 7.67522E-1 7.78856E-1 7.86238E-1 7.86288E-1 7.85264E-1 7.83039E-1 7.83607E-1 7.76116E-1 7.61835E-1 7.24029E-1 4.84721E-1 3.77221E-1 3.65799E-1 3.53456E-1 3.39969E-1 3.35359E-1 3.38839E-1 3.33893E-1 3.31457E-1 3.24876E-1 3.19063E-1 3.38356E-1 3.39351E-1 3.20796E-1 3.11802E-1 3.05639E-1 3.08017E-1 3.13518E-1 2.94217E-1 2.87115E-1 2.89603E-1 2.93843E-1 2.86601E-1 2.90096E-1 2.8558E-1 2.88287E-1 2.92855E-1 2.87693E-1 2.89978E-1 2.89611E-1 2.93024E-1 2.88639E-1 2.87848E-1 3.00732E-1 2.98261E-1 3.03226E-1 3.00867E-1 3.01787E-1 3.01743E-1 3.11481E-1 3.21544E-1 3.12094E-1
6.30802E-1 6.70234E-1 5.91008E-1 5.42347E-1 5.41885E-1 6.55393E-1 7.21374E-1 7.50581E-1 7.65085E-1 7.79717E-1 7.91641E-1 7.9829E-1 7.96919E-1 7.94979E-1 7.94587E-1 7.90719E-1 7.87721E-1 7.79544E-1 7.57247E-1 6.64982E-1 4.90575E-1 3.94801E-1 3.79723E-1 3.84162E-1 3.68007E-1 3.69848E-1 3.76498E-1 3.46987E-1 3.45901E-1 3.54789E-1 3.40603E-1 3.39128E-1 3.38342E-1 3.22164E-1 3.21739E-1 3.3215E-1 3.30462E-1 3.15147E-1 2.95758E-1 3.05886E-1 3.08835E-1 3.05324E-1 3.17548E-1 2.98632E-1 2.94533E-1 2.86901E-1 2.89192E-1 2.97941E-1 2.92802E-1 2.99482E-1 3.00824E-1 3.05617E-1 3.12325E-1 3.0118E-1 3.01731E-1 3.06417E-1 3.02915E-1 3.11738E-1 3.19828E-1 3.16344E-1 3.12926E-1
6.31778E-1 5.0948E-1 5.61228E-1 6.41544E-1 6.88494E-1 7.11731E-1 7.31176E-1 7.48832E-1 7.69793E-1 7.88357E-1 7.96329E-1 7.98573E-1 7.9782E-1 7.98887E-1 7.82749E-1 7.80258E-1 7.80536E-1 7.7363E-1 7.59743E-1 7.3194E-1 7.22267E-1 6.32128E-1 5.93574E-1 5.94434E-1 6.26276E-1 6.54903E-1 5.56692E-1 4.05035E-1 3.72494E-1 3.55281E-1 3.54426E-1 3.30764E-1 3.5395E-1 3.43588E-1 3.41769E-1 3.37048E-1 3.37849E-1 3.13303E-1 3.1057E-1 3.15014E-1 3.12004E-1 3.133E-1 3.02109E-1 2.98729E-1 3.03187E-1 2.97729E-1 3.10705E-1 3.1373E-1 3.13678E-1 3.14592E-1 3.15074E-1 3.15373E-1 3.04507E-1 2.99159E-1 3.04588E-1 3.0198E-1 2.93783E-1 3.11247E-1 3.1576E-1 3.19531E-1 3.18458E-1
6.78318E-1 6.60785E-1 6.99503E-1 7.04173E-1 7.11792E-1 7.27068E-1 7.36663E-1 7.52768E-1 7.73145E-1 7.80794E-1 7.84354E-1 7.87439E-1 7.97375E-1 8.01398E-1 7.86355E-1 7.83075E-1 7.79296E-1 7.77334E-1 7.68995E-1 7.5427E-1 6.55817E-1 5.64125E-1 6.35849E-1 7.38103E-1 7.30142E-1 7.22521E-1 5.0227E-1 4.15664E-1 3.7924E-1 3.7668E-1 3.81492E-1 3.63119E-1 3.46397E-1 3.35913E-1 3.51465E-1 3.26324E-1 3.18642E-1 3.05115E-1 3.17735E-1 3.2625E-1 3.19961E-1 3.06028E-1 3.24482E-1 3.32951E-1 3.16135E-1 3.05458E-1 3.14345E-1 3.20676E-1 3.12082E-1 3.21418E-1 3.17009E-1 3.11208E-1 3.08919E-1 3.06179E-1 3.08457E-1 3.07742E-1 2.96177E-1 2.92631E-1 3.03957E-1 3.06215E-1 3.18318E-1
6.84312E-1 6.95184E-1 6.99308E-1 7.0522E-1 7.20905E-1 7.21634E-1 7.27437E-1 7.01051E-1 6.94365E-1 7.25992E-1 7.49921E-1 7.66524E-1 7.83459E-1 7.9488E-1 7.82689E-1 7.8133E-1 7.8012E-1 7.76633E-1 7.71492E-1 7.61939E-1 7.671E-1 7.49686E-1 7.54367E-1 7.52823E-1 7.43095E-1 7.21363E-1 5.09825E-1 4.4587E-1 4.0005E-1 3.97555E-1 3.85355E-1 3.78401E-1 3.51375E-1 3.54371E-1 3.5783E-1 3.3495E-1 3.31681E-1 3.23383E-1 3.20613E-1 3.21673E-1 3.25307E-1 3.167E-1 3.24148E-1 3.16954E-1 3.1869E-1 3.18917E-1 3.14972E-1 3.19747E-1 3.17968E-1 3.13287E-1 3.23106E-1 3.28067E-1 3.21288E-1 3.26768E-1 3.25676E-1 3.19454E-1 3.1296E-1 3.03257E-1 3.1626E-1 3.10735E-1 3.2698E-1
6.83069E-1 6.88442E-1 6.76193E-1 6.82838E-1 6.78963E-1 6.17886E-1 5.27336E-1 5.07691E-1 5.32618E-1 5.62291E-1 6.48353E-1 7.09879E-1 7.57127E-1 7.82723E-1 7.73945E-1 7.78219E-1 7.78244E-1 7.76357E-1 7.69567E-1 7.64724E-1 7.76275E-1 7.54452E-1 7.78211E-1 7.77508E-1 7.66601E-1 7.45373E-1 7.0125E-1 6.03122E-1 4.74728E-1 4.14294E-1 3.91696E-1 3.85573E-1 3.69555E-1 3.72938E-1 3.7206E-1 3.71486E-1 3.52586E-1 3.52753E-1 3.51611E-1 3.6331E-1 3.55579E-1 3.36845E-1 3.23448E-1 3.28217E-1 3.1855E-1 3.19219E-1 3.2026E-1 3.1369E-1 3.04177E-1 3.12928E-1 3.2159E-1 3.48239E-1 3.44571E-1 3.43591E-1 3.42421E-1 3.4018E-1 3.392E-1 3.31869E-1 3.61257E-1 3.1996E-1 3.16405E-1
6.74228E-1 6.66543E-1 6.40252E-1 6.00437E-1 5.07632E-1 4.417E-1 4.58301E-1 5.44742E-1 6.21268E-1 6.57178E-1 6.61503E-1 6.76426E-1 7.08033E-1 7.48486E-1 7.56655E-1 7.67573E-1 7.7011E-1 7.69583E-1 7.64833E-1 7.61205E-1 7.81285E-1 7.80502E-1 7.87064E-1 7.8475E-1 7.78786E-1 7.65232E-1 7.4535E-1 6.8413E-1 5.19008E-1 4.24571E-1 4.10373E-1 3.81461E-1 3.80928E-1 3.8171E-1 3.89827E-1 3.86923E-1 3.77476E-1 3.64952E-1 3.57675E-1 3.6057E-1 3.70691E-1 3.58304E-1 3.6288E-1 3.46793E-1 3.30676E-1 3.22033E-1 3.36591E-1 3.19924E-1 3.25397E-1 3.41764E-1 3.36498E-1 3.44417E-1 3.51414E-1 3.4392E-1 3.56329E-1 3.49685E-1 3.53261E-1 3.47452E-1 3.55004E-1 3.49325E-1 3.28258E-1
6.3472E-1 6.01293E-1 5.32148E-1 4.62782E-1 4.17202E-1 4.38981E-1 5.60773E-1 6.35532E-1 6.50939E-1 6.55365E-1 6.62774E-1 6.75037E-1 6.97209E-1 7.21646E-1 7.35844E-1 7.52885E-1 7.56643E-1 7.5397E-1 7.52849E-1 7.51768E-1 7.71669E-1 7.81585E-1 7.85489E-1 7.82577E-1 7.7786E-1 7.64939E-1 7.43228E-1 6.03536E-1 4.59287E-1 4.26133E-1 4.10819E-1 3.94337E-1 3.97987E-1 4.06997E-1 4.03182E-1 3.89325E-1 3.86199E-1 3.75498E-1 3.59887E-1 3.54062E-1 3.73839E-1 3.68398E-1 3.51426E-1 3.53279E-1 3.45371E-1 3.34434E-1 3.5003E-1 3.50942E-1 3.53066E-1 3.51792E-1 3.2928E-1 3.32902E-1 3.43563E-1 3.42284E-1 3.60097E-1 3.80022E-1 3.58311E-1 3.57486E-1 3.56928E-1 3.70103E-1 3.54439E-1
4.71235E-1 4.38795E-1 4.26604E-1 4.15095E-1 3.98799E-1 4.68074E-1 5.1102E-1 5.01856E-1 5.21118E-1 5.79971E-1 6.42979E-1 6.76765E-1 6.88887E-1 7.02407E-1 7.25619E-1 7.4352E-1 7.4359E-1 7.3982E-1 7.41756E-1 7.3766E-1 7.40994E-1 7.56565E-1 7.5944E-1 7.49301E-1 7.39729E-1 7.32119E-1 7.26619E-1 6.49536E-1 5.55355E-1 4.78466E-1 4.38548E-1 4.18918E-1 4.14841E-1 4.13097E-1 4.20139E-1 4.00299E-1 4.06178E-1 4.03222E-1 3.86701E-1 3.71088E-1 3.80543E-1 3.85119E-1 3.63311E-1 3.67426E-1 3.77933E-1 3.63979E-1 3.64725E-1 3.51645E-1 3.53669E-1 3.49175E-1 3.45887E-1 3.49744E-1 3.53404E-1 3.5557E-1 3.75755E-1 3.9579E-1 3.75235E-1 3.60641E-1 3.5943E-1 3.57519E-1 3.77576E-1
3.96288E-1 3.79482E-1 3.88801E-1 3.94262E-1 3.96872E-1 4.19232E-1 4.26675E-1 4.32916E-1 4.35941E-1 4.63146E-1 4.9742E-1 6.53767E-1 6.75762E-1 6.83589E-1 7.00114E-1 7.10767E-1 7.0673E-1 7.03877E-1 6.88787E-1 6.58394E-1 6.158E-1 6.2084E-1 6.6449E-1 5.96621E-1 5.52797E-1 5.21967E-1 6.42094E-1 6.80858E-1 6.13234E-1 4.79411E-1 4.21226E-1 4.18541E-1 4.20703E-1 4.16541E-1 4.18082E-1 4.07387E-1 4.04126E-1 4.08517E-1 4.026E-1 4.09434E-1 3.9839E-1 3.91312E-1 4.03668E-1 3.94752E-1 3.9268E-1 3.88922E-1 3.77113E-1 3.62398E-1 3.59632E-1 3.52428E-1 3.52771E-1 4.44614E-1 3.82306E-1 3.73451E-1 3.62842E-1 3.67158E-1 3.78164E-1 3.68216E-1 3.56646E-1 3.55348E-1 3.64113E-1
3.6852E-1 3.74335E-1 3.72875E-1 3.85998E-1 3.73608E-1 3.83455E-1 3.89989E-1 3.95875E-1 4.01208E-1 4.17176E-1 4.42556E-1 5.04187E-1 6.37571E-1 6.24109E-1 6.49407E-1 6.57858E-1 6.45646E-1 5.97676E-1 5.08121E-1 4.70471E-1 4.70368E-1 4.57888E-1 4.38742E-1 4.34623E-1 4.39787E-1 4.47253E-1 6.21315E-1 6.60779E-1 5.89912E-1 4.39554E-1 4.15952E-1 4.20724E-1 4.27112E-1 4.19093E-1 4.19935E-1 4.27535E-1 4.24128E-1 4.23744E-1 4.18977E-1 4.26593E-1 4.14125E-1 4.23091E-1 4.16951E-1 4.16811E-1 4.09414E-1 4.02869E-1 3.91026E-1 3.89094E-1 3.66288E-1 3.4479E-1 3.27957E-1 3.44823E-1 3.71038E-1 3.73573E-1 3.72721E-1 3.71223E-1 3.68234E-1 3.72445E-1 3.70231E-1 3.70716E-1 3.64017E-1
3.7361E-1 3.73249E-1 3.73235E-1 3.68016E-1 3.6463E-1 3.64942E-1 3.80381E-1 3.79753E-1 3.7344E-1 3.87604E-1 3.94199E-1 3.99036E-1 4.29127E-1 4.5751E-1 4.79737E-1 5.00568E-1 4.96368E-1 4.75807E-1 4.48186E-1 4.15047E-1 4.09309E-1 4.40911E-1 4.26977E-1 4.25575E-1 4.40161E-1 4.4406E-1 4.75518E-1 4.71172E-1 4.49018E-1 4.05592E-1 4.11559E-1 4.16845E-1 4.17566E-1 4.09397E-1 4.08615E-1 4.21984E-1 4.17008E-1 4.2102E-1 4.32637E-1 4.22133E-1 4.28508E-1 4.35586E-1 4.12892E-1 4.15895E-1 4.04859E-1 3.98389E-1 3.90001E-1 3.93882E-1 3.86143E-1 3.68863E-1 3.51319E-1 3.65546E-1 3.80864E-1 3.78038E-1 3.75942E-1 3.84459E-1 3.8488E-1 3.78176E-1 3.68741E-1 3.64851E-1 3.66512E-1
3.64352E-1 3.63891E-1 3.74025E-1 3.64981E-1 3.56932E-1 3.56612E-1 3.69732E-1 3.7338E-1 3.8392E-1 3.92946E-1 3.97229E-1 3.8397E-1 4.10495E-1 4.19824E-1 4.10266E-1 4.22578E-1 4.53935E-1 4.55747E-1 4.20027E-1 4.11823E-1 4.49202E-1 4.78764E-1 4.58279E-1 4.42227E-1 4.64142E-1 4.53982E-1 4.27664E-1 4.21098E-1 3.87407E-1 3.9253E-1 4.12464E-1 4.33931E-1 4.29978E-1 4.96705E-1 5.22324E-1 5.02699E-1 4.65794E-1 4.27523E-1 4.31788E-1 4.52491E-1 4.29343E-1 4.35491E-1 4.23475E-1 4.13264E-1 4.14318E-1 4.05945E-1 4.09158E-1 4.28993E-1 4.34984E-1 4.00367E-1 3.89602E-1 3.87323E-1 3.92181E-1 3.92382E-1 3.94216E-1 4.11288E-1 4.27353E-1 4.39748E-1 4.45906E-1 3.86924E-1 3.61447E-1
3.40392E-1 3.56071E-1 3.63336E-1 3.62162E-1 3.53443E-1 3.61924E-1 3.59536E-1 3.6926E-1 3.80464E-1 3.83406E-1 3.90373E-1 3.85393E-1 3.98666E-1 4.09728E-1 4.14039E-1 4.31706E-1 4.47491E-1 4.48587E-1 4.40624E-1 4.44777E-1 4.676E-1 4.90131E-1 4.95234E-1 5.34595E-1 5.15725E-1 4.89477E-1 4.68118E-1 4.62218E-1 4.55939E-1 4.24209E-1 4.13479E-1 4.32423E-1 4.66255E-1 4.82954E-1 5.0878E-1 6.00296E-1 6.10542E-1 5.90393E-1 5.78395E-1 5.85159E-1 5.77828E-1 5.54897E-1 5.26005E-1 4.95736E-1 4.60705E-1 4.51695E-1 4.53604E-1 4.40495E-1 4.29168E-1 4.14246E-1 4.04948E-1 3.94549E-1 4.03702E-1 4.03623E-1 4.03898E-1 4.00636E-1 3.97111E-1 3.9715E-1 3.94471E-1 3.74224E-1 3.7324E-1
3.38797E-1 3.51608E-1 3.66778E-1 3.70843E-1 3.7089E-1 3.70567E-1 3.5935E-1 3.63211E-1 3.74895E-1 3.77231E-1 3.80639E-1 3.85287E-1 3.90903E-1 4.05923E-1 4.14694E-1 4.43486E-1 4.58169E-1 4.48175E-1 5.29119E-1 5.76967E-1 5.71582E-1 6.02526E-1 6.23342E-1 6.17741E-1 6.04726E-1 5.90432E-1 5.21109E-1 4.89562E-1 5.29245E-1 5.68164E-1 5.88085E-1 5.98518E-1 5.91222E-1 5.61162E-1 5.40006E-1 5.2578E-1 5.30503E-1 5.25255E-1 4.9382E-1 5.25227E-1 5.02611E-1 4.86792E-1 4.90026E-1 5.13919E-1 4.57806E-1 5.43955E-1 5.86793E-1 6.16827E-1 5.73657E-1 5.28804E-1 5.02622E-1 4.18202E-1 4.14173E-1 4.20999E-1 4.18753E-1 4.1327E-1 4.07436E-1 4.05696E-1 4.04859E-1 3.97351E-1 4.06732E-1
3.36242E-1 3.45926E-1 3.66811E-1 3.62519E-1 3.64472E-1 3.63393E-1 3.60116E-1 3.58805E-1 3.61801E-1 3.70049E-1 3.72958E-1 3.84853E-1 3.96575E-1 4.43531E-1 4.80339E-1 5.12249E-1 4.98583E-1 5.86034E-1 6.5302E-1 6.7835E-1 6.74363E-1 6.36265E-1 5.4167E-1 5.50603E-1 6.18727E-1 5.74772E-1 5.05931E-1 4.79026E-1 4.76305E-1 4.98693E-1 6.20196E-1 6.55933E-1 6.69954E-1 6.81325E-1 6.91134E-1 6.88076E-1 6.87207E-1 6.64645E-1 6.49326E-1 6.52722E-1 6.18244E-1 5.22592E-1 5.01797E-1 4.91201E-1 5.1633E-1 5.11332E-1 6.11607E-1 7.06699E-1 7.04176E-1 6.97085E-1 6.94589E-1 6.51794E-1 4.48882E-1 4.33176E-1 4.49098E-1 4.42239E-1 4.22897E-1 4.20146E-1 4.17482E-1 4.16897E-1 4.19881E-1
3.44814E-1 3.45504E-1 3.58844E-1 3.71453E-1 3.66149E-1 3.65648E-1 3.59542E-1 3.58867E-1 3.68003E-1 3.75966E-1 3.78237E-1 4.01762E-1 4.78421E-1 5.83077E-1 5.9273E-1 5.70098E-1 5.92202E-1 6.69155E-1 6.7343E-1 6.7231E-1 6.62262E-1 6.48562E-1 5.70576E-1 6.22584E-1 6.36325E-1 5.3537E-1 4.69447E-1 4.55151E-1 4.47806E-1 4.43854E-1 4.69694E-1 5.54648E-1 6.33875E-1 6.70134E-1 6.81588E-1 6.90622E-1 6.99806E-1 7.03974E-1 7.01999E-1 7.17469E-1 7.23453E-1 7.22467E-1 6.86887E-1 6.05508E-1 5.8191E-1 5.95398E-1 7.13573E-1 7.09623E-1 7.17543E-1 7.15884E-1 7.14574E-1 7.11255E-1 6.32409E-1 4.89579E-1 4.6203E-1 4.57748E-1 4.39235E-1 4.39594E-1 4.33434E-1 4.17967E-1 4.30488E-1
3.5336E-1 3.51418E-1 3.60681E-1 3.66489E-1 3.71956E-1 3.68347E-1 3.58419E-1 3.59438E-1 3.62774E-1 3.78445E-1 3.84103E-1 4.26275E-1 5.55516E-1 5.90669E-1 5.45714E-1 5.91571E-1 6.51535E-1 6.67878E-1 6.66504E-1 6.63199E-1 6.34473E-1 6.27851E-1 6.5248E-1 6.49652E-1 6.18931E-1 5.36769E-1 4.7088E-1 4.55468E-1 4.54519E-1 4.41741E-1 4.44434E-1 4.51239E-1 4.67227E-1 5.25175E-1 6.05704E-1 6.65387E-1 6.86243E-1 6.95792E-1 7.06537E-1 7.07673E-1 7.13994E-1 7.2177E-1 7.28703E-1 7.2562E-1 7.13708E-1 6.84062E-1 7.26688E-1 7.27508E-1 7.27362E-1 7.3019E-1 7.30969E-1 7.2626E-1 7.17292E-1 6.17587E-1 4.91117E-1 4.99573E-1 4.5695E-1 4.54244E-1 4.53715E-1 4.40858E-1 4.39455E-1
3.44066E-1 3.40378E-1 3.62275E-1 3.62233E-1 3.66139E-1 3.65722E-1 3.65582E-1 3.63215E-1 3.71922E-1 3.925E-1 4.16141E-1 5.12985E-1 5.59664E-1 5.12151E-1 5.73962E-1 6.34064E-1 6.52225E-1 6.58887E-1 6.5653E-1 6.42335E-1 6.43672E-1 6.44539E-1 6.01993E-1 5.89489E-1 4.93364E-1 4.77778E-1 4.51985E-1 4.64735E-1 4.32377E-1 4.35713E-1 4.23872E-1 4.33943E-1 4.35484E-1 4.36803E-1 4.67025E-1 5.23688E-1 6.56744E-1 6.8406E-1 6.93213E-1 6.98351E-1 7.05148E-1 7.13689E-1 7.20353E-1 7.2516E-1 7.27127E-1 6.98566E-1 6.57468E-1 6.64363E-1 7.05176E-1 7.30513E-1 7.29183E-1 7.28371E-1 7.27539E-1 7.14456E-1 6.01853E-1 5.34755E-1 4.73343E-1 4.81992E-1 4.91934E-1 4.72169E-1 4.53084E-1
3.49448E-1 3.4507E-1 3.67266E-1 3.70133E-1 3.81722E-1 3.65174E-1 3.64457E-1 3.65804E-1 3.77866E-1 4.07427E-1 4.86263E-1 5.71041E-1 4.79495E-1 5.26177E-1 6.31462E-1 6.40217E-1 6.42759E-1 6.45E-1 6.46119E-1 5.82401E-1 6.07215E-1 5.88466E-1 5.19156E-1 5.52928E-1 4.76981E-1 4.46884E-1 4.37497E-1 4.41064E-1 4.27141E-1 4.33438E-1 4.30045E-1 4.3105E-1 4.25664E-1 4.40012E-1 4.62749E-1 4.92981E-1 5.83632E-1 6.72852E-1 6.84883E-1 6.89067E-1 6.95171E-1 7.06697E-1 7.1347E-1 7.20308E-1 7.20932E-1 7.23191E-1 6.9798E-1 5.9875E-1 6.55896E-1 7.25026E-1 7.29603E-1 7.35169E-1 7.34829E-1 7.31273E-1 7.24618E-1 6.18849E-1 5.07051E-1 4.99901E-1 5.26062E-1 4.97359E-1 4.64229E-1
