maxent_outputs/red_flowers_troch_bombus_environ/red_9.asc
ncols         426
nrows         180
xllcorner     -130.0
yllcorner     24.0
cellsize      0.16666666666666666
NODATA_value  -9999
[rows 27 to 53 of 180, columns 61 to 121 of 426]
3.80094E-2 4.48279E-2 4.05786E-2 3.85135E-2 2.86909E-2 2.84347E-2 3.90977E-2 3.46807E-2 2.90164E-2 3.94976E-2 4.35658E-2 4.02393E-2 3.68563E-2 3.37998E-2 3.72741E-2 3.21209E-2 3.65944E-2 3.3058E-2 4.13314E-2 3.74484E-2 2.96931E-2 3.34651E-2 3.34722E-2 2.33088E-2 2.4301E-2 2.29791E-2 1.87959E-2 1.92592E-2 2.03691E-2 2.46265E-2 2.45874E-2 2.68181E-2 2.7123E-2 2.95557E-2 2.90614E-2 2.58226E-2 2.2822E-2 2.20917E-2 2.27454E-2 2.2751E-2 2.24933E-2 2.30705E-2 2.35322E-2 2.35709E-2 2.20167E-2 2.14745E-2 1.96544E-2 1.74923E-2 1.5794E-2 1.54144E-2 1.49718E-2 1.43608E-2 1.34454E-2 1.249E-2 1.16286E-2 1.11797E-2 1.09908E-2 1.06937E-2 1.02507E-2 1.03002E-2 9.79926E-3
3.94532E-2 3.79477E-2 3.75498E-2 4.46472E-2 3.56239E-2 2.95536E-2 3.28217E-2 3.6229E-2 3.39928E-2 4.08254E-2 3.75853E-2 3.75442E-2 3.95499E-2 3.52264E-2 3.20175E-2 2.99896E-2 3.67821E-2 3.72331E-2 3.90048E-2 3.27339E-2 2.91468E-2 2.78602E-2 2.90394E-2 2.39024E-2 2.77278E-2 2.33558E-2 2.31389E-2 1.89932E-2 2.06573E-2 2.26848E-2 2.66943E-2 2.29486E-2 2.67062E-2 3.18143E-2 3.46925E-2 2.58383E-2 2.40947E-2 2.46307E-2 2.36244E-2 2.38771E-2 2.50014E-2 2.57774E-2 2.57886E-2 2.46907E-2 2.27075E-2 2.18859E-2 2.10472E-2 1.80384E-2 1.56419E-2 1.50808E-2 1.47963E-2 1.40899E-2 1.32955E-2 1.29552E-2 1.22311E-2 1.11615E-2 9.31985E-3 8.73347E-3 8.42471E-3 7.66498E-3 7.70936E-3
5.15308E-2 3.99128E-2 4.21034E-2 3.36066E-2 2.6002E-2 2.68391E-2 3.00762E-2 3.36742E-2 3.22622E-2 4.26902E-2 4.1462E-2 4.00437E-2 3.64393E-2 3.39785E-2 3.61432E-2 3.30755E-2 3.91625E-2 3.46498E-2 3.1806E-2 3.32816E-2 3.1843E-2 2.49261E-2 2.48076E-2 2.52563E-2 2.51438E-2 2.52063E-2 2.63175E-2 2.47784E-2 2.40962E-2 2.62073E-2 2.52048E-2 2.21186E-2 2.05102E-2 2.47985E-2 3.03886E-2 2.92383E-2 2.82891E-2 2.8137E-2 2.56372E-2 2.46039E-2 2.58499E-2 2.64626E-2 2.51698E-2 2.21516E-2 1.91774E-2 2.05718E-2 2.05714E-2 1.87392E-2 1.76142E-2 1.79679E-2 1.8092E-2 1.71971E-2 1.66752E-2 1.52024E-2 1.30014E-2 1.20331E-2 1.11353E-2 8.68279E-3 7.30737E-3 7.00214E-3 7.03244E-3
4.8899E-2 4.12023E-2 4.37216E-2 2.67998E-2 2.32872E-2 3.12101E-2 3.38283E-2 3.05716E-2 3.9566E-2 4.10441E-2 4.03538E-2 3.74127E-2 3.47913E-2 3.75224E-2 4.06618E-2 3.85853E-2 3.9727E-2 3.322E-2 3.28509E-2 4E-2 3.59304E-2 3.18811E-2 3.0782E-2 3.28959E-2 2.46279E-2 2.26493E-2 2.76928E-2 2.79567E-2 2.45044E-2 2.77806E-2 2.56586E-2 2.5514E-2 1.92272E-2 2.12191E-2 2.50916E-2 2.68317E-2 3.36689E-2 3.79635E-2 3.00647E-2 2.84663E-2 2.71845E-2 2.6446E-2 2.56544E-2 2.41363E-2 2.22986E-2 2.17781E-2 2.20743E-2 2.13165E-2 1.87265E-2 2.11902E-2 2.10161E-2 2.09181E-2 2.42627E-2 1.96352E-2 1.49892E-2 1.2623E-2 1.2108E-2 1.09625E-2 9.90095E-3 1.01756E-2 9.71521E-3
4.86752E-2 3.61954E-2 3.51716E-2 3.10518E-2 3.68499E-2 3.39889E-2 3.48692E-2 2.95423E-2 4.79043E-2 4.30881E-2 3.46632E-2 3.8674E-2 3.91741E-2 3.96644E-2 3.66517E-2 4.33697E-2 3.94742E-2 3.70781E-2 3.70738E-2 3.92864E-2 4.04928E-2 3.53053E-2 3.26817E-2 3.13979E-2 2.87013E-2 2.51936E-2 2.68871E-2 2.92587E-2 2.53869E-2 2.35231E-2 2.61314E-2 2.63721E-2 2.34591E-2 1.88469E-2 1.96205E-2 2.12576E-2 2.39456E-2 3.70763E-2 3.51479E-2 3.20562E-2 2.67654E-2 2.56263E-2 2.56636E-2 2.48014E-2 2.34011E-2 2.25733E-2 2.29969E-2 2.11615E-2 1.72662E-2 1.59134E-2 1.54992E-2 1.6047E-2 1.66728E-2 1.61249E-2 1.49548E-2 1.30031E-2 1.2124E-2 1.17994E-2 1.14551E-2 1.17775E-2 1.17271E-2
3.86283E-2 3.16898E-2 3.35853E-2 3.47192E-2 3.59079E-2 3.75798E-2 3.3694E-2 3.9605E-2 5.01564E-2 4.63689E-2 4.31787E-2 3.51771E-2 3.85205E-2 4.03344E-2 3.95952E-2 3.65408E-2 4.01132E-2 4.16114E-2 4.31837E-2 3.43552E-2 3.73261E-2 3.60814E-2 3.6906E-2 3.59418E-2 3.02341E-2 2.93121E-2 2.7923E-2 3.36179E-2 2.52217E-2 2.31041E-2 2.5908E-2 2.26689E-2 2.49988E-2 2.12515E-2 2.18723E-2 2.53559E-2 2.63976E-2 2.72333E-2 3.61308E-2 3.36524E-2 2.54156E-2 2.7587E-2 2.90073E-2 3.08447E-2 3.25194E-2 3.11994E-2 3.01658E-2 2.14315E-2 1.81823E-2 1.56975E-2 1.45287E-2 1.45778E-2 1.39001E-2 1.39953E-2 1.40146E-2 1.32515E-2 1.25012E-2 1.20274E-2 1.17571E-2 1.14804E-2 1.17688E-2
4.32689E-2 3.38818E-2 3.56712E-2 3.95536E-2 4.33423E-2 4.68951E-2 3.76413E-2 4.13617E-2 4.90605E-2 4.65316E-2 4.33481E-2 3.6345E-2 3.8152E-2 4.4014E-2 4.09742E-2 3.76644E-2 4.35049E-2 3.54544E-2 4.11652E-2 4.04067E-2 3.60973E-2 3.7817E-2 3.71059E-2 3.68658E-2 3.63516E-2 2.96992E-2 3.10423E-2 3.0794E-2 2.52908E-2 2.45429E-2 2.28465E-2 2.5573E-2 2.50522E-2 2.28353E-2 2.33536E-2 2.5403E-2 2.26558E-2 2.35984E-2 2.83835E-2 3.47404E-2 2.94432E-2 2.90518E-2 3.02853E-2 3.137E-2 3.07315E-2 2.81411E-2 2.69188E-2 2.21157E-2 1.95877E-2 1.76969E-2 1.47991E-2 1.4193E-2 1.33614E-2 1.30655E-2 1.30894E-2 1.26778E-2 1.21433E-2 1.18398E-2 1.13708E-2 1.19584E-2 1.51776E-2
3.29344E-2 3.31396E-2 3.6918E-2 4.0509E-2 4.5056E-2 3.8744E-2 4.30382E-2 4.71813E-2 5.10768E-2 4.15248E-2 4.32336E-2 4.181E-2 3.34625E-2 4.67596E-2 4.44785E-2 3.35168E-2 4.11094E-2 3.84955E-2 3.95318E-2 4.14304E-2 4.92178E-2 4.72669E-2 3.76216E-2 4.05678E-2 4.00592E-2 3.23667E-2 3.14315E-2 2.89925E-2 2.76466E-2 2.35906E-2 2.23648E-2 2.70113E-2 2.47634E-2 2.22604E-2 2.52855E-2 2.51483E-2 2.36566E-2 2.54866E-2 2.6405E-2 3.37494E-2 4.00978E-2 3.89217E-2 3.34297E-2 3.38512E-2 3.16537E-2 2.92679E-2 2.64324E-2 2.2204E-2 1.91015E-2 1.69947E-2 1.57755E-2 1.41139E-2 1.41468E-2 1.29711E-2 1.28367E-2 1.25839E-2 1.17188E-2 1.14202E-2 1.05562E-2 1.3996E-2 2.07469E-2
3.08706E-2 3.35714E-2 3.03751E-2 3.1424E-2 3.1881E-2 3.36539E-2 4.70549E-2 4.97846E-2 5.14962E-2 4.61992E-2 4.64013E-2 4.33273E-2 3.57014E-2 3.95461E-2 3.77319E-2 3.60366E-2 3.87888E-2 4.32344E-2 4.04123E-2 4.66876E-2 6.54303E-2 5.74517E-2 4.06372E-2 4.05886E-2 3.91219E-2 3.63796E-2 3.37363E-2 3.0215E-2 3.00775E-2 2.67208E-2 2.57846E-2 2.77538E-2 2.92858E-2 2.96593E-2 2.95222E-2 2.72705E-2 2.1215E-2 2.37913E-2 2.41006E-2 2.59951E-2 3.06181E-2 3.7176E-2 4.09493E-2 3.54936E-2 3.05103E-2 2.71044E-2 2.49585E-2 2.26624E-2 1.99121E-2 1.8348E-2 1.7173E-2 1.80813E-2 1.74259E-2 1.6781E-2 1.67744E-2 1.60907E-2 1.37713E-2 1.24447E-2 1.18324E-2 1.36362E-2 1.80189E-2
2.66756E-2 2.6813E-2 2.56257E-2 2.76582E-2 4.36665E-2 3.70261E-2 4.34604E-2 4.52472E-2 5.25574E-2 4.70237E-2 4.69687E-2 4.45275E-2 4.69378E-2 4.05429E-2 3.6447E-2 4.00566E-2 5.53434E-2 4.93124E-2 3.71398E-2 5.27363E-2 5.52342E-2 4.50015E-2 4.34476E-2 4.67562E-2 3.77897E-2 3.78867E-2 4.08524E-2 3.56497E-2 2.95585E-2 3.08365E-2 2.87233E-2 2.51013E-2 3.05815E-2 3.2314E-2 4.49661E-2 3.5024E-2 2.66954E-2 2.34718E-2 2.41364E-2 2.5049E-2 3.19027E-2 3.34427E-2 4.45837E-2 3.41507E-2 3.36655E-2 3.51442E-2 3.1769E-2 3.17144E-2 2.90678E-2 2.69519E-2 2.36564E-2 2.27888E-2 1.94776E-2 1.7408E-2 1.72046E-2 1.73836E-2 1.56729E-2 1.50844E-2 1.60953E-2 1.44158E-2 1.37569E-2
2.82474E-2 2.75788E-2 2.68872E-2 3.47219E-2 3.26443E-2 3.11722E-2 2.95588E-2 2.95696E-2 3.36473E-2 3.54941E-2 3.84731E-2 3.88778E-2 3.88299E-2 4.41094E-2 4.74523E-2 4.23167E-2 4.68887E-2 4.38142E-2 4.62867E-2 5.58733E-2 5.05082E-2 4.84793E-2 4.63721E-2 4.39621E-2 4.9377E-2 3.84178E-2 3.75632E-2 4.55816E-2 3.35257E-2 3.11248E-2 3.09543E-2 2.32875E-2 2.78813E-2 3.04679E-2 4.02782E-2 3.63775E-2 2.74038E-2 2.78753E-2 2.49788E-2 2.74461E-2 3.78719E-2 3.11433E-2 4.46317E-2 3.28262E-2 3.26914E-2 3.73658E-2 3.53915E-2 3.25492E-2 3.01961E-2 2.53343E-2 2.31196E-2 2.41575E-2 2.29568E-2 2.12779E-2 2.10375E-2 2.03332E-2 2.03607E-2 1.9308E-2 1.75775E-2 1.7835E-2 1.55999E-2
3.17494E-2 3.31585E-2 3.92363E-2 4.07241E-2 3.20792E-2 3.34167E-2 3.33952E-2 3.23825E-2 3.15566E-2 3.33118E-2 3.45472E-2 3.67767E-2 4.13387E-2 4.56217E-2 5.24512E-2 5.19054E-2 5.57367E-2 5.92655E-2 6.66536E-2 6.12893E-2 5.0817E-2 4.6264E-2 4.90592E-2 4.70242E-2 5.2928E-2 4.7513E-2 3.65809E-2 4.09254E-2 4.08983E-2 3.22373E-2 3.57909E-2 2.52332E-2 2.40085E-2 2.65873E-2 2.64697E-2 3.49468E-2 2.40148E-2 3.12257E-2 2.73836E-2 2.24274E-2 3.64167E-2 3.8348E-2 4.13469E-2 3.0522E-2 3.13801E-2 3.403E-2 3.37338E-2 3.47428E-2 3.09989E-2 2.79943E-2 2.57268E-2 2.53719E-2 2.29047E-2 2.29571E-2 2.26181E-2 2.26866E-2 2.18305E-2 2.09004E-2 1.91938E-2 1.85237E-2 1.83747E-2
3.84606E-2 3.80051E-2 4.77779E-2 4.09262E-2 4.06454E-2 3.82467E-2 3.8802E-2 3.71647E-2 3.51581E-2 3.55307E-2 3.82568E-2 3.96691E-2 4.70433E-2 5.37475E-2 5.05732E-2 4.86832E-2 4.51035E-2 4.73465E-2 5.51519E-2 5.5193E-2 6.01301E-2 5.29905E-2 5.20643E-2 4.52123E-2 4.25668E-2 4.51307E-2 3.88171E-2 4.05541E-2 4.15735E-2 3.58138E-2 3.64472E-2 2.78801E-2 2.70943E-2 2.59287E-2 2.60504E-2 3.73288E-2 2.5676E-2 2.91052E-2 3.44082E-2 2.84526E-2 3.13702E-2 3.91444E-2 4.04121E-2 3.165E-2 3.01654E-2 3.0113E-2 2.92884E-2 2.77276E-2 2.69241E-2 2.57605E-2 2.56322E-2 2.45863E-2 2.40474E-2 2.39521E-2 2.26072E-2 2.66461E-2 2.31842E-2 2.14362E-2 2.19941E-2 2.18127E-2 2.02584E-2
4.85963E-2 5.06499E-2 3.96039E-2 4.15465E-2 3.96693E-2 3.74332E-2 3.83821E-2 3.77063E-2 3.73286E-2 3.93361E-2 4.39963E-2 4.63014E-2 5.06364E-2 5.6829E-2 5.56861E-2 5.19758E-2 5.34623E-2 5.31773E-2 5.45588E-2 4.963E-2 4.6589E-2 4.33573E-2 4.39728E-2 4.26246E-2 4.05893E-2 4.25228E-2 4.82293E-2 4.88691E-2 3.79018E-2 3.5769E-2 4.51246E-2 3.75774E-2 3.9008E-2 3.07926E-2 2.85876E-2 3.68706E-2 3.35267E-2 2.26783E-2 3.08507E-2 3.12407E-2 3.2052E-2 2.91341E-2 3.60494E-2 4.06311E-2 3.32034E-2 2.88218E-2 3.02801E-2 3.33498E-2 2.8379E-2 2.60229E-2 2.63432E-2 2.76233E-2 2.6706E-2 2.64506E-2 2.50775E-2 2.42588E-2 2.32781E-2 2.29173E-2 2.25789E-2 2.1754E-2 2.07455E-2
4.80812E-2 4.74651E-2 5.7515E-2 5.80162E-2 5.26734E-2 4.33355E-2 4.17191E-2 4.05995E-2 4.08797E-2 4.38902E-2 4.66324E-2 4.87432E-2 5.33946E-2 5.8217E-2 5.96414E-2 5.52799E-2 5.39517E-2 6.29809E-2 6.05344E-2 5.46521E-2 4.79379E-2 4.64559E-2 5.06583E-2 4.73135E-2 4.03794E-2 4.22039E-2 4.34673E-2 4.6175E-2 4.97889E-2 4.54408E-2 3.19754E-2 3.71688E-2 3.42178E-2 3.34808E-2 3.21717E-2 4.13434E-2 3.31683E-2 2.24352E-2 2.10834E-2 1.83926E-2 2.02772E-2 2.19584E-2 3.57938E-2 3.1963E-2 3.18291E-2 3.45307E-2 3.11294E-2 3.51245E-2 3.67504E-2 3.31961E-2 2.85557E-2 3.11182E-2 3.3001E-2 3.21998E-2 2.90266E-2 3.29876E-2 2.98196E-2 2.65598E-2 2.54768E-2 2.41824E-2 2.16333E-2
5.68836E-2 5.64691E-2 6.28913E-2 6.45458E-2 5.65358E-2 4.84643E-2 4.5233E-2 4.61071E-2 4.57974E-2 4.87163E-2 5.06933E-2 5.37271E-2 5.43888E-2 5.77404E-2 6.25074E-2 5.8481E-2 5.43899E-2 5.62503E-2 5.59111E-2 5.65741E-2 4.67492E-2 4.9927E-2 4.61407E-2 4.04188E-2 4.31768E-2 4.71484E-2 4.01348E-2 4.43476E-2 3.62221E-2 4.72487E-2 3.77633E-2 3.82495E-2 3.90295E-2 3.36516E-2 2.66145E-2 3.05069E-2 2.95537E-2 2.1572E-2 2.31443E-2 3.03414E-2 1.68008E-2 1.73386E-2 2.86412E-2 3.05893E-2 3.30615E-2 2.73425E-2 2.69789E-2 2.79909E-2 3.07128E-2 3.08289E-2 2.48609E-2 2.51889E-2 2.74205E-2 3.50654E-2 3.40389E-2 3.98665E-2 3.60707E-2 2.86824E-2 2.69916E-2 2.5439E-2 2.34968E-2
7.01418E-2 6.60279E-2 5.60022E-2 6.33886E-2 6.34523E-2 5.46E-2 5.27182E-2 5.06942E-2 5.47153E-2 6.03879E-2 6.13071E-2 6.20839E-2 6.3088E-2 6.4892E-2 7.04697E-2 6.17378E-2 5.42078E-2 5.21686E-2 4.37306E-2 3.91134E-2 4.89725E-2 4.48969E-2 4.67291E-2 3.89893E-2 3.42589E-2 3.431E-2 4.09418E-2 3.9474E-2 3.16792E-2 3.41963E-2 4.44487E-2 3.77246E-2 3.8564E-2 4.24492E-2 2.98626E-2 3.31752E-2 3.00854E-2 2.80177E-2 2.74425E-2 2.68153E-2 2.38905E-2 3.14887E-2 2.43321E-2 2.88188E-2 3.26363E-2 2.57254E-2 2.12109E-2 2.14161E-2 2.52623E-2 2.98733E-2 2.83273E-2 2.21032E-2 2.1283E-2 2.62836E-2 3.27132E-2 3.7304E-2 3.3012E-2 3.49949E-2 3.35727E-2 2.84613E-2 2.29637E-2
5.95021E-2 5.08236E-2 5.30499E-2 7.11847E-2 6.72501E-2 6.07379E-2 5.91311E-2 6.77742E-2 7.64002E-2 7.95102E-2 7.98056E-2 8.16368E-2 8.00756E-2 7.0969E-2 6.56135E-2 6.45964E-2 5.50442E-2 4.82382E-2 4.75512E-2 4.84598E-2 4.71769E-2 6.27348E-2 4.71057E-2 3.70563E-2 3.25116E-2 3.41405E-2 3.32993E-2 3.94388E-2 3.81514E-2 4.05147E-2 3.69123E-2 3.05405E-2 3.92127E-2 4.99217E-2 2.97816E-2 2.86088E-2 4.0742E-2 4.1866E-2 3.63805E-2 2.07032E-2 2.21034E-2 2.12684E-2 2.42166E-2 2.06314E-2 2.45089E-2 2.95684E-2 2.46152E-2 2.05373E-2 2.13006E-2 2.22807E-2 3.02269E-2 3.05006E-2 2.13346E-2 2.28342E-2 2.82178E-2 2.73417E-2 2.78633E-2 2.81295E-2 2.73E-2 2.55673E-2 2.42507E-2
5.81035E-2 6.09146E-2 5.39491E-2 7.19199E-2 7.86875E-2 6.7263E-2 7.00936E-2 7.92647E-2 6.67038E-2 6.93762E-2 7.84293E-2 7.88093E-2 7.79482E-2 6.24473E-2 5.40768E-2 6.44114E-2 6.25726E-2 5.77379E-2 5.57598E-2 5.16161E-2 4.79903E-2 4.78292E-2 4.27835E-2 3.08687E-2 3.41479E-2 4.69299E-2 4.16961E-2 3.85697E-2 4.07591E-2 4.09044E-2 4.59079E-2 4.03869E-2 4.26067E-2 3.85591E-2 2.80572E-2 3.60319E-2 4.27673E-2 4.0084E-2 3.30995E-2 3.40239E-2 5.69745E-2 3.85148E-2 2.04737E-2 2.91499E-2 4.41542E-2 4.82684E-2 2.86398E-2 3.227E-2 3.64049E-2 2.19802E-2 2.17298E-2 3.37635E-2 2.98111E-2 2.34375E-2 3.32784E-2 2.75133E-2 2.80103E-2 2.85056E-2 2.73385E-2 2.56612E-2 2.48283E-2
7.10968E-2 7.31853E-2 7.74676E-2 8.43864E-2 8.23854E-2 8.70159E-2 7.82434E-2 7.20239E-2 6.86884E-2 7.55973E-2 9.33818E-2 9.79539E-2 8.51599E-2 7.5468E-2 6.93616E-2 5.71452E-2 5.50359E-2 5.90274E-2 5.87217E-2 5.00439E-2 4.57997E-2 4.3503E-2 4.18143E-2 3.7935E-2 4.2831E-2 4.23817E-2 3.93601E-2 4.20515E-2 3.81563E-2 3.74777E-2 3.96759E-2 3.48358E-2 4.24227E-2 3.73359E-2 2.71619E-2 4.29996E-2 5.00216E-2 3.47052E-2 2.54504E-2 3.762E-2 5.68262E-2 3.20261E-2 2.51605E-2 4.04038E-2 4.1519E-2 4.06936E-2 2.87227E-2 3.91277E-2 3.07929E-2 2.29936E-2 2.23549E-2 2.67042E-2 2.88841E-2 2.58048E-2 2.47353E-2 3.07961E-2 3.73422E-2 3.63118E-2 3.02967E-2 2.63359E-2 2.46393E-2
6.7096E-2 6.87669E-2 7.0342E-2 7.01937E-2 7.67179E-2 9.72542E-2 8.59408E-2 8.41821E-2 7.62545E-2 9.31113E-2 1.18717E-1 8.61959E-2 7.02056E-2 6.97591E-2 6.82128E-2 6.6713E-2 5.85513E-2 6.95102E-2 5.30243E-2 4.67714E-2 5.0563E-2 4.26791E-2 4.16001E-2 4.2266E-2 5.20986E-2 5.00827E-2 4.77489E-2 3.79022E-2 3.83442E-2 3.67985E-2 3.18919E-2 3.42066E-2 4.07415E-2 3.69854E-2 2.99184E-2 3.39226E-2 4.97037E-2 4.78058E-2 5.04881E-2 6.10189E-2 4.66722E-2 2.99343E-2 2.82771E-2 3.19921E-2 3.84046E-2 4.81471E-2 3.36037E-2 2.6028E-2 2.67732E-2 2.35195E-2 2.32483E-2 2.55429E-2 2.61503E-2 3.11361E-2 2.48151E-2 2.46165E-2 3.94284E-2 4.40879E-2 2.92985E-2 2.50253E-2 2.3679E-2
8.37577E-2 9.17494E-2 8.71986E-2 8.6664E-2 9.40419E-2 8.44015E-2 7.92102E-2 8.75157E-2 9.30577E-2 1.05867E-1 1.03438E-1 7.44761E-2 6.63763E-2 7.2627E-2 5.5663E-2 5.60492E-2 6.60523E-2 6.27003E-2 6.18358E-2 5.47063E-2 4.92135E-2 4.38489E-2 4.87743E-2 5.14817E-2 6.01484E-2 4.13868E-2 4.08763E-2 4.74394E-2 4.28149E-2 3.38904E-2 3.40784E-2 3.64562E-2 4.32419E-2 4.19318E-2 2.81788E-2 2.48859E-2 3.81353E-2 4.94125E-2 5.01358E-2 3.01031E-2 2.38768E-2 4.58E-2 3.6785E-2 2.70778E-2 3.74025E-2 3.07752E-2 3.05204E-2 2.93203E-2 2.69413E-2 2.31653E-2 2.27382E-2 2.19814E-2 2.57186E-2 3.27415E-2 2.51446E-2 2.21928E-2 2.91432E-2 3.43252E-2 2.87063E-2 2.68523E-2 2.51133E-2
8.92181E-2 8.81151E-2 8.93342E-2 9.25066E-2 9.13396E-2 8.60299E-2 7.58951E-2 7.74618E-2 8.1033E-2 9.61548E-2 7.4155E-2 5.90152E-2 5.55805E-2 4.89323E-2 5.76929E-2 5.49028E-2 3.91202E-2 4.83086E-2 6.32579E-2 5.73994E-2 5.98254E-2 5.04943E-2 5.88697E-2 6.04861E-2 5.75193E-2 4.22543E-2 3.2489E-2 3.34505E-2 3.34074E-2 3.35648E-2 3.27597E-2 3.71199E-2 3.57263E-2 3.35755E-2 3.73772E-2 3.14126E-2 3.64946E-2 2.07668E-2 1.56853E-2 3.47707E-2 4.78554E-2 3.88908E-2 3.35909E-2 3.69659E-2 4.44234E-2 3.01401E-2 3.70526E-2 3.00593E-2 2.63925E-2 2.64447E-2 2.47396E-2 2.14222E-2 2.1732E-2 3.0924E-2 3.16941E-2 2.46925E-2 2.71716E-2 2.90367E-2 2.86825E-2 2.81509E-2 2.64455E-2
8.29849E-2 8.15452E-2 9.13325E-2 8.47795E-2 8.73012E-2 8.17674E-2 8.64147E-2 8.91966E-2 8.87135E-2 9.19901E-2 6.53464E-2 4.97627E-2 4.40816E-2 4.2118E-2 3.49151E-2 3.6851E-2 3.04521E-2 4.06034E-2 6.38871E-2 7.02118E-2 6.6286E-2 6.13504E-2 5.49472E-2 4.86425E-2 4.35496E-2 3.73032E-2 3.35782E-2 3.01243E-2 3.05364E-2 3.4057E-2 3.35391E-2 3.45401E-2 3.74492E-2 3.45559E-2 3.52082E-2 2.87171E-2 3.50715E-2 1.78228E-2 1.80389E-2 4.90047E-2 4.47249E-2 5.63857E-2 3.35862E-2 3.19381E-2 2.87378E-2 2.97655E-2 4.99324E-2 4.41069E-2 2.80193E-2 2.99469E-2 2.61902E-2 2.37841E-2 2.7199E-2 3.27328E-2 2.93594E-2 2.72747E-2 3.52005E-2 3.10303E-2 3.17374E-2 3.36142E-2 2.75732E-2
8.46297E-2 8.58509E-2 8.48026E-2 8.30926E-2 8.09163E-2 8.01054E-2 9.439E-2 7.86037E-2 7.99543E-2 7.37423E-2 6.3788E-2 5.12801E-2 6.99313E-2 7.28034E-2 6.22727E-2 3.75065E-2 3.25957E-2 4.79595E-2 6.61968E-2 5.92101E-2 5.5916E-2 5.60566E-2 4.8793E-2 4.04231E-2 3.64072E-2 3.3678E-2 3.46487E-2 3.13328E-2 2.79923E-2 2.78806E-2 3.08986E-2 3.09568E-2 3.02017E-2 2.88359E-2 2.61526E-2 2.23468E-2 4.65366E-2 3.05668E-2 2.21139E-2 3.69406E-2 3.94033E-2 5.1721E-2 3.28141E-2 2.81873E-2 2.68263E-2 2.95712E-2 3.12885E-2 3.57156E-2 2.70641E-2 3.50755E-2 3.90876E-2 3.75815E-2 3.5017E-2 3.55864E-2 2.70894E-2 2.97058E-2 4.26152E-2 4.14691E-2 4.75709E-2 3.45022E-2 3.20155E-2
7.74843E-2 7.02347E-2 7.27415E-2 7.03344E-2 6.18648E-2 5.41506E-2 6.64484E-2 6.14415E-2 4.9251E-2 5.4501E-2 5.4489E-2 4.22048E-2 6.12136E-2 6.24218E-2 6.27059E-2 6.21941E-2 4.87036E-2 5.61296E-2 5.83915E-2 4.73194E-2 4.63279E-2 4.39203E-2 3.63928E-2 3.39714E-2 3.04715E-2 3.17909E-2 3.47495E-2 3.23056E-2 2.93366E-2 3.16716E-2 3.29313E-2 3.0981E-2 2.48729E-2 3.02479E-2 4.11168E-2 2.09662E-2 2.44197E-2 4.67257E-2 2.92988E-2 3.21936E-2 2.26659E-2 3.11891E-2 2.98615E-2 2.71156E-2 2.89401E-2 3.66137E-2 3.03859E-2 2.90692E-2 2.56879E-2 3.23632E-2 3.1355E-2 2.45821E-2 3.38102E-2 2.64124E-2 2.83934E-2 3.31625E-2 3.12324E-2 3.22751E-2 3.78065E-2 3.63427E-2 4.84722E-2
5.97625E-2 5.15568E-2 6.43805E-2 6.07871E-2 5.0998E-2 4.66631E-2 6.26048E-2 6.58825E-2 6.55736E-2 6.28078E-2 4.51994E-2 2.59097E-2 3.71202E-2 4.9436E-2 4.88749E-2 4.66282E-2 4.0122E-2 4.32724E-2 3.88745E-2 3.9606E-2 3.2985E-2 2.98049E-2 3.17619E-2 3.65246E-2 3.17025E-2 3.2599E-2 3.91628E-2 3.409E-2 2.92648E-2 2.61268E-2 2.61317E-2 3.91641E-2 3.57966E-2 3.2273E-2 3.77677E-2 2.01981E-2 1.58531E-2 2.64257E-2 3.75171E-2 3.17846E-2 2.51324E-2 2.98983E-2 3.02161E-2 3.25484E-2 2.88468E-2 2.61508E-2 2.80405E-2 2.83092E-2 2.85845E-2 2.69231E-2 3.12112E-2 2.04717E-2 2.28242E-2 2.3821E-2 2.383E-2 2.43135E-2 2.1545E-2 2.3663E-2 2.15889E-2 3.03366E-2 4.04564E-2
