maxent_outputs/red_flowers_troch_bombus_environ/red_176.asc
ncols         426
nrows         180
xllcorner     -130.0
yllcorner     24.0
cellsize      0.16666666666666666
NODATA_value  -9999
[rows 108 to 134 of 180, columns 61 to 121 of 426]
4.82965E-1 5.07637E-1 4.63057E-1 5.06416E-1 5.21635E-1 4.99592E-1 6.59938E-1 7.44104E-1 7.41511E-1 6.81412E-1 6.90666E-1 6.24852E-1 5.29281E-1 6.30497E-1 6.36315E-1 5.04502E-1 6.77905E-1 5.7953E-1 4.84121E-1 5.56334E-1 5.71779E-1 4.43617E-1 5.29493E-1 4.84662E-1 4.72503E-1 6.06813E-1 6.08067E-1 5.24918E-1 5.67786E-1 5.01597E-1 5.59344E-1 5.58289E-1 5.01307E-1 5.22449E-1 5.34395E-1 5.75287E-1 5.36118E-1 5.72243E-1 5.84289E-1 6.02617E-1 5.72728E-1 4.70841E-1 4.29341E-1 4.25656E-1 4.36645E-1 4.66171E-1 4.95974E-1 5.35552E-1 5.03568E-1 4.874E-1 4.25779E-1 4.20937E-1 4.45832E-1 4.54177E-1 4.4669E-1 4.62325E-1 4.50208E-1 4.57656E-1 4.68531E-1 5.11308E-1 4.39396E-1
4.92431E-1 4.65408E-1 4.77718E-1 5.16139E-1 5.23866E-1 4.95475E-1 6.32743E-1 7.51513E-1 6.89142E-1 7.00495E-1 7.06973E-1 6.23484E-1 4.32097E-1 4.7119E-1 5.22901E-1 5.22164E-1 5.33164E-1 5.19231E-1 5.30672E-1 4.69792E-1 4.80383E-1 4.79614E-1 5.15328E-1 6.69312E-1 5.44073E-1 4.70557E-1 5.45017E-1 5.16795E-1 5.61351E-1 5.53573E-1 5.93739E-1 5.72529E-1 5.22856E-1 6.04931E-1 5.06052E-1 5.87498E-1 5.50969E-1 5.22921E-1 5.4366E-1 6.03806E-1 5.60342E-1 4.97103E-1 4.55856E-1 4.20112E-1 4.26251E-1 4.22636E-1 4.40311E-1 4.57474E-1 4.68254E-1 4.69428E-1 4.28849E-1 4.09888E-1 4.37117E-1 4.37343E-1 4.39703E-1 4.25201E-1 4.21098E-1 4.70024E-1 4.64701E-1 4.59806E-1 4.54097E-1
5.32184E-1 5.00281E-1 5.27364E-1 5.34318E-1 5.27707E-1 5.06723E-1 6.43284E-1 7.11746E-1 6.95317E-1 6.48151E-1 7.04757E-1 5.74015E-1 5.26481E-1 5.11834E-1 4.66722E-1 5.01114E-1 5.11879E-1 5.71645E-1 5.37043E-1 5.3441E-1 5.57762E-1 4.73346E-1 4.6323E-1 5.39091E-1 5.24102E-1 6.25791E-1 4.9323E-1 6.27236E-1 6.40241E-1 6.06708E-1 5.93834E-1 6.12676E-1 5.4231E-1 6.11835E-1 4.83909E-1 4.63414E-1 5.78219E-1 5.12173E-1 5.16762E-1 5.06142E-1 5.20437E-1 5.04769E-1 4.94135E-1 4.51276E-1 4.39805E-1 4.41982E-1 4.54191E-1 4.69966E-1 4.76094E-1 4.8517E-1 4.59723E-1 4.13251E-1 4.22652E-1 4.19412E-1 4.21364E-1 4.2758E-1 4.49509E-1 4.6458E-1 4.4635E-1 4.24499E-1 4.4562E-1
5.51927E-1 5.13763E-1 5.22646E-1 5.21538E-1 5.49788E-1 5.26281E-1 5.96955E-1 7.44446E-1 7.54783E-1 7.002E-1 6.36528E-1 5.78735E-1 5.5777E-1 5.72148E-1 5.24205E-1 5.47082E-1 5.55923E-1 5.30659E-1 5.48471E-1 5.62871E-1 5.56732E-1 5.24429E-1 4.69829E-1 5.80787E-1 5.54418E-1 5.96126E-1 5.29989E-1 5.63314E-1 6.45266E-1 5.93661E-1 5.53441E-1 5.67252E-1 6.17405E-1 6.1355E-1 6.27719E-1 4.69364E-1 5.37269E-1 5.11545E-1 5.33475E-1 4.88334E-1 4.79825E-1 5.20032E-1 5.30685E-1 4.88479E-1 5.02725E-1 5.01894E-1 5.25438E-1 5.56796E-1 5.84193E-1 5.41098E-1 4.8618E-1 4.579E-1 4.26811E-1 4.15535E-1 4.077E-1 4.26527E-1 4.78861E-1 4.95609E-1 4.72013E-1 4.30692E-1 4.45202E-1
5.79034E-1 5.45705E-1 5.33166E-1 5.14277E-1 5.41534E-1 5.25878E-1 5.70906E-1 6.97364E-1 7.21493E-1 7.23056E-1 6.0779E-1 4.9691E-1 5.33114E-1 4.95519E-1 4.98311E-1 5.35885E-1 4.66408E-1 5.0055E-1 5.43524E-1 5.2239E-1 4.70059E-1 5.33331E-1 4.40795E-1 4.67589E-1 5.87406E-1 6.14523E-1 6.12817E-1 6.51412E-1 6.24916E-1 5.61353E-1 6.51872E-1 5.80974E-1 6.71388E-1 5.44449E-1 6.22828E-1 5.20898E-1 5.63907E-1 5.69713E-1 5.29758E-1 5.01747E-1 5.27122E-1 4.78708E-1 5.35649E-1 4.79484E-1 5.18446E-1 5.90328E-1 5.58432E-1 5.17096E-1 5.69969E-1 5.68464E-1 4.92443E-1 4.97702E-1 4.79082E-1 4.14521E-1 3.94655E-1 4.35357E-1 4.65329E-1 4.81186E-1 4.5039E-1 4.37247E-1 4.35407E-1
5.9193E-1 5.66667E-1 5.60778E-1 5.54783E-1 5.52967E-1 5.4523E-1 5.90727E-1 7.14418E-1 6.90752E-1 6.52782E-1 5.28853E-1 4.79523E-1 4.80186E-1 4.89094E-1 4.63062E-1 4.51699E-1 4.98746E-1 5.23497E-1 4.64636E-1 4.95286E-1 4.64609E-1 4.5358E-1 4.00168E-1 4.52772E-1 5.70182E-1 5.52298E-1 6.695E-1 6.44126E-1 5.91241E-1 5.56706E-1 5.8466E-1 5.19522E-1 6.56999E-1 5.42028E-1 6.10266E-1 7.16402E-1 5.85807E-1 5.6683E-1 5.76976E-1 5.18017E-1 5.18639E-1 5.47906E-1 4.837E-1 5.2244E-1 5.02511E-1 6.01967E-1 6.06991E-1 5.984E-1 5.80133E-1 5.46682E-1 5.17852E-1 5.1743E-1 4.97189E-1 4.57795E-1 4.21245E-1 4.14357E-1 4.21839E-1 4.40982E-1 4.25613E-1 4.6247E-1 4.5326E-1
6.5094E-1 6.04718E-1 6.1788E-1 6.57916E-1 6.86163E-1 6.46985E-1 7.0119E-1 7.00994E-1 6.14096E-1 5.56089E-1 5.13943E-1 4.76463E-1 4.72472E-1 4.88845E-1 4.70716E-1 4.42728E-1 4.65212E-1 4.98868E-1 4.8854E-1 4.52811E-1 5.33373E-1 5.12157E-1 5.20629E-1 4.75738E-1 4.67069E-1 6.27645E-1 5.87613E-1 5.56758E-1 5.53447E-1 5.55202E-1 5.52521E-1 4.72296E-1 5.81848E-1 6.0073E-1 5.64912E-1 7.20463E-1 6.14623E-1 5.72243E-1 5.87214E-1 6.04895E-1 5.51047E-1 6.24327E-1 4.95722E-1 4.55062E-1 4.89987E-1 5.02261E-1 5.75491E-1 6.2967E-1 6.53862E-1 6.06365E-1 5.39141E-1 5.16238E-1 4.95642E-1 4.86556E-1 4.59674E-1 4.4612E-1 4.20336E-1 4.27931E-1 4.1869E-1 4.39279E-1 4.42535E-1
7.74829E-1 7.51186E-1 6.59686E-1 6.75375E-1 6.53572E-1 6.8634E-1 6.78898E-1 6.60779E-1 5.72596E-1 5.10543E-1 4.72272E-1 4.56985E-1 4.85653E-1 5.05544E-1 4.84417E-1 5.06215E-1 5.37477E-1 5.52195E-1 5.92919E-1 5.48331E-1 5.11568E-1 5.21688E-1 5.15851E-1 5.56463E-1 6.44675E-1 6.15761E-1 5.92681E-1 5.00895E-1 5.93069E-1 5.1762E-1 5.78554E-1 5.2042E-1 5.16883E-1 5.0399E-1 5.07047E-1 6.23591E-1 6.35489E-1 5.21377E-1 6.14863E-1 5.69995E-1 5.79015E-1 6.06604E-1 5.30695E-1 4.94126E-1 4.74606E-1 5.56004E-1 5.76757E-1 5.13273E-1 5.80722E-1 6.13533E-1 5.91605E-1 5.00393E-1 4.93667E-1 4.99166E-1 4.79106E-1 4.64947E-1 4.61849E-1 4.46329E-1 4.33875E-1 4.30794E-1 4.33659E-1
8.10675E-1 7.73079E-1 7.74292E-1 7.58802E-1 7.16468E-1 7.507E-1 7.39636E-1 7.38991E-1 6.96629E-1 5.95177E-1 5.33268E-1 4.92148E-1 4.80052E-1 4.9093E-1 5.0369E-1 5.32061E-1 5.69762E-1 5.45908E-1 5.80024E-1 5.81061E-1 5.7749E-1 5.73448E-1 5.41348E-1 5.35794E-1 5.40973E-1 5.23174E-1 5.08703E-1 5.9968E-1 5.81572E-1 5.20853E-1 4.95771E-1 5.93894E-1 5.43651E-1 5.94266E-1 5.26376E-1 4.91328E-1 5.83006E-1 5.40415E-1 5.64743E-1 5.8777E-1 5.99515E-1 5.70794E-1 5.58801E-1 5.94347E-1 5.59844E-1 5.38885E-1 6.00216E-1 5.07603E-1 5.26833E-1 6.11107E-1 5.67557E-1 5.40893E-1 5.4359E-1 5.2468E-1 5.0973E-1 4.95317E-1 4.53639E-1 4.60732E-1 4.53842E-1 4.61028E-1 4.5763E-1
8.67044E-1 8.50542E-1 8.47104E-1 7.83279E-1 8.02228E-1 7.84581E-1 7.33792E-1 7.06246E-1 6.9827E-1 6.62538E-1 6.33622E-1 6.26266E-1 6.11379E-1 5.49807E-1 5.36046E-1 5.28037E-1 5.68705E-1 5.44549E-1 5.49402E-1 5.20089E-1 5.4755E-1 5.664E-1 6.00305E-1 5.84387E-1 5.32556E-1 4.59474E-1 4.71106E-1 5.5696E-1 5.48845E-1 5.27891E-1 5.34596E-1 4.91003E-1 5.23654E-1 5.4152E-1 5.5561E-1 5.15893E-1 5.47011E-1 5.43324E-1 5.85669E-1 5.6982E-1 5.65813E-1 5.54932E-1 5.45462E-1 5.76604E-1 6.72639E-1 5.83898E-1 5.25965E-1 6.01547E-1 5.64786E-1 6.22223E-1 6.40245E-1 6.13994E-1 6.12358E-1 5.82154E-1 5.4746E-1 5.15022E-1 5.06967E-1 4.9231E-1 4.75949E-1 5.03452E-1 5.21173E-1
-9999 -9999 8.66546E-1 8.65727E-1 8.41354E-1 8.2398E-1 7.68741E-1 7.73741E-1 7.84542E-1 7.6702E-1 7.46134E-1 7.52225E-1 7.27176E-1 7.32687E-1 6.94905E-1 6.9419E-1 7.03595E-1 7.14474E-1 7.01467E-1 6.63512E-1 5.55213E-1 5.103E-1 5.02473E-1 5.32952E-1 5.67219E-1 5.11442E-1 4.53229E-1 4.89379E-1 4.69307E-1 5.82414E-1 5.99225E-1 5.24538E-1 5.71654E-1 5.58827E-1 5.42282E-1 5.05971E-1 5.19455E-1 5.15159E-1 4.72621E-1 5.10427E-1 5.24998E-1 5.67352E-1 6.20167E-1 5.52238E-1 6.37418E-1 6.16812E-1 5.46624E-1 6.08272E-1 6.11086E-1 6.10519E-1 5.53587E-1 5.70949E-1 6.01354E-1 6.13423E-1 5.91897E-1 5.88361E-1 5.76388E-1 5.68705E-1 5.38769E-1 5.4564E-1 5.66766E-1
9.28819E-1 9.17723E-1 9.62484E-1 9.11628E-1 8.94691E-1 8.81689E-1 8.55127E-1 8.60272E-1 8.81466E-1 8.24722E-1 7.67532E-1 7.64782E-1 7.42575E-1 7.18378E-1 7.09235E-1 6.8023E-1 6.94644E-1 7.75331E-1 7.60998E-1 6.95583E-1 6.40186E-1 5.9185E-1 6.06558E-1 5.75869E-1 5.10341E-1 5.41779E-1 5.67934E-1 5.14768E-1 5.01921E-1 4.82182E-1 4.94504E-1 5.23082E-1 4.68728E-1 4.58664E-1 4.57519E-1 4.70218E-1 4.95908E-1 4.93514E-1 5.60974E-1 5.21433E-1 4.83499E-1 4.80962E-1 5.27116E-1 6.13831E-1 6.42762E-1 6.67555E-1 6.12886E-1 6.28333E-1 5.84875E-1 6.51125E-1 6.16646E-1 5.83716E-1 5.70136E-1 5.71765E-1 5.82186E-1 5.75033E-1 5.73165E-1 5.76088E-1 6.03605E-1 6.27897E-1 6.60162E-1
9.26479E-1 9.07647E-1 -9999 -9999 -9999 -9999 -9999 -9999 9.03541E-1 8.51711E-1 8.16806E-1 8.08178E-1 7.78155E-1 7.4491E-1 7.09439E-1 6.57391E-1 6.27394E-1 6.59054E-1 6.95379E-1 6.12923E-1 6.0125E-1 6.62494E-1 6.56013E-1 6.29495E-1 5.46496E-1 5.57982E-1 5.65825E-1 5.32331E-1 5.88008E-1 5.51638E-1 4.98963E-1 5.3738E-1 4.76207E-1 4.45854E-1 4.70546E-1 4.52259E-1 4.87362E-1 5.51393E-1 4.86031E-1 4.91056E-1 4.7228E-1 4.96818E-1 5.27903E-1 5.57441E-1 5.94125E-1 5.84955E-1 5.88363E-1 6.20605E-1 6.01843E-1 6.29911E-1 6.45051E-1 5.75864E-1 6.21517E-1 6.26626E-1 5.71741E-1 5.83189E-1 5.75954E-1 5.23854E-1 5.84124E-1 6.12734E-1 7.19925E-1
-9999 -9999 -9999 -9999 -9999 -9999 -9999 -9999 9.15661E-1 8.86021E-1 8.60992E-1 8.49885E-1 8.35243E-1 7.80552E-1 6.84097E-1 5.75859E-1 5.68873E-1 6.12798E-1 7.5E-1 7.41389E-1 5.85409E-1 5.6294E-1 6.22164E-1 6.30948E-1 6.0174E-1 6.06686E-1 5.46706E-1 4.82565E-1 6.02777E-1 5.75685E-1 5.19861E-1 5.46195E-1 4.92424E-1 4.68125E-1 5.42574E-1 4.61559E-1 5.0651E-1 5.01407E-1 5.69397E-1 5.71333E-1 5.35094E-1 5.04369E-1 4.78566E-1 4.74035E-1 5.06777E-1 5.37671E-1 5.35824E-1 5.55244E-1 5.57689E-1 5.97315E-1 6.64408E-1 5.85611E-1 6.04933E-1 6.46989E-1 5.79741E-1 6.13946E-1 5.91964E-1 5.40467E-1 5.34078E-1 5.68534E-1 6.47645E-1
-9999 -9999 -9999 -9999 -9999 -9999 -9999 -9999 -9999 -9999 9.18361E-1 9.08243E-1 8.64157E-1 8.19831E-1 7.66705E-1 6.65968E-1 6.13855E-1 6.16176E-1 6.5516E-1 6.92E-1 7.02892E-1 5.86656E-1 5.39604E-1 6.36521E-1 6.39013E-1 5.70926E-1 6.20334E-1 5.94977E-1 5.12384E-1 4.98398E-1 4.93076E-1 4.69156E-1 5.58896E-1 5.15924E-1 5.8155E-1 5.62892E-1 4.64281E-1 4.60804E-1 4.53557E-1 4.50591E-1 5.18003E-1 5.027E-1 4.65653E-1 5.60355E-1 4.82264E-1 5.1545E-1 5.57848E-1 5.58835E-1 5.72725E-1 5.56232E-1 6.34342E-1 6.61662E-1 6.25129E-1 5.88451E-1 6.16749E-1 6.14465E-1 6.35175E-1 6.07784E-1 5.60069E-1 5.27171E-1 5.81506E-1
-9999 -9999 -9999 -9999 9.68645E-1 -9999 -9999 9.42348E-1 9.2404E-1 9.72213E-1 -9999 -9999 8.84603E-1 8.62775E-1 8.2617E-1 7.88175E-1 7.28104E-1 6.93459E-1 6.68601E-1 6.84455E-1 6.66485E-1 6.93504E-1 6.37621E-1 7.66298E-1 6.11449E-1 6.50246E-1 6.085E-1 5.91606E-1 5.63895E-1 5.3985E-1 4.9829E-1 5.11721E-1 5.58731E-1 4.84206E-1 5.99387E-1 6.0401E-1 5.6048E-1 5.11708E-1 5.29795E-1 5.02571E-1 4.68979E-1 4.60654E-1 4.33985E-1 4.4994E-1 4.60176E-1 4.78703E-1 5.35249E-1 5.49621E-1 5.45982E-1 5.54233E-1 6.19571E-1 6.94438E-1 6.78871E-1 6.30961E-1 5.99579E-1 5.37075E-1 5.21248E-1 5.46195E-1 5.61076E-1 5.91139E-1 5.14786E-1
-9999 9.41708E-1 9.07454E-1 -9999 -9999 -9999 -9999 -9999 9.28013E-1 9.45274E-1 -9999 -9999 -9999 -9999 8.75903E-1 8.1846E-1 7.58897E-1 7.12534E-1 6.33928E-1 6.54733E-1 6.1651E-1 5.4493E-1 6.04932E-1 6.23277E-1 7.89482E-1 6.64018E-1 5.60166E-1 5.87976E-1 5.36882E-1 5.25897E-1 5.33436E-1 5.86608E-1 5.90771E-1 5.77054E-1 5.77225E-1 6.21616E-1 5.6526E-1 5.24661E-1 5.05791E-1 5.29996E-1 4.9687E-1 4.74528E-1 4.56307E-1 4.70187E-1 4.60353E-1 5.43062E-1 4.79889E-1 4.76258E-1 4.90074E-1 4.67168E-1 4.96727E-1 6.11473E-1 6.80822E-1 6.91496E-1 6.60455E-1 5.8994E-1 4.82774E-1 5.02798E-1 5.39807E-1 4.96433E-1 5.40854E-1
-9999 -9999 -9999 -9999 -9999 -9999 -9999 9.52298E-1 -9999 -9999 -9999 -9999 -9999 -9999 9.21672E-1 8.80136E-1 8.06063E-1 7.05689E-1 6.8417E-1 6.75772E-1 6.21235E-1 6.53839E-1 6.03334E-1 5.34468E-1 6.04631E-1 5.42505E-1 4.93967E-1 5.17193E-1 5.60971E-1 5.85688E-1 6.03336E-1 6.06064E-1 5.70491E-1 5.82433E-1 6.32298E-1 5.35143E-1 5.40958E-1 5.28756E-1 4.78426E-1 4.70112E-1 4.83045E-1 4.85734E-1 4.87739E-1 5.0792E-1 4.95166E-1 4.75834E-1 4.5677E-1 4.35579E-1 4.71598E-1 4.53081E-1 4.68735E-1 5.55511E-1 6.05167E-1 6.15516E-1 6.10742E-1 6.09399E-1 5.98525E-1 6.19422E-1 4.80444E-1 5.18632E-1 5.64914E-1
-9999 -9999 -9999 -9999 -9999 -9999 -9999 9.44982E-1 9.35521E-1 -9999 -9999 -9999 -9999 -9999 -9999 8.94424E-1 8.30643E-1 7.78418E-1 7.30697E-1 6.9339E-1 6.92553E-1 6.50247E-1 6.40905E-1 5.80303E-1 5.43063E-1 4.91646E-1 4.86091E-1 4.71875E-1 4.77651E-1 5.13973E-1 5.81579E-1 6.01804E-1 5.62201E-1 5.45917E-1 5.82459E-1 5.36724E-1 4.68327E-1 4.55267E-1 4.296E-1 4.501E-1 4.60346E-1 4.33101E-1 4.45359E-1 4.87443E-1 5.49574E-1 4.97935E-1 4.78759E-1 4.35413E-1 4.50298E-1 4.27173E-1 4.63271E-1 5.2556E-1 5.87175E-1 6.11188E-1 5.41203E-1 6.08251E-1 6.05742E-1 6.62438E-1 5.2586E-1 4.38672E-1 4.81888E-1
-9999 -9999 -9999 -9999 -9999 -9999 -9999 -9999 9.34407E-1 -9999 -9999 -9999 -9999 -9999 -9999 9.2302E-1 8.73479E-1 8.15809E-1 7.75957E-1 7.29053E-1 7.19365E-1 6.68917E-1 6.70467E-1 6.27772E-1 5.48073E-1 5.1282E-1 4.91813E-1 4.67708E-1 4.62339E-1 4.96346E-1 5.44502E-1 5.18766E-1 5.67693E-1 6.03466E-1 5.19024E-1 4.58054E-1 4.74491E-1 4.43472E-1 4.56212E-1 4.44625E-1 4.26657E-1 4.36117E-1 5.01078E-1 5.28143E-1 5.82544E-1 5.06566E-1 5.59994E-1 4.49294E-1 4.30915E-1 4.27864E-1 5.0402E-1 5.02263E-1 5.85373E-1 6.33608E-1 5.73819E-1 5.69727E-1 6.6854E-1 5.74206E-1 6.25343E-1 6.59181E-1 5.01718E-1
-9999 -9999 -9999 -9999 -9999 -9999 -9999 -9999 -9999 -9999 -9999 -9999 -9999 -9999 -9999 -9999 8.94008E-1 8.5221E-1 7.86852E-1 7.39742E-1 6.53521E-1 6.20632E-1 6.78212E-1 6.84807E-1 6.31808E-1 5.89844E-1 5.44164E-1 4.97873E-1 4.85636E-1 4.79993E-1 4.90668E-1 4.99294E-1 5.31431E-1 5.90841E-1 5.03932E-1 4.99681E-1 4.75901E-1 4.89533E-1 4.66066E-1 4.74779E-1 5.08638E-1 4.8559E-1 5.34375E-1 5.55802E-1 5.66362E-1 4.92491E-1 5.06261E-1 4.75985E-1 4.66894E-1 4.64513E-1 4.80564E-1 4.99648E-1 6.19172E-1 5.95543E-1 6.61251E-1 5.5408E-1 6.23813E-1 6.35167E-1 5.04192E-1 5.86095E-1 5.81592E-1
-9999 -9999 -9999 -9999 -9999 -9999 -9999 -9999 -9999 -9999 -9999 -9999 -9999 -9999 -9999 9.65685E-1 8.8981E-1 8.66796E-1 7.98487E-1 7.33619E-1 6.98335E-1 6.82697E-1 6.90149E-1 7.30474E-1 6.322E-1 6.9002E-1 6.81823E-1 5.62958E-1 5.03486E-1 4.85166E-1 5.20048E-1 4.92151E-1 4.94801E-1 5.44353E-1 5.26878E-1 5.21959E-1 5.0075E-1 4.88272E-1 5.03005E-1 5.10705E-1 5.39705E-1 5.58726E-1 5.26463E-1 5.6101E-1 5.43974E-1 5.02435E-1 5.04439E-1 4.89333E-1 4.59883E-1 5.39694E-1 5.37707E-1 4.72118E-1 5.67982E-1 6.56431E-1 7.55833E-1 6.09742E-1 5.27663E-1 6.19398E-1 5.87506E-1 4.78851E-1 5.41597E-1
-9999 -9999 -9999 -9999 -9999 -9999 -9999 -9999 -9999 -9999 -9999 -9999 -9999 -9999 -9999 -9999 8.91707E-1 8.91475E-1 8.52782E-1 7.6151E-1 7.30069E-1 7.64476E-1 7.17942E-1 7.75834E-1 6.96165E-1 6.25366E-1 7.74795E-1 6.03736E-1 5.20131E-1 5.06148E-1 5.11684E-1 5.00046E-1 4.92918E-1 4.71637E-1 5.62778E-1 5.32106E-1 5.66105E-1 5.15613E-1 5.02497E-1 4.69672E-1 5.06203E-1 5.2723E-1 4.9091E-1 4.93718E-1 4.46149E-1 4.99543E-1 4.92657E-1 4.819E-1 4.99362E-1 4.73154E-1 5.38804E-1 5.04719E-1 5.98518E-1 5.9176E-1 6.06686E-1 6.80759E-1 5.68626E-1 5.3378E-1 5.69171E-1 4.72972E-1 4.88566E-1
-9999 -9999 -9999 -9999 -9999 -9999 -9999 -9999 -9999 -9999 -9999 -9999 -9999 -9999 -9999 -9999 -9999 8.93451E-1 8.46233E-1 7.9176E-1 7.61383E-1 7.59079E-1 7.65124E-1 7.41669E-1 8.21089E-1 7.01983E-1 7.24035E-1 7.11708E-1 5.68662E-1 5.46432E-1 5.36511E-1 5.12344E-1 5.28164E-1 5.38791E-1 4.90005E-1 5.5374E-1 5.71878E-1 5.03585E-1 4.9125E-1 5.19782E-1 4.8208E-1 5.4049E-1 5.26581E-1 5.00211E-1 4.27296E-1 4.98298E-1 5.33625E-1 5.5229E-1 5.70797E-1 5.19745E-1 5.29992E-1 4.95499E-1 5.36507E-1 5.37629E-1 5.43416E-1 6.14463E-1 5.74795E-1 5.19199E-1 5.83442E-1 4.80799E-1 4.53055E-1
-9999 -9999 -9999 -9999 -9999 -9999 -9999 -9999 -9999 -9999 -9999 -9999 -9999 -9999 -9999 -9999 -9999 8.88814E-1 8.81293E-1 8.65331E-1 8.25433E-1 6.73438E-1 7.52807E-1 7.63065E-1 8.33617E-1 8.18037E-1 7.85789E-1 7.15826E-1 6.76403E-1 6.8821E-1 6.7999E-1 5.6523E-1 5.41817E-1 5.45885E-1 5.00657E-1 4.75148E-1 4.98215E-1 5.5089E-1 5.31286E-1 4.90229E-1 5.40085E-1 5.20172E-1 4.93075E-1 5.04742E-1 4.861E-1 4.51429E-1 4.50219E-1 4.96354E-1 5.35924E-1 6.46948E-1 5.04795E-1 5.97501E-1 5.65352E-1 5.11798E-1 5.74619E-1 5.49312E-1 5.81077E-1 4.75406E-1 5.62019E-1 5.95188E-1 4.79096E-1
-9999 -9999 -9999 -9999 -9999 -9999 -9999 -9999 -9999 -9999 -9999 -9999 -9999 -9999 -9999 -9999 -9999 -9999 9.32494E-1 8.52476E-1 8.45639E-1 7.75668E-1 7.44043E-1 7.69848E-1 8.0584E-1 8.04534E-1 8.36906E-1 7.21096E-1 7.78526E-1 7.5367E-1 7.45813E-1 6.97755E-1 6.08048E-1 5.50348E-1 5.23163E-1 5.03692E-1 5.03133E-1 6.15638E-1 5.99426E-1 4.89076E-1 5.06186E-1 5.50521E-1 5.18905E-1 4.72997E-1 4.43891E-1 4.4852E-1 4.42723E-1 4.60356E-1 4.93549E-1 6.33002E-1 4.96164E-1 5.31949E-1 5.03096E-1 5.87188E-1 6.08348E-1 5.21212E-1 6.20215E-1 4.95069E-1 5.50169E-1 5.91351E-1 5.13483E-1
-9999 -9999 -9999 -9999 -9999 -9999 -9999 -9999 -9999 -9999 -9999 -9999 -9999 -9999 -9999 -9999 -9999 -9999 9.33854E-1 8.85981E-1 8.16707E-1 8.347E-1 8.03938E-1 6.99974E-1 7.4656E-1 7.95739E-1 8.24453E-1 8.0639E-1 7.81608E-1 7.53945E-1 7.33556E-1 8.99242E-1 6.95012E-1 5.78293E-1 5.70805E-1 6.41497E-1 5.48769E-1 5.18661E-1 5.51325E-1 4.83123E-1 5.29813E-1 4.88337E-1 5.4077E-1 4.71682E-1 4.4106E-1 4.59504E-1 5.27697E-1 4.93283E-1 4.71353E-1 5.56598E-1 5.24039E-1 5.15698E-1 5.38686E-1 5.84243E-1 5.74221E-1 5.54687E-1 5.87513E-1 5.29421E-1 5.26758E-1 5.83243E-1 4.77653E-1
