maxent_outputs/red_flowers_troch_bombus_environ/red_232.asc
ncols         426
nrows         180
xllcorner     -130.0
yllcorner     24.0
cellsize      0.16666666666666666
NODATA_value  -9999
[rows 135 to 161 of 180, columns 183 to 243 of 426]
5.26128E-1 5.44071E-1 5.59391E-1 5.6534E-1 5.88147E-1 5.99791E-1 6.14983E-1 6.22749E-1 6.47322E-1 6.63349E-1 6.96807E-1 7.05856E-1 7.13743E-1 7.25873E-1 7.25324E-1 7.26098E-1 7.33193E-1 7.50671E-1 7.59813E-1 7.65344E-1 7.97202E-1 8.22104E-1 8.24496E-1 8.37713E-1 8.42813E-1 8.50563E-1 8.54144E-1 8.62257E-1 8.81436E-1 8.9365E-1 9.08363E-1 9.15771E-1 9.21406E-1 9.33779E-1 9.50648E-1 9.57512E-1 9.60449E-1 9.66481E-1 9.72493E-1 9.71386E-1 9.80824E-1 9.83935E-1 9.84435E-1 9.77141E-1 9.72974E-1 9.7361E-1 9.78319E-1 9.82517E-1 9.8255E-1 9.7547E-1 9.62179E-1 9.47119E-1 9.38839E-1 9.40524E-1 9.41713E-1 9.46586E-1 9.52502E-1 9.51609E-1 9.56885E-1 9.54842E-1 9.53001E-1
5.2709E-1 5.35132E-1 5.45691E-1 5.62753E-1 5.513E-1 5.6932E-1 5.96497E-1 6.01485E-1 6.12327E-1 6.21068E-1 6.48186E-1 6.90324E-1 7.06286E-1 7.20329E-1 7.3483E-1 7.42778E-1 7.41446E-1 7.77928E-1 7.82388E-1 7.88212E-1 8.28337E-1 8.56462E-1 8.50862E-1 8.62473E-1 8.68734E-1 8.86083E-1 9.00725E-1 9.03996E-1 9.07044E-1 9.1055E-1 9.24942E-1 9.38571E-1 9.3868E-1 9.43603E-1 9.5395E-1 9.61608E-1 9.63796E-1 9.67874E-1 9.72361E-1 9.77872E-1 9.8576E-1 9.8885E-1 9.8808E-1 9.82759E-1 9.76833E-1 9.82333E-1 9.85596E-1 9.83655E-1 9.81257E-1 9.70621E-1 9.56008E-1 9.30389E-1 9.32923E-1 9.41249E-1 9.44985E-1 9.46089E-1 9.46513E-1 9.53638E-1 9.57069E-1 9.61059E-1 9.61907E-1
5.23537E-1 5.14401E-1 5.32534E-1 5.53731E-1 5.63165E-1 5.60252E-1 5.7245E-1 5.92148E-1 5.89183E-1 5.72846E-1 5.77842E-1 6.53287E-1 6.8943E-1 7.16015E-1 7.39759E-1 7.48396E-1 7.53906E-1 8.0461E-1 8.05698E-1 8.12377E-1 8.34048E-1 8.63701E-1 8.77347E-1 8.86477E-1 8.96845E-1 9.16792E-1 9.29539E-1 9.23707E-1 9.21779E-1 9.21845E-1 9.20718E-1 9.33527E-1 9.53277E-1 9.60778E-1 9.61343E-1 9.59254E-1 9.64332E-1 9.69978E-1 9.77656E-1 9.83664E-1 9.88134E-1 9.91752E-1 9.899E-1 9.86237E-1 9.84537E-1 9.87471E-1 9.84608E-1 9.83577E-1 9.81594E-1 9.70858E-1 9.59887E-1 9.42035E-1 9.44499E-1 9.45639E-1 9.47747E-1 9.42022E-1 9.44283E-1 9.4839E-1 9.50317E-1 9.57005E-1 9.56207E-1
5.26608E-1 5.24124E-1 5.32252E-1 5.39735E-1 5.27265E-1 5.48844E-1 5.84995E-1 6.05975E-1 6.16888E-1 6.21169E-1 6.47319E-1 6.65153E-1 6.86402E-1 7.24123E-1 7.42615E-1 7.44618E-1 7.7479E-1 7.98271E-1 8.05346E-1 8.19586E-1 8.40894E-1 8.57739E-1 8.81699E-1 9.06092E-1 9.27491E-1 9.40501E-1 9.39785E-1 9.35503E-1 9.34456E-1 9.30107E-1 9.26734E-1 9.23001E-1 9.48635E-1 9.66634E-1 9.64095E-1 9.64676E-1 9.66976E-1 9.7354E-1 9.78191E-1 9.8287E-1 9.89287E-1 9.93664E-1 9.93522E-1 9.90861E-1 9.90988E-1 9.90604E-1 9.86994E-1 9.84455E-1 9.83277E-1 9.78522E-1 9.73478E-1 9.68473E-1 9.64098E-1 9.62545E-1 9.53478E-1 9.36783E-1 9.36924E-1 9.38881E-1 9.38981E-1 9.53453E-1 9.5145E-1
5.19136E-1 5.17514E-1 5.18274E-1 5.13893E-1 5.10578E-1 5.31831E-1 5.91044E-1 6.33039E-1 6.55156E-1 6.89894E-1 7.27743E-1 7.05644E-1 7.12666E-1 7.3223E-1 7.3372E-1 7.51404E-1 7.65156E-1 7.69112E-1 8.07143E-1 8.18442E-1 8.49266E-1 8.66209E-1 8.77392E-1 8.984E-1 9.22554E-1 9.48587E-1 9.54157E-1 9.44242E-1 9.44776E-1 9.42006E-1 9.36823E-1 9.31524E-1 9.48258E-1 9.67836E-1 9.72598E-1 9.73688E-1 9.74542E-1 9.70087E-1 9.75071E-1 9.83084E-1 9.89251E-1 9.93938E-1 9.95534E-1 9.9498E-1 9.94681E-1 9.92856E-1 9.90239E-1 9.86605E-1 9.84054E-1 9.81482E-1 9.7993E-1 9.76669E-1 9.72145E-1 9.75493E-1 9.69272E-1 9.4517E-1 9.33554E-1 9.17563E-1 9.16569E-1 9.33061E-1 9.35636E-1
5.42418E-1 5.60572E-1 5.49596E-1 5.67976E-1 5.68206E-1 5.86271E-1 5.99575E-1 6.2838E-1 6.8803E-1 7.21752E-1 7.52644E-1 7.31552E-1 7.23756E-1 7.22591E-1 7.24422E-1 7.27511E-1 7.33571E-1 7.54424E-1 8.00793E-1 8.29345E-1 8.51184E-1 8.717E-1 8.96544E-1 9.19814E-1 9.37582E-1 9.52882E-1 9.52253E-1 9.48602E-1 9.57329E-1 9.58697E-1 9.58373E-1 9.6122E-1 9.68484E-1 9.79264E-1 9.80256E-1 9.76824E-1 9.72322E-1 9.69304E-1 9.75632E-1 9.82124E-1 9.89618E-1 9.93309E-1 9.9476E-1 9.95016E-1 9.94475E-1 9.93318E-1 9.91707E-1 9.89243E-1 9.86294E-1 9.83208E-1 9.80776E-1 9.72692E-1 9.64209E-1 9.63406E-1 9.60415E-1 9.4807E-1 9.36572E-1 9.16942E-1 8.96643E-1 9.0253E-1 9.1294E-1
5.7619E-1 5.88448E-1 5.94804E-1 6.18599E-1 6.28656E-1 6.30318E-1 6.4267E-1 6.55341E-1 6.92781E-1 7.40159E-1 7.56807E-1 7.53846E-1 7.47904E-1 7.40487E-1 7.12038E-1 7.05813E-1 7.0909E-1 7.48731E-1 7.74414E-1 8.2275E-1 8.50758E-1 8.91935E-1 9.23299E-1 9.49335E-1 9.51076E-1 9.64813E-1 9.58342E-1 9.63227E-1 9.69966E-1 9.72429E-1 9.74274E-1 9.76266E-1 9.80388E-1 9.7922E-1 9.76399E-1 9.72618E-1 9.71057E-1 9.72504E-1 9.76964E-1 9.82189E-1 9.87761E-1 9.91854E-1 9.93169E-1 9.93399E-1 9.94121E-1 9.93257E-1 9.89923E-1 9.87918E-1 9.84879E-1 9.83878E-1 9.81187E-1 9.70673E-1 9.4987E-1 9.37199E-1 9.45486E-1 9.43859E-1 9.34711E-1 9.15799E-1 8.98567E-1 8.96836E-1 9.05605E-1
5.90824E-1 5.94307E-1 6.14185E-1 6.25439E-1 6.48147E-1 6.66404E-1 6.7631E-1 6.9642E-1 7.20278E-1 7.38773E-1 7.54178E-1 7.66277E-1 7.62003E-1 7.54117E-1 7.13849E-1 7.04623E-1 7.23215E-1 7.57521E-1 7.71635E-1 8.09842E-1 8.50153E-1 9.0218E-1 9.37473E-1 9.36789E-1 9.43372E-1 9.5696E-1 9.73976E-1 9.75961E-1 9.77222E-1 9.76389E-1 9.78375E-1 9.7737E-1 9.76574E-1 9.72195E-1 9.68006E-1 9.70065E-1 9.69306E-1 9.72824E-1 9.7573E-1 9.80364E-1 9.86237E-1 9.89228E-1 9.89395E-1 9.90497E-1 9.91112E-1 9.89522E-1 9.86151E-1 9.83789E-1 9.81522E-1 9.80999E-1 9.78208E-1 9.7027E-1 9.58429E-1 9.49014E-1 9.46454E-1 9.47653E-1 9.42395E-1 9.27059E-1 9.20543E-1 9.09508E-1 9.13781E-1
6.04087E-1 6.15266E-1 6.43844E-1 6.57056E-1 6.81022E-1 7.24295E-1 7.27658E-1 7.33445E-1 7.55955E-1 7.56759E-1 7.46161E-1 7.50111E-1 7.47363E-1 7.55689E-1 7.49675E-1 7.47035E-1 7.70761E-1 7.84702E-1 7.88667E-1 8.16372E-1 8.54892E-1 8.95376E-1 9.21211E-1 9.33146E-1 9.37634E-1 9.47265E-1 9.55086E-1 9.67773E-1 9.69196E-1 9.68747E-1 9.72231E-1 9.73544E-1 9.73249E-1 9.69592E-1 9.68915E-1 9.6693E-1 9.65107E-1 9.65917E-1 9.71261E-1 9.76818E-1 9.80675E-1 9.82993E-1 9.83016E-1 9.82775E-1 9.83561E-1 9.82191E-1 9.80669E-1 9.77297E-1 9.76462E-1 9.77321E-1 9.77947E-1 9.73496E-1 9.65725E-1 9.58447E-1 9.48023E-1 9.44446E-1 9.40782E-1 9.30974E-1 9.28359E-1 9.29876E-1 9.34508E-1
6.2225E-1 6.41293E-1 6.52835E-1 6.81179E-1 6.92172E-1 7.24652E-1 7.58204E-1 7.68133E-1 7.71797E-1 7.34129E-1 7.27324E-1 7.13824E-1 7.31142E-1 7.46265E-1 7.69539E-1 8.0644E-1 8.26069E-1 8.32223E-1 8.46815E-1 8.54213E-1 8.7728E-1 8.856E-1 9.04471E-1 9.24792E-1 9.31565E-1 9.2793E-1 9.3197E-1 9.44564E-1 9.52128E-1 9.54237E-1 9.60187E-1 9.62279E-1 9.56685E-1 9.58509E-1 9.59923E-1 9.6387E-1 9.59407E-1 9.60098E-1 9.64651E-1 9.70012E-1 9.7201E-1 9.74614E-1 9.74289E-1 9.74922E-1 9.74255E-1 9.73083E-1 9.71358E-1 9.71228E-1 9.68667E-1 9.69416E-1 9.7075E-1 9.69571E-1 9.64223E-1 9.57887E-1 9.47319E-1 9.3458E-1 9.39971E-1 9.29612E-1 9.33578E-1 9.34572E-1 9.40275E-1
6.54236E-1 6.54274E-1 6.58494E-1 7.08557E-1 7.35274E-1 7.50716E-1 7.81589E-1 7.84085E-1 7.7007E-1 7.40408E-1 7.04664E-1 6.89924E-1 7.08972E-1 7.36699E-1 7.68034E-1 8.13738E-1 8.4689E-1 8.72977E-1 8.71841E-1 8.74269E-1 8.66634E-1 8.74733E-1 8.98049E-1 9.17454E-1 9.23543E-1 9.20501E-1 9.27819E-1 9.2903E-1 9.33042E-1 9.28243E-1 9.37153E-1 9.38907E-1 9.39349E-1 9.40622E-1 9.47923E-1 9.58287E-1 9.55448E-1 9.53342E-1 9.56222E-1 9.59987E-1 9.63793E-1 9.64473E-1 9.63647E-1 9.6044E-1 9.62436E-1 9.6362E-1 9.64369E-1 9.61018E-1 9.62077E-1 9.58487E-1 9.59104E-1 9.57459E-1 9.55874E-1 9.48278E-1 9.45652E-1 9.40291E-1 9.35048E-1 9.39461E-1 9.39547E-1 9.42358E-1 9.42473E-1
6.76865E-1 6.79623E-1 7.03703E-1 7.27957E-1 7.48193E-1 7.65377E-1 7.7493E-1 7.76653E-1 7.64903E-1 7.62007E-1 7.32632E-1 7.09966E-1 7.23974E-1 7.57665E-1 7.81374E-1 8.1518E-1 8.59315E-1 8.58472E-1 8.71624E-1 8.79824E-1 8.72095E-1 8.67757E-1 8.78309E-1 8.9727E-1 9.03087E-1 9.12669E-1 9.27518E-1 9.19684E-1 9.09397E-1 9.16007E-1 9.22767E-1 9.25004E-1 9.24038E-1 -9999 -9999 -9999 -9999 -9999 -9999 9.50878E-1 9.53467E-1 9.51465E-1 9.50912E-1 9.50076E-1 9.50843E-1 9.58291E-1 9.56477E-1 9.54694E-1 9.49691E-1 9.48382E-1 9.45948E-1 9.41672E-1 9.27811E-1 9.34382E-1 9.37213E-1 9.39876E-1 9.41273E-1 9.46629E-1 9.49332E-1 9.47425E-1 9.45611E-1
6.68878E-1 6.86478E-1 7.14082E-1 7.22405E-1 7.45615E-1 7.73355E-1 7.59394E-1 7.42088E-1 7.4788E-1 7.71607E-1 7.72211E-1 7.61266E-1 7.66732E-1 8.04888E-1 8.20552E-1 8.51907E-1 8.47483E-1 8.59811E-1 8.76461E-1 8.86234E-1 8.70477E-1 8.52782E-1 8.64607E-1 8.91589E-1 9.01774E-1 8.96402E-1 9.08926E-1 9.13959E-1 8.98317E-1 9.08348E-1 -9999 -9999 -9999 -9999 -9999 -9999 -9999 -9999 -9999 -9999 -9999 -9999 -9999 -9999 -9999 9.56067E-1 9.56079E-1 -9999 9.50008E-1 9.39546E-1 9.37517E-1 9.32317E-1 9.29048E-1 9.32484E-1 9.36221E-1 9.41258E-1 9.43861E-1 9.46629E-1 9.4908E-1 9.49318E-1 9.48149E-1
6.82997E-1 6.97684E-1 7.10997E-1 7.04854E-1 7.01833E-1 7.11161E-1 7.08363E-1 7.11185E-1 7.11606E-1 7.2911E-1 7.36067E-1 7.5202E-1 7.73914E-1 7.9364E-1 8.13629E-1 8.1844E-1 8.30493E-1 8.45927E-1 8.75616E-1 8.87463E-1 8.76979E-1 8.34135E-1 8.62187E-1 9.07117E-1 9.15618E-1 9.08877E-1 8.95738E-1 8.95544E-1 8.9393E-1 -9999 -9999 -9999 -9999 -9999 -9999 -9999 -9999 -9999 -9999 -9999 -9999 -9999 -9999 -9999 -9999 -9999 -9999 -9999 9.43337E-1 9.43655E-1 9.38273E-1 9.36269E-1 9.31548E-1 9.33912E-1 9.38396E-1 9.41921E-1 9.44421E-1 9.498E-1 9.46533E-1 9.44469E-1 9.45835E-1
6.52072E-1 6.57734E-1 6.62431E-1 6.58022E-1 6.61445E-1 6.60908E-1 6.60147E-1 6.66526E-1 6.61641E-1 6.74215E-1 6.88155E-1 6.98764E-1 7.24223E-1 7.45496E-1 7.69886E-1 7.70139E-1 7.78708E-1 8.19192E-1 8.68339E-1 8.96043E-1 8.74424E-1 8.41718E-1 8.68341E-1 9.04222E-1 9.12752E-1 9.00852E-1 8.82562E-1 -9999 -9999 -9999 -9999 -9999 -9999 -9999 -9999 -9999 -9999 -9999 -9999 -9999 -9999 -9999 -9999 -9999 -9999 -9999 -9999 -9999 -9999 -9999 -9999 9.34421E-1 9.3551E-1 9.37575E-1 9.38888E-1 9.45307E-1 9.45811E-1 -9999 -9999 -9999 9.47735E-1
6.2842E-1 6.18811E-1 6.20055E-1 6.13609E-1 6.2956E-1 6.18371E-1 6.43297E-1 6.46744E-1 6.44602E-1 6.5751E-1 6.51528E-1 6.74197E-1 6.87411E-1 7.02854E-1 7.00543E-1 7.0778E-1 7.22699E-1 7.7211E-1 8.32692E-1 8.62769E-1 8.47811E-1 8.26125E-1 8.43206E-1 8.68514E-1 8.83185E-1 8.81723E-1 -9999 -9999 -9999 -9999 -9999 -9999 -9999 -9999 -9999 -9999 -9999 -9999 -9999 -9999 -9999 -9999 -9999 -9999 -9999 -9999 -9999 -9999 -9999 -9999 -9999 -9999 -9999 -9999 -9999 -9999 -9999 -9999 -9999 -9999 9.41429E-1
6.32846E-1 5.91812E-1 5.9275E-1 5.93513E-1 5.93987E-1 6.11156E-1 6.13696E-1 6.53729E-1 6.66193E-1 6.84477E-1 6.86408E-1 6.86975E-1 6.9116E-1 6.77083E-1 6.82169E-1 6.75856E-1 6.89029E-1 7.27931E-1 7.77837E-1 8.18634E-1 8.07157E-1 7.82559E-1 8.04188E-1 8.241E-1 -9999 -9999 -9999 -9999 -9999 -9999 -9999 -9999 -9999 -9999 -9999 -9999 -9999 -9999 -9999 -9999 -9999 -9999 -9999 -9999 -9999 -9999 -9999 -9999 -9999 -9999 -9999 -9999 -9999 -9999 -9999 -9999 -9999 -9999 -9999 -9999 -9999
6.2643E-1 5.6871E-1 5.65143E-1 5.76289E-1 5.8758E-1 6.04032E-1 6.32901E-1 6.63542E-1 6.91023E-1 7.14688E-1 7.50266E-1 7.34569E-1 6.93371E-1 6.48439E-1 6.5536E-1 6.625E-1 6.7181E-1 7.08516E-1 7.35112E-1 7.74686E-1 7.70631E-1 7.60435E-1 7.81186E-1 -9999 -9999 -9999 -9999 -9999 -9999 -9999 -9999 -9999 -9999 -9999 -9999 -9999 -9999 -9999 -9999 -9999 -9999 -9999 -9999 -9999 -9999 -9999 -9999 -9999 -9999 -9999 -9999 -9999 -9999 -9999 -9999 -9999 -9999 -9999 -9999 -9999 -9999
6.13633E-1 5.3371E-1 5.37814E-1 5.64342E-1 5.85151E-1 6.0858E-1 6.37094E-1 6.71671E-1 7.06315E-1 7.52424E-1 7.85362E-1 7.50029E-1 6.84231E-1 6.23361E-1 6.26369E-1 6.47358E-1 6.61782E-1 6.81896E-1 7.16585E-1 7.62673E-1 -9999 -9999 -9999 -9999 -9999 -9999 -9999 -9999 -9999 -9999 -9999 -9999 -9999 -9999 -9999 -9999 -9999 -9999 -9999 -9999 -9999 -9999 -9999 -9999 -9999 -9999 -9999 -9999 -9999 -9999 -9999 -9999 -9999 -9999 -9999 -9999 -9999 -9999 -9999 -9999 -9999
6.5558E-1 5.99403E-1 5.83186E-1 5.91917E-1 5.83576E-1 6.04735E-1 6.42835E-1 6.728E-1 7.09877E-1 7.41008E-1 7.65111E-1 7.38533E-1 6.71771E-1 6.01525E-1 6.04444E-1 6.34049E-1 6.48079E-1 6.83417E-1 6.99496E-1 -9999 -9999 -9999 -9999 -9999 -9999 -9999 -9999 -9999 -9999 -9999 -9999 -9999 -9999 -9999 -9999 -9999 -9999 -9999 -9999 -9999 -9999 -9999 -9999 -9999 -9999 -9999 -9999 -9999 -9999 -9999 -9999 -9999 -9999 -9999 -9999 -9999 -9999 -9999 -9999 -9999 -9999
6.60509E-1 6.38985E-1 6.16745E-1 5.88899E-1 5.98763E-1 6.11012E-1 6.37271E-1 6.55077E-1 6.90583E-1 7.32735E-1 7.43159E-1 7.39609E-1 6.75449E-1 6.46364E-1 6.41349E-1 6.37E-1 6.48003E-1 -9999 -9999 -9999 -9999 -9999 -9999 -9999 -9999 -9999 -9999 -9999 -9999 -9999 -9999 -9999 -9999 -9999 -9999 -9999 -9999 -9999 -9999 -9999 -9999 -9999 -9999 -9999 -9999 -9999 -9999 -9999 -9999 -9999 -9999 -9999 -9999 -9999 -9999 -9999 -9999 -9999 -9999 -9999 -9999
6.572E-1 6.3703E-1 6.28387E-1 5.93401E-1 5.95358E-1 6.04049E-1 6.05422E-1 6.50991E-1 6.83331E-1 7.16408E-1 7.296E-1 7.42585E-1 6.96602E-1 6.53608E-1 6.2349E-1 6.20464E-1 -9999 -9999 -9999 -9999 -9999 -9999 -9999 -9999 -9999 -9999 -9999 -9999 -9999 -9999 -9999 -9999 -9999 -9999 -9999 -9999 -9999 -9999 -9999 -9999 -9999 -9999 -9999 -9999 -9999 -9999 -9999 -9999 -9999 -9999 -9999 -9999 -9999 -9999 -9999 -9999 -9999 -9999 -9999 -9999 -9999
6.4807E-1 6.40611E-1 6.19976E-1 5.98056E-1 5.80642E-1 5.66932E-1 5.73175E-1 6.2559E-1 6.83638E-1 6.90547E-1 6.81905E-1 7.05823E-1 7.06881E-1 6.26121E-1 6.23834E-1 -9999 -9999 -9999 -9999 -9999 -9999 -9999 -9999 -9999 -9999 -9999 -9999 -9999 -9999 -9999 -9999 -9999 -9999 -9999 -9999 -9999 -9999 -9999 -9999 -9999 -9999 -9999 -9999 -9999 -9999 -9999 -9999 -9999 -9999 -9999 -9999 -9999 -9999 -9999 -9999 -9999 -9999 -9999 -9999 -9999 -9999
6.35821E-1 6.29883E-1 6.23337E-1 6.05431E-1 5.72168E-1 5.47232E-1 5.33662E-1 5.94297E-1 6.40811E-1 6.37875E-1 6.2908E-1 6.17096E-1 5.81322E-1 5.86462E-1 -9999 -9999 -9999 -9999 -9999 -9999 -9999 -9999 -9999 -9999 -9999 -9999 -9999 -9999 -9999 -9999 -9999 -9999 -9999 -9999 -9999 -9999 -9999 -9999 -9999 -9999 -9999 -9999 -9999 -9999 -9999 -9999 -9999 -9999 -9999 -9999 -9999 -9999 -9999 -9999 -9999 -9999 -9999 -9999 -9999 -9999 -9999
6.59336E-1 6.28721E-1 6.23058E-1 5.97138E-1 5.55548E-1 5.39233E-1 5.49982E-1 5.88461E-1 6.04127E-1 5.98431E-1 5.80245E-1 5.6229E-1 5.39549E-1 5.48456E-1 -9999 -9999 -9999 -9999 -9999 -9999 -9999 -9999 -9999 -9999 -9999 -9999 -9999 -9999 -9999 -9999 -9999 -9999 -9999 -9999 -9999 -9999 -9999 -9999 -9999 -9999 -9999 -9999 -9999 -9999 -9999 -9999 -9999 -9999 -9999 -9999 -9999 -9999 -9999 -9999 -9999 -9999 -9999 -9999 -9999 -9999 -9999
6.73391E-1 6.44993E-1 6.25367E-1 5.93949E-1 5.64209E-1 5.51586E-1 5.67189E-1 5.88854E-1 6.09631E-1 5.74446E-1 5.44462E-1 5.36204E-1 5.29292E-1 -9999 -9999 -9999 -9999 -9999 -9999 -9999 -9999 -9999 -9999 -9999 -9999 -9999 -9999 -9999 -9999 -9999 -9999 -9999 -9999 -9999 -9999 -9999 -9999 -9999 -9999 -9999 -9999 -9999 -9999 -9999 -9999 -9999 -9999 -9999 -9999 -9999 -9999 -9999 -9999 -9999 -9999 -9999 -9999 -9999 -9999 -9999 -9999
6.55031E-1 6.44757E-1 6.15968E-1 6.01519E-1 5.57923E-1 5.60842E-1 5.65066E-1 5.9418E-1 5.88315E-1 5.52593E-1 5.31028E-1 5.28504E-1 5.3074E-1 -9999 -9999 -9999 -9999 -9999 -9999 -9999 -9999 -9999 -9999 -9999 -9999 -9999 -9999 -9999 -9999 -9999 -9999 -9999 -9999 -9999 -9999 -9999 -9999 -9999 -9999 -9999 -9999 -9999 -9999 -9999 -9999 -9999 -9999 -9999 -9999 -9999 -9999 -9999 -9999 -9999 -9999 -9999 -9999 -9999 -9999 -9999 -9999
