maxent_outputs/red_flowers_troch_bombus_environ/red_237.asc
ncols         426
nrows         180
xllcorner     -130.0
yllcorner     24.0
cellsize      0.16666666666666666
NODATA_value  -9999
[rows 81 to 107 of 180, columns 61 to 121 of 426]
2.37951E-1 2.84395E-1 2.64432E-1 2.89547E-1 2.56837E-1 2.75006E-1 2.68471E-1 2.70068E-1 2.5791E-1 2.68849E-1 2.63785E-1 2.52601E-1 2.75761E-1 2.67252E-1 2.52876E-1 2.36921E-1 2.31101E-1 2.80064E-1 2.77561E-1 2.27629E-1 2.30186E-1 2.57392E-1 2.32898E-1 2.63523E-1 2.22719E-1 2.72756E-1 2.8243E-1 2.35415E-1 2.56097E-1 2.57344E-1 2.54727E-1 2.57022E-1 2.3989E-1 3.0317E-1 2.32144E-1 2.13552E-1 2.25701E-1 2.20649E-1 2.30768E-1 2.48396E-1 2.73975E-1 2.84207E-1 2.58372E-1 3.742E-1 2.77373E-1 3.8236E-1 3.07564E-1 2.84796E-1 3.317E-1 3.16234E-1 2.70543E-1 3.54805E-1 3.52386E-1 3.41727E-1 3.18673E-1 3.07463E-1 2.47968E-1 2.39582E-1 2.15762E-1 1.98184E-1 2.02975E-1
2.65843E-1 2.96937E-1 2.96991E-1 2.85084E-1 2.83753E-1 2.50606E-1 2.819E-1 2.75187E-1 2.50322E-1 2.70763E-1 2.72068E-1 2.35588E-1 2.75872E-1 2.78112E-1 2.73041E-1 2.80416E-1 2.51427E-1 2.80462E-1 2.5771E-1 2.44553E-1 2.72636E-1 2.4155E-1 2.38339E-1 2.59728E-1 2.33407E-1 2.94035E-1 2.6253E-1 2.8411E-1 2.81781E-1 3.06566E-1 2.47866E-1 2.84881E-1 2.73241E-1 2.82684E-1 2.52094E-1 2.4217E-1 2.16975E-1 2.17343E-1 2.35461E-1 2.48256E-1 2.47947E-1 2.64592E-1 2.5906E-1 3.22011E-1 2.77264E-1 2.92406E-1 2.6645E-1 3.14458E-1 3.04284E-1 3.37429E-1 3.01601E-1 3.21646E-1 3.22084E-1 2.82572E-1 2.60242E-1 2.6187E-1 2.35138E-1 2.18043E-1 1.90522E-1 1.78996E-1 1.77452E-1
2.75773E-1 4.04239E-1 3.11707E-1 2.97711E-1 2.83232E-1 2.52204E-1 2.93917E-1 2.45785E-1 2.51788E-1 2.48852E-1 2.44106E-1 2.70046E-1 2.5672E-1 2.6001E-1 2.63492E-1 2.54367E-1 2.59504E-1 2.57204E-1 2.78785E-1 2.54528E-1 2.52636E-1 2.41109E-1 2.70053E-1 2.35167E-1 2.54682E-1 2.97022E-1 2.84539E-1 2.85074E-1 2.50548E-1 3.01403E-1 2.70047E-1 2.67569E-1 3.07908E-1 2.67184E-1 2.45144E-1 2.66637E-1 2.48375E-1 2.15373E-1 2.34879E-1 2.58997E-1 2.36373E-1 2.45023E-1 2.94141E-1 3.2805E-1 2.98004E-1 3.04623E-1 2.90233E-1 2.86846E-1 2.69283E-1 2.93819E-1 2.84375E-1 3.04036E-1 3.09559E-1 3.10072E-1 2.85947E-1 2.74469E-1 2.49877E-1 2.23282E-1 2.01321E-1 1.83606E-1 1.78614E-1
2.63437E-1 3.11768E-1 3.20487E-1 3.05298E-1 2.95839E-1 2.85425E-1 2.62715E-1 2.45314E-1 2.3298E-1 2.37431E-1 2.89514E-1 2.74655E-1 2.41023E-1 2.63815E-1 2.36981E-1 2.60255E-1 2.5797E-1 2.62547E-1 2.47784E-1 2.422E-1 2.77303E-1 2.90334E-1 2.60137E-1 2.43329E-1 2.82711E-1 3.0295E-1 2.85015E-1 2.75946E-1 2.60563E-1 2.99096E-1 2.67337E-1 3.14946E-1 3.25818E-1 2.38774E-1 2.48495E-1 3.415E-1 2.37832E-1 2.14513E-1 2.37601E-1 2.51173E-1 2.82248E-1 2.60689E-1 3.23637E-1 3.28129E-1 3.34809E-1 3.09847E-1 3.16371E-1 2.74393E-1 3.27503E-1 3.03048E-1 2.9651E-1 2.92906E-1 2.8207E-1 3.0075E-1 3.07627E-1 3.10289E-1 3.04993E-1 2.73909E-1 2.41831E-1 2.03727E-1 2.00689E-1
2.55563E-1 2.77472E-1 2.91889E-1 3.13829E-1 3.04594E-1 2.832E-1 2.51627E-1 2.32014E-1 2.21646E-1 2.66036E-1 2.58747E-1 2.58229E-1 2.86093E-1 2.58352E-1 2.53916E-1 2.7764E-1 2.64766E-1 2.87851E-1 2.55921E-1 2.81136E-1 2.67062E-1 2.72432E-1 2.62863E-1 2.54212E-1 2.7393E-1 2.99659E-1 2.40479E-1 2.79735E-1 2.73284E-1 3.20299E-1 2.75004E-1 3.13152E-1 2.71005E-1 2.98852E-1 3.32189E-1 3.50556E-1 2.29751E-1 2.43043E-1 2.82081E-1 2.60181E-1 2.84309E-1 2.99105E-1 2.57689E-1 2.68913E-1 2.84136E-1 2.80433E-1 3.03675E-1 2.84049E-1 3.24077E-1 2.94402E-1 2.88165E-1 2.9443E-1 2.83851E-1 2.8616E-1 2.83149E-1 3.0411E-1 3.22061E-1 2.99058E-1 2.67035E-1 2.3346E-1 2.32172E-1
2.6476E-1 2.90096E-1 3.07731E-1 3.0844E-1 2.97439E-1 2.6303E-1 2.42316E-1 2.34928E-1 2.48365E-1 2.92329E-1 2.50201E-1 2.96002E-1 2.47394E-1 2.44411E-1 2.72711E-1 2.54415E-1 2.62234E-1 2.72334E-1 2.97415E-1 2.6419E-1 2.35386E-1 2.42999E-1 2.73611E-1 2.85981E-1 2.78725E-1 2.8389E-1 2.45548E-1 2.93458E-1 2.52982E-1 2.86616E-1 2.66816E-1 3.21186E-1 2.40957E-1 2.8528E-1 2.86378E-1 2.32086E-1 2.61041E-1 2.66924E-1 2.62404E-1 2.72236E-1 3.04606E-1 2.57421E-1 2.43868E-1 2.41114E-1 2.59894E-1 3.02273E-1 2.70592E-1 2.76074E-1 3.17009E-1 2.66773E-1 2.77153E-1 3.1083E-1 3.00089E-1 2.68755E-1 2.52543E-1 2.58557E-1 3.06689E-1 3.34631E-1 2.9907E-1 2.95429E-1 2.78061E-1
2.54688E-1 2.76603E-1 3.05164E-1 3.09366E-1 2.94652E-1 2.62507E-1 2.4678E-1 2.46455E-1 2.82585E-1 2.67005E-1 2.81046E-1 2.7859E-1 2.80627E-1 2.73035E-1 2.562E-1 2.4389E-1 2.86742E-1 2.70401E-1 2.74009E-1 2.7884E-1 3.07196E-1 2.63367E-1 3.40447E-1 3.14761E-1 2.76109E-1 2.7291E-1 2.97785E-1 2.65016E-1 3.01027E-1 2.74011E-1 2.59702E-1 3.57256E-1 2.288E-1 3.38825E-1 2.7567E-1 2.19947E-1 2.75784E-1 2.37781E-1 2.50662E-1 3.23744E-1 2.88579E-1 2.56474E-1 2.19827E-1 2.37483E-1 2.47846E-1 3.19234E-1 2.61219E-1 2.72902E-1 3.05997E-1 2.50253E-1 3.15578E-1 3.1893E-1 3.03832E-1 2.52547E-1 2.36211E-1 2.47575E-1 2.52803E-1 3.18135E-1 3.04309E-1 3.22661E-1 2.98959E-1
2.39282E-1 2.73398E-1 2.91096E-1 3.00727E-1 2.90736E-1 2.89391E-1 2.6652E-1 2.64427E-1 2.76513E-1 2.47863E-1 2.6927E-1 2.66142E-1 2.88996E-1 2.62513E-1 2.8571E-1 2.81397E-1 3.17315E-1 2.75643E-1 3.01063E-1 3.01631E-1 3.14053E-1 2.83749E-1 2.79074E-1 2.62266E-1 2.9423E-1 3.07677E-1 3.21565E-1 2.33898E-1 2.82187E-1 2.68445E-1 3.03001E-1 3.62202E-1 2.4978E-1 3.77741E-1 3.14018E-1 2.23383E-1 2.85191E-1 2.66842E-1 2.96151E-1 3.02372E-1 2.61621E-1 2.24964E-1 2.27781E-1 2.27803E-1 2.40869E-1 3.14723E-1 2.87503E-1 2.7447E-1 2.83179E-1 2.98803E-1 3.16913E-1 2.86915E-1 2.60821E-1 2.17852E-1 2.46054E-1 2.64917E-1 2.29466E-1 2.65577E-1 2.60893E-1 3.17826E-1 3.17073E-1
2.38862E-1 2.47651E-1 2.81112E-1 2.87418E-1 2.71314E-1 2.79492E-1 2.85796E-1 2.76319E-1 2.98561E-1 2.8689E-1 2.76366E-1 2.76489E-1 2.59079E-1 2.92226E-1 2.93307E-1 3.34949E-1 2.72783E-1 3.23975E-1 3.24599E-1 2.74001E-1 3.15161E-1 3.08347E-1 2.61595E-1 2.89886E-1 2.69924E-1 2.80043E-1 3.20132E-1 2.85404E-1 2.6432E-1 3.28254E-1 2.65209E-1 3.06205E-1 3.02406E-1 3.27485E-1 2.50054E-1 2.42723E-1 2.68415E-1 3.03246E-1 2.97051E-1 2.76694E-1 2.73198E-1 2.67224E-1 2.34136E-1 2.34354E-1 2.26837E-1 2.66123E-1 3.16561E-1 2.69957E-1 2.58754E-1 3.20067E-1 2.98385E-1 2.76829E-1 2.26197E-1 2.18367E-1 2.50154E-1 2.58749E-1 2.37882E-1 2.34747E-1 2.31293E-1 2.81782E-1 3.03818E-1
2.2872E-1 2.46696E-1 2.74557E-1 2.87729E-1 2.88276E-1 3.03299E-1 2.73842E-1 2.80475E-1 2.83935E-1 2.56384E-1 2.70717E-1 2.66038E-1 2.79347E-1 2.89013E-1 3.11817E-1 3.12585E-1 2.59577E-1 3.25502E-1 2.8238E-1 3.04656E-1 2.75493E-1 3.05115E-1 2.6675E-1 2.77237E-1 2.67325E-1 2.65098E-1 3.48782E-1 2.97372E-1 2.7454E-1 3.22412E-1 2.95968E-1 3.16213E-1 2.6895E-1 3.73863E-1 2.6999E-1 2.76662E-1 2.55835E-1 2.87081E-1 2.72763E-1 2.62694E-1 2.91957E-1 3.0804E-1 2.45002E-1 2.3411E-1 2.37041E-1 3.25831E-1 3.23389E-1 2.61226E-1 2.88688E-1 2.88096E-1 2.84208E-1 2.40022E-1 2.29686E-1 2.41619E-1 2.43414E-1 2.55718E-1 2.28366E-1 1.99828E-1 2.02597E-1 2.12685E-1 2.17346E-1
2.00586E-1 2.27241E-1 2.71365E-1 2.78541E-1 2.83899E-1 3.03156E-1 3.50933E-1 3.1765E-1 2.89244E-1 2.83007E-1 2.71782E-1 2.78644E-1 2.67393E-1 3.04463E-1 3.20971E-1 3.31531E-1 2.87629E-1 3.34249E-1 2.66972E-1 3.36867E-1 2.59216E-1 2.85808E-1 2.69073E-1 2.54281E-1 2.83737E-1 2.3992E-1 2.8131E-1 2.94219E-1 2.79911E-1 3.19916E-1 3.16785E-1 2.9271E-1 2.68414E-1 3.31635E-1 2.67302E-1 2.65905E-1 2.76029E-1 2.83119E-1 2.48537E-1 2.35162E-1 2.59896E-1 2.5746E-1 2.6582E-1 2.58348E-1 2.84413E-1 3.1E-1 2.72445E-1 2.68773E-1 2.83731E-1 2.87381E-1 2.73171E-1 2.5051E-1 2.44274E-1 2.49935E-1 2.51187E-1 2.58186E-1 2.0431E-1 2.03905E-1 2.09507E-1 2.1375E-1 2.16734E-1
1.71409E-1 2.08312E-1 2.45995E-1 2.6206E-1 2.7614E-1 2.85688E-1 3.20642E-1 3.18176E-1 3.12044E-1 3.07907E-1 3.0395E-1 2.69344E-1 2.64086E-1 2.87484E-1 3.03536E-1 2.8167E-1 2.91931E-1 2.85731E-1 2.64975E-1 2.84386E-1 2.753E-1 2.74485E-1 2.45564E-1 2.72725E-1 2.33578E-1 2.06376E-1 3.03507E-1 2.89916E-1 2.77603E-1 3.30514E-1 3.07118E-1 2.7557E-1 3.01909E-1 2.81727E-1 2.72878E-1 3.03894E-1 2.37115E-1 2.84808E-1 2.4186E-1 2.88933E-1 2.51589E-1 2.47646E-1 2.79715E-1 2.89547E-1 2.90783E-1 2.84334E-1 3.04625E-1 2.86366E-1 2.95207E-1 2.89457E-1 2.73266E-1 2.50342E-1 2.53769E-1 2.56687E-1 2.4208E-1 2.19827E-1 2.13747E-1 2.11233E-1 2.23028E-1 2.3519E-1 2.43377E-1
1.65755E-1 1.84128E-1 2.0528E-1 2.28284E-1 2.62426E-1 2.55288E-1 2.80115E-1 3.03308E-1 2.95859E-1 3.04679E-1 3.12175E-1 3.02138E-1 2.8071E-1 2.81973E-1 2.64879E-1 2.71475E-1 2.71236E-1 2.78404E-1 2.99698E-1 2.53517E-1 2.79845E-1 2.27914E-1 2.54236E-1 2.46539E-1 2.01024E-1 2.40929E-1 3.10429E-1 2.63224E-1 2.59196E-1 3.03449E-1 3.06463E-1 2.6569E-1 2.96907E-1 2.98554E-1 2.62848E-1 2.9437E-1 2.53584E-1 2.93199E-1 2.43684E-1 2.8263E-1 2.50663E-1 2.50617E-1 2.78264E-1 2.81319E-1 3.29441E-1 2.82121E-1 2.96421E-1 2.53177E-1 2.38646E-1 2.5849E-1 2.95738E-1 2.57632E-1 2.43126E-1 2.36219E-1 2.19257E-1 2.19943E-1 2.32577E-1 2.32633E-1 2.40757E-1 2.50634E-1 2.51164E-1
1.48113E-1 1.63263E-1 1.92996E-1 2.16421E-1 2.21944E-1 2.33841E-1 2.42708E-1 2.67578E-1 2.95043E-1 3.19215E-1 3.14597E-1 3.19874E-1 2.77275E-1 2.8704E-1 2.59762E-1 2.99002E-1 2.75324E-1 2.81513E-1 2.65447E-1 2.41942E-1 2.69601E-1 2.16924E-1 2.54266E-1 2.26435E-1 2.41047E-1 2.98241E-1 2.77457E-1 2.66631E-1 2.76477E-1 3.01882E-1 3.04833E-1 2.88483E-1 3.00222E-1 2.79476E-1 2.78743E-1 2.86737E-1 2.56729E-1 2.79139E-1 2.61895E-1 2.42213E-1 2.27574E-1 2.63216E-1 2.51462E-1 2.63566E-1 3.14071E-1 2.60563E-1 2.69203E-1 2.47902E-1 2.27787E-1 2.45606E-1 2.60994E-1 2.70169E-1 2.4287E-1 2.40767E-1 2.35939E-1 2.22417E-1 2.51989E-1 2.60784E-1 2.54361E-1 2.54571E-1 2.43995E-1
1.48068E-1 1.64278E-1 1.80038E-1 1.99302E-1 2.34311E-1 2.37433E-1 2.30443E-1 2.57379E-1 2.74568E-1 2.8403E-1 3.15182E-1 2.77962E-1 3.09477E-1 2.76309E-1 2.66195E-1 2.78042E-1 2.65586E-1 2.67168E-1 2.64842E-1 2.52737E-1 2.71875E-1 2.53184E-1 2.40016E-1 2.51232E-1 3.0073E-1 2.77571E-1 2.488E-1 2.60834E-1 2.9513E-1 2.81735E-1 2.81186E-1 2.9129E-1 2.642E-1 2.76614E-1 2.71621E-1 2.47038E-1 2.71105E-1 2.57208E-1 2.37923E-1 2.21491E-1 2.49239E-1 2.5228E-1 2.56093E-1 2.55194E-1 2.48215E-1 2.66421E-1 2.60945E-1 2.49723E-1 2.4829E-1 2.79472E-1 2.88791E-1 2.79032E-1 2.59072E-1 2.6424E-1 2.923E-1 2.48011E-1 2.61168E-1 2.70578E-1 2.62519E-1 2.52859E-1 2.62869E-1
1.59237E-1 1.76343E-1 1.80157E-1 1.81672E-1 2.2259E-1 2.3191E-1 2.33796E-1 2.38177E-1 2.76368E-1 2.81732E-1 2.85355E-1 2.94139E-1 2.77585E-1 2.93797E-1 2.92997E-1 2.66397E-1 2.45824E-1 2.41091E-1 2.34234E-1 2.70942E-1 2.84404E-1 2.50511E-1 2.47878E-1 2.61313E-1 2.58243E-1 2.67476E-1 2.60912E-1 2.47655E-1 3.06285E-1 2.85375E-1 2.58941E-1 2.93265E-1 2.56594E-1 2.60137E-1 2.7237E-1 2.54425E-1 2.2769E-1 2.09937E-1 2.09307E-1 2.17903E-1 2.31345E-1 2.31983E-1 2.38076E-1 2.59048E-1 2.1499E-1 2.6521E-1 2.42697E-1 2.65978E-1 2.73943E-1 2.69989E-1 2.66861E-1 2.73035E-1 2.67424E-1 2.70158E-1 2.818E-1 2.68256E-1 2.74032E-1 2.71679E-1 2.75232E-1 2.74962E-1 2.7241E-1
1.46875E-1 1.5359E-1 1.6813E-1 1.71219E-1 2.04208E-1 2.10463E-1 2.21089E-1 2.56998E-1 2.93129E-1 2.79646E-1 2.68612E-1 3.05927E-1 3.13019E-1 2.7305E-1 2.92389E-1 2.77937E-1 2.78944E-1 2.7902E-1 2.64138E-1 2.41066E-1 2.62451E-1 2.61276E-1 2.39025E-1 2.48153E-1 2.18452E-1 2.61438E-1 2.69272E-1 2.67867E-1 2.76883E-1 2.86976E-1 2.49372E-1 2.78376E-1 2.42151E-1 2.61603E-1 2.41236E-1 2.28747E-1 2.02164E-1 1.99372E-1 2.41514E-1 2.3287E-1 2.33711E-1 2.71558E-1 2.81099E-1 2.51395E-1 2.20229E-1 2.36279E-1 2.2004E-1 2.74733E-1 2.46093E-1 2.4689E-1 2.57523E-1 2.63975E-1 2.742E-1 2.71661E-1 2.7042E-1 2.86107E-1 3.05431E-1 2.78337E-1 2.84683E-1 2.79407E-1 2.75986E-1
1.46675E-1 1.50006E-1 1.61864E-1 1.80527E-1 2.02316E-1 1.98589E-1 2.03002E-1 2.4031E-1 2.81135E-1 2.51278E-1 2.73813E-1 2.8876E-1 2.99653E-1 2.94745E-1 2.94341E-1 2.80672E-1 2.81737E-1 2.687E-1 2.83022E-1 2.51336E-1 2.41513E-1 2.44435E-1 2.53927E-1 2.40153E-1 2.51231E-1 2.74145E-1 2.90282E-1 2.90341E-1 2.77141E-1 2.64477E-1 2.84755E-1 2.83152E-1 2.67782E-1 2.48574E-1 2.44651E-1 2.36334E-1 2.25454E-1 2.36142E-1 2.48164E-1 2.52746E-1 2.53499E-1 2.66451E-1 2.62626E-1 2.35825E-1 2.30735E-1 2.48347E-1 2.39488E-1 2.48388E-1 2.65805E-1 2.61007E-1 2.54792E-1 2.61918E-1 2.82169E-1 2.9648E-1 2.79548E-1 2.95497E-1 2.90632E-1 2.90872E-1 2.73621E-1 2.73945E-1 2.7656E-1
1.56992E-1 1.43136E-1 1.41294E-1 1.61927E-1 1.83253E-1 1.90678E-1 1.92541E-1 2.44511E-1 2.76236E-1 2.62034E-1 2.6702E-1 2.95889E-1 2.95989E-1 2.99667E-1 2.9573E-1 2.90801E-1 3.01494E-1 2.83646E-1 2.63592E-1 2.39894E-1 2.47722E-1 2.40123E-1 2.67175E-1 2.46721E-1 2.85469E-1 2.61082E-1 2.74329E-1 2.86192E-1 3.04443E-1 2.75871E-1 2.93856E-1 3.05289E-1 2.93592E-1 2.61807E-1 2.75743E-1 2.71008E-1 2.58801E-1 2.51967E-1 2.66038E-1 2.65414E-1 2.55768E-1 2.50391E-1 2.60337E-1 2.43352E-1 2.50082E-1 2.56833E-1 2.46786E-1 2.4739E-1 2.46654E-1 2.63609E-1 2.77851E-1 2.76348E-1 2.72949E-1 3.01668E-1 3.11578E-1 2.75206E-1 2.80923E-1 2.86898E-1 2.72917E-1 2.67934E-1 2.5459E-1
1.84249E-1 1.57286E-1 1.45115E-1 1.50175E-1 1.69715E-1 1.77693E-1 1.77106E-1 2.00721E-1 2.32119E-1 2.89566E-1 2.71649E-1 3.12555E-1 3.33753E-1 3.43466E-1 3.26239E-1 3.03933E-1 2.81006E-1 2.95144E-1 2.85264E-1 2.62218E-1 2.57072E-1 2.504E-1 2.59843E-1 2.35142E-1 2.37801E-1 2.66026E-1 2.69013E-1 2.93973E-1 3.09163E-1 3.0247E-1 3.1883E-1 3.27035E-1 3.37492E-1 3.0483E-1 3.09692E-1 3.10656E-1 2.89213E-1 2.74623E-1 2.93608E-1 3.04358E-1 2.89677E-1 2.72822E-1 2.53072E-1 2.52749E-1 2.4378E-1 2.4213E-1 2.46896E-1 2.6742E-1 2.66321E-1 2.68727E-1 2.7893E-1 2.88749E-1 2.76832E-1 3.07304E-1 3.12095E-1 3.04599E-1 2.92501E-1 2.84697E-1 2.81796E-1 2.63759E-1 2.43618E-1
2.50039E-1 2.21783E-1 1.63737E-1 1.40542E-1 1.49099E-1 1.60617E-1 1.71499E-1 1.91144E-1 1.88935E-1 2.92484E-1 2.40376E-1 2.83821E-1 3.28343E-1 3.40943E-1 3.8455E-1 3.28373E-1 2.93502E-1 2.68854E-1 2.87159E-1 2.90183E-1 2.79933E-1 2.68145E-1 2.55638E-1 2.58109E-1 2.5284E-1 2.84351E-1 2.92176E-1 2.80683E-1 3.2806E-1 3.52281E-1 3.52051E-1 3.64886E-1 3.37714E-1 3.47006E-1 3.42941E-1 3.38837E-1 3.12065E-1 2.97595E-1 2.94607E-1 2.90278E-1 2.91066E-1 2.81846E-1 2.57706E-1 2.61393E-1 2.50792E-1 2.46522E-1 2.48077E-1 2.57861E-1 2.56069E-1 2.80593E-1 3.03297E-1 3.65321E-1 3.25087E-1 3.12704E-1 2.87041E-1 2.9578E-1 2.96581E-1 2.65399E-1 2.67919E-1 2.42886E-1 2.38976E-1
2.92866E-1 2.6601E-1 2.1608E-1 1.90678E-1 1.67675E-1 1.63E-1 1.75026E-1 1.80317E-1 1.85823E-1 2.82441E-1 2.68882E-1 3.36721E-1 3.68985E-1 3.10117E-1 3.56544E-1 4.22663E-1 3.30981E-1 3.16411E-1 3.28526E-1 3.1439E-1 3.11245E-1 2.99251E-1 2.68975E-1 2.7258E-1 2.94193E-1 3.07433E-1 3.03158E-1 2.87845E-1 3.20077E-1 3.54964E-1 3.76893E-1 3.85869E-1 3.57879E-1 3.84917E-1 3.64753E-1 3.66729E-1 3.27992E-1 3.02962E-1 3.08646E-1 2.74288E-1 2.68278E-1 2.68421E-1 2.82917E-1 2.59447E-1 2.49244E-1 2.53316E-1 2.50147E-1 2.4038E-1 2.53196E-1 2.88999E-1 2.77992E-1 2.8825E-1 2.99245E-1 2.87199E-1 2.64068E-1 2.80513E-1 2.98148E-1 2.75815E-1 2.8046E-1 2.46208E-1 2.37624E-1
3.31877E-1 2.8903E-1 2.76442E-1 2.14532E-1 1.73745E-1 1.31437E-1 1.49925E-1 1.75975E-1 1.82201E-1 2.5678E-1 3.04958E-1 3.17258E-1 4.10684E-1 3.50536E-1 3.29756E-1 4.80781E-1 4.64995E-1 3.87366E-1 3.42155E-1 3.34285E-1 3.25862E-1 3.09173E-1 2.911E-1 2.79107E-1 2.92696E-1 3.07048E-1 3.19139E-1 2.96048E-1 3.05881E-1 3.72721E-1 4.04331E-1 3.82374E-1 3.96191E-1 4.10184E-1 3.81404E-1 3.56517E-1 3.00107E-1 2.7853E-1 2.87805E-1 2.86055E-1 2.55098E-1 2.60826E-1 2.47299E-1 2.61093E-1 2.61188E-1 2.57695E-1 2.47966E-1 2.45117E-1 2.69551E-1 2.73755E-1 2.46074E-1 2.55963E-1 2.57099E-1 2.64928E-1 2.79042E-1 2.60862E-1 2.80253E-1 2.68959E-1 2.58886E-1 2.38478E-1 2.31111E-1
3.04633E-1 2.9913E-1 3.04757E-1 2.76513E-1 2.23778E-1 1.92457E-1 1.50835E-1 1.57329E-1 1.67757E-1 2.0105E-1 2.91436E-1 3.02067E-1 3.31004E-1 3.49393E-1 3.59778E-1 4.45381E-1 4.47045E-1 4.9756E-1 4.13835E-1 3.31959E-1 3.2824E-1 3.27355E-1 3.24858E-1 2.98827E-1 3.07055E-1 3.18921E-1 3.2601E-1 3.01784E-1 3.0358E-1 3.79329E-1 3.87042E-1 4.04671E-1 4.12129E-1 4.21081E-1 3.66764E-1 3.53735E-1 3.32717E-1 2.75438E-1 2.74668E-1 2.84606E-1 2.7083E-1 2.56937E-1 2.74548E-1 2.81021E-1 2.43065E-1 2.36014E-1 2.32419E-1 2.5338E-1 2.66171E-1 2.41818E-1 2.27367E-1 2.34351E-1 2.37884E-1 2.47912E-1 2.43425E-1 2.45402E-1 2.63044E-1 2.65275E-1 2.52965E-1 2.49466E-1 2.3578E-1
3.28334E-1 3.26866E-1 3.17387E-1 3.12008E-1 2.91562E-1 2.5801E-1 1.7524E-1 1.58775E-1 1.68781E-1 1.72706E-1 2.36168E-1 3.25047E-1 3.02671E-1 3.40095E-1 4.28437E-1 3.57644E-1 3.84913E-1 5.11076E-1 4.84484E-1 3.72565E-1 3.40172E-1 3.44671E-1 3.66335E-1 3.1533E-1 2.81317E-1 2.86079E-1 3.40914E-1 3.68012E-1 3.63647E-1 3.89554E-1 3.85157E-1 4.18064E-1 4.37183E-1 4.16746E-1 3.87464E-1 4.04405E-1 3.34094E-1 2.69153E-1 2.66173E-1 2.70337E-1 2.82692E-1 2.75056E-1 2.78993E-1 3.23284E-1 2.76516E-1 2.33218E-1 2.23603E-1 2.62582E-1 2.34807E-1 2.37216E-1 2.33046E-1 2.30995E-1 2.31393E-1 2.38572E-1 2.46988E-1 2.48678E-1 2.33935E-1 2.37562E-1 2.42318E-1 2.55385E-1 2.44141E-1
3.34693E-1 3.37159E-1 3.39506E-1 3.35336E-1 3.11447E-1 2.68076E-1 2.05078E-1 1.56602E-1 1.65007E-1 1.71209E-1 2.20022E-1 3.02611E-1 2.77994E-1 3.23692E-1 4.14542E-1 4.10376E-1 3.35053E-1 5.20824E-1 5.00168E-1 3.82859E-1 3.72046E-1 3.79823E-1 3.40967E-1 3.45789E-1 3.04325E-1 2.8714E-1 3.56969E-1 4.32636E-1 4.25635E-1 4.17195E-1 4.21449E-1 4.31863E-1 4.78432E-1 4.12965E-1 4.18147E-1 4.12653E-1 3.25665E-1 2.42207E-1 2.95572E-1 3.18977E-1 3.23023E-1 3.3864E-1 3.13633E-1 3.04151E-1 3.18051E-1 2.87865E-1 2.35977E-1 2.72836E-1 2.48251E-1 2.46829E-1 2.43895E-1 2.37573E-1 2.34967E-1 2.41813E-1 2.45583E-1 2.40074E-1 2.28119E-1 2.35189E-1 2.39404E-1 2.362E-1 2.38943E-1
3.58199E-1 3.46682E-1 3.34077E-1 3.28625E-1 3.27935E-1 3.3349E-1 2.59053E-1 1.6957E-1 1.78164E-1 1.68478E-1 2.08261E-1 3.25077E-1 3.28547E-1 2.95789E-1 3.7783E-1 4.30684E-1 3.31771E-1 4.88223E-1 5.39859E-1 3.8486E-1 4.04148E-1 4.02473E-1 3.6541E-1 3.32353E-1 3.54465E-1 3.4228E-1 3.72899E-1 4.39828E-1 4.52826E-1 4.55935E-1 5.28333E-1 4.93878E-1 4.96356E-1 4.64963E-1 4.38016E-1 3.79586E-1 3.19023E-1 2.70816E-1 2.95139E-1 3.64246E-1 2.87637E-1 2.5734E-1 2.41789E-1 2.56925E-1 2.35754E-1 2.79774E-1 2.90593E-1 2.95864E-1 2.71072E-1 2.56681E-1 2.54057E-1 2.44664E-1 2.42845E-1 2.39666E-1 2.36E-1 2.28435E-1 2.25584E-1 2.21659E-1 2.20694E-1 2.3164E-1 2.29626E-1
