maxent_outputs/red_flowers_troch_bombus_environ/red_275.asc
ncols         426
nrows         180
xllcorner     -130.0
yllcorner     24.0
cellsize      0.16666666666666666
NODATA_value  -9999
[rows 81 to 107 of 180, columns 183 to 243 of 426]
6.09718E-2 5.81497E-2 5.72798E-2 5.60249E-2 5.44978E-2 5.52087E-2 5.60895E-2 5.43834E-2 5.27354E-2 5.35427E-2 5.551E-2 5.56603E-2 5.53909E-2 5.25644E-2 5.16975E-2 5.3088E-2 5.2348E-2 5.32292E-2 5.39551E-2 5.7041E-2 5.74616E-2 5.67064E-2 5.51249E-2 5.48918E-2 5.41511E-2 5.44318E-2 5.52024E-2 5.44036E-2 5.31874E-2 5.39021E-2 5.41836E-2 5.5234E-2 5.63885E-2 5.72748E-2 5.95635E-2 6.67916E-2 7.64429E-2 8.74438E-2 8.53815E-2 7.66942E-2 7.19732E-2 6.65692E-2 6.22535E-2 5.9234E-2 5.87353E-2 6.09123E-2 6.43802E-2 6.47666E-2 6.63196E-2 6.65809E-2 6.86766E-2 7.04006E-2 6.87852E-2 6.6988E-2 6.87365E-2 7.22093E-2 7.41651E-2 7.50127E-2 7.1624E-2 7.27166E-2 7.23403E-2
6.14969E-2 5.95015E-2 5.69892E-2 5.59189E-2 5.60811E-2 5.64626E-2 5.7643E-2 5.76552E-2 5.78994E-2 5.73761E-2 5.90973E-2 6.10485E-2 5.9299E-2 5.78135E-2 5.67865E-2 5.70922E-2 5.73333E-2 5.5976E-2 5.71838E-2 5.9463E-2 5.95925E-2 5.87247E-2 5.94639E-2 5.97432E-2 5.92783E-2 5.76398E-2 5.84346E-2 5.74332E-2 5.57563E-2 5.69329E-2 5.85237E-2 5.98898E-2 5.9518E-2 6.00875E-2 6.2215E-2 7.15358E-2 9.24949E-2 1.2504E-1 1.47947E-1 1.10013E-1 8.87511E-2 7.53708E-2 6.8455E-2 6.57151E-2 6.53624E-2 6.74998E-2 6.9329E-2 7.11063E-2 7.2644E-2 7.2844E-2 7.31664E-2 7.3235E-2 7.31292E-2 7.40639E-2 7.40607E-2 7.54412E-2 7.63683E-2 7.55671E-2 7.54308E-2 7.40469E-2 7.51081E-2
6.25113E-2 6.0506E-2 5.7085E-2 5.62885E-2 5.7775E-2 5.83502E-2 5.93056E-2 5.93844E-2 6.13382E-2 6.10577E-2 6.2192E-2 6.47591E-2 6.43412E-2 6.44537E-2 6.34851E-2 6.04129E-2 5.94786E-2 5.91224E-2 5.85087E-2 5.94617E-2 6.17409E-2 6.23512E-2 6.32138E-2 6.28944E-2 6.45622E-2 6.34778E-2 6.20234E-2 6.11133E-2 6.20042E-2 6.11027E-2 6.20305E-2 6.16513E-2 6.10474E-2 6.18324E-2 6.59784E-2 7.5649E-2 9.59157E-2 1.29573E-1 1.52749E-1 1.19564E-1 9.63367E-2 8.30229E-2 7.4932E-2 7.25018E-2 7.23844E-2 7.34718E-2 7.73538E-2 7.90311E-2 7.87554E-2 7.75421E-2 7.45712E-2 7.60181E-2 7.528E-2 7.62115E-2 7.63707E-2 7.67482E-2 7.68576E-2 7.88549E-2 7.89551E-2 8.01749E-2 8.11822E-2
6.45484E-2 6.21125E-2 6.03527E-2 5.80518E-2 5.90205E-2 6.23494E-2 6.19197E-2 6.18659E-2 6.26963E-2 6.31302E-2 6.46409E-2 6.73143E-2 6.68296E-2 6.6387E-2 6.55038E-2 6.39369E-2 6.18639E-2 6.04703E-2 6.1539E-2 6.16338E-2 6.42536E-2 6.68124E-2 6.60846E-2 6.74193E-2 6.72782E-2 6.74047E-2 6.88668E-2 6.80733E-2 6.78671E-2 6.71636E-2 6.41929E-2 6.30137E-2 6.21268E-2 6.33486E-2 6.69867E-2 7.3624E-2 8.50082E-2 9.81835E-2 1.03163E-1 1.01272E-1 9.32437E-2 8.46025E-2 8.01062E-2 7.76269E-2 7.89019E-2 7.99658E-2 8.40155E-2 8.57611E-2 8.3363E-2 7.84216E-2 7.75916E-2 7.95093E-2 7.82422E-2 7.93702E-2 7.67094E-2 7.62049E-2 7.85301E-2 8.13718E-2 8.52749E-2 8.8524E-2 8.83135E-2
6.77768E-2 6.32514E-2 6.11233E-2 6.0681E-2 6.1113E-2 6.31682E-2 6.40774E-2 6.44582E-2 6.46565E-2 6.551E-2 6.76546E-2 6.86683E-2 6.81864E-2 6.72674E-2 6.61371E-2 6.46279E-2 6.26358E-2 6.25875E-2 6.50175E-2 6.65259E-2 6.78433E-2 6.91063E-2 7.06789E-2 7.19821E-2 7.19902E-2 7.20611E-2 7.20117E-2 7.41243E-2 7.39572E-2 7.27793E-2 6.92369E-2 6.8696E-2 6.5469E-2 6.64491E-2 6.87445E-2 7.06312E-2 7.66591E-2 8.15103E-2 8.32682E-2 8.94043E-2 8.93547E-2 8.51138E-2 8.34277E-2 8.45352E-2 8.40024E-2 8.74033E-2 9.13603E-2 9.26423E-2 9.01582E-2 8.55646E-2 8.32361E-2 8.45272E-2 8.33391E-2 8.15441E-2 7.99305E-2 7.67908E-2 8.10693E-2 8.64534E-2 9.16533E-2 9.4803E-2 9.82334E-2
7.09936E-2 6.81767E-2 6.6131E-2 6.52825E-2 6.49142E-2 6.57226E-2 6.66385E-2 6.83704E-2 6.88808E-2 7.13422E-2 7.19958E-2 7.16435E-2 7.09779E-2 6.82978E-2 6.82465E-2 6.61777E-2 6.39682E-2 6.6179E-2 6.70944E-2 6.82777E-2 7.00404E-2 7.30904E-2 7.49637E-2 7.64934E-2 7.6611E-2 7.74121E-2 7.81809E-2 7.9772E-2 8.0068E-2 8.14135E-2 7.87517E-2 7.61316E-2 7.38478E-2 7.31244E-2 7.32058E-2 7.4607E-2 7.83051E-2 8.09335E-2 8.60132E-2 8.79427E-2 9.13526E-2 9.3423E-2 9.47512E-2 9.15928E-2 9.07695E-2 9.5177E-2 9.77177E-2 9.92136E-2 9.60524E-2 9.48514E-2 9.15471E-2 9.05287E-2 8.88028E-2 8.72421E-2 8.57339E-2 8.52039E-2 8.97396E-2 9.47403E-2 1.00021E-1 1.05391E-1 1.08294E-1
7.24407E-2 7.31897E-2 7.14275E-2 7.20172E-2 6.91401E-2 7.00774E-2 7.2648E-2 7.36631E-2 7.59054E-2 7.65476E-2 7.66641E-2 7.67765E-2 7.41253E-2 7.32716E-2 7.13094E-2 6.79421E-2 6.78802E-2 7.12052E-2 7.11689E-2 7.06192E-2 7.39573E-2 7.51348E-2 7.74254E-2 7.89938E-2 8.15956E-2 8.23604E-2 8.42522E-2 8.61273E-2 8.60324E-2 8.83779E-2 8.69773E-2 8.42335E-2 8.38897E-2 8.26649E-2 8.24756E-2 8.47948E-2 8.5331E-2 8.68437E-2 8.99275E-2 9.2322E-2 9.71295E-2 1.00341E-1 1.0016E-1 9.92116E-2 9.58071E-2 9.83869E-2 1.0144E-1 1.02583E-1 1.02956E-1 1.02833E-1 1.00573E-1 9.76428E-2 9.7292E-2 9.48508E-2 9.24916E-2 9.4282E-2 9.92979E-2 1.04936E-1 1.0991E-1 1.14529E-1 1.17019E-1
7.56255E-2 7.69633E-2 7.91318E-2 7.79771E-2 7.59796E-2 7.61907E-2 7.72042E-2 7.70119E-2 7.77775E-2 8.01481E-2 8.31441E-2 8.06893E-2 7.88242E-2 7.70262E-2 7.30196E-2 7.29931E-2 7.29357E-2 7.57789E-2 7.52829E-2 7.52637E-2 7.63601E-2 7.95341E-2 8.02337E-2 8.40104E-2 8.8599E-2 8.80138E-2 8.97896E-2 9.15222E-2 9.45563E-2 9.41766E-2 9.24853E-2 9.15636E-2 9.15126E-2 9.3953E-2 9.33484E-2 9.02343E-2 9.27156E-2 9.252E-2 9.41095E-2 9.72145E-2 1.00299E-1 1.03108E-1 1.05385E-1 1.02753E-1 1.01039E-1 1.0218E-1 1.04719E-1 1.05456E-1 1.06538E-1 1.0672E-1 1.07417E-1 1.04547E-1 1.04973E-1 1.03392E-1 1.02921E-1 1.03953E-1 1.09535E-1 1.1551E-1 1.20561E-1 1.23246E-1 1.25067E-1
8.09821E-2 8.13704E-2 8.31772E-2 8.19837E-2 8.18216E-2 8.18724E-2 8.05141E-2 8.19298E-2 8.22608E-2 8.41873E-2 8.80943E-2 8.80943E-2 8.37611E-2 8.04831E-2 7.70761E-2 7.73175E-2 7.86519E-2 7.92254E-2 7.92445E-2 7.90678E-2 8.07457E-2 8.49097E-2 8.53862E-2 8.80295E-2 9.36474E-2 9.60451E-2 9.90666E-2 9.92451E-2 1.01181E-1 1.0043E-1 9.58966E-2 9.42984E-2 9.56508E-2 9.67923E-2 9.7812E-2 9.90654E-2 9.97486E-2 1.00875E-1 9.88278E-2 1.02918E-1 1.03001E-1 1.05016E-1 1.08007E-1 1.11477E-1 1.0819E-1 1.09219E-1 1.08774E-1 1.09801E-1 1.13026E-1 1.11355E-1 1.11774E-1 1.15423E-1 1.16845E-1 1.16659E-1 1.15725E-1 1.1595E-1 1.21303E-1 1.26611E-1 1.29612E-1 1.30704E-1 1.29894E-1
8.53904E-2 8.64005E-2 8.77618E-2 8.84469E-2 8.92276E-2 8.79786E-2 8.48814E-2 8.51932E-2 8.40339E-2 8.40343E-2 8.9081E-2 9.19436E-2 8.92409E-2 8.62366E-2 8.76732E-2 8.14356E-2 8.02219E-2 7.92114E-2 8.0681E-2 8.35517E-2 8.54518E-2 8.76044E-2 8.802E-2 9.01842E-2 9.75557E-2 1.00171E-1 1.03035E-1 1.06098E-1 1.04281E-1 1.04861E-1 1.00545E-1 9.71845E-2 9.91411E-2 9.83262E-2 1.00245E-1 1.01615E-1 1.03035E-1 1.01546E-1 1.03687E-1 1.04803E-1 1.0546E-1 1.09051E-1 1.13601E-1 1.15913E-1 1.16482E-1 1.14666E-1 1.16162E-1 1.19705E-1 1.19902E-1 1.2045E-1 1.20141E-1 1.22225E-1 1.25801E-1 1.32034E-1 1.34193E-1 1.35781E-1 1.3584E-1 1.36629E-1 1.34606E-1 1.32031E-1 1.30385E-1
8.78849E-2 8.92741E-2 9.19483E-2 9.33833E-2 9.20051E-2 9.0371E-2 8.8921E-2 8.73234E-2 8.51393E-2 8.32295E-2 8.96719E-2 9.57445E-2 9.27853E-2 9.15806E-2 9.21824E-2 8.77983E-2 8.06573E-2 7.95252E-2 8.32696E-2 8.63665E-2 8.97958E-2 8.9007E-2 8.88092E-2 9.19297E-2 9.87188E-2 1.05043E-1 1.07149E-1 1.07583E-1 1.07893E-1 1.08258E-1 1.04761E-1 1.01539E-1 1.01349E-1 1.03006E-1 1.02634E-1 1.08449E-1 1.0618E-1 1.04792E-1 1.07839E-1 1.08294E-1 1.09106E-1 1.0978E-1 1.15023E-1 1.23578E-1 1.22836E-1 1.219E-1 1.22865E-1 1.26971E-1 1.29879E-1 1.31953E-1 1.35133E-1 1.36482E-1 1.38797E-1 1.4256E-1 1.52271E-1 1.56276E-1 1.51467E-1 1.48192E-1 1.4442E-1 1.37518E-1 1.313E-1
9.09275E-2 9.0864E-2 9.52268E-2 9.51925E-2 9.51173E-2 9.18752E-2 8.98824E-2 8.85484E-2 8.54411E-2 8.30536E-2 9.07042E-2 9.61623E-2 9.87059E-2 9.7832E-2 9.16105E-2 8.96973E-2 8.50205E-2 8.36393E-2 8.66402E-2 8.79864E-2 9.11489E-2 9.21477E-2 8.97635E-2 9.27781E-2 1.01482E-1 1.06924E-1 1.09828E-1 1.11237E-1 1.12805E-1 1.13096E-1 1.10424E-1 1.07475E-1 1.07337E-1 1.07683E-1 1.1045E-1 1.11454E-1 1.11289E-1 1.11447E-1 1.15837E-1 1.20698E-1 1.17888E-1 1.13407E-1 1.20346E-1 1.24706E-1 1.27785E-1 1.28011E-1 1.29656E-1 1.31839E-1 1.38566E-1 1.40055E-1 1.44671E-1 1.50524E-1 1.58787E-1 1.61193E-1 1.67664E-1 1.66316E-1 1.62842E-1 1.62175E-1 1.53444E-1 1.46258E-1 1.4052E-1
9.46588E-2 9.71218E-2 9.92967E-2 1.02501E-1 1.01802E-1 9.73414E-2 9.52369E-2 9.46971E-2 9.24706E-2 9.07383E-2 9.43795E-2 9.97243E-2 1.04896E-1 1.06297E-1 9.25989E-2 9.01451E-2 9.39205E-2 9.30656E-2 9.13175E-2 9.10271E-2 9.25737E-2 9.47933E-2 9.26794E-2 9.62792E-2 1.03383E-1 1.10295E-1 1.13666E-1 1.1455E-1 1.15806E-1 1.19902E-1 1.19972E-1 1.17015E-1 1.15058E-1 1.17376E-1 1.19227E-1 1.1885E-1 1.1916E-1 1.21748E-1 1.27659E-1 1.32847E-1 1.33393E-1 1.2995E-1 1.31523E-1 1.33995E-1 1.34165E-1 1.34069E-1 1.3823E-1 1.41838E-1 1.46847E-1 1.53481E-1 1.57926E-1 1.64054E-1 1.73406E-1 1.75337E-1 1.76386E-1 1.7398E-1 1.7033E-1 1.71076E-1 1.67836E-1 1.60845E-1 1.53637E-1
9.93514E-2 1.03666E-1 1.09715E-1 1.08215E-1 1.06452E-1 1.02097E-1 1.00993E-1 9.99822E-2 9.95057E-2 9.76913E-2 1.00382E-1 1.035E-1 1.06047E-1 1.07896E-1 9.82788E-2 9.53976E-2 9.89492E-2 9.77747E-2 9.56078E-2 9.48952E-2 9.80515E-2 9.73356E-2 9.60384E-2 1.01921E-1 1.09411E-1 1.15623E-1 1.20911E-1 1.22247E-1 1.27726E-1 1.31451E-1 1.27864E-1 1.25925E-1 1.26125E-1 1.24365E-1 1.26869E-1 1.32269E-1 1.35769E-1 1.3129E-1 1.36204E-1 1.42111E-1 1.44719E-1 1.44381E-1 1.44562E-1 1.43398E-1 1.44676E-1 1.47154E-1 1.53347E-1 1.54528E-1 1.57718E-1 1.605E-1 1.70881E-1 1.78055E-1 1.80754E-1 1.8091E-1 1.78692E-1 1.78363E-1 1.73566E-1 1.76371E-1 1.80867E-1 1.77558E-1 1.75474E-1
1.05315E-1 1.08619E-1 1.12777E-1 1.13103E-1 1.11027E-1 1.08937E-1 1.05495E-1 1.03561E-1 1.03248E-1 1.03032E-1 1.02962E-1 1.03537E-1 1.03383E-1 1.0588E-1 1.0345E-1 1.0194E-1 1.00569E-1 1.01554E-1 9.97914E-2 1.02951E-1 1.04188E-1 1.01982E-1 1.03825E-1 1.08934E-1 1.17567E-1 1.27939E-1 1.30848E-1 1.33382E-1 1.34402E-1 1.39582E-1 1.37099E-1 1.36454E-1 1.33771E-1 1.32993E-1 1.35056E-1 1.38413E-1 1.36893E-1 1.37182E-1 1.40377E-1 1.44832E-1 1.51159E-1 1.55375E-1 1.56685E-1 1.61371E-1 1.65881E-1 1.67012E-1 1.76815E-1 1.71461E-1 1.67098E-1 1.68272E-1 1.81947E-1 1.86378E-1 1.88709E-1 1.92627E-1 1.89453E-1 1.85906E-1 1.814E-1 1.81267E-1 1.91178E-1 1.95838E-1 2.05358E-1
1.09464E-1 1.10207E-1 1.13572E-1 1.14089E-1 1.1383E-1 1.11411E-1 1.10851E-1 1.07898E-1 1.07298E-1 1.06143E-1 1.09409E-1 1.07941E-1 1.08227E-1 1.10431E-1 1.10663E-1 1.09009E-1 1.09098E-1 1.06369E-1 1.05788E-1 1.04772E-1 1.05246E-1 1.08916E-1 1.15845E-1 1.21169E-1 1.27366E-1 1.32731E-1 1.35783E-1 1.41394E-1 1.42291E-1 1.47192E-1 1.47247E-1 1.44833E-1 1.42874E-1 1.40029E-1 1.41608E-1 1.39638E-1 1.4164E-1 1.4313E-1 1.48346E-1 1.53024E-1 1.5933E-1 1.66587E-1 1.74349E-1 1.82269E-1 1.86236E-1 1.9334E-1 1.95711E-1 1.86124E-1 1.80812E-1 1.80856E-1 1.86372E-1 1.95109E-1 1.96825E-1 1.93978E-1 1.91297E-1 1.92939E-1 1.9032E-1 1.96888E-1 2.04073E-1 2.17797E-1 2.30909E-1
1.12389E-1 1.12297E-1 1.13004E-1 1.16109E-1 1.1544E-1 1.15867E-1 1.14487E-1 1.15175E-1 1.12857E-1 1.14946E-1 1.15047E-1 1.17066E-1 1.2257E-1 1.22632E-1 1.18787E-1 1.19432E-1 1.17506E-1 1.13713E-1 1.12977E-1 1.1161E-1 1.08885E-1 1.12364E-1 1.26904E-1 1.2756E-1 1.33636E-1 1.45513E-1 1.47641E-1 1.48978E-1 1.55302E-1 1.57128E-1 1.59183E-1 1.56755E-1 1.55808E-1 1.48667E-1 1.50432E-1 1.48866E-1 1.5122E-1 1.52242E-1 1.58949E-1 1.67311E-1 1.72933E-1 1.75805E-1 1.87766E-1 1.98346E-1 2.0158E-1 2.03889E-1 2.00382E-1 1.98041E-1 1.96134E-1 1.97753E-1 2.03002E-1 2.04522E-1 2.02675E-1 2.06963E-1 2.0083E-1 2.04754E-1 2.04232E-1 2.06229E-1 2.23989E-1 2.49177E-1 2.7175E-1
1.14753E-1 1.16664E-1 1.17844E-1 1.17241E-1 1.18554E-1 1.19648E-1 1.17613E-1 1.17615E-1 1.1929E-1 1.17741E-1 1.20995E-1 1.24259E-1 1.308E-1 1.30523E-1 1.27009E-1 1.25032E-1 1.2568E-1 1.24187E-1 1.23674E-1 1.22042E-1 1.20028E-1 1.24654E-1 1.35883E-1 1.3908E-1 1.4107E-1 1.54721E-1 1.53252E-1 1.55601E-1 1.62303E-1 1.67475E-1 1.70846E-1 1.72828E-1 1.73063E-1 1.68138E-1 1.68859E-1 1.64883E-1 1.6255E-1 1.69419E-1 1.73017E-1 1.8153E-1 1.85204E-1 1.87585E-1 1.96022E-1 2.05142E-1 2.07032E-1 2.01843E-1 2.01287E-1 2.02455E-1 2.06876E-1 2.11554E-1 2.16105E-1 2.18623E-1 2.22505E-1 2.19142E-1 2.16625E-1 2.23151E-1 2.27286E-1 2.36119E-1 2.43627E-1 2.74773E-1 3.02119E-1
1.2519E-1 1.24137E-1 1.24046E-1 1.23226E-1 1.22577E-1 1.23635E-1 1.24667E-1 1.24792E-1 1.25615E-1 1.24825E-1 1.24806E-1 1.26883E-1 1.33751E-1 1.33024E-1 1.34382E-1 1.3322E-1 1.34837E-1 1.33146E-1 1.31013E-1 1.3221E-1 1.33004E-1 1.3766E-1 1.45262E-1 1.55017E-1 1.60134E-1 1.5617E-1 1.56469E-1 1.62919E-1 1.70358E-1 1.7534E-1 1.78022E-1 1.87601E-1 1.85488E-1 1.84541E-1 1.80563E-1 1.79357E-1 1.83395E-1 1.91254E-1 1.93205E-1 2.04454E-1 2.0366E-1 2.01179E-1 2.06147E-1 2.10395E-1 2.05403E-1 2.02542E-1 2.04348E-1 2.08886E-1 2.17913E-1 2.26349E-1 2.27116E-1 2.28524E-1 2.32305E-1 2.3997E-1 2.46151E-1 2.46563E-1 2.60708E-1 2.74358E-1 2.82554E-1 3.02976E-1 3.25775E-1
1.33475E-1 1.35389E-1 1.27784E-1 1.27872E-1 1.30521E-1 1.32249E-1 1.33779E-1 1.34419E-1 1.34009E-1 1.34573E-1 1.33791E-1 1.36602E-1 1.36029E-1 1.37546E-1 1.38934E-1 1.42847E-1 1.40228E-1 1.4058E-1 1.38892E-1 1.41743E-1 1.47228E-1 1.53432E-1 1.60926E-1 1.63305E-1 1.65807E-1 1.61722E-1 1.64336E-1 1.70555E-1 1.80531E-1 1.83105E-1 1.87686E-1 1.90369E-1 1.86616E-1 1.84918E-1 1.87483E-1 1.90392E-1 2.05686E-1 2.06585E-1 2.09995E-1 2.16347E-1 2.14165E-1 2.08923E-1 2.14361E-1 2.1951E-1 2.14695E-1 2.08406E-1 2.08185E-1 2.14061E-1 2.23612E-1 2.3614E-1 2.38235E-1 2.38454E-1 2.49338E-1 2.62371E-1 2.66825E-1 2.79743E-1 2.92134E-1 3.08E-1 3.11302E-1 3.29517E-1 3.49802E-1
1.37095E-1 1.37114E-1 1.3059E-1 1.28641E-1 1.32088E-1 1.36791E-1 1.4367E-1 1.419E-1 1.4299E-1 1.41792E-1 1.44566E-1 1.46713E-1 1.45473E-1 1.4414E-1 1.44642E-1 1.48246E-1 1.44939E-1 1.47463E-1 1.51158E-1 1.61354E-1 1.67206E-1 1.70576E-1 1.74085E-1 1.78346E-1 1.73302E-1 1.7334E-1 1.7864E-1 1.84595E-1 1.93324E-1 1.98625E-1 2.00335E-1 1.98267E-1 1.89252E-1 1.83832E-1 1.85544E-1 1.92896E-1 2.07067E-1 2.08527E-1 2.11567E-1 2.16949E-1 2.16492E-1 2.11775E-1 2.22077E-1 2.31889E-1 2.32077E-1 2.29374E-1 2.21895E-1 2.25783E-1 2.38449E-1 2.5106E-1 2.55505E-1 2.62688E-1 2.718E-1 2.86837E-1 3.00509E-1 3.14848E-1 3.25552E-1 3.21345E-1 3.30028E-1 3.31589E-1 3.44506E-1
1.40754E-1 1.39699E-1 1.40383E-1 1.38909E-1 1.42092E-1 1.45873E-1 1.53774E-1 1.5259E-1 1.47258E-1 1.46207E-1 1.47149E-1 1.51845E-1 1.51524E-1 1.51469E-1 1.50016E-1 1.5619E-1 1.56231E-1 1.5415E-1 1.65983E-1 1.78548E-1 1.87126E-1 1.91265E-1 1.91188E-1 1.95438E-1 1.93254E-1 1.91561E-1 1.98897E-1 2.05136E-1 2.11454E-1 2.17802E-1 2.21165E-1 2.11523E-1 1.97353E-1 1.88365E-1 1.95462E-1 2.03901E-1 2.14269E-1 2.17543E-1 2.20335E-1 2.21294E-1 2.16552E-1 2.17019E-1 2.2821E-1 2.34163E-1 2.44728E-1 2.49856E-1 2.49746E-1 2.45995E-1 2.60845E-1 2.73771E-1 2.84714E-1 2.98484E-1 3.03868E-1 3.15803E-1 3.18445E-1 3.33887E-1 3.16894E-1 3.24032E-1 3.29641E-1 3.2265E-1 3.40944E-1
1.45537E-1 1.44456E-1 1.43724E-1 1.46237E-1 1.49641E-1 1.55539E-1 1.58291E-1 1.58957E-1 1.55005E-1 1.52224E-1 1.56243E-1 1.56699E-1 1.61324E-1 1.62468E-1 1.63276E-1 1.76376E-1 1.76902E-1 1.74408E-1 1.84231E-1 1.98154E-1 2.0574E-1 2.08809E-1 2.07566E-1 2.17116E-1 2.17001E-1 2.18935E-1 2.24029E-1 2.24195E-1 2.36276E-1 2.35865E-1 2.35644E-1 2.31117E-1 2.20143E-1 2.15715E-1 2.21013E-1 2.30211E-1 2.32248E-1 2.29149E-1 2.27462E-1 2.29631E-1 2.31066E-1 2.32301E-1 2.40751E-1 2.44209E-1 2.60183E-1 2.70553E-1 2.75455E-1 2.78092E-1 2.85182E-1 3.01993E-1 3.21649E-1 3.3912E-1 3.55636E-1 3.57251E-1 3.4908E-1 3.30552E-1 3.3093E-1 3.39984E-1 3.54716E-1 3.51488E-1 3.74445E-1
1.53354E-1 1.53264E-1 1.51136E-1 1.53302E-1 1.54839E-1 1.5701E-1 1.54962E-1 1.57317E-1 1.5949E-1 1.64743E-1 1.65118E-1 1.65622E-1 1.6692E-1 1.72585E-1 1.78915E-1 1.85287E-1 1.88687E-1 1.90485E-1 2.01731E-1 2.14356E-1 2.20171E-1 2.21783E-1 2.2103E-1 2.43045E-1 2.38956E-1 2.4149E-1 2.5062E-1 2.58696E-1 2.54245E-1 2.52038E-1 2.5368E-1 2.54775E-1 2.54901E-1 2.56802E-1 2.57451E-1 2.61646E-1 2.66046E-1 2.53343E-1 2.50485E-1 2.6019E-1 2.55899E-1 2.61038E-1 2.61812E-1 2.67968E-1 2.81424E-1 2.94677E-1 3.0105E-1 2.99352E-1 3.14674E-1 3.29287E-1 3.58601E-1 3.81119E-1 3.97194E-1 4.0795E-1 3.86671E-1 3.52032E-1 3.36772E-1 3.59265E-1 3.81165E-1 4.00719E-1 4.13896E-1
1.58252E-1 1.56552E-1 1.58781E-1 1.57953E-1 1.5884E-1 1.59007E-1 1.60261E-1 1.62648E-1 1.68719E-1 1.7996E-1 1.77968E-1 1.79805E-1 1.76004E-1 1.8028E-1 1.88216E-1 1.96205E-1 2.01704E-1 2.06839E-1 2.09617E-1 2.19334E-1 2.30389E-1 2.26321E-1 2.37378E-1 2.5025E-1 2.53156E-1 2.54068E-1 2.68558E-1 2.78241E-1 2.77396E-1 2.70487E-1 2.77839E-1 2.78049E-1 2.82105E-1 3.06081E-1 3.03989E-1 2.81063E-1 2.73451E-1 2.86449E-1 2.83758E-1 2.8161E-1 2.96813E-1 3.07954E-1 3.00122E-1 3.13604E-1 3.00365E-1 3.15832E-1 3.23682E-1 3.31008E-1 3.51738E-1 3.75373E-1 4.00377E-1 4.20215E-1 4.44456E-1 4.59438E-1 4.30415E-1 3.89677E-1 3.73753E-1 3.89354E-1 4.01246E-1 4.19121E-1 4.42236E-1
1.60086E-1 1.60649E-1 1.62009E-1 1.67174E-1 1.6593E-1 1.62088E-1 1.62263E-1 1.72076E-1 1.77219E-1 1.76724E-1 1.79093E-1 1.85846E-1 1.92343E-1 1.93268E-1 1.98418E-1 2.05237E-1 2.12862E-1 2.19017E-1 2.29878E-1 2.30249E-1 2.28071E-1 2.35374E-1 2.46863E-1 2.55966E-1 2.63083E-1 2.79059E-1 2.9574E-1 3.01176E-1 3.00699E-1 2.97845E-1 2.94571E-1 2.93351E-1 3.1357E-1 3.28436E-1 3.32357E-1 3.24295E-1 3.22145E-1 3.30683E-1 3.21105E-1 3.0578E-1 3.0749E-1 3.08833E-1 3.16458E-1 3.31681E-1 3.28487E-1 3.34083E-1 3.48071E-1 3.6733E-1 3.86224E-1 4.13569E-1 4.42033E-1 4.46395E-1 4.74508E-1 4.6624E-1 4.41389E-1 4.21127E-1 4.13882E-1 4.13897E-1 4.16056E-1 4.37581E-1 4.47225E-1
1.64134E-1 1.62507E-1 1.65549E-1 1.69475E-1 1.73624E-1 1.74894E-1 1.74066E-1 1.74171E-1 1.79957E-1 1.82261E-1 1.84136E-1 1.93137E-1 1.97886E-1 2.07404E-1 2.0633E-1 2.12364E-1 2.13322E-1 2.23674E-1 2.30972E-1 2.31398E-1 2.29996E-1 2.41311E-1 2.53843E-1 2.66985E-1 2.78077E-1 3.0966E-1 3.21816E-1 3.26248E-1 3.22878E-1 3.18982E-1 3.20462E-1 3.2279E-1 3.35699E-1 3.49659E-1 3.53513E-1 3.6109E-1 3.63275E-1 3.61984E-1 3.41482E-1 3.26784E-1 3.16851E-1 3.24603E-1 3.50983E-1 3.47221E-1 3.50066E-1 3.57469E-1 3.66791E-1 3.82283E-1 4.11593E-1 4.45573E-1 4.75573E-1 4.61974E-1 4.66014E-1 4.76492E-1 4.58353E-1 4.51293E-1 4.44514E-1 4.35443E-1 4.4219E-1 4.61057E-1 4.69631E-1
