maxent_outputs/red_flowers_troch_bombus_environ/red_310.asc
ncols         426
nrows         180
xllcorner     -130.0
yllcorner     24.0
cellsize      0.16666666666666666
NODATA_value  -9999
[rows 81 to 107 of 180, columns 61 to 121 of 426]
5.52753E-2 7.29597E-2 6.69242E-2 7.53077E-2 6.36167E-2 7.13322E-2 6.98652E-2 6.99159E-2 6.36821E-2 6.59724E-2 6.50664E-2 6.52721E-2 8.32616E-2 7.76909E-2 6.88113E-2 6.08395E-2 5.68803E-2 7.7238E-2 7.845E-2 5.45699E-2 5.48573E-2 6.84858E-2 5.83653E-2 7.2607E-2 5.53952E-2 7.36868E-2 7.2496E-2 5.41339E-2 6.18887E-2 5.87977E-2 5.73397E-2 5.63144E-2 5.20006E-2 7.13931E-2 5.59514E-2 4.80692E-2 4.99739E-2 4.85633E-2 5.20735E-2 5.82554E-2 6.94225E-2 7.78457E-2 7.13186E-2 1.09317E-1 7.44235E-2 1.03742E-1 7.83655E-2 6.74896E-2 8.25008E-2 7.24489E-2 6.10877E-2 7.99559E-2 8.1145E-2 8.14537E-2 8.07553E-2 7.94378E-2 6.1433E-2 5.58315E-2 4.71427E-2 3.96489E-2 4.52999E-2
6.67286E-2 7.67733E-2 7.88283E-2 7.50818E-2 7.33323E-2 6.01203E-2 7.43815E-2 7.22108E-2 5.87318E-2 6.99554E-2 6.98752E-2 5.53134E-2 7.8495E-2 8.03307E-2 8.02035E-2 8.59453E-2 7.02676E-2 8.46736E-2 7.0951E-2 5.93711E-2 7.68993E-2 6.28428E-2 6.14891E-2 7.4809E-2 6.31534E-2 8.63828E-2 7.07238E-2 7.62969E-2 6.97329E-2 7.79428E-2 5.59264E-2 7.05829E-2 6.46505E-2 6.81376E-2 6.11979E-2 5.8587E-2 4.90582E-2 4.83749E-2 5.49765E-2 6.04348E-2 5.98149E-2 7.19918E-2 7.12929E-2 8.89806E-2 7.1186E-2 7.80542E-2 6.2221E-2 7.25819E-2 5.31703E-2 8.26827E-2 6.91006E-2 7.12384E-2 7.45017E-2 6.98253E-2 6.72803E-2 6.40003E-2 5.28672E-2 4.63385E-2 3.74629E-2 3.49324E-2 3.59319E-2
7.01362E-2 8.69922E-2 8.60082E-2 8.19116E-2 7.54448E-2 6.33706E-2 8.07342E-2 5.99803E-2 5.85536E-2 6.21646E-2 5.89086E-2 7.2893E-2 6.69227E-2 7.04119E-2 7.59514E-2 7.15354E-2 7.71935E-2 7.41815E-2 8.32892E-2 7.05113E-2 7.15739E-2 6.43171E-2 7.78556E-2 6.10492E-2 7.33299E-2 8.34407E-2 8.20512E-2 7.69405E-2 6.45491E-2 7.92078E-2 6.50531E-2 6.79967E-2 8.08056E-2 6.91665E-2 6.04782E-2 6.78655E-2 6.18241E-2 4.89859E-2 5.53177E-2 6.90949E-2 6.11842E-2 6.45738E-2 8.35824E-2 9.04392E-2 7.76065E-2 8.21793E-2 7.3572E-2 5.85669E-2 5.44824E-2 7.11991E-2 6.76294E-2 7.14173E-2 7.2977E-2 8.01337E-2 7.4562E-2 7.14331E-2 6.23956E-2 5.32151E-2 4.56344E-2 4.1806E-2 4.00403E-2
7.17402E-2 7.53808E-2 8.206E-2 8.92229E-2 8.3384E-2 8.01177E-2 6.80135E-2 5.98576E-2 5.49256E-2 5.29239E-2 7.48741E-2 6.56922E-2 5.65957E-2 7.06004E-2 6.23393E-2 7.95061E-2 7.55898E-2 7.88828E-2 6.98796E-2 6.49129E-2 7.9844E-2 8.10384E-2 6.9972E-2 6.3367E-2 7.99876E-2 8.95838E-2 8.02885E-2 7.53572E-2 6.8543E-2 7.92331E-2 6.82634E-2 8.20726E-2 8.70715E-2 6.15401E-2 6.38407E-2 9.2669E-2 5.53133E-2 5.23967E-2 6.16542E-2 7.07638E-2 8.66161E-2 7.34033E-2 9.59256E-2 9.4924E-2 9.63984E-2 8.58871E-2 8.93265E-2 7.12031E-2 8.26521E-2 7.52743E-2 7.26746E-2 6.88067E-2 6.93371E-2 8.34007E-2 8.8523E-2 9.32873E-2 9.24416E-2 8.25072E-2 6.91052E-2 5.34186E-2 5.28101E-2
6.61069E-2 7.59251E-2 8.27367E-2 9.16653E-2 8.80537E-2 8.17795E-2 6.44279E-2 5.56669E-2 4.99863E-2 6.29748E-2 6.0964E-2 6.06264E-2 7.64374E-2 7.11599E-2 7.56773E-2 8.86822E-2 8.12786E-2 9.11388E-2 7.55721E-2 8.61028E-2 7.92749E-2 8.02613E-2 7.38183E-2 6.84454E-2 7.33345E-2 8.32735E-2 6.38375E-2 7.48163E-2 7.39623E-2 8.66436E-2 7.31642E-2 8.37937E-2 7.49952E-2 8.07121E-2 9.23302E-2 9.70193E-2 6.16969E-2 7.54189E-2 9.00556E-2 8.37754E-2 9.66512E-2 9.49553E-2 7.26374E-2 7.86475E-2 8.43896E-2 8.23422E-2 9.0909E-2 8.22956E-2 9.09437E-2 8.0193E-2 7.36203E-2 7.16055E-2 7.10546E-2 7.63429E-2 8.17771E-2 9.21595E-2 1.00667E-1 9.48583E-2 7.87699E-2 6.48678E-2 7.23592E-2
6.86193E-2 8.61757E-2 9.31692E-2 9.10362E-2 8.65418E-2 7.08574E-2 5.78817E-2 5.25142E-2 5.54609E-2 7.62009E-2 5.92262E-2 8.35136E-2 6.39886E-2 6.67425E-2 8.51385E-2 8.07541E-2 8.53263E-2 8.82126E-2 9.69524E-2 8.04913E-2 6.57075E-2 6.82891E-2 7.83354E-2 8.0462E-2 7.37506E-2 7.90178E-2 6.60186E-2 7.81585E-2 6.82353E-2 7.73316E-2 7.46067E-2 8.58688E-2 6.66107E-2 8.40977E-2 8.45359E-2 6.4454E-2 8.362E-2 9.04323E-2 8.87483E-2 9.68045E-2 1.09672E-1 7.92055E-2 6.91714E-2 6.85193E-2 7.92254E-2 9.18684E-2 7.93421E-2 7.87669E-2 8.85096E-2 7.65117E-2 7.38188E-2 8.17463E-2 8.05313E-2 7.36294E-2 6.8506E-2 7.36259E-2 1.01877E-1 1.26645E-1 9.35442E-2 1.09422E-1 1.05602E-1
6.46056E-2 8.71904E-2 9.71265E-2 9.18107E-2 8.45409E-2 6.84104E-2 5.39932E-2 5.7845E-2 7.71022E-2 6.88373E-2 7.44587E-2 7.52398E-2 7.92956E-2 8.18965E-2 7.76665E-2 7.28384E-2 9.20239E-2 8.7076E-2 8.86606E-2 8.35512E-2 9.11562E-2 7.62718E-2 1.00832E-1 8.93964E-2 7.5023E-2 7.54612E-2 8.01225E-2 6.77533E-2 8.04513E-2 7.21972E-2 7.04785E-2 9.63655E-2 5.87575E-2 1.00723E-1 7.8848E-2 6.2228E-2 9.70713E-2 7.85617E-2 8.04038E-2 1.14357E-1 1.04514E-1 8.13695E-2 5.78874E-2 6.37048E-2 7.6322E-2 9.44891E-2 7.2229E-2 7.46906E-2 8.6048E-2 6.69395E-2 9.05561E-2 9.36766E-2 8.81071E-2 7.22194E-2 6.59374E-2 7.07837E-2 7.7501E-2 1.12491E-1 9.60329E-2 1.24326E-1 1.26217E-1
6.50733E-2 7.61703E-2 8.45731E-2 8.85788E-2 8.19731E-2 8.15126E-2 6.97632E-2 6.95663E-2 7.29551E-2 6.1461E-2 6.99749E-2 7.10425E-2 8.28068E-2 7.45127E-2 8.31302E-2 8.524E-2 1.02906E-1 8.64655E-2 9.46214E-2 9.06627E-2 9.184E-2 8.12577E-2 7.82417E-2 7.23643E-2 8.21736E-2 8.62216E-2 8.75392E-2 5.76692E-2 7.09552E-2 6.76819E-2 8.24605E-2 1.01553E-1 6.66871E-2 1.14369E-1 9.09285E-2 6.54894E-2 9.59488E-2 9.23083E-2 1.00201E-1 1.11507E-1 8.67205E-2 6.32268E-2 6.05635E-2 6.21716E-2 7.46525E-2 9.55212E-2 7.96972E-2 7.163E-2 8.30299E-2 8.30243E-2 9.51698E-2 8.84395E-2 7.93106E-2 6.20052E-2 7.67933E-2 8.44094E-2 6.77107E-2 8.41716E-2 8.15946E-2 1.23176E-1 1.38811E-1
6.15374E-2 7.75533E-2 8.94259E-2 8.33235E-2 6.90792E-2 8.21708E-2 8.63048E-2 8.08373E-2 8.92422E-2 8.05027E-2 7.94738E-2 8.11895E-2 7.5113E-2 8.72829E-2 8.89912E-2 1.07517E-1 8.17896E-2 1.06878E-1 9.91862E-2 8.41469E-2 9.33833E-2 8.94445E-2 7.39785E-2 8.16493E-2 7.43276E-2 7.77458E-2 8.83077E-2 7.38224E-2 6.7955E-2 9.5386E-2 7.08972E-2 8.39704E-2 8.82748E-2 1.00024E-1 7.65538E-2 7.51121E-2 9.25435E-2 9.9933E-2 9.92127E-2 9.20971E-2 7.99698E-2 7.86471E-2 6.61712E-2 7.10975E-2 6.75672E-2 7.95325E-2 8.32958E-2 7.33353E-2 7.16484E-2 9.4556E-2 9.15686E-2 8.86081E-2 7.02664E-2 6.72518E-2 7.87411E-2 8.35522E-2 7.14358E-2 7.42093E-2 7.28428E-2 1.04568E-1 1.21487E-1
5.62358E-2 7.75957E-2 7.85934E-2 8.54919E-2 8.09922E-2 9.39295E-2 8.26862E-2 8.65455E-2 8.60558E-2 7.41166E-2 8.0552E-2 7.87536E-2 8.41155E-2 8.76279E-2 9.96161E-2 9.21323E-2 8.0525E-2 1.05588E-1 8.5833E-2 9.4408E-2 8.0508E-2 9.04352E-2 7.77528E-2 8.17301E-2 7.52473E-2 7.58993E-2 1.05553E-1 8.1093E-2 7.5177E-2 9.69E-2 8.34948E-2 8.84573E-2 7.47197E-2 1.13867E-1 8.18487E-2 9.02033E-2 8.56707E-2 9.49463E-2 8.97582E-2 8.14272E-2 7.94734E-2 9.62859E-2 7.29529E-2 7.14846E-2 6.90072E-2 9.11171E-2 8.47266E-2 6.9602E-2 7.97379E-2 7.75266E-2 9.03056E-2 8.01774E-2 7.99642E-2 8.41533E-2 8.5416E-2 8.90332E-2 6.89609E-2 6.15352E-2 6.45352E-2 7.44232E-2 7.92753E-2
5.68305E-2 6.72723E-2 8.22881E-2 8.31728E-2 8.60818E-2 9.28813E-2 9.20364E-2 1.00275E-1 8.89448E-2 8.58257E-2 8.35571E-2 8.7652E-2 8.50941E-2 9.46987E-2 9.87972E-2 1.06578E-1 9.29325E-2 1.08572E-1 8.23811E-2 1.07583E-1 7.52221E-2 8.28535E-2 8.03068E-2 7.49324E-2 8.39245E-2 6.6936E-2 8.09037E-2 8.4001E-2 7.93571E-2 9.52853E-2 9.24443E-2 8.42114E-2 7.81649E-2 1.06719E-1 8.21659E-2 8.73114E-2 9.43003E-2 9.44217E-2 8.3685E-2 7.04479E-2 7.62823E-2 7.55707E-2 8.15556E-2 7.92316E-2 7.7192E-2 8.62123E-2 7.24534E-2 7.14122E-2 7.99878E-2 8.26311E-2 8.77697E-2 9.16725E-2 9.06574E-2 9.46937E-2 9.61063E-2 9.01716E-2 6.44263E-2 6.62997E-2 6.857E-2 7.6416E-2 8.09076E-2
5.07284E-2 5.71721E-2 7.03159E-2 7.24275E-2 7.60318E-2 8.52815E-2 8.68173E-2 1.07818E-1 1.06723E-1 1.03047E-1 9.90724E-2 8.60786E-2 8.43609E-2 9.66658E-2 1.02888E-1 9.45439E-2 9.39145E-2 9.01778E-2 8.46261E-2 8.6655E-2 8.12337E-2 8.26622E-2 7.57957E-2 8.71937E-2 6.56638E-2 5.43106E-2 8.73426E-2 8.47155E-2 8.28782E-2 1.04194E-1 9.41811E-2 8.18774E-2 9.42054E-2 9.03444E-2 8.93345E-2 9.76253E-2 7.8115E-2 9.28202E-2 7.65115E-2 8.99697E-2 7.52053E-2 7.26285E-2 8.7375E-2 8.46383E-2 7.82857E-2 8.07138E-2 9.53408E-2 8.15013E-2 9.01188E-2 9.22323E-2 9.55182E-2 1.00387E-1 1.03227E-1 9.6447E-2 8.81443E-2 7.75204E-2 7.59878E-2 7.48957E-2 7.87787E-2 9.0052E-2 9.81616E-2
5.08185E-2 5.55979E-2 5.80142E-2 6.43303E-2 7.60737E-2 7.79283E-2 8.03888E-2 9.70578E-2 9.93671E-2 1.03676E-1 1.1133E-1 9.90666E-2 9.7727E-2 9.94529E-2 9.45185E-2 9.66913E-2 8.99713E-2 9.29571E-2 9.16582E-2 7.86179E-2 8.48151E-2 6.95672E-2 8.37561E-2 8.18983E-2 5.61212E-2 7.12717E-2 9.7102E-2 8.11804E-2 7.92316E-2 9.45702E-2 1.00105E-1 8.22671E-2 9.99217E-2 9.64454E-2 8.85189E-2 9.49069E-2 8.34899E-2 9.48579E-2 8.04036E-2 9.4262E-2 7.75915E-2 7.7589E-2 8.26035E-2 7.86131E-2 9.6578E-2 7.94593E-2 9.63076E-2 7.46793E-2 7.75136E-2 8.83933E-2 1.06478E-1 1.06662E-1 1.03018E-1 9.38597E-2 8.03006E-2 8.09469E-2 8.91868E-2 8.96782E-2 9.14448E-2 9.9043E-2 9.99991E-2
4.65517E-2 4.84508E-2 5.65646E-2 5.44351E-2 6.2905E-2 6.68051E-2 7.23654E-2 8.38954E-2 1.00168E-1 1.1702E-1 1.15396E-1 1.18899E-1 9.65593E-2 1.0282E-1 9.54671E-2 1.14021E-1 9.78462E-2 9.6921E-2 8.90701E-2 8.04072E-2 8.96729E-2 6.80847E-2 8.6538E-2 7.56415E-2 7.40181E-2 9.76289E-2 9.28424E-2 8.78009E-2 9.41543E-2 1.06492E-1 1.06387E-1 9.70301E-2 1.06181E-1 9.12415E-2 8.9993E-2 9.41048E-2 8.07135E-2 9.02305E-2 8.22037E-2 8.08146E-2 7.29934E-2 8.7086E-2 7.619E-2 7.64868E-2 9.07338E-2 7.72513E-2 8.34816E-2 7.78718E-2 7.57554E-2 8.5879E-2 8.66525E-2 1.06702E-1 1.04826E-1 9.98602E-2 9.18951E-2 8.46147E-2 9.72616E-2 1.07548E-1 1.01763E-1 9.88398E-2 9.75512E-2
5.04118E-2 5.20817E-2 5.37604E-2 5.6972E-2 6.97577E-2 7.62908E-2 7.73499E-2 8.8039E-2 9.75127E-2 1.01723E-1 1.18667E-1 1.07894E-1 1.22859E-1 9.9339E-2 9.12733E-2 1.01275E-1 9.6655E-2 9.72514E-2 9.49169E-2 8.54896E-2 8.89351E-2 8.77686E-2 7.96769E-2 8.67992E-2 1.01747E-1 9.55355E-2 8.53486E-2 8.95323E-2 1.02104E-1 1.02514E-1 1.05311E-1 1.02884E-1 9.58705E-2 9.26809E-2 8.90785E-2 8.03197E-2 8.65739E-2 8.23655E-2 7.65941E-2 7.18107E-2 8.54187E-2 8.54505E-2 8.54294E-2 7.80984E-2 7.32384E-2 7.99197E-2 7.85043E-2 7.83356E-2 8.07464E-2 9.56626E-2 1.03532E-1 1.07277E-1 1.11212E-1 1.13062E-1 1.22738E-1 1.00008E-1 1.04268E-1 1.13444E-1 1.05276E-1 1.00693E-1 1.01416E-1
7.11414E-2 6.45163E-2 5.59477E-2 5.80478E-2 6.97914E-2 7.79801E-2 8.69681E-2 8.7242E-2 1.01774E-1 9.97933E-2 1.1178E-1 1.12385E-1 1.01535E-1 1.07949E-1 1.09303E-1 1.003E-1 8.75769E-2 8.60066E-2 8.33381E-2 9.59975E-2 9.34722E-2 8.84384E-2 8.48402E-2 9.44685E-2 9.20052E-2 9.34093E-2 9.20643E-2 8.65171E-2 1.15648E-1 1.09307E-1 9.66555E-2 1.09615E-1 9.2942E-2 9.1239E-2 8.92045E-2 7.74627E-2 7.07602E-2 6.59542E-2 6.73421E-2 7.5281E-2 8.61595E-2 8.24153E-2 8.05968E-2 8.04054E-2 6.52494E-2 8.63863E-2 7.62265E-2 8.36121E-2 8.60799E-2 9.09242E-2 1.02148E-1 1.17249E-1 1.18274E-1 1.2026E-1 1.24736E-1 1.12448E-1 1.13978E-1 1.15342E-1 1.12624E-1 1.13817E-1 1.06973E-1
7.51573E-2 5.68507E-2 5.56317E-2 5.80047E-2 6.71433E-2 7.47938E-2 7.99495E-2 9.58586E-2 1.15919E-1 9.89114E-2 9.32934E-2 1.16794E-1 1.17508E-1 1.03405E-1 1.10595E-1 1.05456E-1 1.08362E-1 1.07345E-1 9.61258E-2 8.85327E-2 9.68872E-2 9.25133E-2 8.6439E-2 8.85615E-2 7.15967E-2 9.37581E-2 9.56971E-2 9.62233E-2 1.05027E-1 1.15138E-1 9.49027E-2 1.08462E-1 8.60012E-2 9.20331E-2 7.67545E-2 6.978E-2 6.05885E-2 5.98699E-2 8.22878E-2 8.47445E-2 8.45602E-2 9.16663E-2 8.85371E-2 7.77201E-2 6.63135E-2 7.16836E-2 6.902E-2 9.08849E-2 8.0822E-2 9.04606E-2 1.05135E-1 1.17608E-1 1.28714E-1 1.26535E-1 1.29991E-1 1.31378E-1 1.31594E-1 1.23658E-1 1.24971E-1 1.1551E-1 1.05899E-1
9.90361E-2 6.81725E-2 5.95538E-2 6.74351E-2 7.14528E-2 6.81435E-2 7.09058E-2 9.98893E-2 1.23879E-1 9.68518E-2 8.70585E-2 1.04986E-1 1.12584E-1 1.05445E-1 1.1109E-1 1.12312E-1 1.10279E-1 1.0187E-1 1.06423E-1 9.48821E-2 9.23869E-2 8.95281E-2 9.24159E-2 8.16533E-2 8.35186E-2 1.01862E-1 1.07832E-1 1.07083E-1 1.10365E-1 1.05212E-1 1.10749E-1 1.04209E-1 9.55639E-2 8.71861E-2 8.27963E-2 7.74054E-2 7.32628E-2 7.81766E-2 8.36822E-2 8.77594E-2 8.16031E-2 8.11622E-2 8.19722E-2 7.005E-2 6.8347E-2 7.33229E-2 7.91694E-2 8.90639E-2 9.51354E-2 9.70852E-2 1.07354E-1 1.22763E-1 1.36318E-1 1.43192E-1 1.36223E-1 1.38735E-1 1.32481E-1 1.32345E-1 1.23026E-1 1.20461E-1 1.11613E-1
1.08086E-1 8.47213E-2 6.75401E-2 7.94698E-2 7.36635E-2 6.44043E-2 6.63245E-2 1.00493E-1 1.24205E-1 1.06329E-1 9.72643E-2 1.10157E-1 1.08978E-1 1.09132E-1 1.17505E-1 1.15822E-1 1.23549E-1 1.08167E-1 9.88966E-2 9.20659E-2 9.31908E-2 8.6728E-2 9.91719E-2 8.75874E-2 1.03967E-1 9.63729E-2 1.01984E-1 1.10895E-1 1.32048E-1 1.16933E-1 1.1834E-1 1.2299E-1 1.14155E-1 9.43655E-2 1.05007E-1 1.05468E-1 9.98521E-2 9.32595E-2 9.03768E-2 1.05605E-1 8.73078E-2 8.3748E-2 8.31532E-2 7.48808E-2 7.83811E-2 7.88562E-2 8.23842E-2 9.24543E-2 1.00528E-1 1.09087E-1 1.1898E-1 1.22583E-1 1.34543E-1 1.48653E-1 1.49995E-1 1.3001E-1 1.32062E-1 1.34213E-1 1.21917E-1 1.16815E-1 1.02881E-1
1.14137E-1 1.1256E-1 9.0565E-2 7.67874E-2 6.55115E-2 6.34502E-2 6.02641E-2 7.49141E-2 8.79144E-2 1.24569E-1 1.08477E-1 1.29699E-1 1.46155E-1 1.53728E-1 1.38318E-1 1.24282E-1 1.22646E-1 1.22761E-1 1.1379E-1 1.00875E-1 9.42039E-2 8.67695E-2 9.21598E-2 8.62892E-2 8.55657E-2 1.00596E-1 1.085E-1 1.22887E-1 1.39705E-1 1.39132E-1 1.49449E-1 1.61497E-1 1.6842E-1 1.44246E-1 1.506E-1 1.47715E-1 1.32104E-1 1.23233E-1 1.32526E-1 1.60895E-1 1.40501E-1 1.0722E-1 9.58482E-2 9.47704E-2 8.66122E-2 8.24155E-2 9.23908E-2 1.12968E-1 1.19082E-1 1.25739E-1 1.35514E-1 1.43325E-1 1.30228E-1 1.52245E-1 1.55541E-1 1.51137E-1 1.43943E-1 1.28741E-1 1.25326E-1 1.14575E-1 1.02812E-1
1.29854E-1 1.41005E-1 1.17116E-1 8.81633E-2 6.71988E-2 5.91658E-2 6.15333E-2 7.12491E-2 6.2619E-2 1.41617E-1 9.54659E-2 1.13608E-1 1.5863E-1 1.54512E-1 2.11653E-1 1.50898E-1 1.22136E-1 1.13551E-1 1.21948E-1 1.18958E-1 1.11346E-1 1.06465E-1 1.01639E-1 1.02685E-1 9.88881E-2 1.13016E-1 1.2402E-1 1.32925E-1 1.51829E-1 1.86658E-1 1.92548E-1 2.14491E-1 1.75656E-1 2.00031E-1 2.04977E-1 1.97066E-1 1.67863E-1 1.67515E-1 1.64519E-1 1.62101E-1 1.49375E-1 1.22184E-1 1.03487E-1 1.11072E-1 1.06845E-1 9.80861E-2 9.78448E-2 1.2212E-1 1.28134E-1 1.47365E-1 1.58523E-1 1.87446E-1 1.65594E-1 1.51769E-1 1.40568E-1 1.48062E-1 1.44418E-1 1.22668E-1 1.23721E-1 1.09538E-1 1.0131E-1
1.33356E-1 1.43553E-1 1.54063E-1 1.50158E-1 1.17329E-1 7.94462E-2 6.87738E-2 6.416E-2 6.90424E-2 1.40694E-1 1.23986E-1 1.62055E-1 2.05803E-1 1.32334E-1 1.63689E-1 2.44833E-1 1.3979E-1 1.42984E-1 1.5205E-1 1.398E-1 1.4003E-1 1.27957E-1 1.15344E-1 1.21601E-1 1.24362E-1 1.40357E-1 1.40466E-1 1.30813E-1 1.44109E-1 2.04796E-1 2.25216E-1 2.42012E-1 1.90545E-1 2.56773E-1 2.39736E-1 2.34426E-1 1.67663E-1 1.6211E-1 1.69611E-1 1.48575E-1 1.36945E-1 1.29827E-1 1.26934E-1 1.24819E-1 1.14843E-1 1.02291E-1 9.14502E-2 9.92656E-2 1.11791E-1 1.54512E-1 1.47078E-1 1.53962E-1 1.57211E-1 1.45524E-1 1.3089E-1 1.37931E-1 1.47756E-1 1.33923E-1 1.34034E-1 1.10686E-1 1.02052E-1
1.70999E-1 1.43083E-1 1.62396E-1 1.56604E-1 1.27692E-1 6.83262E-2 5.97884E-2 6.47852E-2 6.92236E-2 1.21792E-1 1.60996E-1 1.4563E-1 3.17701E-1 1.85028E-1 1.50627E-1 4.6241E-1 3.69926E-1 2.19488E-1 1.89484E-1 1.86569E-1 1.74518E-1 1.5724E-1 1.40021E-1 1.24072E-1 1.31383E-1 1.49392E-1 1.60097E-1 1.32396E-1 1.33899E-1 2.30531E-1 2.83714E-1 2.88853E-1 2.92754E-1 3.09801E-1 2.69043E-1 2.1192E-1 1.39264E-1 1.2857E-1 1.50445E-1 1.50813E-1 1.29642E-1 1.27981E-1 1.257E-1 1.23733E-1 1.06807E-1 8.65333E-2 8.77628E-2 1.06082E-1 1.32432E-1 1.43968E-1 1.22113E-1 1.30291E-1 1.31644E-1 1.35862E-1 1.38347E-1 1.26492E-1 1.35725E-1 1.37591E-1 1.29271E-1 1.14816E-1 1.05266E-1
1.27148E-1 1.37101E-1 1.56102E-1 1.68426E-1 1.66406E-1 1.23078E-1 6.20516E-2 5.43813E-2 5.93551E-2 8.12598E-2 1.4435E-1 1.47022E-1 1.77408E-1 1.84371E-1 1.87214E-1 3.80119E-1 4.00915E-1 5.8562E-1 2.67326E-1 2.01305E-1 1.99663E-1 1.767E-1 1.63599E-1 1.33135E-1 1.47357E-1 1.61154E-1 1.67471E-1 1.33549E-1 1.38577E-1 2.46597E-1 2.97715E-1 3.32253E-1 3.38256E-1 3.33935E-1 2.14711E-1 2.26664E-1 1.86402E-1 1.29498E-1 1.37967E-1 1.43373E-1 1.38676E-1 1.27698E-1 1.31196E-1 1.28986E-1 8.53881E-2 7.3357E-2 7.63141E-2 1.28664E-1 1.34019E-1 1.11961E-1 1.04949E-1 1.13441E-1 1.20154E-1 1.29E-1 1.23059E-1 1.23359E-1 1.30809E-1 1.33591E-1 1.29291E-1 1.29413E-1 1.17487E-1
1.30598E-1 1.40666E-1 1.42327E-1 1.50085E-1 1.68736E-1 1.85562E-1 8.57316E-2 5.59464E-2 6.0733E-2 6.42578E-2 9.92682E-2 1.83912E-1 1.59711E-1 1.94868E-1 3.29299E-1 1.92976E-1 2.16088E-1 6.24119E-1 4.27682E-1 2.03711E-1 2.05392E-1 1.99855E-1 2.05309E-1 1.33588E-1 1.10871E-1 1.21505E-1 1.81603E-1 2.11477E-1 2.15825E-1 2.89375E-1 3.00808E-1 3.32651E-1 3.74463E-1 3.38147E-1 3.00429E-1 3.3183E-1 1.83569E-1 1.19787E-1 1.28899E-1 1.30568E-1 1.35221E-1 1.2986E-1 1.33522E-1 1.66131E-1 1.07991E-1 7.11781E-2 6.68871E-2 1.15444E-1 1.06627E-1 1.10879E-1 1.10312E-1 1.11707E-1 1.16225E-1 1.22787E-1 1.24787E-1 1.26497E-1 1.18312E-1 1.13377E-1 1.12998E-1 1.19668E-1 1.22011E-1
1.38504E-1 1.38744E-1 1.41814E-1 1.50487E-1 1.56926E-1 1.73104E-1 1.05124E-1 5.7066E-2 6.25515E-2 6.02872E-2 8.82965E-2 1.64514E-1 1.38421E-1 1.78747E-1 2.87738E-1 2.8198E-1 1.59028E-1 5.60958E-1 4.70426E-1 2.39553E-1 2.54791E-1 2.37123E-1 1.9878E-1 1.8124E-1 1.28662E-1 1.10942E-1 1.8937E-1 3.19191E-1 3.58143E-1 3.34922E-1 3.39443E-1 3.82007E-1 4.41739E-1 3.2219E-1 3.30427E-1 3.55619E-1 1.71878E-1 1.04953E-1 1.42541E-1 1.7537E-1 1.79306E-1 1.85096E-1 1.67338E-1 1.44307E-1 1.5462E-1 1.12517E-1 7.45973E-2 1.12007E-1 1.14722E-1 1.22062E-1 1.20708E-1 1.14391E-1 1.15344E-1 1.23943E-1 1.26098E-1 1.22493E-1 1.11866E-1 1.12632E-1 1.11244E-1 1.12507E-1 1.16718E-1
1.4844E-1 1.44027E-1 1.33467E-1 1.33578E-1 1.4867E-1 2.01325E-1 1.43156E-1 6.63476E-2 7.28624E-2 6.36691E-2 8.69909E-2 1.88088E-1 1.90037E-1 1.53842E-1 2.29803E-1 3.72428E-1 1.66392E-1 4.53932E-1 6.16384E-1 2.39437E-1 2.66348E-1 2.75926E-1 2.19199E-1 1.93704E-1 2.04798E-1 1.7465E-1 2.24199E-1 3.4317E-1 4.09956E-1 4.17106E-1 4.96044E-1 4.53106E-1 4.55793E-1 4.2459E-1 3.814E-1 2.6223E-1 1.70166E-1 1.20019E-1 1.39417E-1 2.20011E-1 1.39443E-1 1.19803E-1 1.12874E-1 1.16497E-1 9.01333E-2 1.19816E-1 1.27723E-1 1.40314E-1 1.27228E-1 1.32805E-1 1.42569E-1 1.24136E-1 1.21467E-1 1.23906E-1 1.22611E-1 1.15317E-1 1.12418E-1 1.089E-1 1.08466E-1 1.17614E-1 1.20252E-1
