maxent_outputs/red_flowers_troch_bombus_environ/red_207.asc
ncols         426
nrows         180
xllcorner     -130.0
yllcorner     24.0
cellsize      0.16666666666666666
NODATA_value  -9999
[rows 108 to 134 of 180, columns 122 to 182 of 426]
3.1333E-1 3.43475E-1 3.56745E-1 3.30202E-1 3.67579E-1 3.61386E-1 3.05003E-1 3.07442E-1 3.1217E-1 3.16193E-1 3.0538E-1 3.06008E-1 3.04829E-1 2.72181E-1 2.68963E-1 2.7197E-1 3.37302E-1 4.00223E-1 4.22688E-1 4.16242E-1 3.40835E-1 2.95023E-1 3.44351E-1 4.3748E-1 4.7057E-1 3.74653E-1 3.12126E-1 3.03208E-1 3.12003E-1 2.85657E-1 3.02648E-1 3.12764E-1 3.05249E-1 2.78758E-1 3.06415E-1 2.9865E-1 2.8009E-1 2.93357E-1 3.00175E-1 2.97219E-1 2.96923E-1 2.96297E-1 2.99237E-1 3.08078E-1 3.19405E-1 3.25007E-1 3.23884E-1 3.16945E-1 3.1687E-1 3.24249E-1 3.26266E-1 3.22912E-1 3.2901E-1 3.23581E-1 3.12818E-1 2.95059E-1 2.88566E-1 2.91677E-1 2.96998E-1 2.96414E-1 2.9537E-1
3.10678E-1 3.14759E-1 3.42821E-1 3.25285E-1 3.42689E-1 2.95112E-1 3.16359E-1 3.36048E-1 3.20954E-1 3.09409E-1 2.94924E-1 2.94605E-1 2.91169E-1 3.03841E-1 3.03575E-1 3.0493E-1 3.55538E-1 3.93224E-1 4.32538E-1 4.04522E-1 3.31234E-1 3.18768E-1 3.56438E-1 4.24799E-1 4.15903E-1 3.7033E-1 3.08438E-1 2.71837E-1 2.8047E-1 2.92405E-1 3.18846E-1 3.33645E-1 3.25681E-1 3.05128E-1 3.18538E-1 2.91732E-1 2.76533E-1 2.86178E-1 2.9975E-1 3.04945E-1 3.00938E-1 3.01432E-1 3.05229E-1 3.09535E-1 3.21245E-1 3.19622E-1 3.32955E-1 3.31224E-1 3.34789E-1 3.36076E-1 3.28914E-1 3.3694E-1 3.37787E-1 3.42656E-1 3.31507E-1 3.12267E-1 3.03622E-1 2.97403E-1 2.99078E-1 2.97193E-1 2.90744E-1
3.17236E-1 3.20047E-1 3.31437E-1 3.06745E-1 2.89876E-1 2.98408E-1 3.19369E-1 3.25146E-1 3.3243E-1 3.26659E-1 3.06854E-1 2.93251E-1 2.89863E-1 3.22409E-1 3.41954E-1 3.29062E-1 3.42333E-1 3.56735E-1 3.73193E-1 3.38623E-1 3.21073E-1 2.97413E-1 3.2152E-1 3.47068E-1 3.52987E-1 3.40962E-1 3.03821E-1 2.70572E-1 2.78562E-1 2.98738E-1 3.44464E-1 3.09475E-1 2.93105E-1 3.00895E-1 3.22026E-1 3.08026E-1 2.75385E-1 2.81368E-1 2.88742E-1 3.03566E-1 3.00251E-1 3.06853E-1 3.08088E-1 3.13909E-1 3.13825E-1 3.3101E-1 3.34598E-1 3.41583E-1 3.40275E-1 3.35899E-1 3.28399E-1 3.21466E-1 3.21526E-1 3.36815E-1 3.3523E-1 3.15316E-1 3.08859E-1 3.04341E-1 3.05112E-1 3.03139E-1 2.97452E-1
3.21061E-1 3.34727E-1 3.29581E-1 3.2394E-1 3.07588E-1 3.06505E-1 3.41734E-1 3.4103E-1 3.35121E-1 3.0505E-1 3.0383E-1 3.11421E-1 3.25876E-1 3.41747E-1 3.73277E-1 3.45761E-1 3.459E-1 3.49088E-1 3.42965E-1 3.40057E-1 3.42065E-1 3.27399E-1 2.94289E-1 2.94795E-1 3.13503E-1 3.37268E-1 3.33413E-1 3.37699E-1 3.17304E-1 3.27795E-1 3.24196E-1 3.1063E-1 3.10989E-1 3.14873E-1 3.39232E-1 3.24381E-1 2.94806E-1 2.75171E-1 2.86241E-1 3.06281E-1 3.06846E-1 3.28867E-1 3.35755E-1 3.39557E-1 3.4013E-1 3.34239E-1 3.41359E-1 3.44295E-1 3.28267E-1 3.17384E-1 3.09841E-1 3.05428E-1 3.19103E-1 3.30084E-1 3.30248E-1 3.20631E-1 3.15134E-1 3.03042E-1 2.9959E-1 2.98299E-1 3.05301E-1
3.24762E-1 3.143E-1 3.13678E-1 3.1333E-1 3.06963E-1 3.12466E-1 3.11774E-1 3.55359E-1 3.54687E-1 3.36089E-1 2.82699E-1 3.25987E-1 4.07207E-1 3.70744E-1 3.52389E-1 3.32603E-1 3.25363E-1 3.47067E-1 3.55108E-1 4.30234E-1 3.76818E-1 3.30332E-1 2.97898E-1 2.78723E-1 3.13629E-1 3.43091E-1 3.37779E-1 3.307E-1 3.13803E-1 3.11113E-1 3.16944E-1 3.17857E-1 3.19555E-1 3.326E-1 3.47276E-1 3.29667E-1 3.18095E-1 3.06993E-1 3.21345E-1 3.2451E-1 3.30941E-1 3.32188E-1 3.21403E-1 3.2539E-1 3.26802E-1 3.32172E-1 3.43943E-1 3.36108E-1 3.12367E-1 3.00843E-1 3.03238E-1 3.02168E-1 3.18427E-1 3.29134E-1 3.31426E-1 3.34568E-1 3.20639E-1 3.10173E-1 2.98925E-1 2.97493E-1 3.03159E-1
3.12427E-1 3.12138E-1 3.17224E-1 3.05284E-1 3.00583E-1 3.11722E-1 3.0876E-1 2.93E-1 3.29785E-1 3.44632E-1 3.16466E-1 3.1653E-1 3.29747E-1 3.31882E-1 3.27743E-1 3.31537E-1 3.08798E-1 3.43368E-1 3.73215E-1 4.26473E-1 3.71679E-1 3.15183E-1 2.99411E-1 2.80317E-1 3.24477E-1 3.28527E-1 3.24814E-1 3.22306E-1 3.34417E-1 3.32174E-1 3.15012E-1 3.13637E-1 3.14006E-1 3.2863E-1 3.42851E-1 3.46953E-1 3.44728E-1 3.42162E-1 3.4039E-1 3.36171E-1 3.43163E-1 3.2289E-1 3.17936E-1 3.16971E-1 3.01677E-1 3.00104E-1 3.0427E-1 3.1071E-1 3.03414E-1 2.96443E-1 3.01081E-1 3.03824E-1 3.12863E-1 3.19208E-1 3.28722E-1 3.28195E-1 3.279E-1 3.2139E-1 3.1826E-1 3.15512E-1 3.07136E-1
3.29129E-1 3.24104E-1 3.12537E-1 2.9463E-1 2.98132E-1 3.04736E-1 3.04793E-1 2.84427E-1 2.87605E-1 3.07917E-1 3.22338E-1 3.27249E-1 3.22529E-1 3.1209E-1 2.96467E-1 3.1069E-1 3.06787E-1 3.20733E-1 3.27097E-1 4.00059E-1 3.82838E-1 3.19582E-1 2.96689E-1 2.99409E-1 3.06362E-1 3.24399E-1 3.21119E-1 3.24199E-1 3.35542E-1 3.33176E-1 3.21103E-1 3.08536E-1 3.12756E-1 3.31083E-1 3.42457E-1 3.45005E-1 3.53349E-1 3.55192E-1 3.4948E-1 3.44625E-1 3.35204E-1 3.24383E-1 3.1559E-1 3.07574E-1 3.01294E-1 2.98802E-1 2.99489E-1 3.07885E-1 3.29767E-1 3.20179E-1 3.18115E-1 3.16229E-1 3.16323E-1 3.26208E-1 3.39534E-1 3.38804E-1 3.39914E-1 3.41863E-1 3.37355E-1 3.30664E-1 3.2707E-1
3.18208E-1 3.08735E-1 2.97479E-1 2.9777E-1 2.90701E-1 2.76473E-1 2.67047E-1 2.70064E-1 2.87801E-1 2.74489E-1 3.06193E-1 3.10806E-1 3.03872E-1 3.10548E-1 3.26133E-1 3.17949E-1 2.99121E-1 3.07535E-1 3.21223E-1 4.12906E-1 3.59353E-1 3.13617E-1 2.93114E-1 2.8561E-1 2.97835E-1 3.05978E-1 3.21072E-1 3.20849E-1 3.20874E-1 3.29518E-1 3.34633E-1 3.12183E-1 3.08176E-1 3.15847E-1 3.09278E-1 3.13221E-1 3.18545E-1 3.18722E-1 3.27186E-1 3.27289E-1 3.28974E-1 3.25733E-1 3.1992E-1 3.12837E-1 3.05044E-1 2.99274E-1 2.88257E-1 2.87613E-1 2.94113E-1 3.18185E-1 3.29423E-1 3.18547E-1 3.21165E-1 3.40136E-1 3.44702E-1 3.40068E-1 3.47891E-1 3.48358E-1 3.53781E-1 3.47855E-1 3.43575E-1
3.19547E-1 2.96637E-1 2.92736E-1 2.90391E-1 2.84135E-1 2.83669E-1 2.66123E-1 2.69237E-1 2.63431E-1 2.46457E-1 2.93965E-1 3.16415E-1 2.9668E-1 3.04198E-1 3.17305E-1 3.067E-1 2.93183E-1 2.94777E-1 3.23908E-1 4.08402E-1 3.43977E-1 3.20311E-1 3.09785E-1 2.97971E-1 2.86911E-1 2.90665E-1 3.08644E-1 3.16939E-1 3.2033E-1 3.2772E-1 3.26335E-1 3.2029E-1 3.12973E-1 3.20477E-1 3.20433E-1 3.12616E-1 3.11807E-1 3.1926E-1 3.26628E-1 3.24238E-1 3.264E-1 3.35019E-1 3.27222E-1 3.13427E-1 3.05885E-1 2.98798E-1 2.94155E-1 2.94246E-1 2.97438E-1 3.12406E-1 3.28445E-1 3.37441E-1 3.34887E-1 3.35792E-1 3.51794E-1 3.46465E-1 3.58137E-1 3.62601E-1 3.66968E-1 3.62807E-1 3.58008E-1
3.3036E-1 3.17617E-1 2.99205E-1 2.78665E-1 2.61662E-1 2.56153E-1 2.6003E-1 2.61431E-1 2.60791E-1 2.60275E-1 3.03002E-1 3.01269E-1 2.96588E-1 2.95642E-1 3.09129E-1 3.30608E-1 2.91875E-1 2.88864E-1 3.33696E-1 3.5296E-1 3.45897E-1 3.17583E-1 3.28033E-1 3.19443E-1 3.02223E-1 3.27427E-1 3.15503E-1 3.17612E-1 3.27812E-1 3.32411E-1 3.23199E-1 3.2131E-1 3.22036E-1 3.17185E-1 3.20248E-1 3.17827E-1 3.16862E-1 3.17351E-1 3.29739E-1 3.26186E-1 3.25051E-1 3.2796E-1 3.23777E-1 3.15673E-1 3.08505E-1 3.09764E-1 3.09339E-1 3.16801E-1 3.19808E-1 3.10893E-1 3.11749E-1 3.45925E-1 3.45421E-1 3.54754E-1 3.69047E-1 3.69536E-1 3.68069E-1 3.75859E-1 3.83271E-1 3.85455E-1 3.84444E-1
3.3112E-1 3.00476E-1 2.85755E-1 2.67643E-1 2.6165E-1 2.51399E-1 2.54936E-1 2.63135E-1 2.59026E-1 2.7517E-1 3.14042E-1 2.93998E-1 2.73282E-1 3.00711E-1 3.11325E-1 3.00099E-1 3.01766E-1 3.01552E-1 3.36274E-1 3.27558E-1 3.39946E-1 3.09214E-1 3.27016E-1 3.46455E-1 3.41013E-1 3.3968E-1 3.30558E-1 3.19321E-1 3.23212E-1 3.34249E-1 3.30012E-1 3.20612E-1 3.15351E-1 3.18501E-1 3.2709E-1 3.36122E-1 3.2825E-1 3.24518E-1 3.23225E-1 3.22875E-1 3.20555E-1 3.21862E-1 3.28429E-1 3.24359E-1 3.20848E-1 3.22577E-1 3.32342E-1 3.52281E-1 3.49196E-1 3.32368E-1 3.39266E-1 3.60018E-1 3.52064E-1 3.63189E-1 3.78782E-1 3.86106E-1 3.88591E-1 3.90442E-1 4.01424E-1 4.07857E-1 4.01202E-1
3.4686E-1 3.16762E-1 2.83265E-1 2.65867E-1 2.65388E-1 2.67406E-1 2.82035E-1 2.87405E-1 2.95043E-1 2.63336E-1 2.69187E-1 2.4201E-1 2.39569E-1 2.70554E-1 3.14286E-1 3.19355E-1 3.16124E-1 3.14111E-1 3.20248E-1 2.94225E-1 3.29164E-1 3.10036E-1 3.08375E-1 3.22036E-1 3.36047E-1 3.42206E-1 3.33493E-1 3.24717E-1 3.24715E-1 3.25222E-1 3.19843E-1 3.13921E-1 3.09783E-1 3.13425E-1 3.2702E-1 3.38126E-1 3.38129E-1 3.40531E-1 3.40927E-1 3.37889E-1 3.36423E-1 3.31835E-1 3.39985E-1 3.36682E-1 3.31001E-1 3.35278E-1 3.52175E-1 3.66858E-1 3.63191E-1 3.57774E-1 3.49431E-1 3.75882E-1 3.84735E-1 3.79226E-1 3.8621E-1 3.92925E-1 4.01983E-1 3.9571E-1 4.12713E-1 4.09484E-1 4.08083E-1
3.77486E-1 3.05937E-1 3.02528E-1 3.16098E-1 2.61385E-1 2.65442E-1 2.64955E-1 2.6941E-1 2.51679E-1 2.36995E-1 2.40108E-1 2.41366E-1 2.97988E-1 3.12437E-1 3.3306E-1 3.4338E-1 3.16452E-1 3.06704E-1 2.899E-1 3.01274E-1 3.29391E-1 3.25635E-1 3.05473E-1 3.21924E-1 3.40418E-1 3.269E-1 3.26478E-1 3.24635E-1 3.2047E-1 3.15752E-1 3.19693E-1 3.15302E-1 3.02948E-1 3.17177E-1 3.26642E-1 3.41667E-1 3.43021E-1 3.40437E-1 3.37032E-1 3.32064E-1 3.26839E-1 3.30853E-1 3.43388E-1 3.41545E-1 3.39936E-1 3.47566E-1 3.61741E-1 3.69864E-1 3.66739E-1 3.70346E-1 3.75752E-1 3.91785E-1 4.04135E-1 3.94236E-1 3.99369E-1 4.07522E-1 4.01219E-1 4.03603E-1 4.05793E-1 4.01825E-1 4.08427E-1
3.48089E-1 3.07431E-1 3.00029E-1 2.90544E-1 2.79386E-1 2.71482E-1 2.79567E-1 2.82519E-1 2.36734E-1 2.53291E-1 2.67046E-1 2.64745E-1 2.88345E-1 3.30813E-1 3.05631E-1 3.01621E-1 2.9544E-1 2.86411E-1 2.85501E-1 3.35093E-1 3.53029E-1 3.32247E-1 3.25292E-1 3.55535E-1 3.49959E-1 3.39607E-1 3.35828E-1 3.26433E-1 3.26327E-1 3.18247E-1 3.08193E-1 3.0133E-1 3.06963E-1 3.1378E-1 3.12333E-1 3.33593E-1 3.36946E-1 3.3225E-1 3.29836E-1 3.27347E-1 3.289E-1 3.39058E-1 3.57068E-1 3.67511E-1 3.61614E-1 3.63809E-1 3.72496E-1 3.76214E-1 3.7587E-1 3.83525E-1 4.04771E-1 4.10973E-1 4.26496E-1 4.15954E-1 4.19539E-1 3.9592E-1 3.98677E-1 4.12479E-1 4.08817E-1 4.18395E-1 4.26601E-1
3.41791E-1 3.64111E-1 3.42201E-1 3.16432E-1 2.99379E-1 2.89928E-1 2.70748E-1 2.64078E-1 2.61716E-1 2.56605E-1 2.43816E-1 2.83628E-1 2.84183E-1 3.55E-1 3.10037E-1 2.87922E-1 2.90671E-1 2.88367E-1 2.86202E-1 3.51171E-1 3.45301E-1 3.38491E-1 3.57131E-1 3.55049E-1 3.2973E-1 3.6475E-1 3.77687E-1 3.44886E-1 3.31374E-1 3.22179E-1 3.14549E-1 2.95864E-1 3.13459E-1 3.14821E-1 3.18846E-1 3.24883E-1 3.31159E-1 3.30945E-1 3.27226E-1 3.32893E-1 3.41714E-1 3.5397E-1 3.69579E-1 3.83259E-1 3.86229E-1 3.81848E-1 4.0505E-1 3.97613E-1 3.88951E-1 4.00712E-1 4.16659E-1 4.17833E-1 4.08022E-1 4.03138E-1 4.01942E-1 3.94002E-1 3.96577E-1 4.20124E-1 4.16521E-1 4.24117E-1 4.22884E-1
3.55349E-1 3.53765E-1 3.45489E-1 3.28246E-1 3.14431E-1 3.30381E-1 2.98928E-1 2.59456E-1 2.76852E-1 2.58273E-1 2.74964E-1 2.8761E-1 3.03217E-1 3.13303E-1 3.05611E-1 3.12213E-1 2.95438E-1 3.13561E-1 3.2909E-1 3.53392E-1 3.49195E-1 3.62828E-1 3.94032E-1 3.77187E-1 3.42352E-1 3.58688E-1 3.52573E-1 3.49011E-1 3.43377E-1 3.33059E-1 3.28492E-1 3.12899E-1 3.16081E-1 3.18184E-1 3.29974E-1 3.40619E-1 3.35762E-1 3.37127E-1 3.37013E-1 3.43792E-1 3.48409E-1 3.61202E-1 3.8384E-1 3.89659E-1 3.82769E-1 3.84869E-1 3.94654E-1 3.98545E-1 4.12755E-1 4.20195E-1 4.1671E-1 4.1209E-1 4.015E-1 3.99137E-1 4.12546E-1 4.08403E-1 4.16119E-1 4.35346E-1 4.29056E-1 4.4114E-1 4.36598E-1
3.67927E-1 3.55538E-1 3.58316E-1 3.48064E-1 3.33389E-1 3.39879E-1 3.22833E-1 2.95268E-1 2.79907E-1 2.71084E-1 3.07745E-1 3.02688E-1 3.05175E-1 3.00763E-1 3.07182E-1 3.24168E-1 3.16285E-1 3.51157E-1 3.67418E-1 3.40463E-1 3.41649E-1 3.65885E-1 3.85322E-1 3.65067E-1 3.50112E-1 3.50493E-1 3.49738E-1 3.46236E-1 3.51317E-1 3.45896E-1 3.3349E-1 3.22619E-1 3.21327E-1 3.25804E-1 3.36578E-1 3.47181E-1 3.43751E-1 3.47259E-1 3.53512E-1 3.58821E-1 3.61936E-1 3.78047E-1 3.88805E-1 3.91764E-1 3.89267E-1 3.91865E-1 4.01596E-1 4.103E-1 4.17137E-1 4.30267E-1 4.21095E-1 4.18426E-1 4.08575E-1 4.0847E-1 4.11068E-1 4.22366E-1 4.28902E-1 4.43912E-1 4.50649E-1 4.61094E-1 4.64269E-1
3.866E-1 3.855E-1 3.72885E-1 3.42778E-1 3.10316E-1 3.01782E-1 3.06349E-1 3.14969E-1 2.98783E-1 2.90796E-1 3.16979E-1 3.18897E-1 3.1324E-1 3.05451E-1 3.20777E-1 3.12655E-1 3.0868E-1 3.50452E-1 3.52848E-1 3.18559E-1 3.32017E-1 3.66438E-1 3.93273E-1 3.64567E-1 3.48326E-1 3.52842E-1 3.49934E-1 3.45963E-1 3.56769E-1 3.52581E-1 3.43149E-1 3.28161E-1 3.33741E-1 3.43562E-1 3.56277E-1 3.52436E-1 3.47706E-1 3.57867E-1 3.62457E-1 3.70545E-1 3.79692E-1 3.92492E-1 4.02468E-1 3.97772E-1 3.94019E-1 3.96643E-1 4.06113E-1 4.15685E-1 4.27211E-1 4.37086E-1 4.25715E-1 4.31618E-1 4.2961E-1 4.29398E-1 4.24868E-1 4.28028E-1 4.35591E-1 4.44917E-1 4.5754E-1 4.83874E-1 4.89448E-1
3.95811E-1 3.86979E-1 3.43572E-1 3.37933E-1 3.31689E-1 3.25964E-1 2.95885E-1 3.1133E-1 3.10684E-1 2.98121E-1 3.09606E-1 3.38307E-1 3.29891E-1 3.11411E-1 3.31857E-1 3.15759E-1 3.04855E-1 3.39414E-1 3.68708E-1 3.22393E-1 3.17365E-1 3.47843E-1 3.95514E-1 3.75792E-1 3.58205E-1 3.55436E-1 3.46661E-1 3.4671E-1 3.63187E-1 3.65199E-1 3.54617E-1 3.39442E-1 3.40015E-1 3.46716E-1 3.55919E-1 3.57702E-1 3.58311E-1 3.67772E-1 3.76022E-1 3.82158E-1 3.98428E-1 4.06384E-1 4.10184E-1 4.00743E-1 4.03715E-1 4.01137E-1 3.95172E-1 4.06606E-1 4.20617E-1 4.28831E-1 4.38238E-1 4.33841E-1 4.38106E-1 4.359E-1 4.38786E-1 4.35811E-1 4.36954E-1 4.3749E-1 4.54654E-1 4.81741E-1 5.06084E-1
3.37542E-1 3.62406E-1 3.48135E-1 3.07997E-1 3.26735E-1 3.21511E-1 3.31867E-1 3.16231E-1 3.0955E-1 3.20286E-1 3.24703E-1 3.34673E-1 3.32784E-1 3.10917E-1 3.08078E-1 3.11547E-1 2.97253E-1 3.11063E-1 3.63461E-1 3.22966E-1 3.15185E-1 3.28257E-1 3.81128E-1 3.73254E-1 3.55228E-1 3.48631E-1 3.5153E-1 3.48624E-1 3.57024E-1 3.59302E-1 3.46475E-1 3.31008E-1 3.36907E-1 3.40034E-1 3.39551E-1 3.41379E-1 3.6196E-1 3.77648E-1 3.87998E-1 4.02394E-1 4.06753E-1 4.14196E-1 4.13037E-1 4.02867E-1 4.02898E-1 3.88309E-1 3.79904E-1 3.9666E-1 4.17159E-1 4.15795E-1 4.01615E-1 4.13274E-1 4.22386E-1 4.3428E-1 4.38888E-1 4.39668E-1 4.37225E-1 4.46347E-1 4.57949E-1 4.95474E-1 5.16839E-1
3.38087E-1 3.49196E-1 3.49525E-1 3.10459E-1 3.00426E-1 2.97593E-1 3.26213E-1 3.30609E-1 3.1419E-1 3.0864E-1 3.18923E-1 3.39902E-1 3.27622E-1 3.10885E-1 3.2307E-1 3.31205E-1 3.04022E-1 2.911E-1 3.51388E-1 3.46745E-1 3.15092E-1 3.28955E-1 3.53227E-1 3.81978E-1 3.65047E-1 3.50612E-1 3.48103E-1 3.58367E-1 3.67848E-1 3.70738E-1 3.53302E-1 3.38073E-1 3.35713E-1 3.30166E-1 3.48131E-1 3.53718E-1 3.63409E-1 3.80016E-1 3.90941E-1 4.06753E-1 4.08599E-1 4.1562E-1 4.18544E-1 4.11272E-1 3.98005E-1 3.84333E-1 3.70409E-1 3.77245E-1 4.01841E-1 4.03243E-1 3.93018E-1 3.9691E-1 4.03992E-1 4.25113E-1 4.36354E-1 4.45562E-1 4.52171E-1 4.55541E-1 4.74502E-1 5.12104E-1 5.4254E-1
3.49358E-1 3.23752E-1 3.32128E-1 3.44576E-1 2.93026E-1 3.00165E-1 3.29632E-1 3.36103E-1 3.26446E-1 3.16386E-1 3.09273E-1 3.47844E-1 3.32276E-1 3.18876E-1 3.24097E-1 3.17479E-1 3.18494E-1 3.14974E-1 3.63938E-1 3.31193E-1 3.20668E-1 3.42405E-1 3.52104E-1 3.46115E-1 3.46922E-1 3.53486E-1 3.48664E-1 3.64438E-1 3.67706E-1 3.73059E-1 3.68457E-1 3.69346E-1 3.46836E-1 3.40775E-1 3.54267E-1 3.65327E-1 3.73113E-1 3.79793E-1 3.93381E-1 3.93294E-1 4.03776E-1 4.20105E-1 4.24324E-1 4.18524E-1 4.10543E-1 3.91829E-1 3.85709E-1 3.78774E-1 3.84726E-1 3.87223E-1 3.93686E-1 3.85306E-1 3.89697E-1 4.06466E-1 4.33195E-1 4.47628E-1 4.74068E-1 4.86433E-1 5.03931E-1 5.32956E-1 5.62562E-1
3.73172E-1 3.50846E-1 3.2412E-1 3.39978E-1 3.04568E-1 3.26629E-1 3.10163E-1 3.25738E-1 3.20106E-1 3.23877E-1 3.22782E-1 3.29951E-1 3.37079E-1 3.22894E-1 3.11461E-1 3.08727E-1 3.03036E-1 3.2425E-1 3.69951E-1 3.38524E-1 3.21634E-1 3.37143E-1 3.5241E-1 3.49553E-1 3.37096E-1 3.38362E-1 3.54773E-1 3.44865E-1 3.77194E-1 3.91231E-1 3.79555E-1 3.75044E-1 3.41265E-1 3.31502E-1 3.54307E-1 3.63905E-1 3.79476E-1 3.81593E-1 3.82696E-1 3.83817E-1 3.92363E-1 4.05594E-1 4.20111E-1 4.21319E-1 4.11928E-1 3.97556E-1 3.90087E-1 3.99705E-1 4.12306E-1 4.04965E-1 3.95921E-1 3.89231E-1 3.85913E-1 4.03483E-1 4.38078E-1 4.44917E-1 4.61126E-1 4.86557E-1 5.21627E-1 5.41451E-1 5.6473E-1
3.3741E-1 3.44382E-1 3.42525E-1 3.22601E-1 3.16887E-1 3.30104E-1 3.20996E-1 3.13748E-1 3.24109E-1 3.30848E-1 3.22944E-1 3.28692E-1 3.80213E-1 3.35074E-1 3.33508E-1 3.33212E-1 3.12929E-1 3.17018E-1 3.29299E-1 3.24639E-1 3.24357E-1 3.48254E-1 3.5227E-1 3.46441E-1 3.62504E-1 3.51602E-1 3.42687E-1 3.37954E-1 3.83497E-1 4.09379E-1 3.88565E-1 3.37888E-1 3.27054E-1 3.22866E-1 3.42358E-1 3.53551E-1 3.64427E-1 3.64587E-1 3.63354E-1 3.73286E-1 3.88881E-1 4.04428E-1 4.1278E-1 4.22149E-1 4.22906E-1 4.21781E-1 4.06691E-1 4.0811E-1 4.12124E-1 4.12636E-1 3.99422E-1 3.96341E-1 4.01854E-1 4.06441E-1 4.39366E-1 4.45271E-1 4.56783E-1 4.63766E-1 4.91538E-1 5.28418E-1 5.5665E-1
3.10992E-1 3.27971E-1 3.24989E-1 3.20399E-1 3.29052E-1 3.22259E-1 3.26562E-1 3.38157E-1 3.34704E-1 3.55501E-1 3.42479E-1 3.6348E-1 3.47344E-1 3.3833E-1 3.55198E-1 3.5127E-1 3.27277E-1 3.16272E-1 3.6117E-1 3.80087E-1 3.4179E-1 3.59122E-1 3.57222E-1 3.44912E-1 3.46096E-1 3.59195E-1 3.3912E-1 3.18472E-1 3.98679E-1 4.06533E-1 3.56808E-1 3.34588E-1 3.33681E-1 3.36E-1 3.33528E-1 3.45613E-1 3.5521E-1 3.64438E-1 3.5516E-1 3.63295E-1 3.76034E-1 4.02544E-1 4.09185E-1 4.2731E-1 4.37935E-1 4.32892E-1 4.20829E-1 4.12547E-1 4.11052E-1 4.03464E-1 3.94338E-1 3.90854E-1 4.04321E-1 4.28008E-1 4.38166E-1 4.42958E-1 4.56537E-1 4.68688E-1 4.86761E-1 5.31299E-1 5.63625E-1
3.23069E-1 3.23172E-1 3.26972E-1 3.12846E-1 3.25718E-1 3.15599E-1 3.3063E-1 3.3797E-1 3.50407E-1 3.50091E-1 3.50613E-1 3.49676E-1 3.49755E-1 3.49614E-1 3.44543E-1 3.31919E-1 3.28242E-1 3.26225E-1 3.65312E-1 4.04676E-1 3.56656E-1 3.45665E-1 3.61106E-1 3.44329E-1 3.35414E-1 3.37188E-1 3.39652E-1 3.28231E-1 3.41159E-1 3.86389E-1 3.66455E-1 3.53286E-1 3.47979E-1 3.35705E-1 3.36923E-1 3.34262E-1 3.48588E-1 3.49732E-1 3.51161E-1 3.5464E-1 3.69064E-1 3.75517E-1 3.95247E-1 4.16811E-1 4.25817E-1 4.28966E-1 4.2538E-1 4.14267E-1 3.98523E-1 3.9929E-1 3.92992E-1 3.94722E-1 4.01504E-1 4.25457E-1 4.45682E-1 4.70631E-1 4.69587E-1 4.83014E-1 5.01415E-1 5.21411E-1 5.4747E-1
3.10109E-1 3.20847E-1 3.07845E-1 3.21143E-1 3.0614E-1 3.38127E-1 3.36667E-1 3.39963E-1 3.40846E-1 3.34794E-1 3.62525E-1 3.55223E-1 3.51682E-1 3.45772E-1 3.36174E-1 3.35515E-1 3.32101E-1 3.40968E-1 3.55043E-1 3.60662E-1 3.36572E-1 3.2147E-1 3.34145E-1 3.46423E-1 3.46804E-1 3.43049E-1 3.45781E-1 3.67394E-1 3.33335E-1 3.82348E-1 3.81754E-1 3.58201E-1 3.53135E-1 3.45232E-1 3.46841E-1 3.47321E-1 3.45397E-1 3.54399E-1 3.546E-1 3.55798E-1 3.66142E-1 3.70605E-1 3.81097E-1 3.95801E-1 4.20679E-1 4.26819E-1 4.24275E-1 4.10535E-1 4.04077E-1 3.98345E-1 3.9222E-1 4.05475E-1 4.24495E-1 4.34366E-1 4.40411E-1 4.59502E-1 4.63912E-1 4.79299E-1 4.94822E-1 5.22554E-1 5.38692E-1
