maxent_outputs/red_flowers_troch_bombus_environ/red_213.asc
ncols         426
nrows         180
xllcorner     -130.0
yllcorner     24.0
cellsize      0.16666666666666666
NODATA_value  -9999
[rows 0 to 26 of 180, columns 183 to 243 of 426]
1.59518E-1 1.5245E-1 1.50724E-1 1.4745E-1 1.43398E-1 1.43397E-1 1.44061E-1 1.57161E-1 1.58026E-1 1.55373E-1 1.48604E-1 1.42211E-1 1.38242E-1 1.36497E-1 1.37889E-1 1.41022E-1 1.37897E-1 1.35252E-1 1.35563E-1 1.39018E-1 1.47789E-1 1.41898E-1 1.36619E-1 1.35586E-1 1.33254E-1 1.33717E-1 1.30574E-1 1.37501E-1 1.40307E-1 1.37522E-1 1.32312E-1 1.29991E-1 1.32043E-1 1.3123E-1 1.27812E-1 1.26131E-1 1.25425E-1 1.24785E-1 1.27102E-1 1.26056E-1 1.25133E-1 1.26999E-1 1.26107E-1 1.24341E-1 1.25874E-1 1.26773E-1 1.2657E-1 1.26445E-1 1.29452E-1 1.28269E-1 1.27237E-1 1.30336E-1 1.29584E-1 1.28778E-1 1.30209E-1 1.27762E-1 1.28648E-1 1.27151E-1 1.27219E-1 1.28691E-1 1.28753E-1
1.53719E-1 1.51114E-1 1.5294E-1 1.68619E-1 1.76136E-1 1.79261E-1 1.7679E-1 1.75848E-1 1.69286E-1 1.64633E-1 1.51276E-1 1.48638E-1 1.44924E-1 1.42601E-1 1.42964E-1 1.38021E-1 1.37668E-1 1.36774E-1 1.3595E-1 1.38564E-1 1.38074E-1 1.39302E-1 1.45943E-1 1.42394E-1 1.38709E-1 1.31308E-1 1.33786E-1 1.38988E-1 1.39921E-1 1.40646E-1 1.4431E-1 1.42489E-1 1.39353E-1 1.37133E-1 1.33756E-1 1.31086E-1 1.31305E-1 1.31854E-1 1.31755E-1 1.29517E-1 1.29435E-1 1.259E-1 1.27572E-1 1.30702E-1 1.31123E-1 1.30246E-1 1.28788E-1 1.26604E-1 1.27487E-1 1.30038E-1 1.28552E-1 1.31083E-1 1.30474E-1 1.28332E-1 1.31123E-1 1.32401E-1 1.4417E-1 1.47813E-1 1.38802E-1 1.33587E-1 1.32255E-1
1.49029E-1 1.50569E-1 1.61424E-1 1.78614E-1 1.79536E-1 1.77443E-1 1.79894E-1 1.79737E-1 1.81687E-1 1.78526E-1 1.60672E-1 1.51194E-1 1.48525E-1 1.41074E-1 1.40659E-1 1.39947E-1 1.39103E-1 1.4039E-1 1.43039E-1 1.46315E-1 1.41743E-1 1.38393E-1 1.40335E-1 1.39311E-1 1.40336E-1 1.35223E-1 1.37887E-1 1.34026E-1 1.31769E-1 1.2992E-1 1.30048E-1 1.28897E-1 1.32863E-1 1.29796E-1 1.34237E-1 1.34024E-1 1.32535E-1 1.3385E-1 1.32666E-1 1.29825E-1 1.29209E-1 1.28599E-1 1.27268E-1 1.26334E-1 1.25931E-1 1.27312E-1 1.27924E-1 1.27463E-1 1.29487E-1 1.29239E-1 1.3105E-1 1.28649E-1 1.29368E-1 1.27829E-1 1.28141E-1 1.30305E-1 1.29995E-1 1.31374E-1 1.30933E-1 1.31934E-1 1.32151E-1
1.51545E-1 1.54E-1 1.71213E-1 1.80312E-1 1.82317E-1 1.79053E-1 1.81217E-1 1.80524E-1 1.81426E-1 1.83259E-1 1.76215E-1 1.55372E-1 1.51039E-1 1.43729E-1 1.44753E-1 1.41243E-1 1.42047E-1 1.43113E-1 1.43938E-1 1.41545E-1 1.46158E-1 1.40243E-1 1.36981E-1 1.36377E-1 1.37377E-1 1.41137E-1 1.3931E-1 1.32328E-1 1.28924E-1 1.29641E-1 1.30953E-1 1.33178E-1 1.32445E-1 1.3083E-1 1.31239E-1 1.33031E-1 1.33424E-1 1.31919E-1 1.311E-1 1.30167E-1 1.31418E-1 1.28431E-1 1.28084E-1 1.28797E-1 1.27465E-1 1.27493E-1 1.32053E-1 1.31151E-1 1.29224E-1 1.30151E-1 1.294E-1 1.31901E-1 1.30626E-1 1.29934E-1 1.30262E-1 1.29101E-1 1.29509E-1 1.29719E-1 1.32672E-1 1.31303E-1 1.31796E-1
1.57173E-1 1.60095E-1 1.72216E-1 1.81098E-1 1.81976E-1 1.8107E-1 1.78301E-1 1.79506E-1 1.81289E-1 1.84112E-1 1.81153E-1 1.67559E-1 1.58549E-1 1.47009E-1 1.43208E-1 1.42608E-1 1.40061E-1 1.38399E-1 1.40345E-1 1.40637E-1 1.39625E-1 1.41642E-1 1.41251E-1 1.38991E-1 1.37154E-1 1.39449E-1 1.36855E-1 1.3791E-1 1.35492E-1 1.33188E-1 1.33616E-1 1.33736E-1 1.30768E-1 1.31504E-1 1.33929E-1 1.37297E-1 1.33159E-1 1.32606E-1 1.29666E-1 1.30129E-1 1.30449E-1 1.30479E-1 1.31517E-1 1.30388E-1 1.30639E-1 1.31293E-1 1.29153E-1 1.28029E-1 1.29541E-1 1.29973E-1 1.28525E-1 1.31827E-1 1.29976E-1 1.29522E-1 1.28377E-1 1.2955E-1 1.29468E-1 1.30259E-1 1.31108E-1 1.32815E-1 1.32402E-1
1.55874E-1 1.56602E-1 1.63535E-1 1.71419E-1 1.7367E-1 1.73662E-1 1.79725E-1 1.79169E-1 1.80235E-1 1.83943E-1 1.8267E-1 1.75733E-1 1.64609E-1 1.51678E-1 1.48777E-1 1.44141E-1 1.43439E-1 1.40597E-1 1.39986E-1 1.40607E-1 1.44588E-1 1.42326E-1 1.40984E-1 1.43164E-1 1.43477E-1 1.45097E-1 1.47816E-1 1.47565E-1 1.42712E-1 1.41141E-1 1.38623E-1 1.36441E-1 1.35851E-1 1.34738E-1 1.34481E-1 1.40388E-1 1.43374E-1 1.38683E-1 1.42679E-1 1.41494E-1 1.42591E-1 1.39604E-1 1.34324E-1 1.32324E-1 1.32257E-1 1.349E-1 1.30929E-1 1.3081E-1 1.31309E-1 1.34071E-1 1.32366E-1 1.31969E-1 1.32422E-1 1.31523E-1 1.30396E-1 1.28267E-1 1.30523E-1 1.33852E-1 1.34932E-1 1.33767E-1 1.34376E-1
1.55602E-1 1.54557E-1 1.54705E-1 1.58767E-1 1.74023E-1 1.79732E-1 1.822E-1 1.81483E-1 1.8075E-1 1.87116E-1 1.86696E-1 1.81453E-1 1.65599E-1 1.55916E-1 1.5194E-1 1.46591E-1 1.43084E-1 1.447E-1 1.44157E-1 1.43685E-1 1.46311E-1 1.46529E-1 1.43146E-1 1.4466E-1 1.46126E-1 1.49829E-1 1.48156E-1 1.47854E-1 1.44636E-1 1.4251E-1 1.41069E-1 1.40845E-1 1.41744E-1 1.44265E-1 1.40575E-1 1.45342E-1 1.44497E-1 1.41001E-1 1.41248E-1 1.39529E-1 1.38682E-1 1.37355E-1 1.34651E-1 1.35352E-1 1.363E-1 1.38322E-1 1.37294E-1 1.34524E-1 1.38463E-1 1.35146E-1 1.33896E-1 1.34707E-1 1.35434E-1 1.31836E-1 1.32393E-1 1.31783E-1 1.3313E-1 1.36366E-1 1.36228E-1 1.36165E-1 1.36561E-1
1.58751E-1 1.5409E-1 1.55129E-1 1.60517E-1 1.76597E-1 1.83242E-1 1.80709E-1 1.80657E-1 1.7858E-1 1.80059E-1 1.80809E-1 1.81506E-1 1.76276E-1 1.55363E-1 1.50755E-1 1.47497E-1 1.49832E-1 1.53491E-1 1.51418E-1 1.48467E-1 1.47143E-1 1.47833E-1 1.47196E-1 1.45921E-1 1.4695E-1 1.53409E-1 1.49216E-1 1.49166E-1 1.4794E-1 1.47611E-1 1.46161E-1 1.45157E-1 1.43667E-1 1.46451E-1 1.44173E-1 1.44919E-1 1.43021E-1 1.40973E-1 1.38765E-1 1.37637E-1 1.36001E-1 1.37694E-1 1.38033E-1 1.35876E-1 1.36804E-1 1.36763E-1 1.35179E-1 1.3437E-1 1.36188E-1 1.3391E-1 1.33537E-1 1.38449E-1 1.38509E-1 1.37112E-1 1.3379E-1 1.32377E-1 1.33759E-1 1.34152E-1 1.34538E-1 1.35635E-1 1.34654E-1
1.58563E-1 1.53343E-1 1.52694E-1 1.56893E-1 1.5923E-1 1.71347E-1 1.79383E-1 1.80882E-1 1.80863E-1 1.80349E-1 1.80628E-1 1.78379E-1 1.72994E-1 1.69799E-1 1.54085E-1 1.49709E-1 1.50238E-1 1.48396E-1 1.51236E-1 1.53025E-1 1.51935E-1 1.50933E-1 1.49927E-1 1.49653E-1 1.52426E-1 1.49646E-1 1.50208E-1 1.52587E-1 1.48279E-1 1.49341E-1 1.51851E-1 1.49899E-1 1.53619E-1 1.48323E-1 1.46023E-1 1.44985E-1 1.457E-1 1.4596E-1 1.45521E-1 1.46455E-1 1.43165E-1 1.41537E-1 1.4089E-1 1.39428E-1 1.37734E-1 1.37293E-1 1.36812E-1 1.41837E-1 1.39611E-1 1.36872E-1 1.35276E-1 1.34634E-1 1.32266E-1 1.32316E-1 1.34549E-1 1.34099E-1 1.33939E-1 1.3214E-1 1.356E-1 1.36785E-1 1.35925E-1
1.60806E-1 1.53567E-1 1.52029E-1 1.529E-1 1.54425E-1 1.57768E-1 1.75235E-1 1.81734E-1 1.77115E-1 1.79451E-1 1.82872E-1 1.77085E-1 1.71979E-1 1.70139E-1 1.65117E-1 1.51291E-1 1.51026E-1 1.49597E-1 1.51098E-1 1.48259E-1 1.49755E-1 1.51439E-1 1.51049E-1 1.53076E-1 1.5408E-1 1.5184E-1 1.50485E-1 1.51179E-1 1.4777E-1 1.46608E-1 1.4908E-1 1.49711E-1 1.494E-1 1.46991E-1 1.47931E-1 1.50424E-1 1.49019E-1 1.46848E-1 1.45523E-1 1.44959E-1 1.4309E-1 1.4405E-1 1.44016E-1 1.43124E-1 1.40511E-1 1.38863E-1 1.37542E-1 1.38885E-1 1.3875E-1 1.3619E-1 1.34701E-1 1.3198E-1 1.31599E-1 1.31273E-1 1.30961E-1 1.31678E-1 1.34391E-1 1.35068E-1 1.35723E-1 1.36914E-1 1.38025E-1
1.56551E-1 1.49543E-1 1.48123E-1 1.53478E-1 1.53094E-1 1.55345E-1 1.58075E-1 1.6702E-1 1.79245E-1 1.80066E-1 1.81299E-1 1.79472E-1 1.7557E-1 1.69918E-1 1.69319E-1 1.54571E-1 1.54054E-1 1.52479E-1 1.53726E-1 1.52085E-1 1.51871E-1 1.53614E-1 1.52627E-1 1.53379E-1 1.55726E-1 1.53123E-1 1.51237E-1 1.53506E-1 1.47667E-1 1.51057E-1 1.51454E-1 1.52002E-1 1.50045E-1 1.49882E-1 1.56118E-1 1.50761E-1 1.47377E-1 1.43369E-1 1.43788E-1 1.46256E-1 1.50291E-1 1.48111E-1 1.43681E-1 1.41406E-1 1.41162E-1 1.39978E-1 1.39238E-1 1.39009E-1 1.3747E-1 1.37209E-1 1.3664E-1 1.3522E-1 1.34712E-1 1.34796E-1 1.32602E-1 1.34497E-1 1.33832E-1 1.33124E-1 1.34613E-1 1.36688E-1 1.3724E-1
1.53853E-1 1.52265E-1 1.52479E-1 1.54932E-1 1.5453E-1 1.56035E-1 1.57294E-1 1.62031E-1 1.7103E-1 1.80279E-1 1.73633E-1 1.72088E-1 1.76304E-1 1.75802E-1 1.72995E-1 1.60817E-1 1.55813E-1 1.54678E-1 1.53398E-1 1.53291E-1 1.53351E-1 1.55141E-1 1.56481E-1 1.59298E-1 1.63894E-1 1.6095E-1 1.57052E-1 1.55055E-1 1.55019E-1 1.57147E-1 1.57247E-1 1.56852E-1 1.57144E-1 1.54988E-1 1.54161E-1 1.49364E-1 1.46305E-1 1.50391E-1 1.47432E-1 1.47544E-1 1.4764E-1 1.45147E-1 1.43466E-1 1.4634E-1 1.44842E-1 1.42172E-1 1.40609E-1 1.40299E-1 1.3978E-1 1.39029E-1 1.39976E-1 1.38889E-1 1.36144E-1 1.34916E-1 1.34821E-1 1.35873E-1 1.3587E-1 1.35727E-1 1.3658E-1 1.37779E-1 1.39593E-1
1.50606E-1 1.51451E-1 1.51362E-1 1.52125E-1 1.51983E-1 1.55818E-1 1.56913E-1 1.56271E-1 1.62159E-1 1.70302E-1 1.65816E-1 1.70637E-1 1.66331E-1 1.76457E-1 1.77845E-1 1.74046E-1 1.60309E-1 1.58061E-1 1.55393E-1 1.52846E-1 1.56385E-1 1.592E-1 1.5911E-1 1.59889E-1 1.63662E-1 1.5586E-1 1.57647E-1 1.51679E-1 1.5476E-1 1.54008E-1 1.54551E-1 1.5583E-1 1.57743E-1 1.55721E-1 1.55616E-1 1.5194E-1 1.52436E-1 1.5176E-1 1.49886E-1 1.49865E-1 1.50274E-1 1.49058E-1 1.47514E-1 1.47756E-1 1.45495E-1 1.4609E-1 1.43466E-1 1.41733E-1 1.43306E-1 1.41461E-1 1.42071E-1 1.39203E-1 1.36054E-1 1.35281E-1 1.36404E-1 1.3653E-1 1.3708E-1 1.36483E-1 1.38184E-1 1.39624E-1 1.41657E-1
1.57228E-1 1.52527E-1 1.51997E-1 1.52267E-1 1.51943E-1 1.54038E-1 1.59932E-1 1.59467E-1 1.55584E-1 1.56797E-1 1.63959E-1 1.68427E-1 1.764E-1 1.74943E-1 1.75669E-1 1.72735E-1 1.69506E-1 1.58548E-1 1.54496E-1 1.55306E-1 1.56911E-1 1.56459E-1 1.5804E-1 1.59367E-1 1.55966E-1 1.56562E-1 1.52399E-1 1.5548E-1 1.57291E-1 1.58888E-1 1.55799E-1 1.55341E-1 1.58427E-1 1.60288E-1 1.5996E-1 1.57401E-1 1.58011E-1 1.55E-1 1.54739E-1 1.56771E-1 1.56139E-1 1.51366E-1 1.50178E-1 1.51278E-1 1.51187E-1 1.52129E-1 1.49055E-1 1.46119E-1 1.45904E-1 1.46004E-1 1.45204E-1 1.42299E-1 1.42677E-1 1.38091E-1 1.37741E-1 1.38081E-1 1.36918E-1 1.40522E-1 1.41056E-1 1.42097E-1 1.4603E-1
1.55095E-1 1.55438E-1 1.56337E-1 1.56725E-1 1.55496E-1 1.55127E-1 1.53028E-1 1.47342E-1 1.52841E-1 1.57282E-1 1.63613E-1 1.67154E-1 1.72933E-1 1.78882E-1 1.70194E-1 1.61218E-1 1.70351E-1 1.63275E-1 1.55376E-1 1.55264E-1 1.56767E-1 1.57234E-1 1.58482E-1 1.60828E-1 1.55725E-1 1.56722E-1 1.52778E-1 1.52262E-1 1.54139E-1 1.56759E-1 1.56365E-1 1.55371E-1 1.57505E-1 1.58759E-1 1.56629E-1 1.5924E-1 1.58328E-1 1.5967E-1 1.5888E-1 1.5867E-1 1.59106E-1 1.57026E-1 1.53977E-1 1.54472E-1 1.53815E-1 1.56643E-1 1.50867E-1 1.51222E-1 1.48877E-1 1.46762E-1 1.46727E-1 1.43924E-1 1.43728E-1 1.42222E-1 1.40818E-1 1.37602E-1 1.39376E-1 1.40532E-1 1.40867E-1 1.42896E-1 1.43872E-1
1.48853E-1 1.51196E-1 1.57915E-1 1.55586E-1 1.49292E-1 1.4046E-1 1.45988E-1 1.46674E-1 1.5289E-1 1.59965E-1 1.61421E-1 1.62424E-1 1.67843E-1 1.68906E-1 1.6273E-1 1.6726E-1 1.76431E-1 1.77674E-1 1.63131E-1 1.55834E-1 1.53672E-1 1.54307E-1 1.54021E-1 1.56824E-1 1.57798E-1 1.56105E-1 1.56281E-1 1.59337E-1 1.59329E-1 1.56076E-1 1.55446E-1 1.51729E-1 1.55157E-1 1.51633E-1 1.53066E-1 1.59038E-1 1.60121E-1 1.61409E-1 1.61503E-1 1.60689E-1 1.59627E-1 1.6204E-1 1.65818E-1 1.64251E-1 1.56861E-1 1.60287E-1 1.55872E-1 1.52613E-1 1.52415E-1 1.52248E-1 1.50546E-1 1.47085E-1 1.44876E-1 1.43314E-1 1.42615E-1 1.41262E-1 1.40476E-1 1.42586E-1 1.4276E-1 1.45354E-1 1.46652E-1
1.48567E-1 1.50077E-1 1.544E-1 1.5749E-1 1.53325E-1 1.46359E-1 1.37763E-1 1.46129E-1 1.51687E-1 1.51785E-1 1.54782E-1 1.60865E-1 1.64741E-1 1.61562E-1 1.58609E-1 1.66251E-1 1.66967E-1 1.73257E-1 1.68089E-1 1.59223E-1 1.54667E-1 1.52877E-1 1.53974E-1 1.55614E-1 1.5845E-1 1.56913E-1 1.5616E-1 1.57639E-1 1.59258E-1 1.5724E-1 1.57362E-1 1.552E-1 1.56357E-1 1.56516E-1 1.56754E-1 1.60029E-1 1.76763E-1 1.80393E-1 1.67574E-1 1.63991E-1 1.65157E-1 1.62018E-1 1.61605E-1 1.64331E-1 1.63753E-1 1.63493E-1 1.61165E-1 1.59567E-1 1.56808E-1 1.53818E-1 1.51697E-1 1.50773E-1 1.50965E-1 1.49541E-1 1.47202E-1 1.4705E-1 1.4499E-1 1.46209E-1 1.46521E-1 1.48921E-1 1.53266E-1
1.52538E-1 1.51246E-1 1.57581E-1 1.59688E-1 1.55728E-1 1.50109E-1 1.42691E-1 1.46094E-1 1.49671E-1 1.52822E-1 1.48716E-1 1.48252E-1 1.515E-1 1.52675E-1 1.5126E-1 1.57891E-1 1.63189E-1 1.7283E-1 1.6409E-1 1.54965E-1 1.56488E-1 1.58214E-1 1.56888E-1 1.55562E-1 1.55927E-1 1.5746E-1 1.59425E-1 1.56947E-1 1.5543E-1 1.56338E-1 1.56867E-1 1.57594E-1 1.62413E-1 1.64191E-1 1.64842E-1 1.62446E-1 1.71914E-1 1.75592E-1 1.69245E-1 1.67128E-1 1.71844E-1 1.68386E-1 1.65272E-1 1.64828E-1 1.66032E-1 1.6265E-1 1.61166E-1 1.67085E-1 1.65823E-1 1.60643E-1 1.57477E-1 1.57106E-1 1.60912E-1 1.60097E-1 1.56089E-1 1.55425E-1 1.49592E-1 1.49002E-1 1.51841E-1 1.54295E-1 1.55339E-1
1.53821E-1 1.62176E-1 1.63922E-1 1.61611E-1 1.57655E-1 1.55461E-1 1.51183E-1 1.45238E-1 1.44972E-1 1.49594E-1 1.4877E-1 1.44951E-1 1.43697E-1 1.48864E-1 1.48579E-1 1.66118E-1 1.67684E-1 1.71989E-1 1.64084E-1 1.57356E-1 1.57158E-1 1.55704E-1 1.58263E-1 1.5668E-1 1.54187E-1 1.56979E-1 1.57256E-1 1.5796E-1 1.5628E-1 1.5856E-1 1.54258E-1 1.56418E-1 1.63521E-1 1.62765E-1 1.68129E-1 1.71825E-1 1.73827E-1 1.69146E-1 1.69927E-1 1.67642E-1 1.65408E-1 1.6802E-1 1.66147E-1 1.65777E-1 1.64112E-1 1.66495E-1 1.66391E-1 1.65227E-1 1.62086E-1 1.60376E-1 1.63761E-1 1.64573E-1 1.59314E-1 1.56444E-1 1.57156E-1 1.59681E-1 1.55702E-1 1.54067E-1 1.57699E-1 1.58707E-1 1.62489E-1
1.59732E-1 1.59773E-1 1.6558E-1 1.61559E-1 1.61483E-1 1.65117E-1 1.63318E-1 1.53146E-1 1.45142E-1 1.47403E-1 1.51658E-1 1.46764E-1 1.46436E-1 1.42895E-1 1.46408E-1 1.61723E-1 1.67172E-1 1.65975E-1 1.63189E-1 1.58209E-1 1.55296E-1 1.53573E-1 1.54777E-1 1.57175E-1 1.57137E-1 1.57016E-1 1.5657E-1 1.57819E-1 1.55124E-1 1.57158E-1 1.59522E-1 1.63331E-1 1.64173E-1 1.62549E-1 1.6319E-1 1.72907E-1 1.79965E-1 1.75239E-1 1.73423E-1 1.75199E-1 1.69089E-1 1.70898E-1 1.68367E-1 1.6907E-1 1.69584E-1 1.68793E-1 1.66989E-1 1.6745E-1 1.68109E-1 1.69294E-1 1.64589E-1 1.66119E-1 1.63694E-1 1.6262E-1 1.61176E-1 1.60805E-1 1.58881E-1 1.5884E-1 1.63497E-1 1.65848E-1 1.66423E-1
1.66784E-1 1.65491E-1 1.671E-1 1.63036E-1 1.58963E-1 1.68755E-1 1.70238E-1 1.69743E-1 1.56332E-1 1.47305E-1 1.48569E-1 1.4587E-1 1.44671E-1 1.40341E-1 1.43481E-1 1.57093E-1 1.61298E-1 1.55617E-1 1.55963E-1 1.56907E-1 1.59667E-1 1.55105E-1 1.51348E-1 1.53815E-1 1.52828E-1 1.55415E-1 1.55675E-1 1.57585E-1 1.5525E-1 1.58129E-1 1.62447E-1 1.58287E-1 1.61501E-1 1.65788E-1 1.70933E-1 1.76338E-1 1.83998E-1 1.8402E-1 1.88991E-1 1.82877E-1 1.79515E-1 1.73877E-1 1.7315E-1 1.70756E-1 1.73745E-1 1.78299E-1 1.75882E-1 1.7119E-1 1.69974E-1 1.70859E-1 1.74102E-1 1.70664E-1 1.67622E-1 1.66442E-1 1.69375E-1 1.63501E-1 1.63974E-1 1.65569E-1 1.68672E-1 1.71666E-1 1.73551E-1
1.66984E-1 1.68962E-1 1.69218E-1 1.69042E-1 1.67023E-1 1.71088E-1 1.74288E-1 1.71142E-1 1.67487E-1 1.52836E-1 1.49568E-1 1.47587E-1 1.43689E-1 1.40287E-1 1.38508E-1 1.4541E-1 1.51487E-1 1.52274E-1 1.53289E-1 1.56695E-1 1.58163E-1 1.58012E-1 1.57579E-1 1.55025E-1 1.53691E-1 1.56612E-1 1.55508E-1 1.55478E-1 1.59703E-1 1.60792E-1 1.64815E-1 1.62906E-1 1.65715E-1 1.71182E-1 1.76696E-1 1.75196E-1 1.8083E-1 1.86939E-1 1.87727E-1 1.9448E-1 1.93342E-1 1.87138E-1 1.81564E-1 1.80898E-1 1.86431E-1 1.90965E-1 1.76953E-1 1.78252E-1 1.75645E-1 1.73279E-1 1.70337E-1 1.70636E-1 1.71214E-1 1.72449E-1 1.76357E-1 1.68882E-1 1.69876E-1 1.72315E-1 1.73534E-1 1.75858E-1 1.78358E-1
1.63396E-1 1.70298E-1 1.71224E-1 1.68729E-1 1.65989E-1 1.64567E-1 1.65793E-1 1.65441E-1 1.58209E-1 1.49683E-1 1.4738E-1 1.44815E-1 1.41517E-1 1.38098E-1 1.34764E-1 1.36043E-1 1.42278E-1 1.50254E-1 1.50723E-1 1.55581E-1 1.57965E-1 1.57628E-1 1.57773E-1 1.5396E-1 1.53481E-1 1.5486E-1 1.5669E-1 1.58945E-1 1.5821E-1 1.60316E-1 1.64935E-1 1.65314E-1 1.6848E-1 1.71924E-1 1.6975E-1 1.71112E-1 1.7782E-1 1.8436E-1 1.85938E-1 1.85702E-1 1.86342E-1 1.89167E-1 1.95886E-1 1.93734E-1 1.92127E-1 1.87305E-1 1.87296E-1 1.81907E-1 1.81734E-1 1.78373E-1 1.73873E-1 1.71734E-1 1.74952E-1 1.75241E-1 1.7846E-1 1.79048E-1 1.76166E-1 1.76231E-1 1.77521E-1 1.80607E-1 1.86591E-1
1.59889E-1 1.69502E-1 1.7125E-1 1.68845E-1 1.67762E-1 1.60849E-1 1.54171E-1 1.50464E-1 1.51127E-1 1.50949E-1 1.51134E-1 1.47984E-1 1.46635E-1 1.44035E-1 1.3995E-1 1.40017E-1 1.44998E-1 1.51861E-1 1.56962E-1 1.57612E-1 1.57886E-1 1.55939E-1 1.5392E-1 1.54407E-1 1.53783E-1 1.54134E-1 1.57105E-1 1.58481E-1 1.60503E-1 1.62218E-1 1.59979E-1 1.64453E-1 1.67316E-1 1.69136E-1 1.73424E-1 1.7698E-1 1.75885E-1 1.75351E-1 1.73758E-1 1.74279E-1 1.73299E-1 1.7739E-1 1.84171E-1 2.00056E-1 1.96662E-1 1.96791E-1 1.90367E-1 1.88126E-1 1.83647E-1 1.87251E-1 1.81117E-1 1.8384E-1 1.92647E-1 1.86471E-1 1.88124E-1 1.87205E-1 1.84848E-1 1.83893E-1 1.84951E-1 1.88007E-1 1.9061E-1
1.62603E-1 1.63961E-1 1.67561E-1 1.69106E-1 1.67648E-1 1.63854E-1 1.57472E-1 1.53784E-1 1.55866E-1 1.51911E-1 1.53909E-1 1.52299E-1 1.52034E-1 1.48481E-1 1.42569E-1 1.46329E-1 1.50842E-1 1.53872E-1 1.57993E-1 1.57004E-1 1.56007E-1 1.58503E-1 1.56091E-1 1.5511E-1 1.52091E-1 1.50677E-1 1.52E-1 1.55754E-1 1.56651E-1 1.58333E-1 1.60883E-1 1.64175E-1 1.66858E-1 1.69893E-1 1.70007E-1 1.75987E-1 1.73648E-1 1.75587E-1 1.73427E-1 1.75484E-1 1.75826E-1 1.7999E-1 1.85044E-1 1.97267E-1 2.04266E-1 2.03004E-1 1.96298E-1 1.92829E-1 1.94961E-1 1.90859E-1 1.96382E-1 1.89253E-1 1.86777E-1 1.84845E-1 1.86974E-1 1.87053E-1 1.90382E-1 1.90284E-1 1.92154E-1 1.98537E-1 2.06524E-1
1.56793E-1 1.59743E-1 1.6112E-1 1.62476E-1 1.65431E-1 1.69726E-1 1.66213E-1 1.62847E-1 1.64122E-1 1.62018E-1 1.56371E-1 1.56535E-1 1.55872E-1 1.51766E-1 1.44801E-1 1.4722E-1 1.49455E-1 1.51516E-1 1.57903E-1 1.58202E-1 1.58474E-1 1.59643E-1 1.55834E-1 1.50176E-1 1.50399E-1 1.50611E-1 1.49711E-1 1.52078E-1 1.59696E-1 1.61431E-1 1.67296E-1 1.6439E-1 1.68073E-1 1.69811E-1 1.70474E-1 1.74248E-1 1.75478E-1 1.79681E-1 1.80089E-1 1.79077E-1 1.8481E-1 1.87461E-1 1.90274E-1 1.96022E-1 2.02009E-1 2.12111E-1 2.10149E-1 2.06309E-1 2.02553E-1 1.93833E-1 1.89907E-1 1.90994E-1 1.91524E-1 1.9284E-1 1.94344E-1 1.93201E-1 1.95297E-1 1.93957E-1 2.01525E-1 2.01576E-1 2.05065E-1
1.57968E-1 1.57491E-1 1.5354E-1 1.5862E-1 1.67567E-1 1.6949E-1 1.68362E-1 1.70676E-1 1.72224E-1 1.7168E-1 1.57877E-1 1.59954E-1 1.59938E-1 1.52276E-1 1.45483E-1 1.46942E-1 1.49703E-1 1.49169E-1 1.56957E-1 1.59008E-1 1.6127E-1 1.59142E-1 1.55335E-1 1.50782E-1 1.46861E-1 1.47844E-1 1.6358E-1 1.5832E-1 1.59043E-1 1.75154E-1 1.73532E-1 1.619E-1 1.64909E-1 1.68699E-1 1.73049E-1 1.7417E-1 1.74962E-1 1.76307E-1 1.80805E-1 1.79614E-1 1.83456E-1 1.90681E-1 1.95322E-1 1.9962E-1 2.07603E-1 2.20842E-1 2.33844E-1 2.28608E-1 2.11373E-1 1.98371E-1 1.90242E-1 1.89602E-1 1.90384E-1 1.93368E-1 1.9583E-1 1.96761E-1 1.94439E-1 1.97745E-1 2.00326E-1 2.0582E-1 2.0916E-1
