maxent_outputs/red_flowers_troch_bombus_environ/red_10.asc
ncols         426
nrows         180
xllcorner     -130.0
yllcorner     24.0
cellsize      0.16666666666666666
NODATA_value  -9999
[rows 27 to 53 of 180, columns 122 to 182 of 426]
9.6326E-3 9.03991E-3 8.508E-3 8.73504E-3 1.00208E-2 1.0428E-2 1.01383E-2 1.07672E-2 1.0872E-2 1.04881E-2 1.01678E-2 9.5213E-3 9.37259E-3 1.08839E-2 1.14983E-2 1.12761E-2 1.10536E-2 1.06889E-2 1.08662E-2 1.09354E-2 1.13644E-2 1.15918E-2 1.14432E-2 1.18251E-2 1.14699E-2 1.26114E-2 1.19763E-2 1.15432E-2 1.17723E-2 1.18222E-2 1.10095E-2 1.04717E-2 1.0154E-2 1.00346E-2 9.45844E-3 9.31505E-3 9.09639E-3 8.94812E-3 8.88608E-3 8.80984E-3 8.84762E-3 8.68117E-3 8.49288E-3 8.45604E-3 8.63197E-3 8.69385E-3 8.38668E-3 8.6386E-3 8.5415E-3 8.39496E-3 8.41742E-3 8.42089E-3 8.51312E-3 8.56904E-3 8.55047E-3 8.38685E-3 8.47669E-3 8.41909E-3 8.58192E-3 8.59621E-3 8.78753E-3
8.32066E-3 8.46828E-3 8.69826E-3 9.12868E-3 1.00111E-2 1.0261E-2 1.00897E-2 1.02591E-2 1.03957E-2 1.03014E-2 9.95641E-3 9.76521E-3 9.30238E-3 9.27455E-3 9.7283E-3 1.09264E-2 1.10228E-2 1.07794E-2 1.08978E-2 1.09607E-2 1.17196E-2 1.17355E-2 1.158E-2 1.23643E-2 1.25959E-2 1.12477E-2 1.05313E-2 1.10134E-2 1.29171E-2 1.21289E-2 1.14311E-2 1.06785E-2 9.96513E-3 1.00819E-2 1.00507E-2 9.44468E-3 9.13176E-3 9.19312E-3 9.12242E-3 9.01454E-3 8.85649E-3 8.95498E-3 8.95938E-3 8.8888E-3 8.92827E-3 8.85548E-3 8.58281E-3 8.28052E-3 8.29053E-3 8.1767E-3 8.0049E-3 8.12427E-3 8.27345E-3 8.25289E-3 8.11978E-3 8.40425E-3 8.69966E-3 8.25653E-3 8.18448E-3 8.4037E-3 8.55232E-3
8.32084E-3 8.7883E-3 8.64925E-3 9.52942E-3 1.06183E-2 1.13063E-2 1.12612E-2 1.08623E-2 1.05399E-2 1.02379E-2 1.00474E-2 1.02224E-2 9.50112E-3 9.09291E-3 9.32631E-3 9.09745E-3 8.87538E-3 8.72235E-3 9.00214E-3 9.9337E-3 1.08049E-2 1.16455E-2 1.11457E-2 1.01234E-2 1.12889E-2 1.29931E-2 1.54131E-2 1.32468E-2 1.15832E-2 1.16903E-2 1.0398E-2 9.90905E-3 1.00585E-2 9.66881E-3 9.68427E-3 9.80269E-3 9.72585E-3 9.23981E-3 9.14387E-3 9.38929E-3 9.53452E-3 9.35498E-3 9.12737E-3 9.04297E-3 9.10649E-3 9.00574E-3 8.93352E-3 8.87526E-3 8.52827E-3 8.46183E-3 8.14569E-3 8.1725E-3 8.22862E-3 8.10611E-3 8.22172E-3 9.00478E-3 9.17898E-3 9.18394E-3 8.97859E-3 8.73597E-3 8.62936E-3
9.81288E-3 8.96853E-3 9.0692E-3 9.4773E-3 1.08641E-2 1.21694E-2 1.26802E-2 1.24915E-2 1.25569E-2 1.15958E-2 1.09362E-2 1.05711E-2 1.03185E-2 1.02694E-2 1.04299E-2 9.52179E-3 8.83546E-3 8.54239E-3 9.29258E-3 1.08488E-2 1.1057E-2 1.08785E-2 9.87105E-3 1.0394E-2 1.14739E-2 1.39017E-2 1.41007E-2 1.05953E-2 1.06417E-2 1.34821E-2 1.20309E-2 1.13214E-2 1.0947E-2 9.96465E-3 9.38143E-3 9.47239E-3 9.34995E-3 9.47701E-3 9.32389E-3 9.71884E-3 1.00477E-2 9.91417E-3 9.65374E-3 9.41756E-3 9.39412E-3 9.33219E-3 9.34919E-3 9.36822E-3 9.04087E-3 8.80772E-3 8.64428E-3 8.51952E-3 8.4367E-3 8.03892E-3 8.10315E-3 8.94405E-3 8.91847E-3 8.7677E-3 8.95243E-3 9.64621E-3 9.06936E-3
1.22518E-2 1.20586E-2 1.13221E-2 1.10003E-2 1.18618E-2 1.26019E-2 1.31322E-2 1.32467E-2 1.36508E-2 1.3713E-2 1.23217E-2 1.19434E-2 1.05582E-2 1.00634E-2 1.06265E-2 9.99803E-3 9.52705E-3 9.21642E-3 9.4581E-3 1.04347E-2 1.1394E-2 1.0737E-2 1.02799E-2 9.93318E-3 9.46575E-3 1.1306E-2 1.53963E-2 1.19989E-2 1.00166E-2 1.03004E-2 1.0405E-2 1.002E-2 1.08294E-2 1.04202E-2 9.36897E-3 9.42476E-3 9.16792E-3 9.13971E-3 9.24064E-3 9.67876E-3 9.74492E-3 9.96828E-3 9.99048E-3 9.85574E-3 9.70085E-3 9.80486E-3 9.66305E-3 9.65118E-3 9.46196E-3 9.12548E-3 9.22302E-3 8.91852E-3 8.65839E-3 8.30563E-3 8.04318E-3 8.12214E-3 8.15364E-3 8.17486E-3 8.32088E-3 8.79882E-3 8.56391E-3
1.36318E-2 1.38825E-2 1.36529E-2 1.31951E-2 1.27025E-2 1.25679E-2 1.25615E-2 1.24977E-2 1.27451E-2 1.23841E-2 1.33621E-2 1.31183E-2 1.12609E-2 1.03815E-2 9.91953E-3 1.0436E-2 1.07064E-2 1.07549E-2 1.01139E-2 1.04433E-2 1.09066E-2 1.0963E-2 1.01272E-2 1.0067E-2 9.95137E-3 1.15452E-2 1.29238E-2 1.31991E-2 1.15477E-2 1.04853E-2 1.08333E-2 1.06698E-2 1.05688E-2 1.03066E-2 9.89231E-3 9.91959E-3 9.30352E-3 8.8828E-3 8.97413E-3 9.30259E-3 9.51213E-3 9.57023E-3 9.63196E-3 9.73684E-3 9.70866E-3 9.57205E-3 9.25762E-3 9.39987E-3 9.93872E-3 9.85072E-3 9.59291E-3 9.27156E-3 8.83251E-3 8.84507E-3 8.78514E-3 8.29731E-3 8.21067E-3 8.05368E-3 8.32285E-3 9.22617E-3 8.87557E-3
1.70425E-2 1.68122E-2 1.66769E-2 1.56929E-2 1.41077E-2 1.3332E-2 1.25312E-2 1.21541E-2 1.17712E-2 1.19571E-2 1.31849E-2 1.23833E-2 1.19945E-2 1.30656E-2 1.196E-2 1.11153E-2 1.06856E-2 1.13605E-2 1.09922E-2 1.13648E-2 1.10581E-2 1.10135E-2 1.04261E-2 1.03894E-2 9.87759E-3 1.04254E-2 1.09275E-2 1.11997E-2 1.06738E-2 1.04301E-2 1.12941E-2 1.1798E-2 1.06992E-2 1.06367E-2 1.05954E-2 1.03369E-2 9.49381E-3 8.92809E-3 8.87614E-3 8.95141E-3 9.30263E-3 9.34681E-3 9.45873E-3 9.63612E-3 9.51178E-3 9.40498E-3 9.44043E-3 8.8523E-3 8.88519E-3 9.35978E-3 9.81871E-3 9.40479E-3 9.27673E-3 8.64937E-3 8.59596E-3 8.67357E-3 9.39585E-3 8.45786E-3 8.4294E-3 8.86747E-3 8.98346E-3
1.80774E-2 1.794E-2 1.80226E-2 1.84706E-2 1.67224E-2 1.61321E-2 1.52081E-2 1.42595E-2 1.38064E-2 1.3747E-2 1.30951E-2 1.30322E-2 1.42029E-2 1.3868E-2 1.37968E-2 1.33772E-2 1.24598E-2 1.12402E-2 1.12743E-2 1.12482E-2 1.09042E-2 1.13192E-2 1.08881E-2 1.07861E-2 1.08096E-2 1.15797E-2 1.15544E-2 1.14191E-2 1.19955E-2 1.09946E-2 1.06321E-2 1.13056E-2 1.0697E-2 1.0815E-2 1.06747E-2 1.01964E-2 9.5172E-3 9.15514E-3 9.12732E-3 8.90528E-3 8.72718E-3 9.03154E-3 9.38174E-3 9.5057E-3 9.41123E-3 9.18878E-3 9.27888E-3 9.29927E-3 8.82721E-3 8.85081E-3 9.19622E-3 9.68319E-3 9.3934E-3 9.0871E-3 8.8196E-3 8.63305E-3 8.69437E-3 8.79975E-3 8.83196E-3 9.44661E-3 9.65127E-3
1.66895E-2 1.69503E-2 1.71099E-2 1.7128E-2 1.61897E-2 1.56475E-2 1.80551E-2 1.81842E-2 1.61464E-2 1.49739E-2 1.44447E-2 1.36371E-2 1.37102E-2 1.37876E-2 1.47577E-2 1.51459E-2 1.41487E-2 1.32586E-2 1.21438E-2 1.23504E-2 1.18004E-2 1.12618E-2 1.11773E-2 1.14927E-2 1.20539E-2 1.18392E-2 1.20691E-2 1.22645E-2 1.12612E-2 1.10324E-2 1.05699E-2 1.09528E-2 1.13368E-2 1.06448E-2 1.0344E-2 1.10347E-2 1.07523E-2 1.08965E-2 1.09752E-2 1.06391E-2 1.10011E-2 1.05232E-2 1.0321E-2 9.62906E-3 9.42018E-3 9.15462E-3 9.22064E-3 9.25718E-3 9.38853E-3 9.32841E-3 9.04214E-3 9.33614E-3 9.58205E-3 9.74753E-3 9.58145E-3 9.3195E-3 9.23574E-3 9.25328E-3 9.2056E-3 9.17999E-3 8.82716E-3
1.4204E-2 1.47502E-2 1.67531E-2 1.75593E-2 1.59321E-2 1.55053E-2 2.10989E-2 2.13742E-2 1.8578E-2 1.60264E-2 1.5304E-2 1.46955E-2 1.5221E-2 1.54043E-2 1.53637E-2 1.63813E-2 1.60196E-2 1.52889E-2 1.67539E-2 1.76068E-2 1.38374E-2 1.31943E-2 1.2076E-2 1.11341E-2 1.0646E-2 1.0986E-2 1.08305E-2 1.15023E-2 1.20255E-2 1.22671E-2 1.20449E-2 1.23803E-2 1.21E-2 1.13385E-2 1.17479E-2 1.03281E-2 1.0315E-2 1.04588E-2 1.01656E-2 9.94603E-3 1.00923E-2 1.11692E-2 1.10974E-2 1.17812E-2 1.06642E-2 9.0875E-3 9.24575E-3 9.23027E-3 9.37665E-3 9.97647E-3 1.03155E-2 9.93762E-3 9.68458E-3 9.64342E-3 9.88337E-3 9.63529E-3 9.41142E-3 9.59004E-3 9.09221E-3 8.67103E-3 8.88337E-3
1.48544E-2 1.57385E-2 1.63169E-2 1.63001E-2 1.71526E-2 1.76642E-2 1.8374E-2 1.92204E-2 1.78755E-2 1.61946E-2 1.56867E-2 1.54949E-2 1.49174E-2 1.57574E-2 1.51314E-2 1.58962E-2 1.65898E-2 1.73485E-2 1.62168E-2 1.46523E-2 1.39365E-2 1.31572E-2 1.31773E-2 1.19713E-2 1.16458E-2 1.20536E-2 1.13709E-2 1.23758E-2 1.27557E-2 1.36796E-2 1.38193E-2 1.28292E-2 1.1984E-2 1.26268E-2 1.06778E-2 1.08509E-2 1.0702E-2 1.0682E-2 1.08276E-2 1.07822E-2 1.08499E-2 1.14406E-2 1.18451E-2 1.18803E-2 1.29026E-2 9.42823E-3 9.36223E-3 9.4104E-3 9.45478E-3 9.76884E-3 9.94166E-3 9.6252E-3 9.34813E-3 1.00622E-2 1.01183E-2 9.72482E-3 9.54973E-3 9.33976E-3 8.91137E-3 8.66194E-3 8.63417E-3
1.74793E-2 1.63697E-2 1.44812E-2 1.67549E-2 1.80221E-2 1.70709E-2 1.73641E-2 1.69694E-2 1.64522E-2 1.58707E-2 1.52963E-2 1.59274E-2 1.64222E-2 1.61731E-2 1.51716E-2 1.50282E-2 1.53728E-2 1.47659E-2 1.45979E-2 1.50461E-2 1.4521E-2 1.32717E-2 1.25669E-2 1.22462E-2 1.17546E-2 1.13385E-2 1.14118E-2 1.34515E-2 1.52928E-2 1.44883E-2 1.29873E-2 1.26889E-2 1.28388E-2 1.12053E-2 1.02755E-2 1.08113E-2 1.14216E-2 1.2048E-2 1.1938E-2 1.2156E-2 1.24588E-2 1.27167E-2 1.18699E-2 1.21377E-2 1.31669E-2 1.20678E-2 1.0522E-2 1.05323E-2 1.13914E-2 1.22841E-2 1.15619E-2 1.06509E-2 9.47025E-3 9.37814E-3 9.71734E-3 9.86021E-3 9.80447E-3 9.43966E-3 9.18709E-3 8.74942E-3 8.52166E-3
1.9236E-2 1.9018E-2 1.84307E-2 1.96709E-2 1.91279E-2 1.92491E-2 1.86041E-2 1.80343E-2 1.69977E-2 1.65734E-2 1.58582E-2 1.52889E-2 1.47109E-2 1.41658E-2 1.41183E-2 1.40595E-2 1.39611E-2 1.40444E-2 1.43293E-2 1.50192E-2 1.496E-2 1.38375E-2 1.28327E-2 1.24432E-2 1.1866E-2 1.16888E-2 1.20902E-2 1.38765E-2 1.75671E-2 1.59186E-2 1.25204E-2 1.38193E-2 1.29568E-2 1.12801E-2 1.10435E-2 1.21406E-2 1.25375E-2 1.24217E-2 1.19859E-2 1.20241E-2 1.23636E-2 1.26943E-2 1.19649E-2 1.20168E-2 1.19079E-2 1.10695E-2 1.11437E-2 1.13683E-2 1.06913E-2 1.09509E-2 1.03182E-2 9.90722E-3 9.85147E-3 9.89553E-3 9.69198E-3 9.61677E-3 1.03227E-2 1.01271E-2 9.9259E-3 9.42949E-3 9.21115E-3
1.93702E-2 1.95712E-2 2.02791E-2 2.19315E-2 2.04494E-2 2.13814E-2 1.91488E-2 1.84491E-2 1.80064E-2 1.74559E-2 1.66207E-2 1.50552E-2 1.44273E-2 1.40757E-2 1.38749E-2 1.35714E-2 1.3764E-2 1.41227E-2 1.48352E-2 1.4947E-2 1.46704E-2 1.40794E-2 1.34834E-2 1.31288E-2 1.27E-2 1.32149E-2 1.31188E-2 1.25089E-2 1.42524E-2 9.55597E-3 1.45032E-2 1.45488E-2 1.25423E-2 1.28225E-2 1.2919E-2 1.30091E-2 1.32308E-2 1.28961E-2 1.2112E-2 1.23979E-2 1.23798E-2 1.24576E-2 1.20511E-2 1.21675E-2 1.21557E-2 1.19753E-2 1.15732E-2 1.1807E-2 1.14155E-2 1.13121E-2 1.1299E-2 1.10584E-2 1.02806E-2 9.70364E-3 9.582E-3 1.00181E-2 9.7026E-3 9.3994E-3 9.59747E-3 9.31674E-3 9.21698E-3
1.82789E-2 1.74033E-2 2.01459E-2 2.07732E-2 2.05499E-2 2.13908E-2 2.1045E-2 1.92634E-2 1.71956E-2 1.65295E-2 1.63946E-2 1.50745E-2 1.40345E-2 1.42965E-2 1.50312E-2 1.46494E-2 1.47416E-2 1.39846E-2 1.41574E-2 1.43694E-2 1.44684E-2 1.4143E-2 1.36758E-2 1.39975E-2 1.34828E-2 1.33746E-2 1.23175E-2 1.14772E-2 1.04203E-2 1.57346E-2 1.24746E-2 1.40923E-2 1.35171E-2 1.40844E-2 1.35537E-2 1.31038E-2 1.31088E-2 1.25328E-2 1.24656E-2 1.25367E-2 1.25212E-2 1.30365E-2 1.29339E-2 1.18482E-2 1.13335E-2 1.14856E-2 1.1719E-2 1.14958E-2 1.13784E-2 1.12509E-2 1.13258E-2 1.11064E-2 1.06735E-2 9.67457E-3 9.52828E-3 9.41859E-3 9.52141E-3 1.00711E-2 9.34341E-3 9.84534E-3 9.26554E-3
1.88373E-2 1.97553E-2 1.98557E-2 2.13262E-2 2.19598E-2 2.09518E-2 2.09103E-2 1.9568E-2 1.94873E-2 1.8963E-2 1.67091E-2 1.45709E-2 1.38585E-2 1.40515E-2 1.40034E-2 1.40257E-2 1.37655E-2 1.3601E-2 1.41219E-2 1.44688E-2 1.46325E-2 1.42608E-2 1.39159E-2 1.40904E-2 1.23206E-2 1.13334E-2 1.0652E-2 1.19255E-2 1.36614E-2 1.37979E-2 9.91069E-3 1.19463E-2 1.44712E-2 1.42924E-2 1.37253E-2 1.35244E-2 1.33542E-2 1.30516E-2 1.29943E-2 1.30173E-2 1.27089E-2 1.28131E-2 1.28267E-2 1.26838E-2 1.27657E-2 1.26985E-2 1.22897E-2 1.16846E-2 1.14454E-2 1.12433E-2 1.12804E-2 1.15516E-2 1.13924E-2 9.96421E-3 9.60637E-3 9.61396E-3 9.4895E-3 9.60475E-3 9.34201E-3 9.64512E-3 8.97173E-3
1.98169E-2 2.09701E-2 2.10614E-2 2.16297E-2 2.11567E-2 1.93036E-2 1.96488E-2 1.97219E-2 1.98849E-2 1.89639E-2 1.84018E-2 1.62505E-2 1.57831E-2 1.445E-2 1.4025E-2 1.39795E-2 1.34512E-2 1.25958E-2 1.32581E-2 1.39594E-2 1.39505E-2 1.33121E-2 1.38032E-2 1.36062E-2 1.33316E-2 1.20635E-2 1.08607E-2 1.07923E-2 9.91704E-3 1.06691E-2 1.11618E-2 1.12456E-2 1.40954E-2 1.40595E-2 1.42574E-2 1.36711E-2 1.38118E-2 1.34108E-2 1.33147E-2 1.33321E-2 1.35333E-2 1.32635E-2 1.31651E-2 1.31126E-2 1.27871E-2 1.25473E-2 1.24162E-2 1.20882E-2 1.20095E-2 1.15254E-2 1.17822E-2 1.18313E-2 1.16434E-2 1.16399E-2 9.87786E-3 9.59209E-3 9.83136E-3 1.0289E-2 9.96746E-3 9.88021E-3 9.81783E-3
1.96295E-2 1.9629E-2 1.97861E-2 2.04177E-2 2.01605E-2 1.96278E-2 1.8691E-2 1.88277E-2 1.99467E-2 1.98831E-2 1.90041E-2 1.84871E-2 1.69551E-2 1.46032E-2 1.38229E-2 1.39659E-2 1.4019E-2 1.33181E-2 1.40573E-2 1.45184E-2 1.38945E-2 1.37138E-2 1.38461E-2 1.30911E-2 1.32945E-2 1.3108E-2 1.16853E-2 1.10942E-2 1.01516E-2 1.0968E-2 1.25801E-2 1.18715E-2 1.31538E-2 1.38098E-2 1.29904E-2 1.29681E-2 1.36529E-2 1.32631E-2 1.3207E-2 1.33045E-2 1.32274E-2 1.27999E-2 1.27045E-2 1.29741E-2 1.33267E-2 1.35533E-2 1.32641E-2 1.18927E-2 1.15713E-2 1.19748E-2 1.20383E-2 1.21375E-2 1.17501E-2 1.13301E-2 1.15394E-2 9.34506E-3 9.33786E-3 9.54046E-3 9.79199E-3 9.65605E-3 1.0225E-2
2.17172E-2 2.04852E-2 2.05756E-2 2.001E-2 2.02526E-2 1.99226E-2 1.96335E-2 2.03383E-2 2.15422E-2 2.07584E-2 1.92044E-2 1.73633E-2 1.71465E-2 1.52719E-2 1.40326E-2 1.42922E-2 1.46644E-2 1.42862E-2 1.42835E-2 1.42726E-2 1.49426E-2 1.45707E-2 1.44823E-2 1.43616E-2 1.54442E-2 1.59547E-2 1.36979E-2 1.43779E-2 1.43029E-2 1.17564E-2 1.1915E-2 1.29617E-2 1.33408E-2 1.31494E-2 1.30969E-2 1.29697E-2 1.3673E-2 1.33884E-2 1.44051E-2 1.39929E-2 1.3818E-2 1.35305E-2 1.3114E-2 1.28999E-2 1.32524E-2 1.34998E-2 1.37581E-2 1.30847E-2 1.24566E-2 1.32385E-2 1.34983E-2 1.18798E-2 1.11163E-2 1.06216E-2 1.10676E-2 9.11823E-3 8.82832E-3 8.87133E-3 9.25942E-3 9.69452E-3 9.81559E-3
2.11019E-2 2.04269E-2 2.01721E-2 1.9709E-2 1.88038E-2 1.87595E-2 1.87678E-2 1.80384E-2 1.9189E-2 1.81904E-2 1.84739E-2 1.57466E-2 1.6477E-2 1.62727E-2 1.96458E-2 1.73214E-2 1.66237E-2 1.59785E-2 1.53586E-2 1.5012E-2 1.5605E-2 1.55115E-2 1.53822E-2 1.40159E-2 1.29459E-2 1.42665E-2 1.2718E-2 1.31799E-2 1.3917E-2 1.29486E-2 1.34218E-2 1.44753E-2 1.48879E-2 1.3605E-2 1.26731E-2 1.28303E-2 1.39098E-2 1.40076E-2 1.42715E-2 1.39453E-2 1.41705E-2 1.40524E-2 1.37781E-2 1.37346E-2 1.3929E-2 1.40496E-2 1.38096E-2 1.39213E-2 1.2471E-2 1.1893E-2 1.26971E-2 1.17648E-2 1.1838E-2 1.1303E-2 1.19967E-2 1.03292E-2 9.23339E-3 8.92324E-3 8.99469E-3 9.44529E-3 1.0042E-2
1.94853E-2 2.02294E-2 1.95875E-2 1.91949E-2 1.85758E-2 1.65159E-2 1.74921E-2 1.59258E-2 1.63115E-2 1.62342E-2 1.5595E-2 1.53553E-2 1.44666E-2 1.3474E-2 1.51572E-2 1.41934E-2 1.58752E-2 1.62738E-2 1.72805E-2 1.52811E-2 1.46491E-2 1.51196E-2 1.48264E-2 1.62958E-2 1.60545E-2 1.57589E-2 1.51972E-2 1.30819E-2 1.27019E-2 1.35277E-2 1.38679E-2 1.34302E-2 1.48771E-2 1.49941E-2 1.3406E-2 1.30672E-2 1.42427E-2 1.43302E-2 1.42649E-2 1.42252E-2 1.37001E-2 1.43969E-2 1.42492E-2 1.38346E-2 1.31848E-2 1.33222E-2 1.27787E-2 1.33467E-2 1.28101E-2 1.25711E-2 1.2396E-2 1.22751E-2 1.25548E-2 1.30293E-2 1.42065E-2 1.11301E-2 1.10482E-2 1.02313E-2 9.46255E-3 9.67239E-3 1.00886E-2
1.90182E-2 1.99257E-2 1.98441E-2 1.81191E-2 1.78992E-2 1.75498E-2 1.79881E-2 1.66626E-2 1.67533E-2 1.57673E-2 1.4782E-2 1.68909E-2 1.43776E-2 1.42222E-2 1.3175E-2 1.27503E-2 1.56162E-2 1.71365E-2 1.72629E-2 1.50254E-2 1.53179E-2 1.56238E-2 1.56797E-2 1.63393E-2 1.80128E-2 1.76263E-2 1.7669E-2 1.56328E-2 1.36964E-2 1.49436E-2 1.40148E-2 1.70803E-2 1.72738E-2 1.65669E-2 1.41802E-2 1.39131E-2 1.55134E-2 1.61279E-2 1.50698E-2 1.44041E-2 1.41254E-2 1.36474E-2 1.36671E-2 1.31559E-2 1.29696E-2 1.3218E-2 1.35088E-2 1.39363E-2 1.32926E-2 1.31203E-2 1.29851E-2 1.21745E-2 1.15147E-2 1.16645E-2 1.34527E-2 1.36315E-2 1.14148E-2 1.09158E-2 1.01072E-2 1.01593E-2 1.00158E-2
2.01133E-2 1.8712E-2 1.81043E-2 1.75931E-2 1.85038E-2 1.93279E-2 1.81836E-2 1.57481E-2 1.49373E-2 1.59815E-2 1.40271E-2 1.43232E-2 1.20937E-2 1.25543E-2 1.29794E-2 1.28434E-2 1.46982E-2 1.54577E-2 1.58356E-2 1.55241E-2 1.54693E-2 1.74303E-2 2.04901E-2 1.84316E-2 1.78806E-2 1.71986E-2 1.76812E-2 1.68803E-2 1.66128E-2 1.56483E-2 1.43826E-2 1.41447E-2 1.61253E-2 1.71857E-2 1.64766E-2 1.52382E-2 1.66438E-2 1.59925E-2 1.5044E-2 1.5241E-2 1.42119E-2 1.40781E-2 1.4027E-2 1.40162E-2 1.37135E-2 1.34301E-2 1.34851E-2 1.3316E-2 1.36112E-2 1.36787E-2 1.37401E-2 1.35192E-2 1.30585E-2 1.26414E-2 1.27505E-2 1.30929E-2 1.23203E-2 1.1662E-2 1.10219E-2 1.11275E-2 1.06704E-2
1.89533E-2 1.75922E-2 1.72275E-2 1.71598E-2 1.86795E-2 1.79912E-2 1.59525E-2 1.47961E-2 1.54208E-2 1.69243E-2 1.63502E-2 1.46507E-2 1.23316E-2 1.2298E-2 1.26609E-2 1.27818E-2 1.28452E-2 1.38717E-2 1.59341E-2 1.77135E-2 1.43673E-2 1.4821E-2 1.81241E-2 1.82625E-2 1.68355E-2 1.70964E-2 1.7825E-2 1.76021E-2 1.6236E-2 1.46016E-2 1.43755E-2 1.51524E-2 1.5761E-2 1.75678E-2 1.72802E-2 1.76244E-2 1.62133E-2 1.47172E-2 1.5541E-2 1.73325E-2 1.55203E-2 1.45421E-2 1.4649E-2 1.43417E-2 1.36941E-2 1.32272E-2 1.31311E-2 1.33326E-2 1.36992E-2 1.38643E-2 1.35496E-2 1.36024E-2 1.38008E-2 1.33468E-2 1.3689E-2 1.42008E-2 1.20528E-2 1.22749E-2 1.18017E-2 1.21442E-2 1.18287E-2
1.74109E-2 1.55578E-2 1.43398E-2 1.51247E-2 1.6739E-2 1.63123E-2 1.54115E-2 1.55381E-2 1.6848E-2 2.01234E-2 1.89052E-2 1.36866E-2 1.25199E-2 1.20055E-2 1.3089E-2 1.58849E-2 1.48452E-2 1.37083E-2 1.55733E-2 1.68204E-2 1.59579E-2 1.57193E-2 1.60112E-2 1.70577E-2 1.89406E-2 1.73793E-2 1.73215E-2 1.73221E-2 1.81549E-2 1.79096E-2 1.60283E-2 1.74119E-2 1.78053E-2 1.61111E-2 1.76701E-2 1.9274E-2 1.92267E-2 1.63418E-2 1.56297E-2 1.94128E-2 1.80778E-2 1.53561E-2 1.4446E-2 1.42104E-2 1.37794E-2 1.35311E-2 1.3325E-2 1.34259E-2 1.35595E-2 1.35558E-2 1.37815E-2 1.39003E-2 1.35361E-2 1.3229E-2 1.33788E-2 1.40309E-2 1.33743E-2 1.1845E-2 1.17424E-2 1.16757E-2 1.18978E-2
1.83188E-2 1.64454E-2 1.49465E-2 1.39772E-2 1.47539E-2 1.71088E-2 1.80356E-2 1.78268E-2 1.44186E-2 1.43027E-2 1.89262E-2 1.51359E-2 1.26693E-2 1.22323E-2 1.3562E-2 1.62609E-2 1.3922E-2 1.4527E-2 1.46669E-2 1.43075E-2 1.44214E-2 1.52341E-2 1.5375E-2 1.7367E-2 1.84522E-2 1.81406E-2 1.83851E-2 1.79946E-2 1.74924E-2 1.64474E-2 1.72074E-2 1.7222E-2 1.80199E-2 1.57709E-2 1.64849E-2 1.72755E-2 1.59153E-2 1.46974E-2 1.48424E-2 1.65595E-2 1.66385E-2 1.53228E-2 1.53657E-2 1.43868E-2 1.40368E-2 1.38787E-2 1.38382E-2 1.38914E-2 1.38263E-2 1.39758E-2 1.40543E-2 1.43888E-2 1.43815E-2 1.42977E-2 1.36959E-2 1.4171E-2 1.44886E-2 1.21479E-2 1.24012E-2 1.19867E-2 1.18533E-2
2.19388E-2 1.81863E-2 1.66827E-2 1.41463E-2 1.47003E-2 1.41672E-2 1.44971E-2 1.54431E-2 1.56355E-2 1.42672E-2 1.63606E-2 1.54949E-2 1.46276E-2 1.29305E-2 1.32892E-2 1.43412E-2 1.43994E-2 1.47695E-2 1.44548E-2 1.35601E-2 1.40256E-2 1.49235E-2 1.60572E-2 1.72585E-2 1.71382E-2 1.71213E-2 1.77268E-2 1.68932E-2 1.55859E-2 1.65187E-2 1.72909E-2 1.73583E-2 1.80856E-2 1.84178E-2 1.79432E-2 1.79996E-2 1.66296E-2 1.49588E-2 1.42258E-2 1.51307E-2 1.5339E-2 1.58632E-2 1.65405E-2 1.67458E-2 1.55604E-2 1.47154E-2 1.41755E-2 1.41565E-2 1.44036E-2 1.46223E-2 1.45111E-2 1.50951E-2 1.48849E-2 1.464E-2 1.45475E-2 1.50742E-2 1.44407E-2 1.22775E-2 1.21624E-2 1.19375E-2 1.21787E-2
