maxent_outputs/red_flowers_troch_bombus_environ/red_274.asc
ncols         426
nrows         180
xllcorner     -130.0
yllcorner     24.0
cellsize      0.16666666666666666
NODATA_value  -9999
[rows 0 to 26 of 180, columns 61 to 121 of 426]
6.86702E-2 6.92478E-2 7.27378E-2 6.16214E-2 4.79657E-2 5.24056E-2 5.01383E-2 4.63104E-2 4.38328E-2 4.18563E-2 3.62553E-2 3.06308E-2 3.08897E-2 2.86956E-2 2.61744E-2 2.51258E-2 2.48734E-2 2.58353E-2 2.80728E-2 2.69175E-2 2.50464E-2 2.45578E-2 2.32924E-2 1.96357E-2 1.92722E-2 1.92007E-2 1.72244E-2 1.47394E-2 1.40533E-2 1.34155E-2 1.33494E-2 1.40564E-2 1.51141E-2 1.50897E-2 1.52354E-2 1.33108E-2 1.29364E-2 1.29222E-2 1.29309E-2 1.27187E-2 1.2179E-2 1.19056E-2 1.18116E-2 1.15299E-2 1.14826E-2 1.14911E-2 1.15208E-2 1.17509E-2 1.15383E-2 1.13646E-2 1.12836E-2 1.14785E-2 1.12708E-2 1.10782E-2 1.07231E-2 1.02666E-2 1.02359E-2 1.04168E-2 1.06096E-2 1.05075E-2 1.03711E-2
6.74058E-2 6.77939E-2 5.61683E-2 6.14769E-2 6.0316E-2 6.4031E-2 5.91796E-2 6.19217E-2 5.07536E-2 4.30772E-2 3.89867E-2 3.52702E-2 3.33708E-2 3.14933E-2 3.07144E-2 2.80936E-2 2.67274E-2 2.88495E-2 2.52931E-2 2.42036E-2 2.19152E-2 1.9493E-2 1.81159E-2 1.7144E-2 1.68218E-2 1.62718E-2 1.7137E-2 1.58559E-2 1.57322E-2 1.52766E-2 1.62082E-2 1.6093E-2 1.67815E-2 1.60389E-2 1.61521E-2 1.46747E-2 1.33251E-2 1.34554E-2 1.29128E-2 1.28977E-2 1.30488E-2 1.33155E-2 1.3554E-2 1.25083E-2 1.24533E-2 1.22886E-2 1.17983E-2 1.20375E-2 1.18041E-2 1.18642E-2 1.15821E-2 1.13561E-2 1.10105E-2 1.10511E-2 1.07727E-2 1.0144E-2 1.00829E-2 1.00448E-2 1.02718E-2 9.98289E-3 1.01803E-2
7.1012E-2 6.67572E-2 6.61619E-2 6.24102E-2 7.62605E-2 7.59413E-2 8.10476E-2 7.9644E-2 7.40691E-2 6.04836E-2 4.20732E-2 3.60502E-2 3.48992E-2 3.59753E-2 3.10952E-2 2.75491E-2 2.73596E-2 2.57281E-2 2.37078E-2 2.10164E-2 1.95504E-2 1.94982E-2 1.93147E-2 1.92635E-2 1.83351E-2 1.80326E-2 1.76061E-2 1.63479E-2 1.55733E-2 1.55804E-2 1.66893E-2 1.78806E-2 1.75535E-2 1.65933E-2 1.65041E-2 1.60471E-2 1.47523E-2 1.68318E-2 1.7046E-2 1.52025E-2 1.44317E-2 1.43575E-2 1.40071E-2 1.3297E-2 1.25621E-2 1.24123E-2 1.20304E-2 1.2506E-2 1.27074E-2 1.25849E-2 1.18169E-2 1.14797E-2 1.15017E-2 1.10727E-2 1.09189E-2 1.04499E-2 1.01741E-2 1.04647E-2 1.02154E-2 9.90136E-3 9.70675E-3
6.75836E-2 8.16195E-2 8.80335E-2 6.08293E-2 8.06188E-2 7.8386E-2 7.64004E-2 7.29827E-2 5.79063E-2 6.40333E-2 5.70397E-2 3.85088E-2 3.25313E-2 2.97063E-2 3.06302E-2 3.00993E-2 2.85857E-2 2.68947E-2 2.38875E-2 2.18719E-2 2.30056E-2 2.30198E-2 2.18659E-2 2.15434E-2 2.19518E-2 2.11297E-2 2.08643E-2 1.92223E-2 1.80474E-2 1.69908E-2 1.61868E-2 1.70394E-2 1.83566E-2 1.6433E-2 1.57745E-2 1.47631E-2 1.54734E-2 1.57058E-2 1.61756E-2 1.53447E-2 1.56154E-2 1.53421E-2 1.51319E-2 1.43837E-2 1.28127E-2 1.25469E-2 1.23763E-2 1.24713E-2 1.2812E-2 1.24969E-2 1.22231E-2 1.18573E-2 1.1514E-2 1.1535E-2 1.11023E-2 1.06902E-2 1.07004E-2 1.08252E-2 1.05815E-2 1.05353E-2 1.03578E-2
8.70881E-2 7.00218E-2 7.09267E-2 8.15296E-2 8.27054E-2 7.47653E-2 7.71583E-2 7.74785E-2 8.77425E-2 5.96088E-2 5.52541E-2 3.79637E-2 3.81599E-2 3.93054E-2 3.54094E-2 3.29706E-2 3.21419E-2 2.86287E-2 2.70968E-2 2.32015E-2 2.44824E-2 2.44497E-2 2.3726E-2 2.26155E-2 2.14711E-2 2.08511E-2 2.0459E-2 1.95319E-2 1.83676E-2 1.74468E-2 1.72411E-2 1.78155E-2 1.89976E-2 1.87808E-2 1.75567E-2 1.69289E-2 1.6399E-2 1.63175E-2 1.53998E-2 1.49262E-2 1.53137E-2 1.58624E-2 1.59555E-2 1.52098E-2 1.41576E-2 1.34615E-2 1.31317E-2 1.2773E-2 1.30049E-2 1.31112E-2 1.26917E-2 1.28166E-2 1.22888E-2 1.24415E-2 1.2005E-2 1.17335E-2 1.13343E-2 1.13433E-2 1.11263E-2 1.14246E-2 1.13827E-2
5.58171E-2 6.11453E-2 8.10376E-2 6.27723E-2 8.87456E-2 6.80942E-2 7.81889E-2 7.69083E-2 7.59345E-2 7.8495E-2 4.50252E-2 5.09923E-2 5.81828E-2 6.14991E-2 4.96446E-2 3.96005E-2 3.82202E-2 3.6283E-2 3.18019E-2 2.81739E-2 2.80437E-2 2.74274E-2 2.65376E-2 2.53067E-2 2.29188E-2 2.14768E-2 2.22277E-2 2.08511E-2 2.00157E-2 1.88997E-2 1.97109E-2 1.97757E-2 2.00661E-2 2.0109E-2 2.0283E-2 1.91387E-2 1.84775E-2 1.78254E-2 1.65416E-2 1.59343E-2 1.57098E-2 1.55909E-2 1.56737E-2 1.51321E-2 1.40541E-2 1.34582E-2 1.3461E-2 1.30382E-2 1.31311E-2 1.34545E-2 1.32728E-2 1.29671E-2 1.21464E-2 1.20829E-2 1.22579E-2 1.1861E-2 1.14998E-2 1.12985E-2 1.15523E-2 1.17243E-2 1.20665E-2
9.90747E-2 7.66131E-2 4.56832E-2 6.87729E-2 8.5758E-2 7.26432E-2 6.94178E-2 7.04931E-2 6.73179E-2 7.29009E-2 4.22175E-2 7.72153E-2 6.39613E-2 6.53448E-2 6.85952E-2 6.46892E-2 5.20347E-2 4.27903E-2 3.70362E-2 3.27236E-2 3.05012E-2 2.8163E-2 2.68498E-2 2.46869E-2 2.36526E-2 2.22399E-2 2.25347E-2 2.14005E-2 2.22755E-2 2.02355E-2 2.06661E-2 2.05077E-2 2.08952E-2 2.06727E-2 2.01703E-2 1.90094E-2 1.86776E-2 1.84196E-2 1.77803E-2 1.66288E-2 1.6531E-2 1.64268E-2 1.64135E-2 1.49776E-2 1.41005E-2 1.36809E-2 1.34817E-2 1.31099E-2 1.27154E-2 1.36132E-2 1.35195E-2 1.3557E-2 1.30303E-2 1.27933E-2 1.28329E-2 1.24487E-2 1.24426E-2 1.18299E-2 1.15654E-2 1.19171E-2 1.2387E-2
1.20829E-1 9.96851E-2 8.13365E-2 5.52184E-2 6.71391E-2 8.97889E-2 9.37431E-2 8.33185E-2 1.02714E-1 9.83204E-2 7.18099E-2 5.72269E-2 7.85387E-2 7.6866E-2 8.47924E-2 9.59883E-2 8.68382E-2 5.60287E-2 4.36938E-2 4.11774E-2 3.3917E-2 2.84922E-2 2.66726E-2 2.66571E-2 2.54328E-2 2.54344E-2 2.50945E-2 2.38207E-2 2.32605E-2 2.25722E-2 2.26569E-2 2.11897E-2 2.04465E-2 1.93936E-2 2.01498E-2 1.91982E-2 1.84249E-2 1.89351E-2 1.91101E-2 1.83114E-2 1.78653E-2 1.78898E-2 1.78494E-2 1.7241E-2 1.56442E-2 1.48109E-2 1.4093E-2 1.36409E-2 1.36661E-2 1.33285E-2 1.34473E-2 1.39612E-2 1.36373E-2 1.37176E-2 1.33641E-2 1.34131E-2 1.28943E-2 1.24212E-2 1.27573E-2 1.25045E-2 1.2954E-2
8.31036E-2 8.1515E-2 8.82223E-2 9.10972E-2 7.92694E-2 7.26994E-2 8.24035E-2 1.01589E-1 9.13733E-2 9.95215E-2 8.32983E-2 6.91252E-2 6.81669E-2 7.34612E-2 9.50349E-2 1.01869E-1 9.27672E-2 6.60316E-2 6.99193E-2 6.04718E-2 4.3523E-2 3.65294E-2 3.54694E-2 3.30935E-2 3.1164E-2 2.77707E-2 2.63364E-2 2.477E-2 2.3319E-2 2.35087E-2 2.33036E-2 2.06986E-2 1.90335E-2 2.01396E-2 2.07261E-2 2.08389E-2 1.97288E-2 2.02138E-2 2.0636E-2 1.97602E-2 1.88868E-2 1.85087E-2 1.81281E-2 1.81045E-2 1.67403E-2 1.60594E-2 1.54636E-2 1.51357E-2 1.48072E-2 1.50635E-2 1.5449E-2 1.54629E-2 1.57474E-2 1.51117E-2 1.43013E-2 1.39699E-2 1.36928E-2 1.36469E-2 1.43186E-2 1.41018E-2 1.39186E-2
9.14869E-2 9.97753E-2 9.31838E-2 7.92134E-2 9.09087E-2 1.20587E-1 7.71267E-2 8.9833E-2 9.94772E-2 9.1815E-2 1.01633E-1 7.85025E-2 7.81378E-2 7.20656E-2 7.39031E-2 1.0073E-1 9.51521E-2 1.00473E-1 1.102E-1 8.52095E-2 5.33487E-2 3.66431E-2 3.70669E-2 3.71517E-2 3.50667E-2 3.05992E-2 2.9214E-2 2.70557E-2 2.49859E-2 2.1658E-2 1.90349E-2 1.98772E-2 1.97332E-2 2.11115E-2 2.07263E-2 2.04228E-2 1.94127E-2 2.0709E-2 1.99476E-2 1.97228E-2 1.87631E-2 1.91745E-2 1.91205E-2 1.86783E-2 1.76161E-2 1.74889E-2 1.8038E-2 1.72556E-2 1.68541E-2 1.61332E-2 1.61463E-2 1.60935E-2 1.61156E-2 1.50928E-2 1.42148E-2 1.42499E-2 1.36842E-2 1.37221E-2 1.42496E-2 1.44197E-2 1.44002E-2
9.48261E-2 1.02214E-1 9.7588E-2 7.91285E-2 1.10736E-1 1.14149E-1 1.13098E-1 8.69851E-2 9.07094E-2 8.62149E-2 9.58458E-2 1.12015E-1 1.13384E-1 9.32028E-2 1.2325E-1 1.15379E-1 9.58317E-2 1.1108E-1 1.05917E-1 9.92279E-2 5.36511E-2 5.60161E-2 5.09253E-2 4.52104E-2 3.96254E-2 3.74942E-2 3.45306E-2 2.99902E-2 2.62505E-2 2.41945E-2 2.18218E-2 2.10336E-2 1.98221E-2 1.79357E-2 1.96716E-2 1.93982E-2 2.04354E-2 2.1296E-2 2.04171E-2 2.0456E-2 1.98686E-2 1.97899E-2 2.00916E-2 1.94629E-2 1.84617E-2 1.79267E-2 1.8034E-2 1.85491E-2 1.8853E-2 1.75976E-2 1.61598E-2 1.61276E-2 1.5883E-2 1.57158E-2 1.48833E-2 1.41708E-2 1.39695E-2 1.41157E-2 1.43802E-2 1.45879E-2 1.47409E-2
9.25763E-2 8.98985E-2 9.33564E-2 8.15827E-2 1.01967E-1 1.14221E-1 9.55461E-2 9.12318E-2 8.27201E-2 8.44819E-2 1.05604E-1 9.6303E-2 1.05006E-1 1.19651E-1 9.50118E-2 1.23582E-1 9.5601E-2 9.06406E-2 1.08915E-1 8.32882E-2 5.92536E-2 9.16983E-2 8.05025E-2 6.11016E-2 4.632E-2 4.37599E-2 3.98804E-2 3.31831E-2 2.90862E-2 2.6918E-2 2.56983E-2 2.45512E-2 2.23851E-2 2.01567E-2 1.91404E-2 2.01792E-2 2.13291E-2 2.16093E-2 2.14922E-2 2.17474E-2 2.08435E-2 1.97754E-2 1.94798E-2 1.95561E-2 1.8499E-2 1.84827E-2 1.84823E-2 1.68337E-2 1.68189E-2 1.71427E-2 1.668E-2 1.55817E-2 1.53353E-2 1.47371E-2 1.39769E-2 1.40886E-2 1.40921E-2 1.42133E-2 1.40051E-2 1.42523E-2 1.4214E-2
1.12141E-1 9.64568E-2 1.05076E-1 1.04146E-1 1.0577E-1 1.19202E-1 1.13171E-1 1.05058E-1 1.28134E-1 1.39543E-1 1.04719E-1 8.57129E-2 1.02184E-1 1.14936E-1 8.27522E-2 1.03538E-1 1.30278E-1 1.10234E-1 7.65265E-2 1.10874E-1 9.62384E-2 1.21675E-1 1.07467E-1 8.78699E-2 6.42376E-2 5.50302E-2 4.79258E-2 4.00783E-2 3.22668E-2 2.91374E-2 2.73764E-2 2.53851E-2 2.51208E-2 2.32943E-2 2.3071E-2 2.23973E-2 2.13863E-2 2.1689E-2 2.14013E-2 2.10534E-2 2.10167E-2 1.93345E-2 1.82061E-2 1.96632E-2 1.87366E-2 1.84792E-2 1.8709E-2 1.79799E-2 1.72847E-2 1.61678E-2 1.52079E-2 1.50673E-2 1.45839E-2 1.33494E-2 1.34725E-2 1.35676E-2 1.3136E-2 1.3372E-2 1.30864E-2 1.32114E-2 1.35864E-2
8.63667E-2 8.79379E-2 8.96245E-2 1.0139E-1 1.20551E-1 1.46926E-1 1.12407E-1 1.09061E-1 1.4912E-1 1.42356E-1 1.41747E-1 1.67859E-1 9.22853E-2 6.58601E-2 7.60727E-2 9.57228E-2 1.02635E-1 1.36495E-1 9.88988E-2 1.22042E-1 1.1918E-1 1.25655E-1 1.23291E-1 1.15062E-1 9.28606E-2 7.02413E-2 5.6746E-2 4.5239E-2 3.54006E-2 3.13263E-2 2.77171E-2 2.67876E-2 2.56498E-2 2.49845E-2 2.38244E-2 2.21117E-2 2.1892E-2 2.14408E-2 2.13148E-2 2.13542E-2 1.98509E-2 1.94715E-2 1.84266E-2 1.88765E-2 1.97336E-2 1.99674E-2 1.87597E-2 1.84058E-2 1.79957E-2 1.57385E-2 1.50912E-2 1.47384E-2 1.53535E-2 1.43087E-2 1.35636E-2 1.42851E-2 1.39889E-2 1.31159E-2 1.31308E-2 1.30097E-2 1.33609E-2
7.30602E-2 7.92449E-2 1.00857E-1 9.00051E-2 1.34673E-1 1.49765E-1 1.53889E-1 1.02332E-1 1.51792E-1 1.54836E-1 1.58326E-1 1.98016E-1 1.66288E-1 1.42474E-1 6.1813E-2 6.52995E-2 9.51488E-2 8.57281E-2 8.56213E-2 1.29431E-1 1.12636E-1 1.00693E-1 1.13147E-1 1.13864E-1 1.0401E-1 8.52042E-2 6.40761E-2 4.88296E-2 4.13093E-2 3.4239E-2 3.09593E-2 2.81912E-2 2.61517E-2 2.52618E-2 2.54154E-2 2.39334E-2 2.26487E-2 2.16459E-2 2.15275E-2 2.12554E-2 2.05898E-2 1.93435E-2 1.86589E-2 1.86188E-2 2.12676E-2 2.30649E-2 2.16018E-2 1.84146E-2 1.8327E-2 1.6697E-2 1.51251E-2 1.51166E-2 1.50484E-2 1.48572E-2 1.42846E-2 1.43411E-2 1.4117E-2 1.41512E-2 1.41491E-2 1.39442E-2 1.36271E-2
1.08207E-1 1.03752E-1 7.94314E-2 1.17166E-1 1.36047E-1 1.2358E-1 1.5186E-1 1.68864E-1 1.11888E-1 1.8577E-1 1.72657E-1 2.00668E-1 1.93675E-1 1.60018E-1 1.12536E-1 1.32851E-1 5.35018E-2 9.26889E-2 1.16167E-1 7.65638E-2 1.01477E-1 9.35016E-2 8.9349E-2 1.26647E-1 1.00788E-1 9.8903E-2 9.7776E-2 6.90956E-2 4.69175E-2 3.6779E-2 3.33157E-2 3.10839E-2 2.83082E-2 2.74507E-2 2.68989E-2 2.59426E-2 2.35998E-2 2.20527E-2 2.12358E-2 2.17009E-2 2.15061E-2 2.09118E-2 2.039E-2 1.97819E-2 1.99764E-2 2.24014E-2 2.1658E-2 1.992E-2 1.85504E-2 1.71985E-2 1.55498E-2 1.56597E-2 1.58659E-2 1.55508E-2 1.49021E-2 1.47849E-2 1.47256E-2 1.43356E-2 1.43753E-2 1.47647E-2 1.48336E-2
8.26155E-2 7.63286E-2 9.75778E-2 1.31877E-1 1.08508E-1 1.04737E-1 1.78438E-1 2.33694E-1 1.78734E-1 1.31019E-1 2.02593E-1 2.18868E-1 1.65705E-1 1.97237E-1 1.55576E-1 1.90711E-1 1.34359E-1 5.57467E-2 9.5285E-2 7.74905E-2 1.09163E-1 1.14484E-1 9.08751E-2 8.26889E-2 8.61643E-2 6.93329E-2 7.47709E-2 7.92286E-2 5.11167E-2 3.93646E-2 3.62243E-2 3.34274E-2 3.08011E-2 2.91486E-2 2.73624E-2 2.66756E-2 2.54557E-2 2.41588E-2 2.3255E-2 2.23688E-2 2.15421E-2 2.20441E-2 2.22612E-2 2.31036E-2 2.2786E-2 2.13717E-2 2.045E-2 1.92636E-2 1.72572E-2 1.56931E-2 1.53921E-2 1.56424E-2 1.63694E-2 1.66803E-2 1.51936E-2 1.53397E-2 1.48222E-2 1.44898E-2 1.52945E-2 1.57826E-2 1.57398E-2
7.49012E-2 1.0752E-1 9.56842E-2 1.32002E-1 1.14622E-1 1.11627E-1 1.6293E-1 1.7524E-1 2.16724E-1 1.28547E-1 1.85335E-1 1.63358E-1 2.25641E-1 1.63284E-1 2.26334E-1 1.56305E-1 1.54469E-1 1.12883E-1 5.68272E-2 6.1434E-2 7.58651E-2 9.38293E-2 9.46908E-2 9.967E-2 9.35663E-2 8.2151E-2 7.13752E-2 6.90911E-2 5.47376E-2 5.02679E-2 4.12911E-2 3.4166E-2 2.9679E-2 3.12156E-2 3.23101E-2 2.86961E-2 2.52813E-2 2.43623E-2 2.42637E-2 2.38862E-2 2.29052E-2 2.21969E-2 2.17671E-2 2.31087E-2 2.25095E-2 2.16625E-2 1.97644E-2 1.83754E-2 1.66897E-2 1.63962E-2 1.53028E-2 1.52379E-2 1.52719E-2 1.53846E-2 1.59984E-2 1.59164E-2 1.624E-2 1.52178E-2 1.50768E-2 1.55487E-2 1.62374E-2
6.37462E-2 7.05825E-2 7.46092E-2 8.58879E-2 9.41242E-2 1.18704E-1 1.23737E-1 1.56713E-1 1.77017E-1 1.6229E-1 1.53343E-1 1.9821E-1 2.03227E-1 1.32547E-1 2.12929E-1 1.48394E-1 1.78424E-1 1.29532E-1 1.34049E-1 6.26875E-2 4.56997E-2 8.83959E-2 6.72123E-2 7.84545E-2 1.04789E-1 1.09403E-1 7.85941E-2 9.55679E-2 7.31615E-2 7.41361E-2 5.34072E-2 4.10874E-2 3.436E-2 2.93471E-2 2.93336E-2 2.7492E-2 2.48854E-2 2.43567E-2 2.48075E-2 2.43872E-2 2.42953E-2 2.3598E-2 2.42263E-2 2.38107E-2 2.2754E-2 2.18698E-2 2.02433E-2 1.94516E-2 1.87355E-2 1.80583E-2 1.74725E-2 1.83571E-2 1.87698E-2 1.78174E-2 1.73581E-2 1.78553E-2 1.76289E-2 1.64183E-2 1.63216E-2 1.71813E-2 1.69956E-2
5.31218E-2 7.40774E-2 8.53596E-2 7.79463E-2 9.18999E-2 1.6341E-1 1.55379E-1 1.38368E-1 2.05269E-1 2.35481E-1 1.45699E-1 1.58514E-1 1.37958E-1 1.72849E-1 1.68041E-1 1.42919E-1 1.23796E-1 1.66832E-1 1.4258E-1 1.47526E-1 9.08381E-2 4.44515E-2 8.03507E-2 6.95414E-2 8.15026E-2 9.17838E-2 9.36501E-2 9.89679E-2 9.07948E-2 8.82411E-2 7.27989E-2 5.03863E-2 3.91872E-2 3.28116E-2 3.06332E-2 2.86654E-2 2.745E-2 2.75104E-2 2.74044E-2 2.66766E-2 2.70391E-2 2.62296E-2 2.56124E-2 2.59058E-2 2.4957E-2 2.31131E-2 2.22991E-2 2.15594E-2 2.10209E-2 2.07593E-2 2.07692E-2 2.11856E-2 2.02363E-2 2.00105E-2 1.99442E-2 1.84733E-2 1.74242E-2 1.78045E-2 1.88468E-2 1.85116E-2 1.85817E-2
6.11016E-2 8.61281E-2 8.48303E-2 7.29309E-2 7.57735E-2 1.11508E-1 9.93964E-2 1.85778E-1 1.49064E-1 2.21359E-1 2.03985E-1 1.0562E-1 1.77818E-1 1.62513E-1 1.39266E-1 1.51761E-1 1.15489E-1 1.2518E-1 1.13001E-1 1.47078E-1 1.20174E-1 7.40041E-2 4.14451E-2 8.87198E-2 6.17287E-2 7.04197E-2 8.08628E-2 9.97142E-2 8.18045E-2 1.00137E-1 8.83514E-2 6.4045E-2 5.03321E-2 4.13868E-2 3.70776E-2 3.17742E-2 2.83E-2 2.67887E-2 2.71199E-2 2.88744E-2 3.08437E-2 2.90886E-2 2.80561E-2 2.80059E-2 2.7134E-2 2.57568E-2 2.36192E-2 2.32027E-2 2.23629E-2 2.14015E-2 2.05251E-2 2.08767E-2 2.14269E-2 2.09354E-2 2.07205E-2 1.94144E-2 1.90604E-2 1.97038E-2 1.92048E-2 1.90838E-2 1.84392E-2
6.56041E-2 7.58335E-2 7.19512E-2 6.00553E-2 1.0986E-1 9.86709E-2 9.81399E-2 1.35906E-1 1.51181E-1 1.91329E-1 1.50362E-1 1.06972E-1 1.74736E-1 1.88713E-1 1.69226E-1 1.30998E-1 1.02667E-1 1.02062E-1 1.56779E-1 1.46134E-1 1.4946E-1 1.12892E-1 8.13933E-2 4.67278E-2 9.68785E-2 5.58405E-2 9.72424E-2 8.71349E-2 1.01467E-1 7.626E-2 8.04216E-2 7.38875E-2 6.08894E-2 4.82233E-2 4.21425E-2 3.76976E-2 3.30163E-2 2.9896E-2 2.97016E-2 3.01873E-2 3.05602E-2 3.04237E-2 2.97689E-2 2.86866E-2 2.734E-2 2.61345E-2 2.51318E-2 2.42674E-2 2.34854E-2 2.27424E-2 2.22439E-2 2.25291E-2 2.19727E-2 2.18666E-2 2.08028E-2 2.07553E-2 2.08678E-2 2.08702E-2 2.04465E-2 2.01011E-2 1.96754E-2
9.99332E-2 8.20085E-2 6.67954E-2 6.63848E-2 8.43919E-2 7.18758E-2 1.07435E-1 1.12635E-1 1.46928E-1 1.94875E-1 1.36626E-1 1.21013E-1 1.30303E-1 1.47097E-1 1.54592E-1 1.65766E-1 1.26302E-1 9.78772E-2 1.54522E-1 1.50003E-1 1.29505E-1 1.34425E-1 1.01261E-1 6.08479E-2 6.6058E-2 8.08816E-2 7.82592E-2 6.72824E-2 9.49483E-2 6.84827E-2 9.81286E-2 9.3154E-2 7.54153E-2 5.76876E-2 4.92778E-2 4.56967E-2 3.8376E-2 3.40136E-2 3.1916E-2 3.15104E-2 3.085E-2 3.14242E-2 3.15601E-2 3.02174E-2 2.83382E-2 2.77128E-2 2.67834E-2 2.6549E-2 2.51061E-2 2.4197E-2 2.39599E-2 2.32678E-2 2.26883E-2 2.22908E-2 2.22424E-2 2.21696E-2 2.19592E-2 2.12098E-2 2.16404E-2 2.0427E-2 1.98245E-2
8.71897E-2 7.39635E-2 6.74516E-2 9.71137E-2 1.10756E-1 1.46762E-1 1.5567E-1 1.32371E-1 1.51496E-1 1.58255E-1 1.27894E-1 1.30575E-1 1.30266E-1 1.42261E-1 1.17052E-1 1.45834E-1 1.33572E-1 1.07186E-1 1.32211E-1 1.25128E-1 1.3421E-1 1.34321E-1 9.87158E-2 8.02352E-2 4.59244E-2 6.96433E-2 8.71204E-2 1.12985E-1 9.94822E-2 6.60195E-2 9.18054E-2 1.03376E-1 9.20324E-2 6.68406E-2 5.8434E-2 4.68908E-2 4.02714E-2 3.68988E-2 3.57434E-2 3.35876E-2 3.29885E-2 3.35354E-2 3.33821E-2 3.25359E-2 3.11562E-2 3.01012E-2 2.9055E-2 2.83122E-2 2.77333E-2 2.68058E-2 2.62066E-2 2.56669E-2 2.55569E-2 2.53254E-2 2.49049E-2 2.41325E-2 2.35395E-2 2.35861E-2 2.32369E-2 2.25836E-2 2.19883E-2
6.68917E-2 6.51084E-2 6.26605E-2 8.80894E-2 1.04543E-1 1.51759E-1 1.38828E-1 1.42871E-1 1.70681E-1 1.22118E-1 1.18577E-1 1.44014E-1 1.66245E-1 1.72097E-1 1.18744E-1 1.50388E-1 1.45202E-1 1.0468E-1 1.42676E-1 1.33174E-1 1.35756E-1 1.2686E-1 1.22355E-1 8.52068E-2 3.9345E-2 1.05127E-1 1.14308E-1 1.12218E-1 1.01728E-1 7.02645E-2 9.72892E-2 1.01372E-1 8.38287E-2 7.1752E-2 6.13007E-2 5.24754E-2 4.34388E-2 3.87412E-2 3.80755E-2 3.66121E-2 3.62056E-2 3.52377E-2 3.4851E-2 3.45514E-2 3.41621E-2 3.34145E-2 3.30314E-2 3.11911E-2 3.05291E-2 2.95195E-2 2.86721E-2 2.79345E-2 2.73541E-2 2.63337E-2 2.65592E-2 2.75406E-2 2.72537E-2 2.79051E-2 2.63492E-2 2.65067E-2 2.65311E-2
6.24913E-2 6.90557E-2 8.32724E-2 8.72405E-2 9.6351E-2 1.33444E-1 9.67388E-2 1.49205E-1 1.48647E-1 1.16375E-1 1.20832E-1 1.64595E-1 1.78649E-1 1.34266E-1 1.22641E-1 1.5269E-1 1.52955E-1 1.01977E-1 1.24206E-1 1.22999E-1 1.05457E-1 1.31194E-1 1.12961E-1 6.50866E-2 4.03396E-2 9.70159E-2 1.16602E-1 8.77935E-2 1.00727E-1 8.33347E-2 9.51246E-2 1.068E-1 1.01055E-1 7.30415E-2 5.5298E-2 5.96108E-2 4.93238E-2 4.48318E-2 4.28884E-2 4.10186E-2 4.04619E-2 3.92128E-2 3.7607E-2 3.6655E-2 3.63726E-2 3.7018E-2 3.64157E-2 3.45173E-2 3.34068E-2 3.21116E-2 3.0351E-2 2.95847E-2 2.83765E-2 2.96311E-2 3.07868E-2 3.11005E-2 3.14626E-2 3.24624E-2 3.2597E-2 3.22851E-2 3.0577E-2
5.66784E-2 7.09928E-2 1.0812E-1 7.69689E-2 7.32644E-2 8.32914E-2 1.01378E-1 1.37114E-1 1.1057E-1 1.11004E-1 1.20033E-1 1.46381E-1 1.20626E-1 1.1206E-1 1.28541E-1 1.16948E-1 1.22218E-1 1.12588E-1 1.14328E-1 1.32895E-1 1.18311E-1 1.04578E-1 8.99232E-2 5.60073E-2 4.62346E-2 4.97574E-2 9.30142E-2 7.99157E-2 9.23906E-2 9.0583E-2 9.12168E-2 1.06792E-1 9.89351E-2 8.0304E-2 5.64511E-2 5.07591E-2 4.87323E-2 4.72932E-2 4.80362E-2 4.47881E-2 4.17553E-2 3.98697E-2 3.94914E-2 3.80782E-2 3.85361E-2 3.85669E-2 3.84762E-2 3.74428E-2 3.65951E-2 3.57401E-2 3.42554E-2 3.27316E-2 3.07654E-2 3.10027E-2 3.09571E-2 3.10139E-2 3.3065E-2 3.72827E-2 3.84643E-2 3.82857E-2 3.6773E-2
