maxent_outputs/red_flowers_troch_bombus_environ/red_193.asc
ncols         426
nrows         180
xllcorner     -130.0
yllcorner     24.0
cellsize      0.16666666666666666
NODATA_value  -9999
[rows 0 to 26 of 180, columns 183 to 243 of 426]
1.66441E-1 1.5824E-1 1.53382E-1 1.50869E-1 1.45966E-1 1.43387E-1 1.44906E-1 1.62885E-1 1.63402E-1 1.59658E-1 1.47773E-1 1.43342E-1 1.37535E-1 1.37168E-1 1.39756E-1 1.42887E-1 1.40596E-1 1.39599E-1 1.39757E-1 1.44113E-1 1.56042E-1 1.48881E-1 1.42353E-1 1.41013E-1 1.39606E-1 1.40226E-1 1.37235E-1 1.44302E-1 1.49291E-1 1.44937E-1 1.39336E-1 1.37655E-1 1.37662E-1 1.38541E-1 1.34896E-1 1.33567E-1 1.32772E-1 1.32961E-1 1.36452E-1 1.35198E-1 1.34128E-1 1.36141E-1 1.35232E-1 1.34048E-1 1.35859E-1 1.36781E-1 1.37285E-1 1.38272E-1 1.42473E-1 1.40915E-1 1.38671E-1 1.41645E-1 1.43164E-1 1.38927E-1 1.41126E-1 1.37363E-1 1.38323E-1 1.35026E-1 1.35455E-1 1.37095E-1 1.36751E-1
1.59079E-1 1.55027E-1 1.57192E-1 1.86595E-1 2.02256E-1 2.04665E-1 2.03527E-1 2.0085E-1 1.87923E-1 1.75061E-1 1.52419E-1 1.49893E-1 1.4667E-1 1.43627E-1 1.45456E-1 1.41297E-1 1.40506E-1 1.39832E-1 1.39461E-1 1.43955E-1 1.43761E-1 1.44433E-1 1.51992E-1 1.48766E-1 1.44997E-1 1.36904E-1 1.39966E-1 1.45375E-1 1.47623E-1 1.49823E-1 1.53991E-1 1.51163E-1 1.45392E-1 1.42928E-1 1.41208E-1 1.3804E-1 1.38965E-1 1.40414E-1 1.40325E-1 1.38407E-1 1.38377E-1 1.3344E-1 1.35924E-1 1.41231E-1 1.43934E-1 1.42693E-1 1.40494E-1 1.37323E-1 1.39012E-1 1.43173E-1 1.40342E-1 1.42231E-1 1.40642E-1 1.3721E-1 1.40608E-1 1.43874E-1 1.62081E-1 1.65948E-1 1.55057E-1 1.42507E-1 1.41769E-1
1.53293E-1 1.53113E-1 1.70875E-1 2.06176E-1 2.08145E-1 2.05578E-1 2.09004E-1 2.09816E-1 2.10963E-1 2.06666E-1 1.73812E-1 1.54148E-1 1.51896E-1 1.44357E-1 1.43532E-1 1.42612E-1 1.41565E-1 1.43678E-1 1.47207E-1 1.53023E-1 1.4802E-1 1.4341E-1 1.45011E-1 1.4537E-1 1.47282E-1 1.40813E-1 1.42509E-1 1.40941E-1 1.38839E-1 1.36316E-1 1.36235E-1 1.35087E-1 1.37536E-1 1.37659E-1 1.42101E-1 1.41661E-1 1.41909E-1 1.42843E-1 1.422E-1 1.39253E-1 1.39623E-1 1.38396E-1 1.35509E-1 1.3433E-1 1.35437E-1 1.35879E-1 1.37132E-1 1.36912E-1 1.39569E-1 1.39499E-1 1.43427E-1 1.40268E-1 1.38715E-1 1.37019E-1 1.37237E-1 1.38624E-1 1.38319E-1 1.40076E-1 1.39391E-1 1.40753E-1 1.40751E-1
1.56359E-1 1.62124E-1 1.89877E-1 2.11853E-1 2.11446E-1 2.08135E-1 2.08851E-1 2.09097E-1 2.1188E-1 2.13567E-1 2.042E-1 1.63078E-1 1.58234E-1 1.48009E-1 1.4894E-1 1.4548E-1 1.45911E-1 1.47552E-1 1.49009E-1 1.47204E-1 1.54145E-1 1.46392E-1 1.43018E-1 1.43213E-1 1.44132E-1 1.48728E-1 1.46136E-1 1.39003E-1 1.36878E-1 1.36381E-1 1.37354E-1 1.39887E-1 1.38695E-1 1.38196E-1 1.39038E-1 1.40702E-1 1.41778E-1 1.40997E-1 1.40302E-1 1.40793E-1 1.41295E-1 1.37438E-1 1.3696E-1 1.35865E-1 1.35559E-1 1.35073E-1 1.42969E-1 1.42079E-1 1.39968E-1 1.41468E-1 1.40969E-1 1.45811E-1 1.40947E-1 1.3909E-1 1.39416E-1 1.38409E-1 1.3958E-1 1.39274E-1 1.42258E-1 1.39308E-1 1.40063E-1
1.71432E-1 1.74527E-1 1.99091E-1 2.10988E-1 2.12954E-1 2.1077E-1 2.0909E-1 2.09339E-1 2.1165E-1 2.15652E-1 2.12211E-1 1.88688E-1 1.67078E-1 1.51499E-1 1.45384E-1 1.47506E-1 1.45501E-1 1.4354E-1 1.46503E-1 1.45656E-1 1.45473E-1 1.48415E-1 1.49417E-1 1.4661E-1 1.44016E-1 1.45604E-1 1.44474E-1 1.45174E-1 1.43562E-1 1.41045E-1 1.4117E-1 1.41599E-1 1.38392E-1 1.39011E-1 1.42596E-1 1.46807E-1 1.41574E-1 1.3923E-1 1.37213E-1 1.39488E-1 1.39064E-1 1.3876E-1 1.39695E-1 1.38324E-1 1.38765E-1 1.40024E-1 1.38133E-1 1.38091E-1 1.40002E-1 1.38623E-1 1.38964E-1 1.41569E-1 1.4004E-1 1.40297E-1 1.39203E-1 1.40307E-1 1.38822E-1 1.39922E-1 1.41304E-1 1.4105E-1 1.39568E-1
1.69484E-1 1.6733E-1 1.77281E-1 1.92105E-1 1.94607E-1 1.95865E-1 2.07045E-1 2.10925E-1 2.12187E-1 2.16607E-1 2.15819E-1 2.06867E-1 1.82354E-1 1.56322E-1 1.5294E-1 1.47915E-1 1.48408E-1 1.463E-1 1.45745E-1 1.4681E-1 1.51306E-1 1.48402E-1 1.47191E-1 1.50113E-1 1.51386E-1 1.54065E-1 1.56003E-1 1.56467E-1 1.50627E-1 1.49303E-1 1.46849E-1 1.44201E-1 1.43979E-1 1.42606E-1 1.42366E-1 1.50948E-1 1.55404E-1 1.49455E-1 1.5403E-1 1.52672E-1 1.55009E-1 1.51104E-1 1.42535E-1 1.40614E-1 1.41162E-1 1.44607E-1 1.38746E-1 1.39543E-1 1.41763E-1 1.45591E-1 1.44113E-1 1.4337E-1 1.42287E-1 1.41264E-1 1.39859E-1 1.37966E-1 1.39595E-1 1.44931E-1 1.44914E-1 1.43033E-1 1.43745E-1
1.69555E-1 1.65566E-1 1.63582E-1 1.69894E-1 1.93759E-1 2.05577E-1 2.13133E-1 2.12265E-1 2.12293E-1 2.19475E-1 2.19649E-1 2.13086E-1 1.86274E-1 1.6527E-1 1.60765E-1 1.53343E-1 1.49256E-1 1.49935E-1 1.50754E-1 1.50826E-1 1.53377E-1 1.5404E-1 1.49775E-1 1.52227E-1 1.54403E-1 1.58061E-1 1.56756E-1 1.57436E-1 1.53501E-1 1.51021E-1 1.50672E-1 1.48961E-1 1.50867E-1 1.54806E-1 1.49942E-1 1.54042E-1 1.54674E-1 1.50298E-1 1.50482E-1 1.49275E-1 1.49399E-1 1.47534E-1 1.44108E-1 1.43768E-1 1.46362E-1 1.49671E-1 1.48632E-1 1.44404E-1 1.50845E-1 1.4767E-1 1.46818E-1 1.48429E-1 1.47555E-1 1.41587E-1 1.41467E-1 1.4039E-1 1.40794E-1 1.45944E-1 1.46117E-1 1.46212E-1 1.47302E-1
1.72475E-1 1.65417E-1 1.65653E-1 1.73096E-1 1.9819E-1 2.13053E-1 2.10921E-1 2.12527E-1 2.11585E-1 2.13465E-1 2.14314E-1 2.15218E-1 2.05819E-1 1.69242E-1 1.60618E-1 1.57075E-1 1.58428E-1 1.6506E-1 1.60088E-1 1.57435E-1 1.55568E-1 1.55016E-1 1.5508E-1 1.54296E-1 1.53555E-1 1.62881E-1 1.58126E-1 1.58814E-1 1.5818E-1 1.57873E-1 1.5563E-1 1.52963E-1 1.53681E-1 1.56086E-1 1.54069E-1 1.54952E-1 1.52606E-1 1.5029E-1 1.47834E-1 1.47133E-1 1.45984E-1 1.48827E-1 1.47867E-1 1.4519E-1 1.45842E-1 1.46308E-1 1.44754E-1 1.44623E-1 1.47762E-1 1.46996E-1 1.45005E-1 1.51055E-1 1.51933E-1 1.50395E-1 1.42667E-1 1.40932E-1 1.42613E-1 1.43347E-1 1.43975E-1 1.43655E-1 1.43641E-1
1.72223E-1 1.64657E-1 1.65E-1 1.69745E-1 1.69992E-1 1.88657E-1 2.07565E-1 2.11366E-1 2.11561E-1 2.10174E-1 2.13133E-1 2.10794E-1 2.05306E-1 1.98063E-1 1.65784E-1 1.57727E-1 1.61106E-1 1.57216E-1 1.61043E-1 1.64173E-1 1.63089E-1 1.59674E-1 1.58641E-1 1.58376E-1 1.60827E-1 1.5859E-1 1.59428E-1 1.62796E-1 1.58053E-1 1.59835E-1 1.61974E-1 1.5999E-1 1.63535E-1 1.57939E-1 1.56487E-1 1.55413E-1 1.54716E-1 1.55509E-1 1.5598E-1 1.56512E-1 1.52626E-1 1.5096E-1 1.51783E-1 1.5075E-1 1.48051E-1 1.46867E-1 1.46466E-1 1.5688E-1 1.53905E-1 1.49684E-1 1.47729E-1 1.45858E-1 1.43208E-1 1.42846E-1 1.4586E-1 1.43763E-1 1.43358E-1 1.42643E-1 1.45792E-1 1.46039E-1 1.44754E-1
1.75555E-1 1.65142E-1 1.6481E-1 1.64353E-1 1.64204E-1 1.66641E-1 1.93045E-1 2.09024E-1 1.99417E-1 1.98191E-1 2.13602E-1 2.06334E-1 2.01447E-1 1.95597E-1 1.82962E-1 1.60195E-1 1.61832E-1 1.58508E-1 1.5941E-1 1.57126E-1 1.57652E-1 1.59812E-1 1.59511E-1 1.60449E-1 1.63538E-1 1.616E-1 1.59422E-1 1.6103E-1 1.58344E-1 1.57684E-1 1.59773E-1 1.60032E-1 1.5925E-1 1.57044E-1 1.6014E-1 1.61709E-1 1.6017E-1 1.57722E-1 1.56895E-1 1.56191E-1 1.54465E-1 1.54176E-1 1.54907E-1 1.55373E-1 1.52117E-1 1.50162E-1 1.49296E-1 1.52362E-1 1.5037E-1 1.491E-1 1.45963E-1 1.44223E-1 1.43766E-1 1.43393E-1 1.42176E-1 1.42509E-1 1.44469E-1 1.44242E-1 1.44214E-1 1.45097E-1 1.47495E-1
1.69905E-1 1.62999E-1 1.60453E-1 1.64098E-1 1.63809E-1 1.64695E-1 1.66973E-1 1.7831E-1 2.03995E-1 2.03855E-1 2.07929E-1 2.06147E-1 2.00366E-1 1.90138E-1 1.88124E-1 1.62857E-1 1.62452E-1 1.59678E-1 1.60603E-1 1.59242E-1 1.59765E-1 1.62095E-1 1.60872E-1 1.60701E-1 1.65142E-1 1.63245E-1 1.6145E-1 1.65428E-1 1.58117E-1 1.61113E-1 1.62783E-1 1.6286E-1 1.60624E-1 1.61101E-1 1.67703E-1 1.62308E-1 1.58865E-1 1.53678E-1 1.55504E-1 1.5655E-1 1.63809E-1 1.60277E-1 1.54524E-1 1.52459E-1 1.5021E-1 1.50747E-1 1.50887E-1 1.51166E-1 1.48647E-1 1.47167E-1 1.46555E-1 1.43865E-1 1.45294E-1 1.438E-1 1.43263E-1 1.43169E-1 1.43232E-1 1.42576E-1 1.42242E-1 1.43367E-1 1.44852E-1
1.65796E-1 1.64325E-1 1.6512E-1 1.67408E-1 1.65151E-1 1.65089E-1 1.6648E-1 1.70984E-1 1.83733E-1 2.05112E-1 1.8967E-1 1.85001E-1 1.95348E-1 1.99512E-1 1.95576E-1 1.72362E-1 1.63154E-1 1.60602E-1 1.60657E-1 1.60693E-1 1.61497E-1 1.64295E-1 1.63658E-1 1.68893E-1 1.75913E-1 1.73536E-1 1.69703E-1 1.66718E-1 1.67863E-1 1.68695E-1 1.68954E-1 1.69087E-1 1.70399E-1 1.66174E-1 1.65795E-1 1.60161E-1 1.56827E-1 1.60487E-1 1.57128E-1 1.58223E-1 1.58909E-1 1.56833E-1 1.54535E-1 1.55942E-1 1.57098E-1 1.54581E-1 1.51534E-1 1.50991E-1 1.50747E-1 1.48742E-1 1.50507E-1 1.49386E-1 1.46306E-1 1.44551E-1 1.45139E-1 1.46576E-1 1.47501E-1 1.45841E-1 1.45798E-1 1.47177E-1 1.47579E-1
1.61672E-1 1.6405E-1 1.6346E-1 1.63413E-1 1.62146E-1 1.66053E-1 1.67683E-1 1.66781E-1 1.7097E-1 1.83089E-1 1.75768E-1 1.79376E-1 1.73356E-1 1.92568E-1 1.97709E-1 1.91135E-1 1.67511E-1 1.62472E-1 1.59488E-1 1.58623E-1 1.62182E-1 1.66445E-1 1.67715E-1 1.69554E-1 1.75887E-1 1.65523E-1 1.68508E-1 1.62887E-1 1.66286E-1 1.66633E-1 1.67994E-1 1.69263E-1 1.71338E-1 1.69017E-1 1.67091E-1 1.61745E-1 1.61445E-1 1.62508E-1 1.61043E-1 1.62047E-1 1.6061E-1 1.59405E-1 1.57691E-1 1.592E-1 1.58051E-1 1.59592E-1 1.55597E-1 1.54109E-1 1.58382E-1 1.54869E-1 1.55335E-1 1.5101E-1 1.47451E-1 1.46766E-1 1.50276E-1 1.49888E-1 1.49609E-1 1.47839E-1 1.47133E-1 1.47925E-1 1.50844E-1
1.71795E-1 1.6489E-1 1.63492E-1 1.62792E-1 1.60172E-1 1.62419E-1 1.71023E-1 1.70196E-1 1.62923E-1 1.62712E-1 1.69461E-1 1.73863E-1 1.87343E-1 1.88049E-1 1.90314E-1 1.86133E-1 1.78908E-1 1.64169E-1 1.5882E-1 1.60451E-1 1.63298E-1 1.6348E-1 1.66059E-1 1.69446E-1 1.6561E-1 1.66896E-1 1.62934E-1 1.68471E-1 1.69801E-1 1.7388E-1 1.71219E-1 1.71152E-1 1.73463E-1 1.72455E-1 1.73148E-1 1.70313E-1 1.70333E-1 1.67739E-1 1.68102E-1 1.68438E-1 1.68544E-1 1.62987E-1 1.6223E-1 1.6234E-1 1.64186E-1 1.66185E-1 1.61688E-1 1.59157E-1 1.58569E-1 1.59334E-1 1.5882E-1 1.55044E-1 1.55924E-1 1.50397E-1 1.50405E-1 1.51057E-1 1.48241E-1 1.50014E-1 1.51697E-1 1.51598E-1 1.55834E-1
1.67818E-1 1.67372E-1 1.69406E-1 1.6923E-1 1.65496E-1 1.64975E-1 1.63063E-1 1.55475E-1 1.6024E-1 1.6485E-1 1.70675E-1 1.72546E-1 1.78043E-1 1.90243E-1 1.79235E-1 1.65289E-1 1.80073E-1 1.7242E-1 1.59813E-1 1.60032E-1 1.62313E-1 1.6361E-1 1.65649E-1 1.69608E-1 1.64286E-1 1.67336E-1 1.65107E-1 1.66241E-1 1.69551E-1 1.70822E-1 1.71403E-1 1.71269E-1 1.71284E-1 1.73938E-1 1.7313E-1 1.74498E-1 1.73553E-1 1.74106E-1 1.72595E-1 1.71829E-1 1.69602E-1 1.68497E-1 1.66353E-1 1.67095E-1 1.67724E-1 1.7252E-1 1.6417E-1 1.62916E-1 1.62326E-1 1.5827E-1 1.5921E-1 1.56348E-1 1.55576E-1 1.54547E-1 1.53202E-1 1.5081E-1 1.49509E-1 1.50076E-1 1.51064E-1 1.52122E-1 1.52385E-1
1.55309E-1 1.61313E-1 1.7146E-1 1.67884E-1 1.5762E-1 1.45402E-1 1.52347E-1 1.55031E-1 1.62176E-1 1.6817E-1 1.68006E-1 1.63407E-1 1.68515E-1 1.75948E-1 1.65966E-1 1.73928E-1 1.89992E-1 1.92055E-1 1.67506E-1 1.60942E-1 1.58624E-1 1.58401E-1 1.58878E-1 1.63044E-1 1.65931E-1 1.65791E-1 1.68729E-1 1.74077E-1 1.73622E-1 1.70675E-1 1.70893E-1 1.68703E-1 1.7132E-1 1.6651E-1 1.69006E-1 1.7392E-1 1.76859E-1 1.77433E-1 1.75227E-1 1.73757E-1 1.71707E-1 1.76718E-1 1.81607E-1 1.7945E-1 1.71433E-1 1.76368E-1 1.68699E-1 1.64828E-1 1.66053E-1 1.64939E-1 1.63505E-1 1.6127E-1 1.58046E-1 1.56886E-1 1.55507E-1 1.5385E-1 1.52046E-1 1.5269E-1 1.53381E-1 1.54232E-1 1.55418E-1
1.54726E-1 1.5949E-1 1.6518E-1 1.70864E-1 1.67382E-1 1.5591E-1 1.4282E-1 1.52927E-1 1.61016E-1 1.60161E-1 1.58199E-1 1.59833E-1 1.64697E-1 1.65893E-1 1.61313E-1 1.76428E-1 1.76781E-1 1.87888E-1 1.79707E-1 1.63918E-1 1.5833E-1 1.57472E-1 1.58667E-1 1.62316E-1 1.67553E-1 1.6653E-1 1.68387E-1 1.72642E-1 1.74849E-1 1.70714E-1 1.72902E-1 1.72005E-1 1.73134E-1 1.71577E-1 1.7059E-1 1.75248E-1 1.97713E-1 2.01058E-1 1.82649E-1 1.78038E-1 1.7979E-1 1.77622E-1 1.77028E-1 1.78221E-1 1.78362E-1 1.79318E-1 1.7712E-1 1.74672E-1 1.70607E-1 1.67017E-1 1.64539E-1 1.63653E-1 1.64471E-1 1.62087E-1 1.59427E-1 1.59736E-1 1.5647E-1 1.56035E-1 1.56089E-1 1.57922E-1 1.60949E-1
1.59424E-1 1.59752E-1 1.6578E-1 1.70394E-1 1.68005E-1 1.60967E-1 1.50514E-1 1.51708E-1 1.60803E-1 1.62845E-1 1.52907E-1 1.49844E-1 1.51902E-1 1.55884E-1 1.53562E-1 1.66459E-1 1.7561E-1 1.90552E-1 1.75541E-1 1.58369E-1 1.58298E-1 1.61586E-1 1.60369E-1 1.61509E-1 1.63573E-1 1.66914E-1 1.72381E-1 1.71142E-1 1.71595E-1 1.71423E-1 1.73128E-1 1.74586E-1 1.79027E-1 1.82263E-1 1.78784E-1 1.76145E-1 1.88871E-1 1.92711E-1 1.83682E-1 1.79249E-1 1.86307E-1 1.82111E-1 1.78879E-1 1.7922E-1 1.82044E-1 1.77983E-1 1.76108E-1 1.81004E-1 1.79875E-1 1.72418E-1 1.65997E-1 1.67164E-1 1.74698E-1 1.74749E-1 1.69392E-1 1.67752E-1 1.60825E-1 1.59987E-1 1.61097E-1 1.62904E-1 1.646E-1
1.63544E-1 1.72786E-1 1.71538E-1 1.69691E-1 1.70135E-1 1.67798E-1 1.60039E-1 1.51268E-1 1.52274E-1 1.56396E-1 1.55588E-1 1.52439E-1 1.4932E-1 1.52472E-1 1.53419E-1 1.82792E-1 1.8954E-1 1.93741E-1 1.79904E-1 1.60374E-1 1.62935E-1 1.61713E-1 1.62805E-1 1.63559E-1 1.62612E-1 1.67032E-1 1.70119E-1 1.7183E-1 1.70914E-1 1.74139E-1 1.69347E-1 1.73405E-1 1.81219E-1 1.80838E-1 1.84411E-1 1.85292E-1 1.85513E-1 1.81271E-1 1.79683E-1 1.78125E-1 1.75567E-1 1.79018E-1 1.78598E-1 1.79659E-1 1.7814E-1 1.79464E-1 1.78478E-1 1.76459E-1 1.73111E-1 1.71377E-1 1.73017E-1 1.76057E-1 1.7054E-1 1.66321E-1 1.68294E-1 1.71899E-1 1.6637E-1 1.64391E-1 1.6658E-1 1.67064E-1 1.70542E-1
1.66491E-1 1.6682E-1 1.71544E-1 1.66794E-1 1.71235E-1 1.80976E-1 1.79531E-1 1.63765E-1 1.53446E-1 1.5433E-1 1.60456E-1 1.54664E-1 1.54636E-1 1.5119E-1 1.5496E-1 1.81034E-1 1.88454E-1 1.85573E-1 1.7994E-1 1.65292E-1 1.63467E-1 1.60771E-1 1.61403E-1 1.63998E-1 1.65659E-1 1.68008E-1 1.68721E-1 1.72476E-1 1.70613E-1 1.74255E-1 1.7731E-1 1.80869E-1 1.80837E-1 1.7639E-1 1.76551E-1 1.87109E-1 1.93227E-1 1.86361E-1 1.85315E-1 1.86067E-1 1.82762E-1 1.8183E-1 1.79168E-1 1.82872E-1 1.84321E-1 1.83038E-1 1.79041E-1 1.80407E-1 1.78554E-1 1.81625E-1 1.77544E-1 1.77221E-1 1.73924E-1 1.7324E-1 1.71916E-1 1.71613E-1 1.68913E-1 1.68158E-1 1.70975E-1 1.72499E-1 1.7266E-1
1.75529E-1 1.70333E-1 1.70815E-1 1.67918E-1 1.65966E-1 1.81455E-1 1.86531E-1 1.85411E-1 1.66766E-1 1.55455E-1 1.57775E-1 1.53842E-1 1.55148E-1 1.46885E-1 1.50048E-1 1.74658E-1 1.81712E-1 1.7251E-1 1.67048E-1 1.63774E-1 1.65701E-1 1.61985E-1 1.5976E-1 1.61892E-1 1.6221E-1 1.65907E-1 1.70442E-1 1.72376E-1 1.70412E-1 1.75943E-1 1.79959E-1 1.74277E-1 1.77862E-1 1.80222E-1 1.8331E-1 1.9078E-1 1.95803E-1 1.9438E-1 2.02192E-1 1.94068E-1 1.90711E-1 1.86171E-1 1.8689E-1 1.82701E-1 1.86858E-1 1.91273E-1 1.85619E-1 1.82515E-1 1.80796E-1 1.82523E-1 1.85395E-1 1.80905E-1 1.78041E-1 1.77126E-1 1.79951E-1 1.72553E-1 1.72271E-1 1.73504E-1 1.75851E-1 1.76774E-1 1.78709E-1
1.76087E-1 1.7432E-1 1.72229E-1 1.72863E-1 1.73478E-1 1.79638E-1 1.89222E-1 1.87723E-1 1.83141E-1 1.61619E-1 1.57564E-1 1.58171E-1 1.52785E-1 1.47929E-1 1.45322E-1 1.61021E-1 1.69289E-1 1.65202E-1 1.59411E-1 1.60636E-1 1.63783E-1 1.67708E-1 1.64109E-1 1.63497E-1 1.65835E-1 1.69032E-1 1.69901E-1 1.71998E-1 1.76487E-1 1.78771E-1 1.82221E-1 1.79225E-1 1.83722E-1 1.88968E-1 1.9252E-1 1.90358E-1 1.97528E-1 2.01886E-1 2.03179E-1 2.11109E-1 2.08833E-1 2.01593E-1 1.95421E-1 1.94918E-1 2.01719E-1 2.03789E-1 1.87125E-1 1.89241E-1 1.8732E-1 1.83075E-1 1.79981E-1 1.80083E-1 1.79696E-1 1.80488E-1 1.8512E-1 1.7624E-1 1.76876E-1 1.79811E-1 1.80998E-1 1.81696E-1 1.82374E-1
1.70092E-1 1.75559E-1 1.744E-1 1.71689E-1 1.71177E-1 1.73071E-1 1.80773E-1 1.80408E-1 1.6919E-1 1.56154E-1 1.53928E-1 1.51434E-1 1.47023E-1 1.44149E-1 1.40576E-1 1.44195E-1 1.48775E-1 1.57247E-1 1.52481E-1 1.61577E-1 1.63731E-1 1.65077E-1 1.67376E-1 1.65096E-1 1.68251E-1 1.7225E-1 1.74086E-1 1.78009E-1 1.77515E-1 1.77407E-1 1.83282E-1 1.83922E-1 1.87097E-1 1.88297E-1 1.86332E-1 1.87185E-1 1.94992E-1 2.00856E-1 2.03127E-1 2.0241E-1 2.03478E-1 2.0748E-1 2.12482E-1 2.10326E-1 2.08618E-1 1.99641E-1 1.96563E-1 1.90451E-1 1.90924E-1 1.8564E-1 1.82031E-1 1.80291E-1 1.82732E-1 1.81258E-1 1.84721E-1 1.85528E-1 1.82714E-1 1.82512E-1 1.84008E-1 1.85684E-1 1.89649E-1
1.63973E-1 1.74502E-1 1.74484E-1 1.71349E-1 1.6925E-1 1.63695E-1 1.59674E-1 1.57475E-1 1.56508E-1 1.54952E-1 1.53506E-1 1.4868E-1 1.46937E-1 1.45426E-1 1.42953E-1 1.46398E-1 1.49862E-1 1.56157E-1 1.60366E-1 1.6747E-1 1.65488E-1 1.63923E-1 1.66181E-1 1.66838E-1 1.67851E-1 1.72218E-1 1.73243E-1 1.76173E-1 1.8008E-1 1.8208E-1 1.79021E-1 1.81837E-1 1.86004E-1 1.87105E-1 1.93768E-1 1.94638E-1 1.90117E-1 1.93612E-1 1.9208E-1 1.89433E-1 1.90295E-1 1.93548E-1 1.99375E-1 2.15662E-1 2.13098E-1 2.09584E-1 1.99651E-1 1.96581E-1 1.92023E-1 1.93887E-1 1.87567E-1 1.8883E-1 1.98725E-1 1.92408E-1 1.93484E-1 1.94695E-1 1.91152E-1 1.89251E-1 1.89981E-1 1.93392E-1 1.94274E-1
1.66405E-1 1.68708E-1 1.73142E-1 1.74207E-1 1.71228E-1 1.6966E-1 1.66243E-1 1.63354E-1 1.61086E-1 1.55454E-1 1.55505E-1 1.5327E-1 1.52214E-1 1.51734E-1 1.4858E-1 1.52121E-1 1.55005E-1 1.60784E-1 1.65559E-1 1.65667E-1 1.64665E-1 1.66487E-1 1.6876E-1 1.70373E-1 1.67944E-1 1.67552E-1 1.70137E-1 1.7283E-1 1.75758E-1 1.78354E-1 1.788E-1 1.83372E-1 1.86947E-1 1.91911E-1 1.93784E-1 1.96136E-1 1.89547E-1 1.90104E-1 1.89381E-1 1.90274E-1 1.8992E-1 1.97804E-1 2.00542E-1 2.10972E-1 2.19135E-1 2.17058E-1 2.05683E-1 1.98762E-1 1.99896E-1 1.96595E-1 2.05354E-1 1.96016E-1 1.92426E-1 1.89359E-1 1.91537E-1 1.90834E-1 1.94041E-1 1.94529E-1 1.95225E-1 2.00876E-1 2.06902E-1
1.60924E-1 1.66199E-1 1.68252E-1 1.6963E-1 1.73733E-1 1.76804E-1 1.73528E-1 1.70827E-1 1.69676E-1 1.65197E-1 1.57653E-1 1.56906E-1 1.56478E-1 1.53703E-1 1.49933E-1 1.50934E-1 1.51959E-1 1.56165E-1 1.65317E-1 1.67446E-1 1.67704E-1 1.6761E-1 1.66506E-1 1.64658E-1 1.65504E-1 1.67361E-1 1.6804E-1 1.70982E-1 1.78374E-1 1.8037E-1 1.86991E-1 1.83571E-1 1.87538E-1 1.92218E-1 1.94117E-1 1.94578E-1 1.96054E-1 2.00517E-1 1.98486E-1 1.94516E-1 2.03871E-1 2.04747E-1 2.04337E-1 2.07903E-1 2.13379E-1 2.22438E-1 2.15508E-1 2.09129E-1 2.05932E-1 1.96797E-1 1.93221E-1 1.94798E-1 1.95088E-1 1.98533E-1 2.00227E-1 1.9655E-1 1.98843E-1 1.97436E-1 2.02588E-1 2.03061E-1 2.04368E-1
1.6184E-1 1.63649E-1 1.61029E-1 1.6858E-1 1.77874E-1 1.80619E-1 1.75704E-1 1.75854E-1 1.74026E-1 1.69779E-1 1.56793E-1 1.58715E-1 1.59115E-1 1.53689E-1 1.48465E-1 1.51346E-1 1.54521E-1 1.54076E-1 1.63094E-1 1.6685E-1 1.69515E-1 1.6821E-1 1.66431E-1 1.62828E-1 1.59886E-1 1.61312E-1 1.81844E-1 1.78316E-1 1.77997E-1 1.94494E-1 1.95517E-1 1.82128E-1 1.84637E-1 1.89964E-1 1.94634E-1 1.94382E-1 1.95007E-1 1.96011E-1 1.98872E-1 1.96186E-1 2.00772E-1 2.0883E-1 2.07263E-1 2.08391E-1 2.15161E-1 2.26945E-1 2.3974E-1 2.32403E-1 2.12974E-1 2.0325E-1 1.90189E-1 1.90449E-1 1.92456E-1 1.96786E-1 1.99704E-1 2.01289E-1 1.96851E-1 1.99331E-1 2.03265E-1 2.05275E-1 2.07408E-1
