maxent_outputs/red_flowers_troch_bombus_environ/red_346.asc
ncols         426
nrows         180
xllcorner     -130.0
yllcorner     24.0
cellsize      0.16666666666666666
NODATA_value  -9999
[rows 135 to 161 of 180, columns 183 to 243 of 426]
2.47961E-1 2.43949E-1 2.43509E-1 2.53788E-1 2.67379E-1 2.72785E-1 2.42613E-1 2.23617E-1 2.19791E-1 2.16153E-1 2.16059E-1 2.14555E-1 2.11027E-1 2.16406E-1 2.1267E-1 2.14879E-1 2.11948E-1 2.08302E-1 2.19343E-1 2.25578E-1 2.13499E-1 2.06367E-1 2.0403E-1 2.12168E-1 2.16452E-1 2.19035E-1 2.07437E-1 1.97275E-1 1.97087E-1 1.78254E-1 1.70033E-1 1.61717E-1 1.52815E-1 1.55791E-1 1.64352E-1 1.55326E-1 1.52998E-1 1.56369E-1 1.54896E-1 1.53943E-1 1.56217E-1 1.59292E-1 1.64934E-1 1.57445E-1 1.57023E-1 1.56899E-1 1.56453E-1 1.57694E-1 1.61853E-1 1.55766E-1 1.52307E-1 1.55476E-1 1.58851E-1 1.60514E-1 1.60716E-1 1.61418E-1 1.59781E-1 1.57293E-1 1.62062E-1 1.62262E-1 1.63014E-1
2.55651E-1 2.45734E-1 2.45001E-1 2.52575E-1 2.73376E-1 2.71409E-1 2.56428E-1 2.32351E-1 2.32711E-1 2.43522E-1 2.52506E-1 2.50647E-1 2.3825E-1 2.31613E-1 2.25777E-1 2.30612E-1 2.33693E-1 2.31941E-1 2.29765E-1 2.31995E-1 2.2215E-1 1.99387E-1 2.0315E-1 2.098E-1 2.10073E-1 2.04359E-1 1.94619E-1 1.89723E-1 1.88563E-1 1.76456E-1 1.77423E-1 1.76302E-1 1.59914E-1 1.58043E-1 1.61972E-1 1.59909E-1 1.61199E-1 1.62505E-1 1.61813E-1 1.60952E-1 1.65584E-1 1.6844E-1 1.69497E-1 1.62913E-1 1.6239E-1 1.60153E-1 1.588E-1 1.61801E-1 1.65242E-1 1.61108E-1 1.6326E-1 1.65446E-1 1.66112E-1 1.68776E-1 1.72228E-1 1.70402E-1 1.73009E-1 1.71157E-1 1.70699E-1 1.71308E-1 1.73789E-1
2.43422E-1 2.45227E-1 2.55484E-1 2.71377E-1 2.76774E-1 2.76318E-1 2.67066E-1 2.41267E-1 2.39198E-1 2.80246E-1 2.99831E-1 2.83055E-1 2.60021E-1 2.43456E-1 2.45599E-1 2.46032E-1 2.56476E-1 2.48224E-1 2.47857E-1 2.41019E-1 2.31745E-1 2.14131E-1 2.02729E-1 2.0206E-1 1.93988E-1 1.86413E-1 1.86421E-1 1.80583E-1 1.77535E-1 1.71093E-1 1.67027E-1 1.68657E-1 1.68956E-1 1.65513E-1 1.65206E-1 1.56583E-1 1.60276E-1 1.6795E-1 1.73745E-1 1.71577E-1 1.69122E-1 1.75913E-1 1.73495E-1 1.709E-1 1.67673E-1 1.66037E-1 1.63308E-1 1.70234E-1 1.76432E-1 1.72899E-1 1.73438E-1 1.71876E-1 1.74657E-1 1.76318E-1 1.79948E-1 1.8218E-1 1.85508E-1 1.8324E-1 1.79442E-1 1.80849E-1 1.80933E-1
2.47923E-1 2.61974E-1 2.72144E-1 2.78852E-1 2.82805E-1 2.85519E-1 2.75782E-1 2.58402E-1 2.53487E-1 2.68585E-1 2.82642E-1 2.70756E-1 2.61254E-1 2.5723E-1 2.70652E-1 2.85536E-1 2.69853E-1 2.64633E-1 2.62759E-1 2.4655E-1 2.35465E-1 2.2566E-1 2.12134E-1 1.96064E-1 1.86821E-1 1.80693E-1 1.71528E-1 1.77901E-1 1.83155E-1 1.7953E-1 1.77459E-1 1.68393E-1 1.65632E-1 1.66556E-1 1.64592E-1 1.61269E-1 1.65535E-1 1.69875E-1 1.69641E-1 1.68256E-1 1.73023E-1 1.8054E-1 1.78687E-1 1.76266E-1 1.76658E-1 1.73282E-1 1.70729E-1 1.75454E-1 1.79721E-1 1.80037E-1 1.80691E-1 1.79176E-1 1.79697E-1 1.81341E-1 1.88091E-1 1.94949E-1 1.9832E-1 1.9671E-1 1.97525E-1 1.9123E-1 1.90462E-1
2.68852E-1 2.6421E-1 2.74875E-1 2.92396E-1 3.01522E-1 3.0256E-1 2.93017E-1 2.72828E-1 2.60929E-1 2.52696E-1 2.59435E-1 2.76065E-1 2.79037E-1 2.71929E-1 2.89767E-1 3.0696E-1 2.93106E-1 2.80692E-1 2.7916E-1 2.60973E-1 2.39843E-1 2.30941E-1 2.22919E-1 2.2022E-1 2.03285E-1 1.88273E-1 1.90333E-1 1.77073E-1 1.77619E-1 1.76909E-1 1.80166E-1 1.78265E-1 1.71165E-1 1.71415E-1 1.66033E-1 1.67838E-1 1.76942E-1 1.76902E-1 1.77413E-1 1.73783E-1 1.74765E-1 1.83212E-1 1.92368E-1 1.8968E-1 1.84308E-1 1.79103E-1 1.78815E-1 1.82782E-1 1.86724E-1 1.8766E-1 1.86113E-1 1.87764E-1 1.85944E-1 1.84224E-1 1.87818E-1 2.02602E-1 2.09535E-1 2.21809E-1 2.28059E-1 2.18338E-1 2.12179E-1
2.91987E-1 3.02498E-1 3.14054E-1 3.30125E-1 3.27751E-1 3.25909E-1 2.97506E-1 2.8155E-1 2.78742E-1 2.66981E-1 2.61833E-1 2.72144E-1 2.81623E-1 2.90685E-1 3.10906E-1 3.12705E-1 3.19446E-1 2.99566E-1 2.75135E-1 2.56123E-1 2.41962E-1 2.29943E-1 2.21608E-1 2.10252E-1 1.99627E-1 1.87048E-1 1.86213E-1 1.76332E-1 1.7703E-1 1.73924E-1 1.73327E-1 1.75503E-1 1.75408E-1 1.75906E-1 1.75724E-1 1.81765E-1 1.8861E-1 1.91994E-1 1.88099E-1 1.84548E-1 1.89021E-1 1.91511E-1 1.98977E-1 1.97314E-1 1.91884E-1 1.88545E-1 1.88587E-1 1.89977E-1 1.93353E-1 1.98568E-1 1.97692E-1 1.93695E-1 1.88515E-1 1.88624E-1 1.95067E-1 2.01675E-1 2.12961E-1 2.3273E-1 2.55217E-1 2.57234E-1 2.5121E-1
2.91314E-1 3.02568E-1 3.20014E-1 3.23742E-1 3.33802E-1 3.29034E-1 3.09E-1 2.91453E-1 2.81267E-1 2.84611E-1 3.08129E-1 2.74556E-1 2.84716E-1 3.02101E-1 3.16551E-1 3.18108E-1 3.23879E-1 3.06567E-1 2.84541E-1 2.53649E-1 2.27508E-1 2.25593E-1 2.08257E-1 2.14002E-1 1.99924E-1 1.83553E-1 1.86743E-1 1.85727E-1 1.84109E-1 1.78222E-1 1.7844E-1 1.79775E-1 1.81275E-1 1.84009E-1 1.97038E-1 2.05174E-1 2.1171E-1 2.12092E-1 2.06163E-1 2.07759E-1 2.08072E-1 2.01047E-1 2.03311E-1 2.01238E-1 1.94869E-1 1.93826E-1 1.94046E-1 1.93818E-1 1.91687E-1 2.02612E-1 2.24219E-1 2.03316E-1 1.9666E-1 2.08923E-1 2.19083E-1 2.20056E-1 2.40427E-1 2.40171E-1 2.69729E-1 2.82227E-1 2.8978E-1
2.8011E-1 2.93967E-1 3.10097E-1 3.27926E-1 3.17786E-1 3.10456E-1 2.99559E-1 2.86081E-1 2.8733E-1 2.87869E-1 3.13471E-1 2.6679E-1 2.67139E-1 2.90254E-1 3.12118E-1 3.23876E-1 3.19813E-1 3.24071E-1 2.93153E-1 2.63431E-1 2.31791E-1 2.23785E-1 2.08308E-1 2.18795E-1 2.29791E-1 2.02066E-1 1.94127E-1 1.94063E-1 1.93919E-1 1.90442E-1 1.90795E-1 1.94498E-1 2.00255E-1 2.04374E-1 2.28735E-1 2.29881E-1 2.39077E-1 2.5713E-1 2.3158E-1 2.22755E-1 2.1503E-1 2.07588E-1 2.06188E-1 2.01909E-1 2.02159E-1 1.96958E-1 2.00045E-1 1.97102E-1 2.01225E-1 2.02357E-1 2.0652E-1 2.12902E-1 2.16721E-1 2.56968E-1 2.95539E-1 4.27804E-1 4.38655E-1 3.16324E-1 3.38881E-1 3.1564E-1 3.27092E-1
3.09268E-1 3.18679E-1 3.24172E-1 3.33636E-1 3.29172E-1 3.08232E-1 2.87528E-1 2.86521E-1 2.90201E-1 2.74214E-1 2.72275E-1 2.69217E-1 2.59999E-1 2.62959E-1 2.69144E-1 3.00622E-1 3.10066E-1 2.9016E-1 2.87347E-1 2.66436E-1 2.40094E-1 2.25056E-1 2.30069E-1 2.61322E-1 2.84168E-1 2.61937E-1 2.3161E-1 2.17508E-1 2.17868E-1 2.18176E-1 2.16846E-1 2.2704E-1 2.56353E-1 2.51578E-1 2.61348E-1 2.67322E-1 2.96642E-1 2.82041E-1 2.49582E-1 2.44056E-1 2.37834E-1 2.20016E-1 2.14276E-1 2.07596E-1 2.00686E-1 1.9837E-1 2.01416E-1 2.11486E-1 2.10393E-1 2.12333E-1 2.12914E-1 2.20611E-1 2.33486E-1 2.52994E-1 3.05417E-1 4.1216E-1 4.73491E-1 3.66835E-1 3.57167E-1 3.86298E-1 4.32811E-1
3.17968E-1 3.38931E-1 3.26471E-1 3.24227E-1 3.10308E-1 2.98952E-1 2.98674E-1 3.09184E-1 2.98598E-1 2.94634E-1 2.7965E-1 2.77466E-1 2.75926E-1 2.64391E-1 2.66463E-1 2.89568E-1 2.96791E-1 2.64639E-1 2.57547E-1 2.49729E-1 2.38316E-1 2.38867E-1 2.56966E-1 3.16688E-1 3.31833E-1 3.03761E-1 2.87312E-1 2.62124E-1 2.58834E-1 2.52463E-1 2.46729E-1 2.51777E-1 2.75924E-1 3.26131E-1 3.13578E-1 2.92785E-1 3.05636E-1 3.19844E-1 2.91308E-1 2.69962E-1 2.74667E-1 2.38558E-1 2.25741E-1 2.13319E-1 2.06481E-1 2.03742E-1 2.04616E-1 2.25719E-1 2.29446E-1 2.36795E-1 2.27035E-1 2.25417E-1 2.373E-1 2.76336E-1 2.82207E-1 3.28687E-1 3.75129E-1 3.51837E-1 3.66333E-1 3.97518E-1 4.20768E-1
3.64304E-1 3.6128E-1 3.45054E-1 3.51207E-1 3.27042E-1 3.18625E-1 3.2086E-1 3.17828E-1 2.90355E-1 2.90136E-1 2.87508E-1 2.94006E-1 2.96842E-1 3.01116E-1 3.02477E-1 2.83673E-1 2.65509E-1 2.33133E-1 2.35387E-1 2.45236E-1 2.69823E-1 2.72332E-1 2.99484E-1 3.54086E-1 3.7948E-1 3.6382E-1 3.76121E-1 3.45677E-1 3.27358E-1 2.95434E-1 2.9451E-1 2.94979E-1 3.2188E-1 3.36186E-1 3.11673E-1 2.89671E-1 3.04195E-1 3.01497E-1 2.79387E-1 2.79865E-1 2.63823E-1 2.62251E-1 2.46463E-1 2.23625E-1 2.30395E-1 2.18635E-1 2.14693E-1 2.23493E-1 2.34007E-1 2.46961E-1 2.43655E-1 2.39087E-1 2.46335E-1 2.60772E-1 2.79038E-1 3.65664E-1 3.54153E-1 3.84084E-1 4.23196E-1 4.00913E-1 4.25188E-1
4.28453E-1 4.02682E-1 3.84605E-1 3.89876E-1 3.86164E-1 4.32548E-1 4.06647E-1 3.44114E-1 3.28308E-1 3.23195E-1 3.32013E-1 3.26601E-1 3.34835E-1 3.27839E-1 3.13159E-1 2.85427E-1 2.58344E-1 2.48746E-1 2.53752E-1 2.63022E-1 2.75698E-1 2.82833E-1 3.0054E-1 3.287E-1 3.31245E-1 3.58207E-1 3.92302E-1 3.96919E-1 3.98167E-1 3.73254E-1 3.52178E-1 3.35009E-1 3.4989E-1 -9999 -9999 -9999 -9999 -9999 -9999 3.04101E-1 2.92194E-1 2.79763E-1 2.69084E-1 2.4888E-1 2.47742E-1 2.42281E-1 2.5533E-1 2.44922E-1 2.46839E-1 2.57152E-1 2.72889E-1 2.8808E-1 2.94033E-1 2.9901E-1 3.14207E-1 3.51659E-1 4.16743E-1 4.04704E-1 4.07205E-1 4.52621E-1 4.44513E-1
4.46605E-1 4.04187E-1 3.88261E-1 4.07723E-1 4.19501E-1 4.65643E-1 4.51484E-1 3.99848E-1 3.79871E-1 3.85035E-1 3.64725E-1 3.57452E-1 3.54093E-1 3.29075E-1 3.07563E-1 2.855E-1 2.73787E-1 2.70425E-1 2.73278E-1 2.77234E-1 2.89024E-1 3.04616E-1 2.91049E-1 2.86362E-1 3.01967E-1 3.34304E-1 3.68898E-1 4.42413E-1 4.96406E-1 4.46894E-1 -9999 -9999 -9999 -9999 -9999 -9999 -9999 -9999 -9999 -9999 -9999 -9999 -9999 -9999 -9999 2.44723E-1 2.46419E-1 -9999 2.82202E-1 2.83182E-1 3.1276E-1 3.39932E-1 3.62524E-1 4.04354E-1 4.16538E-1 4.01302E-1 4.45501E-1 4.54033E-1 4.43395E-1 4.16506E-1 3.74665E-1
4.6567E-1 4.39348E-1 4.24329E-1 4.45212E-1 4.60557E-1 4.76977E-1 4.8482E-1 4.88538E-1 4.56053E-1 4.5329E-1 4.41529E-1 4.21893E-1 3.98125E-1 3.77489E-1 3.47847E-1 3.37835E-1 3.29495E-1 3.16316E-1 3.04113E-1 2.9386E-1 3.12035E-1 3.39627E-1 3.184E-1 3.06335E-1 3.06357E-1 3.49599E-1 4.11332E-1 5.2013E-1 5.85566E-1 -9999 -9999 -9999 -9999 -9999 -9999 -9999 -9999 -9999 -9999 -9999 -9999 -9999 -9999 -9999 -9999 -9999 -9999 -9999 3.44107E-1 3.33781E-1 3.61153E-1 3.92365E-1 4.06928E-1 4.28674E-1 4.34695E-1 4.5563E-1 4.98273E-1 5.26661E-1 4.94755E-1 4.96546E-1 4.49385E-1
4.98677E-1 4.60481E-1 4.58547E-1 4.71372E-1 5.01581E-1 5.2668E-1 5.31364E-1 5.30917E-1 5.14338E-1 5.17528E-1 5.20962E-1 5.08453E-1 4.56102E-1 4.26656E-1 4.14534E-1 4.16833E-1 4.11613E-1 3.7853E-1 3.3985E-1 3.19161E-1 3.48619E-1 3.77488E-1 3.60701E-1 3.46058E-1 3.70322E-1 4.21488E-1 5.61335E-1 -9999 -9999 -9999 -9999 -9999 -9999 -9999 -9999 -9999 -9999 -9999 -9999 -9999 -9999 -9999 -9999 -9999 -9999 -9999 -9999 -9999 -9999 -9999 -9999 4.41815E-1 4.80209E-1 5.931E-1 6.68018E-1 4.85336E-1 4.92513E-1 -9999 -9999 -9999 3.88544E-1
5.46661E-1 5.03558E-1 4.90936E-1 5.08399E-1 5.38021E-1 5.75534E-1 5.74E-1 5.61015E-1 5.54438E-1 5.53539E-1 5.70117E-1 5.61393E-1 5.28824E-1 4.9533E-1 5.07106E-1 4.95959E-1 4.90133E-1 4.76193E-1 4.13947E-1 3.91246E-1 4.29303E-1 4.51806E-1 4.52795E-1 4.45405E-1 4.58341E-1 5.29214E-1 -9999 -9999 -9999 -9999 -9999 -9999 -9999 -9999 -9999 -9999 -9999 -9999 -9999 -9999 -9999 -9999 -9999 -9999 -9999 -9999 -9999 -9999 -9999 -9999 -9999 -9999 -9999 -9999 -9999 -9999 -9999 -9999 -9999 -9999 4.6664E-1
5.71459E-1 5.60012E-1 5.33186E-1 5.3568E-1 5.58586E-1 5.83058E-1 5.65244E-1 5.63974E-1 5.62659E-1 5.73176E-1 5.7097E-1 5.8567E-1 5.87537E-1 5.87251E-1 5.80296E-1 5.91882E-1 5.80505E-1 5.88109E-1 5.23896E-1 4.90344E-1 6.03402E-1 5.97224E-1 6.09139E-1 5.61921E-1 -9999 -9999 -9999 -9999 -9999 -9999 -9999 -9999 -9999 -9999 -9999 -9999 -9999 -9999 -9999 -9999 -9999 -9999 -9999 -9999 -9999 -9999 -9999 -9999 -9999 -9999 -9999 -9999 -9999 -9999 -9999 -9999 -9999 -9999 -9999 -9999 -9999
5.99386E-1 5.99469E-1 5.59441E-1 5.36287E-1 5.37415E-1 5.56456E-1 5.72301E-1 5.62823E-1 5.62908E-1 5.57048E-1 5.27556E-1 5.60004E-1 5.95622E-1 6.09197E-1 6.1526E-1 6.42431E-1 6.37911E-1 6.57157E-1 6.59504E-1 6.97414E-1 7.2584E-1 7.48767E-1 7.27315E-1 -9999 -9999 -9999 -9999 -9999 -9999 -9999 -9999 -9999 -9999 -9999 -9999 -9999 -9999 -9999 -9999 -9999 -9999 -9999 -9999 -9999 -9999 -9999 -9999 -9999 -9999 -9999 -9999 -9999 -9999 -9999 -9999 -9999 -9999 -9999 -9999 -9999 -9999
5.95029E-1 6.01771E-1 5.71977E-1 5.38054E-1 5.10136E-1 5.44038E-1 5.68596E-1 5.69717E-1 5.43774E-1 5.28365E-1 5.19014E-1 5.53531E-1 5.93684E-1 6.36708E-1 6.54433E-1 6.83615E-1 7.43647E-1 6.94266E-1 7.89878E-1 8.55809E-1 -9999 -9999 -9999 -9999 -9999 -9999 -9999 -9999 -9999 -9999 -9999 -9999 -9999 -9999 -9999 -9999 -9999 -9999 -9999 -9999 -9999 -9999 -9999 -9999 -9999 -9999 -9999 -9999 -9999 -9999 -9999 -9999 -9999 -9999 -9999 -9999 -9999 -9999 -9999 -9999 -9999
5.41128E-1 5.46895E-1 5.29994E-1 5.21374E-1 5.11603E-1 5.37356E-1 5.50025E-1 5.57524E-1 5.31196E-1 5.41235E-1 5.40842E-1 5.61015E-1 6.17981E-1 6.78302E-1 6.9414E-1 7.35882E-1 8.10848E-1 8.34406E-1 8.03579E-1 -9999 -9999 -9999 -9999 -9999 -9999 -9999 -9999 -9999 -9999 -9999 -9999 -9999 -9999 -9999 -9999 -9999 -9999 -9999 -9999 -9999 -9999 -9999 -9999 -9999 -9999 -9999 -9999 -9999 -9999 -9999 -9999 -9999 -9999 -9999 -9999 -9999 -9999 -9999 -9999 -9999 -9999
5.54927E-1 5.31412E-1 5.13615E-1 5.10379E-1 5.18998E-1 5.48362E-1 5.35264E-1 5.38169E-1 5.41934E-1 5.72729E-1 5.76867E-1 6.03453E-1 6.5975E-1 7.23431E-1 8.17152E-1 8.451E-1 8.43027E-1 -9999 -9999 -9999 -9999 -9999 -9999 -9999 -9999 -9999 -9999 -9999 -9999 -9999 -9999 -9999 -9999 -9999 -9999 -9999 -9999 -9999 -9999 -9999 -9999 -9999 -9999 -9999 -9999 -9999 -9999 -9999 -9999 -9999 -9999 -9999 -9999 -9999 -9999 -9999 -9999 -9999 -9999 -9999 -9999
5.84083E-1 5.64716E-1 5.48479E-1 5.45645E-1 5.50482E-1 5.39542E-1 5.38196E-1 5.48899E-1 5.73329E-1 5.87362E-1 5.98712E-1 6.56694E-1 7.36455E-1 7.91847E-1 8.39008E-1 8.5156E-1 -9999 -9999 -9999 -9999 -9999 -9999 -9999 -9999 -9999 -9999 -9999 -9999 -9999 -9999 -9999 -9999 -9999 -9999 -9999 -9999 -9999 -9999 -9999 -9999 -9999 -9999 -9999 -9999 -9999 -9999 -9999 -9999 -9999 -9999 -9999 -9999 -9999 -9999 -9999 -9999 -9999 -9999 -9999 -9999 -9999
6.36435E-1 6.06111E-1 6.00981E-1 6.02106E-1 5.81813E-1 5.65602E-1 5.64125E-1 5.73444E-1 6.17156E-1 6.47111E-1 6.8471E-1 7.05116E-1 7.87939E-1 8.44407E-1 8.57086E-1 -9999 -9999 -9999 -9999 -9999 -9999 -9999 -9999 -9999 -9999 -9999 -9999 -9999 -9999 -9999 -9999 -9999 -9999 -9999 -9999 -9999 -9999 -9999 -9999 -9999 -9999 -9999 -9999 -9999 -9999 -9999 -9999 -9999 -9999 -9999 -9999 -9999 -9999 -9999 -9999 -9999 -9999 -9999 -9999 -9999 -9999
7.03338E-1 6.63236E-1 6.57076E-1 6.47716E-1 6.22957E-1 6.06881E-1 6.02943E-1 6.17613E-1 6.51819E-1 7.03961E-1 7.51172E-1 7.63483E-1 7.90828E-1 8.41025E-1 -9999 -9999 -9999 -9999 -9999 -9999 -9999 -9999 -9999 -9999 -9999 -9999 -9999 -9999 -9999 -9999 -9999 -9999 -9999 -9999 -9999 -9999 -9999 -9999 -9999 -9999 -9999 -9999 -9999 -9999 -9999 -9999 -9999 -9999 -9999 -9999 -9999 -9999 -9999 -9999 -9999 -9999 -9999 -9999 -9999 -9999 -9999
7.08878E-1 6.84749E-1 6.98345E-1 6.81589E-1 6.78349E-1 6.66503E-1 6.54033E-1 6.59561E-1 6.89633E-1 7.30684E-1 7.69612E-1 7.90506E-1 8.13119E-1 8.30519E-1 -9999 -9999 -9999 -9999 -9999 -9999 -9999 -9999 -9999 -9999 -9999 -9999 -9999 -9999 -9999 -9999 -9999 -9999 -9999 -9999 -9999 -9999 -9999 -9999 -9999 -9999 -9999 -9999 -9999 -9999 -9999 -9999 -9999 -9999 -9999 -9999 -9999 -9999 -9999 -9999 -9999 -9999 -9999 -9999 -9999 -9999 -9999
6.89509E-1 6.85242E-1 7.06504E-1 7.31204E-1 7.14632E-1 6.90587E-1 6.79984E-1 6.85949E-1 7.13918E-1 7.40554E-1 7.74165E-1 7.96405E-1 8.21143E-1 -9999 -9999 -9999 -9999 -9999 -9999 -9999 -9999 -9999 -9999 -9999 -9999 -9999 -9999 -9999 -9999 -9999 -9999 -9999 -9999 -9999 -9999 -9999 -9999 -9999 -9999 -9999 -9999 -9999 -9999 -9999 -9999 -9999 -9999 -9999 -9999 -9999 -9999 -9999 -9999 -9999 -9999 -9999 -9999 -9999 -9999 -9999 -9999
7.05696E-1 6.75883E-1 7.01224E-1 7.4212E-1 7.35918E-1 7.11643E-1 7.16876E-1 7.1451E-1 7.22931E-1 7.42508E-1 7.72485E-1 8.13504E-1 8.37169E-1 -9999 -9999 -9999 -9999 -9999 -9999 -9999 -9999 -9999 -9999 -9999 -9999 -9999 -9999 -9999 -9999 -9999 -9999 -9999 -9999 -9999 -9999 -9999 -9999 -9999 -9999 -9999 -9999 -9999 -9999 -9999 -9999 -9999 -9999 -9999 -9999 -9999 -9999 -9999 -9999 -9999 -9999 -9999 -9999 -9999 -9999 -9999 -9999
