maxent_outputs/red_flowers_troch_bombus_environ/red_64.asc
ncols         426
nrows         180
xllcorner     -130.0
yllcorner     24.0
cellsize      0.16666666666666666
NODATA_value  -9999
[rows 54 to 80 of 180, columns 122 to 182 of 426]
5.30722E-2 5.30577E-2 7.06654E-2 5.95761E-2 6.2693E-2 5.23632E-2 4.7555E-2 4.94025E-2 5.65698E-2 5.98974E-2 5.40797E-2 5.75179E-2 6.70138E-2 6.54246E-2 5.75068E-2 5.8135E-2 5.88298E-2 6.25882E-2 6.41104E-2 6.53708E-2 6.15392E-2 6.40057E-2 6.39021E-2 6.33543E-2 6.42695E-2 6.68413E-2 6.57843E-2 6.34837E-2 6.31262E-2 6.59269E-2 7.07196E-2 7.42962E-2 7.59943E-2 7.84227E-2 7.94159E-2 7.44447E-2 7.1882E-2 6.71757E-2 6.52528E-2 6.18843E-2 5.89087E-2 5.3642E-2 5.27753E-2 5.54857E-2 5.53273E-2 5.3017E-2 5.16801E-2 5.04659E-2 5.20123E-2 5.42703E-2 5.48538E-2 5.52383E-2 5.4734E-2 5.38084E-2 5.16905E-2 5.08429E-2 4.10975E-2 3.84965E-2 3.74884E-2 3.70599E-2 3.57846E-2
5.67568E-2 6.45432E-2 7.172E-2 8.17735E-2 6.45967E-2 5.44215E-2 4.8763E-2 4.68381E-2 5.18337E-2 5.56713E-2 5.86638E-2 5.10641E-2 5.16949E-2 6.09992E-2 7.50062E-2 6.21731E-2 6.10257E-2 6.21362E-2 6.12394E-2 6.13063E-2 6.41886E-2 6.62202E-2 6.68827E-2 6.49082E-2 6.34424E-2 6.53318E-2 6.38123E-2 6.2352E-2 6.17427E-2 6.5584E-2 6.65119E-2 7.45949E-2 8.38955E-2 8.55999E-2 8.68502E-2 8.20262E-2 7.6123E-2 6.91219E-2 6.24341E-2 6.04909E-2 5.92429E-2 6.43231E-2 6.41926E-2 6.32868E-2 5.94953E-2 5.92633E-2 6.03058E-2 5.85442E-2 5.65637E-2 5.76765E-2 5.74436E-2 5.8259E-2 5.82018E-2 6.1143E-2 6.27129E-2 4.8041E-2 4.4451E-2 4.23853E-2 4.06077E-2 3.83036E-2 3.68328E-2
6.81725E-2 7.01699E-2 6.86458E-2 8.3032E-2 6.70843E-2 6.18533E-2 4.92145E-2 4.4182E-2 4.19557E-2 4.48123E-2 4.99974E-2 5.8173E-2 6.07599E-2 5.13826E-2 6.08189E-2 7.0969E-2 7.7259E-2 6.3495E-2 5.73045E-2 6.18709E-2 6.66758E-2 6.71719E-2 6.69445E-2 6.82011E-2 6.77723E-2 6.61805E-2 6.1455E-2 5.99714E-2 5.6623E-2 5.78606E-2 6.16802E-2 7.12746E-2 7.67192E-2 8.51174E-2 9.17021E-2 9.00178E-2 8.71796E-2 8.2877E-2 7.9175E-2 7.55473E-2 7.23531E-2 7.01028E-2 7.20734E-2 7.52098E-2 7.21129E-2 7.07322E-2 6.80923E-2 6.78592E-2 6.44027E-2 6.09733E-2 5.85058E-2 5.80798E-2 5.68384E-2 5.58824E-2 7.00309E-2 5.27935E-2 4.73332E-2 4.56138E-2 4.38543E-2 4.12822E-2 3.97265E-2
6.32234E-2 6.73344E-2 7.21974E-2 8.1145E-2 7.73866E-2 6.66727E-2 5.53443E-2 4.69671E-2 4.48045E-2 4.08601E-2 4.47884E-2 5.67471E-2 6.21482E-2 5.53003E-2 5.30417E-2 5.86336E-2 7.77878E-2 6.71237E-2 6.68004E-2 6.74261E-2 6.8023E-2 6.82082E-2 6.6603E-2 6.59672E-2 7.04719E-2 6.67245E-2 6.34895E-2 5.83174E-2 5.32784E-2 5.52545E-2 5.98576E-2 5.96147E-2 6.30912E-2 7.78021E-2 8.18063E-2 8.87379E-2 9.34118E-2 9.27579E-2 9.02802E-2 8.98858E-2 8.91406E-2 8.19989E-2 8.0309E-2 7.96828E-2 7.75809E-2 7.52184E-2 6.97539E-2 6.65977E-2 6.43584E-2 6.03932E-2 5.84343E-2 5.99107E-2 5.8323E-2 5.92706E-2 6.42034E-2 6.2966E-2 5.09979E-2 4.77562E-2 4.61822E-2 4.28012E-2 4.06617E-2
6.67751E-2 7.06967E-2 7.08783E-2 5.28934E-2 6.15686E-2 6.25621E-2 5.939E-2 5.39835E-2 4.96819E-2 4.5886E-2 4.24411E-2 4.73946E-2 5.81682E-2 6.03593E-2 5.44558E-2 5.57387E-2 7.07252E-2 7.45674E-2 7.02534E-2 6.9311E-2 7.01747E-2 6.94247E-2 6.62437E-2 6.43565E-2 6.58795E-2 6.62445E-2 6.36559E-2 6.08823E-2 5.78272E-2 5.48814E-2 5.50995E-2 5.59903E-2 6.04984E-2 6.3704E-2 6.19051E-2 6.85098E-2 8.09395E-2 9.54246E-2 9.61332E-2 9.50515E-2 9.29695E-2 8.88979E-2 8.47743E-2 7.92227E-2 8.11622E-2 7.0966E-2 6.52055E-2 6.54881E-2 6.63832E-2 6.57846E-2 6.44621E-2 6.69847E-2 6.66163E-2 6.48422E-2 6.18234E-2 5.70072E-2 5.44951E-2 5.29612E-2 5.14107E-2 4.76619E-2 4.60917E-2
6.04949E-2 6.73226E-2 6.11394E-2 5.55709E-2 5.6201E-2 6.24187E-2 6.08725E-2 5.23392E-2 4.66777E-2 4.61996E-2 4.36809E-2 4.89361E-2 5.03629E-2 5.41992E-2 5.97388E-2 5.77917E-2 6.8414E-2 7.7284E-2 7.04751E-2 6.79538E-2 6.97101E-2 7.10425E-2 6.87352E-2 6.55902E-2 6.72856E-2 7.03873E-2 6.69934E-2 6.40363E-2 6.08028E-2 5.98373E-2 5.8369E-2 6.17786E-2 6.08713E-2 5.97888E-2 5.69485E-2 7.01239E-2 8.65737E-2 9.87639E-2 1.04341E-1 9.63928E-2 9.36678E-2 9.00583E-2 8.7491E-2 8.47451E-2 7.72036E-2 7.25168E-2 7.35167E-2 7.13492E-2 7.26891E-2 7.07983E-2 6.81083E-2 6.88904E-2 6.75711E-2 6.60215E-2 5.98285E-2 5.4456E-2 5.38859E-2 5.13307E-2 5.36724E-2 5.31203E-2 5.35923E-2
5.20652E-2 4.92823E-2 5.95309E-2 6.39016E-2 5.4151E-2 5.33386E-2 5.87824E-2 5.57039E-2 5.19433E-2 4.48825E-2 4.46776E-2 4.94687E-2 5.59999E-2 4.93496E-2 5.5273E-2 5.77845E-2 6.92146E-2 7.6458E-2 7.10689E-2 6.48575E-2 6.72263E-2 7.25834E-2 7.14496E-2 6.86986E-2 7.06811E-2 7.10436E-2 6.73323E-2 6.55842E-2 6.64191E-2 6.64337E-2 6.43652E-2 6.53566E-2 7.12904E-2 6.96468E-2 5.73784E-2 6.25932E-2 8.80328E-2 1.03963E-1 1.05256E-1 9.60824E-2 9.13886E-2 8.82393E-2 8.66775E-2 8.82539E-2 8.73818E-2 7.86614E-2 7.47725E-2 7.57821E-2 7.69373E-2 7.36549E-2 7.13214E-2 7.11397E-2 6.90279E-2 6.54375E-2 6.37241E-2 6.21626E-2 6.13063E-2 5.87774E-2 5.64455E-2 5.41981E-2 5.0358E-2
6.2416E-2 6.19651E-2 5.88785E-2 6.99193E-2 5.42955E-2 5.77144E-2 5.59178E-2 5.4045E-2 4.75328E-2 4.69201E-2 5.1954E-2 5.34775E-2 5.93409E-2 5.48499E-2 5.50109E-2 5.90317E-2 7.01074E-2 7.45101E-2 6.97948E-2 6.80514E-2 7.1606E-2 7.04371E-2 6.85808E-2 7.06928E-2 6.9744E-2 7.2285E-2 7.57524E-2 7.18913E-2 7.12684E-2 7.07832E-2 6.90232E-2 6.62858E-2 6.74102E-2 7.28771E-2 6.56234E-2 7.30402E-2 8.65841E-2 1.03753E-1 1.01307E-1 9.14427E-2 8.6242E-2 8.73125E-2 8.68923E-2 8.60998E-2 8.49024E-2 8.52026E-2 8.82648E-2 8.6618E-2 8.49689E-2 8.04735E-2 7.84086E-2 7.37425E-2 7.37707E-2 7.31876E-2 7.1368E-2 6.77791E-2 6.60295E-2 6.43087E-2 6.15985E-2 6.29968E-2 6.14513E-2
5.09518E-2 5.12924E-2 6.08776E-2 5.73641E-2 5.70332E-2 5.54188E-2 5.48898E-2 5.37967E-2 5.26208E-2 5.6961E-2 5.89576E-2 5.78227E-2 5.79235E-2 5.961E-2 5.72027E-2 5.73622E-2 6.49389E-2 6.73782E-2 6.72413E-2 6.91092E-2 6.87027E-2 7.0814E-2 6.9319E-2 6.87445E-2 7.29797E-2 7.38818E-2 7.98038E-2 8.01061E-2 7.66167E-2 7.34659E-2 7.3881E-2 7.4473E-2 6.94526E-2 7.206E-2 7.15799E-2 7.41614E-2 8.41765E-2 1.03808E-1 9.46832E-2 8.91553E-2 8.90484E-2 8.87502E-2 8.69949E-2 8.65249E-2 9.0903E-2 9.05408E-2 9.15896E-2 9.40519E-2 9.02538E-2 8.5815E-2 8.49206E-2 8.31305E-2 8.27395E-2 8.28985E-2 7.73018E-2 7.34838E-2 7.29232E-2 7.14336E-2 6.80795E-2 6.57414E-2 6.59693E-2
6.29555E-2 6.63745E-2 8.23977E-2 8.65993E-2 7.97771E-2 6.26011E-2 5.68274E-2 5.03074E-2 5.08984E-2 5.58668E-2 5.67666E-2 4.89945E-2 5.12234E-2 5.35029E-2 5.61223E-2 6.47969E-2 6.82878E-2 6.75276E-2 6.12697E-2 6.29744E-2 6.12922E-2 6.32311E-2 6.77862E-2 7.29815E-2 7.73703E-2 7.82627E-2 8.16823E-2 7.87896E-2 7.97831E-2 8.2201E-2 8.206E-2 7.76713E-2 7.41558E-2 7.14882E-2 7.35814E-2 7.69271E-2 8.73724E-2 9.50774E-2 8.65515E-2 8.53153E-2 8.60033E-2 8.00068E-2 8.1724E-2 8.78395E-2 8.75865E-2 8.59003E-2 8.73451E-2 8.77986E-2 8.43233E-2 8.39065E-2 8.30018E-2 8.47119E-2 8.76644E-2 8.36047E-2 7.56011E-2 7.62881E-2 7.49447E-2 7.256E-2 6.94214E-2 6.71785E-2 6.62776E-2
5.64819E-2 6.13713E-2 5.98016E-2 6.7885E-2 6.46105E-2 5.80759E-2 5.09596E-2 4.77113E-2 4.46011E-2 4.48129E-2 4.76635E-2 4.68272E-2 4.62436E-2 5.01685E-2 5.71894E-2 6.51095E-2 6.61725E-2 6.27181E-2 5.82042E-2 5.90793E-2 6.20718E-2 6.40937E-2 6.66295E-2 7.43611E-2 8.39102E-2 8.39957E-2 8.06418E-2 8.02879E-2 8.3989E-2 8.6271E-2 8.47743E-2 8.04054E-2 7.72481E-2 7.6857E-2 7.60653E-2 7.52012E-2 7.89755E-2 7.90499E-2 7.92682E-2 8.26109E-2 8.32049E-2 8.3089E-2 8.86561E-2 8.7213E-2 8.0168E-2 7.96184E-2 8.00069E-2 8.29272E-2 8.13161E-2 7.74471E-2 7.87442E-2 8.58095E-2 8.82674E-2 7.86108E-2 7.3324E-2 7.22523E-2 7.13208E-2 6.81881E-2 6.68844E-2 6.60195E-2 6.61033E-2
5.63681E-2 5.55147E-2 6.50353E-2 5.91316E-2 5.51776E-2 5.28991E-2 4.80706E-2 4.70437E-2 4.46131E-2 4.72129E-2 4.95487E-2 5.04293E-2 5.19696E-2 5.26748E-2 5.53809E-2 5.69031E-2 5.6025E-2 5.74439E-2 5.60518E-2 5.70836E-2 5.97526E-2 6.16517E-2 6.62161E-2 7.08801E-2 7.93065E-2 8.55344E-2 8.88905E-2 8.6975E-2 8.26108E-2 8.64277E-2 8.5056E-2 8.43769E-2 7.82112E-2 8.06654E-2 8.14502E-2 7.83183E-2 7.52637E-2 7.21424E-2 7.65888E-2 7.97167E-2 8.05025E-2 8.19746E-2 7.918E-2 7.90218E-2 7.82408E-2 7.87621E-2 7.69887E-2 8.03339E-2 8.20796E-2 8.17045E-2 8.05968E-2 8.00622E-2 7.60337E-2 7.48136E-2 7.371E-2 7.32485E-2 7.1575E-2 7.15686E-2 7.2031E-2 7.04189E-2 6.94828E-2
4.55392E-2 4.73474E-2 5.51245E-2 6.54089E-2 5.42216E-2 4.85056E-2 4.70058E-2 4.60077E-2 4.80325E-2 5.10034E-2 5.31019E-2 5.38427E-2 5.68047E-2 5.90315E-2 6.15609E-2 5.87163E-2 5.7886E-2 5.63297E-2 5.85748E-2 6.39429E-2 7.20031E-2 6.97885E-2 6.99972E-2 7.56605E-2 7.61781E-2 7.54772E-2 8.05728E-2 8.22211E-2 7.8626E-2 7.77114E-2 7.66606E-2 7.85275E-2 7.78237E-2 8.01957E-2 8.46062E-2 7.87841E-2 7.81942E-2 7.632E-2 8.06973E-2 8.20319E-2 8.00151E-2 8.02544E-2 8.05226E-2 7.98425E-2 8.08998E-2 7.90366E-2 7.855E-2 7.78585E-2 7.94111E-2 7.97961E-2 7.85394E-2 7.83139E-2 7.85485E-2 7.80694E-2 7.72105E-2 7.81974E-2 7.6393E-2 7.655E-2 7.62141E-2 7.55274E-2 7.52001E-2
3.31952E-2 4.96737E-2 4.98521E-2 5.41069E-2 6.19734E-2 5.13414E-2 4.76187E-2 4.94431E-2 5.10336E-2 5.28095E-2 5.18041E-2 5.43685E-2 5.38372E-2 5.14658E-2 5.56132E-2 5.89404E-2 5.78508E-2 5.67304E-2 5.84621E-2 6.20817E-2 6.6617E-2 6.76648E-2 6.79772E-2 7.02703E-2 7.7003E-2 7.83239E-2 7.18982E-2 7.31215E-2 7.02552E-2 6.76956E-2 7.03717E-2 7.0433E-2 6.79636E-2 6.98742E-2 7.6648E-2 8.0581E-2 8.66852E-2 9.00894E-2 8.84778E-2 8.84814E-2 8.83243E-2 8.14021E-2 7.90645E-2 7.95904E-2 8.00528E-2 7.72753E-2 7.41047E-2 7.59445E-2 7.83653E-2 7.98676E-2 7.91543E-2 7.92613E-2 8.05786E-2 8.15261E-2 7.99021E-2 7.82563E-2 7.89511E-2 8.22949E-2 8.65618E-2 8.42912E-2 8.30485E-2
3.06362E-2 3.20563E-2 4.75084E-2 5.10515E-2 5.50412E-2 5.30247E-2 4.84419E-2 5.30384E-2 4.92804E-2 4.86644E-2 5.26272E-2 5.25685E-2 5.29974E-2 5.54109E-2 5.61386E-2 5.54273E-2 5.04979E-2 5.88742E-2 5.65626E-2 5.65341E-2 5.44415E-2 5.94584E-2 6.79481E-2 6.52953E-2 8.2024E-2 8.60606E-2 7.54258E-2 7.39437E-2 7.26495E-2 7.15201E-2 7.60392E-2 8.38508E-2 7.30593E-2 7.00919E-2 7.13489E-2 7.30892E-2 8.07047E-2 8.92455E-2 8.89751E-2 8.64582E-2 8.41914E-2 8.53185E-2 7.92257E-2 7.62455E-2 7.55554E-2 7.43398E-2 7.40797E-2 7.61361E-2 7.7927E-2 7.92861E-2 8.12712E-2 8.12465E-2 8.26678E-2 8.08988E-2 7.92433E-2 8.00521E-2 8.09506E-2 8.00326E-2 8.37723E-2 8.3499E-2 7.66354E-2
2.98788E-2 3.0195E-2 3.23019E-2 3.38604E-2 3.73843E-2 3.99638E-2 3.95154E-2 4.3977E-2 4.6529E-2 4.92909E-2 5.18147E-2 5.63983E-2 5.42645E-2 5.499E-2 5.64055E-2 5.50422E-2 5.47201E-2 5.67428E-2 5.57695E-2 5.80465E-2 4.72726E-2 4.34729E-2 5.4546E-2 6.46079E-2 7.56631E-2 7.64249E-2 8.54276E-2 8.54258E-2 8.06972E-2 7.95504E-2 8.70238E-2 8.66746E-2 7.94945E-2 7.79589E-2 7.46818E-2 7.43261E-2 7.50337E-2 7.67176E-2 8.11071E-2 8.47687E-2 8.5314E-2 8.50113E-2 8.0873E-2 7.5875E-2 7.55285E-2 7.64848E-2 7.7777E-2 7.96935E-2 8.07751E-2 8.01098E-2 8.16083E-2 8.29356E-2 8.30934E-2 7.9009E-2 8.03903E-2 7.82332E-2 7.73512E-2 7.73137E-2 7.63403E-2 7.65656E-2 7.47551E-2
2.84185E-2 2.927E-2 2.97063E-2 3.20669E-2 3.66386E-2 4.27272E-2 4.49037E-2 4.6533E-2 4.7048E-2 4.39246E-2 4.04793E-2 3.98845E-2 4.90502E-2 5.16281E-2 5.43766E-2 5.15708E-2 5.47897E-2 5.48771E-2 5.54535E-2 5.42652E-2 5.56012E-2 5.4401E-2 5.09165E-2 5.42225E-2 6.31151E-2 7.12156E-2 9.05213E-2 1.03185E-1 1.00975E-1 1.03275E-1 1.05369E-1 1.01643E-1 9.43279E-2 8.63421E-2 7.96134E-2 7.59985E-2 7.56951E-2 7.83586E-2 8.44326E-2 8.87825E-2 9.18403E-2 8.80533E-2 8.53922E-2 8.19648E-2 7.70597E-2 7.67898E-2 7.99576E-2 7.90084E-2 7.88888E-2 7.99774E-2 8.03278E-2 8.29147E-2 8.12585E-2 8.06272E-2 8.00024E-2 7.70432E-2 7.5103E-2 7.62058E-2 7.40518E-2 7.38274E-2 7.28209E-2
3.54851E-2 3.0778E-2 3.48561E-2 4.126E-2 4.0198E-2 4.22666E-2 4.09939E-2 4.28076E-2 4.52294E-2 4.6468E-2 4.62654E-2 4.64552E-2 5.00515E-2 5.04898E-2 5.24124E-2 5.29467E-2 5.18587E-2 5.02121E-2 5.58338E-2 5.43913E-2 5.8478E-2 6.02872E-2 5.69461E-2 5.42223E-2 5.67065E-2 6.2042E-2 8.98464E-2 1.04696E-1 1.04834E-1 1.04424E-1 1.0637E-1 1.02706E-1 9.36441E-2 8.8677E-2 8.55922E-2 8.30586E-2 8.03447E-2 8.11482E-2 8.37509E-2 8.96401E-2 9.21506E-2 9.04449E-2 8.567E-2 8.45266E-2 7.88032E-2 7.72926E-2 8.12355E-2 8.16845E-2 8.38026E-2 8.38555E-2 8.42786E-2 8.3765E-2 8.14729E-2 7.96157E-2 7.91149E-2 7.88588E-2 7.68421E-2 7.51154E-2 7.53206E-2 7.55489E-2 7.36927E-2
3.90483E-2 3.72941E-2 4.08308E-2 4.21802E-2 4.47937E-2 4.31291E-2 4.1798E-2 4.46524E-2 4.39971E-2 4.37389E-2 4.55718E-2 4.73912E-2 4.88817E-2 5.07293E-2 5.80103E-2 5.8213E-2 5.72054E-2 5.37212E-2 5.27981E-2 5.47611E-2 5.92478E-2 6.05699E-2 6.03445E-2 5.83807E-2 5.77833E-2 6.68522E-2 9.00974E-2 9.50273E-2 9.93006E-2 9.90672E-2 1.05636E-1 1.01819E-1 9.81216E-2 9.47664E-2 8.96532E-2 8.96053E-2 8.88015E-2 8.65076E-2 8.96754E-2 9.32271E-2 9.4572E-2 9.072E-2 8.68194E-2 8.60337E-2 8.11501E-2 8.10876E-2 8.22591E-2 8.4361E-2 8.51881E-2 8.50248E-2 8.48139E-2 8.39795E-2 8.23447E-2 8.07676E-2 8.12232E-2 8.22104E-2 8.11458E-2 7.87396E-2 7.58109E-2 7.38183E-2 7.42424E-2
3.93624E-2 3.78324E-2 4.56551E-2 4.81477E-2 4.8695E-2 4.80018E-2 4.58572E-2 4.29069E-2 4.49852E-2 4.28553E-2 4.2349E-2 4.3532E-2 4.58911E-2 4.97993E-2 5.74785E-2 5.95484E-2 5.99396E-2 5.26337E-2 5.46859E-2 5.66636E-2 6.11523E-2 6.16785E-2 6.03913E-2 6.10397E-2 5.85662E-2 6.53019E-2 7.67526E-2 8.42218E-2 9.37818E-2 9.59715E-2 9.64676E-2 1.04163E-1 1.03445E-1 9.92621E-2 9.25652E-2 1.02305E-1 1.02043E-1 9.57116E-2 9.08027E-2 9.21042E-2 9.54584E-2 9.42601E-2 9.11807E-2 8.84698E-2 8.49549E-2 8.32423E-2 8.25594E-2 8.22332E-2 8.32578E-2 8.51175E-2 8.40921E-2 8.36169E-2 8.33211E-2 8.35127E-2 8.40147E-2 8.3894E-2 8.20442E-2 7.85634E-2 7.79578E-2 7.86478E-2 7.79428E-2
4.30274E-2 4.48196E-2 4.90322E-2 4.9854E-2 4.83951E-2 5.22832E-2 4.71402E-2 4.40981E-2 4.46217E-2 4.61233E-2 4.39519E-2 4.51965E-2 4.52253E-2 4.74383E-2 5.23824E-2 5.74635E-2 5.93272E-2 5.0565E-2 5.76065E-2 5.60694E-2 6.42984E-2 6.45437E-2 6.48328E-2 6.05505E-2 5.81642E-2 5.98864E-2 7.69303E-2 8.85657E-2 9.1534E-2 9.19866E-2 9.45794E-2 9.9733E-2 9.78119E-2 9.56417E-2 9.51187E-2 9.51624E-2 9.55128E-2 9.90323E-2 9.84673E-2 9.28302E-2 9.05139E-2 9.42031E-2 9.21099E-2 9.11018E-2 8.88392E-2 8.66085E-2 8.46785E-2 8.36496E-2 8.36271E-2 8.4144E-2 8.5673E-2 8.61346E-2 8.53963E-2 8.5635E-2 8.57448E-2 8.28449E-2 8.23249E-2 8.13145E-2 8.13021E-2 8.44887E-2 8.35112E-2
4.70752E-2 4.73227E-2 5.00822E-2 5.27117E-2 5.12972E-2 4.65689E-2 4.80529E-2 4.37364E-2 4.46489E-2 4.58999E-2 4.7122E-2 4.86613E-2 4.77535E-2 4.51592E-2 4.65045E-2 4.90927E-2 5.11384E-2 4.93858E-2 5.36929E-2 5.99353E-2 6.01693E-2 6.84261E-2 6.71406E-2 6.06886E-2 5.97446E-2 5.9054E-2 7.37178E-2 8.4242E-2 8.45092E-2 8.59425E-2 8.84831E-2 9.51112E-2 9.28254E-2 9.1928E-2 9.42983E-2 9.34575E-2 9.54092E-2 9.72742E-2 9.57209E-2 9.63344E-2 9.50316E-2 9.49981E-2 9.21347E-2 9.15623E-2 9.24472E-2 9.16208E-2 9.01842E-2 8.76309E-2 8.7149E-2 8.77823E-2 9.06124E-2 9.19864E-2 9.08391E-2 8.81102E-2 8.48157E-2 8.35158E-2 8.39178E-2 8.35766E-2 8.50929E-2 8.71723E-2 8.67323E-2
4.71854E-2 4.76972E-2 4.93926E-2 4.85888E-2 5.02833E-2 4.52424E-2 4.61846E-2 4.75411E-2 4.62635E-2 4.56577E-2 4.86165E-2 4.75312E-2 5.00339E-2 4.28473E-2 4.74453E-2 6.24282E-2 5.40889E-2 4.89035E-2 4.877E-2 5.83077E-2 6.01852E-2 6.33464E-2 7.08707E-2 6.89925E-2 6.46616E-2 6.20712E-2 7.05163E-2 8.18929E-2 8.71124E-2 8.84695E-2 9.15736E-2 9.53651E-2 9.42646E-2 9.32109E-2 9.38435E-2 9.52823E-2 9.66334E-2 9.61308E-2 9.64329E-2 9.64591E-2 9.61151E-2 9.67964E-2 9.68826E-2 9.55917E-2 9.59628E-2 9.65754E-2 9.59338E-2 9.36319E-2 9.32201E-2 9.27806E-2 9.32048E-2 9.24155E-2 9.17582E-2 8.80842E-2 8.46694E-2 8.38303E-2 8.25624E-2 8.46443E-2 8.77809E-2 8.89543E-2 8.84465E-2
5.3444E-2 5.12505E-2 5.0898E-2 4.70674E-2 5.0202E-2 4.74032E-2 4.8291E-2 4.86834E-2 4.77906E-2 4.61457E-2 4.34729E-2 4.42127E-2 4.55307E-2 4.26992E-2 4.47261E-2 5.26245E-2 5.85274E-2 5.85951E-2 5.24176E-2 5.04704E-2 5.84584E-2 5.92113E-2 6.6219E-2 7.30688E-2 6.98459E-2 6.88308E-2 7.43603E-2 8.68714E-2 9.53693E-2 9.62764E-2 9.81791E-2 9.63854E-2 9.44976E-2 9.10083E-2 9.20363E-2 9.51004E-2 9.74265E-2 1.00088E-1 1.01705E-1 9.7344E-2 9.67606E-2 9.99929E-2 1.01363E-1 1.00199E-1 9.89879E-2 9.74761E-2 9.78241E-2 9.87101E-2 9.70991E-2 9.45802E-2 9.26302E-2 9.16441E-2 8.94742E-2 9.15192E-2 9.15655E-2 8.92733E-2 8.70399E-2 8.62595E-2 8.57345E-2 8.76811E-2 9.07955E-2
5.61426E-2 5.41725E-2 5.30747E-2 5.27044E-2 5.18734E-2 5.0978E-2 4.7581E-2 4.72883E-2 4.64611E-2 4.33254E-2 4.63816E-2 4.77088E-2 4.75573E-2 5.28145E-2 4.49218E-2 4.64432E-2 5.38541E-2 5.50441E-2 5.43713E-2 4.60224E-2 4.77534E-2 5.88946E-2 5.8518E-2 6.56717E-2 7.88716E-2 8.64993E-2 9.52481E-2 1.0559E-1 1.02917E-1 1.03709E-1 1.01848E-1 9.80833E-2 8.99701E-2 9.00593E-2 9.49199E-2 9.74679E-2 1.01044E-1 1.00984E-1 1.02253E-1 9.98038E-2 9.86715E-2 9.98306E-2 1.00725E-1 1.01E-1 1.00998E-1 9.91441E-2 9.9683E-2 9.85048E-2 9.6975E-2 9.46219E-2 9.25949E-2 9.21004E-2 8.91606E-2 8.84631E-2 9.29779E-2 9.48514E-2 9.2678E-2 9.2385E-2 9.14457E-2 9.06633E-2 9.1381E-2
5.84839E-2 4.61039E-2 4.55726E-2 5.39915E-2 5.2284E-2 5.0441E-2 4.78295E-2 3.88707E-2 4.14347E-2 4.41696E-2 4.78173E-2 4.95327E-2 4.61871E-2 5.59402E-2 5.4711E-2 5.13915E-2 4.58432E-2 4.9886E-2 5.09298E-2 3.93974E-2 3.92724E-2 4.41135E-2 6.12565E-2 6.25744E-2 8.04999E-2 9.20872E-2 1.0293E-1 9.8997E-2 9.76924E-2 9.9131E-2 1.00983E-1 9.65993E-2 9.0735E-2 9.22514E-2 9.6109E-2 9.72749E-2 9.73067E-2 9.70238E-2 9.4729E-2 9.58466E-2 9.83545E-2 9.90888E-2 9.70308E-2 9.78847E-2 1.01955E-1 1.02027E-1 1.03134E-1 9.92749E-2 9.89491E-2 9.56689E-2 9.46586E-2 9.47659E-2 9.34613E-2 9.44334E-2 9.45777E-2 9.31759E-2 9.117E-2 9.31051E-2 9.60146E-2 9.83611E-2 9.75148E-2
4.84279E-2 4.16224E-2 4.23555E-2 5.03474E-2 5.98913E-2 5.50947E-2 5.12096E-2 4.35675E-2 3.98132E-2 3.93522E-2 4.15426E-2 4.26256E-2 4.12382E-2 3.84121E-2 3.99891E-2 4.52016E-2 3.4402E-2 5.14063E-2 4.71659E-2 3.95784E-2 3.93147E-2 4.28652E-2 5.68012E-2 6.00438E-2 6.80277E-2 9.26678E-2 1.01419E-1 9.4948E-2 8.66649E-2 8.98419E-2 9.23174E-2 9.37463E-2 9.51352E-2 9.34737E-2 9.32995E-2 9.34422E-2 9.50959E-2 9.52756E-2 9.31376E-2 9.6272E-2 9.82627E-2 9.92285E-2 9.86567E-2 1.0313E-1 1.03501E-1 1.01527E-1 9.93456E-2 9.90785E-2 9.86689E-2 9.52918E-2 9.50049E-2 9.89285E-2 9.96381E-2 9.75281E-2 9.80055E-2 9.5265E-2 9.45704E-2 9.55833E-2 9.60983E-2 9.63874E-2 9.68143E-2
