maxent_outputs/red_flowers_troch_bombus_environ/red_80.asc
ncols         426
nrows         180
xllcorner     -130.0
yllcorner     24.0
cellsize      0.16666666666666666
NODATA_value  -9999
[rows 0 to 26 of 180, columns 244 to 304 of 426]
1.85979E-2 1.81233E-2 1.80972E-2 1.75431E-2 1.73807E-2 1.72279E-2 1.69726E-2 1.67774E-2 1.69339E-2 1.72205E-2 1.73792E-2 1.7035E-2 1.63877E-2 1.61607E-2 1.67308E-2 1.6718E-2 1.68375E-2 1.69375E-2 1.66882E-2 1.61761E-2 1.55686E-2 1.52726E-2 1.57066E-2 1.52886E-2 1.47999E-2 1.47085E-2 1.4832E-2 1.42907E-2 1.45012E-2 1.56006E-2 1.45825E-2 1.49756E-2 1.43713E-2 1.40617E-2 1.41269E-2 1.39894E-2 1.38315E-2 1.37982E-2 1.383E-2 1.3645E-2 1.30938E-2 1.2113E-2 1.24304E-2 1.25738E-2 -9999 -9999 -9999 -9999 -9999 -9999 -9999 -9999 -9999 -9999 -9999 -9999 3.03722E-1 -9999 -9999 -9999 3.5569E-1
1.95875E-2 1.88546E-2 1.87484E-2 1.7923E-2 1.76959E-2 1.72679E-2 1.72744E-2 1.67678E-2 1.69357E-2 1.66713E-2 1.68022E-2 1.67598E-2 1.65667E-2 1.62198E-2 1.60229E-2 1.65631E-2 1.71381E-2 1.67187E-2 1.64374E-2 1.65591E-2 1.58429E-2 1.62215E-2 1.61951E-2 1.55127E-2 1.50553E-2 1.52981E-2 1.51461E-2 1.50485E-2 1.42873E-2 1.4603E-2 1.45289E-2 1.4637E-2 1.45775E-2 1.41002E-2 1.41981E-2 1.40947E-2 1.43425E-2 1.50559E-2 1.45085E-2 1.4341E-2 1.37646E-2 1.26083E-2 1.22661E-2 1.25467E-2 -9999 -9999 -9999 -9999 -9999 -9999 -9999 -9999 -9999 -9999 -9999 -9999 -9999 -9999 -9999 -9999 2.09776E-1
1.93081E-2 1.92163E-2 1.898E-2 1.88587E-2 1.8997E-2 1.86275E-2 1.90545E-2 1.85171E-2 1.82775E-2 1.69486E-2 1.6827E-2 1.64904E-2 1.66189E-2 1.67526E-2 1.67393E-2 1.69748E-2 1.72769E-2 1.73943E-2 1.69909E-2 1.69796E-2 1.60991E-2 1.58511E-2 1.60894E-2 1.59195E-2 1.52728E-2 1.52305E-2 1.47063E-2 1.48567E-2 1.45863E-2 1.44825E-2 1.46898E-2 1.47935E-2 1.46819E-2 1.47961E-2 1.45418E-2 1.43199E-2 1.44364E-2 1.41543E-2 1.41953E-2 1.40194E-2 1.36839E-2 1.26694E-2 1.24213E-2 -9999 -9999 -9999 -9999 -9999 -9999 -9999 -9999 -9999 -9999 -9999 -9999 -9999 -9999 2.64354E-2 -9999 -9999 2.84004E-1
1.95092E-2 1.97788E-2 1.9294E-2 1.94194E-2 1.84577E-2 1.7694E-2 1.77645E-2 1.79575E-2 1.76745E-2 1.70243E-2 1.7108E-2 1.6537E-2 1.65771E-2 1.67021E-2 1.70373E-2 1.71079E-2 1.71134E-2 1.69009E-2 1.70427E-2 1.67656E-2 1.64194E-2 1.59311E-2 1.63819E-2 1.69296E-2 1.61477E-2 1.54109E-2 1.52952E-2 1.51881E-2 1.48792E-2 1.48257E-2 1.48195E-2 1.51236E-2 1.52068E-2 1.51123E-2 1.47521E-2 1.478E-2 1.4597E-2 1.44465E-2 1.44269E-2 1.41832E-2 1.43664E-2 1.38327E-2 1.32418E-2 1.32112E-2 -9999 -9999 -9999 -9999 -9999 -9999 -9999 -9999 -9999 -9999 -9999 1.46784E-2 1.48631E-2 4.31223E-2 -9999 -9999 -9999
1.96521E-2 1.98588E-2 2.02461E-2 1.99065E-2 1.82963E-2 1.86812E-2 1.86174E-2 1.82679E-2 1.824E-2 1.78329E-2 1.73152E-2 1.68442E-2 1.65967E-2 1.65762E-2 1.6551E-2 1.66922E-2 1.68236E-2 1.70268E-2 1.67579E-2 1.66649E-2 1.65916E-2 1.60437E-2 1.65657E-2 1.72593E-2 1.61062E-2 1.59635E-2 1.56618E-2 1.54194E-2 1.56577E-2 1.52696E-2 1.48725E-2 1.51645E-2 1.51369E-2 1.52123E-2 1.49983E-2 1.4988E-2 1.51184E-2 1.53237E-2 1.44897E-2 1.4679E-2 1.46406E-2 1.42638E-2 1.36971E-2 1.44003E-2 -9999 1.36326E-2 1.34521E-2 1.30952E-2 1.31186E-2 1.3208E-2 -9999 -9999 -9999 -9999 -9999 1.50804E-2 1.99594E-2 8.42972E-2 2.79275E-1 -9999 -9999
2.07671E-2 2.09908E-2 2.03479E-2 2.05355E-2 1.92537E-2 1.91696E-2 1.91297E-2 1.93722E-2 1.89225E-2 1.88973E-2 1.85704E-2 1.88212E-2 1.75661E-2 1.67765E-2 1.66369E-2 1.67355E-2 1.69381E-2 1.67056E-2 1.68626E-2 1.70499E-2 1.65443E-2 1.58751E-2 1.59744E-2 1.62838E-2 1.64456E-2 1.55931E-2 1.54961E-2 1.51998E-2 1.52386E-2 1.53359E-2 1.5112E-2 1.54544E-2 1.51849E-2 1.53101E-2 1.53034E-2 1.49787E-2 1.51865E-2 1.4556E-2 1.42887E-2 1.40135E-2 1.40728E-2 1.4324E-2 1.54376E-2 1.60523E-2 1.3956E-2 1.33818E-2 1.34665E-2 1.3039E-2 1.32993E-2 1.34469E-2 1.391E-2 2.86631E-2 -9999 -9999 -9999 -9999 1.65102E-2 1.52786E-2 -9999 -9999 -9999
2.33673E-2 2.30381E-2 2.06732E-2 2.02466E-2 2.02105E-2 1.93768E-2 1.96826E-2 1.95141E-2 1.96482E-2 1.95064E-2 1.86796E-2 2.15565E-2 1.96178E-2 1.7486E-2 1.71539E-2 1.70667E-2 1.72091E-2 1.70082E-2 1.68991E-2 1.71251E-2 1.69002E-2 1.66911E-2 1.62403E-2 1.59648E-2 1.61885E-2 1.59673E-2 1.57276E-2 1.55831E-2 1.52086E-2 1.53412E-2 1.54776E-2 1.58002E-2 1.58725E-2 1.54298E-2 1.545E-2 1.53935E-2 1.5177E-2 1.43473E-2 1.39352E-2 1.38009E-2 1.39049E-2 1.42435E-2 1.45611E-2 1.51678E-2 1.33758E-2 1.3538E-2 1.36177E-2 1.53409E-2 1.54263E-2 1.52299E-2 1.48516E-2 1.46901E-2 -9999 -9999 -9999 -9999 -9999 -9999 -9999 -9999 3.6938E-1
2.09025E-2 2.04655E-2 2.06496E-2 2.06308E-2 2.05451E-2 1.92916E-2 1.89603E-2 1.94489E-2 1.95196E-2 1.87863E-2 1.90834E-2 1.91767E-2 1.8314E-2 1.74507E-2 1.72162E-2 1.70468E-2 1.69748E-2 1.699E-2 1.70353E-2 1.69885E-2 1.69935E-2 1.71746E-2 1.71355E-2 1.67712E-2 1.67967E-2 1.63166E-2 1.62021E-2 1.61623E-2 1.61067E-2 1.59103E-2 1.55126E-2 1.55642E-2 1.59987E-2 1.59618E-2 1.60443E-2 1.59809E-2 1.56349E-2 1.46584E-2 1.47858E-2 1.43905E-2 1.37762E-2 1.40771E-2 1.41009E-2 1.45299E-2 1.37162E-2 -9999 -9999 -9999 1.54652E-2 1.57235E-2 1.57599E-2 1.53208E-2 -9999 -9999 -9999 -9999 -9999 -9999 -9999 -9999 3.22182E-1
2.10381E-2 2.04476E-2 2.00854E-2 1.9799E-2 1.96054E-2 1.93929E-2 1.94126E-2 1.9819E-2 2.12192E-2 2.01694E-2 2.0104E-2 1.92772E-2 1.85819E-2 1.74739E-2 1.734E-2 1.76147E-2 1.72113E-2 1.71128E-2 1.70792E-2 1.71987E-2 1.73394E-2 1.76151E-2 1.75226E-2 1.74078E-2 1.67711E-2 1.66513E-2 1.61471E-2 1.60347E-2 1.66802E-2 1.69737E-2 1.67809E-2 1.66333E-2 1.62599E-2 1.5745E-2 1.57893E-2 1.60368E-2 1.61798E-2 1.5852E-2 1.57105E-2 1.51431E-2 1.44615E-2 1.41771E-2 1.41881E-2 1.41077E-2 1.35404E-2 1.35244E-2 1.49383E-2 -9999 -9999 -9999 -9999 -9999 -9999 -9999 -9999 -9999 -9999 -9999 3.18037E-2 -9999 3.36148E-1
2.10698E-2 2.09688E-2 2.09216E-2 2.07056E-2 2.01462E-2 1.98226E-2 1.91375E-2 1.96665E-2 1.92124E-2 1.95407E-2 1.90876E-2 1.92467E-2 1.87375E-2 1.83305E-2 1.76773E-2 1.76047E-2 1.77971E-2 1.78324E-2 1.74658E-2 1.75918E-2 1.75609E-2 1.75507E-2 1.76748E-2 1.73492E-2 1.87172E-2 1.70601E-2 1.64857E-2 1.6581E-2 1.68946E-2 1.69947E-2 1.70483E-2 1.69567E-2 1.68665E-2 1.62007E-2 1.61397E-2 1.63812E-2 1.64873E-2 1.63726E-2 1.62122E-2 1.57733E-2 1.52908E-2 1.54912E-2 1.53854E-2 1.46789E-2 1.45649E-2 1.47397E-2 1.50118E-2 -9999 -9999 -9999 -9999 -9999 -9999 -9999 3.70087E-1 -9999 -9999 -9999 -9999 -9999 3.73192E-1
2.06358E-2 2.09138E-2 2.08449E-2 2.09039E-2 2.07454E-2 2.14329E-2 2.08705E-2 2.06712E-2 2.25002E-2 2.03453E-2 2.01339E-2 1.99936E-2 1.94126E-2 1.89086E-2 1.81849E-2 1.7826E-2 1.74913E-2 1.73439E-2 1.75669E-2 1.76977E-2 1.77717E-2 1.77814E-2 1.75548E-2 1.75904E-2 2.02511E-2 1.96417E-2 1.69493E-2 1.65603E-2 1.71403E-2 1.74372E-2 1.73323E-2 1.71533E-2 1.68267E-2 1.63441E-2 1.67838E-2 1.66764E-2 1.65489E-2 1.72052E-2 1.67754E-2 1.65651E-2 1.69611E-2 1.69653E-2 1.62214E-2 1.50973E-2 1.51409E-2 1.52999E-2 1.57386E-2 2.41264E-2 -9999 -9999 -9999 -9999 -9999 -9999 -9999 -9999 -9999 -9999 3.80909E-2 1.71271E-2 -9999
2.17777E-2 2.15545E-2 2.09327E-2 2.07095E-2 2.08747E-2 2.14936E-2 2.10002E-2 2.04026E-2 2.03492E-2 1.98783E-2 1.92717E-2 1.93119E-2 1.93335E-2 1.87119E-2 1.83339E-2 1.80756E-2 1.76479E-2 1.75365E-2 1.77478E-2 1.78968E-2 1.76352E-2 1.76597E-2 1.78881E-2 1.77562E-2 1.76513E-2 1.74534E-2 1.76221E-2 1.74911E-2 1.77146E-2 1.73342E-2 1.69035E-2 1.6472E-2 1.62366E-2 1.66177E-2 1.67107E-2 1.73735E-2 1.72578E-2 1.72027E-2 1.6859E-2 1.74434E-2 1.70472E-2 1.63407E-2 1.62178E-2 1.55733E-2 1.55506E-2 1.57758E-2 1.52956E-2 1.56652E-2 1.56849E-2 1.59523E-2 1.70037E-2 -9999 -9999 -9999 -9999 -9999 -9999 -9999 1.98117E-2 1.91573E-2 1.82401E-2
2.13719E-2 2.12614E-2 2.10942E-2 2.13811E-2 2.16839E-2 2.10771E-2 2.1473E-2 2.07188E-2 2.06329E-2 1.9876E-2 1.90355E-2 1.86036E-2 1.84327E-2 1.83714E-2 1.85723E-2 1.86835E-2 1.82388E-2 1.79521E-2 1.80054E-2 1.79352E-2 1.80207E-2 1.77819E-2 1.78273E-2 1.78385E-2 1.82958E-2 1.80753E-2 1.78142E-2 1.77497E-2 1.74906E-2 1.73317E-2 1.69813E-2 1.66298E-2 1.64682E-2 1.6602E-2 1.65686E-2 1.67777E-2 1.73598E-2 1.7096E-2 1.6932E-2 1.69624E-2 1.68538E-2 1.65907E-2 1.68783E-2 1.64029E-2 1.63261E-2 1.64313E-2 1.61578E-2 1.61648E-2 1.59544E-2 1.59537E-2 1.58593E-2 1.52624E-2 -9999 -9999 -9999 -9999 -9999 -9999 2.07908E-2 1.90195E-2 1.69635E-2
2.22129E-2 2.12856E-2 2.18415E-2 2.15382E-2 2.16211E-2 2.13134E-2 2.09713E-2 2.0356E-2 2.0049E-2 1.97935E-2 1.93628E-2 1.87909E-2 1.90405E-2 1.90522E-2 1.88225E-2 1.84724E-2 1.83021E-2 1.80569E-2 1.80334E-2 1.79039E-2 1.79404E-2 1.80957E-2 1.81299E-2 1.80892E-2 1.80639E-2 1.78952E-2 1.77408E-2 1.79492E-2 1.8064E-2 1.78817E-2 1.7907E-2 1.72875E-2 1.67007E-2 1.67887E-2 1.70254E-2 1.71426E-2 1.71474E-2 1.74241E-2 1.72559E-2 1.70943E-2 1.69391E-2 1.67052E-2 1.69996E-2 1.67562E-2 1.73061E-2 1.74149E-2 1.72087E-2 1.674E-2 1.66969E-2 1.6853E-2 1.59339E-2 1.55258E-2 1.56566E-2 -9999 -9999 -9999 -9999 -9999 -9999 -9999 2.37526E-2
2.21084E-2 2.2153E-2 2.24049E-2 2.21981E-2 2.27173E-2 2.16607E-2 2.12354E-2 2.13886E-2 2.14235E-2 2.0934E-2 2.00545E-2 1.95642E-2 1.98252E-2 1.93124E-2 1.89723E-2 1.89049E-2 1.89089E-2 1.85356E-2 1.84425E-2 1.83165E-2 1.81153E-2 1.82061E-2 1.88975E-2 1.84512E-2 1.81233E-2 1.81036E-2 1.80156E-2 1.80281E-2 1.78891E-2 1.8099E-2 1.8027E-2 1.79192E-2 1.77539E-2 1.69882E-2 1.71829E-2 1.75705E-2 1.74048E-2 1.73583E-2 1.71868E-2 1.72335E-2 1.71577E-2 1.76398E-2 1.78382E-2 1.76499E-2 1.75168E-2 1.77775E-2 1.77487E-2 1.76687E-2 1.79415E-2 1.80106E-2 1.68273E-2 1.65363E-2 1.66841E-2 1.84545E-2 -9999 -9999 -9999 -9999 2.55314E-2 2.19126E-2 2.12246E-2
2.25448E-2 2.27997E-2 2.3321E-2 2.2654E-2 2.26339E-2 2.26163E-2 2.20505E-2 2.16283E-2 2.19753E-2 2.16901E-2 2.06033E-2 2.06293E-2 2.09399E-2 2.10592E-2 1.98203E-2 1.97516E-2 1.95127E-2 1.92981E-2 1.90863E-2 1.90755E-2 1.88479E-2 1.84943E-2 1.97885E-2 1.85484E-2 1.81868E-2 1.81138E-2 1.81382E-2 1.86138E-2 1.87144E-2 1.85951E-2 1.87542E-2 1.86328E-2 1.82606E-2 1.80065E-2 1.78992E-2 1.78211E-2 1.74553E-2 1.76699E-2 1.80178E-2 1.76165E-2 1.79214E-2 1.79607E-2 1.80516E-2 1.77375E-2 1.75664E-2 1.77536E-2 1.72947E-2 1.71937E-2 1.78082E-2 1.74763E-2 1.78934E-2 1.84537E-2 1.84896E-2 1.83709E-2 -9999 -9999 -9999 2.04207E-2 2.01079E-2 2.21005E-2 2.45366E-2
2.35238E-2 2.37628E-2 2.36796E-2 2.28168E-2 2.28287E-2 2.21405E-2 2.25687E-2 2.26894E-2 2.18486E-2 2.2032E-2 2.22492E-2 2.26959E-2 2.20789E-2 2.13994E-2 2.09035E-2 2.02183E-2 2.03408E-2 2.03624E-2 1.99127E-2 1.96761E-2 1.94394E-2 1.93519E-2 1.92927E-2 1.87729E-2 1.82827E-2 1.86203E-2 1.85359E-2 1.86416E-2 1.83761E-2 1.85494E-2 1.87035E-2 1.85697E-2 1.83946E-2 1.83544E-2 1.85634E-2 1.83973E-2 1.79336E-2 1.79543E-2 1.83469E-2 1.80533E-2 1.89288E-2 1.87455E-2 1.83156E-2 1.79198E-2 1.74948E-2 1.73621E-2 1.72654E-2 1.75902E-2 1.74315E-2 1.75343E-2 1.82303E-2 1.90101E-2 1.99067E-2 1.80416E-2 1.76273E-2 1.82474E-2 1.87329E-2 1.94714E-2 1.97408E-2 2.27693E-2 2.29966E-2
2.38552E-2 2.35357E-2 2.36358E-2 2.40499E-2 2.31799E-2 2.32666E-2 2.34812E-2 2.3261E-2 2.25703E-2 2.24346E-2 2.20798E-2 2.19597E-2 2.15492E-2 2.07334E-2 2.09878E-2 2.10836E-2 2.08876E-2 2.09593E-2 2.06367E-2 2.03158E-2 1.98191E-2 1.94538E-2 1.96134E-2 1.94668E-2 1.94926E-2 1.92357E-2 1.92439E-2 1.89374E-2 1.90581E-2 1.89025E-2 1.86953E-2 1.86789E-2 1.87658E-2 1.89832E-2 1.87473E-2 1.89955E-2 1.88525E-2 1.90048E-2 1.95626E-2 1.92585E-2 1.84699E-2 1.81923E-2 1.79563E-2 1.81007E-2 1.81408E-2 1.82416E-2 1.81744E-2 1.78777E-2 1.80664E-2 1.86771E-2 1.95849E-2 1.97511E-2 1.9148E-2 1.79018E-2 1.80364E-2 1.87283E-2 1.89411E-2 2.08665E-2 2.11454E-2 2.3475E-2 2.48249E-2
2.52473E-2 2.47235E-2 2.41715E-2 2.38484E-2 2.40665E-2 2.39157E-2 2.32424E-2 2.32443E-2 2.32763E-2 2.32835E-2 2.29539E-2 2.17954E-2 2.24992E-2 2.23305E-2 2.12275E-2 2.10104E-2 2.10453E-2 2.11318E-2 2.15981E-2 2.07986E-2 2.03727E-2 2.01471E-2 2.01518E-2 1.99311E-2 2.02225E-2 2.05374E-2 1.99677E-2 1.92909E-2 1.99057E-2 1.94253E-2 1.90064E-2 1.9693E-2 1.93661E-2 2.04289E-2 1.92681E-2 1.90859E-2 1.91658E-2 1.94102E-2 1.93477E-2 1.88813E-2 1.89393E-2 1.91124E-2 1.88842E-2 1.88115E-2 1.91862E-2 1.89269E-2 1.87215E-2 1.90606E-2 1.94385E-2 1.95396E-2 1.92992E-2 1.95749E-2 1.96319E-2 1.99625E-2 2.02494E-2 2.06909E-2 2.13222E-2 2.23981E-2 2.31202E-2 2.29067E-2 2.42638E-2
2.57207E-2 2.54855E-2 2.39885E-2 2.39635E-2 2.41855E-2 2.37895E-2 2.55312E-2 2.42026E-2 2.3299E-2 2.27676E-2 2.26423E-2 2.1691E-2 2.21186E-2 2.36873E-2 2.22761E-2 2.18431E-2 2.22889E-2 2.1342E-2 2.24255E-2 2.25317E-2 2.16218E-2 2.06823E-2 2.05709E-2 2.04486E-2 2.08573E-2 2.1107E-2 2.11837E-2 2.04703E-2 2.01575E-2 2.00948E-2 1.99078E-2 1.98605E-2 1.98486E-2 1.99835E-2 2.01031E-2 1.96594E-2 1.94942E-2 1.95936E-2 1.9496E-2 1.97716E-2 2.01125E-2 2.01502E-2 1.95863E-2 1.96115E-2 1.96611E-2 1.9347E-2 1.9434E-2 1.98234E-2 1.96657E-2 1.95128E-2 1.9561E-2 1.98679E-2 2.03129E-2 2.08031E-2 2.11992E-2 2.1643E-2 2.17111E-2 2.21272E-2 2.26957E-2 2.30136E-2 2.4073E-2
2.52976E-2 2.49823E-2 2.47612E-2 2.43233E-2 2.34811E-2 2.34907E-2 2.4168E-2 2.33595E-2 2.31711E-2 2.23715E-2 2.33162E-2 2.45902E-2 2.25183E-2 2.22847E-2 2.20679E-2 2.22808E-2 2.30267E-2 2.22632E-2 2.212E-2 2.20427E-2 2.17679E-2 2.13539E-2 2.09617E-2 2.11943E-2 2.12937E-2 2.10296E-2 2.08694E-2 2.06522E-2 2.14301E-2 2.06381E-2 2.04784E-2 2.05465E-2 1.99512E-2 2.01916E-2 2.01555E-2 1.94956E-2 1.97443E-2 2.02622E-2 2.03208E-2 2.05448E-2 2.096E-2 2.0422E-2 2.01078E-2 2.03263E-2 2.05294E-2 2.01476E-2 2.05103E-2 2.0755E-2 2.08881E-2 2.07065E-2 2.07154E-2 2.09611E-2 2.11063E-2 2.14519E-2 2.17753E-2 2.24691E-2 2.27428E-2 2.29645E-2 2.30088E-2 2.33266E-2 2.39556E-2
2.57426E-2 2.59546E-2 2.50084E-2 2.38626E-2 2.30521E-2 2.32311E-2 2.31216E-2 2.35491E-2 2.31366E-2 2.27737E-2 2.35138E-2 2.47107E-2 2.49497E-2 2.40406E-2 2.40818E-2 2.38332E-2 2.34362E-2 2.30992E-2 2.22484E-2 2.23018E-2 2.22939E-2 2.22612E-2 2.18732E-2 2.15324E-2 2.16116E-2 2.18622E-2 2.15505E-2 2.15465E-2 2.183E-2 2.18071E-2 2.08286E-2 2.05307E-2 2.07271E-2 2.10072E-2 2.08128E-2 2.06167E-2 2.08645E-2 2.08586E-2 2.10498E-2 2.15411E-2 2.17318E-2 2.07695E-2 2.10529E-2 2.10666E-2 2.0908E-2 2.12789E-2 2.1313E-2 2.14455E-2 2.13064E-2 2.12872E-2 2.12021E-2 2.12836E-2 2.19113E-2 2.30779E-2 2.74884E-2 2.42203E-2 2.40307E-2 2.37329E-2 2.42103E-2 2.4392E-2 2.4795E-2
2.53725E-2 2.53965E-2 2.52875E-2 2.31746E-2 2.27274E-2 2.32998E-2 2.41136E-2 2.34918E-2 2.33608E-2 2.26652E-2 2.30877E-2 2.36563E-2 2.33129E-2 2.33116E-2 2.43968E-2 2.44667E-2 2.478E-2 2.31107E-2 2.32953E-2 2.25441E-2 2.25221E-2 2.34209E-2 2.36515E-2 2.30473E-2 2.29045E-2 2.27453E-2 2.27773E-2 2.28957E-2 2.23229E-2 2.22709E-2 2.18874E-2 2.19646E-2 2.20118E-2 2.18911E-2 2.20952E-2 2.19967E-2 2.25614E-2 2.16228E-2 2.13486E-2 2.18305E-2 2.24488E-2 2.18648E-2 2.10677E-2 2.21505E-2 2.20535E-2 2.17127E-2 2.26923E-2 2.16214E-2 2.19069E-2 2.15683E-2 2.19783E-2 2.22207E-2 2.31746E-2 2.4018E-2 2.52555E-2 2.37513E-2 2.41036E-2 2.45456E-2 2.50753E-2 2.5249E-2 2.53393E-2
2.58662E-2 2.66491E-2 2.61988E-2 2.65629E-2 2.42257E-2 2.53933E-2 2.59864E-2 2.49534E-2 2.3512E-2 2.32352E-2 2.32263E-2 2.70352E-2 2.3942E-2 2.42732E-2 2.56335E-2 2.37975E-2 2.38774E-2 2.28672E-2 2.37532E-2 2.33782E-2 2.25485E-2 2.36697E-2 2.464E-2 2.58143E-2 2.51565E-2 2.42251E-2 2.3161E-2 2.34518E-2 2.35817E-2 2.2828E-2 2.31574E-2 2.35637E-2 2.27476E-2 2.26572E-2 2.311E-2 2.3026E-2 2.37279E-2 2.38634E-2 2.3932E-2 2.34023E-2 2.33136E-2 2.40183E-2 2.43868E-2 2.50626E-2 2.41333E-2 2.34972E-2 2.27114E-2 2.21954E-2 2.27148E-2 2.24046E-2 2.26607E-2 2.30544E-2 2.33983E-2 2.32172E-2 2.33913E-2 2.33375E-2 2.37102E-2 2.47014E-2 2.51385E-2 2.53753E-2 2.56941E-2
2.72339E-2 2.75058E-2 2.8069E-2 3.11039E-2 2.98849E-2 3.81709E-2 4.00722E-2 3.34613E-2 2.51451E-2 2.31572E-2 2.55403E-2 2.83111E-2 2.57901E-2 2.51517E-2 2.58872E-2 2.49327E-2 2.37807E-2 2.38247E-2 2.79338E-2 2.50399E-2 2.43807E-2 2.43669E-2 2.49339E-2 2.5223E-2 2.50365E-2 2.43504E-2 2.45363E-2 2.51389E-2 2.50785E-2 2.47139E-2 2.35531E-2 2.4272E-2 2.3953E-2 2.35226E-2 2.41816E-2 2.4146E-2 2.39645E-2 2.40673E-2 2.46128E-2 2.44068E-2 2.50113E-2 2.47978E-2 2.60094E-2 2.60383E-2 2.52558E-2 2.39307E-2 2.4051E-2 2.39189E-2 2.33621E-2 2.3446E-2 2.34533E-2 2.36952E-2 2.38764E-2 2.42948E-2 2.40456E-2 2.42988E-2 2.45068E-2 2.46135E-2 2.52573E-2 2.4647E-2 2.46077E-2
2.71128E-2 2.75072E-2 3.24706E-2 3.46996E-2 3.8343E-2 4.19226E-2 4.40229E-2 3.19285E-2 2.62325E-2 2.48245E-2 2.65575E-2 2.57008E-2 2.62317E-2 2.61167E-2 2.7169E-2 2.48144E-2 2.65142E-2 2.3709E-2 2.48534E-2 2.76574E-2 2.60013E-2 2.54706E-2 2.5683E-2 2.55143E-2 2.49049E-2 2.51926E-2 2.47559E-2 2.46844E-2 2.53254E-2 2.45816E-2 2.57919E-2 2.57739E-2 2.53877E-2 2.41667E-2 2.39629E-2 2.4861E-2 2.3638E-2 2.32002E-2 2.3686E-2 2.45018E-2 2.44582E-2 2.53448E-2 2.55608E-2 2.49095E-2 2.41608E-2 2.342E-2 2.36612E-2 2.36067E-2 2.38266E-2 2.41987E-2 2.44749E-2 2.44746E-2 2.45345E-2 2.45393E-2 2.49264E-2 2.48007E-2 2.47658E-2 2.47797E-2 2.47234E-2 2.46218E-2 2.48827E-2
2.59318E-2 2.60686E-2 2.92604E-2 3.20056E-2 3.2941E-2 3.62911E-2 3.96568E-2 2.72696E-2 2.38539E-2 2.36524E-2 2.40664E-2 2.4313E-2 2.43428E-2 2.56855E-2 2.74027E-2 2.83442E-2 2.73826E-2 2.71873E-2 2.48574E-2 2.54996E-2 2.51599E-2 2.62127E-2 2.64162E-2 2.59625E-2 2.49846E-2 2.54852E-2 2.5894E-2 2.59917E-2 2.70177E-2 2.52717E-2 2.57618E-2 2.52423E-2 2.54458E-2 2.53508E-2 2.5214E-2 2.47933E-2 2.40997E-2 2.43562E-2 2.48219E-2 2.48537E-2 2.48054E-2 2.52879E-2 2.50523E-2 2.43487E-2 2.30179E-2 2.35598E-2 2.39183E-2 2.44159E-2 2.42334E-2 2.48969E-2 2.5235E-2 2.50368E-2 2.47875E-2 2.50602E-2 2.52184E-2 2.501E-2 2.50121E-2 2.49507E-2 2.48345E-2 2.49634E-2 2.50513E-2
