maxent_outputs/red_flowers_troch_bombus_environ/red_123.asc
ncols         426
nrows         180
xllcorner     -130.0
yllcorner     24.0
cellsize      0.16666666666666666
NODATA_value  -9999
[rows 81 to 107 of 180, columns 183 to 243 of 426]
2.94243E-1 2.93873E-1 2.93976E-1 2.93227E-1 2.92584E-1 2.94168E-1 2.97609E-1 3.0429E-1 3.08775E-1 3.12614E-1 3.13874E-1 3.11827E-1 3.17842E-1 3.22584E-1 3.21423E-1 3.18848E-1 3.24938E-1 3.37712E-1 3.4872E-1 3.5344E-1 3.51732E-1 3.52865E-1 3.59071E-1 3.67228E-1 3.72351E-1 3.73099E-1 3.77837E-1 3.78504E-1 3.84374E-1 3.8894E-1 3.95388E-1 3.97966E-1 3.97431E-1 4.01246E-1 4.02395E-1 4.16777E-1 4.30761E-1 4.48575E-1 4.44287E-1 4.40991E-1 4.43291E-1 4.30286E-1 4.15784E-1 4.0223E-1 4.02553E-1 4.13788E-1 4.18949E-1 4.22764E-1 4.37016E-1 4.32631E-1 4.34885E-1 4.42729E-1 4.47262E-1 4.38493E-1 4.45284E-1 4.5249E-1 4.61731E-1 4.67068E-1 4.43175E-1 4.38584E-1 4.37966E-1
3.01204E-1 2.97869E-1 2.9834E-1 2.97356E-1 2.97179E-1 2.97993E-1 3.04619E-1 3.14046E-1 3.23703E-1 3.25401E-1 3.22466E-1 3.24648E-1 3.31394E-1 3.4003E-1 3.35437E-1 3.31458E-1 3.32601E-1 3.44328E-1 3.57807E-1 3.65882E-1 3.63224E-1 3.6628E-1 3.72817E-1 3.81184E-1 3.89115E-1 3.84849E-1 3.86903E-1 3.88592E-1 3.93935E-1 3.94869E-1 3.96863E-1 4.01436E-1 4.00439E-1 3.99657E-1 4.01976E-1 4.19386E-1 4.50745E-1 4.89668E-1 5.13664E-1 4.80326E-1 4.68825E-1 4.54052E-1 4.32065E-1 4.20641E-1 4.19772E-1 4.30089E-1 4.35594E-1 4.32744E-1 4.37467E-1 4.40108E-1 4.39201E-1 4.44235E-1 4.48151E-1 4.48396E-1 4.57717E-1 4.64043E-1 4.6153E-1 4.54176E-1 4.45146E-1 4.37252E-1 4.35174E-1
3.09299E-1 3.08682E-1 3.03269E-1 3.04056E-1 3.04547E-1 3.07942E-1 3.12612E-1 3.22831E-1 3.32404E-1 3.35273E-1 3.3737E-1 3.4038E-1 3.4769E-1 3.57221E-1 3.54845E-1 3.46312E-1 3.47423E-1 3.5465E-1 3.57935E-1 3.6618E-1 3.75234E-1 3.85834E-1 3.89982E-1 3.94487E-1 4.01703E-1 3.9987E-1 3.95262E-1 3.93652E-1 3.98766E-1 3.94072E-1 3.9114E-1 3.98366E-1 4.07103E-1 4.08638E-1 4.16166E-1 4.33118E-1 4.61455E-1 4.99172E-1 5.1949E-1 4.92867E-1 4.79234E-1 4.6952E-1 4.45879E-1 4.39046E-1 4.4026E-1 4.33331E-1 4.43002E-1 4.45855E-1 4.47676E-1 4.52291E-1 4.47942E-1 4.49587E-1 4.48785E-1 4.47242E-1 4.52771E-1 4.5889E-1 4.51696E-1 4.52525E-1 4.47966E-1 4.44924E-1 4.43879E-1
3.13748E-1 3.10885E-1 3.08002E-1 3.07996E-1 3.11535E-1 3.18168E-1 3.25956E-1 3.34178E-1 3.44535E-1 3.47855E-1 3.54021E-1 3.5852E-1 3.58245E-1 3.61206E-1 3.6354E-1 3.59798E-1 3.5368E-1 3.45969E-1 3.48623E-1 3.57292E-1 3.68356E-1 3.77749E-1 3.88113E-1 3.97298E-1 4.0428E-1 4.10602E-1 4.1385E-1 4.09837E-1 4.032E-1 3.9165E-1 3.87872E-1 3.95418E-1 4.03423E-1 4.12438E-1 4.23496E-1 4.36885E-1 4.58274E-1 4.78668E-1 4.83603E-1 4.81683E-1 4.77202E-1 4.67958E-1 4.60857E-1 4.55731E-1 4.48933E-1 4.37554E-1 4.52763E-1 4.64122E-1 4.65125E-1 4.6409E-1 4.58866E-1 4.58372E-1 4.53607E-1 4.52665E-1 4.39573E-1 4.40087E-1 4.44085E-1 4.49744E-1 4.59224E-1 4.562E-1 4.51552E-1
3.14589E-1 3.11494E-1 3.09259E-1 3.10022E-1 3.15071E-1 3.23704E-1 3.28114E-1 3.41015E-1 3.47615E-1 3.52614E-1 3.57109E-1 3.61254E-1 3.5801E-1 3.53007E-1 3.51729E-1 3.50908E-1 3.47781E-1 3.43765E-1 3.44852E-1 3.50809E-1 3.61827E-1 3.7173E-1 3.85946E-1 3.9319E-1 4.04122E-1 4.12558E-1 4.1424E-1 4.1807E-1 4.15672E-1 4.0469E-1 3.99763E-1 4.01185E-1 4.06884E-1 4.11584E-1 4.20888E-1 4.24221E-1 4.41546E-1 4.58595E-1 4.62773E-1 4.68768E-1 4.69202E-1 4.68816E-1 4.68283E-1 4.64011E-1 4.64653E-1 4.64499E-1 4.73301E-1 4.79381E-1 4.80588E-1 4.74054E-1 4.68179E-1 4.65775E-1 4.58965E-1 4.49961E-1 4.41182E-1 4.37776E-1 4.42855E-1 4.52454E-1 4.61807E-1 4.70605E-1 4.7225E-1
3.17763E-1 3.19686E-1 3.19729E-1 3.19704E-1 3.22482E-1 3.26713E-1 3.31383E-1 3.40198E-1 3.45126E-1 3.53322E-1 3.5826E-1 3.58662E-1 3.55338E-1 3.49512E-1 3.46018E-1 3.41462E-1 3.39988E-1 3.42505E-1 3.46059E-1 3.48976E-1 3.55993E-1 3.68281E-1 3.81737E-1 3.90721E-1 4.0282E-1 4.18513E-1 4.28058E-1 4.28781E-1 4.26813E-1 4.24933E-1 4.17258E-1 4.18943E-1 4.17349E-1 4.27254E-1 4.33953E-1 4.47648E-1 4.54083E-1 4.59594E-1 4.57182E-1 4.59815E-1 4.59486E-1 4.7071E-1 4.70327E-1 4.67953E-1 4.69566E-1 4.80468E-1 4.88675E-1 4.90046E-1 4.86391E-1 4.87897E-1 4.79683E-1 4.73533E-1 4.67337E-1 4.57501E-1 4.50056E-1 4.49582E-1 4.58079E-1 4.65459E-1 4.72158E-1 4.8147E-1 4.91972E-1
3.23725E-1 3.27361E-1 3.3031E-1 3.30898E-1 3.2877E-1 3.32882E-1 3.44494E-1 3.47756E-1 3.51187E-1 3.54509E-1 3.5326E-1 3.58552E-1 3.65249E-1 3.61591E-1 3.56458E-1 3.46224E-1 3.4485E-1 3.53504E-1 3.5103E-1 3.52716E-1 3.55838E-1 3.62417E-1 3.77795E-1 3.88685E-1 4.03524E-1 4.22616E-1 4.42185E-1 4.49353E-1 4.36319E-1 4.37014E-1 4.39474E-1 4.39978E-1 4.41384E-1 4.48069E-1 4.55895E-1 4.59243E-1 4.6196E-1 4.56697E-1 4.51547E-1 4.54737E-1 4.6113E-1 4.66262E-1 4.66808E-1 4.67857E-1 4.69374E-1 4.78889E-1 4.85517E-1 4.81875E-1 4.86028E-1 4.86367E-1 4.8881E-1 4.8681E-1 4.8835E-1 4.78073E-1 4.64288E-1 4.65904E-1 4.74857E-1 4.83879E-1 4.9123E-1 4.93946E-1 4.99038E-1
3.39606E-1 3.42153E-1 3.47021E-1 3.49928E-1 3.45526E-1 3.43379E-1 3.46121E-1 3.52406E-1 3.61551E-1 3.59807E-1 3.51145E-1 3.53986E-1 3.70415E-1 3.65384E-1 3.65398E-1 3.62948E-1 3.5887E-1 3.65725E-1 3.62295E-1 3.59098E-1 3.6049E-1 3.68446E-1 3.8462E-1 3.96207E-1 4.14947E-1 4.26956E-1 4.51554E-1 4.56824E-1 4.46979E-1 4.48545E-1 4.5184E-1 4.55292E-1 4.58073E-1 4.62118E-1 4.63306E-1 4.68371E-1 4.66253E-1 4.61475E-1 4.55835E-1 4.62903E-1 4.67469E-1 4.71402E-1 4.73909E-1 4.67067E-1 4.6489E-1 4.64382E-1 4.69662E-1 4.77303E-1 4.85882E-1 4.88214E-1 4.95629E-1 4.9791E-1 5.03083E-1 5.02445E-1 4.94084E-1 4.912E-1 4.98497E-1 5.07726E-1 5.083E-1 5.13379E-1 5.17475E-1
3.46542E-1 3.55722E-1 3.59073E-1 3.5938E-1 3.56807E-1 3.53579E-1 3.50538E-1 3.5401E-1 3.60484E-1 3.58895E-1 3.51035E-1 3.6126E-1 3.74215E-1 3.62179E-1 3.56025E-1 3.62267E-1 3.68577E-1 3.73493E-1 3.73063E-1 3.71694E-1 3.78061E-1 3.87317E-1 3.99378E-1 4.139E-1 4.25195E-1 4.32269E-1 4.52734E-1 4.62503E-1 4.63979E-1 4.64933E-1 4.64193E-1 4.65269E-1 4.66127E-1 4.72737E-1 4.70684E-1 4.74646E-1 4.73885E-1 4.72791E-1 4.68792E-1 4.7454E-1 4.74774E-1 4.74781E-1 4.79421E-1 4.77637E-1 4.69545E-1 4.68647E-1 4.72041E-1 4.81841E-1 4.9012E-1 4.92664E-1 4.9796E-1 5.07426E-1 5.21555E-1 5.31718E-1 5.30086E-1 5.22892E-1 5.20106E-1 5.21307E-1 5.25754E-1 5.24649E-1 5.25664E-1
3.44998E-1 3.53292E-1 3.67935E-1 3.726E-1 3.72267E-1 3.68123E-1 3.56993E-1 3.52497E-1 3.55794E-1 3.61176E-1 3.64406E-1 3.77174E-1 3.72142E-1 3.6008E-1 3.56819E-1 3.53801E-1 3.62358E-1 3.69777E-1 3.79082E-1 3.90172E-1 4.00143E-1 4.01131E-1 4.06021E-1 4.1129E-1 4.24525E-1 4.38921E-1 4.46453E-1 4.58778E-1 4.66481E-1 4.6948E-1 4.68158E-1 4.72485E-1 4.79531E-1 4.76179E-1 4.81453E-1 4.85478E-1 4.88628E-1 4.87416E-1 4.87811E-1 4.84954E-1 4.86625E-1 4.83034E-1 4.84708E-1 4.82512E-1 4.83462E-1 4.81977E-1 4.88631E-1 4.98139E-1 5.03171E-1 5.03837E-1 5.04147E-1 5.123E-1 5.26747E-1 5.48492E-1 5.5455E-1 5.55029E-1 5.46338E-1 5.39739E-1 5.32658E-1 5.29663E-1 5.30113E-1
3.49334E-1 3.55878E-1 3.71498E-1 3.80644E-1 3.79217E-1 3.73915E-1 3.64065E-1 3.48969E-1 3.60929E-1 3.7359E-1 3.77765E-1 3.83076E-1 3.73032E-1 3.66453E-1 3.60142E-1 3.58379E-1 3.57771E-1 3.69802E-1 3.81976E-1 3.96545E-1 4.00451E-1 3.97434E-1 3.99648E-1 4.06774E-1 4.22893E-1 4.38595E-1 4.39997E-1 4.42442E-1 4.47254E-1 4.53288E-1 4.57042E-1 4.6586E-1 4.77412E-1 4.84245E-1 4.8758E-1 4.97219E-1 4.98183E-1 4.99109E-1 4.97873E-1 4.95066E-1 4.86773E-1 4.78818E-1 4.87508E-1 4.97533E-1 4.96451E-1 4.96492E-1 5.04609E-1 5.15297E-1 5.22797E-1 5.2467E-1 5.24623E-1 5.29289E-1 5.38082E-1 5.52089E-1 5.69158E-1 5.76034E-1 5.6526E-1 5.58428E-1 5.4639E-1 5.42957E-1 5.39109E-1
3.4751E-1 3.53328E-1 3.63142E-1 3.71668E-1 3.78881E-1 3.82265E-1 3.7505E-1 3.70173E-1 3.784E-1 3.7907E-1 3.84648E-1 3.86902E-1 3.87077E-1 3.78367E-1 3.66787E-1 3.62698E-1 3.60985E-1 3.71466E-1 3.82478E-1 3.85495E-1 3.85034E-1 3.89718E-1 3.94752E-1 4.05096E-1 4.26974E-1 4.41172E-1 4.35979E-1 4.25732E-1 4.37587E-1 4.46773E-1 4.55337E-1 4.67219E-1 4.82068E-1 4.91076E-1 5.00985E-1 5.02951E-1 5.0117E-1 5.08817E-1 5.10722E-1 5.13209E-1 5.01252E-1 4.86989E-1 4.93309E-1 5.04439E-1 5.06197E-1 5.07192E-1 5.15394E-1 5.21887E-1 5.35102E-1 5.33266E-1 5.40482E-1 5.48357E-1 5.5625E-1 5.65267E-1 5.85215E-1 5.86881E-1 5.78806E-1 5.64809E-1 5.52808E-1 5.52367E-1 5.56781E-1
3.4879E-1 3.57509E-1 3.64606E-1 3.72199E-1 3.80809E-1 3.80913E-1 3.83166E-1 3.89766E-1 3.89615E-1 3.87579E-1 3.95481E-1 3.96917E-1 4.03148E-1 3.9901E-1 3.81068E-1 3.75105E-1 3.76871E-1 3.80299E-1 3.80397E-1 3.69454E-1 3.69607E-1 3.75666E-1 3.84132E-1 3.98376E-1 4.23098E-1 4.39954E-1 4.38213E-1 4.34047E-1 4.41055E-1 4.57391E-1 4.68836E-1 4.81241E-1 4.95513E-1 5.08107E-1 5.13724E-1 5.1205E-1 5.08469E-1 5.10858E-1 5.18645E-1 5.3005E-1 5.25722E-1 5.17413E-1 5.19037E-1 5.19963E-1 5.19019E-1 5.20235E-1 5.25319E-1 5.36593E-1 5.45036E-1 5.52201E-1 5.61592E-1 5.61047E-1 5.67454E-1 5.78296E-1 5.90688E-1 5.9773E-1 5.89211E-1 5.78335E-1 5.72173E-1 5.73011E-1 5.71971E-1
3.60656E-1 3.65315E-1 3.77152E-1 3.80195E-1 3.86313E-1 3.8958E-1 3.92004E-1 3.95726E-1 3.95735E-1 3.98065E-1 4.03826E-1 4.08224E-1 4.07075E-1 4.05568E-1 3.91214E-1 3.85935E-1 3.85554E-1 3.86151E-1 3.81699E-1 3.73867E-1 3.77289E-1 3.80406E-1 3.88564E-1 4.07653E-1 4.30531E-1 4.50292E-1 4.5728E-1 4.57825E-1 4.70512E-1 4.81143E-1 4.87209E-1 5.033E-1 5.1731E-1 5.19158E-1 5.29565E-1 5.33859E-1 5.35054E-1 5.1954E-1 5.29719E-1 5.45162E-1 5.56815E-1 5.50141E-1 5.44471E-1 5.40152E-1 5.39349E-1 5.43595E-1 5.5159E-1 5.51955E-1 5.54041E-1 5.63584E-1 5.7911E-1 5.79494E-1 5.78582E-1 5.81239E-1 5.9826E-1 6.0875E-1 6.06637E-1 6.024E-1 5.94265E-1 5.9237E-1 5.89319E-1
3.71988E-1 3.79189E-1 3.86172E-1 3.90814E-1 3.94282E-1 3.97258E-1 3.98539E-1 4.00886E-1 4.02914E-1 4.08709E-1 4.08368E-1 4.11286E-1 4.09189E-1 4.08897E-1 4.01415E-1 3.94869E-1 3.88566E-1 3.85798E-1 3.89025E-1 3.94618E-1 4.03402E-1 4.07549E-1 4.1466E-1 4.2978E-1 4.4651E-1 4.62235E-1 4.70805E-1 4.8261E-1 4.9182E-1 4.98593E-1 5.05678E-1 5.24731E-1 5.34321E-1 5.3632E-1 5.45789E-1 5.41742E-1 5.33596E-1 5.30845E-1 5.38999E-1 5.57184E-1 5.72211E-1 5.73753E-1 5.65752E-1 5.62818E-1 5.70467E-1 5.71366E-1 5.79527E-1 5.73367E-1 5.69478E-1 5.72807E-1 5.89901E-1 5.93973E-1 5.9278E-1 5.96241E-1 6.09766E-1 6.22734E-1 6.18436E-1 6.10585E-1 6.1008E-1 6.10347E-1 6.10805E-1
3.83318E-1 3.84691E-1 3.90731E-1 3.97164E-1 4.00421E-1 4.04348E-1 4.05906E-1 4.08681E-1 4.08776E-1 4.1333E-1 4.15763E-1 4.19367E-1 4.18574E-1 4.16419E-1 4.12783E-1 4.09691E-1 4.0813E-1 4.04228E-1 4.03556E-1 4.11742E-1 4.20284E-1 4.36197E-1 4.55221E-1 4.61117E-1 4.71041E-1 4.78887E-1 4.89197E-1 4.99945E-1 5.0881E-1 5.18173E-1 5.32108E-1 5.4035E-1 5.41379E-1 5.44971E-1 5.54248E-1 5.46889E-1 5.43373E-1 5.44041E-1 5.5167E-1 5.70231E-1 5.83253E-1 5.89209E-1 5.87725E-1 5.89882E-1 5.94234E-1 6.01882E-1 6.05582E-1 5.96069E-1 5.8739E-1 5.88166E-1 6.00157E-1 6.101E-1 6.08744E-1 6.11847E-1 6.15919E-1 6.28421E-1 6.22783E-1 6.30285E-1 6.3043E-1 6.32664E-1 6.27782E-1
3.81564E-1 3.80059E-1 3.89709E-1 3.98969E-1 4.07691E-1 4.11828E-1 4.17192E-1 4.20742E-1 4.19943E-1 4.25294E-1 4.27351E-1 4.28997E-1 4.37783E-1 4.37357E-1 4.28449E-1 4.30643E-1 4.25189E-1 4.26782E-1 4.29431E-1 4.37442E-1 4.397E-1 4.53553E-1 4.73257E-1 4.79085E-1 4.89772E-1 4.9982E-1 5.08727E-1 5.1475E-1 5.2719E-1 5.42777E-1 5.5707E-1 5.60387E-1 5.59405E-1 5.59437E-1 5.69931E-1 5.66536E-1 5.6174E-1 5.61853E-1 5.72664E-1 5.90206E-1 6.04887E-1 6.05167E-1 6.05353E-1 6.11541E-1 6.12941E-1 6.19048E-1 6.16556E-1 6.11218E-1 6.10135E-1 6.15618E-1 6.21791E-1 6.23899E-1 6.22573E-1 6.30082E-1 6.29057E-1 6.33421E-1 6.31597E-1 6.23839E-1 6.35852E-1 6.56548E-1 6.64787E-1
3.79048E-1 3.76957E-1 3.9209E-1 4.02175E-1 4.13443E-1 4.17701E-1 4.20452E-1 4.26214E-1 4.30754E-1 4.29486E-1 4.35894E-1 4.40854E-1 4.47118E-1 4.51333E-1 4.46637E-1 4.47421E-1 4.48359E-1 4.52001E-1 4.59929E-1 4.64878E-1 4.67482E-1 4.78051E-1 4.94768E-1 5.02433E-1 5.10774E-1 5.23903E-1 5.30115E-1 5.33316E-1 5.45994E-1 5.61464E-1 5.7738E-1 5.88881E-1 5.89744E-1 5.85942E-1 5.98938E-1 5.90316E-1 5.82596E-1 5.86914E-1 5.91093E-1 6.04939E-1 6.13554E-1 6.12119E-1 6.18091E-1 6.23693E-1 6.24611E-1 6.1905E-1 6.17101E-1 6.19427E-1 6.24175E-1 6.35886E-1 6.40973E-1 6.43254E-1 6.48232E-1 6.43515E-1 6.39392E-1 6.38367E-1 6.41659E-1 6.40319E-1 6.43709E-1 6.67462E-1 6.79319E-1
3.95155E-1 3.96308E-1 4.04013E-1 4.12316E-1 4.1582E-1 4.22199E-1 4.28018E-1 4.33999E-1 4.42448E-1 4.42665E-1 4.4883E-1 4.52062E-1 4.58353E-1 4.60011E-1 4.6269E-1 4.6769E-1 4.70194E-1 4.70539E-1 4.58499E-1 4.60747E-1 4.7014E-1 4.80077E-1 4.98048E-1 5.24398E-1 5.36841E-1 5.38291E-1 5.42705E-1 5.54458E-1 5.71221E-1 5.81127E-1 5.90471E-1 6.08277E-1 6.04912E-1 6.06876E-1 6.04165E-1 6.00778E-1 6.13143E-1 6.22622E-1 6.16538E-1 6.17296E-1 6.17872E-1 6.16783E-1 6.21596E-1 6.29839E-1 6.25197E-1 6.2177E-1 6.20386E-1 6.31374E-1 6.45892E-1 6.55008E-1 6.53249E-1 6.53315E-1 6.50356E-1 6.55918E-1 6.5428E-1 6.5235E-1 6.56662E-1 6.66254E-1 6.61164E-1 6.71472E-1 6.79592E-1
4.10733E-1 4.16618E-1 4.13941E-1 4.21036E-1 4.26741E-1 4.33278E-1 4.38517E-1 4.48704E-1 4.56018E-1 4.5888E-1 4.65944E-1 4.69816E-1 4.64754E-1 4.69635E-1 4.78078E-1 4.92747E-1 4.83651E-1 4.77785E-1 4.67669E-1 4.70057E-1 4.82434E-1 5.014E-1 5.21278E-1 5.32787E-1 5.4497E-1 5.44645E-1 5.51652E-1 5.6564E-1 5.88959E-1 5.99316E-1 6.02935E-1 6.08104E-1 6.07477E-1 6.0494E-1 6.04185E-1 6.07391E-1 6.28585E-1 6.42507E-1 6.34168E-1 6.32156E-1 6.25312E-1 6.1974E-1 6.30433E-1 6.36001E-1 6.30629E-1 6.22261E-1 6.19535E-1 6.30077E-1 6.54432E-1 6.6674E-1 6.67256E-1 6.60558E-1 6.52604E-1 6.5066E-1 6.44273E-1 6.46599E-1 6.60477E-1 6.73032E-1 6.75381E-1 6.73824E-1 6.89416E-1
4.13146E-1 4.23036E-1 4.27034E-1 4.27655E-1 4.35939E-1 4.44201E-1 4.53823E-1 4.53722E-1 4.56937E-1 4.64146E-1 4.7245E-1 4.80615E-1 4.86943E-1 4.91918E-1 5.02332E-1 5.05607E-1 4.92642E-1 4.93993E-1 4.97313E-1 4.97685E-1 5.09972E-1 5.29327E-1 5.47405E-1 5.59058E-1 5.60259E-1 5.6362E-1 5.72543E-1 5.83285E-1 6.0755E-1 6.24769E-1 6.2353E-1 6.1947E-1 6.05625E-1 5.95961E-1 6.00165E-1 6.14544E-1 6.34737E-1 6.43215E-1 6.38932E-1 6.3989E-1 6.34001E-1 6.30204E-1 6.40891E-1 6.45347E-1 6.4574E-1 6.35735E-1 6.31995E-1 6.40924E-1 6.59341E-1 6.70055E-1 6.76917E-1 6.62748E-1 6.51585E-1 6.46081E-1 6.52659E-1 6.54137E-1 6.61446E-1 6.61422E-1 6.69789E-1 6.66185E-1 6.77492E-1
4.11998E-1 4.2547E-1 4.34455E-1 4.40685E-1 4.45725E-1 4.49524E-1 4.53983E-1 4.59302E-1 4.55589E-1 4.60577E-1 4.71704E-1 4.85813E-1 4.97597E-1 5.12744E-1 5.22257E-1 5.27338E-1 5.10752E-1 5.04964E-1 5.16963E-1 5.39664E-1 5.58215E-1 5.74465E-1 5.79442E-1 5.89463E-1 5.90246E-1 5.88902E-1 5.98577E-1 6.1741E-1 6.28891E-1 6.41742E-1 6.44538E-1 6.40398E-1 6.20162E-1 6.06009E-1 6.21019E-1 6.3713E-1 6.58933E-1 6.53056E-1 6.52052E-1 6.44724E-1 6.30313E-1 6.33189E-1 6.42547E-1 6.48563E-1 6.54254E-1 6.48804E-1 6.52107E-1 6.55646E-1 6.67834E-1 6.77818E-1 6.81336E-1 6.7835E-1 6.61521E-1 6.5837E-1 6.56146E-1 6.67891E-1 6.49867E-1 6.6721E-1 6.74772E-1 6.66938E-1 6.74848E-1
4.15726E-1 4.28709E-1 4.31744E-1 4.34078E-1 4.40324E-1 4.50144E-1 4.53156E-1 4.65697E-1 4.59934E-1 4.64236E-1 4.75563E-1 4.9244E-1 5.0653E-1 5.19962E-1 5.33797E-1 5.45769E-1 5.37879E-1 5.29122E-1 5.49719E-1 5.74473E-1 5.92998E-1 6.03537E-1 5.92353E-1 5.9097E-1 5.97683E-1 6.10093E-1 6.25781E-1 6.37267E-1 6.55953E-1 6.57341E-1 6.60456E-1 6.5978E-1 6.4967E-1 6.40776E-1 6.53554E-1 6.70611E-1 6.73003E-1 6.61443E-1 6.52513E-1 6.48616E-1 6.43056E-1 6.35941E-1 6.4726E-1 6.53325E-1 6.62823E-1 6.68678E-1 6.73874E-1 6.76608E-1 6.75566E-1 6.87095E-1 6.87971E-1 6.92831E-1 6.82321E-1 6.75788E-1 6.72916E-1 6.62411E-1 6.61293E-1 6.71231E-1 6.89507E-1 6.87991E-1 6.97564E-1
4.21143E-1 4.28056E-1 4.28279E-1 4.26189E-1 4.35731E-1 4.47415E-1 4.57398E-1 4.58897E-1 4.61981E-1 4.69928E-1 4.80844E-1 4.96428E-1 5.11194E-1 5.21858E-1 5.35394E-1 5.44576E-1 5.49165E-1 5.56344E-1 5.76508E-1 5.9148E-1 5.99493E-1 6.08263E-1 6.06964E-1 6.24304E-1 6.23314E-1 6.35744E-1 6.54312E-1 6.7788E-1 6.75408E-1 6.69787E-1 6.77052E-1 6.78979E-1 6.73507E-1 6.74999E-1 6.82234E-1 6.87517E-1 6.92455E-1 6.74849E-1 6.63667E-1 6.62878E-1 6.53409E-1 6.59434E-1 6.53112E-1 6.55353E-1 6.64911E-1 6.75928E-1 6.86993E-1 6.75525E-1 6.7693E-1 6.79506E-1 6.88133E-1 6.85639E-1 6.89985E-1 6.9766E-1 6.95524E-1 6.81887E-1 6.71566E-1 6.86785E-1 7.07483E-1 7.12645E-1 7.31141E-1
4.20887E-1 4.17447E-1 4.20346E-1 4.25993E-1 4.35866E-1 4.50087E-1 4.63278E-1 4.64262E-1 4.70182E-1 4.80687E-1 4.87457E-1 4.99634E-1 5.0945E-1 5.14916E-1 5.29193E-1 5.43671E-1 5.55768E-1 5.63967E-1 5.70385E-1 5.94276E-1 5.99968E-1 5.99637E-1 6.18675E-1 6.44722E-1 6.49779E-1 6.56127E-1 6.85156E-1 6.92482E-1 6.87525E-1 6.80837E-1 6.8861E-1 6.87577E-1 6.93424E-1 7.21321E-1 7.08443E-1 6.81857E-1 6.66814E-1 6.68808E-1 6.57559E-1 6.63868E-1 6.84676E-1 6.90488E-1 6.71462E-1 6.9094E-1 6.72077E-1 6.80255E-1 6.91987E-1 6.85039E-1 6.88654E-1 6.91142E-1 6.89311E-1 6.89795E-1 7.14318E-1 7.33571E-1 7.19341E-1 7.05094E-1 7.00555E-1 7.14859E-1 7.30225E-1 7.44676E-1 7.64045E-1
4.20297E-1 4.15971E-1 4.14245E-1 4.26097E-1 4.35679E-1 4.5383E-1 4.5931E-1 4.68522E-1 4.76019E-1 4.76067E-1 4.84859E-1 4.96024E-1 5.07986E-1 5.14862E-1 5.26275E-1 5.35976E-1 5.51369E-1 5.71432E-1 5.97529E-1 5.98203E-1 5.85196E-1 5.81628E-1 6.02651E-1 6.30398E-1 6.55205E-1 6.82939E-1 6.98203E-1 6.95595E-1 6.91626E-1 6.9049E-1 6.87884E-1 6.90934E-1 7.11155E-1 7.17906E-1 7.07411E-1 6.96629E-1 6.83171E-1 6.73853E-1 6.59275E-1 6.57561E-1 6.64333E-1 6.71555E-1 6.76973E-1 7.00953E-1 6.92704E-1 6.90612E-1 7.05553E-1 7.11844E-1 7.1251E-1 7.09682E-1 7.08575E-1 7.20357E-1 7.39351E-1 7.49021E-1 7.35851E-1 7.26506E-1 7.26525E-1 7.38091E-1 7.53627E-1 7.7113E-1 7.71561E-1
4.15821E-1 4.15318E-1 4.10273E-1 4.16944E-1 4.39864E-1 4.57304E-1 4.60615E-1 4.62518E-1 4.73985E-1 4.83612E-1 4.89721E-1 4.98727E-1 5.06106E-1 5.20122E-1 5.25391E-1 5.32341E-1 5.42051E-1 5.58074E-1 5.78375E-1 5.83452E-1 5.76483E-1 5.77538E-1 5.96559E-1 6.21833E-1 6.55384E-1 6.86558E-1 6.94829E-1 6.97407E-1 6.95046E-1 6.87782E-1 6.95586E-1 7.03877E-1 7.12078E-1 7.10924E-1 7.11897E-1 7.02322E-1 6.96278E-1 6.79766E-1 6.60679E-1 6.58766E-1 6.63438E-1 6.80413E-1 7.09471E-1 7.15504E-1 7.12923E-1 7.12755E-1 7.08952E-1 7.12783E-1 7.25564E-1 7.31762E-1 7.44478E-1 7.45228E-1 7.56627E-1 7.56487E-1 7.48952E-1 7.46177E-1 7.51506E-1 7.61627E-1 7.68557E-1 7.84798E-1 7.81102E-1
