maxent_outputs/red_flowers_troch_bombus_environ/red_116.asc
ncols         426
nrows         180
xllcorner     -130.0
yllcorner     24.0
cellsize      0.16666666666666666
NODATA_value  -9999
[rows 27 to 53 of 180, columns 305 to 365 of 426]
9.73289E-2 9.68941E-2 9.71505E-2 9.80453E-2 9.75694E-2 9.91248E-2 1.01396E-1 1.02328E-1 1.04004E-1 1.04031E-1 1.03122E-1 1.02082E-1 1.02058E-1 1.01708E-1 1.00898E-1 1.02637E-1 1.06088E-1 1.04082E-1 1.01005E-1 1.02248E-1 1.01143E-1 1.01753E-1 1.02779E-1 1.04246E-1 1.01494E-1 1.05243E-1 1.07204E-1 1.03909E-1 1.07734E-1 1.0929E-1 1.07667E-1 1.07347E-1 1.07087E-1 1.07318E-1 1.07206E-1 1.08266E-1 1.07803E-1 1.06046E-1 1.04428E-1 1.03967E-1 1.03539E-1 1.01713E-1 1.02077E-1 1.02819E-1 1.0618E-1 1.06855E-1 1.07608E-1 1.08989E-1 1.10776E-1 1.14462E-1 1.14077E-1 1.18505E-1 1.22126E-1 1.23225E-1 1.27305E-1 1.27666E-1 1.2993E-1 1.32059E-1 1.3867E-1 1.37984E-1 1.43439E-1
1.01066E-1 9.96866E-2 9.7761E-2 9.76523E-2 9.74812E-2 9.89043E-2 1.00533E-1 1.02509E-1 1.02998E-1 1.02919E-1 1.03391E-1 1.03023E-1 1.00992E-1 9.99851E-2 1.00823E-1 1.0198E-1 1.04113E-1 1.01517E-1 1.023E-1 1.03525E-1 1.02023E-1 1.02753E-1 1.03726E-1 1.04411E-1 1.03194E-1 1.07583E-1 1.07452E-1 1.07008E-1 1.06281E-1 1.07348E-1 1.07666E-1 1.06991E-1 1.07218E-1 1.05929E-1 1.05851E-1 1.05899E-1 1.0485E-1 1.04247E-1 1.0276E-1 1.03429E-1 1.01976E-1 1.01379E-1 1.02787E-1 1.05368E-1 1.07232E-1 1.10977E-1 1.109E-1 1.13829E-1 1.13414E-1 1.17034E-1 1.19968E-1 1.21743E-1 1.22985E-1 1.2719E-1 1.31937E-1 1.3266E-1 1.32583E-1 1.33678E-1 1.4243E-1 1.53761E-1 1.62323E-1
1.03145E-1 1.01771E-1 9.97651E-2 9.93892E-2 9.89832E-2 1.01125E-1 1.02283E-1 1.03171E-1 1.04166E-1 1.05899E-1 1.06133E-1 1.05988E-1 1.07658E-1 1.08583E-1 1.04069E-1 1.05451E-1 1.03133E-1 1.02742E-1 1.0307E-1 1.0375E-1 1.03287E-1 1.02886E-1 1.03696E-1 1.04617E-1 1.05215E-1 1.079E-1 1.09814E-1 1.07537E-1 1.06466E-1 1.05403E-1 1.05704E-1 1.05306E-1 1.06955E-1 1.07524E-1 1.06797E-1 1.04817E-1 1.04564E-1 1.04235E-1 1.02892E-1 1.03571E-1 1.02055E-1 1.0163E-1 1.04027E-1 1.0722E-1 1.09006E-1 1.11382E-1 1.16169E-1 1.20884E-1 1.20769E-1 1.23861E-1 1.29008E-1 1.26369E-1 1.29229E-1 1.30792E-1 1.31565E-1 1.37028E-1 1.41716E-1 1.439E-1 1.47008E-1 1.61207E-1 1.77367E-1
1.01467E-1 1.03276E-1 1.0019E-1 1.05088E-1 1.03489E-1 1.01248E-1 1.03999E-1 1.04904E-1 1.0599E-1 1.09312E-1 1.08969E-1 1.08405E-1 1.08614E-1 1.07052E-1 1.07233E-1 1.06596E-1 1.0632E-1 1.06672E-1 1.04903E-1 1.05735E-1 1.05129E-1 1.05981E-1 1.05662E-1 1.05748E-1 1.07402E-1 1.08424E-1 1.0886E-1 1.09333E-1 1.08996E-1 1.07915E-1 1.08481E-1 1.07858E-1 1.09283E-1 1.10369E-1 1.07362E-1 1.06632E-1 1.06564E-1 1.07133E-1 1.05326E-1 1.01697E-1 9.98859E-2 1.01204E-1 1.01158E-1 1.05376E-1 1.08176E-1 1.13898E-1 1.21422E-1 1.26477E-1 1.23995E-1 1.29043E-1 1.37388E-1 1.31388E-1 1.41062E-1 1.38128E-1 1.40951E-1 1.4898E-1 1.56412E-1 1.62655E-1 1.71422E-1 1.81027E-1 1.98302E-1
1.06741E-1 1.08965E-1 1.01902E-1 1.03997E-1 1.04101E-1 1.04647E-1 1.0972E-1 1.10629E-1 1.11546E-1 1.11159E-1 1.12583E-1 1.12093E-1 1.16507E-1 1.1926E-1 1.1343E-1 1.10962E-1 1.09103E-1 1.07233E-1 1.07698E-1 1.06824E-1 1.09626E-1 1.08387E-1 1.07799E-1 1.1174E-1 1.11204E-1 1.1114E-1 1.13848E-1 1.14682E-1 1.10155E-1 1.12853E-1 1.0903E-1 1.07812E-1 1.09954E-1 1.11294E-1 1.11811E-1 1.10542E-1 1.12215E-1 1.15295E-1 1.12144E-1 1.06296E-1 1.02133E-1 1.10757E-1 1.13304E-1 1.10043E-1 1.125E-1 1.10303E-1 1.18629E-1 1.3009E-1 1.32375E-1 1.37672E-1 1.41136E-1 1.40347E-1 1.46251E-1 1.44572E-1 1.52739E-1 1.57457E-1 1.69131E-1 1.80475E-1 1.93494E-1 2.01297E-1 2.07708E-1
1.1294E-1 1.16256E-1 1.18511E-1 1.15536E-1 1.11208E-1 1.11709E-1 1.14759E-1 1.09148E-1 1.11946E-1 1.17739E-1 1.15236E-1 1.18645E-1 1.28438E-1 1.18573E-1 1.15328E-1 1.16014E-1 1.13684E-1 1.08831E-1 1.08824E-1 1.12714E-1 1.12712E-1 1.11331E-1 1.09753E-1 1.15325E-1 1.18589E-1 1.18666E-1 1.21266E-1 1.20422E-1 1.16775E-1 1.15553E-1 1.1282E-1 1.08611E-1 1.10074E-1 1.10661E-1 1.10565E-1 1.09722E-1 1.10816E-1 1.16746E-1 1.18096E-1 1.16415E-1 1.15115E-1 1.35825E-1 1.61686E-1 1.60762E-1 1.34229E-1 1.20884E-1 1.24299E-1 1.22558E-1 1.33184E-1 1.48192E-1 1.53903E-1 1.5617E-1 1.56575E-1 1.58074E-1 1.62431E-1 1.71643E-1 1.80078E-1 1.96151E-1 2.20876E-1 2.20963E-1 2.17489E-1
1.25479E-1 1.21921E-1 1.26164E-1 1.29687E-1 1.32173E-1 1.32725E-1 1.3056E-1 1.24972E-1 1.23637E-1 1.18991E-1 1.25399E-1 1.35518E-1 1.34814E-1 1.25076E-1 1.20886E-1 1.18033E-1 1.15597E-1 1.09995E-1 1.08676E-1 1.08776E-1 1.09595E-1 1.14062E-1 1.17582E-1 1.21326E-1 1.25585E-1 1.17036E-1 1.17895E-1 1.1965E-1 1.19018E-1 1.20366E-1 1.16576E-1 1.12363E-1 1.13582E-1 1.12142E-1 1.11347E-1 1.12676E-1 1.14192E-1 1.18E-1 1.19542E-1 1.18772E-1 1.21536E-1 1.30113E-1 1.39687E-1 1.47143E-1 1.35077E-1 1.38117E-1 1.44943E-1 1.46907E-1 1.48284E-1 1.56023E-1 1.65018E-1 1.64009E-1 1.66186E-1 1.66844E-1 1.72511E-1 1.80563E-1 1.93586E-1 2.07618E-1 2.26211E-1 2.16936E-1 -9999
1.28603E-1 1.28752E-1 1.31966E-1 1.40523E-1 1.47428E-1 1.43811E-1 1.41665E-1 1.31772E-1 1.31315E-1 1.33163E-1 1.42943E-1 1.40991E-1 1.32084E-1 1.22856E-1 1.1742E-1 1.14048E-1 1.16269E-1 1.14822E-1 1.15873E-1 1.13326E-1 1.17012E-1 1.17529E-1 1.1755E-1 1.22579E-1 1.23983E-1 1.19193E-1 1.18328E-1 1.2062E-1 1.1839E-1 1.17259E-1 1.18311E-1 1.13799E-1 1.13596E-1 1.1172E-1 1.13324E-1 1.15174E-1 1.19164E-1 1.25263E-1 1.25797E-1 1.25176E-1 1.27478E-1 1.38444E-1 1.40768E-1 1.47672E-1 1.49988E-1 1.56453E-1 1.60666E-1 1.64102E-1 1.62747E-1 1.61279E-1 1.6568E-1 1.65202E-1 1.69328E-1 1.82575E-1 2.03189E-1 2.16879E-1 2.05592E-1 2.22523E-1 2.07866E-1 -9999 2.85806E-1
1.30135E-1 1.34923E-1 1.32804E-1 1.35427E-1 1.35824E-1 1.36974E-1 1.4118E-1 1.47496E-1 1.42173E-1 1.35262E-1 1.4147E-1 1.46235E-1 1.4169E-1 1.32065E-1 1.27894E-1 1.25055E-1 1.21466E-1 1.24036E-1 1.21658E-1 1.23935E-1 1.24181E-1 1.22467E-1 1.24251E-1 1.27409E-1 1.23073E-1 1.24926E-1 1.28625E-1 1.27764E-1 1.24284E-1 1.21896E-1 1.2029E-1 1.18528E-1 1.15408E-1 1.16736E-1 1.18642E-1 1.17889E-1 1.21624E-1 1.24886E-1 1.27982E-1 1.30351E-1 1.34785E-1 1.3797E-1 1.41975E-1 1.55727E-1 1.59542E-1 1.7083E-1 1.8005E-1 1.86461E-1 1.84593E-1 1.84002E-1 1.84746E-1 1.78541E-1 1.84775E-1 1.90862E-1 2.00587E-1 2.18766E-1 2.3905E-1 2.69986E-1 2.69857E-1 2.38842E-1 2.30059E-1
1.40913E-1 1.39506E-1 1.40978E-1 1.42204E-1 1.39609E-1 1.36401E-1 1.40925E-1 1.39147E-1 1.4163E-1 1.35985E-1 1.3729E-1 1.44766E-1 1.4736E-1 1.43797E-1 1.3731E-1 1.33398E-1 1.30128E-1 1.30648E-1 1.28834E-1 1.29251E-1 1.27617E-1 1.26946E-1 1.30232E-1 1.3193E-1 1.32317E-1 1.33056E-1 1.33445E-1 1.33879E-1 1.33372E-1 1.27519E-1 1.23984E-1 1.18893E-1 1.18934E-1 1.22579E-1 1.22037E-1 1.20616E-1 1.2468E-1 1.28345E-1 1.34279E-1 1.41515E-1 1.50634E-1 1.56465E-1 1.54621E-1 1.65299E-1 1.77797E-1 1.85354E-1 1.96138E-1 2.07461E-1 2.09848E-1 1.99431E-1 1.95986E-1 1.95652E-1 1.96714E-1 1.91223E-1 2.00204E-1 2.32536E-1 2.70013E-1 2.502E-1 2.26726E-1 2.18027E-1 2.08445E-1
1.44767E-1 1.47564E-1 1.46649E-1 1.43338E-1 1.39037E-1 1.37492E-1 1.42734E-1 1.45616E-1 1.42133E-1 1.42333E-1 1.47696E-1 1.49035E-1 1.48008E-1 1.42398E-1 1.35304E-1 1.33804E-1 1.34242E-1 1.3409E-1 1.33825E-1 1.328E-1 1.35257E-1 1.33286E-1 1.37008E-1 1.39115E-1 1.40654E-1 1.40554E-1 1.42318E-1 1.4098E-1 1.40261E-1 1.36256E-1 1.32804E-1 1.29094E-1 1.26029E-1 1.25413E-1 1.27784E-1 1.3022E-1 1.33181E-1 1.37893E-1 1.38899E-1 1.49492E-1 1.5682E-1 1.64753E-1 1.73014E-1 1.83517E-1 1.95928E-1 2.10744E-1 2.18599E-1 2.27512E-1 2.26692E-1 2.18247E-1 2.07199E-1 2.11859E-1 1.95766E-1 1.98374E-1 2.13919E-1 2.30982E-1 2.64747E-1 2.27649E-1 2.26627E-1 2.17999E-1 2.04315E-1
1.53416E-1 1.56017E-1 1.67177E-1 1.53521E-1 1.42924E-1 1.39729E-1 1.44386E-1 1.44239E-1 1.45571E-1 1.48891E-1 1.50748E-1 1.52997E-1 1.50136E-1 1.45832E-1 1.3909E-1 1.42505E-1 1.41399E-1 1.3957E-1 1.40856E-1 1.41923E-1 1.41264E-1 1.39706E-1 1.40922E-1 1.41329E-1 1.43387E-1 1.44076E-1 1.46101E-1 1.46145E-1 1.46307E-1 1.43301E-1 1.42473E-1 1.37215E-1 1.32356E-1 1.32364E-1 1.33825E-1 1.32946E-1 1.37446E-1 1.42341E-1 1.43626E-1 1.57962E-1 1.66654E-1 1.77604E-1 1.89802E-1 1.99919E-1 2.14608E-1 2.2717E-1 2.40386E-1 2.46881E-1 2.46959E-1 2.36054E-1 2.26387E-1 2.2922E-1 1.97246E-1 2.10862E-1 1.98752E-1 2.3596E-1 2.32344E-1 2.31325E-1 2.33774E-1 2.23292E-1 2.04177E-1
1.60728E-1 1.59007E-1 1.58134E-1 1.54621E-1 1.50548E-1 1.48883E-1 1.46534E-1 1.48689E-1 1.50547E-1 1.51283E-1 1.51135E-1 1.57905E-1 1.51705E-1 1.50565E-1 1.47977E-1 1.50083E-1 1.46588E-1 1.41278E-1 1.45541E-1 1.45892E-1 1.48723E-1 1.47299E-1 1.45201E-1 1.50069E-1 1.53727E-1 1.50108E-1 1.52595E-1 1.54638E-1 1.56647E-1 1.54901E-1 1.42503E-1 1.40378E-1 1.37466E-1 1.38936E-1 1.38612E-1 1.45338E-1 1.48465E-1 1.5443E-1 1.54525E-1 1.70404E-1 1.74187E-1 1.87606E-1 1.99285E-1 2.19039E-1 2.33796E-1 2.42985E-1 2.59623E-1 2.6252E-1 2.61838E-1 2.55376E-1 2.7037E-1 2.57782E-1 2.53123E-1 2.35321E-1 2.56285E-1 2.29832E-1 2.2553E-1 2.28506E-1 2.30806E-1 2.2026E-1 2.09229E-1
1.67133E-1 1.69761E-1 1.63159E-1 1.58112E-1 1.55454E-1 1.55918E-1 1.47279E-1 1.488E-1 1.50387E-1 1.51342E-1 1.52006E-1 1.51708E-1 1.50368E-1 1.46532E-1 1.46786E-1 1.572E-1 1.46662E-1 1.4629E-1 1.47775E-1 1.4735E-1 1.51544E-1 1.53447E-1 1.54068E-1 1.56756E-1 1.61245E-1 1.55097E-1 1.50077E-1 1.50202E-1 1.53729E-1 1.53491E-1 1.49213E-1 1.42253E-1 1.3919E-1 1.43107E-1 1.444E-1 1.53896E-1 1.54049E-1 1.53848E-1 1.67757E-1 1.70146E-1 1.81454E-1 1.98274E-1 2.181E-1 2.35541E-1 2.46963E-1 2.61214E-1 2.79976E-1 2.77037E-1 2.76858E-1 2.97292E-1 3.01773E-1 2.90547E-1 -9999 2.46614E-1 2.42246E-1 2.31682E-1 2.21264E-1 2.23793E-1 2.20972E-1 2.09871E-1 2.10943E-1
1.78496E-1 1.73294E-1 1.67706E-1 1.68627E-1 1.6144E-1 1.55576E-1 1.5226E-1 1.536E-1 1.52101E-1 1.54926E-1 1.53385E-1 1.54259E-1 1.54312E-1 1.52281E-1 1.53728E-1 1.53571E-1 1.57106E-1 1.52039E-1 1.52076E-1 1.56387E-1 1.65718E-1 1.5464E-1 1.68529E-1 1.66097E-1 1.64475E-1 1.59989E-1 1.55481E-1 1.55443E-1 1.57026E-1 1.56899E-1 1.57212E-1 1.54328E-1 1.52317E-1 1.53409E-1 1.58255E-1 1.6285E-1 1.67482E-1 1.76213E-1 1.81854E-1 1.87366E-1 1.94438E-1 2.05365E-1 2.22433E-1 2.46887E-1 2.64488E-1 2.76425E-1 2.89896E-1 3.05842E-1 3.16881E-1 2.97603E-1 2.84246E-1 3.28726E-1 2.56285E-1 2.45752E-1 2.40897E-1 2.24501E-1 2.07682E-1 2.11282E-1 2.05204E-1 2.06022E-1 2.06874E-1
1.89997E-1 1.9362E-1 1.80671E-1 1.67582E-1 1.59148E-1 1.53686E-1 1.5653E-1 1.63125E-1 1.59231E-1 1.58709E-1 1.56049E-1 1.55564E-1 1.53165E-1 1.53894E-1 1.6153E-1 1.67049E-1 1.6726E-1 1.70976E-1 1.61719E-1 1.70045E-1 1.76675E-1 1.764E-1 1.78556E-1 1.66444E-1 1.73533E-1 1.72329E-1 1.68097E-1 1.63536E-1 1.64353E-1 1.61747E-1 1.57814E-1 1.5584E-1 1.589E-1 1.63608E-1 1.69364E-1 1.78955E-1 1.84249E-1 1.96178E-1 1.99207E-1 2.06063E-1 1.98582E-1 2.05276E-1 2.25191E-1 2.31144E-1 2.5154E-1 2.55653E-1 2.70014E-1 2.79979E-1 2.72077E-1 2.4872E-1 2.21826E-1 2.38305E-1 2.45416E-1 2.43576E-1 2.37E-1 2.15097E-1 2.01027E-1 2.02192E-1 2.05191E-1 2.03604E-1 2.01346E-1
1.86679E-1 1.8739E-1 1.75402E-1 1.68428E-1 1.63423E-1 1.60369E-1 1.63365E-1 1.63069E-1 1.6407E-1 1.60633E-1 1.64397E-1 1.6283E-1 1.59767E-1 1.63395E-1 1.6836E-1 1.73614E-1 1.80343E-1 1.7927E-1 1.77554E-1 1.9378E-1 2.0619E-1 1.9115E-1 1.71023E-1 1.7767E-1 1.87351E-1 1.82015E-1 1.76291E-1 1.7531E-1 1.77725E-1 1.74821E-1 1.68938E-1 1.68798E-1 1.75671E-1 1.78117E-1 1.85421E-1 1.90112E-1 2.08828E-1 2.16462E-1 2.19265E-1 1.99144E-1 1.94086E-1 2.03127E-1 2.06228E-1 2.17809E-1 2.2241E-1 2.40528E-1 2.51372E-1 2.58316E-1 2.33323E-1 2.17215E-1 2.16836E-1 2.28755E-1 2.36936E-1 2.48504E-1 2.35118E-1 2.2154E-1 2.08722E-1 2.06623E-1 2.06677E-1 2.0747E-1 2.04489E-1
1.79645E-1 1.85983E-1 1.73889E-1 1.68181E-1 1.72835E-1 1.71225E-1 1.67118E-1 1.68327E-1 1.64344E-1 1.67463E-1 1.64037E-1 1.7515E-1 1.70866E-1 1.72483E-1 1.77477E-1 1.85041E-1 1.84845E-1 1.90145E-1 1.82861E-1 1.77386E-1 1.88585E-1 1.87116E-1 1.81455E-1 1.90934E-1 1.99976E-1 1.87952E-1 1.81755E-1 1.88849E-1 1.85297E-1 1.84071E-1 1.86285E-1 1.85558E-1 1.90262E-1 1.96611E-1 2.0196E-1 2.16164E-1 2.25599E-1 2.33427E-1 2.32247E-1 2.06315E-1 2.0296E-1 2.14782E-1 2.17367E-1 2.2387E-1 2.30146E-1 2.31864E-1 2.3815E-1 2.36336E-1 2.24174E-1 2.11991E-1 2.21956E-1 2.37726E-1 2.5318E-1 2.43657E-1 2.25704E-1 2.21611E-1 2.25887E-1 2.14043E-1 2.06128E-1 2.05174E-1 2.08115E-1
1.72139E-1 1.81642E-1 1.81345E-1 1.74073E-1 1.72748E-1 1.66718E-1 1.69793E-1 1.75633E-1 1.75226E-1 1.72624E-1 1.74266E-1 1.80388E-1 1.91951E-1 1.85224E-1 1.75986E-1 1.85989E-1 1.94923E-1 1.93907E-1 1.87218E-1 1.82005E-1 1.92237E-1 1.97643E-1 1.92015E-1 1.99445E-1 1.9708E-1 1.94104E-1 1.89496E-1 2.05526E-1 2.0223E-1 2.08535E-1 2.13604E-1 2.0978E-1 2.1298E-1 2.19292E-1 2.21184E-1 2.30348E-1 2.28586E-1 2.20812E-1 2.31675E-1 2.30775E-1 2.13616E-1 2.27678E-1 2.15754E-1 2.28991E-1 2.37873E-1 2.36157E-1 2.39851E-1 2.33506E-1 2.34782E-1 2.23516E-1 2.29977E-1 2.24329E-1 2.37376E-1 2.36872E-1 2.29798E-1 2.27671E-1 2.34467E-1 2.33462E-1 2.16247E-1 2.11596E-1 2.13319E-1
1.69308E-1 1.75265E-1 1.74842E-1 1.74391E-1 1.76585E-1 1.75686E-1 1.78516E-1 1.84092E-1 1.91368E-1 1.91007E-1 1.86184E-1 1.85163E-1 1.88988E-1 1.89694E-1 1.92896E-1 1.93265E-1 1.98796E-1 2.02499E-1 2.05872E-1 1.94247E-1 2.14771E-1 2.09681E-1 2.11535E-1 2.12899E-1 2.12586E-1 2.10741E-1 2.02211E-1 2.13266E-1 2.11125E-1 2.28317E-1 2.36224E-1 2.41479E-1 2.32577E-1 2.30935E-1 2.2561E-1 2.34329E-1 2.22922E-1 2.1982E-1 2.39641E-1 2.30776E-1 2.16848E-1 2.15443E-1 2.26864E-1 2.39138E-1 2.4365E-1 2.66436E-1 2.69306E-1 2.60444E-1 2.50763E-1 2.2601E-1 2.15291E-1 2.15812E-1 2.16975E-1 2.26067E-1 2.29099E-1 2.25228E-1 2.32997E-1 2.30131E-1 2.23882E-1 2.22356E-1 2.15674E-1
1.80183E-1 1.89631E-1 1.91033E-1 1.90851E-1 1.88722E-1 1.7868E-1 1.79203E-1 1.83347E-1 1.9134E-1 1.92688E-1 1.95053E-1 1.97876E-1 1.95884E-1 1.96127E-1 2.00391E-1 2.0271E-1 2.10296E-1 2.10941E-1 2.07363E-1 2.1605E-1 2.27378E-1 2.12722E-1 2.13367E-1 2.17378E-1 2.27041E-1 2.22355E-1 2.24325E-1 2.09455E-1 2.23004E-1 2.40804E-1 2.53817E-1 2.56819E-1 2.53295E-1 2.23011E-1 2.14934E-1 2.20106E-1 2.53903E-1 2.59264E-1 2.42042E-1 2.30097E-1 2.19396E-1 2.16434E-1 2.28736E-1 2.4401E-1 2.70959E-1 2.82255E-1 2.70807E-1 2.49819E-1 2.45117E-1 2.29994E-1 2.18231E-1 2.11554E-1 2.10321E-1 2.17164E-1 2.22401E-1 2.30527E-1 2.34141E-1 2.22051E-1 2.23027E-1 2.16217E-1 2.26347E-1
1.9897E-1 1.99129E-1 2.00196E-1 2.02326E-1 1.95429E-1 1.93237E-1 1.8602E-1 1.87267E-1 1.92383E-1 1.96041E-1 1.93267E-1 2.03076E-1 1.89294E-1 1.95731E-1 2.00018E-1 2.10834E-1 2.11887E-1 2.12208E-1 2.12662E-1 2.23715E-1 2.34407E-1 2.25981E-1 2.28165E-1 2.30928E-1 2.42803E-1 2.28012E-1 2.34217E-1 2.38175E-1 2.4846E-1 2.57487E-1 2.59169E-1 2.62229E-1 2.41349E-1 2.1623E-1 2.32359E-1 2.57487E-1 2.5062E-1 2.38367E-1 2.3522E-1 2.54197E-1 2.47701E-1 2.37016E-1 2.3803E-1 2.53918E-1 2.62491E-1 2.72102E-1 2.57852E-1 2.45759E-1 2.42046E-1 2.45334E-1 2.38174E-1 2.19656E-1 2.19065E-1 2.28188E-1 2.34589E-1 2.36726E-1 2.31838E-1 2.2747E-1 2.26888E-1 2.28108E-1 2.41577E-1
2.15613E-1 2.14065E-1 2.14776E-1 2.16726E-1 2.15475E-1 2.04139E-1 1.97448E-1 1.95547E-1 2.01066E-1 2.04592E-1 2.04852E-1 2.00412E-1 1.92715E-1 1.93164E-1 1.96966E-1 2.01793E-1 2.08326E-1 2.22521E-1 2.25653E-1 2.29927E-1 2.40797E-1 2.35003E-1 2.39487E-1 2.44679E-1 2.29974E-1 2.48678E-1 2.5915E-1 2.55619E-1 2.60317E-1 2.65612E-1 2.60149E-1 2.47189E-1 2.48182E-1 2.56869E-1 2.67704E-1 2.64223E-1 2.57637E-1 2.51248E-1 2.47563E-1 2.49288E-1 2.5451E-1 2.52335E-1 2.563E-1 2.50327E-1 2.51784E-1 2.69256E-1 2.58425E-1 2.57721E-1 2.55667E-1 2.67624E-1 2.48729E-1 2.39099E-1 2.45914E-1 2.42426E-1 2.37119E-1 2.35259E-1 2.57472E-1 2.47225E-1 2.41227E-1 2.4316E-1 2.61333E-1
2.31963E-1 2.36512E-1 2.33532E-1 2.29002E-1 2.19151E-1 2.13364E-1 2.05823E-1 2.05516E-1 2.08487E-1 2.05392E-1 2.08402E-1 2.07072E-1 2.06617E-1 1.97093E-1 1.97558E-1 2.04549E-1 2.03845E-1 2.10079E-1 2.29998E-1 2.46881E-1 2.44419E-1 2.36195E-1 2.4109E-1 2.43373E-1 2.46433E-1 2.39803E-1 2.35839E-1 2.39158E-1 2.42387E-1 2.54309E-1 2.56113E-1 2.74406E-1 2.88868E-1 3.00458E-1 2.97051E-1 2.87409E-1 2.82894E-1 2.75217E-1 2.72067E-1 2.72431E-1 2.69935E-1 2.69083E-1 2.60454E-1 2.44831E-1 2.60658E-1 2.60741E-1 2.66952E-1 2.7205E-1 2.86043E-1 2.66653E-1 2.62492E-1 2.56679E-1 2.43227E-1 2.3469E-1 2.40585E-1 2.38018E-1 2.45688E-1 2.71563E-1 2.62642E-1 2.72115E-1 2.78218E-1
2.5037E-1 2.47338E-1 2.39396E-1 2.35786E-1 2.31954E-1 2.23791E-1 2.13316E-1 2.20767E-1 2.21145E-1 2.1645E-1 2.13116E-1 2.15614E-1 2.20145E-1 2.15287E-1 2.09456E-1 2.10834E-1 2.03952E-1 2.03798E-1 2.13597E-1 2.43483E-1 2.58823E-1 2.50418E-1 2.37742E-1 2.4597E-1 2.49523E-1 2.4121E-1 2.42518E-1 2.43168E-1 2.44343E-1 2.66412E-1 2.87448E-1 3.04338E-1 3.0605E-1 3.04536E-1 2.97722E-1 2.86731E-1 2.85398E-1 2.85763E-1 2.9841E-1 3.09243E-1 2.9239E-1 2.89775E-1 2.69624E-1 2.41194E-1 2.4446E-1 2.61287E-1 2.72638E-1 2.80549E-1 3.05409E-1 2.85363E-1 2.71133E-1 2.85206E-1 2.58991E-1 2.47635E-1 2.45837E-1 2.42129E-1 2.50354E-1 2.55536E-1 2.6905E-1 2.81134E-1 2.86355E-1
2.73367E-1 2.60027E-1 2.60149E-1 2.50598E-1 2.40782E-1 2.34164E-1 2.28358E-1 2.21543E-1 2.22604E-1 2.19569E-1 2.18822E-1 2.24928E-1 2.23326E-1 2.31015E-1 2.37407E-1 2.43413E-1 2.29604E-1 2.10512E-1 2.19564E-1 2.34993E-1 2.42243E-1 2.45923E-1 2.47308E-1 2.52534E-1 2.54038E-1 2.56984E-1 2.63268E-1 2.57451E-1 2.65444E-1 2.6889E-1 2.95408E-1 2.941E-1 2.80928E-1 2.73557E-1 2.66136E-1 2.73209E-1 2.73622E-1 2.86179E-1 3.10192E-1 3.25251E-1 3.22176E-1 3.16671E-1 2.83461E-1 2.60594E-1 2.55677E-1 2.64931E-1 2.71883E-1 2.81576E-1 2.90499E-1 2.88972E-1 2.90237E-1 2.65432E-1 2.56192E-1 2.53555E-1 2.53916E-1 2.56241E-1 2.55732E-1 2.70019E-1 2.78426E-1 2.82628E-1 2.85964E-1
2.7489E-1 2.69742E-1 2.65286E-1 2.55103E-1 2.5218E-1 2.44861E-1 2.46389E-1 2.37428E-1 2.34294E-1 2.34359E-1 2.37015E-1 2.36145E-1 2.37899E-1 2.40782E-1 2.44659E-1 2.52298E-1 2.42947E-1 2.44265E-1 2.43695E-1 2.51481E-1 2.62459E-1 2.60592E-1 2.54668E-1 2.56626E-1 2.70266E-1 2.88421E-1 2.83674E-1 2.8762E-1 2.97274E-1 2.96277E-1 2.93738E-1 2.93508E-1 2.7996E-1 2.59676E-1 2.50716E-1 2.63992E-1 2.79901E-1 2.88118E-1 3.15872E-1 3.33447E-1 3.31409E-1 3.19893E-1 2.82472E-1 2.73149E-1 2.60367E-1 2.58447E-1 2.47344E-1 2.57165E-1 2.69078E-1 2.63787E-1 2.66122E-1 2.67546E-1 2.80557E-1 2.85646E-1 2.78207E-1 2.83975E-1 2.75872E-1 2.83775E-1 2.83726E-1 2.87046E-1 2.93127E-1
