maxent_outputs/red_flowers_troch_bombus_environ/red_55.asc
ncols         426
nrows         180
xllcorner     -130.0
yllcorner     24.0
cellsize      0.16666666666666666
NODATA_value  -9999
[rows 108 to 134 of 180, columns 122 to 182 of 426]
5.68976E-2 5.16488E-2 4.24967E-2 4.34754E-2 4.54978E-2 5.23309E-2 5.63479E-2 5.47735E-2 5.18841E-2 4.97755E-2 4.59645E-2 4.27435E-2 4.12537E-2 3.77598E-2 3.78902E-2 3.70567E-2 4.01142E-2 3.69655E-2 3.76923E-2 3.72541E-2 5.31522E-2 5.37322E-2 5.31837E-2 3.82493E-2 3.34408E-2 4.67368E-2 5.51467E-2 5.89331E-2 6.33382E-2 6.42424E-2 7.25088E-2 8.17957E-2 7.78498E-2 7.35255E-2 8.87128E-2 9.95335E-2 9.63593E-2 9.39912E-2 1.00899E-1 1.03861E-1 1.05976E-1 1.09083E-1 1.15765E-1 1.11318E-1 1.08698E-1 1.08042E-1 1.18003E-1 1.19934E-1 1.25626E-1 1.33343E-1 1.39838E-1 1.44557E-1 1.43668E-1 1.50807E-1 1.5477E-1 1.55152E-1 1.52129E-1 1.50191E-1 1.50797E-1 1.48577E-1 1.49725E-1
5.14419E-2 4.61173E-2 4.19787E-2 4.64967E-2 5.0671E-2 5.22687E-2 5.25601E-2 5.13874E-2 4.87631E-2 4.64672E-2 4.32938E-2 4.14444E-2 4.28778E-2 4.58916E-2 4.85471E-2 4.64041E-2 5.05155E-2 5.21981E-2 4.77332E-2 5.29056E-2 5.84377E-2 5.37015E-2 5.51272E-2 4.28466E-2 3.93784E-2 5.12922E-2 5.69573E-2 5.75219E-2 6.05149E-2 6.62396E-2 7.87814E-2 9.22701E-2 9.61324E-2 9.36485E-2 9.82722E-2 1.04722E-1 9.90004E-2 9.64532E-2 1.01808E-1 1.10366E-1 1.11543E-1 1.19431E-1 1.23162E-1 1.2183E-1 1.14259E-1 1.15539E-1 1.28145E-1 1.36741E-1 1.42632E-1 1.48115E-1 1.46214E-1 1.41897E-1 1.3999E-1 1.40828E-1 1.41075E-1 1.50058E-1 1.49185E-1 1.51621E-1 1.50478E-1 1.4983E-1 1.55457E-1
5.09865E-2 4.67935E-2 4.17733E-2 4.67668E-2 4.54939E-2 4.67805E-2 4.78991E-2 4.52562E-2 4.40488E-2 4.61063E-2 4.38619E-2 4.40041E-2 4.59551E-2 4.8761E-2 5.38897E-2 5.64443E-2 6.18613E-2 7.00086E-2 6.3788E-2 6.48937E-2 6.01071E-2 5.44401E-2 5.62567E-2 5.38377E-2 5.16996E-2 5.51762E-2 5.95795E-2 5.69013E-2 5.93053E-2 6.68022E-2 8.53806E-2 9.79891E-2 9.81365E-2 1.00751E-1 1.12985E-1 1.13094E-1 1.05252E-1 1.03986E-1 1.04965E-1 1.14382E-1 1.16551E-1 1.26163E-1 1.30787E-1 1.31358E-1 1.3042E-1 1.3098E-1 1.34161E-1 1.40446E-1 1.37467E-1 1.41169E-1 1.37175E-1 1.39232E-1 1.35926E-1 1.37292E-1 1.36638E-1 1.4523E-1 1.51046E-1 1.52409E-1 1.50986E-1 1.54971E-1 1.58082E-1
5.74094E-2 5.29979E-2 4.94975E-2 5.39712E-2 4.97329E-2 4.64222E-2 4.63577E-2 4.39706E-2 4.41566E-2 4.48614E-2 4.54815E-2 4.57615E-2 4.55061E-2 3.94935E-2 5.49528E-2 6.14345E-2 6.48307E-2 6.8722E-2 6.91121E-2 7.10471E-2 6.421E-2 5.99981E-2 5.60495E-2 5.54974E-2 5.45652E-2 6.40029E-2 7.09637E-2 7.60955E-2 7.72714E-2 8.64712E-2 1.00113E-1 1.08444E-1 1.11041E-1 1.17128E-1 1.2922E-1 1.26752E-1 1.18981E-1 1.13698E-1 1.13559E-1 1.20414E-1 1.24136E-1 1.25564E-1 1.30188E-1 1.37693E-1 1.40877E-1 1.44399E-1 1.42544E-1 1.36479E-1 1.27308E-1 1.30099E-1 1.29722E-1 1.29966E-1 1.40992E-1 1.45214E-1 1.49431E-1 1.54489E-1 1.55538E-1 1.56563E-1 1.5762E-1 1.57828E-1 1.62146E-1
6.13618E-2 5.87536E-2 5.63573E-2 5.23936E-2 4.71614E-2 4.64947E-2 4.54171E-2 4.33983E-2 4.22396E-2 4.50961E-2 4.79632E-2 4.83942E-2 4.65847E-2 5.09732E-2 6.02944E-2 6.33056E-2 6.6071E-2 7.22578E-2 7.86759E-2 6.48884E-2 6.22216E-2 5.66014E-2 5.42885E-2 5.10552E-2 5.68969E-2 6.79747E-2 7.56617E-2 8.14697E-2 8.54638E-2 8.79517E-2 1.00084E-1 1.12306E-1 1.14832E-1 1.16478E-1 1.29331E-1 1.26921E-1 1.19341E-1 1.17689E-1 1.16253E-1 1.17647E-1 1.19259E-1 1.12202E-1 1.09111E-1 1.13391E-1 1.2077E-1 1.30563E-1 1.40237E-1 1.30395E-1 1.19224E-1 1.22619E-1 1.27968E-1 1.3405E-1 1.41257E-1 1.5334E-1 1.57073E-1 1.61242E-1 1.71754E-1 1.67916E-1 1.6306E-1 1.64447E-1 1.67326E-1
6.19386E-2 6.0326E-2 5.82662E-2 5.2065E-2 5.20537E-2 5.13031E-2 4.6904E-2 4.16891E-2 4.2527E-2 4.39851E-2 5.17623E-2 5.40054E-2 5.92746E-2 6.21305E-2 6.27011E-2 6.84045E-2 6.96241E-2 8.04847E-2 8.80525E-2 6.93977E-2 5.72188E-2 5.60499E-2 5.37642E-2 4.99026E-2 5.72015E-2 6.42147E-2 7.23232E-2 7.88446E-2 9.04817E-2 9.66586E-2 1.03054E-1 1.11045E-1 1.16689E-1 1.18212E-1 1.23046E-1 1.24349E-1 1.23678E-1 1.20257E-1 1.17323E-1 1.20256E-1 1.11812E-1 1.04257E-1 1.05469E-1 1.07634E-1 1.11341E-1 1.16128E-1 1.25492E-1 1.27257E-1 1.24136E-1 1.29911E-1 1.35089E-1 1.46973E-1 1.51435E-1 1.59379E-1 1.66555E-1 1.78421E-1 1.83113E-1 1.74819E-1 1.71174E-1 1.64117E-1 1.7182E-1
6.36439E-2 6.06659E-2 5.86247E-2 5.61714E-2 5.28846E-2 4.85949E-2 4.59116E-2 4.16814E-2 4.01142E-2 4.59565E-2 5.43845E-2 5.20362E-2 5.8203E-2 6.44888E-2 6.46496E-2 7.01512E-2 6.99968E-2 7.46551E-2 7.44983E-2 6.83066E-2 5.71396E-2 5.65363E-2 5.50746E-2 5.37878E-2 5.43525E-2 6.41562E-2 7.37742E-2 8.23476E-2 9.01916E-2 1.06003E-1 1.0575E-1 1.02125E-1 9.99185E-2 1.02579E-1 1.14735E-1 1.17578E-1 1.1774E-1 1.08023E-1 1.06482E-1 1.07859E-1 1.04695E-1 1.06999E-1 1.0483E-1 1.0853E-1 1.11473E-1 1.19674E-1 1.25774E-1 1.30842E-1 1.52639E-1 1.53247E-1 1.51218E-1 1.5988E-1 1.61698E-1 1.70478E-1 1.78181E-1 1.85698E-1 1.9246E-1 1.814E-1 1.83986E-1 1.79722E-1 1.7351E-1
6.40772E-2 6.20627E-2 5.95435E-2 5.70018E-2 5.2852E-2 4.79865E-2 4.33573E-2 4.09272E-2 4.30633E-2 4.51388E-2 4.6007E-2 4.54951E-2 5.15939E-2 6.53959E-2 6.53686E-2 7.28338E-2 7.1467E-2 7.31899E-2 7.41354E-2 6.63503E-2 5.94801E-2 5.71383E-2 5.541E-2 5.40902E-2 5.4625E-2 5.91255E-2 7.02938E-2 7.9762E-2 8.51582E-2 9.72166E-2 1.11962E-1 1.07412E-1 1.07639E-1 1.02065E-1 9.76426E-2 9.51983E-2 9.56053E-2 9.84435E-2 1.01614E-1 1.03607E-1 1.06279E-1 1.1054E-1 1.11003E-1 1.12048E-1 1.14461E-1 1.15611E-1 1.1982E-1 1.19849E-1 1.29061E-1 1.57656E-1 1.82815E-1 1.7651E-1 1.85492E-1 1.89004E-1 2.00767E-1 1.96016E-1 1.99402E-1 2.04893E-1 1.9741E-1 1.88887E-1 1.76972E-1
6.893E-2 6.53763E-2 6.16395E-2 5.8173E-2 5.2633E-2 4.99637E-2 4.68915E-2 4.3817E-2 4.26569E-2 4.16223E-2 4.41381E-2 5.02459E-2 5.75174E-2 6.57718E-2 6.82511E-2 7.25353E-2 7.28922E-2 7.1139E-2 7.39112E-2 6.55671E-2 5.9894E-2 6.14738E-2 6.03953E-2 5.74214E-2 5.83429E-2 5.95401E-2 6.61013E-2 7.67962E-2 8.41173E-2 9.50368E-2 1.02026E-1 1.09674E-1 1.10695E-1 1.08709E-1 1.08665E-1 1.02846E-1 1.00556E-1 1.05337E-1 1.07461E-1 1.06731E-1 1.0836E-1 1.09166E-1 1.11032E-1 1.11399E-1 1.13961E-1 1.19252E-1 1.19403E-1 1.27419E-1 1.34223E-1 1.56224E-1 1.81759E-1 1.97496E-1 2.04003E-1 2.09916E-1 2.09683E-1 2.10237E-1 2.14016E-1 2.14326E-1 2.04849E-1 1.9479E-1 1.90063E-1
6.77949E-2 6.85009E-2 6.216E-2 5.61039E-2 5.22456E-2 4.93287E-2 4.75804E-2 4.41062E-2 4.22549E-2 4.1262E-2 4.78378E-2 5.31439E-2 5.99938E-2 6.69409E-2 7.15228E-2 7.48905E-2 7.54079E-2 7.09844E-2 7.42975E-2 6.97977E-2 6.09083E-2 6.0011E-2 6.30714E-2 6.28651E-2 6.42509E-2 6.79721E-2 7.08668E-2 7.51331E-2 8.23264E-2 9.2039E-2 9.68362E-2 1.05127E-1 1.12621E-1 1.13454E-1 1.16241E-1 1.1126E-1 1.08016E-1 1.09002E-1 1.13222E-1 1.09251E-1 1.07197E-1 1.10398E-1 1.12808E-1 1.12475E-1 1.13222E-1 1.20694E-1 1.2609E-1 1.31411E-1 1.36422E-1 1.41532E-1 1.49953E-1 1.92198E-1 2.09883E-1 2.11973E-1 2.12516E-1 2.14677E-1 2.10712E-1 2.04227E-1 2.04313E-1 2.00831E-1 1.94238E-1
5.70553E-2 6.17075E-2 5.73715E-2 5.10853E-2 4.86214E-2 4.6042E-2 4.29841E-2 4.30761E-2 4.09621E-2 4.08901E-2 4.58332E-2 4.92711E-2 4.99725E-2 5.70623E-2 6.98696E-2 7.43683E-2 7.77502E-2 7.24486E-2 7.33882E-2 7.07651E-2 6.52133E-2 6.4659E-2 6.55287E-2 6.40782E-2 6.77123E-2 7.57843E-2 7.74219E-2 8.04761E-2 8.68566E-2 9.59569E-2 1.00382E-1 1.09503E-1 1.17619E-1 1.18138E-1 1.14171E-1 1.16933E-1 1.18694E-1 1.15188E-1 1.11457E-1 1.10449E-1 1.11686E-1 1.14384E-1 1.18582E-1 1.21691E-1 1.23645E-1 1.29297E-1 1.36016E-1 1.44504E-1 1.48583E-1 1.49702E-1 1.5858E-1 2.01866E-1 2.12251E-1 2.10628E-1 2.06678E-1 2.13324E-1 2.22609E-1 2.12595E-1 2.03587E-1 2.00493E-1 1.97859E-1
4.54042E-2 5.09666E-2 5.09721E-2 4.70264E-2 4.23634E-2 4.25165E-2 4.11372E-2 3.91347E-2 4.26208E-2 4.41264E-2 4.66016E-2 4.59355E-2 4.72724E-2 5.41266E-2 6.12017E-2 7.33443E-2 8.23489E-2 7.93669E-2 7.61973E-2 7.21356E-2 7.15776E-2 6.86767E-2 7.01007E-2 6.75784E-2 7.08324E-2 8.01801E-2 8.5543E-2 8.84098E-2 9.30547E-2 9.63786E-2 1.04017E-1 1.10555E-1 1.13808E-1 1.16454E-1 1.14784E-1 1.14448E-1 1.19004E-1 1.19568E-1 1.22094E-1 1.22191E-1 1.21309E-1 1.19848E-1 1.21792E-1 1.281E-1 1.29607E-1 1.37268E-1 1.45087E-1 1.51366E-1 1.56417E-1 1.59552E-1 1.62249E-1 1.82762E-1 2.10805E-1 2.08492E-1 2.123E-1 2.10695E-1 2.12369E-1 2.05643E-1 2.02346E-1 1.98453E-1 2.05852E-1
4.52733E-2 3.82769E-2 4.1266E-2 4.49991E-2 4.41001E-2 4.38894E-2 4.46311E-2 4.28167E-2 4.38326E-2 4.24822E-2 4.49344E-2 4.72206E-2 4.83693E-2 5.99454E-2 6.99089E-2 7.72083E-2 8.59147E-2 8.18816E-2 7.8115E-2 7.73747E-2 7.55196E-2 7.71888E-2 7.51365E-2 7.59225E-2 7.46217E-2 7.76767E-2 8.41463E-2 9.37772E-2 9.94512E-2 1.0198E-1 1.0508E-1 1.10221E-1 1.14757E-1 1.15483E-1 1.12027E-1 1.13852E-1 1.16038E-1 1.16067E-1 1.16961E-1 1.18032E-1 1.20011E-1 1.24643E-1 1.28309E-1 1.34958E-1 1.3735E-1 1.43331E-1 1.5563E-1 1.5883E-1 1.63419E-1 1.6447E-1 1.67921E-1 1.76935E-1 1.95681E-1 2.0555E-1 2.0709E-1 2.12636E-1 2.13397E-1 2.12982E-1 2.08605E-1 2.13567E-1 2.17397E-1
5.46062E-2 4.82696E-2 4.61372E-2 5.08707E-2 5.01381E-2 5.53138E-2 4.77942E-2 4.47504E-2 4.37606E-2 4.48394E-2 4.60012E-2 4.94877E-2 5.27294E-2 6.52154E-2 8.36548E-2 9.02735E-2 8.67799E-2 8.21164E-2 7.94817E-2 8.59938E-2 8.21929E-2 8.55501E-2 8.74916E-2 8.30491E-2 8.00375E-2 8.55239E-2 9.10482E-2 9.84963E-2 1.03707E-1 1.09399E-1 1.1389E-1 1.12701E-1 1.15992E-1 1.15979E-1 1.07048E-1 1.09484E-1 1.10872E-1 1.11754E-1 1.15899E-1 1.2051E-1 1.27266E-1 1.32575E-1 1.37042E-1 1.43167E-1 1.45134E-1 1.55303E-1 1.6416E-1 1.72412E-1 1.75479E-1 1.70423E-1 1.78482E-1 1.81184E-1 1.97647E-1 1.97758E-1 2.01648E-1 2.05894E-1 2.0679E-1 2.14273E-1 2.23974E-1 2.22865E-1 2.28176E-1
7.01564E-2 6.32788E-2 6.56824E-2 6.31451E-2 6.78831E-2 5.53119E-2 4.43519E-2 4.09374E-2 4.47244E-2 4.50252E-2 4.23198E-2 5.24415E-2 6.57723E-2 7.50964E-2 9.40492E-2 9.42697E-2 9.04596E-2 8.90473E-2 8.54033E-2 9.76314E-2 9.88379E-2 1.00145E-1 9.99787E-2 8.14447E-2 7.68556E-2 8.00719E-2 8.45317E-2 1.05273E-1 1.13538E-1 1.1606E-1 1.20957E-1 1.14474E-1 1.17093E-1 1.17352E-1 1.13755E-1 1.09955E-1 1.10466E-1 1.14295E-1 1.17737E-1 1.20716E-1 1.33264E-1 1.40436E-1 1.417E-1 1.45042E-1 1.534E-1 1.65295E-1 1.94403E-1 1.89613E-1 1.90147E-1 1.81998E-1 1.82852E-1 1.99952E-1 2.0116E-1 2.01031E-1 2.04176E-1 2.03626E-1 2.0821E-1 2.20692E-1 2.25763E-1 2.33137E-1 2.3721E-1
8.77175E-2 8.51613E-2 8.95764E-2 8.18366E-2 8.53603E-2 6.04128E-2 4.54951E-2 4.38723E-2 4.49885E-2 4.84547E-2 4.58728E-2 5.85027E-2 7.46377E-2 1.00147E-1 1.04305E-1 1.05498E-1 1.00551E-1 9.71469E-2 9.69372E-2 1.13682E-1 1.20119E-1 1.15766E-1 9.749E-2 6.49265E-2 7.87778E-2 9.09496E-2 9.48061E-2 1.09883E-1 1.22432E-1 1.24329E-1 1.31641E-1 1.22417E-1 1.21609E-1 1.19054E-1 1.22529E-1 1.17273E-1 1.16844E-1 1.21121E-1 1.25616E-1 1.25748E-1 1.30982E-1 1.3972E-1 1.47408E-1 1.50881E-1 1.60249E-1 1.67894E-1 1.77808E-1 1.85836E-1 1.94435E-1 2.09014E-1 2.02419E-1 2.03407E-1 1.95012E-1 1.98596E-1 2.1129E-1 2.14033E-1 2.18143E-1 2.27097E-1 2.35319E-1 2.35988E-1 2.40115E-1
1.06497E-1 9.82573E-2 1.15469E-1 1.00944E-1 9.35009E-2 6.98065E-2 5.4483E-2 5.22306E-2 5.69321E-2 5.46834E-2 5.06944E-2 6.60914E-2 8.88259E-2 1.04742E-1 1.15076E-1 1.14839E-1 1.0143E-1 9.41495E-2 1.09997E-1 1.24118E-1 1.23822E-1 1.22979E-1 1.05564E-1 7.40313E-2 7.12655E-2 8.32259E-2 9.50475E-2 1.06072E-1 1.23467E-1 1.31256E-1 1.33729E-1 1.29965E-1 1.28828E-1 1.2645E-1 1.31615E-1 1.17777E-1 1.18899E-1 1.26005E-1 1.31819E-1 1.35356E-1 1.39997E-1 1.45627E-1 1.47464E-1 1.56816E-1 1.66103E-1 1.69162E-1 1.76431E-1 1.81045E-1 1.84718E-1 2.0474E-1 2.10897E-1 2.04552E-1 1.98631E-1 2.07732E-1 2.16291E-1 2.26229E-1 2.34218E-1 2.44462E-1 2.4086E-1 2.41958E-1 2.43124E-1
1.39127E-1 1.40177E-1 1.43038E-1 9.77195E-2 8.32758E-2 8.88544E-2 8.66881E-2 7.25679E-2 6.54029E-2 5.92896E-2 5.40151E-2 6.92799E-2 9.62899E-2 1.17121E-1 1.28853E-1 1.15856E-1 1.06566E-1 1.0456E-1 1.27642E-1 1.25218E-1 1.21158E-1 1.30591E-1 1.19595E-1 7.29331E-2 6.99845E-2 8.38843E-2 9.63731E-2 1.11802E-1 1.27599E-1 1.32804E-1 1.342E-1 1.31155E-1 1.34103E-1 1.34486E-1 1.38218E-1 1.17131E-1 1.2188E-1 1.31189E-1 1.38324E-1 1.42385E-1 1.466E-1 1.55194E-1 1.55239E-1 1.61502E-1 1.681E-1 1.69038E-1 1.76608E-1 1.80533E-1 1.89735E-1 2.15813E-1 2.25085E-1 2.1766E-1 2.10228E-1 2.15039E-1 2.25983E-1 2.3122E-1 2.41932E-1 2.48668E-1 2.47977E-1 2.47811E-1 2.59713E-1
1.89755E-1 1.75375E-1 1.55123E-1 1.28771E-1 9.75873E-2 9.75335E-2 9.78224E-2 8.72046E-2 6.94318E-2 6.7006E-2 7.00737E-2 7.34995E-2 1.04889E-1 1.22983E-1 1.27158E-1 1.18697E-1 1.10974E-1 1.13168E-1 1.30519E-1 1.29571E-1 1.1728E-1 1.29781E-1 1.28657E-1 6.9161E-2 7.57749E-2 8.79636E-2 1.01494E-1 1.14744E-1 1.27561E-1 1.36343E-1 1.40129E-1 1.41891E-1 1.37616E-1 1.37921E-1 1.42507E-1 1.26382E-1 1.29027E-1 1.36724E-1 1.48115E-1 1.51157E-1 1.57856E-1 1.58214E-1 1.60958E-1 1.68011E-1 1.71758E-1 1.71681E-1 1.71505E-1 1.83058E-1 1.85991E-1 2.15139E-1 2.20333E-1 2.06468E-1 2.16754E-1 2.24608E-1 2.33832E-1 2.45076E-1 2.51782E-1 2.50987E-1 2.50211E-1 2.5824E-1 2.60083E-1
1.80599E-1 1.73177E-1 1.50586E-1 1.31651E-1 1.26549E-1 1.20937E-1 1.05189E-1 8.94351E-2 9.05611E-2 9.44883E-2 9.64821E-2 9.34992E-2 1.11192E-1 1.25531E-1 1.29844E-1 1.28615E-1 1.16307E-1 1.11228E-1 1.27523E-1 1.36575E-1 1.21915E-1 1.279E-1 1.24385E-1 7.04553E-2 7.53927E-2 8.54313E-2 1.04518E-1 1.15771E-1 1.30077E-1 1.39784E-1 1.42061E-1 1.41191E-1 1.43903E-1 1.44165E-1 1.48723E-1 1.40636E-1 1.39174E-1 1.48732E-1 1.61089E-1 1.64826E-1 1.60718E-1 1.61924E-1 1.66625E-1 1.69843E-1 1.7038E-1 1.62171E-1 1.69597E-1 1.87743E-1 2.11615E-1 2.15748E-1 2.10624E-1 2.21989E-1 2.26517E-1 2.23133E-1 2.36954E-1 2.41401E-1 2.4861E-1 2.52199E-1 2.49033E-1 2.56507E-1 2.65164E-1
1.63308E-1 1.68986E-1 1.52535E-1 1.32144E-1 1.21441E-1 1.10302E-1 9.94041E-2 9.12836E-2 9.98557E-2 1.03567E-1 1.13938E-1 1.12066E-1 1.25433E-1 1.22076E-1 1.28808E-1 1.39424E-1 1.25958E-1 1.13626E-1 1.20353E-1 1.42963E-1 1.3049E-1 1.31964E-1 1.3472E-1 1.11169E-1 9.27044E-2 9.4801E-2 1.05703E-1 1.09748E-1 1.23448E-1 1.39475E-1 1.51748E-1 1.57168E-1 1.59546E-1 1.58754E-1 1.61938E-1 1.63034E-1 1.63076E-1 1.66845E-1 1.7916E-1 1.74718E-1 1.68358E-1 1.67563E-1 1.72625E-1 1.78227E-1 1.67271E-1 1.6801E-1 1.70692E-1 1.85192E-1 2.10071E-1 2.15138E-1 2.17635E-1 2.22188E-1 2.32135E-1 2.22068E-1 2.20111E-1 2.26918E-1 2.42391E-1 2.52611E-1 2.56868E-1 2.63624E-1 2.6051E-1
1.61596E-1 1.53215E-1 1.49195E-1 1.37383E-1 1.15301E-1 1.11167E-1 1.12013E-1 1.08506E-1 1.11359E-1 1.14003E-1 1.17862E-1 1.429E-1 1.46248E-1 1.2788E-1 1.30161E-1 1.29446E-1 1.36414E-1 1.35328E-1 1.3029E-1 1.48583E-1 1.3584E-1 1.40487E-1 1.30765E-1 1.16879E-1 1.18612E-1 1.15937E-1 1.26993E-1 1.19258E-1 1.13982E-1 1.37442E-1 1.55589E-1 1.75337E-1 1.79671E-1 1.72486E-1 1.73386E-1 1.71936E-1 1.6419E-1 1.75364E-1 1.87053E-1 1.88084E-1 1.82949E-1 1.85542E-1 1.99262E-1 1.93879E-1 1.89589E-1 1.85986E-1 1.8129E-1 1.81097E-1 1.87769E-1 1.94658E-1 2.13561E-1 2.25285E-1 2.38039E-1 2.26505E-1 2.14693E-1 2.25448E-1 2.28824E-1 2.49364E-1 2.65955E-1 2.81236E-1 2.53155E-1
1.55529E-1 1.59444E-1 1.50864E-1 1.52598E-1 1.25385E-1 1.29637E-1 1.2317E-1 1.19438E-1 1.19413E-1 1.27082E-1 1.28991E-1 1.44618E-1 1.51088E-1 1.4255E-1 1.33253E-1 1.27056E-1 1.29819E-1 1.50646E-1 1.42819E-1 1.52293E-1 1.35363E-1 1.32776E-1 1.23345E-1 1.15898E-1 1.24335E-1 1.31044E-1 1.39835E-1 1.47831E-1 1.24001E-1 1.29811E-1 1.56841E-1 1.71165E-1 1.73261E-1 1.81839E-1 1.7912E-1 1.73822E-1 1.69617E-1 1.82721E-1 1.9148E-1 1.90931E-1 1.87968E-1 1.96426E-1 2.08457E-1 2.06815E-1 1.98262E-1 1.91817E-1 1.83495E-1 1.94182E-1 1.97845E-1 2.06285E-1 2.18062E-1 2.32606E-1 2.38968E-1 2.44729E-1 2.21965E-1 2.15749E-1 2.226E-1 2.30996E-1 2.45711E-1 2.55169E-1 2.45526E-1
1.48075E-1 1.3719E-1 1.40439E-1 1.44542E-1 1.34874E-1 1.31771E-1 1.32199E-1 1.22638E-1 1.2071E-1 1.27696E-1 1.3231E-1 1.44774E-1 1.74064E-1 1.56409E-1 1.44372E-1 1.45307E-1 1.36629E-1 1.42092E-1 1.51716E-1 1.42872E-1 1.339E-1 1.37307E-1 1.20005E-1 1.17769E-1 1.27376E-1 1.36684E-1 1.44314E-1 1.4961E-1 1.24727E-1 1.19056E-1 1.60018E-1 1.61912E-1 1.63524E-1 1.73174E-1 1.83314E-1 1.77103E-1 1.78002E-1 1.86932E-1 1.96509E-1 1.9341E-1 1.99389E-1 2.10299E-1 2.21395E-1 2.26556E-1 2.0803E-1 2.04369E-1 1.94074E-1 1.98772E-1 2.07212E-1 2.00594E-1 2.14514E-1 2.22419E-1 2.39878E-1 2.51775E-1 2.38956E-1 2.41788E-1 2.5491E-1 2.51461E-1 2.55389E-1 2.54042E-1 2.46678E-1
1.38108E-1 1.26438E-1 9.84067E-2 1.37696E-1 1.36994E-1 1.29096E-1 1.40972E-1 1.38647E-1 1.361E-1 1.42573E-1 1.51219E-1 1.65109E-1 1.68141E-1 1.5711E-1 1.54551E-1 1.60953E-1 1.48053E-1 1.39289E-1 1.68539E-1 1.67073E-1 1.37959E-1 1.37708E-1 1.18919E-1 1.18876E-1 1.25569E-1 1.40931E-1 1.518E-1 1.58672E-1 1.42913E-1 1.45252E-1 1.60187E-1 1.59843E-1 1.68421E-1 1.7097E-1 1.81269E-1 1.86333E-1 1.83226E-1 1.96521E-1 2.03965E-1 2.03469E-1 2.02604E-1 2.24764E-1 2.33898E-1 2.46427E-1 2.32173E-1 2.24554E-1 2.1716E-1 2.18459E-1 2.09381E-1 2.03541E-1 2.06281E-1 2.14293E-1 2.17508E-1 2.32442E-1 2.6239E-1 2.70894E-1 2.72746E-1 2.67141E-1 2.61254E-1 2.51516E-1 2.39987E-1
1.53386E-1 1.28448E-1 1.16937E-1 1.39443E-1 1.27535E-1 1.23296E-1 1.47774E-1 1.53814E-1 1.55922E-1 1.54188E-1 1.65433E-1 1.65473E-1 1.73256E-1 1.65631E-1 1.60771E-1 1.48382E-1 1.43514E-1 1.3592E-1 1.55618E-1 1.89987E-1 1.53232E-1 1.35162E-1 1.26637E-1 1.19262E-1 1.25716E-1 1.33325E-1 1.4964E-1 1.54939E-1 1.54983E-1 1.49902E-1 1.55965E-1 1.56685E-1 1.67262E-1 1.73353E-1 1.82719E-1 1.89889E-1 1.93613E-1 1.96579E-1 2.04315E-1 2.11264E-1 2.11837E-1 2.23493E-1 2.41043E-1 2.40029E-1 2.42121E-1 2.39167E-1 2.29831E-1 2.20701E-1 2.11826E-1 2.09233E-1 2.1257E-1 2.21913E-1 2.32739E-1 2.40465E-1 2.43969E-1 2.62649E-1 2.7627E-1 2.78183E-1 2.67112E-1 2.53781E-1 2.40514E-1
1.60138E-1 1.54078E-1 1.50053E-1 1.3694E-1 1.17858E-1 1.21361E-1 1.4748E-1 1.48707E-1 1.60302E-1 1.5794E-1 1.76292E-1 1.81506E-1 1.80276E-1 1.70441E-1 1.55968E-1 1.48816E-1 1.43449E-1 1.41152E-1 1.42505E-1 1.55007E-1 1.55326E-1 1.35036E-1 1.32821E-1 1.23795E-1 1.25371E-1 1.33123E-1 1.41618E-1 1.51769E-1 1.61905E-1 1.60634E-1 1.50812E-1 1.57084E-1 1.67968E-1 1.77883E-1 1.8693E-1 1.94015E-1 2.00534E-1 2.04133E-1 2.0324E-1 2.08008E-1 2.12714E-1 2.31205E-1 2.31369E-1 2.34182E-1 2.4271E-1 2.38393E-1 2.28445E-1 2.23681E-1 2.18936E-1 2.18451E-1 2.27409E-1 2.3143E-1 2.38436E-1 2.53403E-1 2.60898E-1 2.62643E-1 2.66094E-1 2.72812E-1 2.72213E-1 2.73419E-1 2.64746E-1
