maxent_outputs/red_flowers_troch_bombus_environ/red_26.asc
ncols         426
nrows         180
xllcorner     -130.0
yllcorner     24.0
cellsize      0.16666666666666666
NODATA_value  -9999
[rows 81 to 107 of 180, columns 244 to 304 of 426]
2.45409E-2 2.49792E-2 2.48712E-2 2.47628E-2 2.45272E-2 2.49316E-2 2.45522E-2 2.43875E-2 2.44038E-2 2.46845E-2 2.52059E-2 2.52298E-2 2.60886E-2 2.70343E-2 2.75276E-2 2.66484E-2 2.58655E-2 2.50989E-2 2.43532E-2 2.41972E-2 2.40052E-2 2.39033E-2 2.4244E-2 2.46168E-2 2.43415E-2 2.46801E-2 2.5025E-2 2.53057E-2 2.55763E-2 2.59736E-2 2.57824E-2 2.57232E-2 2.60211E-2 2.644E-2 2.60228E-2 2.62764E-2 2.63554E-2 2.66789E-2 2.60163E-2 2.56316E-2 2.50084E-2 2.49566E-2 2.55223E-2 2.67423E-2 2.68705E-2 2.61351E-2 2.63717E-2 2.69631E-2 2.75842E-2 2.67712E-2 2.61855E-2 2.66484E-2 2.80282E-2 2.71094E-2 2.67982E-2 2.84841E-2 2.90701E-2 2.72437E-2 2.60861E-2 2.57678E-2 2.58364E-2
2.49197E-2 2.48469E-2 2.47714E-2 2.52599E-2 2.47306E-2 2.50849E-2 2.45993E-2 2.40327E-2 2.43734E-2 2.50798E-2 2.53092E-2 2.57978E-2 2.63265E-2 2.54254E-2 2.55852E-2 2.53202E-2 2.48911E-2 2.42979E-2 2.39227E-2 2.41525E-2 2.40026E-2 2.43433E-2 2.45476E-2 2.48241E-2 2.48179E-2 2.46477E-2 2.46051E-2 2.46342E-2 2.49641E-2 2.55241E-2 2.6071E-2 2.56838E-2 2.59757E-2 2.59605E-2 2.61785E-2 2.65093E-2 2.70002E-2 2.72918E-2 2.74838E-2 2.5618E-2 2.50849E-2 2.51451E-2 2.58239E-2 2.6289E-2 2.70804E-2 2.67154E-2 2.69176E-2 2.71415E-2 2.78438E-2 2.69468E-2 2.64069E-2 2.72678E-2 2.79898E-2 2.70844E-2 2.70936E-2 2.7451E-2 2.82116E-2 2.72368E-2 2.62977E-2 2.58243E-2 2.59017E-2
2.53024E-2 2.4897E-2 2.5577E-2 2.52711E-2 2.47854E-2 2.49209E-2 2.50353E-2 2.46542E-2 2.46216E-2 2.53159E-2 2.5726E-2 2.58299E-2 2.57827E-2 2.51717E-2 2.49252E-2 2.47146E-2 2.45899E-2 2.42243E-2 2.42126E-2 2.48982E-2 2.49299E-2 2.49185E-2 2.50211E-2 2.46756E-2 2.4626E-2 2.43054E-2 2.42281E-2 2.44143E-2 2.47644E-2 2.54117E-2 2.608E-2 2.60925E-2 2.64115E-2 2.63662E-2 2.61395E-2 2.60746E-2 2.68571E-2 2.81797E-2 2.80474E-2 2.62859E-2 2.60825E-2 2.61646E-2 2.65166E-2 2.67697E-2 2.68679E-2 2.71641E-2 2.75293E-2 2.74944E-2 2.74587E-2 2.68715E-2 2.67006E-2 2.80069E-2 2.71833E-2 2.69449E-2 2.70579E-2 2.73326E-2 2.79808E-2 2.73552E-2 2.61356E-2 2.55702E-2 2.56191E-2
2.49125E-2 2.49008E-2 2.53657E-2 2.52124E-2 2.47167E-2 2.49281E-2 2.48201E-2 2.46498E-2 2.45949E-2 2.46057E-2 2.48276E-2 2.58855E-2 2.58192E-2 2.54364E-2 2.47371E-2 2.46374E-2 2.43197E-2 2.4353E-2 2.53268E-2 2.59936E-2 2.53101E-2 2.48422E-2 2.44405E-2 2.445E-2 2.4071E-2 2.42758E-2 2.46152E-2 2.46071E-2 2.44991E-2 2.51067E-2 2.66852E-2 2.72923E-2 2.73002E-2 2.69667E-2 2.60895E-2 2.6703E-2 2.71602E-2 2.81609E-2 2.82237E-2 2.71437E-2 2.65821E-2 2.65465E-2 2.63719E-2 2.68068E-2 2.72463E-2 2.71809E-2 2.74732E-2 2.83252E-2 2.73715E-2 2.68261E-2 2.73227E-2 2.79801E-2 2.70015E-2 2.6984E-2 2.70183E-2 2.74973E-2 2.77189E-2 2.70387E-2 2.62744E-2 2.57236E-2 2.47774E-2
2.52662E-2 2.50347E-2 2.52024E-2 2.49447E-2 2.51297E-2 2.50677E-2 2.48713E-2 2.51659E-2 2.46837E-2 2.4535E-2 2.49663E-2 2.55359E-2 2.56563E-2 2.58311E-2 2.51313E-2 2.49744E-2 2.47508E-2 2.49334E-2 2.54685E-2 2.55698E-2 2.50803E-2 2.49553E-2 2.48081E-2 2.40491E-2 2.40713E-2 2.45356E-2 2.4599E-2 2.42752E-2 2.48532E-2 2.54772E-2 2.71383E-2 2.75204E-2 2.74521E-2 2.6404E-2 2.58057E-2 2.61474E-2 2.67819E-2 2.74013E-2 2.77865E-2 2.73299E-2 2.71008E-2 2.66533E-2 2.64801E-2 2.6815E-2 2.72882E-2 2.724E-2 2.75496E-2 2.75765E-2 2.7499E-2 2.71042E-2 2.78492E-2 2.73413E-2 2.67863E-2 2.68102E-2 2.69229E-2 2.76158E-2 2.80432E-2 2.67471E-2 2.53572E-2 2.54732E-2 2.53575E-2
2.56136E-2 2.52144E-2 2.49183E-2 2.58631E-2 2.613E-2 2.54965E-2 2.51127E-2 2.5605E-2 2.50194E-2 2.5141E-2 2.53285E-2 2.6092E-2 2.57658E-2 2.58688E-2 2.58051E-2 2.53758E-2 2.51089E-2 2.5978E-2 2.56625E-2 2.50625E-2 2.50946E-2 2.52267E-2 2.48345E-2 2.44584E-2 2.49811E-2 2.51098E-2 2.47153E-2 2.51473E-2 2.55595E-2 2.63268E-2 2.68049E-2 2.70659E-2 2.70374E-2 2.60403E-2 2.59615E-2 2.62768E-2 2.66088E-2 2.7088E-2 2.72854E-2 2.6936E-2 2.76955E-2 2.72665E-2 2.70987E-2 2.71738E-2 2.68119E-2 2.71972E-2 2.74752E-2 2.75768E-2 2.76484E-2 2.75572E-2 2.76053E-2 2.72021E-2 2.68111E-2 2.68127E-2 2.70831E-2 2.73714E-2 2.74518E-2 2.64739E-2 2.56415E-2 2.5462E-2 2.50611E-2
2.58107E-2 2.53644E-2 2.55297E-2 2.61023E-2 2.61571E-2 2.59945E-2 2.57245E-2 2.59787E-2 2.58458E-2 2.62245E-2 2.62653E-2 2.62507E-2 2.5971E-2 2.60216E-2 2.66165E-2 2.62647E-2 2.63558E-2 2.68624E-2 2.61554E-2 2.57362E-2 2.56165E-2 2.54803E-2 2.55361E-2 2.53179E-2 2.58402E-2 2.59798E-2 2.56E-2 2.58246E-2 2.64289E-2 2.64802E-2 2.669E-2 2.70961E-2 2.70571E-2 2.66284E-2 2.61654E-2 2.63883E-2 2.67126E-2 2.71615E-2 2.71692E-2 2.74883E-2 2.75201E-2 2.72544E-2 2.74243E-2 2.72957E-2 2.7073E-2 2.70175E-2 2.73912E-2 2.80227E-2 2.79662E-2 2.77122E-2 2.70202E-2 2.69986E-2 2.69036E-2 2.68813E-2 2.70085E-2 2.70893E-2 2.66949E-2 2.65E-2 2.62158E-2 2.52095E-2 2.55238E-2
2.61524E-2 2.6281E-2 2.63088E-2 2.64676E-2 2.61636E-2 2.64431E-2 2.66114E-2 2.65691E-2 2.64733E-2 2.6339E-2 2.63434E-2 2.61745E-2 2.63811E-2 2.65146E-2 2.67275E-2 2.66873E-2 2.64544E-2 2.72273E-2 2.70194E-2 2.68786E-2 2.61646E-2 2.59739E-2 2.61369E-2 2.63725E-2 2.63968E-2 2.63623E-2 2.66148E-2 2.70203E-2 2.74251E-2 2.72744E-2 2.71638E-2 2.703E-2 2.68345E-2 2.66567E-2 2.64636E-2 2.67696E-2 2.73219E-2 2.72652E-2 2.72256E-2 2.72617E-2 2.73038E-2 2.73152E-2 2.72871E-2 2.71509E-2 2.70224E-2 2.72097E-2 2.76853E-2 2.76399E-2 2.76999E-2 2.7262E-2 2.69903E-2 2.69342E-2 2.69627E-2 2.68077E-2 2.68121E-2 2.69417E-2 2.68252E-2 2.70631E-2 2.64828E-2 2.54336E-2 2.57375E-2
2.71309E-2 2.73173E-2 2.72129E-2 2.66481E-2 2.70883E-2 2.6684E-2 2.67649E-2 2.68126E-2 2.64829E-2 2.63764E-2 2.66412E-2 2.63712E-2 2.72774E-2 2.65988E-2 2.70886E-2 2.68223E-2 2.64974E-2 2.7991E-2 2.74911E-2 2.72453E-2 2.67186E-2 2.69203E-2 2.71644E-2 2.73073E-2 2.70109E-2 2.71436E-2 2.75438E-2 2.77124E-2 2.8173E-2 2.82826E-2 2.74666E-2 2.73847E-2 2.68852E-2 2.67637E-2 2.67915E-2 2.68053E-2 2.72222E-2 2.69457E-2 2.69335E-2 2.70958E-2 2.70874E-2 2.73005E-2 2.74152E-2 2.74921E-2 2.7151E-2 2.77071E-2 2.7711E-2 2.74059E-2 2.74592E-2 2.73329E-2 2.72479E-2 2.70053E-2 2.71629E-2 2.68277E-2 2.68387E-2 2.67097E-2 2.6609E-2 2.69344E-2 2.66985E-2 2.53553E-2 2.63559E-2
2.8348E-2 2.83737E-2 2.78139E-2 2.74366E-2 2.79015E-2 2.733E-2 2.70029E-2 2.66312E-2 2.65718E-2 2.67683E-2 2.65272E-2 2.62347E-2 2.69413E-2 2.6449E-2 2.69757E-2 2.70949E-2 2.66012E-2 2.69025E-2 2.73535E-2 2.73049E-2 2.69082E-2 2.74537E-2 2.77245E-2 2.76152E-2 2.75513E-2 2.7755E-2 2.8194E-2 2.81806E-2 2.76881E-2 2.80619E-2 2.8074E-2 2.76378E-2 2.72751E-2 2.69752E-2 2.68404E-2 2.68177E-2 2.72134E-2 2.72445E-2 2.73857E-2 2.7083E-2 2.69659E-2 2.73882E-2 2.74346E-2 2.80187E-2 2.77354E-2 2.76786E-2 2.77176E-2 2.75184E-2 2.7422E-2 2.74777E-2 2.74935E-2 2.74007E-2 2.74166E-2 2.75711E-2 2.6467E-2 2.6624E-2 2.65521E-2 2.6894E-2 2.65055E-2 2.67042E-2 2.92004E-2
3.10594E-2 2.92888E-2 2.88005E-2 2.85251E-2 2.80862E-2 2.76774E-2 2.72855E-2 2.69838E-2 2.68207E-2 2.70576E-2 2.69301E-2 2.67487E-2 2.67025E-2 2.66663E-2 2.68309E-2 2.73635E-2 2.72048E-2 2.67863E-2 2.7431E-2 2.81248E-2 2.81466E-2 2.78118E-2 2.8037E-2 2.82567E-2 2.87182E-2 2.86059E-2 2.8672E-2 2.8539E-2 2.81905E-2 2.8298E-2 2.84066E-2 2.81439E-2 2.77841E-2 2.75866E-2 2.73947E-2 2.77722E-2 2.78136E-2 2.80169E-2 2.80441E-2 2.74539E-2 2.75209E-2 2.743E-2 2.80736E-2 2.84096E-2 2.78845E-2 2.79478E-2 2.78307E-2 2.78335E-2 2.77962E-2 2.79426E-2 2.7928E-2 2.79332E-2 2.74033E-2 2.74198E-2 2.68505E-2 2.70537E-2 2.6613E-2 2.65871E-2 2.63585E-2 2.73216E-2 2.89743E-2
3.00111E-2 2.97529E-2 2.92206E-2 2.88652E-2 2.82288E-2 2.80061E-2 2.77649E-2 2.7301E-2 2.70533E-2 2.70061E-2 2.69499E-2 2.69439E-2 2.72825E-2 2.74683E-2 2.72756E-2 2.76487E-2 2.74975E-2 2.72025E-2 2.7431E-2 2.79203E-2 2.89538E-2 2.8736E-2 2.83582E-2 2.90186E-2 2.85965E-2 2.86704E-2 2.85435E-2 2.85154E-2 2.85703E-2 2.85096E-2 2.84942E-2 2.82572E-2 2.77692E-2 2.74607E-2 2.74886E-2 2.79892E-2 2.79355E-2 2.7786E-2 2.77737E-2 2.80057E-2 2.77128E-2 2.76163E-2 2.83911E-2 2.83087E-2 2.87045E-2 2.84166E-2 2.85196E-2 2.85396E-2 2.8461E-2 2.8516E-2 2.81175E-2 2.80592E-2 2.79009E-2 2.76607E-2 2.73437E-2 2.72232E-2 2.72344E-2 2.62976E-2 2.6335E-2 2.72893E-2 2.83689E-2
2.93145E-2 2.8874E-2 2.85024E-2 2.79944E-2 2.762E-2 2.80517E-2 2.81518E-2 2.75977E-2 2.72195E-2 2.80552E-2 2.75913E-2 2.77121E-2 2.8056E-2 2.77066E-2 2.78397E-2 2.8096E-2 2.87399E-2 2.84842E-2 2.85436E-2 2.87783E-2 2.96639E-2 2.90491E-2 2.93363E-2 2.88923E-2 2.83236E-2 2.84503E-2 2.9186E-2 2.91334E-2 2.90742E-2 2.86809E-2 2.83078E-2 2.83674E-2 2.81768E-2 2.74604E-2 2.77801E-2 2.79971E-2 2.76913E-2 2.73891E-2 2.75352E-2 2.76462E-2 2.84423E-2 2.85352E-2 2.85792E-2 2.86047E-2 2.93697E-2 2.99227E-2 2.99383E-2 2.94842E-2 2.91906E-2 2.87809E-2 2.841E-2 2.75332E-2 2.67038E-2 2.72108E-2 2.77968E-2 2.72534E-2 2.6342E-2 2.62417E-2 2.61504E-2 2.70157E-2 2.83277E-2
2.86561E-2 2.82608E-2 2.84105E-2 2.75733E-2 2.72966E-2 2.77141E-2 2.78706E-2 2.78372E-2 2.81855E-2 2.75803E-2 2.75191E-2 2.79594E-2 2.86635E-2 2.84617E-2 2.81768E-2 2.87083E-2 2.9269E-2 2.9419E-2 3.02564E-2 2.98818E-2 3.08744E-2 3.13552E-2 3.04095E-2 2.91772E-2 2.83368E-2 2.87172E-2 2.95918E-2 2.92244E-2 2.89547E-2 2.8679E-2 2.83762E-2 2.83461E-2 2.81933E-2 2.78255E-2 2.76477E-2 2.78971E-2 2.75109E-2 2.76294E-2 2.77715E-2 2.82391E-2 2.8658E-2 2.89293E-2 2.89789E-2 2.89775E-2 2.93812E-2 2.98216E-2 3.03868E-2 2.97474E-2 2.90353E-2 2.91517E-2 2.78712E-2 2.67922E-2 2.64472E-2 2.7214E-2 2.75063E-2 2.60212E-2 2.59554E-2 2.68107E-2 2.73161E-2 2.8245E-2 2.93265E-2
2.86889E-2 2.79401E-2 2.89465E-2 2.73951E-2 2.74776E-2 2.7525E-2 2.79492E-2 2.7729E-2 2.84351E-2 2.80226E-2 2.84646E-2 2.84936E-2 2.86151E-2 2.8771E-2 2.8878E-2 2.92355E-2 2.99482E-2 3.03334E-2 3.12746E-2 3.12778E-2 3.25039E-2 3.18165E-2 3.06151E-2 3.00788E-2 2.97365E-2 2.98551E-2 2.99027E-2 2.97053E-2 2.9706E-2 2.94116E-2 2.88958E-2 2.88051E-2 2.82864E-2 2.81641E-2 2.86486E-2 2.88493E-2 2.76438E-2 2.79273E-2 2.82292E-2 2.89714E-2 2.9165E-2 2.97038E-2 2.9393E-2 2.94715E-2 2.9437E-2 2.98532E-2 2.94108E-2 2.96301E-2 2.96584E-2 2.83613E-2 2.75875E-2 2.69666E-2 2.67167E-2 2.64199E-2 2.61634E-2 2.66018E-2 2.69167E-2 2.77457E-2 2.8581E-2 2.93506E-2 2.90299E-2
2.83586E-2 2.83251E-2 2.82463E-2 2.79585E-2 2.78928E-2 2.78478E-2 2.81579E-2 2.89836E-2 2.90949E-2 2.90616E-2 2.96623E-2 2.9352E-2 2.8913E-2 2.89075E-2 2.9326E-2 2.99565E-2 3.03514E-2 3.03111E-2 3.04022E-2 3.21399E-2 3.35009E-2 3.26527E-2 3.1909E-2 3.06575E-2 3.06306E-2 3.06653E-2 3.03488E-2 3.06028E-2 3.02189E-2 3.01129E-2 2.97711E-2 2.96711E-2 2.9369E-2 2.91363E-2 2.84157E-2 2.77584E-2 2.77906E-2 2.8492E-2 2.882E-2 2.91435E-2 2.96109E-2 3.00518E-2 2.9775E-2 3.01503E-2 3.00567E-2 2.94697E-2 2.94825E-2 2.92344E-2 2.86223E-2 2.85081E-2 2.76601E-2 2.67765E-2 2.65142E-2 2.59899E-2 2.69643E-2 2.77208E-2 2.85915E-2 2.99037E-2 3.01812E-2 3.04924E-2 2.91272E-2
2.89789E-2 2.9121E-2 2.85063E-2 2.84573E-2 2.83346E-2 2.86226E-2 2.90876E-2 3.0307E-2 3.02492E-2 2.98202E-2 2.96751E-2 2.97007E-2 2.93353E-2 2.93969E-2 2.96125E-2 3.00143E-2 2.98902E-2 2.98554E-2 3.05E-2 3.13915E-2 3.17752E-2 3.22686E-2 3.23153E-2 3.14779E-2 3.08443E-2 3.08582E-2 3.04899E-2 3.09049E-2 3.13431E-2 3.07779E-2 2.99864E-2 3.01784E-2 3.03996E-2 2.95763E-2 2.88373E-2 2.84778E-2 2.88349E-2 2.90775E-2 2.9832E-2 2.99111E-2 2.96875E-2 3.00991E-2 3.05037E-2 3.03482E-2 3.02626E-2 2.99881E-2 2.95708E-2 2.88625E-2 2.8454E-2 2.82747E-2 2.84871E-2 2.79991E-2 2.73682E-2 2.67764E-2 2.81937E-2 2.93643E-2 3.06316E-2 3.14926E-2 3.13509E-2 3.11436E-2 3.19329E-2
2.91429E-2 2.92439E-2 2.93629E-2 2.94106E-2 2.99433E-2 3.04077E-2 3.09371E-2 3.14716E-2 3.07807E-2 3.07519E-2 3.07932E-2 3.07516E-2 3.04259E-2 3.01972E-2 3.04462E-2 3.02873E-2 3.01564E-2 3.01624E-2 3.02774E-2 3.10928E-2 3.10852E-2 3.10666E-2 3.1814E-2 3.14034E-2 3.10494E-2 3.11859E-2 3.13486E-2 3.09073E-2 3.12235E-2 3.08228E-2 3.06448E-2 3.077E-2 3.03834E-2 2.95426E-2 2.94678E-2 2.96278E-2 2.94683E-2 2.94801E-2 3.00505E-2 3.04835E-2 3.06752E-2 3.08552E-2 3.11538E-2 3.04875E-2 3.00984E-2 3.00296E-2 2.9418E-2 2.91622E-2 2.91503E-2 2.86689E-2 2.94113E-2 2.86393E-2 2.82873E-2 2.78039E-2 2.9185E-2 3.06317E-2 3.25321E-2 3.21899E-2 3.30089E-2 3.35414E-2 3.30866E-2
2.87895E-2 2.85922E-2 2.95526E-2 3.00198E-2 3.03971E-2 3.10902E-2 3.12468E-2 3.1717E-2 3.15294E-2 3.1372E-2 3.13777E-2 3.11021E-2 3.13178E-2 3.15453E-2 3.12154E-2 3.09766E-2 3.06787E-2 3.03397E-2 3.05319E-2 3.14415E-2 3.19025E-2 3.16444E-2 3.15531E-2 3.1357E-2 3.14813E-2 3.17429E-2 3.17281E-2 3.16406E-2 3.15268E-2 3.12143E-2 3.10095E-2 3.06089E-2 2.99176E-2 2.99775E-2 3.06314E-2 3.04516E-2 2.98781E-2 3.00018E-2 3.1045E-2 3.14428E-2 3.15284E-2 3.13178E-2 3.10629E-2 3.07136E-2 3.04234E-2 3.0167E-2 2.98202E-2 2.98338E-2 2.93406E-2 2.88822E-2 3.01073E-2 2.99806E-2 2.90048E-2 2.95292E-2 2.99575E-2 3.24136E-2 3.30533E-2 3.32645E-2 3.33124E-2 3.29952E-2 3.32579E-2
2.90791E-2 2.92079E-2 3.01138E-2 3.02742E-2 3.10839E-2 3.15086E-2 3.14782E-2 3.1477E-2 3.19763E-2 3.19329E-2 3.16949E-2 3.19644E-2 3.20014E-2 3.19671E-2 3.18537E-2 3.13883E-2 3.119E-2 3.10798E-2 3.13991E-2 3.21498E-2 3.24038E-2 3.1947E-2 3.168E-2 3.15135E-2 3.28206E-2 3.21538E-2 3.21976E-2 3.1952E-2 3.13264E-2 3.14669E-2 3.18032E-2 3.08739E-2 3.0354E-2 3.05373E-2 3.08196E-2 3.08869E-2 3.0395E-2 3.09192E-2 3.12188E-2 3.16682E-2 3.1701E-2 3.15741E-2 3.09265E-2 3.06921E-2 3.0467E-2 3.04212E-2 3.02334E-2 2.98561E-2 2.96385E-2 3.01477E-2 3.05623E-2 3.08582E-2 3.08249E-2 3.03494E-2 3.21796E-2 3.39444E-2 3.39133E-2 3.3677E-2 3.26328E-2 3.22672E-2 3.24634E-2
2.9991E-2 3.05885E-2 2.99306E-2 3.1026E-2 3.18972E-2 3.21307E-2 3.24877E-2 3.30003E-2 3.21611E-2 3.19337E-2 3.17115E-2 3.17004E-2 3.19717E-2 3.17494E-2 3.17463E-2 3.16378E-2 3.15409E-2 3.1256E-2 3.1275E-2 3.21632E-2 3.25741E-2 3.24056E-2 3.27081E-2 3.25489E-2 3.23874E-2 3.24407E-2 3.26148E-2 3.259E-2 3.22934E-2 3.22069E-2 3.23151E-2 3.1209E-2 3.0616E-2 3.0829E-2 3.08107E-2 3.08528E-2 3.09417E-2 3.1604E-2 3.16632E-2 3.11194E-2 3.08806E-2 3.10413E-2 3.10913E-2 3.07067E-2 3.01544E-2 3.00021E-2 2.98502E-2 2.93935E-2 2.94202E-2 2.97937E-2 3.10196E-2 3.0898E-2 3.10735E-2 2.98638E-2 3.06128E-2 3.21748E-2 3.29884E-2 3.3932E-2 3.63708E-2 3.37834E-2 3.29436E-2
2.91219E-2 3.05711E-2 3.03797E-2 3.09144E-2 3.13714E-2 3.17022E-2 3.37911E-2 3.39468E-2 3.30056E-2 3.11225E-2 3.09351E-2 3.10115E-2 3.14451E-2 3.15952E-2 3.12658E-2 3.14116E-2 3.13622E-2 3.12288E-2 3.20084E-2 3.33013E-2 3.31625E-2 3.33978E-2 3.35793E-2 3.36814E-2 3.35112E-2 3.5548E-2 3.59788E-2 3.36908E-2 3.33425E-2 3.2626E-2 3.26647E-2 3.13558E-2 3.07562E-2 3.08044E-2 3.09694E-2 3.09883E-2 3.11415E-2 3.11601E-2 3.10895E-2 3.1052E-2 3.10755E-2 3.11325E-2 3.06963E-2 3.04653E-2 3.06641E-2 3.04421E-2 2.99993E-2 2.9845E-2 2.91099E-2 2.98299E-2 3.04101E-2 3.11711E-2 3.04766E-2 3.01768E-2 3.11822E-2 3.30672E-2 3.30119E-2 3.30569E-2 3.29736E-2 3.27857E-2 3.26341E-2
2.95349E-2 3.06452E-2 3.03567E-2 3.08089E-2 3.12223E-2 3.13759E-2 3.18599E-2 3.33319E-2 3.26907E-2 3.09598E-2 3.05238E-2 3.04961E-2 3.07914E-2 3.1144E-2 3.10592E-2 3.14675E-2 3.21058E-2 3.22863E-2 3.29873E-2 3.34239E-2 3.31818E-2 3.33682E-2 3.38164E-2 3.38892E-2 3.38255E-2 3.4259E-2 3.3858E-2 3.3181E-2 3.25822E-2 3.18519E-2 3.16257E-2 3.12312E-2 3.11472E-2 3.109E-2 3.05981E-2 3.08863E-2 3.06242E-2 3.05369E-2 3.10975E-2 3.15297E-2 3.13847E-2 3.08384E-2 3.0953E-2 3.06357E-2 2.99377E-2 2.96141E-2 3.01268E-2 3.02063E-2 2.99431E-2 3.04334E-2 3.03387E-2 2.97193E-2 2.97202E-2 3.06571E-2 3.34966E-2 3.35315E-2 3.30146E-2 3.34217E-2 3.26E-2 3.30403E-2 3.34836E-2
3.06238E-2 3.05118E-2 3.03838E-2 3.0761E-2 3.10839E-2 3.13731E-2 3.13529E-2 3.31782E-2 3.20648E-2 3.1067E-2 3.08415E-2 3.07845E-2 3.10677E-2 3.14734E-2 3.18189E-2 3.22303E-2 3.24472E-2 3.26502E-2 3.3235E-2 3.32366E-2 3.31536E-2 3.331E-2 3.40814E-2 3.56827E-2 3.59401E-2 3.40131E-2 3.36023E-2 3.25269E-2 3.1759E-2 3.16204E-2 3.19361E-2 3.11405E-2 3.11172E-2 3.06627E-2 3.02543E-2 3.03255E-2 3.04963E-2 3.11529E-2 3.17176E-2 3.22248E-2 3.26846E-2 3.22241E-2 3.12977E-2 3.10606E-2 3.10463E-2 3.09234E-2 3.03686E-2 2.98878E-2 2.96742E-2 2.97499E-2 3.05195E-2 3.15583E-2 3.19733E-2 3.2833E-2 3.31848E-2 3.29255E-2 3.34719E-2 3.35779E-2 3.37994E-2 3.44032E-2 3.42115E-2
3.11123E-2 3.06656E-2 3.08192E-2 3.11803E-2 3.13348E-2 3.12789E-2 3.13597E-2 3.35977E-2 3.17528E-2 3.09495E-2 3.08423E-2 3.09137E-2 3.12699E-2 3.15881E-2 3.20672E-2 3.25124E-2 3.27743E-2 3.27728E-2 3.27454E-2 3.30982E-2 3.35281E-2 3.38142E-2 3.42103E-2 3.42905E-2 3.41812E-2 3.39214E-2 3.26029E-2 3.18659E-2 3.14621E-2 3.14394E-2 3.13113E-2 3.13066E-2 3.21699E-2 3.11927E-2 3.09829E-2 3.16211E-2 3.25623E-2 3.30406E-2 3.32103E-2 3.33895E-2 3.20605E-2 3.3068E-2 3.22612E-2 3.22043E-2 3.11668E-2 3.05769E-2 3.07304E-2 3.01989E-2 3.10901E-2 3.22077E-2 3.22911E-2 3.16965E-2 3.23499E-2 3.32575E-2 3.42783E-2 3.38444E-2 3.41856E-2 3.50238E-2 3.50905E-2 3.5339E-2 3.52499E-2
3.14054E-2 3.13189E-2 3.11784E-2 3.1695E-2 3.16159E-2 3.14777E-2 3.12223E-2 3.18888E-2 3.25337E-2 3.06918E-2 3.08428E-2 3.10963E-2 3.13573E-2 3.17945E-2 3.2632E-2 3.43747E-2 3.50227E-2 3.29636E-2 3.2659E-2 3.28017E-2 3.33918E-2 3.3772E-2 3.34943E-2 3.36738E-2 3.36449E-2 3.27325E-2 3.20529E-2 3.15674E-2 3.17295E-2 3.15744E-2 3.18153E-2 3.35609E-2 3.39853E-2 3.24392E-2 3.23463E-2 3.53863E-2 3.58876E-2 3.38871E-2 3.37448E-2 3.29836E-2 3.21307E-2 3.28947E-2 3.23671E-2 3.22219E-2 3.11479E-2 3.07436E-2 3.08156E-2 3.2585E-2 3.26523E-2 3.17734E-2 3.21227E-2 3.25367E-2 3.34118E-2 3.4443E-2 3.54287E-2 3.65086E-2 3.58289E-2 3.61506E-2 3.5937E-2 3.58365E-2 3.55766E-2
3.26954E-2 3.2256E-2 3.22856E-2 3.23046E-2 3.19415E-2 3.14841E-2 3.10049E-2 3.12271E-2 3.27986E-2 3.0771E-2 3.10952E-2 3.10864E-2 3.12706E-2 3.14972E-2 3.363E-2 3.61358E-2 3.57836E-2 3.25751E-2 3.25467E-2 3.27527E-2 3.32444E-2 3.43148E-2 3.30599E-2 3.35723E-2 3.28502E-2 3.21122E-2 3.17363E-2 3.15202E-2 3.15191E-2 3.19119E-2 3.29456E-2 3.32278E-2 3.36223E-2 3.31856E-2 3.37479E-2 3.58584E-2 3.66924E-2 3.58732E-2 3.49165E-2 3.40778E-2 3.3453E-2 3.30922E-2 3.18404E-2 3.1865E-2 3.09313E-2 3.29163E-2 3.35538E-2 3.34509E-2 3.30065E-2 3.34485E-2 3.30266E-2 3.33237E-2 3.44369E-2 3.60739E-2 3.84102E-2 3.71386E-2 3.80958E-2 3.80885E-2 3.68056E-2 3.70252E-2 3.68915E-2
