maxent_outputs/red_flowers_troch_bombus_environ/red_5.asc
ncols         426
nrows         180
xllcorner     -130.0
yllcorner     24.0
cellsize      0.16666666666666666
NODATA_value  -9999
[rows 54 to 80 of 180, columns 305 to 365 of 426]
1.24847E-2 1.19838E-2 1.20837E-2 1.165E-2 1.16922E-2 1.17009E-2 1.16772E-2 1.14679E-2 1.13437E-2 1.13473E-2 1.11699E-2 1.14093E-2 1.12257E-2 1.12466E-2 1.14241E-2 1.13228E-2 1.12005E-2 1.08778E-2 1.1305E-2 1.14178E-2 1.14383E-2 1.11799E-2 1.02797E-2 1.07171E-2 1.22099E-2 1.21122E-2 1.14227E-2 1.12856E-2 1.13881E-2 1.15212E-2 1.15512E-2 1.22447E-2 1.27677E-2 1.26621E-2 1.3651E-2 1.48268E-2 1.23269E-2 1.14251E-2 1.14074E-2 1.29951E-2 1.25391E-2 1.14641E-2 1.14677E-2 1.22442E-2 1.22138E-2 1.17869E-2 1.14368E-2 1.23801E-2 1.188E-2 1.19815E-2 1.19066E-2 1.23316E-2 1.27117E-2 1.23534E-2 1.17381E-2 1.14881E-2 1.14705E-2 1.17794E-2 1.17071E-2 1.13834E-2 1.16581E-2
1.21537E-2 1.21193E-2 1.29069E-2 1.28949E-2 1.27123E-2 1.20979E-2 1.20426E-2 1.18079E-2 1.18543E-2 1.16933E-2 1.13049E-2 1.12415E-2 1.12885E-2 1.14687E-2 1.16522E-2 1.19978E-2 1.23576E-2 1.34867E-2 1.20106E-2 1.15739E-2 1.17288E-2 1.18957E-2 1.23678E-2 1.14544E-2 1.12824E-2 1.12515E-2 1.12099E-2 1.12494E-2 1.16525E-2 1.20343E-2 1.27245E-2 1.34076E-2 1.39267E-2 1.33029E-2 1.49748E-2 1.59804E-2 1.22704E-2 1.18475E-2 1.26325E-2 1.33216E-2 1.27362E-2 1.14405E-2 1.19825E-2 1.17594E-2 1.18308E-2 1.17283E-2 1.26678E-2 1.21332E-2 1.21668E-2 1.24689E-2 1.28759E-2 1.30533E-2 1.28467E-2 1.2499E-2 1.22934E-2 1.15936E-2 1.17148E-2 1.19556E-2 1.21211E-2 1.22416E-2 1.31788E-2
1.30971E-2 1.33056E-2 1.37348E-2 1.30759E-2 1.34349E-2 1.29346E-2 1.29935E-2 1.2945E-2 1.31241E-2 1.24296E-2 1.18132E-2 1.19975E-2 1.21463E-2 1.21662E-2 1.24472E-2 1.31045E-2 1.35855E-2 1.28103E-2 1.31527E-2 1.27962E-2 1.31959E-2 1.2724E-2 1.19067E-2 1.16451E-2 1.15926E-2 1.17152E-2 1.14002E-2 1.19319E-2 1.21694E-2 1.26953E-2 1.29669E-2 1.33924E-2 1.32947E-2 1.35282E-2 1.76098E-2 1.67562E-2 1.242E-2 1.23818E-2 1.3226E-2 1.15596E-2 1.19395E-2 1.19039E-2 1.16102E-2 1.0996E-2 1.25888E-2 1.15444E-2 1.32034E-2 1.22213E-2 1.25566E-2 1.40508E-2 1.30671E-2 1.2699E-2 1.23315E-2 1.24272E-2 1.23274E-2 1.35859E-2 1.30342E-2 1.24302E-2 1.34407E-2 1.39818E-2 1.46933E-2
1.37238E-2 1.30578E-2 1.34565E-2 1.36732E-2 1.39691E-2 1.24916E-2 1.22854E-2 1.26353E-2 1.33733E-2 1.28384E-2 1.25961E-2 1.30254E-2 1.30617E-2 1.23711E-2 1.24575E-2 1.29664E-2 1.30924E-2 1.24416E-2 1.27858E-2 1.42058E-2 1.44305E-2 1.25616E-2 1.19065E-2 1.19924E-2 1.20185E-2 1.19855E-2 1.21014E-2 1.18797E-2 1.21254E-2 1.25309E-2 1.27314E-2 1.3921E-2 1.34994E-2 1.40627E-2 1.64436E-2 1.80826E-2 1.2586E-2 1.24385E-2 1.23415E-2 1.28198E-2 1.23309E-2 1.21295E-2 1.13778E-2 1.14153E-2 1.20956E-2 1.13555E-2 1.32549E-2 1.33925E-2 1.35989E-2 1.35607E-2 1.24472E-2 1.29102E-2 1.27525E-2 1.28096E-2 1.32089E-2 1.38388E-2 1.38419E-2 1.44426E-2 1.51698E-2 1.58448E-2 1.59725E-2
1.46209E-2 1.46106E-2 1.45164E-2 1.36416E-2 1.35101E-2 1.3528E-2 1.42396E-2 1.32594E-2 1.39743E-2 1.38136E-2 1.37776E-2 1.36333E-2 1.3352E-2 1.31371E-2 1.36675E-2 1.49711E-2 1.51775E-2 1.60402E-2 1.62614E-2 1.29588E-2 1.22728E-2 1.16091E-2 1.23812E-2 1.25001E-2 1.25709E-2 1.25346E-2 1.2214E-2 1.23793E-2 1.26709E-2 1.35006E-2 1.35231E-2 1.37553E-2 1.45497E-2 1.41711E-2 1.39493E-2 1.37822E-2 1.29379E-2 1.35788E-2 1.28168E-2 1.1779E-2 1.17461E-2 1.27116E-2 1.16226E-2 1.18065E-2 1.20326E-2 1.34695E-2 1.50709E-2 1.6776E-2 1.48964E-2 1.338E-2 1.32636E-2 1.28147E-2 1.33269E-2 1.33127E-2 1.41396E-2 1.50403E-2 1.4614E-2 1.54234E-2 1.59814E-2 1.64945E-2 1.78606E-2
1.59093E-2 1.64462E-2 1.53825E-2 1.49818E-2 1.50263E-2 1.64437E-2 1.57709E-2 1.5547E-2 1.66051E-2 1.68176E-2 1.59844E-2 1.67857E-2 1.62329E-2 1.83541E-2 2.23239E-2 2.8207E-2 2.13041E-2 1.66604E-2 1.33756E-2 1.22731E-2 1.19224E-2 1.23901E-2 1.33483E-2 1.29227E-2 1.30219E-2 1.27112E-2 1.2685E-2 1.2747E-2 1.28765E-2 1.33015E-2 1.35088E-2 1.427E-2 1.46077E-2 1.40705E-2 1.35661E-2 1.19609E-2 1.27372E-2 1.38227E-2 1.3511E-2 1.20805E-2 1.25196E-2 1.21648E-2 1.13156E-2 1.24959E-2 1.39089E-2 1.51333E-2 1.51666E-2 1.39521E-2 1.34203E-2 1.26514E-2 1.3275E-2 1.35538E-2 1.40259E-2 1.41521E-2 1.46298E-2 1.55776E-2 1.62273E-2 1.72449E-2 1.80713E-2 1.87306E-2 2.00188E-2
1.81094E-2 1.82825E-2 1.9692E-2 2.08251E-2 2.32509E-2 2.67599E-2 3.06631E-2 3.20998E-2 3.4724E-2 3.29875E-2 2.48621E-2 2.13658E-2 1.86373E-2 2.53934E-2 3.39478E-2 3.20108E-2 2.80531E-2 2.06498E-2 1.58705E-2 1.41133E-2 1.34306E-2 1.27791E-2 1.23838E-2 1.25758E-2 1.28332E-2 1.28817E-2 1.30377E-2 1.34021E-2 1.35236E-2 1.33189E-2 1.32153E-2 1.34219E-2 1.35365E-2 1.38529E-2 1.26788E-2 1.18727E-2 1.28859E-2 1.4394E-2 1.35813E-2 1.17525E-2 1.25801E-2 1.28794E-2 1.26627E-2 1.31374E-2 1.33915E-2 1.33639E-2 1.44931E-2 1.32938E-2 1.30334E-2 1.31132E-2 1.34786E-2 1.67104E-2 1.47853E-2 1.44805E-2 1.55259E-2 1.72881E-2 2.0937E-2 2.3308E-2 2.26338E-2 2.64042E-2 3.5738E-2
3.27796E-2 3.98289E-2 4.14598E-2 4.32394E-2 4.30785E-2 4.37716E-2 4.37918E-2 4.36346E-2 4.2617E-2 4.06516E-2 3.90326E-2 3.66526E-2 3.61156E-2 3.79112E-2 3.7049E-2 3.58838E-2 3.38885E-2 2.25865E-2 1.4964E-2 1.39054E-2 1.39236E-2 1.34752E-2 1.28559E-2 1.30594E-2 1.30876E-2 1.28796E-2 1.35742E-2 1.39595E-2 1.4227E-2 1.35655E-2 1.37622E-2 1.32839E-2 1.34398E-2 1.40124E-2 1.35758E-2 1.26694E-2 1.31428E-2 1.36886E-2 1.39332E-2 1.31486E-2 1.29089E-2 1.25786E-2 1.32415E-2 1.33262E-2 1.23491E-2 1.24171E-2 1.25819E-2 1.34166E-2 1.28044E-2 1.31306E-2 1.34074E-2 1.5066E-2 1.43897E-2 1.57314E-2 2.14474E-2 2.54681E-2 2.48986E-2 3.02598E-2 -9999 4.23746E-2 -9999
4.82054E-2 4.63818E-2 4.51871E-2 4.46325E-2 4.49335E-2 4.54548E-2 4.5761E-2 4.5182E-2 4.44378E-2 4.3853E-2 4.28924E-2 4.10381E-2 3.99279E-2 3.92665E-2 3.88259E-2 3.71528E-2 2.99285E-2 2.2859E-2 1.52562E-2 1.44493E-2 1.4349E-2 1.39409E-2 1.32279E-2 1.3439E-2 1.40078E-2 1.3929E-2 1.41109E-2 1.43805E-2 1.40278E-2 1.39966E-2 1.41501E-2 1.3854E-2 1.33738E-2 1.47312E-2 1.32312E-2 1.28815E-2 1.36166E-2 1.33557E-2 1.45857E-2 1.35888E-2 1.26026E-2 1.26819E-2 1.31512E-2 1.3198E-2 1.2507E-2 1.2716E-2 1.34748E-2 1.42821E-2 1.34222E-2 1.34308E-2 1.42269E-2 1.46607E-2 1.5668E-2 1.8215E-2 -9999 -9999 -9999 -9999 -9999 -9999 -9999
4.99349E-2 4.5265E-2 3.91403E-2 3.31267E-2 3.22931E-2 3.27808E-2 3.28934E-2 3.32373E-2 3.66109E-2 4.22605E-2 4.21045E-2 4.04347E-2 4.01868E-2 3.78518E-2 3.10459E-2 2.08968E-2 1.84125E-2 1.69275E-2 1.58191E-2 1.52925E-2 1.48955E-2 1.41294E-2 1.36775E-2 1.35725E-2 1.40432E-2 1.43504E-2 1.45414E-2 1.44088E-2 1.418E-2 1.42931E-2 1.48083E-2 1.41776E-2 1.39342E-2 1.30992E-2 1.2521E-2 1.29013E-2 1.35918E-2 1.45308E-2 1.44875E-2 1.30813E-2 1.24614E-2 1.31384E-2 1.3481E-2 1.31797E-2 1.32922E-2 1.29712E-2 1.29545E-2 1.32461E-2 1.43113E-2 1.42893E-2 1.48091E-2 1.61821E-2 1.90179E-2 -9999 -9999 -9999 -9999 -9999 -9999 -9999 -9999
2.78502E-2 2.50842E-2 2.30424E-2 2.16843E-2 2.13417E-2 2.16198E-2 2.25071E-2 2.27456E-2 2.23649E-2 2.4229E-2 2.33017E-2 2.15402E-2 2.13293E-2 2.182E-2 2.01123E-2 1.88688E-2 1.8149E-2 1.71577E-2 1.75953E-2 1.86868E-2 1.7015E-2 1.53736E-2 1.41876E-2 1.32216E-2 1.30845E-2 1.35606E-2 1.45999E-2 1.43153E-2 1.50022E-2 1.51883E-2 1.49942E-2 1.4478E-2 1.38019E-2 1.25033E-2 1.29159E-2 1.34157E-2 1.43857E-2 1.51559E-2 1.41869E-2 1.30658E-2 1.26663E-2 1.378E-2 1.43307E-2 1.41089E-2 1.40117E-2 1.32089E-2 1.32585E-2 1.43418E-2 1.50678E-2 1.41461E-2 1.63473E-2 1.94026E-2 -9999 -9999 -9999 -9999 -9999 -9999 -9999 -9999 -9999
2.41095E-2 2.29501E-2 2.0836E-2 1.96085E-2 2.04246E-2 2.05739E-2 2.00756E-2 2.12046E-2 2.14265E-2 2.07235E-2 2.0591E-2 1.99927E-2 2.00484E-2 2.03071E-2 1.97859E-2 1.90169E-2 1.86054E-2 1.7757E-2 1.68456E-2 1.73753E-2 1.62446E-2 1.5335E-2 1.51794E-2 1.46473E-2 1.44222E-2 1.33656E-2 1.37411E-2 1.48778E-2 1.49118E-2 1.46353E-2 1.46335E-2 1.40982E-2 1.36476E-2 1.32689E-2 1.32867E-2 1.38167E-2 1.47304E-2 1.59581E-2 1.41305E-2 1.35551E-2 1.28356E-2 1.3861E-2 1.46596E-2 1.43703E-2 1.48751E-2 1.43203E-2 1.40767E-2 1.56433E-2 1.58328E-2 1.66893E-2 1.89749E-2 2.06108E-2 -9999 -9999 -9999 -9999 -9999 -9999 -9999 -9999 -9999
2.53745E-2 2.57781E-2 2.07942E-2 1.80865E-2 1.87198E-2 2.00901E-2 1.99087E-2 2.03998E-2 2.04904E-2 2.019E-2 2.01712E-2 1.99531E-2 1.967E-2 2.09698E-2 2.07344E-2 1.88677E-2 1.86906E-2 1.86141E-2 1.77597E-2 1.68118E-2 1.64251E-2 1.5525E-2 1.50723E-2 1.47814E-2 1.45217E-2 1.46982E-2 1.4816E-2 1.40416E-2 1.40491E-2 1.39826E-2 1.39448E-2 1.39473E-2 1.4209E-2 1.41002E-2 1.39459E-2 1.37311E-2 1.58246E-2 1.61741E-2 1.47589E-2 1.33133E-2 1.3546E-2 1.36082E-2 1.49908E-2 1.48051E-2 1.54673E-2 1.4797E-2 1.40893E-2 1.58655E-2 1.64899E-2 1.81813E-2 2.00236E-2 3.97703E-2 -9999 -9999 -9999 -9999 -9999 -9999 -9999 -9999 -9999
3.86217E-2 2.66257E-2 1.96767E-2 1.80988E-2 1.67489E-2 1.78063E-2 1.87579E-2 1.99702E-2 2.02302E-2 2.17013E-2 2.27484E-2 2.13542E-2 1.92652E-2 2.30786E-2 2.37887E-2 1.89665E-2 1.88149E-2 1.88364E-2 1.80851E-2 1.7608E-2 1.6832E-2 1.56136E-2 1.58064E-2 1.49015E-2 1.50544E-2 1.61643E-2 1.59931E-2 1.55259E-2 1.49006E-2 1.47792E-2 1.48549E-2 1.44434E-2 1.41539E-2 1.44508E-2 1.5254E-2 1.48321E-2 1.54142E-2 1.55229E-2 1.47015E-2 1.37386E-2 1.36194E-2 1.44785E-2 1.44649E-2 1.53054E-2 1.6102E-2 1.51368E-2 1.53234E-2 1.65116E-2 1.83787E-2 2.01692E-2 2.25269E-2 2.9718E-2 -9999 -9999 -9999 -9999 -9999 -9999 -9999 -9999 -9999
2.47241E-2 1.97737E-2 1.71368E-2 1.66783E-2 1.58645E-2 1.61865E-2 1.7464E-2 1.94346E-2 1.96677E-2 1.84728E-2 1.99929E-2 2.00695E-2 2.13278E-2 2.13431E-2 2.02217E-2 2.13934E-2 1.82768E-2 1.7336E-2 1.76498E-2 1.72579E-2 1.76172E-2 1.68135E-2 1.63377E-2 1.5812E-2 1.57389E-2 1.61489E-2 1.56751E-2 1.61147E-2 1.62841E-2 1.59222E-2 1.55797E-2 1.50778E-2 1.41126E-2 1.48697E-2 1.52193E-2 1.55582E-2 1.54564E-2 1.52238E-2 1.45512E-2 1.34235E-2 1.50249E-2 1.45055E-2 1.4685E-2 1.53492E-2 1.61547E-2 1.61289E-2 1.71365E-2 1.81368E-2 1.98202E-2 2.12054E-2 2.49309E-2 2.82659E-2 -9999 -9999 -9999 -9999 -9999 -9999 -9999 -9999 -9999
1.95334E-2 1.8973E-2 1.74162E-2 1.62838E-2 1.54591E-2 1.59261E-2 1.67287E-2 1.74101E-2 1.7488E-2 1.67319E-2 1.76789E-2 1.99358E-2 2.0165E-2 2.09487E-2 1.92828E-2 1.91429E-2 1.84955E-2 1.87521E-2 1.83425E-2 1.771E-2 1.79852E-2 1.70984E-2 1.66142E-2 1.6351E-2 1.63571E-2 1.64962E-2 1.63085E-2 1.65407E-2 1.63195E-2 1.61726E-2 1.53509E-2 1.52983E-2 1.4416E-2 1.42508E-2 1.52639E-2 1.4755E-2 1.57096E-2 1.51807E-2 1.54114E-2 1.40493E-2 1.67086E-2 1.73022E-2 1.57482E-2 1.66257E-2 1.68652E-2 1.72105E-2 1.79361E-2 1.8788E-2 2.02602E-2 2.31723E-2 -9999 -9999 -9999 -9999 -9999 -9999 -9999 -9999 -9999 -9999 -9999
1.71058E-2 1.6679E-2 1.74179E-2 1.67819E-2 1.61518E-2 1.60955E-2 1.61871E-2 1.58122E-2 1.62308E-2 1.75361E-2 1.788E-2 1.85546E-2 1.92291E-2 1.93046E-2 1.84466E-2 1.89604E-2 1.84215E-2 1.81442E-2 1.77948E-2 1.75898E-2 1.75266E-2 1.70587E-2 1.71261E-2 1.67352E-2 1.63167E-2 1.65735E-2 1.68746E-2 1.69826E-2 1.69787E-2 1.66607E-2 1.70702E-2 1.65042E-2 1.42461E-2 1.43352E-2 1.487E-2 1.55945E-2 1.60582E-2 1.57253E-2 1.63477E-2 1.57401E-2 1.65531E-2 1.70449E-2 1.63127E-2 1.70289E-2 1.68101E-2 1.8111E-2 1.88605E-2 1.99332E-2 2.18479E-2 2.50733E-2 2.79927E-2 -9999 -9999 -9999 -9999 -9999 -9999 -9999 -9999 -9999 -9999
1.72673E-2 1.76236E-2 1.76517E-2 1.71442E-2 1.59568E-2 1.59373E-2 1.58582E-2 1.50448E-2 1.51678E-2 1.5997E-2 1.69392E-2 1.78056E-2 1.82499E-2 1.86336E-2 1.87616E-2 1.84728E-2 1.7929E-2 1.76587E-2 1.73633E-2 1.68706E-2 1.70749E-2 1.71136E-2 1.68875E-2 1.70755E-2 1.71205E-2 1.72372E-2 1.72396E-2 1.78846E-2 1.74249E-2 1.78264E-2 1.76156E-2 1.64716E-2 1.47808E-2 1.39693E-2 1.50614E-2 1.53036E-2 1.62718E-2 1.71453E-2 1.63044E-2 1.60335E-2 1.68091E-2 1.78387E-2 1.7744E-2 1.7259E-2 1.84631E-2 1.88855E-2 1.92818E-2 2.073E-2 2.16896E-2 2.38546E-2 2.78418E-2 3.08557E-2 -9999 4.15381E-2 4.57763E-2 -9999 -9999 -9999 -9999 -9999 -9999
1.70456E-2 1.78912E-2 1.714E-2 1.66262E-2 1.61353E-2 1.57869E-2 1.59628E-2 1.56531E-2 1.54867E-2 1.63717E-2 1.70885E-2 1.79726E-2 1.8522E-2 1.74791E-2 1.79551E-2 1.81966E-2 1.77362E-2 1.73917E-2 1.78456E-2 1.7611E-2 1.72404E-2 1.6992E-2 1.68348E-2 1.62676E-2 1.64487E-2 1.66503E-2 1.6911E-2 1.71168E-2 1.7689E-2 1.88728E-2 1.76422E-2 1.67522E-2 1.5492E-2 1.41007E-2 1.50643E-2 1.62722E-2 1.73348E-2 1.82486E-2 1.69775E-2 1.67956E-2 1.75689E-2 1.84113E-2 1.85642E-2 1.81148E-2 1.96927E-2 2.11926E-2 2.12677E-2 2.22701E-2 2.29765E-2 2.48901E-2 2.782E-2 3.14348E-2 -9999 -9999 5.00814E-2 5.38708E-2 -9999 -9999 -9999 -9999 -9999
1.70899E-2 1.69811E-2 1.59839E-2 1.578E-2 1.57786E-2 1.58593E-2 1.60439E-2 1.61307E-2 1.68098E-2 1.71667E-2 1.75856E-2 1.79529E-2 1.7809E-2 1.75973E-2 1.75377E-2 1.81434E-2 1.86655E-2 1.77701E-2 1.71171E-2 1.66778E-2 1.67191E-2 1.66144E-2 1.66062E-2 1.59856E-2 1.57148E-2 1.55975E-2 1.56694E-2 1.61414E-2 1.68441E-2 1.70438E-2 1.60455E-2 1.6553E-2 1.49797E-2 1.54129E-2 1.66786E-2 1.70747E-2 1.75331E-2 1.81497E-2 1.82135E-2 1.83529E-2 1.86749E-2 1.88655E-2 1.91426E-2 1.95815E-2 2.14358E-2 2.36171E-2 2.30247E-2 2.54673E-2 2.56112E-2 2.72682E-2 2.99276E-2 3.35797E-2 3.90444E-2 4.29181E-2 4.75987E-2 5.14304E-2 -9999 -9999 -9999 -9999 -9999
1.67245E-2 1.66011E-2 1.60987E-2 1.6294E-2 1.65499E-2 1.65833E-2 1.68927E-2 1.73577E-2 1.71885E-2 1.76224E-2 1.81771E-2 1.79383E-2 1.75225E-2 1.79116E-2 1.81656E-2 1.80676E-2 1.76947E-2 1.86239E-2 1.8577E-2 1.78812E-2 1.68499E-2 1.62049E-2 1.65352E-2 1.62517E-2 1.66901E-2 1.68077E-2 1.69029E-2 1.72943E-2 1.6779E-2 1.5776E-2 1.61611E-2 1.70114E-2 1.58673E-2 1.65772E-2 1.71585E-2 1.74945E-2 1.79643E-2 1.92214E-2 1.9925E-2 2.06901E-2 2.04128E-2 2.07026E-2 2.1723E-2 2.26647E-2 2.42388E-2 2.54264E-2 2.76458E-2 3.15675E-2 3.00303E-2 2.97816E-2 3.56428E-2 3.91187E-2 4.03647E-2 4.09961E-2 4.59583E-2 6.44912E-2 -9999 -9999 -9999 -9999 -9999
1.6445E-2 1.66629E-2 1.66772E-2 1.62597E-2 1.7013E-2 1.68814E-2 1.75009E-2 1.7685E-2 1.74999E-2 1.80793E-2 1.85475E-2 1.87536E-2 1.89674E-2 1.89066E-2 1.9068E-2 1.85271E-2 1.80246E-2 1.80087E-2 1.88993E-2 1.87613E-2 1.80496E-2 1.66197E-2 1.69469E-2 1.81014E-2 1.78457E-2 1.77077E-2 1.75242E-2 1.667E-2 1.61275E-2 1.64301E-2 1.73961E-2 1.78174E-2 1.72387E-2 1.70337E-2 1.77252E-2 1.89435E-2 2.01498E-2 2.13834E-2 2.16234E-2 2.31756E-2 2.38701E-2 2.3982E-2 2.52846E-2 2.56605E-2 2.68499E-2 2.83571E-2 3.08342E-2 3.40904E-2 3.52869E-2 4.46303E-2 4.4634E-2 4.36753E-2 5.13396E-2 8.0248E-2 7.21145E-2 -9999 -9999 -9999 -9999 -9999 -9999
1.64586E-2 1.6481E-2 1.63906E-2 1.6827E-2 1.71091E-2 1.73459E-2 1.77518E-2 1.80403E-2 1.83474E-2 1.86287E-2 1.90978E-2 1.85195E-2 1.80262E-2 1.80354E-2 1.75976E-2 1.77657E-2 1.8158E-2 1.82502E-2 1.85727E-2 1.84919E-2 1.78634E-2 1.76872E-2 1.80084E-2 1.82092E-2 1.77633E-2 1.79924E-2 1.75707E-2 1.64181E-2 1.61508E-2 1.74159E-2 1.77402E-2 1.87862E-2 1.71247E-2 1.80275E-2 1.93271E-2 2.10864E-2 2.28093E-2 2.33825E-2 2.36194E-2 2.43596E-2 2.57554E-2 2.7098E-2 2.83688E-2 3.30727E-2 2.89829E-2 4.46E-2 -9999 -9999 -9999 -9999 4.807E-2 -9999 -9999 6.52904E-2 6.17215E-2 6.29447E-2 -9999 -9999 -9999 -9999 -9999
1.6248E-2 1.64358E-2 1.61555E-2 1.74012E-2 1.68124E-2 1.66169E-2 1.69519E-2 1.78291E-2 1.87887E-2 1.8472E-2 1.83571E-2 1.88321E-2 1.96567E-2 1.81161E-2 1.68881E-2 1.78537E-2 1.79691E-2 1.88996E-2 1.86585E-2 1.82435E-2 1.80975E-2 1.83605E-2 1.83389E-2 1.80031E-2 1.83101E-2 1.82288E-2 1.73373E-2 1.79151E-2 1.87559E-2 1.91837E-2 1.91192E-2 2.11553E-2 1.92626E-2 2.02458E-2 2.14975E-2 2.31339E-2 2.99167E-2 -9999 -9999 3.14683E-2 3.32431E-2 3.62498E-2 3.90166E-2 4.17996E-2 -9999 4.39295E-2 -9999 -9999 -9999 -9999 -9999 -9999 -9999 -9999 -9999 -9999 -9999 -9999 -9999 -9999 -9999
1.64495E-2 1.66847E-2 1.72362E-2 1.71938E-2 1.71709E-2 1.67711E-2 1.81743E-2 1.93688E-2 1.8143E-2 1.81798E-2 1.81589E-2 1.95599E-2 1.82812E-2 1.78733E-2 1.89885E-2 1.90279E-2 1.89546E-2 1.94818E-2 1.86912E-2 1.80789E-2 1.89816E-2 1.89587E-2 1.81009E-2 1.83063E-2 1.83468E-2 1.81057E-2 1.84958E-2 1.90432E-2 1.99829E-2 2.10982E-2 2.19653E-2 2.37421E-2 2.30039E-2 2.76399E-2 3.07131E-2 3.15268E-2 3.31147E-2 3.09651E-2 3.17284E-2 3.3738E-2 3.65338E-2 3.41803E-2 3.58907E-2 -9999 -9999 -9999 -9999 -9999 -9999 -9999 -9999 -9999 -9999 -9999 -9999 -9999 -9999 -9999 -9999 -9999 -9999
1.67455E-2 1.70133E-2 1.76543E-2 1.7958E-2 1.78019E-2 1.90759E-2 1.88138E-2 1.85043E-2 1.91735E-2 1.88377E-2 1.98301E-2 1.96711E-2 1.91396E-2 1.90918E-2 1.92852E-2 1.95928E-2 1.96424E-2 1.91487E-2 1.8898E-2 1.88532E-2 1.9029E-2 1.86071E-2 1.80237E-2 1.75804E-2 1.88181E-2 1.87754E-2 1.86639E-2 1.94338E-2 2.13053E-2 2.33083E-2 2.6165E-2 2.84914E-2 2.96747E-2 3.15349E-2 3.18287E-2 3.43811E-2 3.56873E-2 3.57109E-2 3.64002E-2 3.9005E-2 -9999 -9999 -9999 -9999 -9999 -9999 -9999 -9999 -9999 -9999 -9999 -9999 -9999 -9999 -9999 -9999 -9999 -9999 -9999 -9999 -9999
1.7735E-2 1.79105E-2 1.82704E-2 1.86237E-2 1.98091E-2 2.00158E-2 1.97841E-2 1.97827E-2 2.00297E-2 2.02121E-2 1.99312E-2 1.99683E-2 1.95174E-2 2.01159E-2 2.00081E-2 2.03258E-2 2.05114E-2 2.03457E-2 1.9736E-2 1.92224E-2 1.86927E-2 1.92744E-2 2.00036E-2 1.99356E-2 1.99174E-2 1.98077E-2 1.93171E-2 2.09713E-2 2.33634E-2 2.57233E-2 2.80515E-2 3.02025E-2 3.27532E-2 3.6062E-2 3.8174E-2 4.61522E-2 5.66067E-2 -9999 -9999 -9999 -9999 -9999 -9999 -9999 -9999 -9999 -9999 -9999 -9999 -9999 -9999 -9999 -9999 -9999 -9999 -9999 -9999 -9999 -9999 -9999 -9999
