maxent_outputs/red_flowers_troch_bombus_environ/red_217.asc
ncols         426
nrows         180
xllcorner     -130.0
yllcorner     24.0
cellsize      0.16666666666666666
NODATA_value  -9999
[rows 81 to 107 of 180, columns 183 to 243 of 426]
1.75917E-1 1.71108E-1 1.70731E-1 1.70356E-1 1.69342E-1 1.71735E-1 1.7681E-1 1.77193E-1 1.77171E-1 1.81659E-1 1.86555E-1 1.87125E-1 1.9114E-1 1.88008E-1 1.8587E-1 1.90834E-1 1.91619E-1 2.0044E-1 2.08952E-1 2.23293E-1 2.26422E-1 2.25076E-1 2.2209E-1 2.26242E-1 2.24423E-1 2.29515E-1 2.37512E-1 2.35543E-1 2.29918E-1 2.32066E-1 2.37726E-1 2.44242E-1 2.45499E-1 2.48726E-1 2.57052E-1 2.8843E-1 3.25439E-1 3.69091E-1 3.60165E-1 3.31929E-1 3.19516E-1 2.9703E-1 2.80646E-1 2.71054E-1 2.72068E-1 2.82442E-1 2.97023E-1 3.00114E-1 3.09632E-1 3.18754E-1 3.34715E-1 3.47899E-1 3.4955E-1 3.47448E-1 3.59798E-1 3.79063E-1 3.91619E-1 4.00391E-1 3.88127E-1 3.9155E-1 3.84309E-1
1.7772E-1 1.75107E-1 1.70205E-1 1.68388E-1 1.71039E-1 1.74148E-1 1.80341E-1 1.85265E-1 1.90351E-1 1.89221E-1 1.92793E-1 2.00496E-1 1.99798E-1 1.99529E-1 1.96371E-1 1.98074E-1 2.01555E-1 2.02542E-1 2.12944E-1 2.24064E-1 2.26326E-1 2.26052E-1 2.32774E-1 2.37188E-1 2.37584E-1 2.33314E-1 2.39253E-1 2.37115E-1 2.31577E-1 2.37262E-1 2.46321E-1 2.54431E-1 2.51626E-1 2.54071E-1 2.62069E-1 2.99046E-1 3.80275E-1 4.90193E-1 5.60705E-1 4.44049E-1 3.71763E-1 3.22428E-1 2.95528E-1 2.88625E-1 2.90901E-1 3.03448E-1 3.11959E-1 3.15533E-1 3.24673E-1 3.33951E-1 3.40269E-1 3.47201E-1 3.5416E-1 3.64287E-1 3.71192E-1 3.85692E-1 3.94297E-1 3.9375E-1 3.9421E-1 3.84999E-1 3.84349E-1
1.81771E-1 1.80377E-1 1.70682E-1 1.69643E-1 1.75769E-1 1.79088E-1 1.83733E-1 1.86686E-1 1.94824E-1 1.95564E-1 1.98244E-1 2.063E-1 2.08493E-1 2.11636E-1 2.10807E-1 2.03338E-1 2.03719E-1 2.06505E-1 2.06925E-1 2.14766E-1 2.26721E-1 2.33825E-1 2.38469E-1 2.36503E-1 2.44988E-1 2.44172E-1 2.39259E-1 2.37954E-1 2.43857E-1 2.42537E-1 2.48505E-1 2.51645E-1 2.54949E-1 2.58278E-1 2.76352E-1 3.12595E-1 3.87561E-1 5.02223E-1 5.6965E-1 4.65107E-1 3.86977E-1 3.39054E-1 3.11039E-1 3.06824E-1 3.12849E-1 3.18046E-1 3.34879E-1 3.40663E-1 3.41125E-1 3.44514E-1 3.36392E-1 3.4745E-1 3.51417E-1 3.6087E-1 3.69061E-1 3.75112E-1 3.80639E-1 3.93642E-1 3.95239E-1 3.98091E-1 3.9856E-1
1.83214E-1 1.80004E-1 1.76935E-1 1.72489E-1 1.77064E-1 1.87554E-1 1.88887E-1 1.90936E-1 1.95749E-1 1.95965E-1 1.99173E-1 2.06761E-1 2.06545E-1 2.07412E-1 2.07363E-1 2.08889E-1 2.0663E-1 2.01578E-1 2.04366E-1 2.0657E-1 2.18198E-1 2.32126E-1 2.35227E-1 2.40773E-1 2.40871E-1 2.43921E-1 2.51678E-1 2.51354E-1 2.53584E-1 2.5192E-1 2.45797E-1 2.50509E-1 2.55904E-1 2.61275E-1 2.7494E-1 3.01259E-1 3.4398E-1 3.90249E-1 4.04263E-1 3.95364E-1 3.64341E-1 3.35064E-1 3.22524E-1 3.18276E-1 3.27404E-1 3.33149E-1 3.53692E-1 3.63589E-1 3.57589E-1 3.41541E-1 3.41967E-1 3.54887E-1 3.53869E-1 3.65144E-1 3.58085E-1 3.57991E-1 3.7172E-1 3.88873E-1 4.09755E-1 4.23495E-1 4.20949E-1
1.86878E-1 1.79658E-1 1.78658E-1 1.79311E-1 1.80351E-1 1.87272E-1 1.91099E-1 1.93816E-1 1.96273E-1 1.97926E-1 2.01756E-1 2.04928E-1 2.03257E-1 2.00873E-1 1.99063E-1 1.99166E-1 1.96697E-1 1.97757E-1 2.03126E-1 2.07065E-1 2.15456E-1 2.23685E-1 2.31636E-1 2.39101E-1 2.42194E-1 2.43647E-1 2.46566E-1 2.56893E-1 2.61721E-1 2.61307E-1 2.53631E-1 2.62339E-1 2.59813E-1 2.66175E-1 2.72713E-1 2.78321E-1 3.01528E-1 3.2019E-1 3.24751E-1 3.45576E-1 3.42103E-1 3.28199E-1 3.22741E-1 3.33205E-1 3.38851E-1 3.55322E-1 3.73334E-1 3.86152E-1 3.82482E-1 3.64237E-1 3.58052E-1 3.67981E-1 3.66741E-1 3.65312E-1 3.58248E-1 3.47424E-1 3.68125E-1 3.95417E-1 4.25029E-1 4.41682E-1 4.52179E-1
1.88534E-1 1.88046E-1 1.87697E-1 1.86855E-1 1.88406E-1 1.90849E-1 1.94849E-1 2.00516E-1 2.01017E-1 2.08945E-1 2.0836E-1 2.05619E-1 2.02572E-1 1.95069E-1 1.97783E-1 1.93634E-1 1.9012E-1 1.97069E-1 1.99253E-1 2.02063E-1 2.0783E-1 2.22851E-1 2.32541E-1 2.39975E-1 2.43005E-1 2.48031E-1 2.52132E-1 2.59867E-1 2.66527E-1 2.78321E-1 2.75139E-1 2.77763E-1 2.7827E-1 2.81328E-1 2.82309E-1 2.88625E-1 3.03054E-1 3.12618E-1 3.27544E-1 3.31336E-1 3.40039E-1 3.46194E-1 3.53348E-1 3.48604E-1 3.52891E-1 3.75836E-1 3.86699E-1 3.99778E-1 3.94888E-1 3.96008E-1 3.86952E-1 3.84597E-1 3.826E-1 3.79852E-1 3.75745E-1 3.73228E-1 3.94127E-1 4.17898E-1 4.41187E-1 4.65188E-1 4.79424E-1
1.8778E-1 1.96398E-1 1.96898E-1 1.9891E-1 1.92423E-1 1.96696E-1 2.06014E-1 2.10521E-1 2.15632E-1 2.14479E-1 2.10259E-1 2.09419E-1 2.0532E-1 2.03544E-1 1.99525E-1 1.92273E-1 1.93054E-1 2.01354E-1 2.02484E-1 2.00968E-1 2.10908E-1 2.18934E-1 2.29927E-1 2.37164E-1 2.44575E-1 2.49636E-1 2.57236E-1 2.65309E-1 2.69292E-1 2.86135E-1 2.93668E-1 2.94793E-1 3.0261E-1 3.04773E-1 3.06575E-1 3.12033E-1 3.14281E-1 3.21802E-1 3.32071E-1 3.37937E-1 3.53418E-1 3.60882E-1 3.60051E-1 3.62206E-1 3.58876E-1 3.7336E-1 3.86516E-1 3.95898E-1 4.08035E-1 4.1891E-1 4.15677E-1 4.06855E-1 4.08186E-1 4.03537E-1 3.94001E-1 4.01954E-1 4.20896E-1 4.43404E-1 4.66348E-1 4.83669E-1 4.94748E-1
1.92554E-1 2.00207E-1 2.07892E-1 2.07374E-1 2.03964E-1 2.05027E-1 2.09488E-1 2.12433E-1 2.17045E-1 2.16738E-1 2.15654E-1 2.09721E-1 2.11874E-1 2.08394E-1 1.99481E-1 1.99046E-1 2.01926E-1 2.12138E-1 2.09278E-1 2.07725E-1 2.12709E-1 2.25246E-1 2.3254E-1 2.45562E-1 2.53431E-1 2.5266E-1 2.61008E-1 2.68096E-1 2.81398E-1 2.92108E-1 2.99717E-1 3.07905E-1 3.16665E-1 3.31526E-1 3.32893E-1 3.24811E-1 3.31936E-1 3.30783E-1 3.35228E-1 3.44955E-1 3.51648E-1 3.58072E-1 3.64193E-1 3.60582E-1 3.60317E-1 3.68402E-1 3.82185E-1 3.93984E-1 4.0883E-1 4.2022E-1 4.28744E-1 4.23554E-1 4.27623E-1 4.26597E-1 4.27588E-1 4.31528E-1 4.52088E-1 4.75485E-1 4.92553E-1 5.03227E-1 5.11663E-1
2.00517E-1 2.06236E-1 2.12965E-1 2.09161E-1 2.1038E-1 2.11728E-1 2.09809E-1 2.15351E-1 2.187E-1 2.19148E-1 2.19303E-1 2.2295E-1 2.19791E-1 2.11248E-1 2.01812E-1 2.05923E-1 2.13176E-1 2.18078E-1 2.18659E-1 2.19913E-1 2.2609E-1 2.38564E-1 2.44801E-1 2.53674E-1 2.63592E-1 2.65034E-1 2.76888E-1 2.81522E-1 2.91315E-1 2.98729E-1 3.00065E-1 3.07761E-1 3.21145E-1 3.32896E-1 3.40394E-1 3.47151E-1 3.47832E-1 3.50889E-1 3.42537E-1 3.50068E-1 3.47508E-1 3.49561E-1 3.59021E-1 3.74281E-1 3.68783E-1 3.78101E-1 3.84049E-1 3.96764E-1 4.18825E-1 4.20844E-1 4.29742E-1 4.45119E-1 4.55832E-1 4.60373E-1 4.63868E-1 4.65985E-1 4.80541E-1 4.99925E-1 5.11716E-1 5.19176E-1 5.17666E-1
2.02944E-1 2.07534E-1 2.15669E-1 2.18599E-1 2.21179E-1 2.19645E-1 2.12049E-1 2.12643E-1 2.14575E-1 2.15014E-1 2.2252E-1 2.31783E-1 2.27545E-1 2.17833E-1 2.19635E-1 2.08769E-1 2.11401E-1 2.13349E-1 2.20653E-1 2.31822E-1 2.39927E-1 2.44641E-1 2.46059E-1 2.51851E-1 2.68081E-1 2.73061E-1 2.79852E-1 2.92043E-1 2.96476E-1 3.06229E-1 3.04338E-1 3.07135E-1 3.26577E-1 3.32586E-1 3.44583E-1 3.46987E-1 3.48107E-1 3.44465E-1 3.47838E-1 3.42993E-1 3.36199E-1 3.43825E-1 3.61354E-1 3.76004E-1 3.85219E-1 3.86339E-1 3.93357E-1 4.12358E-1 4.22321E-1 4.33351E-1 4.41119E-1 4.55022E-1 4.72609E-1 4.95273E-1 5.04926E-1 5.14741E-1 5.18732E-1 5.24149E-1 5.1881E-1 5.15166E-1 5.15081E-1
2.05079E-1 2.08174E-1 2.15621E-1 2.22974E-1 2.19651E-1 2.16247E-1 2.14396E-1 2.07937E-1 2.10594E-1 2.13161E-1 2.25474E-1 2.38499E-1 2.30272E-1 2.25639E-1 2.24584E-1 2.17247E-1 2.06843E-1 2.12232E-1 2.23501E-1 2.31478E-1 2.4142E-1 2.38918E-1 2.39843E-1 2.4796E-1 2.6576E-1 2.80101E-1 2.84286E-1 2.83393E-1 2.91498E-1 3.02318E-1 3.05246E-1 3.1076E-1 3.2319E-1 3.41741E-1 3.44027E-1 3.57203E-1 3.50511E-1 3.45186E-1 3.48941E-1 3.38312E-1 3.31465E-1 3.29391E-1 3.48929E-1 3.8467E-1 3.93162E-1 3.95794E-1 4.01875E-1 4.19731E-1 4.36451E-1 4.47852E-1 4.66197E-1 4.79405E-1 4.94358E-1 5.13306E-1 5.41105E-1 5.56997E-1 5.52186E-1 5.48282E-1 5.40451E-1 5.25544E-1 5.10477E-1
2.0458E-1 2.03456E-1 2.1291E-1 2.14755E-1 2.15641E-1 2.11713E-1 2.11102E-1 2.1123E-1 2.12098E-1 2.07761E-1 2.2272E-1 2.32741E-1 2.38014E-1 2.34092E-1 2.18849E-1 2.15452E-1 2.106E-1 2.15549E-1 2.25025E-1 2.25257E-1 2.31864E-1 2.37058E-1 2.34454E-1 2.4565E-1 2.68317E-1 2.81348E-1 2.83835E-1 2.82421E-1 2.928E-1 3.05325E-1 3.11647E-1 3.16925E-1 3.30013E-1 3.41314E-1 3.54555E-1 3.56747E-1 3.55774E-1 3.52447E-1 3.55865E-1 3.58636E-1 3.4609E-1 3.28269E-1 3.52899E-1 3.80558E-1 3.98979E-1 4.00581E-1 4.0821E-1 4.21275E-1 4.49175E-1 4.63204E-1 4.82499E-1 5.02345E-1 5.29131E-1 5.4808E-1 5.70532E-1 5.71359E-1 5.68183E-1 5.75019E-1 5.55324E-1 5.41245E-1 5.31155E-1
2.0542E-1 2.10273E-1 2.13787E-1 2.18308E-1 2.17325E-1 2.12284E-1 2.15831E-1 2.21022E-1 2.20123E-1 2.1617E-1 2.22463E-1 2.32636E-1 2.47819E-1 2.52479E-1 2.19179E-1 2.13888E-1 2.25247E-1 2.26336E-1 2.23569E-1 2.20101E-1 2.2247E-1 2.31121E-1 2.34329E-1 2.47837E-1 2.64487E-1 2.79453E-1 2.85601E-1 2.88377E-1 2.9343E-1 3.13268E-1 3.27944E-1 3.33587E-1 3.40096E-1 3.54245E-1 3.65698E-1 3.66596E-1 3.63838E-1 3.63923E-1 3.67234E-1 3.76079E-1 3.77825E-1 3.6904E-1 3.79046E-1 3.96051E-1 4.0408E-1 4.05317E-1 4.20961E-1 4.37414E-1 4.6176E-1 4.87149E-1 5.06144E-1 5.30892E-1 5.61335E-1 5.72073E-1 5.81685E-1 5.82798E-1 5.7685E-1 5.85792E-1 5.82218E-1 5.68795E-1 5.54483E-1
2.08728E-1 2.1673E-1 2.286E-1 2.22667E-1 2.21204E-1 2.1775E-1 2.20664E-1 2.22818E-1 2.24831E-1 2.22929E-1 2.29187E-1 2.3578E-1 2.44196E-1 2.51731E-1 2.29002E-1 2.20824E-1 2.30401E-1 2.30682E-1 2.26056E-1 2.22403E-1 2.30425E-1 2.34502E-1 2.38379E-1 2.53221E-1 2.70284E-1 2.82372E-1 2.96828E-1 3.01923E-1 3.19376E-1 3.36275E-1 3.38806E-1 3.45878E-1 3.60026E-1 3.62376E-1 3.72944E-1 3.87897E-1 3.98236E-1 3.73606E-1 3.77552E-1 3.89592E-1 4.06469E-1 4.02489E-1 4.06471E-1 4.11594E-1 4.17915E-1 4.29356E-1 4.45012E-1 4.57533E-1 4.8028E-1 4.98794E-1 5.30576E-1 5.57281E-1 5.72207E-1 5.79372E-1 5.80958E-1 5.84277E-1 5.80252E-1 5.89937E-1 6.01287E-1 5.96821E-1 5.93255E-1
2.16303E-1 2.22337E-1 2.29149E-1 2.3071E-1 2.27662E-1 2.27869E-1 2.24527E-1 2.24789E-1 2.25985E-1 2.25472E-1 2.26168E-1 2.2788E-1 2.30801E-1 2.38979E-1 2.3335E-1 2.29482E-1 2.27018E-1 2.31454E-1 2.30068E-1 2.40451E-1 2.45443E-1 2.45371E-1 2.50252E-1 2.59042E-1 2.78717E-1 3.04319E-1 3.12871E-1 3.23016E-1 3.31254E-1 3.47044E-1 3.49858E-1 3.58445E-1 3.63958E-1 3.69852E-1 3.81132E-1 3.89812E-1 3.86518E-1 3.80709E-1 3.82387E-1 3.937E-1 4.16707E-1 4.26399E-1 4.29141E-1 4.43906E-1 4.55515E-1 4.64691E-1 4.88863E-1 4.91711E-1 4.96241E-1 5.09413E-1 5.5276E-1 5.71528E-1 5.83618E-1 6.00579E-1 6.01697E-1 5.96691E-1 5.88962E-1 5.91883E-1 6.15513E-1 6.24764E-1 6.43461E-1
2.17521E-1 2.18729E-1 2.27483E-1 2.29844E-1 2.3044E-1 2.2904E-1 2.31354E-1 2.27578E-1 2.2855E-1 2.26402E-1 2.34035E-1 2.31799E-1 2.34899E-1 2.43329E-1 2.42132E-1 2.3844E-1 2.38127E-1 2.37853E-1 2.41006E-1 2.43854E-1 2.508E-1 2.61785E-1 2.73963E-1 2.80868E-1 2.95806E-1 3.10942E-1 3.19404E-1 3.33345E-1 3.39588E-1 3.57027E-1 3.63052E-1 3.67969E-1 3.73201E-1 3.73609E-1 3.83303E-1 3.82307E-1 3.91585E-1 3.91858E-1 3.97752E-1 4.05403E-1 4.19732E-1 4.43711E-1 4.63022E-1 4.82909E-1 4.93254E-1 5.15723E-1 5.27162E-1 5.20623E-1 5.23011E-1 5.35165E-1 5.57424E-1 5.87151E-1 5.96023E-1 5.98114E-1 6.00352E-1 6.11005E-1 6.03149E-1 6.15963E-1 6.29935E-1 6.5533E-1 6.80553E-1
2.16559E-1 2.17541E-1 2.22212E-1 2.29164E-1 2.31425E-1 2.3568E-1 2.34242E-1 2.36507E-1 2.33185E-1 2.38254E-1 2.4109E-1 2.49774E-1 2.62799E-1 2.64412E-1 2.55447E-1 2.57387E-1 2.54784E-1 2.5219E-1 2.56795E-1 2.61098E-1 2.62695E-1 2.73036E-1 2.99029E-1 2.94099E-1 3.06946E-1 3.35414E-1 3.39998E-1 3.43186E-1 3.58141E-1 3.70244E-1 3.83283E-1 3.86294E-1 3.92436E-1 3.8316E-1 3.95657E-1 3.9545E-1 4.04878E-1 4.0415E-1 4.16853E-1 4.34745E-1 4.52206E-1 4.63164E-1 4.9108E-1 5.13618E-1 5.23077E-1 5.37125E-1 5.3734E-1 5.38286E-1 5.427E-1 5.59704E-1 5.8518E-1 5.97119E-1 6.04042E-1 6.18673E-1 6.15596E-1 6.31595E-1 6.31959E-1 6.33676E-1 6.62993E-1 6.99337E-1 7.31068E-1
2.15945E-1 2.21875E-1 2.2743E-1 2.29912E-1 2.38007E-1 2.42122E-1 2.39015E-1 2.38468E-1 2.43911E-1 2.42399E-1 2.54051E-1 2.64184E-1 2.79471E-1 2.76701E-1 2.69741E-1 2.66862E-1 2.73157E-1 2.75348E-1 2.81282E-1 2.83223E-1 2.85776E-1 2.96465E-1 3.19028E-1 3.21215E-1 3.24297E-1 3.54646E-1 3.49069E-1 3.49195E-1 3.65074E-1 3.83926E-1 4.03578E-1 4.14577E-1 4.21543E-1 4.20438E-1 4.33958E-1 4.27063E-1 4.25213E-1 4.38457E-1 4.42574E-1 4.62695E-1 4.78486E-1 4.86978E-1 5.08165E-1 5.30225E-1 5.41321E-1 5.392E-1 5.40179E-1 5.43632E-1 5.59613E-1 5.78312E-1 6.00385E-1 6.18237E-1 6.33749E-1 6.39794E-1 6.4589E-1 6.62692E-1 6.71467E-1 6.88937E-1 6.95192E-1 7.34491E-1 7.67908E-1
2.30548E-1 2.33884E-1 2.37309E-1 2.3953E-1 2.42805E-1 2.47109E-1 2.51263E-1 2.5203E-1 2.54714E-1 2.54217E-1 2.62566E-1 2.70964E-1 2.85109E-1 2.78971E-1 2.82423E-1 2.83376E-1 2.90202E-1 2.88494E-1 2.83931E-1 2.87854E-1 2.92095E-1 3.02899E-1 3.19444E-1 3.46977E-1 3.63391E-1 3.54329E-1 3.49959E-1 3.62483E-1 3.79105E-1 3.95864E-1 4.10945E-1 4.39663E-1 4.42538E-1 4.51572E-1 4.50036E-1 4.53488E-1 4.64933E-1 4.84006E-1 4.83737E-1 5.08121E-1 5.10003E-1 5.08587E-1 5.28015E-1 5.41852E-1 5.40395E-1 5.4137E-1 5.41982E-1 5.47525E-1 5.76013E-1 6.0455E-1 6.22321E-1 6.3662E-1 6.54577E-1 6.78693E-1 6.96328E-1 6.9807E-1 7.23576E-1 7.46181E-1 7.51525E-1 7.65476E-1 7.88892E-1
2.4171E-1 2.51085E-1 2.42045E-1 2.44371E-1 2.53395E-1 2.59577E-1 2.63987E-1 2.66231E-1 2.68797E-1 2.76216E-1 2.79763E-1 2.89675E-1 2.86985E-1 2.89104E-1 2.88245E-1 2.99822E-1 2.95453E-1 2.97673E-1 2.91785E-1 2.93096E-1 3.03244E-1 3.18493E-1 3.33671E-1 3.48785E-1 3.62351E-1 3.55018E-1 3.5462E-1 3.67446E-1 3.98665E-1 4.09662E-1 4.24843E-1 4.42352E-1 4.42342E-1 4.46632E-1 4.61864E-1 4.75302E-1 5.08312E-1 5.10934E-1 5.11883E-1 5.23819E-1 5.20053E-1 5.15577E-1 5.38464E-1 5.59356E-1 5.63089E-1 5.52452E-1 5.3996E-1 5.54154E-1 5.87005E-1 6.249E-1 6.42852E-1 6.56676E-1 6.80284E-1 7.05197E-1 7.15972E-1 7.3854E-1 7.58967E-1 7.81641E-1 7.7797E-1 7.88185E-1 8.0782E-1
2.41826E-1 2.49813E-1 2.44352E-1 2.42986E-1 2.50885E-1 2.6321E-1 2.79903E-1 2.77032E-1 2.8508E-1 2.89775E-1 2.99887E-1 3.06052E-1 3.01517E-1 2.95858E-1 2.94822E-1 3.03082E-1 2.97802E-1 3.04233E-1 3.09999E-1 3.20683E-1 3.31153E-1 3.45058E-1 3.58625E-1 3.72546E-1 3.69482E-1 3.70985E-1 3.77968E-1 3.91174E-1 4.17434E-1 4.35336E-1 4.49154E-1 4.56564E-1 4.43994E-1 4.44504E-1 4.56948E-1 4.84647E-1 5.16495E-1 5.13902E-1 5.10397E-1 5.13212E-1 5.13021E-1 5.11194E-1 5.44572E-1 5.75365E-1 5.82034E-1 5.7852E-1 5.63911E-1 5.76311E-1 6.15151E-1 6.50817E-1 6.69679E-1 6.88638E-1 7.10673E-1 7.33144E-1 7.51384E-1 7.70877E-1 7.88002E-1 7.87265E-1 7.96239E-1 7.87625E-1 7.94764E-1
2.42738E-1 2.47244E-1 2.53668E-1 2.56056E-1 2.60566E-1 2.69872E-1 2.90092E-1 2.88436E-1 2.86523E-1 2.86634E-1 2.95119E-1 3.08002E-1 3.04329E-1 3.00961E-1 2.97012E-1 3.06818E-1 3.07885E-1 3.03136E-1 3.25053E-1 3.46126E-1 3.66996E-1 3.81641E-1 3.90333E-1 4.04748E-1 4.05522E-1 4.02673E-1 4.15109E-1 4.25453E-1 4.47164E-1 4.70622E-1 4.89422E-1 4.80575E-1 4.58919E-1 4.48782E-1 4.74826E-1 5.01143E-1 5.25924E-1 5.245E-1 5.21256E-1 5.18501E-1 5.15036E-1 5.21044E-1 5.52491E-1 5.7399E-1 5.97571E-1 6.12246E-1 6.19993E-1 6.18745E-1 6.55246E-1 6.8866E-1 7.15188E-1 7.36095E-1 7.44921E-1 7.61873E-1 7.56634E-1 7.72882E-1 7.55949E-1 7.7048E-1 7.76312E-1 7.64546E-1 7.87568E-1
2.4815E-1 2.51078E-1 2.52197E-1 2.57187E-1 2.64936E-1 2.80051E-1 2.91537E-1 2.90944E-1 2.91765E-1 2.8775E-1 2.96274E-1 2.99711E-1 3.08959E-1 3.07486E-1 3.08296E-1 3.32749E-1 3.34016E-1 3.29311E-1 3.44778E-1 3.72145E-1 3.98288E-1 4.11228E-1 4.12137E-1 4.29296E-1 4.35476E-1 4.4483E-1 4.53921E-1 4.5396E-1 4.85867E-1 4.9999E-1 5.09132E-1 5.11601E-1 5.01613E-1 5.01476E-1 5.2062E-1 5.45493E-1 5.46612E-1 5.40645E-1 5.36228E-1 5.35859E-1 5.35406E-1 5.43588E-1 5.68326E-1 5.85987E-1 6.17347E-1 6.44567E-1 6.67272E-1 6.77796E-1 6.93534E-1 7.27428E-1 7.58757E-1 7.82737E-1 7.99949E-1 8.00141E-1 7.8053E-1 7.52212E-1 7.58381E-1 7.68705E-1 7.91724E-1 7.8918E-1 8.1983E-1
2.58673E-1 2.60917E-1 2.59274E-1 2.58974E-1 2.65638E-1 2.7783E-1 2.83468E-1 2.91085E-1 2.94566E-1 3.0135E-1 3.01257E-1 3.02783E-1 3.07991E-1 3.13594E-1 3.24409E-1 3.37992E-1 3.46778E-1 3.50662E-1 3.68912E-1 3.92142E-1 4.1072E-1 4.21836E-1 4.25486E-1 4.66394E-1 4.64991E-1 4.76562E-1 4.92783E-1 5.10153E-1 5.10079E-1 5.19143E-1 5.32986E-1 5.44217E-1 5.52687E-1 5.65471E-1 5.79242E-1 5.91973E-1 6.02256E-1 5.72506E-1 5.64395E-1 5.75808E-1 5.69983E-1 5.86855E-1 5.97519E-1 6.16459E-1 6.44494E-1 6.76033E-1 7.02032E-1 7.04451E-1 7.3035E-1 7.52735E-1 7.88495E-1 8.148E-1 8.31942E-1 8.40423E-1 8.10499E-1 7.70172E-1 7.48407E-1 7.82336E-1 8.08781E-1 8.32176E-1 8.48318E-1
2.6185E-1 2.53228E-1 2.60466E-1 2.59688E-1 2.66902E-1 2.76485E-1 2.83864E-1 2.89337E-1 2.98339E-1 3.1401E-1 3.10816E-1 3.16211E-1 3.11038E-1 3.15645E-1 3.2988E-1 3.45257E-1 3.60436E-1 3.69835E-1 3.75884E-1 3.96088E-1 4.16801E-1 4.13537E-1 4.46678E-1 4.75419E-1 4.86443E-1 4.90159E-1 5.13032E-1 5.27916E-1 5.34032E-1 5.31162E-1 5.57173E-1 5.64205E-1 5.81374E-1 6.33276E-1 6.32167E-1 5.97918E-1 5.79757E-1 5.96146E-1 5.88358E-1 5.90168E-1 6.2072E-1 6.48641E-1 6.4377E-1 6.72704E-1 6.66541E-1 6.94905E-1 7.226E-1 7.39112E-1 7.65827E-1 7.96965E-1 8.22138E-1 8.41107E-1 8.6135E-1 8.73917E-1 8.46661E-1 8.06729E-1 7.7883E-1 8.04892E-1 8.21203E-1 8.41279E-1 8.61838E-1
2.57804E-1 2.53405E-1 2.52074E-1 2.61928E-1 2.67083E-1 2.73359E-1 2.80203E-1 2.94604E-1 3.03449E-1 3.03121E-1 3.07338E-1 3.14444E-1 3.22239E-1 3.20774E-1 3.34973E-1 3.50456E-1 3.68472E-1 3.87194E-1 4.05138E-1 4.05471E-1 4.03831E-1 4.14639E-1 4.43E-1 4.68011E-1 4.92405E-1 5.25109E-1 5.4217E-1 5.49975E-1 5.51997E-1 5.55357E-1 5.59494E-1 5.71603E-1 6.08876E-1 6.3674E-1 6.38945E-1 6.296E-1 6.24179E-1 6.28225E-1 6.15767E-1 6.00312E-1 6.19182E-1 6.36523E-1 6.62117E-1 6.92306E-1 6.98273E-1 7.08473E-1 7.394E-1 7.71536E-1 7.98074E-1 8.24261E-1 8.49068E-1 8.41021E-1 8.68422E-1 8.66425E-1 8.43583E-1 8.18798E-1 8.0549E-1 8.16642E-1 8.26273E-1 8.48764E-1 8.65167E-1
2.5261E-1 2.45943E-1 2.48909E-1 2.53148E-1 2.64892E-1 2.71912E-1 2.84038E-1 2.87477E-1 2.95294E-1 3.03817E-1 3.08499E-1 3.17495E-1 3.21477E-1 3.32485E-1 3.34299E-1 3.47822E-1 3.54311E-1 3.79009E-1 3.936E-1 3.96675E-1 3.98109E-1 4.20479E-1 4.50431E-1 4.78069E-1 5.01782E-1 5.53695E-1 5.67776E-1 5.71859E-1 5.68771E-1 5.69293E-1 5.82044E-1 5.95609E-1 6.20349E-1 6.41168E-1 6.43621E-1 6.50237E-1 6.44803E-1 6.44179E-1 6.22611E-1 6.17866E-1 6.16575E-1 6.39507E-1 6.87984E-1 6.97197E-1 7.15498E-1 7.32139E-1 7.47467E-1 7.68265E-1 8.09321E-1 8.4275E-1 8.60218E-1 8.42442E-1 8.51612E-1 8.63234E-1 8.40031E-1 8.29466E-1 8.24884E-1 8.25061E-1 8.35116E-1 8.58943E-1 8.63054E-1
