maxent_outputs/red_flowers_troch_bombus_environ/red_329.asc
ncols         426
nrows         180
xllcorner     -130.0
yllcorner     24.0
cellsize      0.16666666666666666
NODATA_value  -9999
[rows 0 to 26 of 180, columns 61 to 121 of 426]
1.56496E-2 1.64893E-2 1.99049E-2 1.95163E-2 1.71761E-2 1.77882E-2 1.70208E-2 1.60791E-2 1.55619E-2 1.51403E-2 1.39342E-2 1.22581E-2 1.22815E-2 1.17711E-2 1.07338E-2 1.04642E-2 1.05844E-2 1.07455E-2 1.12573E-2 1.06881E-2 1.00607E-2 9.87736E-3 9.40891E-3 8.20773E-3 8.32693E-3 8.52013E-3 7.80848E-3 6.51044E-3 6.16013E-3 5.87361E-3 5.85699E-3 6.0832E-3 6.54082E-3 6.342E-3 6.40898E-3 6.03904E-3 5.91578E-3 5.68413E-3 5.80167E-3 5.77143E-3 5.48054E-3 5.54544E-3 5.40138E-3 5.42506E-3 5.40172E-3 5.29807E-3 5.374E-3 5.37187E-3 5.23347E-3 5.0695E-3 5.0167E-3 5.15058E-3 4.99895E-3 4.92627E-3 4.88832E-3 4.75404E-3 4.75257E-3 4.73818E-3 4.8257E-3 4.73915E-3 4.84874E-3
1.51268E-2 1.58717E-2 1.75484E-2 1.76201E-2 1.79412E-2 1.89135E-2 1.82788E-2 1.84589E-2 1.67691E-2 1.55009E-2 1.47445E-2 1.38379E-2 1.34374E-2 1.27328E-2 1.23271E-2 1.16733E-2 1.12077E-2 1.13759E-2 1.05535E-2 1.0249E-2 9.4962E-3 8.2373E-3 7.54719E-3 7.10545E-3 7.13871E-3 6.97735E-3 7.58965E-3 6.85843E-3 6.81287E-3 6.84462E-3 7.16191E-3 7.1633E-3 7.36315E-3 6.78452E-3 7.06299E-3 6.68761E-3 5.89433E-3 6.00781E-3 5.86879E-3 5.98016E-3 6.15556E-3 6.37229E-3 6.52888E-3 5.95577E-3 5.88892E-3 5.77316E-3 5.43162E-3 5.43716E-3 5.32001E-3 5.34485E-3 5.32852E-3 5.20098E-3 4.99698E-3 4.98653E-3 4.95392E-3 4.76862E-3 4.59784E-3 4.60465E-3 4.58109E-3 4.52865E-3 4.63298E-3
1.51734E-2 1.56784E-2 1.62121E-2 1.69643E-2 1.68754E-2 1.759E-2 1.85083E-2 1.90039E-2 1.91158E-2 1.82721E-2 1.52843E-2 1.42827E-2 1.39144E-2 1.40358E-2 1.23401E-2 1.14669E-2 1.13595E-2 1.09922E-2 1.03483E-2 9.29494E-3 8.72354E-3 8.49804E-3 8.31109E-3 8.32226E-3 7.89554E-3 7.88296E-3 7.57919E-3 6.91542E-3 6.67507E-3 6.77172E-3 7.4512E-3 7.80393E-3 7.67616E-3 7.38099E-3 7.56214E-3 7.33262E-3 6.84487E-3 7.89538E-3 8.03112E-3 7.31545E-3 6.89191E-3 6.94228E-3 6.75424E-3 6.17577E-3 5.89185E-3 5.95987E-3 5.66894E-3 5.62921E-3 5.74095E-3 5.6417E-3 5.41824E-3 5.35455E-3 5.38363E-3 5.11198E-3 5.00563E-3 4.88398E-3 4.73198E-3 4.77243E-3 4.64213E-3 4.45249E-3 4.29498E-3
1.46884E-2 1.57239E-2 1.59732E-2 1.58471E-2 1.68284E-2 1.62125E-2 1.65212E-2 1.79194E-2 1.74226E-2 1.89745E-2 1.80203E-2 1.47646E-2 1.33252E-2 1.22715E-2 1.24619E-2 1.21851E-2 1.16803E-2 1.10975E-2 1.04252E-2 9.67388E-3 1.01687E-2 1.00745E-2 9.53777E-3 9.3818E-3 9.3672E-3 9.04315E-3 8.84396E-3 8.08959E-3 7.76657E-3 7.23435E-3 6.8536E-3 7.32526E-3 8.08962E-3 7.25848E-3 7.14546E-3 6.61575E-3 7.00672E-3 7.28748E-3 7.43273E-3 7.02546E-3 7.33164E-3 7.22024E-3 7.15098E-3 6.95186E-3 6.03681E-3 5.97344E-3 5.8556E-3 5.72776E-3 5.74554E-3 5.71712E-3 5.70146E-3 5.52589E-3 5.35759E-3 5.19317E-3 5.10048E-3 5.01074E-3 5.02805E-3 5.09979E-3 4.9634E-3 4.78319E-3 4.64626E-3
1.78491E-2 1.58423E-2 1.47876E-2 1.58773E-2 1.58756E-2 1.48608E-2 1.64519E-2 1.73988E-2 1.93715E-2 1.74522E-2 1.77449E-2 1.48052E-2 1.46479E-2 1.47012E-2 1.35332E-2 1.28567E-2 1.25929E-2 1.17024E-2 1.13466E-2 1.0171E-2 1.06465E-2 1.05872E-2 1.0288E-2 9.8314E-3 9.15028E-3 8.92639E-3 8.5204E-3 8.18328E-3 7.62222E-3 7.48105E-3 7.413E-3 7.6793E-3 8.06396E-3 8.14882E-3 7.81639E-3 7.57088E-3 7.48699E-3 7.38766E-3 7.04941E-3 6.70177E-3 6.7443E-3 7.11751E-3 7.22405E-3 7.0377E-3 6.74582E-3 6.48527E-3 6.29059E-3 5.94566E-3 5.96024E-3 6.06072E-3 5.90805E-3 6.01534E-3 5.70563E-3 5.63673E-3 5.44475E-3 5.42045E-3 5.36076E-3 5.35611E-3 5.25634E-3 5.12186E-3 4.89361E-3
1.57613E-2 1.6582E-2 1.69513E-2 1.53669E-2 1.73408E-2 1.45229E-2 1.48565E-2 1.54019E-2 1.58447E-2 1.79797E-2 1.60411E-2 1.69432E-2 1.79118E-2 1.79212E-2 1.6363E-2 1.4552E-2 1.41738E-2 1.38319E-2 1.25666E-2 1.17382E-2 1.16154E-2 1.12819E-2 1.0972E-2 1.05554E-2 9.7952E-3 9.24555E-3 9.4006E-3 8.86487E-3 8.51385E-3 8.14211E-3 8.25312E-3 8.31121E-3 8.40435E-3 8.65515E-3 8.82276E-3 8.57732E-3 8.24071E-3 7.88791E-3 7.39917E-3 7.0981E-3 6.93104E-3 6.66666E-3 6.69943E-3 6.78731E-3 6.5581E-3 6.38768E-3 6.37172E-3 6.06466E-3 6.13948E-3 6.32068E-3 6.20514E-3 6.03805E-3 5.57354E-3 5.56145E-3 5.54798E-3 5.47309E-3 5.45488E-3 5.31574E-3 5.25012E-3 5.1506E-3 5.07484E-3
1.78628E-2 1.69289E-2 1.48564E-2 1.77219E-2 1.70845E-2 1.61403E-2 1.6323E-2 1.60093E-2 1.65423E-2 1.7894E-2 1.52089E-2 1.921E-2 1.74747E-2 1.75089E-2 1.79662E-2 1.84938E-2 1.67881E-2 1.50241E-2 1.37651E-2 1.29275E-2 1.23413E-2 1.15133E-2 1.11023E-2 1.06455E-2 1.00801E-2 9.46767E-3 9.54678E-3 9.42492E-3 9.55112E-3 8.40064E-3 8.84618E-3 8.73752E-3 8.8062E-3 8.72673E-3 8.8425E-3 8.34223E-3 8.22781E-3 8.21064E-3 7.91282E-3 7.49797E-3 7.43668E-3 7.12181E-3 7.11093E-3 6.70609E-3 6.36968E-3 6.28193E-3 6.35285E-3 6.09741E-3 6.02625E-3 6.40361E-3 6.34399E-3 6.15778E-3 5.86552E-3 5.76202E-3 5.66519E-3 5.57283E-3 5.61046E-3 5.23827E-3 5.05737E-3 5.13882E-3 5.18551E-3
1.83722E-2 1.74013E-2 1.7574E-2 1.57128E-2 1.71564E-2 1.7336E-2 1.71585E-2 1.83983E-2 1.85419E-2 1.74819E-2 1.71035E-2 1.65826E-2 1.71309E-2 1.59975E-2 1.78292E-2 1.94532E-2 1.94572E-2 1.69815E-2 1.52069E-2 1.47292E-2 1.3311E-2 1.191E-2 1.13272E-2 1.117E-2 1.06906E-2 1.05234E-2 1.02512E-2 1.00365E-2 9.88901E-3 9.74694E-3 9.6854E-3 8.89805E-3 8.52094E-3 8.19997E-3 8.67805E-3 8.54247E-3 8.16652E-3 8.31183E-3 8.27849E-3 8.14795E-3 8.14754E-3 7.85152E-3 7.88412E-3 7.78618E-3 7.27378E-3 6.95326E-3 6.74404E-3 6.48189E-3 6.43449E-3 6.23725E-3 6.13476E-3 6.18722E-3 5.96291E-3 5.83833E-3 5.70896E-3 5.84799E-3 5.61771E-3 5.36684E-3 5.4055E-3 5.24273E-3 5.39774E-3
1.55325E-2 1.55718E-2 1.69012E-2 1.81653E-2 1.74624E-2 1.6139E-2 1.71256E-2 1.73172E-2 1.51255E-2 1.56156E-2 1.69967E-2 1.51399E-2 1.60931E-2 1.55299E-2 1.59829E-2 1.68014E-2 1.78723E-2 1.7271E-2 1.80259E-2 1.75728E-2 1.50411E-2 1.37395E-2 1.32916E-2 1.27627E-2 1.21971E-2 1.09333E-2 1.06259E-2 1.03531E-2 9.84945E-3 9.93799E-3 9.69019E-3 8.8476E-3 8.01411E-3 8.53517E-3 8.87739E-3 9.01188E-3 8.48537E-3 8.7657E-3 8.77187E-3 8.62175E-3 8.51976E-3 8.2717E-3 8.05202E-3 8.07629E-3 7.73342E-3 7.64847E-3 7.32383E-3 6.94842E-3 6.72227E-3 6.88748E-3 6.85837E-3 6.80518E-3 6.66456E-3 6.35138E-3 6.1199E-3 6.11156E-3 6.01784E-3 5.85451E-3 6.05769E-3 5.91938E-3 5.80804E-3
1.72571E-2 1.70696E-2 1.74399E-2 1.63404E-2 1.75944E-2 1.80166E-2 1.64094E-2 1.81651E-2 1.74016E-2 1.4555E-2 1.55275E-2 1.37931E-2 1.5204E-2 1.56226E-2 1.4907E-2 1.63023E-2 1.67424E-2 1.88753E-2 1.88149E-2 1.93346E-2 1.65982E-2 1.40627E-2 1.38832E-2 1.35879E-2 1.31646E-2 1.18665E-2 1.14532E-2 1.08751E-2 1.03863E-2 9.20212E-3 7.94289E-3 8.30448E-3 8.27843E-3 9.11058E-3 9.00402E-3 8.88821E-3 8.70051E-3 9.18197E-3 8.86371E-3 8.77748E-3 8.48071E-3 8.80804E-3 8.51547E-3 8.26139E-3 7.85707E-3 8.05909E-3 8.42324E-3 7.79524E-3 7.32535E-3 6.9146E-3 6.92151E-3 6.80999E-3 6.75957E-3 6.48032E-3 6.14336E-3 6.20325E-3 5.93815E-3 5.97425E-3 5.87922E-3 5.79996E-3 6.01738E-3
1.74986E-2 1.7946E-2 1.68809E-2 1.57776E-2 1.87982E-2 1.64782E-2 1.70319E-2 1.70755E-2 1.64501E-2 1.3427E-2 1.52542E-2 1.51523E-2 1.62903E-2 1.54342E-2 1.73411E-2 1.72257E-2 1.59192E-2 1.69395E-2 1.72418E-2 1.93103E-2 1.67747E-2 1.72367E-2 1.61588E-2 1.50768E-2 1.40314E-2 1.34835E-2 1.28476E-2 1.19416E-2 1.08492E-2 9.96072E-3 9.11399E-3 8.77319E-3 8.31725E-3 7.69656E-3 8.75521E-3 8.69322E-3 9.2845E-3 9.58965E-3 9.19544E-3 8.98196E-3 8.99533E-3 8.89945E-3 8.77875E-3 8.68141E-3 8.36406E-3 8.00819E-3 8.06872E-3 8.22337E-3 8.274E-3 7.59031E-3 6.65578E-3 6.88816E-3 7.01861E-3 6.91534E-3 6.68511E-3 6.47193E-3 6.36496E-3 6.29679E-3 6.28668E-3 6.201E-3 6.479E-3
1.76988E-2 1.73339E-2 1.70953E-2 1.60162E-2 1.74272E-2 1.66901E-2 1.48392E-2 1.57666E-2 1.56821E-2 1.53281E-2 1.651E-2 1.3839E-2 1.45239E-2 1.5619E-2 1.44636E-2 1.66733E-2 1.55944E-2 1.54545E-2 1.74713E-2 1.74115E-2 1.71042E-2 1.92132E-2 1.8817E-2 1.7232E-2 1.51543E-2 1.47054E-2 1.40688E-2 1.26369E-2 1.1746E-2 1.11964E-2 1.06569E-2 1.01708E-2 9.47247E-3 8.92123E-3 8.73782E-3 9.21942E-3 9.50141E-3 9.48005E-3 9.42126E-3 9.3417E-3 9.24376E-3 9.1443E-3 8.97018E-3 8.7357E-3 8.1286E-3 8.14425E-3 8.49274E-3 7.45382E-3 7.16229E-3 7.12538E-3 6.89177E-3 6.49886E-3 6.64873E-3 6.60445E-3 6.37195E-3 6.51528E-3 6.52561E-3 6.58987E-3 6.53586E-3 6.7179E-3 6.71102E-3
1.89528E-2 1.76208E-2 1.76354E-2 1.7607E-2 1.68315E-2 1.68954E-2 1.64476E-2 1.62315E-2 1.69416E-2 1.64615E-2 1.54261E-2 1.62507E-2 1.50507E-2 1.40981E-2 1.303E-2 1.51159E-2 1.592E-2 1.59689E-2 1.56336E-2 1.7726E-2 1.7124E-2 1.82328E-2 1.91889E-2 1.95618E-2 1.76503E-2 1.66259E-2 1.58221E-2 1.45769E-2 1.2775E-2 1.19241E-2 1.14196E-2 1.06109E-2 1.05375E-2 1.02146E-2 1.02199E-2 9.93282E-3 9.4466E-3 9.45003E-3 9.12837E-3 8.96193E-3 9.10688E-3 8.96172E-3 8.25064E-3 8.8469E-3 8.40968E-3 7.9309E-3 8.40988E-3 7.93857E-3 7.80848E-3 6.84274E-3 6.33598E-3 6.27012E-3 6.27128E-3 5.78977E-3 6.12993E-3 6.3203E-3 6.01744E-3 6.13936E-3 6.232E-3 6.49716E-3 6.57101E-3
1.72834E-2 1.76723E-2 1.69627E-2 1.72487E-2 1.84051E-2 1.77775E-2 1.57452E-2 1.65472E-2 1.7311E-2 1.50357E-2 1.44636E-2 1.59335E-2 1.50236E-2 1.41996E-2 1.48702E-2 1.45623E-2 1.35541E-2 1.59841E-2 1.47018E-2 1.68957E-2 1.697E-2 1.77744E-2 1.97118E-2 1.99588E-2 1.98144E-2 1.86747E-2 1.73693E-2 1.57361E-2 1.37877E-2 1.29548E-2 1.17471E-2 1.13915E-2 1.08295E-2 1.06004E-2 1.04911E-2 9.83167E-3 9.74205E-3 9.46412E-3 9.42281E-3 9.21731E-3 8.72705E-3 8.98011E-3 8.36921E-3 8.54061E-3 8.87234E-3 8.71841E-3 8.35978E-3 8.34E-3 8.42992E-3 7.15848E-3 6.54273E-3 6.3433E-3 6.59525E-3 6.25027E-3 6.05246E-3 6.76868E-3 6.66832E-3 6.14006E-3 6.11506E-3 6.2276E-3 6.22385E-3
1.756E-2 1.79599E-2 1.92078E-2 1.66444E-2 1.92839E-2 1.83387E-2 1.81852E-2 1.55819E-2 1.8932E-2 1.79047E-2 1.69648E-2 1.58104E-2 1.61547E-2 1.64783E-2 1.44002E-2 1.38792E-2 1.48569E-2 1.38176E-2 1.33861E-2 1.61023E-2 1.6097E-2 1.5686E-2 1.64759E-2 1.92668E-2 2.01848E-2 1.96317E-2 1.86265E-2 1.64839E-2 1.54263E-2 1.39254E-2 1.33396E-2 1.23301E-2 1.1633E-2 1.12669E-2 1.15445E-2 1.08308E-2 1.02313E-2 9.76935E-3 9.68842E-3 9.53795E-3 9.27706E-3 8.9169E-3 8.46491E-3 8.32708E-3 9.48187E-3 1.02314E-2 9.79204E-3 8.5318E-3 8.6683E-3 7.90871E-3 6.88021E-3 6.73717E-3 6.503E-3 6.70845E-3 6.64975E-3 6.73803E-3 6.648E-3 6.60486E-3 6.63649E-3 6.53847E-3 6.35374E-3
1.99193E-2 1.93105E-2 1.90159E-2 1.86303E-2 1.90533E-2 1.73178E-2 1.8517E-2 1.85461E-2 1.70749E-2 1.87402E-2 1.66284E-2 1.55999E-2 1.61255E-2 1.63071E-2 1.63018E-2 1.68391E-2 1.42151E-2 1.68808E-2 1.53158E-2 1.45658E-2 1.53283E-2 1.59992E-2 1.6373E-2 1.8308E-2 1.82928E-2 1.99964E-2 2.11132E-2 1.90795E-2 1.68656E-2 1.5195E-2 1.43071E-2 1.35157E-2 1.26724E-2 1.26009E-2 1.24373E-2 1.21334E-2 1.09868E-2 1.01639E-2 9.73731E-3 9.75159E-3 9.64396E-3 9.59973E-3 9.33835E-3 8.96523E-3 8.82217E-3 9.7875E-3 9.8581E-3 9.25832E-3 8.66948E-3 8.21584E-3 7.08649E-3 7.21139E-3 7.17933E-3 7.32587E-3 6.91456E-3 7.07592E-3 7.09158E-3 6.8788E-3 6.71589E-3 6.77289E-3 6.79178E-3
1.92344E-2 1.91203E-2 2.04048E-2 2.06031E-2 1.76305E-2 1.89987E-2 1.99313E-2 2.12286E-2 1.69914E-2 1.75388E-2 1.81792E-2 1.62577E-2 1.57113E-2 1.64011E-2 1.55271E-2 1.70628E-2 1.70581E-2 1.54646E-2 1.79658E-2 1.61654E-2 1.59762E-2 1.59781E-2 1.60726E-2 1.74079E-2 1.79324E-2 1.76318E-2 1.92519E-2 2.01454E-2 1.7442E-2 1.5823E-2 1.5049E-2 1.43674E-2 1.3716E-2 1.33262E-2 1.29466E-2 1.25607E-2 1.22228E-2 1.11587E-2 1.06113E-2 1.02675E-2 9.87955E-3 1.01395E-2 1.01919E-2 1.0398E-2 1.03302E-2 9.77563E-3 9.40891E-3 8.68064E-3 7.715E-3 7.07146E-3 6.82521E-3 7.01566E-3 7.61217E-3 7.95366E-3 7.18605E-3 7.38177E-3 7.33379E-3 6.86202E-3 7.15536E-3 7.2402E-3 7.07891E-3
2.09875E-2 2.33484E-2 1.87395E-2 2.00886E-2 1.96316E-2 2.28265E-2 1.96995E-2 1.94065E-2 1.98433E-2 1.72822E-2 1.79119E-2 1.77569E-2 1.77147E-2 1.51347E-2 1.72218E-2 1.60825E-2 1.74746E-2 1.77229E-2 1.55077E-2 1.58172E-2 1.56111E-2 1.57526E-2 1.54213E-2 1.64613E-2 1.72848E-2 1.89767E-2 1.88654E-2 1.88499E-2 1.75375E-2 1.77694E-2 1.61853E-2 1.4554E-2 1.34019E-2 1.4336E-2 1.521E-2 1.36231E-2 1.20116E-2 1.12907E-2 1.11379E-2 1.10085E-2 1.04259E-2 1.00327E-2 9.74419E-3 1.01412E-2 1.02891E-2 9.92934E-3 9.03839E-3 8.02122E-3 7.28063E-3 7.1499E-3 6.65702E-3 6.61466E-3 6.64107E-3 7.02492E-3 7.55176E-3 7.80567E-3 8.11754E-3 7.32312E-3 6.99184E-3 7.05517E-3 7.31762E-3
1.94271E-2 2.30558E-2 2.45876E-2 2.38924E-2 2.43165E-2 2.24523E-2 1.93572E-2 1.95309E-2 2.03205E-2 1.86271E-2 1.96913E-2 1.91083E-2 1.70858E-2 1.67982E-2 1.78331E-2 1.63782E-2 1.83668E-2 1.776E-2 1.82365E-2 1.53138E-2 1.47441E-2 1.81246E-2 1.61675E-2 1.64104E-2 1.71158E-2 1.71867E-2 1.78491E-2 2.03516E-2 1.94646E-2 2.01419E-2 1.77259E-2 1.56582E-2 1.46567E-2 1.33016E-2 1.37424E-2 1.25772E-2 1.12739E-2 1.12822E-2 1.15463E-2 1.11878E-2 1.10972E-2 1.0723E-2 1.08456E-2 1.06044E-2 1.04919E-2 1.00817E-2 9.38563E-3 8.91292E-3 8.76855E-3 8.3111E-3 8.09257E-3 8.78771E-3 9.1648E-3 8.79475E-3 8.46824E-3 8.76634E-3 8.73296E-3 7.78511E-3 7.76368E-3 7.88994E-3 7.56313E-3
2.04664E-2 2.05829E-2 2.14964E-2 2.57169E-2 2.46626E-2 2.39985E-2 2.20064E-2 2.16558E-2 2.16059E-2 2.10816E-2 1.83406E-2 2.14364E-2 1.94625E-2 1.90389E-2 1.78706E-2 1.76066E-2 1.72808E-2 1.85518E-2 1.76014E-2 1.94484E-2 1.78844E-2 1.51399E-2 1.88797E-2 1.72938E-2 1.6799E-2 1.72645E-2 1.67571E-2 1.91006E-2 2.0577E-2 2.13339E-2 2.0405E-2 1.76865E-2 1.52524E-2 1.35739E-2 1.34123E-2 1.3004E-2 1.23533E-2 1.23951E-2 1.27299E-2 1.23304E-2 1.24511E-2 1.19635E-2 1.1531E-2 1.17939E-2 1.13098E-2 1.07585E-2 1.0388E-2 1.03634E-2 1.00976E-2 1.02247E-2 1.03149E-2 1.03576E-2 9.83989E-3 9.57767E-3 9.7675E-3 9.14805E-3 8.18764E-3 8.45366E-3 8.90837E-3 8.41909E-3 8.29631E-3
1.99791E-2 2.0812E-2 2.12825E-2 2.19409E-2 2.28435E-2 2.30542E-2 2.48905E-2 2.3443E-2 1.99545E-2 2.22307E-2 1.99752E-2 2.23123E-2 2.11028E-2 1.9778E-2 1.9716E-2 1.92009E-2 1.71686E-2 1.85375E-2 1.7122E-2 1.93374E-2 2.0442E-2 1.77798E-2 1.541E-2 1.96196E-2 1.70179E-2 1.67401E-2 1.63504E-2 1.81053E-2 1.7793E-2 2.13026E-2 2.21207E-2 1.94228E-2 1.70398E-2 1.54721E-2 1.51018E-2 1.40459E-2 1.25537E-2 1.19602E-2 1.20513E-2 1.27997E-2 1.35027E-2 1.29677E-2 1.26035E-2 1.24464E-2 1.23447E-2 1.16527E-2 1.0922E-2 1.08527E-2 1.07016E-2 1.02469E-2 9.55563E-3 9.78001E-3 1.01782E-2 1.01242E-2 1.00726E-2 9.27612E-3 9.04508E-3 9.2499E-3 9.01281E-3 8.74352E-3 8.42035E-3
2.10007E-2 2.11752E-2 2.30328E-2 2.31003E-2 2.29534E-2 2.22398E-2 2.39106E-2 2.15096E-2 2.19783E-2 2.17083E-2 1.97132E-2 2.49246E-2 2.18059E-2 2.16023E-2 2.01698E-2 1.94174E-2 1.7893E-2 2.04554E-2 2.06702E-2 1.96835E-2 2.16422E-2 2.03347E-2 1.87437E-2 1.63758E-2 2.03604E-2 1.71551E-2 1.88179E-2 1.62947E-2 1.83642E-2 1.73581E-2 2.00672E-2 2.00068E-2 1.79007E-2 1.68752E-2 1.64206E-2 1.59681E-2 1.46728E-2 1.34297E-2 1.30504E-2 1.32016E-2 1.34767E-2 1.35812E-2 1.30667E-2 1.28886E-2 1.25872E-2 1.18978E-2 1.14731E-2 1.15171E-2 1.09356E-2 1.06774E-2 1.0499E-2 1.06525E-2 1.03632E-2 1.03397E-2 1.00588E-2 9.78028E-3 9.83762E-3 9.56501E-3 9.41915E-3 9.22927E-3 9.03827E-3
2.3601E-2 2.21959E-2 3.10273E-2 2.67197E-2 2.27989E-2 2.26735E-2 2.29942E-2 2.29564E-2 2.23775E-2 2.3627E-2 2.03668E-2 2.31262E-2 2.28346E-2 2.10572E-2 2.0906E-2 2.08314E-2 2.01902E-2 2.11675E-2 2.27686E-2 1.99719E-2 2.05244E-2 2.22295E-2 2.04565E-2 1.78915E-2 1.85698E-2 1.91565E-2 1.80918E-2 1.60728E-2 1.85444E-2 1.64274E-2 2.07946E-2 2.21698E-2 2.02185E-2 1.79038E-2 1.72495E-2 1.75712E-2 1.66146E-2 1.51831E-2 1.43211E-2 1.39566E-2 1.35795E-2 1.42698E-2 1.44891E-2 1.40121E-2 1.34142E-2 1.29287E-2 1.24831E-2 1.21663E-2 1.18291E-2 1.12694E-2 1.10374E-2 1.09605E-2 1.07531E-2 1.05763E-2 1.04795E-2 1.05544E-2 9.98295E-3 9.5703E-3 9.60891E-3 9.29852E-3 8.98747E-3
2.22237E-2 2.24533E-2 3.23462E-2 2.17754E-2 2.08557E-2 2.37335E-2 2.3671E-2 2.14013E-2 2.24853E-2 2.27502E-2 2.18585E-2 2.34597E-2 2.16645E-2 2.19348E-2 2.19742E-2 2.2134E-2 2.14309E-2 2.26892E-2 2.20465E-2 2.02239E-2 2.13487E-2 2.35453E-2 2.08319E-2 1.91038E-2 1.69948E-2 1.83907E-2 1.87111E-2 1.99367E-2 1.88262E-2 1.58293E-2 1.9239E-2 2.29604E-2 2.21498E-2 1.96207E-2 1.93731E-2 1.81067E-2 1.74689E-2 1.66549E-2 1.59813E-2 1.51216E-2 1.48706E-2 1.54333E-2 1.55976E-2 1.51588E-2 1.45245E-2 1.42945E-2 1.37789E-2 1.30396E-2 1.27938E-2 1.2334E-2 1.17616E-2 1.1947E-2 1.20153E-2 1.19597E-2 1.19008E-2 1.1447E-2 1.06355E-2 1.06342E-2 1.05519E-2 1.01653E-2 9.83434E-3
2.1389E-2 2.47578E-2 3.18015E-2 2.23154E-2 2.15952E-2 2.47362E-2 2.29811E-2 2.31166E-2 2.53157E-2 2.30773E-2 2.76581E-2 2.53558E-2 2.44261E-2 2.36147E-2 2.39079E-2 2.45062E-2 2.32296E-2 2.33883E-2 2.39226E-2 2.0299E-2 2.12173E-2 2.16646E-2 2.32931E-2 1.96169E-2 1.63815E-2 2.18612E-2 2.05575E-2 1.91348E-2 1.94603E-2 1.65648E-2 1.92778E-2 2.19806E-2 2.07779E-2 2.05745E-2 1.98394E-2 1.93529E-2 1.84895E-2 1.72713E-2 1.69539E-2 1.65767E-2 1.6602E-2 1.65768E-2 1.68324E-2 1.65357E-2 1.60248E-2 1.55695E-2 1.53488E-2 1.41594E-2 1.38517E-2 1.34117E-2 1.3207E-2 1.28398E-2 1.25191E-2 1.23936E-2 1.25954E-2 1.25269E-2 1.23364E-2 1.23289E-2 1.18933E-2 1.16611E-2 1.13958E-2
2.9962E-2 2.68248E-2 2.33621E-2 2.18822E-2 2.13393E-2 2.41187E-2 1.99459E-2 2.48835E-2 2.50733E-2 2.30009E-2 2.79054E-2 2.5513E-2 2.61207E-2 2.34195E-2 2.46519E-2 2.37724E-2 2.38321E-2 2.47503E-2 2.45766E-2 2.22628E-2 2.16357E-2 2.36816E-2 2.31351E-2 1.82E-2 1.67211E-2 2.16625E-2 2.13407E-2 1.87483E-2 1.93327E-2 1.80727E-2 1.91106E-2 2.18386E-2 2.23688E-2 2.06281E-2 1.90841E-2 2.08251E-2 1.97772E-2 1.94764E-2 1.87447E-2 1.83494E-2 1.82955E-2 1.86874E-2 1.83768E-2 1.77618E-2 1.74944E-2 1.73007E-2 1.69183E-2 1.56509E-2 1.50286E-2 1.43285E-2 1.36814E-2 1.30047E-2 1.26492E-2 1.29653E-2 1.30749E-2 1.27085E-2 1.27629E-2 1.29053E-2 1.27788E-2 1.26456E-2 1.20852E-2
2.49192E-2 3.24857E-2 2.55853E-2 2.10436E-2 2.0107E-2 2.02991E-2 2.17559E-2 2.53812E-2 2.3117E-2 2.42132E-2 3.00045E-2 2.5611E-2 2.45296E-2 2.56054E-2 2.51215E-2 2.43301E-2 2.57704E-2 2.64271E-2 2.80322E-2 2.38314E-2 2.26708E-2 2.2239E-2 2.14545E-2 1.8181E-2 1.77158E-2 1.7936E-2 2.01976E-2 1.85305E-2 1.8807E-2 1.93563E-2 1.93229E-2 2.06643E-2 2.14266E-2 2.18766E-2 2.05786E-2 2.03798E-2 2.02585E-2 1.95111E-2 1.97866E-2 1.95729E-2 1.88607E-2 1.89966E-2 1.87004E-2 1.8037E-2 1.78394E-2 1.77941E-2 1.75508E-2 1.68046E-2 1.5828E-2 1.53804E-2 1.4564E-2 1.39984E-2 1.32458E-2 1.2759E-2 1.22397E-2 1.16107E-2 1.21159E-2 1.30342E-2 1.35991E-2 1.35068E-2 1.27561E-2
