maxent_outputs/red_flowers_troch_bombus_environ/red_190.asc
ncols         426
nrows         180
xllcorner     -130.0
yllcorner     24.0
cellsize      0.16666666666666666
NODATA_value  -9999
[rows 0 to 26 of 180, columns 122 to 182 of 426]
2.31697E-1 2.27914E-1 2.26628E-1 2.0546E-1 1.99255E-1 2.17023E-1 2.32227E-1 2.32463E-1 2.17698E-1 2.10605E-1 2.02613E-1 2.00663E-1 2.02437E-1 2.0091E-1 1.98189E-1 1.93864E-1 2.00007E-1 2.02701E-1 2.12207E-1 2.17099E-1 2.15439E-1 2.0555E-1 1.98573E-1 1.9577E-1 1.86737E-1 1.87048E-1 1.87326E-1 1.86154E-1 1.84889E-1 1.82231E-1 1.80599E-1 1.79964E-1 1.78369E-1 1.75037E-1 1.73938E-1 1.73859E-1 1.73459E-1 1.7358E-1 1.75219E-1 1.75068E-1 1.77486E-1 1.77956E-1 1.77497E-1 1.77888E-1 1.78645E-1 1.78691E-1 1.77619E-1 1.78399E-1 1.79471E-1 1.78597E-1 1.7468E-1 1.76139E-1 1.75181E-1 1.71848E-1 1.75479E-1 1.83988E-1 1.90368E-1 1.82739E-1 1.85828E-1 1.90478E-1 1.77408E-1
2.16502E-1 2.13601E-1 2.11612E-1 2.06026E-1 2.06672E-1 2.1156E-1 2.14247E-1 2.14001E-1 2.29021E-1 2.27957E-1 2.10485E-1 2.03738E-1 1.98487E-1 2.06829E-1 2.08556E-1 1.96377E-1 1.92523E-1 1.92861E-1 2.0507E-1 2.11243E-1 2.1124E-1 2.0207E-1 1.9944E-1 1.93461E-1 1.90947E-1 1.93694E-1 1.91971E-1 1.85029E-1 1.85809E-1 1.84501E-1 1.84948E-1 1.85697E-1 1.86066E-1 1.89074E-1 1.81192E-1 1.75068E-1 1.75858E-1 1.77378E-1 1.77378E-1 1.79521E-1 1.80757E-1 1.79235E-1 1.78014E-1 1.75962E-1 1.77677E-1 1.81411E-1 1.80743E-1 1.79545E-1 1.74074E-1 1.63648E-1 1.66695E-1 1.77699E-1 1.81256E-1 1.79932E-1 1.79678E-1 1.81443E-1 1.94905E-1 1.90369E-1 1.79915E-1 1.79749E-1 1.75868E-1
1.97405E-1 1.96603E-1 1.94738E-1 1.96849E-1 2.0786E-1 2.09901E-1 2.17462E-1 2.17757E-1 2.21445E-1 2.2488E-1 2.20961E-1 2.03415E-1 1.95817E-1 2.00588E-1 2.07761E-1 1.98106E-1 1.92424E-1 1.91135E-1 1.91825E-1 1.97868E-1 1.99149E-1 2.00133E-1 1.97332E-1 1.93452E-1 1.82733E-1 1.88197E-1 1.87036E-1 1.8928E-1 1.87678E-1 1.86288E-1 1.81041E-1 1.80508E-1 1.78844E-1 1.7645E-1 1.76747E-1 1.82887E-1 1.8549E-1 1.85728E-1 1.78654E-1 1.80834E-1 1.81311E-1 1.84227E-1 1.79036E-1 1.83855E-1 1.95895E-1 1.94625E-1 1.83767E-1 1.79128E-1 1.78797E-1 1.76188E-1 1.78329E-1 1.81279E-1 1.81697E-1 1.8192E-1 1.83621E-1 1.8434E-1 1.89764E-1 1.865E-1 1.83474E-1 1.76917E-1 1.75586E-1
2.05963E-1 2.02615E-1 1.93486E-1 1.96835E-1 1.95708E-1 2.02214E-1 2.0419E-1 2.04634E-1 2.09402E-1 2.10622E-1 2.18319E-1 2.0909E-1 2.06953E-1 2.00222E-1 2.06343E-1 1.98077E-1 1.92705E-1 1.91179E-1 1.9117E-1 1.90877E-1 1.91539E-1 1.89869E-1 1.84411E-1 1.82393E-1 1.79815E-1 1.765E-1 1.74176E-1 1.78843E-1 1.81303E-1 1.85656E-1 1.83248E-1 1.81984E-1 1.85221E-1 1.78676E-1 1.79757E-1 1.81401E-1 1.76079E-1 1.80902E-1 1.82438E-1 1.83129E-1 1.83775E-1 1.86136E-1 1.925E-1 2.0966E-1 2.18874E-1 1.98954E-1 1.81237E-1 1.7685E-1 1.76602E-1 1.7822E-1 1.78867E-1 1.77796E-1 1.85271E-1 1.9387E-1 1.9734E-1 2.00655E-1 2.0169E-1 2.01882E-1 1.85029E-1 1.79228E-1 1.78603E-1
2.14344E-1 2.12992E-1 2.00132E-1 1.95412E-1 1.93452E-1 1.93607E-1 1.95445E-1 2.03301E-1 2.12789E-1 2.07142E-1 2.08025E-1 2.1389E-1 2.13536E-1 2.12882E-1 2.13396E-1 2.09572E-1 2.03544E-1 1.93283E-1 1.91987E-1 1.92394E-1 1.93899E-1 1.89439E-1 1.87141E-1 1.85903E-1 1.82152E-1 1.78431E-1 1.80565E-1 1.82918E-1 1.86674E-1 1.90748E-1 1.89896E-1 1.90012E-1 1.91375E-1 1.81567E-1 1.75309E-1 1.76736E-1 1.80245E-1 1.83736E-1 1.87051E-1 1.91165E-1 1.91856E-1 1.96776E-1 1.94104E-1 2.03425E-1 2.11216E-1 1.92895E-1 1.78724E-1 1.76742E-1 1.78511E-1 1.78717E-1 1.78847E-1 1.82688E-1 1.79614E-1 1.80666E-1 1.89088E-1 1.9567E-1 2.08388E-1 2.06622E-1 1.95863E-1 1.90143E-1 1.89357E-1
2.18566E-1 2.23491E-1 2.13603E-1 2.08246E-1 2.03102E-1 1.97693E-1 1.91451E-1 2.05965E-1 2.03007E-1 2.01173E-1 2.01476E-1 2.06217E-1 2.11893E-1 2.21017E-1 2.29535E-1 2.2618E-1 2.06385E-1 1.96854E-1 1.97249E-1 1.96496E-1 1.99728E-1 1.98944E-1 1.92634E-1 1.87343E-1 1.85636E-1 1.83852E-1 1.8331E-1 1.83429E-1 1.82753E-1 1.84168E-1 1.86924E-1 1.86546E-1 1.90261E-1 1.86503E-1 1.7907E-1 1.79089E-1 1.80089E-1 1.89459E-1 2.01446E-1 2.04624E-1 2.0039E-1 1.94991E-1 1.99549E-1 2.03899E-1 1.99346E-1 1.87925E-1 1.79749E-1 1.79656E-1 1.86449E-1 1.89333E-1 1.87978E-1 2.0155E-1 2.02601E-1 2.0031E-1 2.03768E-1 2.01117E-1 2.00648E-1 1.98452E-1 1.94424E-1 1.82551E-1 1.85779E-1
2.41212E-1 2.30432E-1 2.30463E-1 2.24625E-1 2.1143E-1 2.03465E-1 1.97605E-1 1.91074E-1 1.87446E-1 1.90804E-1 1.90743E-1 1.93566E-1 2.02178E-1 2.09457E-1 2.15159E-1 2.1852E-1 2.0224E-1 1.98984E-1 2.00458E-1 2.00499E-1 2.03575E-1 2.04163E-1 1.9831E-1 1.93692E-1 1.95114E-1 1.9521E-1 1.96281E-1 1.9152E-1 1.86266E-1 1.83593E-1 1.85468E-1 1.91474E-1 1.95046E-1 1.95697E-1 1.89889E-1 1.89443E-1 1.92009E-1 1.92841E-1 1.93217E-1 1.91584E-1 1.9124E-1 1.93112E-1 1.93778E-1 1.89588E-1 1.88558E-1 1.82186E-1 1.84608E-1 1.88121E-1 1.98978E-1 2.07285E-1 2.03639E-1 1.98947E-1 2.18808E-1 2.18634E-1 1.98299E-1 2.08844E-1 2.12222E-1 2.14128E-1 2.03673E-1 1.94186E-1 1.85356E-1
2.27843E-1 2.35931E-1 2.33339E-1 2.2288E-1 2.21071E-1 2.18032E-1 2.19224E-1 2.0212E-1 1.97825E-1 1.96079E-1 1.93042E-1 1.92783E-1 1.92913E-1 1.96678E-1 2.02189E-1 2.00184E-1 1.98449E-1 1.97686E-1 2.01485E-1 2.02616E-1 2.02002E-1 1.99074E-1 2.00442E-1 2.0145E-1 2.00406E-1 2.00053E-1 2.00974E-1 2.00418E-1 1.97015E-1 1.93813E-1 1.96013E-1 2.02783E-1 2.07103E-1 2.06142E-1 2.03347E-1 1.98008E-1 1.94444E-1 1.94038E-1 1.87861E-1 1.82111E-1 1.81169E-1 1.89023E-1 1.90669E-1 1.86398E-1 1.86249E-1 1.96774E-1 2.00895E-1 2.04849E-1 2.14348E-1 2.25013E-1 2.18808E-1 1.99465E-1 2.05197E-1 2.09458E-1 1.93888E-1 2.03353E-1 1.97126E-1 2.04706E-1 2.11469E-1 2.02085E-1 1.9266E-1
2.35753E-1 2.19409E-1 2.1849E-1 2.1902E-1 2.22995E-1 2.18043E-1 2.19332E-1 2.26663E-1 2.33585E-1 2.27655E-1 2.07855E-1 2.0452E-1 1.97183E-1 1.92539E-1 1.92346E-1 1.97954E-1 1.97624E-1 2.00927E-1 2.03425E-1 2.05503E-1 2.04023E-1 2.0324E-1 2.05008E-1 2.07198E-1 2.04712E-1 2.02884E-1 2.05173E-1 2.03702E-1 2.04784E-1 2.05471E-1 2.08138E-1 2.09886E-1 2.12533E-1 2.12428E-1 2.0804E-1 2.03543E-1 2.00331E-1 2.01523E-1 1.95465E-1 1.97893E-1 1.96872E-1 1.97125E-1 1.98437E-1 1.99745E-1 2.00909E-1 2.10764E-1 2.15952E-1 2.15496E-1 2.17131E-1 2.22075E-1 2.28348E-1 2.07974E-1 1.94399E-1 2.1305E-1 1.95146E-1 1.96548E-1 1.91916E-1 1.92621E-1 2.09005E-1 2.07384E-1 1.91388E-1
2.44032E-1 2.35038E-1 2.27268E-1 2.13441E-1 2.14914E-1 2.1756E-1 2.17677E-1 2.22015E-1 2.23979E-1 2.2886E-1 2.38492E-1 2.2616E-1 2.07769E-1 1.98307E-1 1.93201E-1 1.96342E-1 1.97592E-1 1.99726E-1 2.0198E-1 2.02952E-1 2.05373E-1 2.0805E-1 2.08702E-1 2.10106E-1 2.08811E-1 2.04518E-1 2.04737E-1 2.05289E-1 2.0945E-1 2.06685E-1 2.0762E-1 2.08124E-1 2.12643E-1 2.09042E-1 2.07484E-1 2.03275E-1 2.01519E-1 2.02139E-1 2.03729E-1 2.10092E-1 2.12806E-1 2.11564E-1 2.11321E-1 2.10207E-1 2.04838E-1 2.02843E-1 2.02136E-1 2.02821E-1 2.08975E-1 2.20422E-1 2.22589E-1 1.96788E-1 1.86718E-1 2.07765E-1 2.0679E-1 2.01984E-1 1.95142E-1 1.96223E-1 1.99039E-1 2.00216E-1 1.90214E-1
2.46537E-1 2.41236E-1 2.34185E-1 2.18551E-1 2.18633E-1 2.19505E-1 2.20231E-1 2.19303E-1 2.17045E-1 2.19212E-1 2.27389E-1 2.40473E-1 2.15338E-1 2.05312E-1 2.00502E-1 1.98424E-1 1.99086E-1 2.00268E-1 2.01424E-1 2.07518E-1 2.09748E-1 2.14233E-1 2.14584E-1 2.13115E-1 2.09059E-1 2.04757E-1 2.03956E-1 2.05043E-1 2.07903E-1 2.11217E-1 2.08508E-1 2.05594E-1 2.07031E-1 2.08146E-1 2.07088E-1 2.0477E-1 1.99669E-1 2.01791E-1 2.09955E-1 2.13491E-1 2.13754E-1 2.08605E-1 2.0514E-1 2.11133E-1 2.07078E-1 2.03025E-1 2.06002E-1 2.09439E-1 1.99583E-1 1.97215E-1 1.88831E-1 1.81327E-1 1.84465E-1 2.00796E-1 1.98109E-1 1.93139E-1 1.92051E-1 2.06912E-1 2.01096E-1 1.9319E-1 1.88614E-1
2.42874E-1 2.40267E-1 2.33088E-1 2.21223E-1 2.2078E-1 2.24031E-1 2.25103E-1 2.23534E-1 2.24579E-1 2.23071E-1 2.25814E-1 2.2742E-1 2.17426E-1 2.10123E-1 2.09314E-1 2.05383E-1 2.04079E-1 2.03916E-1 2.03446E-1 2.08249E-1 2.1013E-1 2.10225E-1 2.10648E-1 2.06678E-1 2.03628E-1 2.0079E-1 2.0062E-1 2.02887E-1 2.04239E-1 2.05793E-1 2.05263E-1 2.04907E-1 2.04577E-1 2.0537E-1 2.0632E-1 2.06147E-1 1.98975E-1 2.00077E-1 2.01819E-1 2.03855E-1 2.05747E-1 1.97237E-1 1.94715E-1 1.93441E-1 1.9632E-1 1.95909E-1 2.01377E-1 1.95155E-1 1.81547E-1 1.72382E-1 1.76336E-1 1.85399E-1 2.06495E-1 2.13865E-1 1.99881E-1 1.93613E-1 1.9426E-1 2.04301E-1 2.01089E-1 1.89406E-1 1.91691E-1
2.30837E-1 2.30669E-1 2.2542E-1 2.22443E-1 2.1812E-1 2.21906E-1 2.23199E-1 2.29311E-1 2.35756E-1 2.40423E-1 2.31819E-1 2.21734E-1 2.14023E-1 2.10876E-1 2.10662E-1 2.06397E-1 2.05369E-1 2.04591E-1 2.02121E-1 2.09587E-1 2.12464E-1 2.11589E-1 2.09736E-1 2.08679E-1 2.06481E-1 2.00994E-1 1.98043E-1 2.00638E-1 2.01255E-1 2.03756E-1 2.03633E-1 2.2E-1 2.14498E-1 2.23128E-1 2.16846E-1 2.05551E-1 2.06497E-1 2.01674E-1 1.98034E-1 2.01906E-1 2.025E-1 1.99966E-1 1.92688E-1 1.91037E-1 1.90991E-1 1.95097E-1 1.93156E-1 1.91214E-1 1.86377E-1 1.84491E-1 2.00039E-1 2.1948E-1 2.27309E-1 2.26932E-1 2.08857E-1 1.99645E-1 1.85898E-1 1.92723E-1 1.9609E-1 1.87705E-1 1.80847E-1
2.22265E-1 2.22579E-1 2.24317E-1 2.19531E-1 2.19218E-1 2.1819E-1 2.14649E-1 2.11708E-1 2.20532E-1 2.24604E-1 2.18843E-1 2.13737E-1 2.14936E-1 2.13137E-1 2.07816E-1 2.09212E-1 2.04807E-1 2.03257E-1 2.0641E-1 2.232E-1 2.27813E-1 2.23954E-1 2.18162E-1 2.09538E-1 2.05008E-1 2.03272E-1 1.94478E-1 1.99053E-1 2.02337E-1 2.03135E-1 2.03551E-1 2.15983E-1 2.16809E-1 2.15584E-1 2.15686E-1 2.1642E-1 2.17615E-1 2.15241E-1 2.08941E-1 2.01752E-1 1.96401E-1 1.90402E-1 1.82643E-1 1.86935E-1 1.91887E-1 1.94697E-1 1.91159E-1 2.06663E-1 2.08258E-1 2.13918E-1 2.17163E-1 2.12073E-1 2.17296E-1 2.22956E-1 2.04143E-1 1.8868E-1 1.8646E-1 1.8848E-1 1.9183E-1 1.92311E-1 1.84474E-1
2.2505E-1 2.26213E-1 2.22383E-1 2.26103E-1 2.23004E-1 2.20497E-1 2.27769E-1 2.28426E-1 2.16225E-1 2.11434E-1 2.05053E-1 2.03928E-1 2.062E-1 2.08995E-1 2.10685E-1 2.09928E-1 2.12309E-1 2.08246E-1 2.10933E-1 2.13607E-1 2.18637E-1 2.23044E-1 2.19568E-1 2.15816E-1 2.07933E-1 1.99827E-1 1.94811E-1 1.95857E-1 1.99044E-1 2.01697E-1 2.04683E-1 2.11393E-1 2.16741E-1 2.17729E-1 2.20238E-1 2.22969E-1 2.21735E-1 2.19021E-1 2.15132E-1 2.08182E-1 2.0531E-1 2.03342E-1 1.98133E-1 1.92081E-1 1.89722E-1 1.85151E-1 1.79744E-1 1.89596E-1 2.05319E-1 2.03196E-1 2.05828E-1 2.11059E-1 2.09336E-1 2.19853E-1 2.095E-1 1.82341E-1 1.89328E-1 1.79495E-1 1.79414E-1 1.89197E-1 1.88666E-1
2.34837E-1 2.3438E-1 2.27127E-1 2.28258E-1 2.37055E-1 2.33227E-1 2.2665E-1 2.20398E-1 2.23105E-1 2.15454E-1 2.01461E-1 1.98154E-1 1.99912E-1 2.10393E-1 2.16512E-1 2.15678E-1 2.19614E-1 2.1913E-1 2.19921E-1 2.14559E-1 2.15538E-1 2.17463E-1 2.1125E-1 2.12029E-1 2.12967E-1 2.0066E-1 1.95497E-1 1.93576E-1 1.98292E-1 2.00414E-1 2.03391E-1 2.05611E-1 2.1222E-1 2.17354E-1 2.22381E-1 2.24481E-1 2.24787E-1 2.22674E-1 2.18381E-1 2.14282E-1 2.08897E-1 2.01356E-1 1.99745E-1 1.9677E-1 1.91162E-1 1.97404E-1 1.8774E-1 1.82905E-1 1.76264E-1 1.7804E-1 1.85459E-1 2.05899E-1 2.14215E-1 2.21764E-1 2.08686E-1 1.80348E-1 1.76485E-1 1.7366E-1 1.88618E-1 1.83839E-1 1.74225E-1
2.33953E-1 2.37738E-1 2.34633E-1 2.28166E-1 2.28676E-1 2.30351E-1 2.20408E-1 2.15649E-1 2.16494E-1 2.15347E-1 2.12954E-1 2.07803E-1 2.12832E-1 2.19603E-1 2.23774E-1 2.25941E-1 2.23821E-1 2.21485E-1 2.18525E-1 2.1698E-1 2.11628E-1 2.17916E-1 2.1498E-1 2.06722E-1 2.07064E-1 1.96999E-1 2.05193E-1 1.99813E-1 2.01791E-1 2.0098E-1 2.01218E-1 2.02253E-1 2.1735E-1 2.17584E-1 2.17651E-1 2.2225E-1 2.23144E-1 2.21009E-1 2.18929E-1 2.15325E-1 2.11242E-1 2.08217E-1 2.01154E-1 1.95988E-1 1.90215E-1 1.91704E-1 1.91319E-1 1.88485E-1 1.82612E-1 1.82021E-1 1.82427E-1 1.91066E-1 1.99161E-1 1.97058E-1 1.87951E-1 1.79708E-1 1.75303E-1 1.79772E-1 1.91948E-1 2.04637E-1 1.8411E-1
2.27215E-1 2.28566E-1 2.27894E-1 2.31675E-1 2.36259E-1 2.28958E-1 2.16752E-1 2.07447E-1 2.23346E-1 2.19054E-1 2.24739E-1 2.30166E-1 2.2604E-1 2.21855E-1 2.20932E-1 2.22048E-1 2.21251E-1 2.24147E-1 2.2138E-1 2.14224E-1 2.12933E-1 2.19897E-1 2.20672E-1 2.0831E-1 2.03207E-1 1.97206E-1 2.04806E-1 2.03148E-1 2.08285E-1 2.07447E-1 2.02654E-1 2.01322E-1 2.06044E-1 2.10281E-1 2.09871E-1 2.16372E-1 2.18589E-1 2.20906E-1 2.19292E-1 2.15665E-1 2.11186E-1 2.07722E-1 2.0194E-1 1.9935E-1 1.92107E-1 1.92008E-1 1.94099E-1 1.91891E-1 1.88631E-1 1.88004E-1 1.89204E-1 1.96189E-1 1.97159E-1 1.89288E-1 1.87278E-1 1.86728E-1 1.85353E-1 1.85613E-1 1.88289E-1 1.95332E-1 1.90362E-1
2.2773E-1 2.28892E-1 2.29807E-1 2.30412E-1 2.32022E-1 2.29179E-1 2.25708E-1 2.15856E-1 2.24834E-1 2.18966E-1 2.25728E-1 2.35038E-1 2.30397E-1 2.25787E-1 2.27049E-1 2.27444E-1 2.34684E-1 2.27421E-1 2.22722E-1 2.23373E-1 2.1797E-1 2.14482E-1 2.13189E-1 2.13682E-1 2.08144E-1 2.05298E-1 2.05685E-1 2.05751E-1 2.04951E-1 2.05789E-1 2.04681E-1 2.03367E-1 1.99767E-1 2.00955E-1 2.04332E-1 2.07935E-1 2.11683E-1 2.17801E-1 2.13061E-1 2.09409E-1 2.12894E-1 2.1019E-1 2.0727E-1 2.03425E-1 1.99797E-1 1.9614E-1 1.95826E-1 1.91673E-1 1.87052E-1 1.827E-1 1.86971E-1 1.97566E-1 2.06328E-1 2.04623E-1 2.10535E-1 2.15045E-1 2.10841E-1 2.16341E-1 2.20613E-1 2.03607E-1 1.86992E-1
2.42371E-1 2.33393E-1 2.28274E-1 2.31062E-1 2.30653E-1 2.32828E-1 2.3146E-1 2.29128E-1 2.26689E-1 2.29235E-1 2.22001E-1 2.20575E-1 2.26294E-1 2.33864E-1 2.35478E-1 2.41666E-1 2.4397E-1 2.37843E-1 2.34208E-1 2.28312E-1 2.2195E-1 2.22906E-1 2.20528E-1 2.17201E-1 2.16092E-1 2.12604E-1 2.10838E-1 2.10742E-1 2.08701E-1 2.06567E-1 2.09323E-1 2.14492E-1 2.09739E-1 2.0709E-1 2.07188E-1 2.06032E-1 2.07554E-1 2.07548E-1 2.11575E-1 2.16453E-1 2.17719E-1 2.14431E-1 2.10612E-1 2.09124E-1 2.05548E-1 2.04545E-1 2.01047E-1 1.92821E-1 1.88919E-1 1.87694E-1 1.87185E-1 1.8729E-1 1.87052E-1 1.86825E-1 2.01171E-1 2.01411E-1 1.99885E-1 2.10207E-1 2.17823E-1 2.1852E-1 2.07784E-1
2.29602E-1 2.26156E-1 2.1402E-1 2.18975E-1 2.21624E-1 2.28059E-1 2.34143E-1 2.33787E-1 2.36087E-1 2.37162E-1 2.37838E-1 2.33531E-1 2.36316E-1 2.34093E-1 2.30931E-1 2.35159E-1 2.36115E-1 2.42413E-1 2.3734E-1 2.32278E-1 2.24629E-1 2.18451E-1 2.2257E-1 2.19204E-1 2.13626E-1 2.18103E-1 2.16248E-1 2.12398E-1 2.08221E-1 2.06004E-1 2.03654E-1 2.07952E-1 2.12972E-1 2.1232E-1 2.08246E-1 2.08109E-1 2.08774E-1 2.1205E-1 2.15603E-1 2.17441E-1 2.18613E-1 2.19755E-1 2.16076E-1 2.14965E-1 2.10249E-1 2.11452E-1 2.09811E-1 2.02535E-1 1.90576E-1 1.89416E-1 1.89954E-1 1.90957E-1 1.90528E-1 1.89793E-1 1.87902E-1 1.86729E-1 1.89912E-1 1.97259E-1 2.01388E-1 2.11114E-1 2.20002E-1
2.32395E-1 2.23988E-1 2.16328E-1 2.13824E-1 2.19296E-1 2.26157E-1 2.30663E-1 2.34699E-1 2.39277E-1 2.39076E-1 2.36487E-1 2.40704E-1 2.42229E-1 2.35969E-1 2.2941E-1 2.31629E-1 2.33136E-1 2.29225E-1 2.27934E-1 2.29131E-1 2.29585E-1 2.22235E-1 2.28635E-1 2.30866E-1 2.18558E-1 2.11354E-1 2.11569E-1 2.04047E-1 2.00018E-1 1.96257E-1 1.97187E-1 2.01427E-1 2.03425E-1 2.05869E-1 2.09089E-1 2.09285E-1 2.15984E-1 2.22959E-1 2.23041E-1 2.23918E-1 2.24804E-1 2.24269E-1 2.19972E-1 2.17278E-1 2.12438E-1 2.1351E-1 2.12455E-1 2.08331E-1 2.01397E-1 1.91667E-1 1.93791E-1 1.95546E-1 1.9917E-1 1.95976E-1 1.87879E-1 1.83131E-1 1.89545E-1 1.93292E-1 1.96189E-1 1.98551E-1 2.10747E-1
2.27863E-1 2.18543E-1 2.15824E-1 2.18706E-1 2.21335E-1 2.26807E-1 2.34558E-1 2.41897E-1 2.41962E-1 2.46206E-1 2.52504E-1 2.5455E-1 2.54799E-1 2.47841E-1 2.42219E-1 2.4181E-1 2.39979E-1 2.33544E-1 2.25965E-1 2.20439E-1 2.22327E-1 2.24129E-1 2.28384E-1 2.40545E-1 2.47484E-1 2.30023E-1 2.10893E-1 2.01906E-1 1.97078E-1 1.96395E-1 1.96418E-1 1.94046E-1 1.94819E-1 2.03932E-1 2.07524E-1 2.11638E-1 2.13948E-1 2.20057E-1 2.23884E-1 2.25779E-1 2.27654E-1 2.26236E-1 2.21557E-1 2.16263E-1 2.12204E-1 2.11121E-1 2.10038E-1 2.08566E-1 2.0519E-1 2.01524E-1 2.00167E-1 1.97804E-1 1.96377E-1 1.90801E-1 1.87019E-1 1.82245E-1 1.84944E-1 1.90002E-1 1.95959E-1 2.00172E-1 1.94688E-1
2.32963E-1 2.2924E-1 2.3445E-1 2.3767E-1 2.36506E-1 2.45469E-1 2.5176E-1 2.61472E-1 2.61316E-1 2.55419E-1 2.55063E-1 2.58328E-1 2.56063E-1 2.56374E-1 2.49313E-1 2.47658E-1 2.35478E-1 2.29181E-1 2.30642E-1 2.22219E-1 2.2562E-1 2.44031E-1 2.56371E-1 2.3249E-1 2.4164E-1 2.50844E-1 2.38487E-1 2.24976E-1 2.09884E-1 2.00976E-1 1.9898E-1 1.97772E-1 1.97597E-1 2.01074E-1 2.06707E-1 2.09841E-1 2.13906E-1 2.18172E-1 2.18868E-1 2.21403E-1 2.20871E-1 2.21431E-1 2.17907E-1 2.13773E-1 2.11045E-1 2.10254E-1 2.08189E-1 2.06681E-1 2.06576E-1 2.0279E-1 1.98406E-1 1.99999E-1 1.97707E-1 1.89855E-1 1.84314E-1 1.82563E-1 1.85386E-1 1.88702E-1 1.95365E-1 1.94613E-1 1.85279E-1
2.65237E-1 2.65023E-1 2.68323E-1 2.81334E-1 2.89043E-1 2.99145E-1 2.89203E-1 2.69561E-1 2.6417E-1 2.6374E-1 2.6233E-1 2.56194E-1 2.55356E-1 2.42158E-1 2.31044E-1 2.32573E-1 2.32816E-1 2.36334E-1 2.3906E-1 2.31127E-1 2.37557E-1 2.35426E-1 2.33718E-1 2.3131E-1 2.31643E-1 2.47486E-1 2.47577E-1 2.3956E-1 2.33026E-1 2.13932E-1 2.17835E-1 2.11821E-1 2.06565E-1 2.03659E-1 2.08896E-1 2.10816E-1 2.12564E-1 2.15897E-1 2.16934E-1 2.14788E-1 2.15497E-1 2.1751E-1 2.20487E-1 2.20879E-1 2.15543E-1 2.08692E-1 2.04045E-1 2.03294E-1 2.04799E-1 2.03864E-1 1.9906E-1 2.0096E-1 2.05819E-1 1.96241E-1 1.8829E-1 1.80333E-1 1.86604E-1 1.90184E-1 1.89516E-1 1.82997E-1 1.78908E-1
3.02894E-1 3.08111E-1 3.19047E-1 3.18084E-1 3.21895E-1 3.18781E-1 2.85882E-1 2.6439E-1 2.60657E-1 2.54327E-1 2.48283E-1 2.46672E-1 2.44599E-1 2.44702E-1 2.42524E-1 2.33221E-1 2.26836E-1 2.26604E-1 2.35193E-1 2.42089E-1 2.44279E-1 2.43795E-1 2.43718E-1 2.40653E-1 2.36675E-1 2.33164E-1 2.34989E-1 2.29304E-1 2.35985E-1 2.51793E-1 2.5152E-1 2.26443E-1 2.16635E-1 2.19406E-1 2.11438E-1 2.14722E-1 2.14435E-1 2.15798E-1 2.15343E-1 2.12808E-1 2.071E-1 2.06966E-1 2.1558E-1 2.25173E-1 2.21407E-1 2.11616E-1 2.02893E-1 1.99188E-1 1.99887E-1 2.01069E-1 2.01569E-1 2.05232E-1 2.04777E-1 2.10632E-1 2.01589E-1 1.97197E-1 1.92274E-1 1.8904E-1 1.92093E-1 1.85966E-1 1.80172E-1
2.99117E-1 2.86906E-1 2.77596E-1 2.91605E-1 3.0571E-1 3.00478E-1 2.71726E-1 2.72198E-1 2.64951E-1 2.57099E-1 2.46504E-1 2.47337E-1 2.58953E-1 2.55744E-1 2.45653E-1 2.30651E-1 2.24178E-1 2.19102E-1 2.30367E-1 2.39229E-1 2.4905E-1 2.53205E-1 2.51673E-1 2.42538E-1 2.47275E-1 2.65843E-1 2.57367E-1 2.49474E-1 2.48025E-1 2.57309E-1 2.61891E-1 2.57557E-1 2.42552E-1 2.3284E-1 2.22861E-1 2.1725E-1 2.17134E-1 2.19148E-1 2.15105E-1 2.10895E-1 2.07141E-1 2.03358E-1 2.00256E-1 2.02761E-1 2.06573E-1 2.04436E-1 1.99796E-1 1.96095E-1 1.98092E-1 2.01572E-1 2.0237E-1 2.02845E-1 1.98801E-1 2.09089E-1 2.07566E-1 2.0211E-1 1.93608E-1 1.9196E-1 1.96407E-1 1.9245E-1 1.88454E-1
