maxent_outputs/red_flowers_troch_bombus_environ/red_133.asc
ncols         426
nrows         180
xllcorner     -130.0
yllcorner     24.0
cellsize      0.16666666666666666
NODATA_value  -9999
[rows 0 to 26 of 180, columns 122 to 182 of 426]
2.13741E-1 2.11207E-1 2.12233E-1 1.95149E-1 1.89898E-1 2.01307E-1 2.08735E-1 2.10166E-1 1.99666E-1 1.95102E-1 1.8812E-1 1.86565E-1 1.89323E-1 1.87779E-1 1.87825E-1 1.85135E-1 1.89179E-1 1.90088E-1 1.94822E-1 1.97098E-1 1.98554E-1 1.91524E-1 1.86991E-1 1.84856E-1 1.75682E-1 1.76428E-1 1.75434E-1 1.73526E-1 1.72506E-1 1.7252E-1 1.72751E-1 1.73978E-1 1.74314E-1 1.72956E-1 1.72851E-1 1.73309E-1 1.74076E-1 1.75693E-1 1.78781E-1 1.79821E-1 1.82788E-1 1.83964E-1 1.84217E-1 1.84411E-1 1.86242E-1 1.84881E-1 1.83514E-1 1.85017E-1 1.86188E-1 1.847E-1 1.79112E-1 1.82706E-1 1.81671E-1 1.79229E-1 1.83756E-1 1.93483E-1 2.01665E-1 1.93488E-1 1.95332E-1 2.00043E-1 1.85534E-1
1.99035E-1 1.96506E-1 1.94425E-1 1.91304E-1 1.91015E-1 1.92039E-1 1.93996E-1 1.92122E-1 2.02488E-1 2.04316E-1 1.92994E-1 1.88294E-1 1.84186E-1 1.91425E-1 1.96417E-1 1.87182E-1 1.84934E-1 1.85764E-1 1.93354E-1 1.95102E-1 1.9694E-1 1.9089E-1 1.88749E-1 1.84682E-1 1.81269E-1 1.83195E-1 1.81934E-1 1.74889E-1 1.76848E-1 1.75915E-1 1.77261E-1 1.80595E-1 1.82395E-1 1.87062E-1 1.80803E-1 1.75534E-1 1.77368E-1 1.79709E-1 1.80156E-1 1.83543E-1 1.86297E-1 1.84612E-1 1.84787E-1 1.82731E-1 1.84135E-1 1.89161E-1 1.88576E-1 1.85939E-1 1.80405E-1 1.69252E-1 1.71055E-1 1.84117E-1 1.90033E-1 1.89638E-1 1.88895E-1 1.92257E-1 2.09168E-1 2.02687E-1 1.9002E-1 1.89747E-1 1.85818E-1
1.87045E-1 1.85322E-1 1.82808E-1 1.83041E-1 1.90911E-1 1.91384E-1 1.95701E-1 1.92084E-1 1.9386E-1 1.94664E-1 1.98494E-1 1.87261E-1 1.82384E-1 1.8635E-1 1.94462E-1 1.8967E-1 1.86349E-1 1.85141E-1 1.86115E-1 1.89505E-1 1.89941E-1 1.92287E-1 1.88999E-1 1.84515E-1 1.7516E-1 1.77106E-1 1.75839E-1 1.77807E-1 1.78277E-1 1.78562E-1 1.74864E-1 1.75796E-1 1.75536E-1 1.75569E-1 1.78038E-1 1.85104E-1 1.90004E-1 1.90119E-1 1.81213E-1 1.86352E-1 1.88285E-1 1.91197E-1 1.86009E-1 1.89789E-1 1.96576E-1 2.00636E-1 1.89949E-1 1.85599E-1 1.85267E-1 1.81131E-1 1.84573E-1 1.90141E-1 1.9153E-1 1.92776E-1 1.95282E-1 1.9747E-1 2.0451E-1 2.00567E-1 1.95878E-1 1.8834E-1 1.86634E-1
1.94893E-1 1.91953E-1 1.83924E-1 1.85932E-1 1.85613E-1 1.86805E-1 1.84853E-1 1.83982E-1 1.85246E-1 1.85619E-1 1.9232E-1 1.90617E-1 1.92059E-1 1.86299E-1 1.91479E-1 1.89856E-1 1.88008E-1 1.87977E-1 1.88578E-1 1.89698E-1 1.88624E-1 1.87381E-1 1.81231E-1 1.78915E-1 1.75982E-1 1.71043E-1 1.66178E-1 1.7034E-1 1.73624E-1 1.78072E-1 1.78164E-1 1.77916E-1 1.81587E-1 1.79193E-1 1.80315E-1 1.82808E-1 1.81063E-1 1.82936E-1 1.86142E-1 1.86774E-1 1.89178E-1 1.91014E-1 1.89848E-1 1.91003E-1 1.97522E-1 1.99147E-1 1.85452E-1 1.82142E-1 1.82215E-1 1.84339E-1 1.85249E-1 1.8713E-1 1.97075E-1 2.08457E-1 2.14636E-1 2.19162E-1 2.19711E-1 2.20252E-1 1.98639E-1 1.91343E-1 1.90482E-1
2.02628E-1 2.00939E-1 1.93568E-1 1.90443E-1 1.87559E-1 1.85934E-1 1.86005E-1 1.85491E-1 1.8803E-1 1.84254E-1 1.85199E-1 1.90341E-1 1.92238E-1 1.94184E-1 1.96987E-1 1.98449E-1 1.95364E-1 1.91821E-1 1.92266E-1 1.92219E-1 1.92837E-1 1.89033E-1 1.865E-1 1.84514E-1 1.79947E-1 1.74381E-1 1.74821E-1 1.75532E-1 1.79528E-1 1.8527E-1 1.86177E-1 1.87903E-1 1.89886E-1 1.83136E-1 1.81597E-1 1.81652E-1 1.83803E-1 1.8646E-1 1.9035E-1 1.92255E-1 1.90896E-1 1.87971E-1 1.80982E-1 1.82415E-1 1.97969E-1 1.94838E-1 1.82951E-1 1.81362E-1 1.85129E-1 1.8628E-1 1.87868E-1 1.93595E-1 1.90654E-1 1.93125E-1 2.0444E-1 2.12495E-1 2.26622E-1 2.25558E-1 2.11643E-1 2.06135E-1 2.04409E-1
2.08888E-1 2.11679E-1 2.06736E-1 2.03824E-1 2.00136E-1 1.93825E-1 1.86922E-1 1.95842E-1 1.87069E-1 1.84279E-1 1.83496E-1 1.85828E-1 1.89142E-1 1.96302E-1 2.05523E-1 2.09277E-1 2.00705E-1 1.96135E-1 1.97049E-1 1.96608E-1 1.98078E-1 1.96719E-1 1.92702E-1 1.8756E-1 1.85161E-1 1.82764E-1 1.80492E-1 1.80505E-1 1.79515E-1 1.81362E-1 1.83882E-1 1.86662E-1 1.93256E-1 1.92038E-1 1.8559E-1 1.84236E-1 1.84857E-1 1.88717E-1 1.96327E-1 1.94465E-1 1.88222E-1 1.83219E-1 1.86587E-1 1.92464E-1 1.97781E-1 1.90373E-1 1.83911E-1 1.84906E-1 1.94083E-1 1.9987E-1 1.98345E-1 2.17304E-1 2.20461E-1 2.1813E-1 2.23055E-1 2.19085E-1 2.17584E-1 2.15777E-1 2.10565E-1 1.96693E-1 2.01578E-1
2.22096E-1 2.1966E-1 2.20279E-1 2.17635E-1 2.07868E-1 2.014E-1 1.95146E-1 1.87725E-1 1.83893E-1 1.83638E-1 1.81926E-1 1.83329E-1 1.86252E-1 1.92468E-1 1.9847E-1 2.06274E-1 1.99746E-1 1.98998E-1 2.00601E-1 2.00266E-1 2.00964E-1 2.01446E-1 1.97415E-1 1.93061E-1 1.92777E-1 1.89908E-1 1.89696E-1 1.87826E-1 1.84829E-1 1.83166E-1 1.85357E-1 1.9288E-1 1.9796E-1 2.0113E-1 1.94341E-1 1.90493E-1 1.90289E-1 1.89004E-1 1.88835E-1 1.85269E-1 1.8448E-1 1.8586E-1 1.88516E-1 1.88427E-1 1.89754E-1 1.84813E-1 1.88857E-1 1.9399E-1 2.09429E-1 2.22794E-1 2.18682E-1 2.14267E-1 2.41221E-1 2.399E-1 2.15747E-1 2.28083E-1 2.31966E-1 2.33688E-1 2.22103E-1 2.0997E-1 1.98866E-1
2.11113E-1 2.18141E-1 2.17488E-1 2.13005E-1 2.12938E-1 2.09728E-1 2.11911E-1 2.0033E-1 1.95325E-1 1.91042E-1 1.8678E-1 1.86427E-1 1.85833E-1 1.88578E-1 1.95153E-1 1.97406E-1 1.97221E-1 1.97924E-1 2.00426E-1 2.02882E-1 2.01619E-1 1.98252E-1 1.98496E-1 1.99403E-1 1.94525E-1 1.91135E-1 1.9315E-1 1.92948E-1 1.91386E-1 1.90276E-1 1.93278E-1 1.99497E-1 2.05899E-1 2.07247E-1 2.02194E-1 1.94214E-1 1.9149E-1 1.92159E-1 1.86431E-1 1.81475E-1 1.80166E-1 1.87576E-1 1.89191E-1 1.85288E-1 1.84524E-1 1.95966E-1 1.99483E-1 2.02395E-1 2.07852E-1 2.11706E-1 2.18544E-1 2.15009E-1 2.24472E-1 2.28822E-1 2.09525E-1 2.22145E-1 2.12526E-1 2.23001E-1 2.31971E-1 2.19544E-1 2.07659E-1
2.19659E-1 2.07772E-1 2.04401E-1 2.04258E-1 2.07759E-1 2.06321E-1 2.07293E-1 2.13528E-1 2.18111E-1 2.1659E-1 2.02351E-1 1.99285E-1 1.94405E-1 1.89019E-1 1.91026E-1 1.95857E-1 1.96794E-1 1.97645E-1 2.00829E-1 2.04636E-1 2.04189E-1 2.04196E-1 2.04568E-1 2.02206E-1 1.97411E-1 1.94087E-1 1.96303E-1 1.9253E-1 1.96319E-1 1.96791E-1 1.99815E-1 2.03892E-1 2.0776E-1 2.08478E-1 2.03767E-1 1.96591E-1 1.94078E-1 1.95437E-1 1.90919E-1 1.93838E-1 1.93176E-1 1.94333E-1 1.9587E-1 1.96952E-1 1.94938E-1 1.98146E-1 1.96184E-1 1.9458E-1 1.95235E-1 2.00696E-1 2.08824E-1 2.15756E-1 2.11227E-1 2.33154E-1 2.09653E-1 2.12564E-1 2.06693E-1 2.09009E-1 2.29722E-1 2.26247E-1 2.06371E-1
2.23389E-1 2.1758E-1 2.12266E-1 2.02402E-1 2.00923E-1 2.04614E-1 2.03891E-1 2.07295E-1 2.07867E-1 2.11818E-1 2.19923E-1 2.15608E-1 2.06403E-1 2.0131E-1 1.95497E-1 1.95594E-1 1.94062E-1 1.96525E-1 2.00055E-1 2.03895E-1 2.07568E-1 2.07298E-1 2.06305E-1 2.05246E-1 2.0217E-1 1.96228E-1 1.94695E-1 1.96554E-1 2.00132E-1 1.98992E-1 2.00565E-1 2.02662E-1 2.05715E-1 2.03631E-1 2.00949E-1 1.96074E-1 1.91864E-1 1.9104E-1 1.91537E-1 1.98445E-1 2.0287E-1 2.02753E-1 2.01058E-1 1.98568E-1 1.93291E-1 1.89145E-1 1.85435E-1 1.86069E-1 1.89521E-1 2.01378E-1 2.09849E-1 2.06612E-1 2.0222E-1 2.26508E-1 2.23995E-1 2.19608E-1 2.10695E-1 2.13651E-1 2.16085E-1 2.16377E-1 2.04043E-1
2.27717E-1 2.23729E-1 2.19918E-1 2.08959E-1 2.05867E-1 2.07966E-1 2.09191E-1 2.09412E-1 2.07702E-1 2.07881E-1 2.14732E-1 2.26179E-1 2.13744E-1 2.07581E-1 2.02651E-1 1.99723E-1 1.9829E-1 1.98526E-1 2.01185E-1 2.06113E-1 2.09731E-1 2.12014E-1 2.11504E-1 2.07753E-1 2.0423E-1 1.9744E-1 1.95193E-1 1.94622E-1 1.98171E-1 2.03382E-1 2.03684E-1 2.01199E-1 2.03097E-1 2.037E-1 2.00852E-1 1.96817E-1 1.91942E-1 1.89911E-1 1.94299E-1 1.98811E-1 2.00441E-1 1.98133E-1 1.93947E-1 1.98282E-1 1.96161E-1 1.91019E-1 1.90858E-1 1.95178E-1 1.88792E-1 1.93143E-1 1.9412E-1 1.91415E-1 1.97307E-1 2.12655E-1 2.08762E-1 2.06651E-1 2.08508E-1 2.2595E-1 2.19135E-1 2.08932E-1 2.0337E-1
2.24257E-1 2.25362E-1 2.18661E-1 2.099E-1 2.10049E-1 2.11355E-1 2.13559E-1 2.13917E-1 2.15906E-1 2.16209E-1 2.17152E-1 2.21658E-1 2.17496E-1 2.12401E-1 2.10937E-1 2.08322E-1 2.04838E-1 2.04374E-1 2.03767E-1 2.07859E-1 2.10696E-1 2.10626E-1 2.10954E-1 2.0673E-1 2.02835E-1 1.96857E-1 1.92946E-1 1.9465E-1 1.97857E-1 2.01389E-1 2.02976E-1 2.03776E-1 2.02627E-1 2.02664E-1 2.02328E-1 1.98186E-1 1.90685E-1 1.89033E-1 1.90793E-1 1.92463E-1 1.96346E-1 1.9139E-1 1.87823E-1 1.85013E-1 1.87507E-1 1.87358E-1 1.90539E-1 1.88152E-1 1.79752E-1 1.75496E-1 1.82391E-1 1.92888E-1 2.1161E-1 2.17468E-1 2.06495E-1 2.04259E-1 2.1061E-1 2.23868E-1 2.20732E-1 2.05671E-1 2.10075E-1
2.15642E-1 2.1902E-1 2.15934E-1 2.13957E-1 2.07314E-1 2.11036E-1 2.12216E-1 2.15559E-1 2.21733E-1 2.27352E-1 2.25568E-1 2.18971E-1 2.15051E-1 2.1293E-1 2.12699E-1 2.0893E-1 2.06995E-1 2.06903E-1 2.04959E-1 2.09433E-1 2.12712E-1 2.13686E-1 2.12894E-1 2.11494E-1 2.08967E-1 1.98315E-1 1.93518E-1 1.9588E-1 1.97952E-1 2.02157E-1 2.03228E-1 2.21746E-1 2.1543E-1 2.20781E-1 2.12046E-1 2.00198E-1 1.98107E-1 1.93201E-1 1.92562E-1 1.9462E-1 1.94209E-1 1.93724E-1 1.88054E-1 1.84216E-1 1.82594E-1 1.86912E-1 1.86634E-1 1.86604E-1 1.84032E-1 1.84663E-1 1.98118E-1 2.10959E-1 2.09635E-1 2.14581E-1 2.16595E-1 2.13234E-1 2.01604E-1 2.12536E-1 2.16206E-1 2.04582E-1 1.98881E-1
2.10501E-1 2.13435E-1 2.13073E-1 2.10782E-1 2.09377E-1 2.09615E-1 2.0776E-1 2.06778E-1 2.1244E-1 2.19172E-1 2.17503E-1 2.12416E-1 2.15167E-1 2.14885E-1 2.11514E-1 2.11437E-1 2.08555E-1 2.07306E-1 2.08708E-1 2.17688E-1 2.21135E-1 2.19741E-1 2.18459E-1 2.1224E-1 2.06461E-1 2.06253E-1 1.94119E-1 1.97331E-1 2.00773E-1 2.01673E-1 2.04104E-1 2.1536E-1 2.14216E-1 2.11032E-1 2.11406E-1 2.12051E-1 2.12822E-1 2.10652E-1 2.03372E-1 1.95226E-1 1.91424E-1 1.88657E-1 1.81933E-1 1.82902E-1 1.8391E-1 1.87142E-1 1.84136E-1 1.95589E-1 1.96674E-1 1.99909E-1 2.02202E-1 1.97259E-1 1.99464E-1 2.0645E-1 2.1029E-1 2.0225E-1 2.01705E-1 2.07574E-1 2.14038E-1 2.1184E-1 2.02124E-1
2.15282E-1 2.18042E-1 2.13054E-1 2.15252E-1 2.14199E-1 2.09586E-1 2.1272E-1 2.17637E-1 2.15077E-1 2.13731E-1 2.07041E-1 2.02013E-1 2.03228E-1 2.07984E-1 2.09989E-1 2.12881E-1 2.14584E-1 2.10142E-1 2.1082E-1 2.09798E-1 2.11317E-1 2.13574E-1 2.1392E-1 2.12321E-1 2.05607E-1 2.0045E-1 1.9729E-1 1.96525E-1 1.97738E-1 2.01895E-1 2.02814E-1 2.05066E-1 2.08129E-1 2.10738E-1 2.13657E-1 2.15529E-1 2.14774E-1 2.10811E-1 2.07323E-1 2.016E-1 2.00833E-1 2.01278E-1 1.95728E-1 1.88752E-1 1.84065E-1 1.7876E-1 1.75042E-1 1.7976E-1 1.88281E-1 1.87454E-1 1.89667E-1 1.94691E-1 1.93134E-1 2.01656E-1 2.09353E-1 1.94885E-1 2.05708E-1 1.96811E-1 1.98865E-1 2.10494E-1 2.06447E-1
2.25007E-1 2.24404E-1 2.18185E-1 2.18136E-1 2.23471E-1 2.23126E-1 2.15619E-1 2.14621E-1 2.16952E-1 2.17083E-1 2.03659E-1 1.98113E-1 1.99288E-1 2.0688E-1 2.12375E-1 2.15765E-1 2.2028E-1 2.18352E-1 2.14198E-1 2.11727E-1 2.09582E-1 2.10393E-1 2.06732E-1 2.06384E-1 2.07217E-1 1.99509E-1 1.97221E-1 1.9574E-1 1.97867E-1 1.9907E-1 1.99149E-1 1.97969E-1 2.05361E-1 2.10601E-1 2.13557E-1 2.13919E-1 2.14889E-1 2.11315E-1 2.06998E-1 2.06584E-1 2.04143E-1 1.99672E-1 1.98021E-1 1.92023E-1 1.85128E-1 1.8874E-1 1.82336E-1 1.7662E-1 1.67274E-1 1.67942E-1 1.74656E-1 1.91343E-1 1.96506E-1 2.03761E-1 2.07367E-1 1.92075E-1 1.92636E-1 1.91076E-1 2.09927E-1 2.0407E-1 1.93057E-1
2.25141E-1 2.25937E-1 2.24808E-1 2.21142E-1 2.2133E-1 2.2183E-1 2.14453E-1 2.10367E-1 2.13961E-1 2.16477E-1 2.12245E-1 2.07233E-1 2.07778E-1 2.10246E-1 2.13818E-1 2.19667E-1 2.21205E-1 2.14356E-1 2.09397E-1 2.11237E-1 2.08038E-1 2.10307E-1 2.09655E-1 2.0239E-1 2.01755E-1 1.97589E-1 2.06237E-1 1.98805E-1 2.01038E-1 1.99068E-1 1.97296E-1 1.95788E-1 2.06776E-1 2.09434E-1 2.09375E-1 2.13827E-1 2.12098E-1 2.07933E-1 2.04867E-1 2.04924E-1 2.07028E-1 2.05275E-1 1.98026E-1 1.92758E-1 1.84008E-1 1.84536E-1 1.84163E-1 1.81685E-1 1.78308E-1 1.75283E-1 1.77165E-1 1.83752E-1 1.9318E-1 1.96441E-1 1.93428E-1 1.92372E-1 1.91759E-1 1.97437E-1 2.11833E-1 2.25796E-1 2.01159E-1
2.20785E-1 2.22092E-1 2.22906E-1 2.24832E-1 2.29136E-1 2.23782E-1 2.14145E-1 2.07949E-1 2.18536E-1 2.21336E-1 2.20515E-1 2.21628E-1 2.15047E-1 2.10184E-1 2.10427E-1 2.14654E-1 2.15456E-1 2.1816E-1 2.15858E-1 2.10798E-1 2.10218E-1 2.12715E-1 2.13131E-1 2.06131E-1 2.00284E-1 1.97931E-1 2.06314E-1 2.01945E-1 2.04356E-1 2.03901E-1 2.01435E-1 1.99248E-1 2.02075E-1 2.02707E-1 2.01872E-1 2.06652E-1 2.08234E-1 2.08189E-1 2.08742E-1 2.06354E-1 2.06199E-1 2.03933E-1 1.99452E-1 1.96894E-1 1.87376E-1 1.8541E-1 1.87844E-1 1.85345E-1 1.84524E-1 1.84776E-1 1.82842E-1 1.8794E-1 1.9283E-1 1.91195E-1 1.92443E-1 1.95305E-1 1.97005E-1 2.01553E-1 2.06073E-1 2.14819E-1 2.08276E-1
2.25676E-1 2.24136E-1 2.22406E-1 2.21379E-1 2.2495E-1 2.26639E-1 2.25709E-1 2.19143E-1 2.21908E-1 2.17439E-1 2.17908E-1 2.19912E-1 2.16157E-1 2.13154E-1 2.13811E-1 2.16697E-1 2.25513E-1 2.1924E-1 2.19145E-1 2.19358E-1 2.15917E-1 2.14023E-1 2.11133E-1 2.09252E-1 2.0548E-1 2.0407E-1 2.0576E-1 2.06437E-1 2.0365E-1 2.03383E-1 2.0407E-1 2.02502E-1 1.98437E-1 1.97647E-1 1.98992E-1 1.98948E-1 2.01229E-1 2.05805E-1 2.04279E-1 2.03432E-1 2.08432E-1 2.06992E-1 2.05443E-1 2.01596E-1 1.96881E-1 1.91159E-1 1.90384E-1 1.86005E-1 1.82952E-1 1.80861E-1 1.79426E-1 1.85293E-1 1.94054E-1 1.9571E-1 2.01685E-1 2.0827E-1 2.07842E-1 2.07146E-1 2.12818E-1 2.13465E-1 2.04045E-1
2.32807E-1 2.261E-1 2.20667E-1 2.20497E-1 2.21054E-1 2.23849E-1 2.29107E-1 2.27745E-1 2.2177E-1 2.22319E-1 2.15123E-1 2.10072E-1 2.14184E-1 2.22676E-1 2.24079E-1 2.29081E-1 2.29851E-1 2.28927E-1 2.26246E-1 2.23645E-1 2.18573E-1 2.18343E-1 2.17401E-1 2.16095E-1 2.13933E-1 2.11912E-1 2.09693E-1 2.0863E-1 2.07633E-1 2.05854E-1 2.06901E-1 2.1085E-1 2.06634E-1 2.04109E-1 2.04358E-1 2.02242E-1 2.01602E-1 2.01027E-1 2.04527E-1 2.08323E-1 2.14174E-1 2.12354E-1 2.10316E-1 2.07069E-1 2.04109E-1 2.0221E-1 1.97383E-1 1.88788E-1 1.85134E-1 1.8457E-1 1.80908E-1 1.79647E-1 1.81008E-1 1.7971E-1 1.90601E-1 1.94333E-1 1.94825E-1 2.00119E-1 2.0471E-1 2.04451E-1 2.12118E-1
2.20614E-1 2.19162E-1 2.09907E-1 2.11901E-1 2.13839E-1 2.18938E-1 2.25E-1 2.27814E-1 2.26228E-1 2.24163E-1 2.24347E-1 2.21062E-1 2.24275E-1 2.20581E-1 2.16438E-1 2.20445E-1 2.22949E-1 2.31402E-1 2.30143E-1 2.26322E-1 2.23608E-1 2.2127E-1 2.21495E-1 2.17816E-1 2.13967E-1 2.15802E-1 2.15988E-1 2.1077E-1 2.07397E-1 2.03857E-1 2.01279E-1 2.02559E-1 2.05167E-1 2.03787E-1 2.0106E-1 2.0171E-1 2.04258E-1 2.06848E-1 2.10086E-1 2.14079E-1 2.17695E-1 2.21018E-1 2.17367E-1 2.14397E-1 2.07258E-1 2.07967E-1 2.07874E-1 2.00383E-1 1.88451E-1 1.88469E-1 1.85751E-1 1.86049E-1 1.8713E-1 1.84553E-1 1.8101E-1 1.81682E-1 1.85759E-1 1.91322E-1 1.93371E-1 1.99452E-1 2.08406E-1
2.2415E-1 2.18035E-1 2.11272E-1 2.08714E-1 2.11743E-1 2.17353E-1 2.21558E-1 2.24277E-1 2.25159E-1 2.24154E-1 2.21178E-1 2.23898E-1 2.26217E-1 2.228E-1 2.18202E-1 2.20547E-1 2.21597E-1 2.23158E-1 2.22707E-1 2.21554E-1 2.2694E-1 2.26551E-1 2.30484E-1 2.32574E-1 2.22698E-1 2.14931E-1 2.13767E-1 2.06551E-1 2.02506E-1 1.98199E-1 1.99788E-1 1.99184E-1 1.99588E-1 1.99567E-1 2.0247E-1 2.03364E-1 2.07824E-1 2.13332E-1 2.17137E-1 2.19036E-1 2.24342E-1 2.25705E-1 2.1911E-1 2.12283E-1 2.07028E-1 2.07043E-1 2.08674E-1 2.05566E-1 1.99613E-1 1.93351E-1 1.95473E-1 1.95931E-1 1.98278E-1 1.94173E-1 1.8381E-1 1.75796E-1 1.82896E-1 1.88868E-1 1.90532E-1 1.90662E-1 2.04397E-1
2.19973E-1 2.12742E-1 2.1137E-1 2.11769E-1 2.14009E-1 2.18044E-1 2.22765E-1 2.29229E-1 2.27708E-1 2.30008E-1 2.30815E-1 2.31511E-1 2.33613E-1 2.3078E-1 2.27332E-1 2.26231E-1 2.26191E-1 2.23847E-1 2.21336E-1 2.16436E-1 2.18857E-1 2.21314E-1 2.24666E-1 2.34687E-1 2.46535E-1 2.3242E-1 2.16948E-1 2.07478E-1 2.0041E-1 2.003E-1 1.99795E-1 1.98032E-1 1.9792E-1 2.02136E-1 2.02159E-1 2.04213E-1 2.06319E-1 2.11178E-1 2.14442E-1 2.18374E-1 2.21831E-1 2.22971E-1 2.1834E-1 2.11774E-1 2.07428E-1 2.07782E-1 2.06641E-1 2.0575E-1 2.04711E-1 2.01208E-1 2.02141E-1 2.01355E-1 1.97505E-1 1.88845E-1 1.83461E-1 1.78015E-1 1.81616E-1 1.87617E-1 1.93626E-1 1.98768E-1 1.99715E-1
2.27604E-1 2.2503E-1 2.25504E-1 2.26803E-1 2.23522E-1 2.28517E-1 2.33012E-1 2.37354E-1 2.36075E-1 2.32091E-1 2.31388E-1 2.30511E-1 2.29402E-1 2.33067E-1 2.30673E-1 2.31672E-1 2.25394E-1 2.20232E-1 2.23297E-1 2.2006E-1 2.23949E-1 2.40955E-1 2.51365E-1 2.30435E-1 2.35991E-1 2.44053E-1 2.35386E-1 2.2486E-1 2.11421E-1 2.05123E-1 2.03893E-1 2.02528E-1 2.02036E-1 2.03121E-1 2.06419E-1 2.07479E-1 2.09013E-1 2.11379E-1 2.11808E-1 2.13714E-1 2.13789E-1 2.15219E-1 2.12778E-1 2.09262E-1 2.06666E-1 2.06917E-1 2.06381E-1 2.05336E-1 2.05024E-1 2.02843E-1 1.98131E-1 2.02545E-1 2.02831E-1 1.92036E-1 1.84942E-1 1.84595E-1 1.87292E-1 1.91048E-1 1.95816E-1 1.98344E-1 1.91434E-1
2.48084E-1 2.48832E-1 2.47009E-1 2.54246E-1 2.54932E-1 2.57274E-1 2.53185E-1 2.42435E-1 2.3763E-1 2.36559E-1 2.35484E-1 2.3195E-1 2.34734E-1 2.31273E-1 2.23682E-1 2.24219E-1 2.22938E-1 2.27367E-1 2.32574E-1 2.27049E-1 2.32948E-1 2.33371E-1 2.33858E-1 2.31287E-1 2.27965E-1 2.37005E-1 2.32001E-1 2.28709E-1 2.29381E-1 2.21861E-1 2.21257E-1 2.17763E-1 2.12904E-1 2.08595E-1 2.10195E-1 2.12133E-1 2.12527E-1 2.12011E-1 2.11363E-1 2.10757E-1 2.08185E-1 2.08443E-1 2.10983E-1 2.13902E-1 2.10089E-1 2.04867E-1 2.00922E-1 2.01065E-1 2.02269E-1 2.0222E-1 1.95587E-1 2.01858E-1 2.12899E-1 2.03281E-1 1.95999E-1 1.92009E-1 1.96605E-1 2.00001E-1 2.00227E-1 1.93097E-1 1.88993E-1
2.56546E-1 2.54287E-1 2.53191E-1 2.56107E-1 2.61254E-1 2.62043E-1 2.53276E-1 2.37514E-1 2.33185E-1 2.3214E-1 2.29607E-1 2.34163E-1 2.34805E-1 2.35241E-1 2.3301E-1 2.25168E-1 2.19746E-1 2.20388E-1 2.29537E-1 2.36635E-1 2.40279E-1 2.41815E-1 2.43092E-1 2.40421E-1 2.33792E-1 2.29691E-1 2.24624E-1 2.16904E-1 2.23545E-1 2.43668E-1 2.47878E-1 2.32695E-1 2.27249E-1 2.23867E-1 2.14919E-1 2.17459E-1 2.15919E-1 2.15417E-1 2.13697E-1 2.09937E-1 2.0628E-1 2.04179E-1 2.09293E-1 2.1585E-1 2.14024E-1 2.07106E-1 1.97476E-1 1.9385E-1 1.96464E-1 1.99066E-1 2.00341E-1 2.08633E-1 2.12466E-1 2.19181E-1 2.11797E-1 2.07412E-1 2.01788E-1 1.99111E-1 2.03348E-1 1.97405E-1 1.91443E-1
2.41416E-1 2.34086E-1 2.28966E-1 2.40561E-1 2.59245E-1 2.63419E-1 2.43295E-1 2.38976E-1 2.34081E-1 2.31225E-1 2.28106E-1 2.26546E-1 2.37645E-1 2.40402E-1 2.38647E-1 2.28106E-1 2.21381E-1 2.19947E-1 2.29048E-1 2.35815E-1 2.43737E-1 2.47954E-1 2.49607E-1 2.47351E-1 2.49293E-1 2.54168E-1 2.46096E-1 2.36306E-1 2.36988E-1 2.47488E-1 2.56567E-1 2.49872E-1 2.41071E-1 2.3565E-1 2.26268E-1 2.23552E-1 2.20654E-1 2.20331E-1 2.14879E-1 2.10312E-1 2.07106E-1 2.03398E-1 2.01299E-1 2.04424E-1 2.068E-1 2.02121E-1 1.9355E-1 1.88569E-1 1.9256E-1 1.99401E-1 2.03413E-1 2.07107E-1 2.07276E-1 2.18318E-1 2.166E-1 2.10615E-1 1.99973E-1 1.98158E-1 2.03561E-1 2.01419E-1 1.9755E-1
