maxent_outputs/red_flowers_troch_bombus_environ/red_330.asc
ncols         426
nrows         180
xllcorner     -130.0
yllcorner     24.0
cellsize      0.16666666666666666
NODATA_value  -9999
[rows 54 to 80 of 180, columns 244 to 304 of 426]
8.14539E-3 8.07492E-3 8.94698E-3 9.17536E-3 9.59278E-3 9.03633E-3 9.04496E-3 9.63924E-3 1.03616E-2 1.57176E-2 1.69187E-2 1.58138E-2 1.39748E-2 2.54518E-2 2.83598E-2 2.90929E-2 2.96971E-2 3.02563E-2 3.01884E-2 2.30696E-2 1.91229E-2 1.71954E-2 1.72258E-2 1.69911E-2 1.58494E-2 1.27855E-2 1.1352E-2 1.17248E-2 1.13733E-2 1.12677E-2 1.17456E-2 1.22625E-2 1.23269E-2 1.29878E-2 1.36061E-2 1.62293E-2 2.56032E-2 3.01147E-2 3.18149E-2 3.29799E-2 3.36161E-2 3.42986E-2 3.51123E-2 3.60628E-2 3.75901E-2 3.86393E-2 3.98591E-2 2.78175E-2 1.83211E-2 2.19417E-2 2.84925E-2 3.83159E-2 3.88581E-2 3.94207E-2 3.13855E-2 2.57884E-2 1.68504E-2 1.31653E-2 1.12869E-2 1.15819E-2 1.00201E-2
8.90243E-3 8.92825E-3 9.02714E-3 9.04777E-3 9.55194E-3 9.60369E-3 9.65669E-3 1.05236E-2 1.39478E-2 1.67334E-2 1.29122E-2 1.28917E-2 2.05581E-2 2.87778E-2 2.9729E-2 2.99873E-2 3.0277E-2 3.12667E-2 2.9082E-2 1.97119E-2 1.64145E-2 1.60583E-2 1.62288E-2 1.54998E-2 1.40361E-2 1.21999E-2 1.20073E-2 1.17309E-2 1.12765E-2 1.12848E-2 1.14238E-2 1.16446E-2 1.19749E-2 1.29599E-2 1.47043E-2 1.40037E-2 1.93424E-2 3.22696E-2 3.31973E-2 3.43218E-2 3.56672E-2 3.61689E-2 3.64808E-2 3.66087E-2 3.69073E-2 3.94588E-2 4.18153E-2 3.74452E-2 2.09466E-2 1.89459E-2 2.33865E-2 2.89193E-2 3.3716E-2 4.11655E-2 3.38952E-2 1.91651E-2 1.48807E-2 1.35932E-2 1.11218E-2 1.12431E-2 1.10393E-2
9.45735E-3 9.71677E-3 9.61506E-3 9.77048E-3 1.01426E-2 1.01277E-2 1.03654E-2 1.21217E-2 1.38196E-2 1.23157E-2 1.32051E-2 1.74746E-2 2.9601E-2 3.06472E-2 3.0786E-2 3.01876E-2 3.05781E-2 3.17073E-2 2.50748E-2 1.7024E-2 1.61563E-2 1.51785E-2 1.38755E-2 1.38694E-2 1.31495E-2 1.29639E-2 1.21745E-2 1.23286E-2 1.18203E-2 1.17604E-2 1.15139E-2 1.16942E-2 1.26055E-2 1.34096E-2 1.37935E-2 1.41272E-2 2.26981E-2 3.30537E-2 3.43017E-2 3.55175E-2 3.70486E-2 3.80813E-2 3.8749E-2 3.90056E-2 3.95466E-2 4.04988E-2 4.22262E-2 3.45179E-2 1.89592E-2 1.66621E-2 1.72452E-2 1.66865E-2 1.75806E-2 2.36134E-2 3.06473E-2 3.02158E-2 1.42046E-2 1.25222E-2 1.1799E-2 1.47419E-2 1.5568E-2
9.9843E-3 1.0306E-2 1.03758E-2 1.07575E-2 1.08951E-2 1.09158E-2 1.13202E-2 1.21639E-2 1.20249E-2 1.24422E-2 1.36979E-2 2.53273E-2 3.24944E-2 3.21548E-2 3.17636E-2 3.07391E-2 3.11375E-2 3.15025E-2 2.24645E-2 1.59426E-2 1.54629E-2 1.49411E-2 1.49457E-2 1.3591E-2 1.31101E-2 1.2843E-2 1.25863E-2 1.39454E-2 1.23927E-2 1.19708E-2 1.18668E-2 1.19397E-2 1.27777E-2 1.3681E-2 1.4595E-2 1.5417E-2 2.41307E-2 3.4106E-2 3.6718E-2 3.76201E-2 3.84284E-2 3.97183E-2 4.09157E-2 4.13618E-2 4.15249E-2 4.28444E-2 3.54976E-2 1.96652E-2 1.61154E-2 1.47155E-2 1.53024E-2 1.57968E-2 1.55094E-2 1.54279E-2 1.63546E-2 1.56017E-2 1.44391E-2 1.37464E-2 1.48001E-2 1.99014E-2 1.90007E-2
1.0548E-2 1.09153E-2 1.10348E-2 1.1108E-2 1.1348E-2 1.27273E-2 1.25795E-2 1.21959E-2 1.23013E-2 1.3389E-2 1.45517E-2 2.84318E-2 3.44247E-2 3.40376E-2 3.31099E-2 3.22155E-2 3.2249E-2 2.86608E-2 1.9067E-2 1.65731E-2 1.59762E-2 1.54353E-2 1.42529E-2 1.32566E-2 1.28727E-2 1.21535E-2 1.26943E-2 1.32086E-2 1.27693E-2 1.24938E-2 1.2284E-2 1.24712E-2 1.26927E-2 1.35892E-2 1.57679E-2 2.30605E-2 3.18914E-2 3.67881E-2 3.90635E-2 4.00789E-2 4.08142E-2 4.18642E-2 4.3475E-2 4.38647E-2 4.20614E-2 4.02642E-2 2.45117E-2 1.64951E-2 1.62404E-2 1.50616E-2 1.57784E-2 1.53136E-2 1.41419E-2 1.34407E-2 1.41213E-2 1.53904E-2 1.47846E-2 1.38525E-2 1.50511E-2 1.62242E-2 1.45264E-2
1.10383E-2 1.13681E-2 1.21312E-2 1.26798E-2 1.25635E-2 1.55418E-2 1.25958E-2 1.26151E-2 1.29824E-2 1.44097E-2 2.03616E-2 3.38711E-2 3.60268E-2 3.56656E-2 3.47867E-2 3.44386E-2 3.15847E-2 2.18733E-2 1.65759E-2 1.60764E-2 1.57064E-2 1.49676E-2 1.46787E-2 1.36563E-2 1.33577E-2 1.28862E-2 1.31365E-2 1.34381E-2 1.31425E-2 1.31363E-2 1.32114E-2 1.34201E-2 1.38752E-2 1.56382E-2 2.1206E-2 3.34502E-2 3.28666E-2 2.91686E-2 2.69167E-2 3.26154E-2 4.30687E-2 4.4405E-2 4.63792E-2 4.75973E-2 4.13705E-2 3.24432E-2 1.9284E-2 1.68657E-2 1.6528E-2 1.63242E-2 1.5666E-2 1.43043E-2 1.35469E-2 1.30845E-2 1.34498E-2 1.45912E-2 1.48939E-2 1.42327E-2 1.49691E-2 1.48957E-2 1.43677E-2
1.14137E-2 1.16924E-2 1.19032E-2 1.1973E-2 1.24378E-2 1.5233E-2 1.29862E-2 1.31451E-2 1.38978E-2 1.68003E-2 3.30524E-2 3.60083E-2 3.63787E-2 3.60297E-2 3.59004E-2 3.55874E-2 3.27024E-2 2.13926E-2 1.6984E-2 1.66171E-2 1.60901E-2 1.54334E-2 1.46355E-2 1.44744E-2 1.44342E-2 1.45686E-2 1.45302E-2 1.37849E-2 1.38281E-2 1.43747E-2 1.47984E-2 1.47984E-2 1.68594E-2 2.69678E-2 2.96173E-2 2.67712E-2 1.91643E-2 1.82048E-2 1.84367E-2 2.00821E-2 3.74424E-2 4.66245E-2 4.83356E-2 4.93979E-2 4.3987E-2 3.06699E-2 2.02254E-2 1.73106E-2 1.65783E-2 1.61951E-2 1.58387E-2 1.49774E-2 1.39365E-2 1.39055E-2 1.35634E-2 1.44572E-2 1.53246E-2 1.57411E-2 1.64619E-2 1.74405E-2 1.75828E-2
1.22027E-2 1.2587E-2 1.19423E-2 1.19014E-2 1.23044E-2 1.32122E-2 1.28687E-2 1.36928E-2 1.44417E-2 1.67627E-2 3.35544E-2 3.72916E-2 3.73173E-2 3.73382E-2 3.68354E-2 3.70048E-2 3.19867E-2 2.09189E-2 1.73151E-2 1.63991E-2 1.6764E-2 1.58137E-2 1.52431E-2 1.49799E-2 1.52204E-2 1.44756E-2 1.4523E-2 1.42863E-2 1.48687E-2 1.56338E-2 1.61043E-2 1.61535E-2 2.03548E-2 3.10253E-2 2.70091E-2 1.83149E-2 1.67912E-2 1.76754E-2 1.81287E-2 1.89687E-2 2.96369E-2 4.75117E-2 5.00367E-2 5.18926E-2 4.64738E-2 3.23E-2 2.10758E-2 1.73082E-2 1.66573E-2 1.62724E-2 1.5988E-2 1.56377E-2 1.47284E-2 1.4717E-2 1.45744E-2 1.5116E-2 1.67817E-2 1.83764E-2 2.1148E-2 2.36412E-2 2.53532E-2
1.22576E-2 1.23236E-2 1.23649E-2 1.23E-2 1.29123E-2 1.25907E-2 1.31852E-2 1.39512E-2 1.47186E-2 2.07697E-2 3.74342E-2 3.91152E-2 3.91112E-2 3.86095E-2 3.80247E-2 3.84335E-2 2.99755E-2 1.92768E-2 1.72676E-2 1.68717E-2 1.6917E-2 1.62159E-2 1.63015E-2 1.55845E-2 1.53574E-2 1.52814E-2 1.54627E-2 1.56921E-2 1.63211E-2 1.73042E-2 1.76801E-2 1.65261E-2 1.81514E-2 1.85504E-2 1.73383E-2 1.66048E-2 1.69092E-2 1.77807E-2 1.83838E-2 1.88668E-2 2.80389E-2 4.72076E-2 5.0353E-2 5.20914E-2 4.82175E-2 3.60585E-2 2.1481E-2 1.80628E-2 1.68711E-2 1.65844E-2 1.61302E-2 1.6006E-2 1.60242E-2 1.59756E-2 1.65917E-2 1.68696E-2 1.93394E-2 2.21087E-2 2.91654E-2 4.42331E-2 5.50331E-2
1.22173E-2 1.23747E-2 1.28554E-2 1.26471E-2 1.3222E-2 1.31E-2 1.39908E-2 1.43962E-2 1.57064E-2 3.30367E-2 4.03856E-2 4.07325E-2 4.01701E-2 3.91539E-2 3.88087E-2 3.95347E-2 3.71631E-2 2.50394E-2 2.05519E-2 1.87568E-2 1.79023E-2 1.78716E-2 1.7446E-2 1.59004E-2 1.56693E-2 1.5711E-2 1.62945E-2 1.62003E-2 1.62643E-2 1.58794E-2 1.67369E-2 1.81399E-2 1.89387E-2 1.71738E-2 1.70389E-2 1.78174E-2 1.77768E-2 1.81553E-2 1.83862E-2 1.91237E-2 2.26824E-2 4.58463E-2 5.00662E-2 5.08607E-2 5.04122E-2 3.57592E-2 2.12904E-2 1.87381E-2 1.77616E-2 1.74521E-2 1.7329E-2 1.69101E-2 1.6886E-2 1.80418E-2 1.90838E-2 1.96797E-2 2.1749E-2 3.15151E-2 6.38143E-2 7.53356E-2 7.55542E-2
1.21956E-2 1.24557E-2 1.29399E-2 1.31546E-2 1.33621E-2 1.36028E-2 1.41725E-2 1.46836E-2 1.75874E-2 3.94387E-2 4.19543E-2 4.18037E-2 4.13277E-2 4.04297E-2 4.00801E-2 4.033E-2 4.03058E-2 3.22199E-2 2.43426E-2 2.01644E-2 1.79513E-2 1.76048E-2 1.73848E-2 1.71968E-2 1.70824E-2 1.68564E-2 1.67987E-2 1.66806E-2 1.66334E-2 1.71929E-2 1.79967E-2 1.82318E-2 1.83101E-2 1.80952E-2 1.76949E-2 1.78266E-2 1.80837E-2 1.84984E-2 1.87751E-2 1.95076E-2 2.2015E-2 4.65183E-2 5.15841E-2 4.59691E-2 3.29431E-2 2.42876E-2 2.19391E-2 2.02831E-2 1.93202E-2 1.89743E-2 1.85741E-2 1.85842E-2 1.8613E-2 1.88434E-2 2.05613E-2 2.19267E-2 2.70447E-2 3.74187E-2 5.05416E-2 5.67399E-2 5.26504E-2
1.26513E-2 1.26369E-2 1.32964E-2 1.35103E-2 1.3802E-2 1.47755E-2 1.49351E-2 1.6605E-2 1.92837E-2 4.04622E-2 4.37517E-2 4.32597E-2 4.27368E-2 4.17181E-2 4.11639E-2 4.06915E-2 4.11893E-2 3.95995E-2 2.83987E-2 2.17166E-2 1.92092E-2 1.90691E-2 1.98385E-2 1.87332E-2 1.82975E-2 1.80263E-2 1.77156E-2 1.80564E-2 1.81606E-2 1.79984E-2 1.78252E-2 1.80169E-2 1.80624E-2 1.96704E-2 1.9254E-2 1.94815E-2 1.95537E-2 1.92254E-2 1.89941E-2 2.01761E-2 2.2089E-2 3.50755E-2 3.94736E-2 2.65718E-2 2.26474E-2 2.28478E-2 2.25262E-2 2.18151E-2 2.21783E-2 2.13583E-2 2.06118E-2 2.06477E-2 2.06319E-2 2.06534E-2 2.22207E-2 2.34671E-2 2.39451E-2 2.49157E-2 2.66534E-2 2.84994E-2 3.13264E-2
1.28998E-2 1.29675E-2 1.3674E-2 1.37889E-2 1.41173E-2 1.4696E-2 1.52941E-2 1.68003E-2 1.86582E-2 3.60908E-2 4.35307E-2 4.49533E-2 4.46754E-2 4.44535E-2 4.35976E-2 4.28851E-2 4.3069E-2 4.12473E-2 3.11891E-2 2.21491E-2 2.05767E-2 2.15212E-2 2.15352E-2 2.03196E-2 1.95844E-2 1.90642E-2 1.92286E-2 1.88348E-2 1.91586E-2 1.93936E-2 1.92178E-2 1.93361E-2 1.88919E-2 2.06593E-2 2.05585E-2 2.00778E-2 2.02689E-2 2.0287E-2 2.0324E-2 2.15271E-2 2.39237E-2 2.64238E-2 2.33766E-2 2.30829E-2 2.28617E-2 2.30915E-2 2.27681E-2 2.3325E-2 2.34737E-2 2.19758E-2 2.16484E-2 2.14741E-2 2.10554E-2 2.16283E-2 2.27355E-2 2.36445E-2 2.48792E-2 2.78802E-2 2.90961E-2 3.02489E-2 3.19568E-2
1.28859E-2 1.34365E-2 1.35627E-2 1.39151E-2 1.44366E-2 1.4735E-2 1.55986E-2 1.61905E-2 1.7384E-2 2.67603E-2 4.30552E-2 4.61389E-2 4.63519E-2 4.58909E-2 4.55023E-2 4.46382E-2 4.39535E-2 4.28726E-2 3.27178E-2 2.22123E-2 2.01526E-2 2.01143E-2 2.00858E-2 2.04948E-2 2.01522E-2 1.97277E-2 1.94064E-2 1.97143E-2 2.11718E-2 2.08312E-2 1.99542E-2 1.97644E-2 2.06837E-2 2.17296E-2 2.19586E-2 2.24637E-2 2.2471E-2 2.30648E-2 2.34046E-2 2.45484E-2 2.64507E-2 2.63321E-2 2.44076E-2 2.35818E-2 2.34343E-2 2.40003E-2 2.4097E-2 2.39265E-2 2.40737E-2 2.39213E-2 2.36428E-2 2.32431E-2 2.28265E-2 2.44199E-2 3.47213E-2 4.74963E-2 5.30439E-2 6.20997E-2 6.38991E-2 6.09433E-2 5.84261E-2
1.3577E-2 1.40755E-2 1.41418E-2 1.40453E-2 1.52347E-2 1.58275E-2 1.59642E-2 1.68686E-2 1.77769E-2 3.21932E-2 4.52999E-2 4.77075E-2 4.73903E-2 4.63293E-2 4.5942E-2 4.51283E-2 4.52306E-2 4.36547E-2 3.05502E-2 2.26648E-2 2.19187E-2 2.06778E-2 2.08431E-2 2.22367E-2 2.11046E-2 2.05119E-2 1.99501E-2 1.98435E-2 2.017E-2 1.99666E-2 1.99465E-2 2.05675E-2 2.1702E-2 2.24563E-2 2.36214E-2 2.60336E-2 2.65964E-2 2.79836E-2 2.90526E-2 3.69173E-2 3.4834E-2 2.71553E-2 2.433E-2 2.41619E-2 2.4506E-2 2.50973E-2 2.67E-2 4.04868E-2 5.16154E-2 5.16522E-2 4.77849E-2 4.16798E-2 3.35065E-2 3.65576E-2 4.79018E-2 5.52667E-2 6.94643E-2 7.03206E-2 7.00719E-2 6.35938E-2 4.90051E-2
1.42561E-2 1.50077E-2 1.48538E-2 1.44678E-2 1.49525E-2 1.57239E-2 1.68954E-2 1.833E-2 1.91461E-2 3.34228E-2 4.67439E-2 4.85444E-2 4.84775E-2 4.75469E-2 4.66079E-2 4.62925E-2 4.54417E-2 4.18068E-2 2.77061E-2 2.25903E-2 2.19571E-2 2.19005E-2 2.18273E-2 2.21772E-2 2.15461E-2 2.13658E-2 2.08451E-2 2.03226E-2 2.03615E-2 2.04689E-2 2.09737E-2 2.21806E-2 2.33609E-2 2.37762E-2 2.38137E-2 2.7252E-2 3.02113E-2 3.17918E-2 3.35401E-2 5.07014E-2 4.55857E-2 3.10719E-2 2.51744E-2 2.54527E-2 2.61035E-2 3.18801E-2 5.68203E-2 7.04436E-2 6.81812E-2 6.59171E-2 6.33258E-2 6.33599E-2 6.24099E-2 6.46284E-2 6.86232E-2 6.72564E-2 6.97955E-2 6.48941E-2 5.22625E-2 3.44786E-2 2.66182E-2
1.4916E-2 1.61746E-2 1.56421E-2 1.5452E-2 1.57746E-2 1.63321E-2 1.76188E-2 1.86595E-2 2.09967E-2 3.36477E-2 4.69137E-2 4.90763E-2 4.92442E-2 4.80738E-2 4.72403E-2 4.68909E-2 4.2666E-2 3.1747E-2 2.45274E-2 2.23274E-2 2.20264E-2 2.23923E-2 2.32673E-2 2.24715E-2 2.19064E-2 2.15017E-2 2.08683E-2 2.08139E-2 2.14114E-2 2.19959E-2 2.18807E-2 2.15658E-2 2.22002E-2 2.43794E-2 2.57131E-2 2.7984E-2 3.05614E-2 3.1255E-2 2.91467E-2 2.83448E-2 2.85298E-2 2.74219E-2 2.82455E-2 3.89877E-2 5.28352E-2 7.21185E-2 7.36821E-2 7.14228E-2 6.91138E-2 6.66345E-2 6.44041E-2 6.3714E-2 6.28497E-2 6.38163E-2 6.67112E-2 6.105E-2 4.36401E-2 2.9174E-2 2.44314E-2 2.38573E-2 2.14488E-2
1.57827E-2 1.54754E-2 1.55709E-2 1.57665E-2 1.58587E-2 1.65913E-2 1.8295E-2 2.02414E-2 2.25858E-2 2.44858E-2 4.0351E-2 4.80482E-2 4.97855E-2 4.92964E-2 4.91136E-2 4.60888E-2 3.61277E-2 2.45603E-2 2.32728E-2 2.24635E-2 2.23777E-2 2.24414E-2 2.26629E-2 2.22572E-2 2.19946E-2 2.17738E-2 2.12501E-2 2.08065E-2 2.11851E-2 2.18217E-2 2.2214E-2 2.27344E-2 2.24416E-2 2.27226E-2 2.45895E-2 2.68956E-2 3.05225E-2 3.23823E-2 2.94489E-2 3.05802E-2 3.12412E-2 4.18816E-2 6.49861E-2 7.7116E-2 7.65672E-2 7.50579E-2 7.43777E-2 7.18828E-2 6.91962E-2 6.71997E-2 6.51104E-2 6.3584E-2 6.24354E-2 5.29974E-2 3.91339E-2 3.0309E-2 2.49561E-2 2.19708E-2 2.12884E-2 2.29633E-2 2.20825E-2
1.5889E-2 1.58755E-2 1.58996E-2 1.63271E-2 1.63114E-2 1.73223E-2 1.89127E-2 2.12357E-2 2.30312E-2 2.41651E-2 3.17284E-2 4.39142E-2 4.61377E-2 4.70832E-2 4.63007E-2 4.22962E-2 2.77091E-2 2.45649E-2 2.38365E-2 2.38051E-2 2.35121E-2 2.35249E-2 2.3114E-2 2.31058E-2 2.24954E-2 2.21514E-2 2.18212E-2 2.12946E-2 2.1257E-2 2.12305E-2 2.1894E-2 2.22424E-2 2.25192E-2 2.32853E-2 2.50994E-2 2.78441E-2 4.09053E-2 5.54327E-2 4.70979E-2 5.53242E-2 5.41569E-2 6.93831E-2 7.46614E-2 7.56293E-2 7.56964E-2 7.54816E-2 7.46843E-2 7.12774E-2 6.86809E-2 6.36634E-2 5.18897E-2 4.00236E-2 3.131E-2 3.02068E-2 2.62913E-2 2.44983E-2 2.38645E-2 2.29161E-2 2.25046E-2 2.26736E-2 2.1948E-2
1.64139E-2 1.62464E-2 1.6313E-2 1.65626E-2 1.71469E-2 1.83387E-2 1.95798E-2 2.15627E-2 2.30143E-2 2.38594E-2 2.51003E-2 3.31174E-2 4.04439E-2 3.61359E-2 3.09999E-2 2.7314E-2 2.43844E-2 2.39195E-2 2.5758E-2 2.56048E-2 2.44878E-2 2.39705E-2 2.33092E-2 2.31032E-2 2.26737E-2 2.26998E-2 2.19875E-2 2.14765E-2 2.16436E-2 2.15602E-2 2.1755E-2 2.19749E-2 2.25795E-2 2.51361E-2 2.82735E-2 3.25521E-2 4.60417E-2 5.67174E-2 5.6578E-2 5.28788E-2 6.1003E-2 6.85972E-2 6.89055E-2 7.08169E-2 7.1894E-2 7.23338E-2 7.07566E-2 5.30913E-2 4.32533E-2 3.36845E-2 2.86131E-2 2.57585E-2 2.45925E-2 2.48328E-2 2.41943E-2 2.39913E-2 2.38885E-2 2.33771E-2 2.30344E-2 2.32187E-2 2.28183E-2
1.68192E-2 1.69196E-2 1.72355E-2 1.78217E-2 1.85091E-2 1.86832E-2 1.9955E-2 2.19383E-2 2.11035E-2 2.27474E-2 2.3706E-2 2.40857E-2 2.4485E-2 2.43721E-2 2.33311E-2 2.31893E-2 2.32212E-2 2.3758E-2 2.54173E-2 2.47366E-2 2.49446E-2 2.42669E-2 2.33348E-2 2.36159E-2 2.32292E-2 2.24336E-2 2.22208E-2 2.17766E-2 2.21497E-2 2.21279E-2 2.19657E-2 2.24113E-2 2.37825E-2 2.69764E-2 2.86094E-2 2.64985E-2 2.76065E-2 3.45948E-2 4.43287E-2 4.24132E-2 6.31474E-2 6.43772E-2 6.45056E-2 6.00329E-2 6.08593E-2 6.26842E-2 4.9058E-2 3.62346E-2 3.01479E-2 2.63268E-2 2.61653E-2 2.49512E-2 2.49859E-2 2.56703E-2 2.44085E-2 2.42686E-2 2.40489E-2 2.39063E-2 2.42511E-2 2.42601E-2 2.30487E-2
1.81806E-2 1.85952E-2 1.89193E-2 1.96728E-2 1.92913E-2 2.03174E-2 2.26867E-2 2.14083E-2 2.0079E-2 2.06293E-2 2.12818E-2 2.21946E-2 2.23238E-2 2.21253E-2 2.17659E-2 2.23246E-2 2.27013E-2 2.40141E-2 2.42207E-2 2.41577E-2 2.40305E-2 2.51157E-2 2.42036E-2 2.37903E-2 2.34408E-2 2.28354E-2 2.26552E-2 2.27262E-2 2.27315E-2 2.32978E-2 2.28692E-2 2.3601E-2 2.45915E-2 2.57026E-2 2.61409E-2 2.67081E-2 2.6926E-2 2.90148E-2 3.11766E-2 3.30507E-2 4.00674E-2 4.11557E-2 3.69925E-2 3.69115E-2 3.84038E-2 3.85142E-2 3.70435E-2 3.3026E-2 2.93072E-2 2.69646E-2 2.72084E-2 2.7424E-2 2.56814E-2 2.51306E-2 2.44751E-2 2.47533E-2 2.60899E-2 2.63368E-2 2.55442E-2 2.41908E-2 2.32338E-2
2.05254E-2 2.03851E-2 2.06348E-2 2.06411E-2 2.2045E-2 2.12392E-2 2.38568E-2 2.2023E-2 2.09876E-2 2.08389E-2 2.12358E-2 2.17046E-2 2.20899E-2 2.21104E-2 2.27286E-2 2.31367E-2 2.39997E-2 2.46917E-2 2.43132E-2 2.45548E-2 2.49082E-2 2.53589E-2 2.45739E-2 2.42722E-2 2.40383E-2 2.47276E-2 2.4065E-2 2.35833E-2 2.40796E-2 2.48365E-2 2.43143E-2 2.43607E-2 2.47398E-2 2.5488E-2 2.66889E-2 2.67699E-2 2.66791E-2 2.77032E-2 2.75973E-2 2.77221E-2 2.92247E-2 2.89486E-2 2.93449E-2 3.06935E-2 3.21121E-2 3.16517E-2 3.3527E-2 3.18122E-2 2.9169E-2 2.90874E-2 2.87203E-2 2.91162E-2 2.77161E-2 2.74769E-2 2.55075E-2 2.52206E-2 2.61701E-2 2.68372E-2 2.51064E-2 2.47608E-2 2.45883E-2
2.11597E-2 2.06367E-2 2.10474E-2 2.15569E-2 2.09837E-2 2.15259E-2 2.17435E-2 2.17831E-2 2.21361E-2 2.22384E-2 2.23574E-2 2.24393E-2 2.26969E-2 2.27881E-2 2.30343E-2 2.30128E-2 2.40253E-2 2.4176E-2 2.4495E-2 2.51224E-2 2.5474E-2 2.51309E-2 2.49721E-2 2.50924E-2 2.63416E-2 2.72801E-2 2.50856E-2 2.47834E-2 2.4971E-2 2.62254E-2 2.69824E-2 2.66768E-2 2.65364E-2 2.75949E-2 2.8127E-2 2.68846E-2 2.7493E-2 2.7877E-2 2.75694E-2 2.79536E-2 2.76054E-2 2.8247E-2 2.87662E-2 2.93685E-2 2.91319E-2 2.96291E-2 3.29514E-2 3.2006E-2 2.98161E-2 3.01966E-2 2.9967E-2 3.03774E-2 2.99165E-2 2.86413E-2 2.71766E-2 2.65897E-2 2.68465E-2 2.76317E-2 2.73206E-2 2.58224E-2 2.55536E-2
2.15289E-2 2.14157E-2 2.20109E-2 2.25342E-2 2.24435E-2 2.21253E-2 2.20086E-2 2.2116E-2 2.24279E-2 2.26665E-2 2.26713E-2 2.29755E-2 2.34073E-2 2.38572E-2 2.41536E-2 2.45342E-2 2.46924E-2 2.50626E-2 2.55176E-2 2.58945E-2 2.61882E-2 2.58485E-2 2.61152E-2 2.62965E-2 2.63611E-2 2.65855E-2 2.67248E-2 2.69417E-2 2.69337E-2 2.73741E-2 2.83609E-2 2.84802E-2 2.86623E-2 2.8092E-2 2.81735E-2 2.79736E-2 2.82128E-2 2.79437E-2 2.72169E-2 2.72485E-2 2.76014E-2 2.80553E-2 2.8238E-2 2.86402E-2 2.90216E-2 2.93865E-2 3.15534E-2 3.13857E-2 2.96403E-2 3.06457E-2 2.96764E-2 2.9338E-2 2.93266E-2 2.96553E-2 2.9761E-2 2.97123E-2 2.87627E-2 2.86205E-2 2.9211E-2 2.90543E-2 2.78798E-2
2.25637E-2 2.31166E-2 2.30529E-2 2.32623E-2 2.36313E-2 2.34457E-2 2.32209E-2 2.33823E-2 2.36425E-2 2.3972E-2 2.37834E-2 2.36079E-2 2.39221E-2 2.44907E-2 2.52646E-2 2.63342E-2 2.65289E-2 2.72907E-2 2.7814E-2 2.79331E-2 2.76632E-2 2.70624E-2 2.74284E-2 2.67517E-2 2.69061E-2 2.74057E-2 2.81248E-2 2.85289E-2 2.86854E-2 2.87217E-2 3.00537E-2 3.11813E-2 2.95582E-2 2.84177E-2 2.8817E-2 2.89761E-2 2.87586E-2 2.81063E-2 2.78358E-2 2.81811E-2 2.86828E-2 2.91139E-2 2.89319E-2 2.96652E-2 3.02898E-2 2.98549E-2 3.13056E-2 3.27179E-2 3.13306E-2 3.10163E-2 3.04742E-2 3.11777E-2 3.21466E-2 3.30217E-2 3.33426E-2 3.22534E-2 3.13172E-2 3.05975E-2 3.11532E-2 3.01455E-2 3.01317E-2
2.4445E-2 2.48252E-2 2.50343E-2 2.44177E-2 2.44413E-2 2.4174E-2 2.40098E-2 2.43138E-2 2.43873E-2 2.45119E-2 2.45341E-2 2.46482E-2 2.49439E-2 2.56013E-2 2.65368E-2 2.79911E-2 2.81421E-2 2.8201E-2 2.81858E-2 2.81906E-2 2.78556E-2 2.77309E-2 2.7709E-2 2.72218E-2 2.71618E-2 2.80747E-2 2.89465E-2 2.90506E-2 3.08962E-2 3.15409E-2 3.03879E-2 3.01381E-2 2.9503E-2 2.90252E-2 2.93535E-2 2.95973E-2 2.95214E-2 2.88515E-2 2.84837E-2 2.83774E-2 2.83589E-2 2.89229E-2 3.0099E-2 3.09444E-2 3.15711E-2 3.10309E-2 3.25898E-2 3.4108E-2 3.40772E-2 3.28414E-2 3.29995E-2 3.45499E-2 3.60565E-2 3.66674E-2 3.78544E-2 3.70848E-2 3.66464E-2 3.55972E-2 3.37905E-2 3.26271E-2 3.26385E-2
