maxent_outputs/red_flowers_troch_bombus_environ/red_37.asc
ncols         426
nrows         180
xllcorner     -130.0
yllcorner     24.0
cellsize      0.16666666666666666
NODATA_value  -9999
[rows 54 to 80 of 180, columns 244 to 304 of 426]
1.66965E-2 1.70431E-2 2.08699E-2 2.07076E-2 2.17287E-2 1.92617E-2 1.91803E-2 2.12887E-2 2.31994E-2 4.02553E-2 4.39409E-2 4.12164E-2 3.58901E-2 6.68997E-2 6.85551E-2 6.61684E-2 6.37127E-2 6.01602E-2 5.75946E-2 4.67392E-2 4.01338E-2 3.57573E-2 3.60297E-2 3.74947E-2 3.53086E-2 2.72273E-2 2.36786E-2 2.55695E-2 2.37708E-2 2.3891E-2 2.53391E-2 2.74003E-2 2.7586E-2 2.96728E-2 3.1166E-2 3.75423E-2 5.59419E-2 6.28861E-2 6.18994E-2 6.06479E-2 5.88721E-2 5.85514E-2 5.7177E-2 5.68034E-2 5.65801E-2 5.81645E-2 5.95563E-2 4.90582E-2 3.41792E-2 3.93553E-2 4.7472E-2 5.54198E-2 5.51692E-2 5.56008E-2 4.9412E-2 4.37001E-2 3.2367E-2 2.57225E-2 2.2038E-2 2.28949E-2 2.00822E-2
1.85711E-2 1.95243E-2 1.9161E-2 1.79079E-2 1.93757E-2 2.04181E-2 2.07127E-2 2.42999E-2 3.44273E-2 4.34039E-2 3.02035E-2 3.03067E-2 5.32085E-2 6.99187E-2 6.73445E-2 6.42155E-2 6.03322E-2 5.80755E-2 5.29082E-2 3.92691E-2 3.31845E-2 3.23567E-2 3.31689E-2 3.32401E-2 3.00593E-2 2.54247E-2 2.5382E-2 2.45787E-2 2.28117E-2 2.33054E-2 2.38413E-2 2.44215E-2 2.5777E-2 2.92225E-2 3.46649E-2 3.22613E-2 4.33583E-2 6.40225E-2 6.20563E-2 6.0771E-2 5.98515E-2 5.83809E-2 5.73976E-2 5.56553E-2 5.55341E-2 5.77436E-2 6.04992E-2 5.77991E-2 3.79897E-2 3.4164E-2 4.12586E-2 4.72536E-2 5.17369E-2 5.75844E-2 5.23193E-2 3.63453E-2 2.89878E-2 2.67013E-2 2.16452E-2 2.16907E-2 2.17623E-2
1.90566E-2 2.03286E-2 1.97435E-2 1.96407E-2 2.16287E-2 2.13083E-2 2.26667E-2 2.80728E-2 3.37971E-2 2.78117E-2 3.02719E-2 4.29196E-2 6.8669E-2 6.91121E-2 6.52706E-2 6.1394E-2 5.90559E-2 5.70144E-2 4.66738E-2 3.27302E-2 3.21443E-2 3.12137E-2 2.80586E-2 2.9412E-2 2.80018E-2 2.76542E-2 2.48632E-2 2.57263E-2 2.44027E-2 2.45562E-2 2.34929E-2 2.40229E-2 2.77841E-2 3.05742E-2 3.12624E-2 3.16325E-2 4.97711E-2 6.46139E-2 6.30589E-2 6.06827E-2 6.01028E-2 5.89885E-2 5.78179E-2 5.63557E-2 5.59018E-2 5.7376E-2 5.99553E-2 5.67599E-2 3.55636E-2 3.04373E-2 3.16932E-2 3.1235E-2 3.22196E-2 4.08399E-2 4.91843E-2 5.00141E-2 2.81262E-2 2.49231E-2 2.33952E-2 2.85313E-2 3.01384E-2
1.88927E-2 2.06477E-2 2.0984E-2 2.19501E-2 2.28559E-2 2.28705E-2 2.49099E-2 2.76405E-2 2.72774E-2 2.89497E-2 3.17421E-2 6.11663E-2 7.10513E-2 6.88151E-2 6.49661E-2 6.20471E-2 5.98791E-2 5.907E-2 4.42347E-2 3.07071E-2 3.08431E-2 3.04164E-2 3.20227E-2 2.8838E-2 2.79907E-2 2.70593E-2 2.64147E-2 3.19355E-2 2.62382E-2 2.47499E-2 2.38707E-2 2.49414E-2 2.82408E-2 3.17728E-2 3.37126E-2 3.49718E-2 5.15129E-2 6.56662E-2 6.403E-2 6.12672E-2 5.90529E-2 5.8716E-2 5.81264E-2 5.71681E-2 5.60373E-2 5.79014E-2 5.33462E-2 3.48432E-2 2.87925E-2 2.6507E-2 2.80796E-2 3.06908E-2 3.06363E-2 3.07235E-2 3.1258E-2 2.9158E-2 2.79489E-2 2.67492E-2 2.94663E-2 3.71895E-2 3.64345E-2
1.98222E-2 2.11658E-2 2.21337E-2 2.26504E-2 2.32222E-2 2.70651E-2 2.73995E-2 2.85742E-2 2.97257E-2 3.17839E-2 3.333E-2 6.52031E-2 7.36727E-2 6.99174E-2 6.67284E-2 6.41638E-2 6.28552E-2 5.68018E-2 3.83272E-2 3.37246E-2 3.26409E-2 3.26058E-2 3.04386E-2 2.77828E-2 2.67038E-2 2.45543E-2 2.63929E-2 2.8428E-2 2.702E-2 2.56471E-2 2.56056E-2 2.63848E-2 2.74209E-2 3.02239E-2 3.59598E-2 5.139E-2 6.39636E-2 6.76219E-2 6.54067E-2 6.2809E-2 5.96916E-2 5.91286E-2 5.85537E-2 5.71549E-2 5.61108E-2 5.57419E-2 4.03795E-2 2.81699E-2 2.78535E-2 2.62402E-2 2.89026E-2 2.8841E-2 2.7934E-2 2.74261E-2 2.7759E-2 2.92534E-2 2.82364E-2 2.71183E-2 2.97144E-2 3.14481E-2 2.91543E-2
2.08095E-2 2.19811E-2 2.45182E-2 2.68349E-2 2.57047E-2 3.78006E-2 2.75871E-2 2.81678E-2 2.97754E-2 3.33781E-2 4.91933E-2 7.45508E-2 7.65523E-2 7.20094E-2 6.90651E-2 6.696E-2 6.26298E-2 4.47338E-2 3.29953E-2 3.22841E-2 3.17596E-2 3.02605E-2 3.06355E-2 2.78423E-2 2.74641E-2 2.61687E-2 2.68807E-2 2.81434E-2 2.7956E-2 2.81795E-2 2.79276E-2 2.86346E-2 3.00081E-2 3.48555E-2 4.84247E-2 6.92789E-2 6.4328E-2 5.58609E-2 4.83172E-2 5.28859E-2 6.02411E-2 5.99158E-2 5.95023E-2 5.86732E-2 5.6542E-2 4.76589E-2 3.19608E-2 2.83845E-2 2.7947E-2 2.84056E-2 2.80707E-2 2.61446E-2 2.54752E-2 2.49062E-2 2.66443E-2 2.89122E-2 2.89899E-2 2.74624E-2 2.87617E-2 2.86016E-2 2.82167E-2
2.09087E-2 2.21448E-2 2.25713E-2 2.39242E-2 2.49113E-2 3.54729E-2 2.82611E-2 2.85584E-2 3.12841E-2 3.94143E-2 7.5114E-2 7.80905E-2 7.65034E-2 7.39711E-2 7.20569E-2 6.98643E-2 6.3923E-2 4.39537E-2 3.31814E-2 3.30614E-2 3.23502E-2 3.06568E-2 2.90731E-2 2.87805E-2 2.92706E-2 3.00211E-2 3.05105E-2 2.85449E-2 2.91898E-2 3.11714E-2 3.19535E-2 3.16951E-2 3.63326E-2 5.98008E-2 6.4959E-2 5.77903E-2 4.01105E-2 3.59819E-2 3.45822E-2 3.53016E-2 5.41819E-2 6.07778E-2 6.08205E-2 5.97592E-2 5.69736E-2 4.51355E-2 3.28304E-2 2.90601E-2 2.81525E-2 2.84433E-2 2.87449E-2 2.74033E-2 2.58061E-2 2.75707E-2 2.7395E-2 2.8449E-2 3.0357E-2 3.02671E-2 3.13587E-2 3.13468E-2 3.09789E-2
2.22617E-2 2.34137E-2 2.18993E-2 2.24185E-2 2.44448E-2 2.74481E-2 2.75042E-2 3.01851E-2 3.14865E-2 3.70982E-2 7.77268E-2 7.95397E-2 7.70651E-2 7.56063E-2 7.29211E-2 7.15801E-2 6.33179E-2 4.22133E-2 3.32392E-2 3.2237E-2 3.32457E-2 3.07581E-2 2.9259E-2 2.85751E-2 3.00808E-2 2.91073E-2 2.94201E-2 2.85886E-2 3.1067E-2 3.324E-2 3.4498E-2 3.39377E-2 4.44038E-2 6.60952E-2 5.92957E-2 3.91773E-2 3.42689E-2 3.53136E-2 3.46682E-2 3.42485E-2 4.70058E-2 6.19013E-2 6.17723E-2 6.18692E-2 5.8557E-2 4.62923E-2 3.35759E-2 2.85932E-2 2.81379E-2 2.84047E-2 2.86735E-2 2.8447E-2 2.71886E-2 2.85103E-2 2.87823E-2 2.95994E-2 3.20887E-2 3.25026E-2 3.55009E-2 3.71511E-2 3.89492E-2
2.1376E-2 2.12891E-2 2.20141E-2 2.25689E-2 2.56547E-2 2.51455E-2 2.84686E-2 3.12392E-2 3.25751E-2 5.00057E-2 8.42261E-2 8.18821E-2 7.97728E-2 7.68965E-2 7.40755E-2 7.27598E-2 5.94376E-2 3.7675E-2 3.32344E-2 3.26727E-2 3.24668E-2 3.12205E-2 3.10016E-2 2.93731E-2 2.95799E-2 3.03656E-2 3.04282E-2 3.12302E-2 3.37328E-2 3.62645E-2 3.61237E-2 3.32669E-2 3.6551E-2 3.83269E-2 3.60936E-2 3.36761E-2 3.48262E-2 3.75667E-2 3.71021E-2 3.59562E-2 4.76078E-2 6.43324E-2 6.3245E-2 6.22959E-2 5.91981E-2 4.94066E-2 3.3481E-2 2.8486E-2 2.70368E-2 2.75596E-2 2.88951E-2 2.89707E-2 2.93768E-2 2.95746E-2 3.04614E-2 3.13613E-2 3.38135E-2 3.62349E-2 4.49061E-2 5.81147E-2 6.29098E-2
2.01911E-2 2.11458E-2 2.26052E-2 2.27768E-2 2.53959E-2 2.58102E-2 2.89756E-2 3.11668E-2 3.55521E-2 7.9636E-2 8.88563E-2 8.36692E-2 8.10336E-2 7.7316E-2 7.46843E-2 7.55964E-2 7.20682E-2 4.95757E-2 3.97561E-2 3.6258E-2 3.34702E-2 3.38812E-2 3.3279E-2 2.90533E-2 2.90275E-2 2.95815E-2 3.12797E-2 3.08296E-2 3.04501E-2 3.03623E-2 3.22772E-2 3.62085E-2 3.72879E-2 3.3082E-2 3.3284E-2 3.74266E-2 3.84306E-2 3.8876E-2 3.8015E-2 3.74372E-2 4.06575E-2 6.48859E-2 6.46734E-2 6.27389E-2 6.09065E-2 4.87537E-2 3.30382E-2 2.88295E-2 2.75095E-2 2.80917E-2 2.97643E-2 2.99661E-2 2.96625E-2 3.13003E-2 3.31739E-2 3.35736E-2 3.55667E-2 4.38583E-2 6.70362E-2 7.16948E-2 7.31469E-2
1.92486E-2 2.07118E-2 2.25621E-2 2.3136E-2 2.52146E-2 2.65929E-2 2.84451E-2 3.02577E-2 3.85432E-2 8.96301E-2 8.86279E-2 8.3367E-2 8.0412E-2 7.90951E-2 7.87236E-2 7.66487E-2 7.61021E-2 6.28219E-2 4.54272E-2 3.82277E-2 3.3789E-2 3.26023E-2 3.24792E-2 3.19119E-2 3.187E-2 3.07782E-2 3.05517E-2 3.04273E-2 3.04666E-2 3.22918E-2 3.50034E-2 3.48936E-2 3.52549E-2 3.46635E-2 3.36291E-2 3.65249E-2 3.83637E-2 3.8978E-2 3.90465E-2 3.8078E-2 3.92622E-2 6.55844E-2 6.57482E-2 5.97785E-2 4.68078E-2 3.60871E-2 3.31922E-2 3.06224E-2 2.96908E-2 3.05308E-2 3.11552E-2 3.18128E-2 3.22795E-2 3.30038E-2 3.53467E-2 3.50316E-2 3.89906E-2 4.59957E-2 5.48222E-2 6.01894E-2 6.15345E-2
2.05405E-2 2.07746E-2 2.26658E-2 2.35835E-2 2.55882E-2 2.85956E-2 2.949E-2 3.33957E-2 3.76926E-2 8.65347E-2 8.68283E-2 8.3808E-2 8.32953E-2 8.14911E-2 8.01538E-2 7.92327E-2 7.935E-2 7.62563E-2 5.68934E-2 4.15174E-2 3.54603E-2 3.51035E-2 3.64629E-2 3.47855E-2 3.33285E-2 3.20261E-2 3.12133E-2 3.28299E-2 3.39871E-2 3.33237E-2 3.29439E-2 3.34226E-2 3.35461E-2 3.65461E-2 3.61143E-2 3.99855E-2 4.10208E-2 3.95918E-2 3.75744E-2 3.83488E-2 3.81529E-2 5.1973E-2 5.45592E-2 3.96899E-2 3.42259E-2 3.41597E-2 3.32452E-2 3.26619E-2 3.39139E-2 3.3958E-2 3.34869E-2 3.41256E-2 3.45127E-2 3.54739E-2 3.74123E-2 3.77319E-2 3.69981E-2 3.67121E-2 3.81667E-2 4.11139E-2 4.44512E-2
2.11732E-2 2.14423E-2 2.33408E-2 2.42477E-2 2.59153E-2 2.74975E-2 2.89244E-2 3.26123E-2 3.4662E-2 7.4496E-2 8.52366E-2 8.40337E-2 8.37601E-2 8.34123E-2 8.16804E-2 8.27486E-2 8.25635E-2 8.2021E-2 6.62337E-2 4.19979E-2 3.78236E-2 3.8063E-2 3.76556E-2 3.66602E-2 3.46162E-2 3.24282E-2 3.29448E-2 3.29965E-2 3.48773E-2 3.57067E-2 3.54286E-2 3.57304E-2 3.44891E-2 3.78344E-2 3.85418E-2 3.90781E-2 4.03475E-2 3.8645E-2 3.69272E-2 3.68881E-2 3.87503E-2 3.87957E-2 3.47535E-2 3.42266E-2 3.39894E-2 3.40027E-2 3.30485E-2 3.47031E-2 3.46293E-2 3.41135E-2 3.42456E-2 3.42507E-2 3.3656E-2 3.4784E-2 3.67639E-2 3.77232E-2 3.85207E-2 4.14075E-2 4.31117E-2 4.50031E-2 4.86919E-2
2.03308E-2 2.25711E-2 2.30384E-2 2.44673E-2 2.52567E-2 2.59473E-2 2.93203E-2 3.08635E-2 3.21613E-2 5.31337E-2 8.2997E-2 8.69777E-2 8.3986E-2 8.61055E-2 8.49741E-2 8.34889E-2 8.46839E-2 8.31843E-2 6.84583E-2 4.15915E-2 3.48117E-2 3.45204E-2 3.43029E-2 3.62679E-2 3.56334E-2 3.37421E-2 3.36015E-2 3.45262E-2 3.67308E-2 3.67556E-2 3.47674E-2 3.49642E-2 3.63817E-2 3.82322E-2 3.92592E-2 4.00826E-2 3.96593E-2 3.94E-2 3.83192E-2 3.88849E-2 3.91777E-2 3.69802E-2 3.54467E-2 3.44736E-2 3.44086E-2 3.51533E-2 3.53417E-2 3.54941E-2 3.59041E-2 3.62674E-2 3.63552E-2 3.58086E-2 3.53625E-2 3.77594E-2 4.87543E-2 6.07248E-2 6.57952E-2 7.32918E-2 7.5406E-2 7.4348E-2 7.49279E-2
2.20671E-2 2.38058E-2 2.42042E-2 2.41097E-2 2.64467E-2 2.76238E-2 2.93482E-2 3.17764E-2 3.34705E-2 6.3895E-2 8.36749E-2 8.71574E-2 8.64154E-2 8.48667E-2 8.36401E-2 8.21865E-2 8.48009E-2 8.49565E-2 6.07639E-2 4.14737E-2 3.74619E-2 3.41352E-2 3.48235E-2 3.93912E-2 3.73772E-2 3.56513E-2 3.42765E-2 3.4362E-2 3.48197E-2 3.42722E-2 3.37159E-2 3.47748E-2 3.66173E-2 3.68691E-2 3.85084E-2 4.19109E-2 4.0995E-2 4.0427E-2 4.03306E-2 5.15664E-2 4.81449E-2 3.83317E-2 3.47959E-2 3.49316E-2 3.50702E-2 3.7024E-2 3.96828E-2 5.49114E-2 6.51048E-2 6.52831E-2 6.12728E-2 5.62914E-2 4.83003E-2 5.12803E-2 6.00466E-2 6.65256E-2 7.63535E-2 7.80987E-2 7.86955E-2 7.49532E-2 6.45917E-2
2.42857E-2 2.61065E-2 2.55619E-2 2.46376E-2 2.49324E-2 2.75825E-2 3.07937E-2 3.49019E-2 3.58343E-2 6.63576E-2 8.59865E-2 8.64066E-2 8.6207E-2 8.48308E-2 8.35695E-2 8.2586E-2 8.09138E-2 7.73873E-2 5.20406E-2 3.7853E-2 3.5617E-2 3.48314E-2 3.51347E-2 3.73078E-2 3.64428E-2 3.67734E-2 3.54121E-2 3.53208E-2 3.57083E-2 3.54953E-2 3.54842E-2 3.65513E-2 3.77612E-2 3.67774E-2 3.59535E-2 3.77635E-2 4.11148E-2 4.15553E-2 4.35388E-2 6.17695E-2 5.60338E-2 4.1873E-2 3.44551E-2 3.60402E-2 3.76791E-2 4.57432E-2 6.90384E-2 8.03589E-2 7.90513E-2 7.66069E-2 7.51621E-2 7.40292E-2 7.25517E-2 7.3923E-2 7.53595E-2 7.42704E-2 7.59875E-2 7.39096E-2 6.57146E-2 5.00833E-2 4.12173E-2
2.55359E-2 2.73148E-2 2.66659E-2 2.61636E-2 2.64106E-2 2.80176E-2 3.171E-2 3.4016E-2 3.77319E-2 6.38665E-2 8.32802E-2 8.72681E-2 8.54696E-2 8.39965E-2 8.26198E-2 7.92727E-2 7.31233E-2 5.67487E-2 3.98472E-2 3.51838E-2 3.41749E-2 3.45369E-2 3.63137E-2 3.657E-2 3.63295E-2 3.54568E-2 3.45167E-2 3.47336E-2 3.71962E-2 3.796E-2 3.59388E-2 3.37892E-2 3.36275E-2 3.47773E-2 3.609E-2 3.80543E-2 3.95744E-2 4.19916E-2 3.96717E-2 3.84383E-2 3.74115E-2 3.6061E-2 3.8119E-2 5.0299E-2 6.37607E-2 7.96137E-2 8.28879E-2 8.19785E-2 8.08049E-2 7.81921E-2 7.72557E-2 7.60545E-2 7.41798E-2 7.33033E-2 7.38651E-2 6.86808E-2 5.63759E-2 4.23341E-2 3.70541E-2 3.67729E-2 3.39076E-2
2.65785E-2 2.63121E-2 2.66147E-2 2.63219E-2 2.57479E-2 2.70556E-2 3.06761E-2 3.2633E-2 3.41752E-2 4.0147E-2 7.01978E-2 8.38002E-2 8.42489E-2 8.37505E-2 8.08986E-2 7.65606E-2 5.94342E-2 3.65775E-2 3.42081E-2 3.31117E-2 3.41051E-2 3.54011E-2 3.54145E-2 3.56342E-2 3.54299E-2 3.51185E-2 3.40188E-2 3.29035E-2 3.42344E-2 3.52115E-2 3.54257E-2 3.47708E-2 3.2908E-2 3.23815E-2 3.49993E-2 3.7932E-2 4.25026E-2 4.72324E-2 4.36615E-2 4.11038E-2 3.94787E-2 4.999E-2 6.80293E-2 7.69868E-2 7.9111E-2 8.22743E-2 8.43919E-2 8.32811E-2 8.22085E-2 8.16538E-2 7.91338E-2 7.70944E-2 7.33077E-2 6.48976E-2 5.16469E-2 4.13757E-2 3.59606E-2 3.20312E-2 3.13631E-2 3.48394E-2 3.25406E-2
2.63529E-2 2.64177E-2 2.66178E-2 2.63848E-2 2.64767E-2 2.76154E-2 2.98356E-2 3.14771E-2 3.23057E-2 3.32216E-2 5.30579E-2 7.47394E-2 7.84558E-2 7.77123E-2 7.44155E-2 6.74684E-2 4.29786E-2 3.4655E-2 3.31762E-2 3.38978E-2 3.53462E-2 3.65014E-2 3.57055E-2 3.55198E-2 3.43287E-2 3.41483E-2 3.32754E-2 3.24484E-2 3.22898E-2 3.23416E-2 3.34187E-2 3.24768E-2 3.18849E-2 3.2701E-2 3.5178E-2 3.84593E-2 5.58932E-2 7.45577E-2 6.58423E-2 6.63233E-2 6.10557E-2 7.05408E-2 7.51623E-2 7.75536E-2 7.98782E-2 8.19868E-2 8.34415E-2 8.58182E-2 8.51617E-2 7.85953E-2 6.78111E-2 5.56082E-2 4.49938E-2 4.29388E-2 3.74503E-2 3.51283E-2 3.41259E-2 3.29359E-2 3.25847E-2 3.30539E-2 3.2005E-2
2.62623E-2 2.6535E-2 2.75751E-2 2.67497E-2 2.71098E-2 2.81092E-2 2.84884E-2 3.14782E-2 3.38625E-2 3.29921E-2 3.7785E-2 5.43115E-2 6.80354E-2 5.94898E-2 4.82789E-2 4.05687E-2 3.45612E-2 3.26553E-2 3.53394E-2 3.53362E-2 3.4929E-2 3.49728E-2 3.44767E-2 3.46016E-2 3.38335E-2 3.42882E-2 3.28734E-2 3.18494E-2 3.19223E-2 3.18108E-2 3.21839E-2 3.16336E-2 3.1075E-2 3.40706E-2 3.80761E-2 4.5585E-2 6.30376E-2 7.3671E-2 7.11241E-2 6.69852E-2 6.96095E-2 7.40067E-2 7.37664E-2 7.54475E-2 7.64974E-2 7.92018E-2 8.02039E-2 6.8738E-2 5.91805E-2 4.87396E-2 4.21947E-2 3.7735E-2 3.60247E-2 3.58599E-2 3.38169E-2 3.3141E-2 3.34277E-2 3.30303E-2 3.33364E-2 3.34931E-2 3.32052E-2
2.59503E-2 2.64737E-2 2.78117E-2 2.79492E-2 2.84623E-2 2.7979E-2 2.85892E-2 3.24276E-2 3.1435E-2 3.34707E-2 3.5373E-2 3.60458E-2 3.7701E-2 3.67223E-2 3.40011E-2 3.18366E-2 3.11259E-2 3.16682E-2 3.43639E-2 3.3562E-2 3.4875E-2 3.38578E-2 3.29899E-2 3.41588E-2 3.39347E-2 3.2801E-2 3.25122E-2 3.13416E-2 3.17499E-2 3.17522E-2 3.15225E-2 3.11481E-2 3.25559E-2 3.64787E-2 3.83295E-2 3.68422E-2 3.92602E-2 4.98379E-2 6.13281E-2 5.80822E-2 7.50049E-2 7.21812E-2 7.15856E-2 6.60486E-2 6.71096E-2 6.91019E-2 5.91149E-2 4.75556E-2 4.17971E-2 3.7322E-2 3.7705E-2 3.62555E-2 3.65857E-2 3.74003E-2 3.37697E-2 3.27516E-2 3.26611E-2 3.30718E-2 3.43048E-2 3.4459E-2 3.25881E-2
2.76701E-2 2.84449E-2 2.88854E-2 2.97639E-2 2.82534E-2 3.03398E-2 3.38628E-2 3.17384E-2 2.91504E-2 3.10014E-2 3.22214E-2 3.35664E-2 3.35717E-2 3.24252E-2 3.03923E-2 3.01835E-2 3.01393E-2 3.19917E-2 3.20291E-2 3.25029E-2 3.22854E-2 3.51512E-2 3.34468E-2 3.38259E-2 3.34442E-2 3.32371E-2 3.27085E-2 3.2297E-2 3.17831E-2 3.25799E-2 3.22059E-2 3.32082E-2 3.38047E-2 3.49918E-2 3.61766E-2 3.73636E-2 3.69833E-2 4.00628E-2 4.3782E-2 4.52539E-2 5.31697E-2 5.25151E-2 4.64729E-2 4.40019E-2 4.4732E-2 4.50891E-2 4.43041E-2 4.26083E-2 3.93546E-2 3.69646E-2 3.86329E-2 3.9948E-2 3.71577E-2 3.60477E-2 3.36691E-2 3.30591E-2 3.41261E-2 3.46691E-2 3.44149E-2 3.22148E-2 3.08416E-2
3.13221E-2 2.99929E-2 3.00964E-2 2.93339E-2 3.22675E-2 3.06856E-2 3.53171E-2 3.23098E-2 3.04311E-2 3.064E-2 3.08084E-2 3.14332E-2 3.24834E-2 3.26425E-2 3.25333E-2 3.19728E-2 3.24618E-2 3.32547E-2 3.21704E-2 3.27142E-2 3.34035E-2 3.45748E-2 3.30851E-2 3.32549E-2 3.31829E-2 3.45523E-2 3.38182E-2 3.26258E-2 3.27443E-2 3.40678E-2 3.30995E-2 3.24893E-2 3.28508E-2 3.37081E-2 3.61479E-2 3.58493E-2 3.52201E-2 3.69325E-2 3.66449E-2 3.67342E-2 3.88468E-2 3.83269E-2 3.75822E-2 3.84737E-2 3.95471E-2 3.91764E-2 4.20403E-2 3.99533E-2 3.77292E-2 3.89633E-2 3.90063E-2 4.01801E-2 3.83436E-2 3.71496E-2 3.39568E-2 3.25767E-2 3.37713E-2 3.45209E-2 3.1898E-2 3.11561E-2 3.11705E-2
2.98323E-2 2.72545E-2 2.74766E-2 2.90029E-2 2.83473E-2 2.93269E-2 2.99174E-2 2.9862E-2 3.12458E-2 3.12589E-2 3.12859E-2 3.18146E-2 3.20552E-2 3.27274E-2 3.24724E-2 3.09493E-2 3.2437E-2 3.1779E-2 3.26566E-2 3.33483E-2 3.42757E-2 3.31407E-2 3.29348E-2 3.2903E-2 3.439E-2 3.53129E-2 3.3103E-2 3.25629E-2 3.25875E-2 3.45977E-2 3.52504E-2 3.48494E-2 3.4143E-2 3.50651E-2 3.59258E-2 3.49868E-2 3.5394E-2 3.61441E-2 3.64381E-2 3.6824E-2 3.64667E-2 3.72446E-2 3.75498E-2 3.75128E-2 3.66575E-2 3.67955E-2 3.92569E-2 3.82525E-2 3.68774E-2 3.84069E-2 3.93382E-2 3.90647E-2 3.80486E-2 3.71128E-2 3.44922E-2 3.34818E-2 3.35517E-2 3.4448E-2 3.36238E-2 3.1303E-2 3.04524E-2
2.76713E-2 2.61137E-2 2.70078E-2 2.90097E-2 3.0166E-2 2.88852E-2 2.88015E-2 2.88671E-2 2.9657E-2 3.08248E-2 3.10978E-2 3.17982E-2 3.26826E-2 3.27149E-2 3.31317E-2 3.24484E-2 3.23367E-2 3.27414E-2 3.30094E-2 3.32283E-2 3.39315E-2 3.37003E-2 3.40199E-2 3.39385E-2 3.31775E-2 3.31188E-2 3.35464E-2 3.35475E-2 3.33116E-2 3.39796E-2 3.54734E-2 3.58066E-2 3.5811E-2 3.50763E-2 3.54171E-2 3.567E-2 3.69538E-2 3.63998E-2 3.59841E-2 3.5824E-2 3.63807E-2 3.6952E-2 3.63786E-2 3.67519E-2 3.63872E-2 3.60375E-2 3.73319E-2 3.63758E-2 3.5097E-2 3.69937E-2 3.6275E-2 3.5945E-2 3.58077E-2 3.60131E-2 3.64295E-2 3.67783E-2 3.45874E-2 3.48415E-2 3.50879E-2 3.42443E-2 3.25316E-2
2.75805E-2 2.83522E-2 2.79215E-2 2.94119E-2 3.08251E-2 3.04303E-2 2.94025E-2 2.95754E-2 3.04193E-2 3.19866E-2 3.16321E-2 3.12462E-2 3.19993E-2 3.29481E-2 3.35624E-2 3.41687E-2 3.34468E-2 3.41247E-2 3.39877E-2 3.43832E-2 3.41763E-2 3.3787E-2 3.44549E-2 3.31066E-2 3.29912E-2 3.28384E-2 3.34176E-2 3.37333E-2 3.43319E-2 3.46751E-2 3.72724E-2 3.85276E-2 3.65288E-2 3.42738E-2 3.50347E-2 3.6364E-2 3.70599E-2 3.65521E-2 3.57844E-2 3.65275E-2 3.68898E-2 3.72453E-2 3.61333E-2 3.72194E-2 3.73549E-2 3.57946E-2 3.61371E-2 3.67743E-2 3.60232E-2 3.61765E-2 3.53819E-2 3.62706E-2 3.76167E-2 3.82412E-2 3.78292E-2 3.69378E-2 3.62961E-2 3.55274E-2 3.58814E-2 3.43163E-2 3.3774E-2
3.02629E-2 3.07305E-2 3.06766E-2 3.00961E-2 3.0335E-2 3.00143E-2 2.97946E-2 3.01662E-2 3.01137E-2 3.14318E-2 3.12022E-2 3.16828E-2 3.22487E-2 3.32664E-2 3.42008E-2 3.51521E-2 3.38391E-2 3.36702E-2 3.30536E-2 3.26939E-2 3.28322E-2 3.29153E-2 3.30571E-2 3.28276E-2 3.2473E-2 3.2885E-2 3.37025E-2 3.34404E-2 3.61633E-2 3.86968E-2 3.64151E-2 3.60795E-2 3.55397E-2 3.41835E-2 3.48646E-2 3.59314E-2 3.74371E-2 3.6661E-2 3.57345E-2 3.55088E-2 3.49051E-2 3.52457E-2 3.62065E-2 3.74025E-2 3.80018E-2 3.62709E-2 3.65911E-2 3.75498E-2 3.84494E-2 3.74723E-2 3.70582E-2 3.84116E-2 3.94978E-2 4.03347E-2 4.03578E-2 4.00928E-2 3.96119E-2 3.85358E-2 3.76118E-2 3.59593E-2 3.51705E-2
