maxent_outputs/red_flowers_troch_bombus_environ/red_0.asc
ncols         426
nrows         180
xllcorner     -130.0
yllcorner     24.0
cellsize      0.16666666666666666
NODATA_value  -9999
[rows 0 to 26 of 180, columns 305 to 365 of 426]
3.67151E-3 3.69064E-3 3.81476E-3 3.68693E-3 3.74675E-3 3.76006E-3 3.86545E-3 3.92282E-3 3.96508E-3 3.98527E-3 4.10119E-3 4.13159E-3 4.2397E-3 4.421E-3 4.5884E-3 5.01243E-3 5.13756E-3 4.75607E-3 4.74535E-3 4.70467E-3 4.88073E-3 5.50254E-3 5.76035E-3 5.71515E-3 5.50169E-3 4.96026E-3 4.9325E-3 5.04788E-3 5.2401E-3 5.00439E-3 4.97239E-3 5.24111E-3 4.89075E-3 5.16213E-3 6.27608E-3 6.05912E-3 5.97022E-3 5.29229E-3 5.1131E-3 5.23281E-3 5.21024E-3 5.15424E-3 5.21537E-3 5.36513E-3 5.25126E-3 5.01938E-3 5.05458E-3 5.18319E-3 5.07521E-3 5.12163E-3 5.3215E-3 5.34268E-3 5.29834E-3 5.48785E-3 5.63933E-3 5.50784E-3 6.01382E-3 5.86012E-3 5.66155E-3 5.75954E-3 6.05233E-3
3.62778E-3 3.6572E-3 3.75839E-3 3.70156E-3 3.62711E-3 3.61908E-3 3.69639E-3 3.87621E-3 3.87638E-3 4.2257E-3 4.69058E-3 5.25322E-3 5.22861E-3 5.59549E-3 5.39499E-3 4.93074E-3 5.05139E-3 4.80287E-3 4.99259E-3 5.36366E-3 5.84203E-3 6.29628E-3 6.5351E-3 6.16322E-3 6.05605E-3 5.91757E-3 5.46842E-3 5.12228E-3 5.09766E-3 5.08951E-3 4.99567E-3 5.06902E-3 4.91688E-3 4.9018E-3 5.04722E-3 5.13342E-3 5.03013E-3 5.00796E-3 5.15146E-3 5.12592E-3 5.06893E-3 5.24115E-3 5.09979E-3 5.16717E-3 5.21342E-3 5.05027E-3 5.04037E-3 5.12706E-3 5.053E-3 5.06594E-3 5.13253E-3 5.32877E-3 5.39627E-3 5.56803E-3 5.46308E-3 5.46337E-3 5.51486E-3 5.56988E-3 5.58157E-3 5.81794E-3 5.9095E-3
3.69164E-3 3.71282E-3 3.64529E-3 3.67065E-3 3.72872E-3 3.73865E-3 3.91721E-3 3.9251E-3 3.89954E-3 3.9016E-3 4.70579E-3 5.06105E-3 5.22445E-3 5.2568E-3 5.09708E-3 5.49232E-3 5.30252E-3 5.04577E-3 4.89973E-3 5.31601E-3 6.09672E-3 5.8759E-3 5.67435E-3 5.35567E-3 5.12255E-3 5.22043E-3 5.12001E-3 5.21211E-3 5.16618E-3 5.30579E-3 5.12731E-3 4.99854E-3 5.09126E-3 5.17017E-3 5.15676E-3 5.10638E-3 5.05043E-3 4.94979E-3 5.06917E-3 5.31186E-3 5.20536E-3 5.23846E-3 5.19068E-3 5.37593E-3 5.25823E-3 5.15074E-3 5.05132E-3 5.072E-3 5.15368E-3 5.2191E-3 5.09004E-3 5.16804E-3 5.20834E-3 5.37966E-3 5.53532E-3 5.53696E-3 5.54291E-3 5.63214E-3 5.71698E-3 5.94408E-3 5.91182E-3
3.75066E-3 3.70772E-3 3.62818E-3 3.58806E-3 3.6776E-3 3.74089E-3 3.93019E-3 3.96821E-3 3.93403E-3 3.9561E-3 4.01533E-3 4.14317E-3 4.21178E-3 4.4671E-3 4.77029E-3 5.23485E-3 4.89193E-3 4.74108E-3 4.89664E-3 5.38224E-3 5.48277E-3 5.30227E-3 5.32322E-3 5.11161E-3 5.09446E-3 5.19837E-3 5.16735E-3 5.22189E-3 5.12146E-3 5.21396E-3 5.32082E-3 5.25308E-3 5.1265E-3 5.19501E-3 5.20304E-3 5.31587E-3 5.25026E-3 5.59016E-3 5.33883E-3 5.39186E-3 5.46712E-3 5.42976E-3 5.20243E-3 5.3619E-3 5.20867E-3 5.09356E-3 5.2565E-3 5.11144E-3 5.09004E-3 5.17706E-3 5.01105E-3 5.08571E-3 5.17999E-3 5.28755E-3 5.49068E-3 5.66763E-3 5.67736E-3 5.82524E-3 5.95907E-3 5.95784E-3 6.16799E-3
3.8218E-3 3.72441E-3 3.66775E-3 3.63803E-3 3.69982E-3 3.65246E-3 3.75766E-3 3.89046E-3 3.97139E-3 4.0258E-3 4.08499E-3 4.08404E-3 4.18737E-3 4.58371E-3 5.1954E-3 4.75506E-3 4.70697E-3 4.76635E-3 4.85357E-3 4.9853E-3 5.05862E-3 5.09661E-3 5.27158E-3 5.17009E-3 5.21109E-3 5.39738E-3 5.5085E-3 5.10268E-3 5.20287E-3 5.19899E-3 5.16241E-3 5.31953E-3 5.41025E-3 5.34912E-3 5.29612E-3 5.23663E-3 5.27907E-3 5.32738E-3 5.31293E-3 5.42958E-3 5.46308E-3 5.40501E-3 5.28262E-3 5.30035E-3 5.18263E-3 5.17891E-3 5.18354E-3 5.18423E-3 5.11928E-3 5.31888E-3 5.07817E-3 5.15798E-3 5.35997E-3 5.3929E-3 5.69573E-3 5.75684E-3 5.92778E-3 5.97225E-3 6.10766E-3 6.29678E-3 6.25607E-3
4.06405E-3 3.64608E-3 3.60247E-3 3.62619E-3 3.70613E-3 3.74482E-3 3.74948E-3 3.85298E-3 3.9896E-3 4.07973E-3 4.11686E-3 4.24113E-3 4.23394E-3 4.71895E-3 4.90979E-3 4.75442E-3 4.67214E-3 4.77714E-3 4.86692E-3 4.93268E-3 5.22452E-3 5.23751E-3 5.26243E-3 5.32975E-3 5.2778E-3 5.23185E-3 5.14503E-3 5.21632E-3 5.21915E-3 5.14537E-3 5.13175E-3 5.17974E-3 5.09902E-3 5.15862E-3 5.15915E-3 5.32426E-3 5.29894E-3 5.23559E-3 5.39585E-3 5.54948E-3 5.48992E-3 5.45672E-3 5.47366E-3 5.39123E-3 5.30084E-3 5.33167E-3 5.33823E-3 5.28942E-3 5.439E-3 5.46837E-3 5.3361E-3 5.23148E-3 5.3308E-3 5.51134E-3 5.80897E-3 6.08526E-3 6.05059E-3 6.08106E-3 6.10669E-3 6.17167E-3 6.45987E-3
9.04876E-1 3.50167E-3 3.53944E-3 3.49732E-3 3.51792E-3 3.62049E-3 3.6627E-3 3.81493E-3 3.94635E-3 3.999E-3 4.16768E-3 4.27799E-3 4.41699E-3 4.71985E-3 4.82935E-3 4.69967E-3 4.76995E-3 4.92819E-3 5.05044E-3 4.99354E-3 5.11276E-3 5.23442E-3 5.26384E-3 5.29457E-3 5.22974E-3 5.28925E-3 5.26816E-3 5.27484E-3 5.41788E-3 5.3733E-3 5.27429E-3 5.33745E-3 5.27262E-3 5.30084E-3 5.40273E-3 5.49749E-3 5.54623E-3 5.55156E-3 5.62884E-3 5.60704E-3 5.7822E-3 5.63126E-3 5.66806E-3 5.62153E-3 5.53091E-3 5.60309E-3 5.32065E-3 5.29352E-3 5.28607E-3 5.25796E-3 5.70519E-3 6.16175E-3 5.54842E-3 5.65535E-3 5.85582E-3 6.02033E-3 6.03785E-3 6.09855E-3 6.13287E-3 6.17424E-3 6.56672E-3
9.97804E-1 3.45597E-3 3.54444E-3 3.50975E-3 3.54641E-3 3.52389E-3 3.61415E-3 3.7704E-3 3.84182E-3 4.26784E-3 4.31057E-3 4.2473E-3 4.42356E-3 4.58068E-3 4.79135E-3 5.02631E-3 5.06649E-3 5.13364E-3 5.1987E-3 5.05824E-3 5.18974E-3 5.23176E-3 5.40337E-3 5.45616E-3 5.47932E-3 5.6579E-3 5.50763E-3 5.50261E-3 5.46633E-3 5.49042E-3 5.49717E-3 5.57631E-3 5.54579E-3 5.52395E-3 5.57248E-3 5.72697E-3 5.7879E-3 5.7953E-3 5.75975E-3 5.72045E-3 5.73033E-3 5.59317E-3 5.63924E-3 5.49557E-3 5.48502E-3 5.50617E-3 5.3327E-3 5.39884E-3 5.23901E-3 5.37887E-3 5.61402E-3 5.85709E-3 5.62783E-3 5.51386E-3 5.61519E-3 5.91984E-3 5.93505E-3 6.08622E-3 6.25523E-3 6.35343E-3 6.56932E-3
9.95306E-1 9.96917E-1 3.39975E-3 3.46944E-3 3.66762E-3 3.67677E-3 3.75321E-3 3.7363E-3 4.01054E-3 4.05837E-3 4.19378E-3 4.32019E-3 4.46325E-3 4.44342E-3 4.47952E-3 5.36748E-3 5.36228E-3 5.8135E-3 5.44052E-3 5.21697E-3 5.26836E-3 5.60216E-3 5.64727E-3 5.7167E-3 5.71416E-3 5.78488E-3 5.69059E-3 5.61056E-3 5.72267E-3 5.75161E-3 5.69037E-3 5.65206E-3 5.49634E-3 5.65198E-3 5.88771E-3 6.01405E-3 5.98336E-3 6.09713E-3 6.07396E-3 5.8743E-3 5.79965E-3 5.75037E-3 5.76007E-3 5.59205E-3 5.54397E-3 5.39783E-3 5.35493E-3 5.23951E-3 5.40141E-3 5.25669E-3 5.49574E-3 5.52643E-3 5.50783E-3 5.7653E-3 5.73225E-3 5.72097E-3 5.77813E-3 6.07747E-3 6.23876E-3 6.52003E-3 6.50782E-3
9.97593E-1 -9999 3.92438E-3 3.64065E-3 3.66377E-3 3.81844E-3 3.92076E-3 3.87489E-3 4.07123E-3 4.25856E-3 4.38881E-3 4.30191E-3 4.40795E-3 4.58387E-3 4.92896E-3 5.51938E-3 5.44768E-3 5.33097E-3 5.2413E-3 5.22617E-3 5.36131E-3 5.58049E-3 5.58487E-3 5.61877E-3 5.58548E-3 5.65296E-3 5.70429E-3 5.62593E-3 5.82849E-3 5.94218E-3 5.82732E-3 5.65193E-3 5.66956E-3 5.90761E-3 5.92574E-3 6.08808E-3 6.19547E-3 6.10322E-3 6.04371E-3 5.9584E-3 6.1195E-3 5.96843E-3 5.91237E-3 5.93505E-3 5.74376E-3 5.63233E-3 5.60667E-3 5.5308E-3 5.52222E-3 5.91997E-3 5.96606E-3 6.24095E-3 6.16421E-3 6.17022E-3 5.92011E-3 5.8377E-3 5.87351E-3 6.07116E-3 6.4043E-3 6.6618E-3 6.93092E-3
9.97601E-1 -9999 -9999 3.66973E-3 3.85007E-3 3.73911E-3 3.72953E-3 3.9E-3 4.16954E-3 4.27446E-3 4.33199E-3 4.39637E-3 4.42238E-3 4.54149E-3 4.69406E-3 5.08835E-3 5.04593E-3 5.04336E-3 5.10246E-3 5.20926E-3 5.40823E-3 5.67193E-3 5.74617E-3 5.63391E-3 5.63164E-3 5.59705E-3 5.83731E-3 5.79973E-3 5.65127E-3 5.77064E-3 5.58719E-3 5.73622E-3 5.92804E-3 5.97698E-3 6.102E-3 6.12725E-3 6.09164E-3 6.16205E-3 6.26493E-3 6.33338E-3 6.31186E-3 6.35222E-3 6.22791E-3 6.31615E-3 6.10616E-3 6.07903E-3 6.00833E-3 5.98133E-3 5.98728E-3 5.93897E-3 6.13162E-3 6.33103E-3 6.03654E-3 5.98039E-3 5.92369E-3 6.02744E-3 5.95417E-3 6.12209E-3 6.33406E-3 6.69606E-3 6.99088E-3
3.73825E-3 5.85277E-3 4.33716E-3 3.92457E-3 3.89844E-3 3.96261E-3 3.99131E-3 4.2706E-3 4.33208E-3 4.34153E-3 4.49179E-3 4.58129E-3 4.83982E-3 4.7924E-3 4.83129E-3 4.8547E-3 4.85792E-3 5.03115E-3 5.48765E-3 5.67015E-3 5.7819E-3 5.58316E-3 5.48351E-3 5.61856E-3 5.66794E-3 5.8588E-3 5.83092E-3 5.81295E-3 5.84669E-3 5.79338E-3 5.88834E-3 5.83888E-3 5.85766E-3 5.94298E-3 6.05517E-3 6.2104E-3 6.26862E-3 6.38907E-3 6.50478E-3 6.78331E-3 6.8865E-3 6.74431E-3 6.91055E-3 6.75381E-3 6.25112E-3 6.09661E-3 5.80984E-3 5.85393E-3 5.82779E-3 5.84913E-3 5.91779E-3 5.96194E-3 5.97359E-3 5.69215E-3 6.11369E-3 6.23773E-3 6.49329E-3 6.47389E-3 6.36325E-3 6.64391E-3 6.82355E-3
9.96355E-1 4.09571E-3 4.24472E-3 4.06194E-3 3.95293E-3 4.00626E-3 4.00603E-3 4.11787E-3 4.2577E-3 4.2661E-3 4.46218E-3 4.48407E-3 4.56593E-3 4.5999E-3 4.64623E-3 4.76284E-3 4.83243E-3 4.98921E-3 5.2116E-3 5.59528E-3 5.81903E-3 5.76201E-3 5.78754E-3 5.80201E-3 5.79488E-3 5.90315E-3 6.01219E-3 6.01114E-3 5.90584E-3 5.87397E-3 5.74534E-3 5.91018E-3 5.89852E-3 6.08391E-3 6.0958E-3 6.21074E-3 6.37943E-3 6.52889E-3 7.12292E-3 7.21137E-3 7.23686E-3 7.40083E-3 6.988E-3 6.49567E-3 6.22454E-3 6.02359E-3 5.71291E-3 5.79395E-3 5.8695E-3 5.60436E-3 6.10592E-3 6.15447E-3 5.87003E-3 6.03918E-3 5.96319E-3 6.35958E-3 6.45973E-3 6.49091E-3 6.46038E-3 6.58101E-3 6.88881E-3
4.08076E-3 4.24683E-3 4.2945E-3 4.12735E-3 4.15496E-3 4.04411E-3 4.13298E-3 4.37226E-3 4.46568E-3 4.47921E-3 4.49952E-3 4.57258E-3 4.8255E-3 4.76151E-3 4.78889E-3 4.84658E-3 4.92058E-3 5.15404E-3 5.26119E-3 5.65671E-3 5.64654E-3 5.76395E-3 5.77143E-3 5.88374E-3 6.00968E-3 5.95888E-3 6.04026E-3 6.04261E-3 6.02892E-3 6.03421E-3 6.01887E-3 6.14574E-3 6.32913E-3 6.29173E-3 6.31698E-3 6.34884E-3 6.63108E-3 7.21601E-3 7.99952E-3 7.86513E-3 7.61042E-3 7.101E-3 6.7808E-3 6.18905E-3 5.99194E-3 5.9856E-3 5.78289E-3 5.67886E-3 5.74848E-3 5.82477E-3 5.81677E-3 5.73818E-3 5.71357E-3 6.16346E-3 7.30793E-3 6.21375E-3 6.36843E-3 6.86627E-3 6.90828E-3 6.77358E-3 7.40807E-3
4.72861E-3 4.42602E-3 4.67324E-3 4.11368E-3 4.11149E-3 4.15066E-3 4.2518E-3 4.5072E-3 4.56577E-3 4.55022E-3 4.66459E-3 4.85305E-3 4.90695E-3 4.90675E-3 4.92378E-3 4.99571E-3 5.10568E-3 5.11121E-3 5.37882E-3 5.66984E-3 5.6964E-3 5.76372E-3 5.80954E-3 5.99706E-3 5.96181E-3 6.01927E-3 5.98034E-3 5.97427E-3 6.07835E-3 6.11636E-3 6.11371E-3 6.22964E-3 6.37781E-3 6.40882E-3 6.49761E-3 6.36203E-3 6.70041E-3 7.21929E-3 7.05483E-3 7.08746E-3 6.97042E-3 6.75578E-3 6.58341E-3 6.48076E-3 6.27368E-3 6.11483E-3 5.87721E-3 5.78048E-3 5.81482E-3 6.00863E-3 5.81391E-3 5.93701E-3 6.06298E-3 6.06411E-3 6.7357E-3 6.34066E-3 6.4472E-3 6.85375E-3 6.86417E-3 7.14158E-3 8.67658E-3
4.42422E-3 4.90711E-3 4.58357E-3 4.35272E-3 4.31284E-3 4.39438E-3 4.46343E-3 4.631E-3 4.72767E-3 4.65491E-3 4.87831E-3 4.94847E-3 4.92323E-3 5.08345E-3 5.22946E-3 5.15252E-3 5.33213E-3 5.33479E-3 5.44568E-3 5.69195E-3 5.88585E-3 6.07664E-3 6.15807E-3 6.44766E-3 6.32793E-3 6.28978E-3 6.18342E-3 6.05331E-3 6.12705E-3 6.1014E-3 6.11056E-3 6.2526E-3 6.40055E-3 6.47839E-3 6.48551E-3 6.33584E-3 6.95797E-3 6.89315E-3 6.76022E-3 6.9354E-3 6.84712E-3 6.7439E-3 6.66007E-3 6.47433E-3 6.43853E-3 6.12082E-3 6.06391E-3 5.70441E-3 5.82972E-3 5.74999E-3 5.9214E-3 6.21535E-3 6.38346E-3 6.0982E-3 6.21453E-3 6.36613E-3 6.45113E-3 6.86393E-3 7.13042E-3 7.28551E-3 8.94627E-3
4.48078E-3 4.75757E-3 4.64985E-3 4.41657E-3 4.50641E-3 4.70008E-3 4.77105E-3 4.67313E-3 4.99925E-3 5.27815E-3 5.14915E-3 5.16386E-3 5.19041E-3 5.27436E-3 5.09775E-3 5.19643E-3 5.45983E-3 5.54581E-3 5.64109E-3 5.9624E-3 6.08239E-3 6.19123E-3 6.30804E-3 6.24598E-3 6.25349E-3 6.12657E-3 6.20831E-3 6.34924E-3 6.39902E-3 6.3088E-3 6.27112E-3 6.18012E-3 6.35029E-3 6.41688E-3 7.11E-3 9.00346E-3 8.82956E-3 7.96192E-3 7.3133E-3 6.86585E-3 6.84706E-3 6.89076E-3 6.68224E-3 6.79569E-3 6.39282E-3 6.06244E-3 5.90501E-3 5.78094E-3 5.82202E-3 5.78838E-3 5.65119E-3 6.04432E-3 6.9255E-3 6.80656E-3 6.4195E-3 6.64877E-3 6.78061E-3 6.85766E-3 7.25569E-3 7.41075E-3 8.20689E-3
4.56826E-3 4.54338E-3 4.58776E-3 4.56288E-3 4.74077E-3 4.93701E-3 4.84381E-3 4.93723E-3 5.181E-3 5.42427E-3 5.24011E-3 5.1883E-3 5.36173E-3 5.23714E-3 5.10105E-3 5.33668E-3 5.59031E-3 5.65975E-3 5.55305E-3 5.87797E-3 5.90038E-3 6.06378E-3 6.40595E-3 6.14167E-3 6.15254E-3 6.09159E-3 6.20362E-3 6.23893E-3 6.34138E-3 6.54973E-3 6.43961E-3 6.43887E-3 6.45174E-3 7.97352E-3 1.01148E-2 8.59227E-3 7.77609E-3 7.52706E-3 7.17799E-3 7.19553E-3 7.22925E-3 7.22124E-3 7.05307E-3 6.82159E-3 6.42143E-3 6.26634E-3 5.85839E-3 5.79105E-3 5.79122E-3 5.8149E-3 5.58731E-3 5.76873E-3 6.44391E-3 6.86168E-3 6.76553E-3 7.02156E-3 7.25552E-3 7.2357E-3 7.73875E-3 7.38544E-3 7.48989E-3
4.62543E-3 4.52424E-3 4.65321E-3 4.73077E-3 4.94284E-3 5.19427E-3 5.2917E-3 5.48141E-3 5.71075E-3 5.56962E-3 5.46936E-3 5.62353E-3 5.8365E-3 6.07977E-3 5.66255E-3 5.52537E-3 5.53958E-3 5.83358E-3 5.85026E-3 5.85678E-3 5.94055E-3 6.13709E-3 6.34599E-3 6.49501E-3 6.34807E-3 6.25334E-3 6.34036E-3 6.7237E-3 6.72023E-3 6.6639E-3 6.52379E-3 6.82807E-3 9.69845E-3 9.98604E-3 8.07074E-3 7.61043E-3 6.77242E-3 6.97926E-3 7.29649E-3 7.7533E-3 7.36509E-3 7.27081E-3 6.9048E-3 6.77391E-3 6.45863E-3 6.30388E-3 5.86001E-3 5.47716E-3 5.52162E-3 5.64415E-3 5.63261E-3 5.58614E-3 6.37725E-3 6.40157E-3 6.76175E-3 7.45613E-3 8.01726E-3 7.53603E-3 7.35119E-3 7.36127E-3 7.49859E-3
4.53594E-3 4.62947E-3 4.79348E-3 4.99039E-3 5.09488E-3 5.31528E-3 5.3918E-3 5.52324E-3 5.42538E-3 5.39539E-3 5.44555E-3 5.49162E-3 5.69226E-3 5.85813E-3 5.49328E-3 5.51289E-3 5.75967E-3 5.68801E-3 5.5936E-3 5.769E-3 5.75964E-3 5.99478E-3 6.10732E-3 6.37223E-3 6.34414E-3 6.52818E-3 6.68738E-3 6.89973E-3 6.8576E-3 6.86529E-3 6.8449E-3 8.13016E-3 9.3777E-3 7.53988E-3 7.28345E-3 7.32024E-3 7.20489E-3 7.16614E-3 7.42958E-3 7.33575E-3 7.21409E-3 6.99485E-3 6.80821E-3 6.64131E-3 6.37428E-3 6.17641E-3 6.02485E-3 5.67261E-3 5.5976E-3 6.10017E-3 6.29409E-3 5.98368E-3 5.99567E-3 6.66351E-3 7.02116E-3 7.88554E-3 7.7061E-3 7.37989E-3 7.25314E-3 6.95025E-3 7.1847E-3
4.62862E-3 4.73358E-3 4.79604E-3 5.17761E-3 5.27568E-3 5.46147E-3 5.56027E-3 5.55571E-3 5.54405E-3 5.46421E-3 5.38701E-3 5.42099E-3 5.51252E-3 5.43839E-3 5.54964E-3 5.67614E-3 5.6843E-3 5.54005E-3 5.75859E-3 6.02685E-3 5.91334E-3 6.04106E-3 6.33353E-3 6.63267E-3 6.50102E-3 6.73874E-3 6.79747E-3 6.8995E-3 7.04085E-3 6.94206E-3 6.86006E-3 8.50154E-3 7.24511E-3 7.05813E-3 7.41793E-3 7.549E-3 7.37908E-3 7.44692E-3 7.70831E-3 7.43543E-3 7.16759E-3 7.0221E-3 6.75651E-3 6.70752E-3 6.46283E-3 6.2586E-3 6.15213E-3 5.91596E-3 5.94217E-3 5.98967E-3 6.55471E-3 6.30471E-3 5.94841E-3 6.27903E-3 6.95881E-3 7.90532E-3 8.3861E-3 7.37532E-3 7.36657E-3 6.99342E-3 6.87266E-3
4.78582E-3 4.79613E-3 4.9107E-3 5.17567E-3 5.32405E-3 5.4181E-3 5.42757E-3 5.54585E-3 5.54872E-3 5.36861E-3 5.26517E-3 5.45206E-3 5.45225E-3 5.58901E-3 5.47334E-3 5.31464E-3 5.45798E-3 5.51709E-3 5.83541E-3 5.852E-3 5.85261E-3 5.93435E-3 6.3223E-3 6.53348E-3 6.49577E-3 6.75784E-3 6.7872E-3 7.0166E-3 7.0929E-3 7.28924E-3 6.97638E-3 7.49074E-3 7.15238E-3 7.17758E-3 7.3186E-3 7.41849E-3 7.51127E-3 7.56239E-3 7.66432E-3 7.54891E-3 7.12469E-3 6.97896E-3 6.86721E-3 6.96309E-3 6.84257E-3 6.55863E-3 6.07806E-3 5.93099E-3 5.93277E-3 6.04759E-3 6.11448E-3 6.00679E-3 6.35677E-3 6.62059E-3 6.62577E-3 7.54049E-3 8.04506E-3 7.60955E-3 7.48845E-3 7.70368E-3 7.66349E-3
5.03363E-3 5.00676E-3 5.17815E-3 5.26047E-3 5.21216E-3 5.41348E-3 5.38075E-3 5.43851E-3 5.42902E-3 5.4784E-3 5.63648E-3 5.36925E-3 5.35002E-3 5.66314E-3 5.56142E-3 5.2609E-3 5.37537E-3 5.47568E-3 5.53612E-3 5.66423E-3 5.71522E-3 5.96031E-3 6.04654E-3 6.39779E-3 6.44352E-3 6.46412E-3 6.64806E-3 6.72864E-3 7.05556E-3 7.10895E-3 7.04137E-3 7.3451E-3 7.14419E-3 7.20129E-3 7.27811E-3 7.35324E-3 7.49189E-3 7.588E-3 7.37508E-3 7.25906E-3 7.47106E-3 7.0658E-3 6.77032E-3 6.80385E-3 6.94052E-3 6.57514E-3 6.40081E-3 6.43532E-3 6.14898E-3 6.2126E-3 6.13167E-3 6.45244E-3 6.6232E-3 6.91449E-3 7.1159E-3 7.40995E-3 8.06533E-3 8.09157E-3 7.91398E-3 8.67446E-3 8.4981E-3
5.17439E-3 5.15041E-3 5.12389E-3 5.20072E-3 5.24696E-3 5.32938E-3 5.28801E-3 5.42142E-3 5.3932E-3 5.34071E-3 5.57178E-3 5.34706E-3 5.28744E-3 5.5909E-3 5.29592E-3 5.25044E-3 5.18579E-3 5.29155E-3 5.34307E-3 5.43952E-3 5.54963E-3 5.81722E-3 5.99032E-3 6.06237E-3 6.16942E-3 6.27864E-3 6.51164E-3 6.72959E-3 7.00968E-3 7.09119E-3 7.58082E-3 7.56096E-3 7.39021E-3 7.39161E-3 7.39988E-3 7.3438E-3 7.5279E-3 7.66294E-3 7.4277E-3 7.51271E-3 7.66665E-3 7.26603E-3 6.78953E-3 6.68945E-3 6.79389E-3 6.63822E-3 6.64614E-3 7.10117E-3 6.17182E-3 6.12949E-3 6.26584E-3 6.76781E-3 6.91203E-3 7.33898E-3 7.66711E-3 7.46795E-3 7.99033E-3 8.46558E-3 8.38435E-3 8.79078E-3 9.8824E-3
5.01432E-3 4.96015E-3 4.97422E-3 5.1E-3 5.13542E-3 5.31934E-3 5.62172E-3 5.47961E-3 5.65966E-3 5.64259E-3 5.54838E-3 5.5536E-3 5.21541E-3 5.22397E-3 5.24032E-3 5.3954E-3 5.125E-3 5.21457E-3 5.41536E-3 5.4793E-3 5.55654E-3 5.89599E-3 5.85293E-3 5.96677E-3 6.07823E-3 6.49743E-3 6.45506E-3 6.76755E-3 7.18584E-3 7.81661E-3 7.8081E-3 7.40313E-3 7.37131E-3 7.3803E-3 7.39954E-3 7.33567E-3 7.61176E-3 7.59798E-3 7.43056E-3 7.39534E-3 7.41349E-3 7.38916E-3 6.75583E-3 6.58972E-3 6.55415E-3 6.70283E-3 6.61911E-3 7.04876E-3 6.5311E-3 6.80094E-3 6.66573E-3 6.82109E-3 7.3168E-3 7.72195E-3 7.82576E-3 7.96104E-3 8.45576E-3 8.72833E-3 9.02994E-3 9.42712E-3 1.09853E-2
4.98242E-3 5.0407E-3 5.04753E-3 5.05633E-3 5.03055E-3 5.16226E-3 5.29293E-3 5.42224E-3 5.47596E-3 5.43269E-3 5.31096E-3 5.49036E-3 5.2205E-3 5.35886E-3 5.85909E-3 5.00716E-3 5.11573E-3 5.20461E-3 5.34986E-3 5.37129E-3 5.43073E-3 5.53943E-3 5.67449E-3 5.81052E-3 5.82596E-3 6.03288E-3 6.50452E-3 6.81508E-3 6.94004E-3 7.49176E-3 7.40662E-3 7.36511E-3 7.53749E-3 7.35413E-3 7.4211E-3 7.75461E-3 7.62971E-3 7.65366E-3 7.24667E-3 7.18938E-3 7.25123E-3 7.10556E-3 6.89433E-3 6.64195E-3 6.58244E-3 6.62601E-3 6.61832E-3 6.6758E-3 6.77345E-3 6.85518E-3 7.18726E-3 7.36887E-3 7.98109E-3 8.34307E-3 8.43885E-3 8.43958E-3 8.67379E-3 9.2585E-3 9.85508E-3 1.05157E-2 1.1016E-2
5.14652E-3 4.98502E-3 5.00681E-3 4.99093E-3 4.98808E-3 5.06892E-3 5.21383E-3 5.38148E-3 5.3924E-3 5.2676E-3 5.16699E-3 5.13655E-3 5.17763E-3 5.24976E-3 5.01842E-3 5.20932E-3 5.76376E-3 5.221E-3 5.22415E-3 5.55045E-3 5.56484E-3 5.62064E-3 5.67903E-3 5.79598E-3 5.94922E-3 6.1229E-3 6.28432E-3 6.79217E-3 7.08516E-3 7.18855E-3 7.18677E-3 7.35723E-3 7.15995E-3 7.51609E-3 7.48791E-3 7.69521E-3 7.93636E-3 7.32115E-3 7.25454E-3 6.92138E-3 6.78401E-3 6.46584E-3 6.78485E-3 6.63583E-3 6.7879E-3 6.76879E-3 6.88976E-3 6.92214E-3 7.14084E-3 7.50451E-3 7.74397E-3 8.23765E-3 1.01726E-2 9.22855E-3 1.00099E-2 9.24659E-3 9.44874E-3 9.90989E-3 1.05818E-2 1.11919E-2 1.18394E-2
