maxent_outputs/red_flowers_troch_bombus_environ/red_184.asc
ncols         426
nrows         180
xllcorner     -130.0
yllcorner     24.0
cellsize      0.16666666666666666
NODATA_value  -9999
[rows 81 to 107 of 180, columns 122 to 182 of 426]
3.27728E-1 2.87651E-1 3.39084E-1 4.71739E-1 4.49523E-1 4.71095E-1 4.31337E-1 3.9875E-1 4.03595E-1 4.1797E-1 3.76683E-1 3.99566E-1 4.36631E-1 4.7713E-1 4.4712E-1 4.23446E-1 4.21078E-1 6.68107E-1 7.12223E-1 7.0876E-1 7.71283E-1 7.43869E-1 8.16653E-1 8.57887E-1 8.23678E-1 7.24438E-1 5.5594E-1 4.11234E-1 3.78336E-1 3.83956E-1 3.73794E-1 3.58819E-1 3.54248E-1 3.54676E-1 3.64292E-1 3.56002E-1 3.45477E-1 3.36658E-1 3.31234E-1 3.44718E-1 3.4662E-1 3.48398E-1 3.45017E-1 3.46344E-1 3.45851E-1 3.38083E-1 3.31493E-1 3.26669E-1 3.28138E-1 3.28546E-1 3.19685E-1 3.17999E-1 3.20539E-1 3.20884E-1 3.20882E-1 3.19704E-1 3.12322E-1 3.11056E-1 3.11824E-1 3.19326E-1 3.22498E-1
2.67681E-1 2.7715E-1 2.99797E-1 3.35274E-1 4.00588E-1 3.79358E-1 3.38895E-1 3.62751E-1 3.89043E-1 5.21143E-1 5.43832E-1 4.75452E-1 5.49973E-1 6.13852E-1 6.52057E-1 6.57375E-1 5.80109E-1 7.30825E-1 6.56721E-1 5.1252E-1 7.07242E-1 7.5717E-1 6.94774E-1 7.99923E-1 8.53247E-1 7.14297E-1 5.15994E-1 4.04537E-1 3.76873E-1 3.71138E-1 3.58314E-1 3.45163E-1 3.4122E-1 3.38844E-1 3.40668E-1 3.42922E-1 3.3721E-1 3.40311E-1 3.59373E-1 3.53083E-1 3.45462E-1 3.50169E-1 3.47518E-1 3.47015E-1 3.42831E-1 3.37756E-1 3.28111E-1 3.20332E-1 3.14242E-1 3.25632E-1 3.28054E-1 3.20137E-1 3.16493E-1 3.20575E-1 3.21786E-1 3.18314E-1 3.12026E-1 3.095E-1 3.14798E-1 3.17028E-1 3.14965E-1
2.50279E-1 2.70764E-1 2.92572E-1 3.08421E-1 3.16835E-1 3.60188E-1 4.57139E-1 4.09913E-1 3.97558E-1 4.55455E-1 4.50405E-1 5.06655E-1 6.74721E-1 7.21786E-1 7.87242E-1 8.15815E-1 5.75322E-1 6.50725E-1 6.90429E-1 4.42153E-1 4.32939E-1 5.80758E-1 4.81296E-1 7.38134E-1 8.55246E-1 7.0604E-1 4.97804E-1 4.15647E-1 3.83468E-1 3.8016E-1 3.76185E-1 3.64168E-1 3.56313E-1 3.48893E-1 3.53181E-1 3.32581E-1 3.2687E-1 3.56499E-1 3.68935E-1 3.60329E-1 3.5944E-1 3.62197E-1 3.57256E-1 3.488E-1 3.48455E-1 3.41319E-1 3.31507E-1 3.22978E-1 3.12951E-1 3.19307E-1 3.18829E-1 3.24637E-1 3.31471E-1 3.37927E-1 3.406E-1 3.30515E-1 3.20104E-1 3.1489E-1 3.17333E-1 3.20583E-1 3.21495E-1
3.04162E-1 3.34281E-1 3.44654E-1 4.02668E-1 4.31758E-1 4.66475E-1 5.67501E-1 4.35322E-1 4.50631E-1 5.21178E-1 5.15382E-1 5.39213E-1 6.64253E-1 7.58355E-1 7.47092E-1 7.41444E-1 5.42887E-1 5.04205E-1 5.59287E-1 5.87235E-1 5.56428E-1 6.3454E-1 7.39931E-1 7.33645E-1 8.25173E-1 7.19786E-1 5.67792E-1 4.91907E-1 4.52733E-1 4.17063E-1 4.09484E-1 3.91581E-1 3.85861E-1 3.62264E-1 3.82809E-1 3.59983E-1 3.44069E-1 3.64145E-1 3.78866E-1 3.71935E-1 3.65671E-1 3.66268E-1 3.58261E-1 3.47079E-1 3.47438E-1 3.47357E-1 3.46426E-1 3.3391E-1 3.30478E-1 3.31029E-1 3.25393E-1 3.25259E-1 3.35157E-1 3.39748E-1 3.40759E-1 3.32748E-1 3.27498E-1 3.202E-1 3.20443E-1 3.2102E-1 3.23332E-1
3.7679E-1 3.98157E-1 4.25126E-1 4.82271E-1 5.4136E-1 5.47111E-1 5.72439E-1 5.31617E-1 5.05805E-1 5.16294E-1 5.633E-1 6.10022E-1 6.45963E-1 6.98346E-1 7.00275E-1 5.32858E-1 5.32385E-1 5.14533E-1 5.69969E-1 7.81964E-1 7.73783E-1 6.99534E-1 8.38953E-1 8.45616E-1 8.0304E-1 7.09234E-1 5.78805E-1 5.20211E-1 5.01106E-1 4.65454E-1 4.3758E-1 4.29614E-1 4.03176E-1 3.82554E-1 3.95468E-1 3.79933E-1 3.87646E-1 3.88188E-1 3.8242E-1 3.79247E-1 3.74081E-1 3.68969E-1 3.58891E-1 3.53103E-1 3.42487E-1 3.31416E-1 3.31728E-1 3.32512E-1 3.28715E-1 3.22469E-1 3.23524E-1 3.24954E-1 3.33169E-1 3.38588E-1 3.37976E-1 3.35044E-1 3.28379E-1 3.22174E-1 3.1808E-1 3.18635E-1 3.19234E-1
4.7709E-1 5.01382E-1 5.28631E-1 5.80155E-1 5.77099E-1 5.76109E-1 5.77824E-1 5.03662E-1 5.20825E-1 5.14556E-1 5.39605E-1 4.39389E-1 4.733E-1 5.60872E-1 5.98813E-1 5.19884E-1 5.16486E-1 5.33742E-1 6.3614E-1 6.60884E-1 7.8322E-1 6.9417E-1 8.06243E-1 8.50667E-1 8.66605E-1 7.04989E-1 6.06942E-1 5.00807E-1 5.08154E-1 4.91365E-1 4.68251E-1 4.47589E-1 4.29067E-1 4.11705E-1 4.20222E-1 4.06704E-1 4.20438E-1 4.03322E-1 3.87402E-1 3.78261E-1 3.77943E-1 3.81537E-1 3.69831E-1 3.5163E-1 3.40467E-1 3.26688E-1 3.36543E-1 3.34859E-1 3.28487E-1 3.24035E-1 3.23739E-1 3.23798E-1 3.3079E-1 3.33841E-1 3.37853E-1 3.365E-1 3.29636E-1 3.22949E-1 3.17517E-1 3.17005E-1 3.21198E-1
5.14027E-1 5.48095E-1 5.86697E-1 5.15328E-1 4.72098E-1 5.03647E-1 5.88165E-1 5.22422E-1 4.67339E-1 4.52145E-1 5.89693E-1 5.21199E-1 5.05436E-1 6.23196E-1 4.58571E-1 4.76132E-1 6.54011E-1 6.76579E-1 7.68922E-1 7.62754E-1 7.56292E-1 8.24056E-1 7.82988E-1 6.54601E-1 7.50452E-1 5.89196E-1 5.47413E-1 5.5043E-1 4.81952E-1 4.78254E-1 4.72354E-1 4.69701E-1 4.49191E-1 4.34607E-1 4.21757E-1 4.29041E-1 4.17597E-1 4.07353E-1 4.01148E-1 3.94877E-1 3.83917E-1 3.8103E-1 3.75397E-1 3.71895E-1 3.65348E-1 3.49178E-1 3.39141E-1 3.35349E-1 3.30943E-1 3.25639E-1 3.21239E-1 3.26162E-1 3.31373E-1 3.34683E-1 3.37674E-1 3.35773E-1 3.29866E-1 3.23409E-1 3.18593E-1 3.19762E-1 3.24312E-1
5.6449E-1 5.29682E-1 4.25738E-1 3.37956E-1 3.42134E-1 3.53673E-1 4.4142E-1 5.05283E-1 4.16219E-1 4.77055E-1 5.04556E-1 5.37246E-1 5.71649E-1 6.5647E-1 5.99093E-1 6.08353E-1 4.92006E-1 6.88195E-1 7.2854E-1 7.1266E-1 7.11843E-1 7.85036E-1 5.57583E-1 4.7298E-1 6.34221E-1 7.01859E-1 5.1998E-1 5.92684E-1 5.11884E-1 4.45681E-1 4.30685E-1 4.58912E-1 4.42158E-1 4.31007E-1 4.16215E-1 4.02514E-1 3.93684E-1 4.00855E-1 4.00223E-1 3.97256E-1 3.97487E-1 3.8971E-1 3.87581E-1 3.80472E-1 3.76582E-1 3.5805E-1 3.47861E-1 3.41547E-1 3.31861E-1 3.2566E-1 3.2779E-1 3.29629E-1 3.37774E-1 3.39548E-1 3.38953E-1 3.36841E-1 3.3288E-1 3.2908E-1 3.28228E-1 3.36638E-1 3.47141E-1
4.97286E-1 3.76979E-1 3.07076E-1 3.65378E-1 4.57594E-1 4.36605E-1 3.88313E-1 4.22793E-1 5.50704E-1 5.94935E-1 6.67617E-1 6.67756E-1 5.98658E-1 4.68431E-1 6.19231E-1 6.90212E-1 7.11225E-1 6.97744E-1 7.34745E-1 7.3247E-1 6.40969E-1 6.68549E-1 4.28394E-1 4.02743E-1 5.11786E-1 4.99443E-1 4.99581E-1 5.37727E-1 5.56698E-1 4.77381E-1 4.63349E-1 4.54695E-1 4.40316E-1 4.31394E-1 4.24259E-1 4.0882E-1 3.92354E-1 3.73843E-1 3.91671E-1 3.96783E-1 3.94701E-1 3.86072E-1 3.81137E-1 3.78278E-1 3.68918E-1 3.54665E-1 3.50304E-1 3.3947E-1 3.32477E-1 3.2858E-1 3.32808E-1 3.37928E-1 3.44692E-1 3.45362E-1 3.40298E-1 3.41211E-1 3.39626E-1 3.36006E-1 3.35363E-1 3.45111E-1 3.4411E-1
3.24877E-1 3.03218E-1 3.10945E-1 4.89097E-1 5.25658E-1 5.46583E-1 5.23272E-1 4.14292E-1 5.18665E-1 5.8601E-1 4.99777E-1 5.33618E-1 5.01915E-1 4.94919E-1 5.23534E-1 6.14247E-1 5.64188E-1 6.66511E-1 5.76631E-1 7.23485E-1 6.80979E-1 6.02169E-1 4.49245E-1 3.99899E-1 4.44566E-1 4.70402E-1 4.76994E-1 6.04892E-1 5.75206E-1 4.93409E-1 4.60513E-1 4.36298E-1 4.34738E-1 4.24506E-1 4.09656E-1 4.05899E-1 3.91106E-1 3.77515E-1 3.6367E-1 3.70467E-1 3.62878E-1 3.56863E-1 3.67966E-1 3.7166E-1 3.6608E-1 3.59126E-1 3.60508E-1 3.42706E-1 3.38344E-1 3.3279E-1 3.32632E-1 3.37361E-1 3.43907E-1 3.46899E-1 3.40913E-1 3.39682E-1 3.42413E-1 3.4218E-1 3.47602E-1 3.45233E-1 3.4137E-1
3.62856E-1 3.80202E-1 4.25247E-1 4.86832E-1 5.84608E-1 5.88741E-1 5.12557E-1 5.33055E-1 4.34289E-1 4.04721E-1 4.11392E-1 4.33227E-1 4.67528E-1 5.89722E-1 6.24922E-1 5.60389E-1 4.42947E-1 5.39958E-1 6.36707E-1 7.03261E-1 6.81492E-1 4.82024E-1 5.0644E-1 4.63147E-1 5.05035E-1 4.72585E-1 4.92861E-1 6.54238E-1 6.47922E-1 4.65308E-1 4.38488E-1 4.27423E-1 4.36272E-1 4.157E-1 3.91726E-1 3.77653E-1 3.90315E-1 3.73994E-1 3.57962E-1 3.51941E-1 3.39717E-1 3.27775E-1 3.48742E-1 3.6676E-1 3.60707E-1 3.58287E-1 3.55143E-1 3.54647E-1 3.48631E-1 3.45794E-1 3.46394E-1 3.49856E-1 3.51367E-1 3.51009E-1 3.46475E-1 3.48033E-1 3.53256E-1 3.53746E-1 3.53599E-1 3.52962E-1 3.45283E-1
3.92541E-1 4.67971E-1 6.50914E-1 5.82107E-1 5.38416E-1 5.954E-1 5.95085E-1 5.6217E-1 5.19799E-1 4.42107E-1 4.3284E-1 4.99087E-1 4.4921E-1 5.45341E-1 5.2355E-1 4.72843E-1 3.06893E-1 4.05912E-1 5.41944E-1 6.60854E-1 7.02658E-1 4.91819E-1 5.51519E-1 5.59744E-1 5.3456E-1 5.28757E-1 5.43976E-1 6.13086E-1 5.55645E-1 4.3928E-1 4.06831E-1 3.96442E-1 4.10009E-1 3.96964E-1 3.78704E-1 3.59027E-1 3.73103E-1 3.54846E-1 3.48278E-1 3.3537E-1 3.33774E-1 3.27923E-1 3.22188E-1 3.46464E-1 3.58656E-1 3.56112E-1 3.55057E-1 3.50015E-1 3.47421E-1 3.43718E-1 3.48231E-1 3.55308E-1 3.59607E-1 3.56029E-1 3.56481E-1 3.58813E-1 3.54158E-1 3.47178E-1 3.45828E-1 3.39172E-1 3.32299E-1
4.33553E-1 4.76625E-1 7.08023E-1 5.90855E-1 5.13658E-1 4.92675E-1 5.78431E-1 6.08386E-1 6.1848E-1 5.25479E-1 4.67063E-1 4.60103E-1 4.38567E-1 3.9747E-1 3.44025E-1 3.21573E-1 3.41864E-1 3.27255E-1 3.52179E-1 4.56542E-1 6.9063E-1 5.55466E-1 6.0954E-1 5.47922E-1 5.54179E-1 5.53139E-1 5.38856E-1 4.83996E-1 4.55016E-1 4.2477E-1 3.93281E-1 3.7731E-1 3.85873E-1 3.76175E-1 3.60669E-1 3.39842E-1 3.44753E-1 3.26619E-1 3.27305E-1 3.30378E-1 3.2548E-1 3.20455E-1 3.16011E-1 3.26785E-1 3.50332E-1 3.53313E-1 3.49426E-1 3.47641E-1 3.46095E-1 3.46157E-1 3.49484E-1 3.51475E-1 3.53703E-1 3.54624E-1 3.54548E-1 3.55429E-1 3.52795E-1 3.45794E-1 3.35223E-1 3.35439E-1 3.37367E-1
4.43588E-1 4.35791E-1 5.05843E-1 5.46587E-1 5.19259E-1 5.01566E-1 4.6519E-1 5.12293E-1 5.73803E-1 5.8045E-1 5.20838E-1 4.89495E-1 6.05315E-1 6.2509E-1 4.31974E-1 4.11364E-1 5.03919E-1 3.89686E-1 5.53772E-1 5.48302E-1 5.77144E-1 5.5438E-1 4.0937E-1 6.4416E-1 4.82284E-1 4.69021E-1 5.46623E-1 5.10428E-1 4.34148E-1 4.0363E-1 3.96243E-1 3.67132E-1 3.59541E-1 3.61785E-1 3.43066E-1 3.29113E-1 3.24627E-1 3.16809E-1 3.17722E-1 3.28519E-1 3.2284E-1 3.18901E-1 3.1736E-1 3.16051E-1 3.35656E-1 3.42946E-1 3.4977E-1 3.47588E-1 3.50612E-1 3.53619E-1 3.55247E-1 3.52734E-1 3.53327E-1 3.5432E-1 3.52061E-1 3.51969E-1 3.48164E-1 3.44929E-1 3.48346E-1 3.46532E-1 3.44553E-1
4.85319E-1 4.68553E-1 4.95339E-1 5.18337E-1 5.27067E-1 4.88715E-1 4.94218E-1 5.27029E-1 5.38809E-1 5.55353E-1 5.8844E-1 5.89552E-1 7.24343E-1 7.30193E-1 5.93853E-1 5.45187E-1 6.40473E-1 4.96904E-1 5.22205E-1 4.72231E-1 4.58441E-1 3.97581E-1 3.43503E-1 5.3886E-1 6.44647E-1 4.62996E-1 5.67289E-1 6.60517E-1 4.97616E-1 4.26211E-1 3.92137E-1 3.66696E-1 3.56442E-1 3.34196E-1 3.44016E-1 3.37599E-1 3.29386E-1 3.24597E-1 3.26207E-1 3.1813E-1 3.08855E-1 3.15749E-1 3.20615E-1 3.23261E-1 3.30584E-1 3.36053E-1 3.42673E-1 3.45866E-1 3.48256E-1 3.5524E-1 3.5955E-1 3.59955E-1 3.56849E-1 3.54694E-1 3.50649E-1 3.49964E-1 3.49146E-1 3.54671E-1 3.59167E-1 3.5653E-1 3.61743E-1
6.45912E-1 6.05937E-1 4.31122E-1 4.48302E-1 5.42811E-1 5.54804E-1 5.4986E-1 5.86383E-1 6.5107E-1 6.87031E-1 6.82247E-1 7.42527E-1 7.29442E-1 7.54698E-1 6.29247E-1 6.76312E-1 6.9274E-1 6.83997E-1 7.14717E-1 5.94354E-1 4.29682E-1 3.3197E-1 3.19462E-1 3.48557E-1 6.47537E-1 5.45502E-1 5.02507E-1 6.77601E-1 5.47435E-1 4.45175E-1 4.46541E-1 4.48971E-1 4.068E-1 3.56682E-1 3.47056E-1 3.34019E-1 3.39247E-1 3.54013E-1 3.32497E-1 3.29294E-1 3.32887E-1 3.38394E-1 3.40114E-1 3.50307E-1 3.46168E-1 3.44152E-1 3.53835E-1 3.52878E-1 3.50698E-1 3.555E-1 3.66786E-1 3.68946E-1 3.6446E-1 3.54649E-1 3.52443E-1 3.55235E-1 3.56238E-1 3.61908E-1 3.65631E-1 3.69168E-1 3.69112E-1
6.24362E-1 6.08066E-1 5.11827E-1 4.53568E-1 4.65528E-1 5.93151E-1 5.91941E-1 5.75181E-1 6.78468E-1 7.81032E-1 7.90072E-1 7.49569E-1 7.49239E-1 7.08914E-1 5.91464E-1 4.97818E-1 5.58131E-1 5.87762E-1 5.37761E-1 4.43823E-1 3.77878E-1 3.48917E-1 3.37427E-1 3.31867E-1 4.20415E-1 5.9928E-1 5.2615E-1 5.27395E-1 5.35485E-1 4.82805E-1 4.78033E-1 4.92208E-1 4.65247E-1 4.17436E-1 3.81997E-1 3.82721E-1 3.86057E-1 3.97095E-1 3.73878E-1 3.64373E-1 3.70055E-1 3.74993E-1 3.72784E-1 3.63995E-1 3.62128E-1 3.58654E-1 3.54431E-1 3.54828E-1 3.54899E-1 3.53661E-1 3.62317E-1 3.64878E-1 3.67626E-1 3.63966E-1 3.61518E-1 3.61016E-1 3.64071E-1 3.71569E-1 3.73753E-1 3.71684E-1 3.72708E-1
4.88153E-1 4.76856E-1 4.84809E-1 5.18151E-1 5.10614E-1 4.9928E-1 5.89802E-1 5.97423E-1 7.0147E-1 7.83039E-1 7.57349E-1 7.24084E-1 7.89436E-1 7.95575E-1 7.16481E-1 7.63701E-1 7.87947E-1 7.2174E-1 6.93233E-1 5.42078E-1 3.81794E-1 3.37076E-1 3.26873E-1 3.28028E-1 4.67271E-1 6.61889E-1 5.26044E-1 5.41439E-1 5.13991E-1 5.24486E-1 4.99394E-1 5.06458E-1 4.56615E-1 4.51685E-1 4.21368E-1 4.40965E-1 4.51916E-1 4.68291E-1 4.42232E-1 4.34496E-1 3.92534E-1 3.79429E-1 3.74841E-1 3.69017E-1 3.72533E-1 3.65933E-1 3.70882E-1 3.66103E-1 3.59317E-1 3.56996E-1 3.57835E-1 3.59274E-1 3.64935E-1 3.70728E-1 3.69944E-1 3.65161E-1 3.6718E-1 3.74329E-1 3.7562E-1 3.71548E-1 3.71793E-1
4.24317E-1 4.09864E-1 3.99939E-1 4.31437E-1 5.06682E-1 5.39088E-1 4.96131E-1 5.47017E-1 6.10148E-1 8.09256E-1 7.05452E-1 6.16217E-1 6.34498E-1 7.09671E-1 5.53809E-1 5.86988E-1 6.66183E-1 7.58466E-1 7.88426E-1 7.6348E-1 4.9356E-1 3.46423E-1 3.34529E-1 3.35607E-1 3.65133E-1 4.17107E-1 5.82221E-1 6.2965E-1 6.4117E-1 5.56345E-1 5.04385E-1 4.48963E-1 4.38484E-1 4.16729E-1 4.01556E-1 4.55805E-1 4.81739E-1 4.80734E-1 4.39865E-1 4.32668E-1 4.09296E-1 4.03238E-1 3.9672E-1 3.85764E-1 3.8276E-1 3.79506E-1 3.75477E-1 3.69103E-1 3.70027E-1 3.68246E-1 3.68814E-1 3.67544E-1 3.73851E-1 3.72167E-1 3.76718E-1 3.76936E-1 3.70553E-1 3.80571E-1 3.80722E-1 3.72912E-1 3.71646E-1
3.80394E-1 3.79479E-1 3.8406E-1 4.0445E-1 4.84372E-1 5.83557E-1 5.6513E-1 5.67821E-1 5.74201E-1 5.51595E-1 5.25055E-1 4.87543E-1 4.73359E-1 5.54156E-1 5.41581E-1 4.33282E-1 4.82139E-1 7.40479E-1 7.84918E-1 6.73727E-1 4.48803E-1 3.66081E-1 3.63277E-1 3.83248E-1 3.64536E-1 4.17255E-1 6.53053E-1 6.80392E-1 6.05722E-1 5.55584E-1 5.56446E-1 4.71219E-1 4.22609E-1 4.13083E-1 4.31226E-1 4.5307E-1 4.54518E-1 4.4141E-1 4.45892E-1 4.33995E-1 4.18153E-1 4.16925E-1 4.1016E-1 4.01886E-1 3.88986E-1 3.84818E-1 3.81327E-1 3.77997E-1 3.73676E-1 3.74981E-1 3.74406E-1 3.79881E-1 3.80821E-1 3.85671E-1 3.86579E-1 3.82063E-1 3.77988E-1 3.79493E-1 3.7807E-1 3.67279E-1 3.62107E-1
3.90631E-1 3.95549E-1 4.11468E-1 3.90783E-1 3.73398E-1 4.09521E-1 5.35169E-1 5.24152E-1 4.8994E-1 4.76604E-1 5.03E-1 4.60398E-1 4.18277E-1 4.97189E-1 4.7862E-1 4.55642E-1 4.63488E-1 5.83931E-1 7.69029E-1 6.57471E-1 5.03012E-1 4.0545E-1 3.75626E-1 3.73741E-1 3.58512E-1 4.31357E-1 6.74475E-1 6.31707E-1 5.8558E-1 5.38575E-1 5.44603E-1 5.63823E-1 4.92082E-1 4.53987E-1 4.63824E-1 4.70906E-1 5.18092E-1 4.9698E-1 4.8394E-1 4.71311E-1 4.47394E-1 4.29065E-1 4.21861E-1 4.19053E-1 4.07606E-1 3.97148E-1 3.99612E-1 3.94941E-1 3.90733E-1 3.93137E-1 3.81825E-1 3.8997E-1 3.90616E-1 3.90075E-1 3.94838E-1 3.89851E-1 3.94074E-1 3.84346E-1 3.65958E-1 3.62086E-1 3.60892E-1
4.04754E-1 4.43517E-1 4.70118E-1 4.78501E-1 3.80767E-1 3.74564E-1 4.21687E-1 4.83795E-1 4.59932E-1 4.43521E-1 4.67979E-1 4.83932E-1 4.83623E-1 4.46349E-1 4.57753E-1 4.59973E-1 4.36755E-1 4.55057E-1 4.91233E-1 6.31146E-1 5.48923E-1 4.39996E-1 3.77176E-1 3.45818E-1 3.9662E-1 5.94974E-1 6.63444E-1 5.87555E-1 5.66205E-1 5.6526E-1 5.6304E-1 4.94733E-1 5.06227E-1 4.98097E-1 5.29679E-1 5.37079E-1 4.98985E-1 4.88261E-1 4.85203E-1 4.68635E-1 4.53926E-1 4.379E-1 4.37527E-1 4.25388E-1 4.21177E-1 4.19267E-1 4.17273E-1 3.99602E-1 3.94703E-1 3.93005E-1 3.83473E-1 3.84337E-1 3.89277E-1 3.87198E-1 3.9161E-1 4.05661E-1 4.08564E-1 4.05324E-1 3.87291E-1 3.7728E-1 3.67574E-1
4.18674E-1 4.62662E-1 5.94194E-1 5.53877E-1 4.14034E-1 3.64739E-1 3.74332E-1 3.98256E-1 4.26574E-1 4.29979E-1 4.36995E-1 4.34702E-1 4.65907E-1 4.08677E-1 4.43393E-1 4.15782E-1 4.74322E-1 4.51218E-1 3.90554E-1 6.19544E-1 5.60429E-1 4.6915E-1 3.85422E-1 3.75487E-1 4.72277E-1 6.76731E-1 5.98507E-1 5.75731E-1 5.37389E-1 5.28371E-1 5.01787E-1 4.16901E-1 4.5051E-1 4.53207E-1 4.89174E-1 5.03433E-1 4.77294E-1 4.75957E-1 4.75585E-1 4.72224E-1 4.60662E-1 4.49138E-1 4.34815E-1 4.25928E-1 4.1804E-1 4.13751E-1 4.03916E-1 3.96609E-1 3.92629E-1 3.89316E-1 3.86069E-1 3.86263E-1 3.87814E-1 3.96992E-1 3.96742E-1 4.01218E-1 4.07254E-1 4.09611E-1 3.98631E-1 3.95662E-1 3.77436E-1
4.03629E-1 4.45979E-1 5.68096E-1 4.81715E-1 4.45781E-1 3.71239E-1 3.72845E-1 4.07879E-1 4.37428E-1 4.26059E-1 4.38224E-1 4.44982E-1 4.4793E-1 3.93597E-1 4.30421E-1 3.84659E-1 4.19437E-1 4.01859E-1 3.52609E-1 5.12887E-1 6.02957E-1 5.13878E-1 4.04196E-1 3.75023E-1 5.34714E-1 7.28978E-1 5.5777E-1 6.01837E-1 5.31527E-1 4.6087E-1 3.96919E-1 4.23865E-1 4.79457E-1 4.76566E-1 4.58061E-1 4.73534E-1 4.76194E-1 4.84603E-1 4.95689E-1 4.7729E-1 4.5579E-1 4.47943E-1 4.3619E-1 4.38737E-1 4.2862E-1 4.29018E-1 4.13736E-1 4.03478E-1 3.9598E-1 3.93328E-1 3.9895E-1 3.9999E-1 4.02318E-1 3.98447E-1 3.91576E-1 4.03346E-1 4.07561E-1 4.14634E-1 4.13892E-1 4.03851E-1 3.97844E-1
4.08113E-1 4.53985E-1 5.09477E-1 6.7924E-1 5.34508E-1 4.08918E-1 3.85961E-1 4.01362E-1 4.33334E-1 4.29433E-1 4.27941E-1 4.2036E-1 4.4227E-1 3.70918E-1 3.98575E-1 3.98428E-1 4.47782E-1 4.6629E-1 3.97225E-1 4.7051E-1 5.56503E-1 4.87114E-1 4.16368E-1 3.67401E-1 4.33295E-1 6.06783E-1 5.54848E-1 6.29452E-1 4.78639E-1 4.14138E-1 3.82477E-1 3.98423E-1 4.3681E-1 4.54055E-1 4.51531E-1 4.69742E-1 4.75718E-1 4.80796E-1 4.78293E-1 4.73983E-1 4.57104E-1 4.47146E-1 4.39063E-1 4.4116E-1 4.30564E-1 4.25243E-1 4.11174E-1 4.12326E-1 4.1172E-1 4.09656E-1 4.14903E-1 4.18759E-1 4.06762E-1 3.97934E-1 3.84342E-1 3.92604E-1 4.00179E-1 4.04215E-1 4.17015E-1 4.14573E-1 4.07021E-1
4.16917E-1 4.77571E-1 5.07699E-1 5.8147E-1 5.88397E-1 4.31226E-1 3.85116E-1 3.95588E-1 4.03096E-1 4.01439E-1 4.24755E-1 4.14115E-1 4.33295E-1 3.6056E-1 3.55825E-1 3.73667E-1 4.03808E-1 5.14547E-1 4.29681E-1 4.29543E-1 4.36036E-1 4.13461E-1 4.20429E-1 4.72575E-1 5.57386E-1 6.45928E-1 5.91819E-1 5.70288E-1 5.15754E-1 4.5181E-1 3.99148E-1 3.92583E-1 4.06179E-1 4.30072E-1 4.45204E-1 4.47297E-1 4.73951E-1 4.74233E-1 4.66205E-1 4.59164E-1 4.40889E-1 4.32577E-1 4.35365E-1 4.38985E-1 4.34758E-1 4.25579E-1 4.1984E-1 4.2316E-1 4.23798E-1 4.2236E-1 4.26823E-1 4.27508E-1 4.16712E-1 4.10581E-1 4.01477E-1 3.87386E-1 3.86447E-1 3.99933E-1 4.12497E-1 4.20385E-1 4.21704E-1
4.06541E-1 4.9127E-1 5.2218E-1 4.82543E-1 6.01393E-1 5.05561E-1 4.00868E-1 4.08605E-1 4.14102E-1 4.13577E-1 4.03623E-1 3.92447E-1 3.68968E-1 3.74851E-1 3.55231E-1 3.74884E-1 5.05416E-1 6.1525E-1 5.73666E-1 5.94168E-1 4.76122E-1 4.09367E-1 4.70781E-1 5.20778E-1 6.5828E-1 5.93362E-1 5.70708E-1 5.03698E-1 4.76981E-1 4.44741E-1 4.35909E-1 4.55775E-1 4.27132E-1 4.27239E-1 4.4954E-1 4.7301E-1 4.64717E-1 4.55477E-1 4.55385E-1 4.34184E-1 4.38216E-1 4.35804E-1 4.30429E-1 4.34709E-1 4.3757E-1 4.38942E-1 4.30143E-1 4.35107E-1 4.32338E-1 4.28378E-1 4.29847E-1 4.34844E-1 4.30267E-1 4.25913E-1 4.18232E-1 4.05556E-1 4.06171E-1 4.11545E-1 4.06935E-1 4.15845E-1 4.12977E-1
