maxent_outputs/red_flowers_troch_bombus_environ/red_283.asc
ncols         426
nrows         180
xllcorner     -130.0
yllcorner     24.0
cellsize      0.16666666666666666
NODATA_value  -9999
[rows 0 to 26 of 180, columns 122 to 182 of 426]
6.13963E-3 6.05357E-3 5.98656E-3 5.48994E-3 5.48538E-3 5.80894E-3 6.31872E-3 6.28679E-3 6.01519E-3 5.82074E-3 5.64609E-3 5.56787E-3 5.55938E-3 5.5247E-3 5.27023E-3 5.05784E-3 5.2178E-3 5.32435E-3 5.64209E-3 5.73036E-3 5.58399E-3 5.28194E-3 5.14992E-3 5.00769E-3 4.80166E-3 4.73536E-3 4.62834E-3 4.58316E-3 4.51372E-3 4.4164E-3 4.33498E-3 4.20556E-3 4.09864E-3 3.93872E-3 3.85327E-3 3.83405E-3 3.78949E-3 3.7899E-3 3.76013E-3 3.72638E-3 3.72881E-3 3.68954E-3 3.56878E-3 3.54654E-3 3.42513E-3 3.34487E-3 3.2583E-3 3.19817E-3 3.15192E-3 3.11368E-3 3.12622E-3 3.16E-3 3.18444E-3 3.11415E-3 3.18934E-3 3.31264E-3 3.36995E-3 3.16689E-3 3.25433E-3 3.23521E-3 3.02065E-3
5.89823E-3 5.77123E-3 5.7164E-3 5.53098E-3 5.62486E-3 5.91812E-3 5.97743E-3 6.10997E-3 6.57761E-3 6.49166E-3 6.06914E-3 5.66438E-3 5.5924E-3 5.81169E-3 5.61264E-3 5.29613E-3 5.12711E-3 5.11207E-3 5.37158E-3 5.60585E-3 5.67448E-3 5.38012E-3 5.24614E-3 4.94811E-3 4.89664E-3 4.94086E-3 4.73061E-3 4.54355E-3 4.53346E-3 4.49733E-3 4.5054E-3 4.4356E-3 4.38728E-3 4.38601E-3 4.14813E-3 3.97021E-3 3.93642E-3 3.98469E-3 3.95645E-3 3.955E-3 3.90702E-3 3.81591E-3 3.64567E-3 3.54406E-3 3.52656E-3 3.4789E-3 3.32726E-3 3.25722E-3 3.06157E-3 3.05358E-3 3.1274E-3 3.28788E-3 3.3708E-3 3.33541E-3 3.41099E-3 3.35199E-3 3.47223E-3 3.43377E-3 3.2334E-3 3.24018E-3 3.20108E-3
5.74501E-3 5.6318E-3 5.36929E-3 5.50343E-3 5.79423E-3 5.88546E-3 6.09559E-3 6.51049E-3 6.62935E-3 6.76272E-3 6.47947E-3 5.98309E-3 5.62489E-3 5.70217E-3 5.77781E-3 5.41705E-3 5.31771E-3 5.29782E-3 5.24099E-3 5.26556E-3 5.32547E-3 5.24394E-3 5.17703E-3 5.06076E-3 4.84885E-3 4.93035E-3 4.82727E-3 4.76443E-3 4.6157E-3 4.61718E-3 4.42633E-3 4.32348E-3 4.22518E-3 4.04547E-3 4.0032E-3 4.25019E-3 4.17276E-3 4.11156E-3 4.06199E-3 4.00887E-3 3.93715E-3 3.98921E-3 3.8349E-3 3.88419E-3 4.18325E-3 3.94456E-3 3.5281E-3 3.32064E-3 3.23054E-3 3.27867E-3 3.36908E-3 3.46756E-3 3.52898E-3 3.54379E-3 3.55941E-3 3.5211E-3 3.56673E-3 3.39582E-3 3.44527E-3 3.30004E-3 3.29686E-3
6.31166E-3 6.03267E-3 5.72619E-3 5.71486E-3 5.74083E-3 5.98482E-3 6.12189E-3 6.2951E-3 6.47313E-3 6.43737E-3 6.5789E-3 6.15344E-3 5.98462E-3 5.77455E-3 5.88183E-3 5.54967E-3 5.38267E-3 5.36496E-3 5.36391E-3 5.28279E-3 5.37814E-3 5.3031E-3 5.14791E-3 4.92039E-3 4.84054E-3 4.73484E-3 4.72083E-3 4.63157E-3 4.55618E-3 4.66796E-3 4.50979E-3 4.51706E-3 4.49043E-3 4.17001E-3 4.17663E-3 4.13235E-3 4.20721E-3 4.21046E-3 4.26605E-3 4.28776E-3 4.18577E-3 4.22084E-3 4.46775E-3 4.97821E-3 4.99257E-3 4.28116E-3 3.69521E-3 3.47202E-3 3.41852E-3 3.44967E-3 3.56233E-3 3.54404E-3 3.73738E-3 3.87559E-3 3.89143E-3 3.84905E-3 3.80982E-3 3.75076E-3 3.46335E-3 3.47481E-3 3.43149E-3
6.76477E-3 6.76393E-3 6.34676E-3 6.00593E-3 6.04944E-3 6.15418E-3 6.07267E-3 6.51156E-3 6.73665E-3 6.46762E-3 6.4072E-3 6.44769E-3 6.3925E-3 6.2955E-3 6.18511E-3 5.84721E-3 5.70551E-3 5.50642E-3 5.51368E-3 5.44971E-3 5.37065E-3 5.28997E-3 5.18737E-3 5.15494E-3 5.00831E-3 4.88658E-3 4.91551E-3 4.81537E-3 4.7943E-3 4.79397E-3 4.76535E-3 4.73783E-3 4.6812E-3 4.32047E-3 4.21118E-3 4.32088E-3 4.40441E-3 4.48631E-3 4.48774E-3 4.71191E-3 4.62928E-3 4.72614E-3 4.56258E-3 4.86413E-3 4.88061E-3 4.25968E-3 3.74238E-3 3.66545E-3 3.66182E-3 3.68749E-3 3.71784E-3 3.85151E-3 3.80524E-3 3.85046E-3 3.94182E-3 3.99092E-3 4.09913E-3 3.92617E-3 3.77264E-3 3.70032E-3 3.73098E-3
7.21823E-3 7.33311E-3 7.08007E-3 6.57178E-3 6.5127E-3 6.36884E-3 6.2551E-3 6.26102E-3 6.41152E-3 6.28964E-3 6.35163E-3 6.44691E-3 6.48704E-3 6.65036E-3 6.75625E-3 6.44969E-3 5.96658E-3 5.77103E-3 5.75097E-3 5.70952E-3 5.49498E-3 5.57811E-3 5.5055E-3 5.25983E-3 5.18219E-3 5.11427E-3 5.1451E-3 5.01113E-3 4.85735E-3 4.75711E-3 4.80977E-3 4.77835E-3 4.78087E-3 4.61405E-3 4.53493E-3 4.59524E-3 4.60834E-3 4.765E-3 5.15509E-3 5.05261E-3 4.86159E-3 4.68137E-3 4.8404E-3 5.04627E-3 4.68499E-3 4.22163E-3 3.95644E-3 3.92151E-3 4.0818E-3 4.12361E-3 4.15961E-3 4.46582E-3 4.31649E-3 4.28064E-3 4.35352E-3 4.17618E-3 4.12682E-3 3.94465E-3 3.85245E-3 3.677E-3 3.68228E-3
7.76664E-3 7.74547E-3 7.61138E-3 7.40105E-3 7.04681E-3 6.57027E-3 6.4602E-3 6.30097E-3 6.08399E-3 6.24487E-3 6.31459E-3 6.3274E-3 6.33346E-3 6.35534E-3 6.40126E-3 6.37569E-3 6.07638E-3 6.01112E-3 5.95157E-3 5.88012E-3 5.90739E-3 5.76553E-3 5.74495E-3 5.65333E-3 5.51935E-3 5.61925E-3 5.55148E-3 5.31694E-3 5.17769E-3 5.05667E-3 5.04198E-3 5.05322E-3 5.0168E-3 4.96254E-3 4.88063E-3 4.81931E-3 4.84184E-3 5.04428E-3 4.99178E-3 4.84904E-3 4.82417E-3 4.77363E-3 4.8263E-3 4.49557E-3 4.47927E-3 4.18853E-3 4.29931E-3 4.43235E-3 4.59769E-3 4.72701E-3 4.6124E-3 4.78027E-3 4.94004E-3 4.84992E-3 4.4849E-3 4.65264E-3 4.40096E-3 4.27408E-3 4.04994E-3 3.9397E-3 3.81486E-3
7.64968E-3 7.79189E-3 7.83437E-3 7.4515E-3 7.33934E-3 7.18963E-3 7.00633E-3 6.80266E-3 6.70994E-3 6.69728E-3 6.50333E-3 6.46443E-3 6.40102E-3 6.2276E-3 6.26408E-3 6.16648E-3 6.2779E-3 6.24308E-3 6.24253E-3 6.0539E-3 5.94093E-3 6.04784E-3 6.0226E-3 5.87458E-3 5.865E-3 5.79494E-3 5.69493E-3 5.62221E-3 5.5303E-3 5.39255E-3 5.2325E-3 5.29599E-3 5.2685E-3 5.2039E-3 5.26473E-3 5.18367E-3 5.13986E-3 5.07895E-3 4.79872E-3 4.60292E-3 4.62087E-3 4.75432E-3 4.74042E-3 4.56809E-3 4.57054E-3 4.78983E-3 4.9738E-3 5.149E-3 5.56248E-3 5.97373E-3 5.80728E-3 5.15314E-3 5.08276E-3 4.9569E-3 4.64238E-3 4.74016E-3 4.4572E-3 4.49422E-3 4.25979E-3 4.08297E-3 3.95606E-3
8.46031E-3 7.90065E-3 7.52783E-3 7.38677E-3 7.49851E-3 7.1598E-3 7.18304E-3 7.36591E-3 7.44383E-3 7.58196E-3 7.44844E-3 7.26961E-3 6.62004E-3 6.23897E-3 6.23453E-3 6.37601E-3 6.26091E-3 6.45685E-3 6.35396E-3 6.28201E-3 6.19173E-3 6.21399E-3 6.19951E-3 6.07164E-3 6.05224E-3 6.00423E-3 5.91502E-3 5.94115E-3 5.55068E-3 5.54212E-3 5.5208E-3 5.45861E-3 5.42865E-3 5.5569E-3 5.48413E-3 5.57625E-3 5.4788E-3 5.49453E-3 5.1954E-3 5.14351E-3 5.12662E-3 5.03129E-3 5.06263E-3 5.06649E-3 5.14439E-3 5.47434E-3 5.61767E-3 5.57996E-3 5.65934E-3 5.77237E-3 6.08175E-3 5.624E-3 5.09783E-3 5.27249E-3 4.93136E-3 4.82582E-3 4.49999E-3 4.43887E-3 4.43292E-3 4.25452E-3 4.02106E-3
8.79799E-3 8.40869E-3 7.91468E-3 7.23699E-3 7.29876E-3 7.23419E-3 7.22561E-3 7.30401E-3 7.55934E-3 7.56687E-3 7.99366E-3 7.9551E-3 7.18534E-3 6.5831E-3 6.49764E-3 6.56245E-3 6.48691E-3 6.44843E-3 6.39476E-3 6.32937E-3 6.34795E-3 6.48259E-3 6.36443E-3 6.31412E-3 6.23701E-3 6.12839E-3 6.13894E-3 6.01056E-3 5.89111E-3 5.80534E-3 5.69784E-3 5.64219E-3 5.7096E-3 5.62921E-3 5.70195E-3 5.62973E-3 5.77776E-3 5.70452E-3 5.69404E-3 5.7143E-3 5.75568E-3 5.64307E-3 5.68453E-3 5.5911E-3 5.42234E-3 5.42026E-3 5.449E-3 5.39784E-3 5.6479E-3 5.96524E-3 6.12452E-3 5.38069E-3 4.92968E-3 5.45824E-3 5.24249E-3 5.11544E-3 4.64402E-3 4.61045E-3 4.56295E-3 4.33729E-3 4.09451E-3
8.94131E-3 8.4675E-3 8.2057E-3 7.64727E-3 7.58179E-3 7.45585E-3 7.35709E-3 7.35315E-3 7.4627E-3 7.60743E-3 7.64209E-3 8.0178E-3 7.603E-3 7.1162E-3 6.82516E-3 6.69585E-3 6.60295E-3 6.4615E-3 6.50838E-3 6.64995E-3 6.58902E-3 6.55898E-3 6.50619E-3 6.47019E-3 6.31041E-3 6.33157E-3 6.23064E-3 6.19898E-3 6.13538E-3 6.04359E-3 5.87926E-3 5.83381E-3 5.71537E-3 5.79578E-3 5.88175E-3 5.94017E-3 5.79679E-3 5.88162E-3 5.95552E-3 5.78571E-3 5.86042E-3 5.65556E-3 5.55059E-3 5.70032E-3 5.59424E-3 5.50882E-3 5.54011E-3 5.55208E-3 5.29314E-3 5.35725E-3 5.15583E-3 4.98142E-3 5.0665E-3 5.57495E-3 5.46683E-3 5.03137E-3 4.81249E-3 4.90684E-3 4.54677E-3 4.29757E-3 4.15943E-3
8.86666E-3 8.46074E-3 8.2667E-3 7.75577E-3 7.70909E-3 7.86823E-3 7.81672E-3 7.78336E-3 7.88455E-3 7.83191E-3 8.0266E-3 8.08232E-3 7.79841E-3 7.27312E-3 7.13343E-3 6.99172E-3 6.88854E-3 6.85518E-3 6.87538E-3 6.65051E-3 6.59536E-3 6.53853E-3 6.47585E-3 6.37627E-3 6.27879E-3 6.20224E-3 6.27726E-3 6.28495E-3 6.1797E-3 6.05218E-3 5.89772E-3 5.76171E-3 5.84211E-3 5.94276E-3 6.07853E-3 6.16752E-3 5.94076E-3 5.94297E-3 5.84397E-3 5.63279E-3 5.66116E-3 5.38665E-3 5.3638E-3 5.59733E-3 5.6527E-3 5.66726E-3 5.71472E-3 5.36433E-3 5.00654E-3 4.76557E-3 4.84849E-3 5.19508E-3 5.79571E-3 6.22576E-3 5.72859E-3 5.101E-3 4.81562E-3 4.89653E-3 4.55921E-3 4.3148E-3 4.43412E-3
8.47877E-3 8.39499E-3 8.20203E-3 8.01375E-3 7.93057E-3 8.01698E-3 8.01808E-3 8.31038E-3 8.30014E-3 8.25481E-3 8.42614E-3 8.25782E-3 7.89542E-3 7.39979E-3 7.26046E-3 7.0277E-3 6.9587E-3 6.83208E-3 6.86782E-3 6.9367E-3 6.89451E-3 6.84282E-3 6.7084E-3 6.63764E-3 6.38777E-3 6.413E-3 6.30236E-3 6.20537E-3 6.19971E-3 6.08289E-3 5.97335E-3 6.0685E-3 5.78173E-3 6.17881E-3 6.17244E-3 6.17818E-3 6.10642E-3 6.00629E-3 5.82018E-3 5.73142E-3 5.61195E-3 5.52547E-3 5.50871E-3 5.70735E-3 5.91981E-3 5.96651E-3 5.80082E-3 5.42089E-3 5.3311E-3 5.23904E-3 5.49367E-3 5.94498E-3 6.32412E-3 6.3343E-3 5.64577E-3 5.13927E-3 4.56386E-3 4.81495E-3 4.71217E-3 4.40506E-3 4.33405E-3
8.5414E-3 8.34338E-3 8.40811E-3 8.25965E-3 8.09543E-3 8.16945E-3 8.01149E-3 7.93329E-3 7.89446E-3 7.80039E-3 7.87451E-3 7.97207E-3 8.06778E-3 7.69629E-3 7.43158E-3 7.3281E-3 7.0319E-3 6.93045E-3 7.12182E-3 7.52486E-3 7.48673E-3 7.40665E-3 7.24904E-3 6.99347E-3 6.79647E-3 6.4824E-3 6.30169E-3 6.15601E-3 6.22477E-3 6.15306E-3 6.18288E-3 6.30884E-3 6.3449E-3 6.56951E-3 6.46519E-3 6.50132E-3 6.35551E-3 6.09346E-3 5.91014E-3 5.81225E-3 5.77292E-3 5.57006E-3 5.57723E-3 5.74475E-3 5.93276E-3 5.96272E-3 5.97987E-3 5.98423E-3 5.74586E-3 5.87336E-3 5.9022E-3 5.78142E-3 5.96603E-3 6.17441E-3 5.27105E-3 4.64835E-3 4.56267E-3 4.67531E-3 4.71297E-3 4.58711E-3 4.50426E-3
8.81312E-3 8.8228E-3 8.65796E-3 8.75632E-3 8.52137E-3 8.54424E-3 8.61909E-3 8.72673E-3 8.10155E-3 7.73589E-3 7.70321E-3 7.96484E-3 8.11358E-3 7.86079E-3 7.85371E-3 7.66208E-3 7.4625E-3 7.33252E-3 7.40082E-3 7.45424E-3 7.43342E-3 7.65378E-3 7.51886E-3 7.51089E-3 7.24421E-3 6.84219E-3 6.562E-3 6.40294E-3 6.30648E-3 6.28044E-3 6.3655E-3 6.48141E-3 6.64693E-3 6.66454E-3 6.88322E-3 6.99009E-3 6.90881E-3 6.80866E-3 6.58711E-3 6.29433E-3 6.00634E-3 5.85456E-3 5.76527E-3 5.95361E-3 5.97306E-3 5.89338E-3 5.55314E-3 5.74412E-3 5.86817E-3 5.78091E-3 5.83168E-3 5.82797E-3 5.7805E-3 6.09012E-3 5.43761E-3 4.69479E-3 4.65881E-3 4.48037E-3 4.59642E-3 4.70413E-3 4.71939E-3
9.57473E-3 9.56979E-3 9.26702E-3 8.98619E-3 9.34764E-3 9.20356E-3 9.04849E-3 8.93367E-3 8.98612E-3 8.5883E-3 8.30013E-3 8.19543E-3 8.34625E-3 8.51352E-3 8.45732E-3 8.34415E-3 8.14621E-3 7.88379E-3 8.04292E-3 7.75816E-3 7.94249E-3 7.84806E-3 7.82858E-3 7.65213E-3 7.72209E-3 7.30868E-3 6.85322E-3 6.7329E-3 6.62461E-3 6.59064E-3 6.59318E-3 6.58509E-3 6.8372E-3 6.91359E-3 7.06828E-3 7.34059E-3 7.23419E-3 7.23833E-3 7.10793E-3 6.78051E-3 6.47958E-3 5.96813E-3 5.9231E-3 6.03591E-3 6.12933E-3 6.1342E-3 5.79188E-3 5.56353E-3 5.41603E-3 5.42343E-3 5.4601E-3 5.81347E-3 6.06605E-3 6.29767E-3 5.61902E-3 4.83295E-3 4.57243E-3 4.54465E-3 4.7718E-3 4.64142E-3 4.65516E-3
1.00448E-2 1.00733E-2 9.86384E-3 9.36607E-3 9.31502E-3 9.6196E-3 9.26145E-3 9.23975E-3 9.18799E-3 9.14638E-3 9.08847E-3 8.95821E-3 9.13123E-3 9.23135E-3 9.14775E-3 9.18985E-3 9.04935E-3 8.71285E-3 8.60623E-3 8.47195E-3 8.27295E-3 8.37933E-3 8.29208E-3 8.01339E-3 7.89867E-3 7.59784E-3 7.58374E-3 7.39241E-3 7.2317E-3 6.97033E-3 6.86698E-3 6.92169E-3 7.29851E-3 7.07514E-3 7.16547E-3 7.29598E-3 7.46825E-3 7.3839E-3 7.32896E-3 7.0712E-3 6.66582E-3 6.50258E-3 6.22188E-3 6.21551E-3 6.15875E-3 6.28395E-3 6.01314E-3 5.89414E-3 5.61965E-3 5.40947E-3 5.51767E-3 5.71214E-3 5.77994E-3 5.61999E-3 5.36619E-3 5.02528E-3 4.83869E-3 4.90489E-3 5.09404E-3 5.16566E-3 4.94972E-3
1.04339E-2 1.03045E-2 1.01349E-2 1.03387E-2 1.04374E-2 1.00929E-2 9.76959E-3 9.61209E-3 1.01178E-2 9.83385E-3 1.00932E-2 1.02063E-2 9.88321E-3 9.55362E-3 9.40095E-3 9.28389E-3 9.25665E-3 9.43228E-3 9.15986E-3 8.99091E-3 8.98496E-3 9.00508E-3 9.04795E-3 8.64741E-3 8.20015E-3 7.92267E-3 7.92791E-3 7.84623E-3 7.80256E-3 7.45318E-3 7.25718E-3 7.12439E-3 7.15661E-3 7.30666E-3 7.21184E-3 7.42954E-3 7.45841E-3 7.61951E-3 7.3593E-3 7.23802E-3 6.8176E-3 6.69472E-3 6.44641E-3 6.3765E-3 6.39358E-3 6.42828E-3 6.3357E-3 6.1544E-3 5.99362E-3 5.7558E-3 5.91487E-3 6.00107E-3 5.98027E-3 5.87054E-3 5.67141E-3 5.57929E-3 5.45534E-3 5.32608E-3 5.25424E-3 5.2928E-3 5.0998E-3
1.1362E-2 1.12312E-2 1.09543E-2 1.08023E-2 1.06713E-2 1.0608E-2 1.04814E-2 1.0094E-2 1.05533E-2 1.02163E-2 1.04902E-2 1.05433E-2 1.05471E-2 1.02193E-2 1.01192E-2 1.00778E-2 1.03974E-2 1.0112E-2 9.99325E-3 9.91769E-3 9.77358E-3 9.63314E-3 9.49937E-3 9.12827E-3 9.13508E-3 8.90114E-3 8.72539E-3 8.33352E-3 8.22822E-3 8.07147E-3 7.96849E-3 7.67169E-3 7.49643E-3 7.48169E-3 7.36465E-3 7.52591E-3 7.49464E-3 7.71394E-3 7.45793E-3 7.14717E-3 7.11152E-3 6.89427E-3 6.76248E-3 6.63974E-3 6.73305E-3 6.73255E-3 6.65363E-3 6.44118E-3 6.16222E-3 6.05789E-3 6.14028E-3 6.28528E-3 6.39031E-3 6.25487E-3 6.21806E-3 6.03533E-3 5.85623E-3 5.89135E-3 6.1816E-3 5.72052E-3 5.39789E-3
1.25075E-2 1.18635E-2 1.14677E-2 1.16346E-2 1.13387E-2 1.13302E-2 1.11874E-2 1.13847E-2 1.1217E-2 1.10572E-2 1.05919E-2 1.04747E-2 1.08373E-2 1.11427E-2 1.13824E-2 1.1301E-2 1.12754E-2 1.12159E-2 1.08628E-2 1.06329E-2 1.02404E-2 1.01851E-2 1.00633E-2 9.90471E-3 9.81085E-3 9.44695E-3 9.14997E-3 8.89784E-3 8.4869E-3 8.46312E-3 8.45895E-3 8.57948E-3 8.35254E-3 7.89505E-3 7.66222E-3 7.76644E-3 7.55433E-3 7.65163E-3 7.6392E-3 7.72401E-3 7.39463E-3 7.2119E-3 6.85853E-3 6.95284E-3 6.91297E-3 7.04466E-3 7.02307E-3 6.68238E-3 6.41678E-3 6.48434E-3 6.22854E-3 6.25427E-3 6.1619E-3 6.13779E-3 6.29003E-3 5.9637E-3 5.68999E-3 5.97705E-3 6.13552E-3 6.18549E-3 6.04045E-3
1.2117E-2 1.20133E-2 1.151E-2 1.16234E-2 1.16791E-2 1.14813E-2 1.17935E-2 1.19517E-2 1.23318E-2 1.19224E-2 1.17467E-2 1.15874E-2 1.16234E-2 1.13823E-2 1.11971E-2 1.14035E-2 1.13896E-2 1.15848E-2 1.14509E-2 1.14206E-2 1.08531E-2 1.04933E-2 1.04122E-2 1.0594E-2 1.00992E-2 9.96162E-3 9.53997E-3 9.07468E-3 8.67459E-3 8.71795E-3 8.48572E-3 8.59853E-3 8.65843E-3 8.39834E-3 8.20091E-3 8.20254E-3 8.11846E-3 8.24059E-3 8.08815E-3 7.86951E-3 7.66701E-3 7.31075E-3 7.29217E-3 7.41439E-3 7.60394E-3 7.6966E-3 7.45081E-3 7.18633E-3 6.74033E-3 6.72694E-3 6.57905E-3 6.41435E-3 6.29045E-3 6.28259E-3 6.06846E-3 5.95831E-3 5.85772E-3 5.98166E-3 5.88343E-3 6.09352E-3 6.43866E-3
1.26637E-2 1.20625E-2 1.2319E-2 1.21531E-2 1.24928E-2 1.23477E-2 1.23091E-2 1.2692E-2 1.30286E-2 1.26651E-2 1.2402E-2 1.24806E-2 1.25643E-2 1.1914E-2 1.15001E-2 1.13916E-2 1.15801E-2 1.14552E-2 1.15669E-2 1.15434E-2 1.12945E-2 1.10777E-2 1.16218E-2 1.18328E-2 1.13834E-2 1.06273E-2 1.00763E-2 9.66785E-3 9.12976E-3 8.85097E-3 9.40629E-3 8.72434E-3 8.67637E-3 8.44264E-3 8.40424E-3 8.52447E-3 8.91535E-3 9.08569E-3 8.84253E-3 8.52405E-3 7.95841E-3 7.63649E-3 7.54733E-3 8.00078E-3 8.0751E-3 8.0238E-3 7.72615E-3 7.64653E-3 7.32016E-3 6.90348E-3 6.94422E-3 6.7366E-3 6.77661E-3 6.54201E-3 6.24396E-3 5.9365E-3 5.96065E-3 5.95792E-3 6.04886E-3 6.11024E-3 6.63385E-3
1.30955E-2 1.26071E-2 1.26353E-2 1.32078E-2 1.35379E-2 1.33605E-2 1.34689E-2 1.38083E-2 1.37325E-2 1.36936E-2 1.38387E-2 1.39494E-2 1.35602E-2 1.31954E-2 1.30195E-2 1.2728E-2 1.22888E-2 1.19042E-2 1.20021E-2 1.15423E-2 1.11569E-2 1.10039E-2 1.13212E-2 1.21615E-2 1.27892E-2 1.17271E-2 1.0883E-2 1.00562E-2 9.76359E-3 9.42241E-3 9.3675E-3 8.86784E-3 8.60373E-3 8.68532E-3 8.63471E-3 8.8121E-3 8.94991E-3 8.95061E-3 9.18518E-3 8.84554E-3 8.6286E-3 8.27446E-3 8.12029E-3 8.20432E-3 8.1929E-3 7.90156E-3 7.81099E-3 7.87257E-3 7.55426E-3 7.46841E-3 7.31606E-3 7.08247E-3 6.9998E-3 6.74985E-3 6.45288E-3 6.08123E-3 5.92162E-3 5.9533E-3 6.05608E-3 6.30211E-3 6.34569E-3
1.50152E-2 1.48164E-2 1.52728E-2 1.4602E-2 1.49259E-2 1.50739E-2 1.48969E-2 1.49199E-2 1.46383E-2 1.42645E-2 1.4243E-2 1.43381E-2 1.41822E-2 1.43792E-2 1.4068E-2 1.33818E-2 1.27527E-2 1.22135E-2 1.25257E-2 1.21462E-2 1.19004E-2 1.21149E-2 1.18283E-2 1.17014E-2 1.26511E-2 1.31264E-2 1.27645E-2 1.18078E-2 1.03347E-2 1.00429E-2 9.94202E-3 9.73912E-3 9.37607E-3 9.09692E-3 8.85866E-3 9.00029E-3 9.01681E-3 9.18828E-3 9.00909E-3 9.01585E-3 8.83414E-3 8.89952E-3 8.65926E-3 8.52368E-3 8.22875E-3 7.92185E-3 7.86955E-3 7.91806E-3 8.05138E-3 7.7335E-3 7.57306E-3 7.48882E-3 7.26241E-3 7.02094E-3 6.52788E-3 6.20966E-3 6.13989E-3 6.07658E-3 6.13614E-3 6.293E-3 6.21568E-3
1.84395E-2 1.82445E-2 1.83462E-2 1.8652E-2 1.88629E-2 1.87725E-2 1.71619E-2 1.53664E-2 1.51801E-2 1.51088E-2 1.5044E-2 1.49551E-2 1.48058E-2 1.44162E-2 1.36399E-2 1.32646E-2 1.3291E-2 1.36935E-2 1.38387E-2 1.32709E-2 1.30139E-2 1.30537E-2 1.32442E-2 1.27478E-2 1.28844E-2 1.28538E-2 1.27714E-2 1.22886E-2 1.19302E-2 1.22934E-2 1.16442E-2 1.06837E-2 1.01763E-2 9.77871E-3 9.41143E-3 9.17747E-3 9.28347E-3 9.50076E-3 9.39329E-3 9.03064E-3 9.26101E-3 9.18579E-3 9.02133E-3 8.98292E-3 8.69626E-3 8.14207E-3 7.95738E-3 7.96982E-3 8.12614E-3 8.1149E-3 8.03272E-3 7.79468E-3 7.74511E-3 7.35686E-3 6.90649E-3 6.54426E-3 6.69281E-3 6.52525E-3 6.4681E-3 6.34788E-3 6.49591E-3
2.18439E-2 2.26005E-2 2.38625E-2 2.2452E-2 2.19696E-2 2.08359E-2 1.73872E-2 1.59592E-2 1.555E-2 1.50226E-2 1.48042E-2 1.49062E-2 1.51975E-2 1.5282E-2 1.51569E-2 1.40964E-2 1.35503E-2 1.39657E-2 1.44546E-2 1.48766E-2 1.44506E-2 1.44328E-2 1.41211E-2 1.43255E-2 1.39309E-2 1.33248E-2 1.22538E-2 1.15024E-2 1.17957E-2 1.28621E-2 1.29211E-2 1.29672E-2 1.18395E-2 1.05564E-2 1.01398E-2 9.90666E-3 9.70835E-3 9.70749E-3 9.49471E-3 9.33398E-3 8.91846E-3 9.02502E-3 9.0813E-3 9.30511E-3 9.05589E-3 8.64436E-3 8.38949E-3 8.203E-3 8.26766E-3 8.28346E-3 8.24924E-3 8.06892E-3 8.03326E-3 7.91045E-3 7.6082E-3 7.50409E-3 7.29911E-3 7.14067E-3 7.00197E-3 7.02821E-3 7.12669E-3
2.35478E-2 2.28069E-2 2.18021E-2 2.11618E-2 2.04262E-2 1.9143E-2 1.71361E-2 1.70124E-2 1.64419E-2 1.58583E-2 1.49482E-2 1.5226E-2 1.54915E-2 1.58935E-2 1.5696E-2 1.497E-2 1.45528E-2 1.46524E-2 1.52695E-2 1.59514E-2 1.58366E-2 1.60273E-2 1.62479E-2 1.7515E-2 1.7316E-2 1.58374E-2 1.48321E-2 1.34549E-2 1.26157E-2 1.34451E-2 1.40296E-2 1.42163E-2 1.33642E-2 1.21526E-2 1.08396E-2 1.01605E-2 1.02183E-2 1.02779E-2 1.00093E-2 9.81018E-3 9.32131E-3 8.75286E-3 8.39765E-3 8.2995E-3 8.46884E-3 8.44269E-3 8.62548E-3 8.53774E-3 8.57334E-3 8.55197E-3 8.34837E-3 8.25341E-3 8.18334E-3 8.2193E-3 8.41627E-3 8.19745E-3 8.00265E-3 7.67833E-3 7.58789E-3 7.44304E-3 7.53704E-3
