maxent_outputs/red_flowers_troch_bombus_environ/red_156.asc
ncols         426
nrows         180
xllcorner     -130.0
yllcorner     24.0
cellsize      0.16666666666666666
NODATA_value  -9999
[rows 54 to 80 of 180, columns 183 to 243 of 426]
3.77031E-1 3.86441E-1 3.90996E-1 3.83971E-1 3.79574E-1 3.75984E-1 3.75273E-1 3.72846E-1 3.7518E-1 3.79394E-1 3.8684E-1 3.8946E-1 3.91695E-1 3.91223E-1 3.84539E-1 3.92373E-1 4.04128E-1 4.02895E-1 4.00016E-1 3.97464E-1 3.94243E-1 3.91672E-1 3.93705E-1 3.95634E-1 3.94848E-1 3.96427E-1 3.91687E-1 3.90987E-1 3.8814E-1 3.91366E-1 3.98793E-1 3.99409E-1 4.0367E-1 4.07594E-1 4.20906E-1 4.38304E-1 4.35576E-1 4.28911E-1 4.31949E-1 4.24999E-1 4.32639E-1 4.22039E-1 4.1868E-1 4.19606E-1 4.26575E-1 4.23358E-1 4.23253E-1 4.17801E-1 4.19478E-1 4.22211E-1 4.27566E-1 4.24766E-1 4.28466E-1 4.3387E-1 4.38526E-1 4.39449E-1 4.44678E-1 4.42766E-1 4.52058E-1 4.51406E-1 4.5525E-1
3.70575E-1 3.7609E-1 3.79174E-1 3.77901E-1 3.7775E-1 3.8081E-1 3.76245E-1 3.73998E-1 3.76075E-1 3.79253E-1 3.86305E-1 3.95391E-1 3.89604E-1 3.8751E-1 3.84964E-1 3.89294E-1 3.99062E-1 4.03363E-1 4.0765E-1 4.03156E-1 3.9928E-1 3.9685E-1 3.95756E-1 4.00574E-1 4.05673E-1 3.99799E-1 3.9496E-1 3.93515E-1 3.92829E-1 3.96347E-1 3.9844E-1 4.00161E-1 4.02123E-1 4.07071E-1 4.11836E-1 4.21461E-1 4.31927E-1 4.36264E-1 4.28732E-1 4.3161E-1 4.37088E-1 4.35499E-1 4.32328E-1 4.30908E-1 4.34833E-1 4.31184E-1 4.27458E-1 4.30101E-1 4.28189E-1 4.29238E-1 4.37873E-1 4.46418E-1 4.40328E-1 4.35573E-1 4.38455E-1 4.4442E-1 4.44455E-1 4.54E-1 4.64009E-1 4.66489E-1 4.65592E-1
3.83812E-1 3.87532E-1 3.91212E-1 3.87624E-1 3.86264E-1 3.85439E-1 3.84533E-1 3.78763E-1 3.79472E-1 3.80577E-1 3.85791E-1 3.91518E-1 3.93473E-1 3.90775E-1 3.98141E-1 3.88384E-1 3.91737E-1 3.99157E-1 4.058E-1 4.09971E-1 4.10185E-1 4.07003E-1 4.04784E-1 4.06196E-1 4.05427E-1 4.05705E-1 4.0819E-1 4.05358E-1 4.00983E-1 4.00254E-1 3.98743E-1 4.0057E-1 4.03546E-1 4.12278E-1 4.09194E-1 4.17088E-1 4.23379E-1 4.28032E-1 4.26417E-1 4.29653E-1 4.37306E-1 4.44497E-1 4.5034E-1 4.44646E-1 4.44941E-1 4.45451E-1 4.43078E-1 4.38766E-1 4.37674E-1 4.30388E-1 4.32558E-1 4.3409E-1 4.42573E-1 4.30985E-1 4.33856E-1 4.44294E-1 4.4399E-1 4.46597E-1 4.531E-1 4.57121E-1 4.53773E-1
3.87869E-1 3.87918E-1 3.96013E-1 3.9449E-1 3.95638E-1 3.90123E-1 3.8718E-1 3.86664E-1 3.85885E-1 3.85354E-1 3.8557E-1 3.91527E-1 3.95584E-1 3.96455E-1 3.93162E-1 3.90839E-1 3.89681E-1 3.94153E-1 4.01684E-1 4.05266E-1 4.11029E-1 4.13566E-1 4.13129E-1 4.10905E-1 4.10825E-1 4.11104E-1 4.08896E-1 4.07007E-1 4.09292E-1 4.10002E-1 4.05298E-1 4.03327E-1 4.00337E-1 4.09951E-1 4.09588E-1 4.16977E-1 4.25173E-1 4.26378E-1 4.30212E-1 4.37523E-1 4.37304E-1 4.34914E-1 4.35831E-1 4.45905E-1 4.50886E-1 4.54636E-1 4.50224E-1 4.47816E-1 4.37574E-1 4.32403E-1 4.32968E-1 4.28543E-1 4.39241E-1 4.43058E-1 4.43387E-1 4.42285E-1 4.48135E-1 4.49723E-1 4.5343E-1 4.43665E-1 4.4767E-1
3.81959E-1 3.80186E-1 3.84906E-1 3.91327E-1 3.98536E-1 3.97379E-1 3.89961E-1 3.90509E-1 3.89609E-1 3.88947E-1 3.89028E-1 3.95884E-1 4.13814E-1 4.0019E-1 3.99982E-1 3.90155E-1 3.90524E-1 3.9048E-1 3.96002E-1 4.06214E-1 4.11921E-1 4.15686E-1 4.19263E-1 4.20084E-1 4.17905E-1 4.15669E-1 4.15492E-1 4.14382E-1 4.14017E-1 4.11357E-1 4.12192E-1 4.15738E-1 4.10018E-1 4.15276E-1 4.22447E-1 4.21988E-1 4.24269E-1 4.26533E-1 4.25414E-1 4.28793E-1 4.37512E-1 4.35642E-1 4.36083E-1 4.37542E-1 4.4182E-1 4.50782E-1 4.49716E-1 4.48321E-1 4.40556E-1 4.39711E-1 4.40926E-1 4.35395E-1 4.38572E-1 4.50592E-1 4.45915E-1 4.45888E-1 4.57521E-1 4.5776E-1 4.52821E-1 4.44031E-1 4.49357E-1
3.94676E-1 3.84483E-1 3.84225E-1 3.84484E-1 3.90054E-1 4.07398E-1 3.98731E-1 3.94716E-1 3.94185E-1 3.93735E-1 3.93311E-1 3.94097E-1 3.99441E-1 4.03226E-1 4.01228E-1 3.96107E-1 3.93625E-1 3.93841E-1 3.93095E-1 3.98173E-1 4.08598E-1 4.14858E-1 4.24881E-1 4.21768E-1 4.21022E-1 4.21558E-1 4.22673E-1 4.20119E-1 4.19217E-1 4.1821E-1 4.14373E-1 4.12722E-1 4.18531E-1 4.13897E-1 4.14776E-1 4.17269E-1 4.21418E-1 4.23196E-1 4.23872E-1 4.25298E-1 4.34429E-1 4.36024E-1 4.33964E-1 4.31973E-1 4.39388E-1 4.49247E-1 4.56322E-1 4.5709E-1 4.45625E-1 4.45293E-1 4.50941E-1 4.44764E-1 4.40232E-1 4.51576E-1 4.51769E-1 4.56853E-1 4.62675E-1 4.65395E-1 4.58013E-1 4.5793E-1 4.58623E-1
4.03237E-1 4.03598E-1 3.93783E-1 3.90578E-1 3.94919E-1 3.99326E-1 4.02545E-1 4.03273E-1 4.0211E-1 3.99449E-1 4.00579E-1 3.97411E-1 3.97861E-1 4.0379E-1 4.07824E-1 4.04463E-1 4.00646E-1 3.99115E-1 3.96587E-1 4.00645E-1 4.06198E-1 4.13269E-1 4.19956E-1 4.16996E-1 4.18881E-1 4.18009E-1 4.22438E-1 4.20665E-1 4.21993E-1 4.22557E-1 4.18043E-1 4.16011E-1 4.18322E-1 4.13998E-1 4.13162E-1 4.15393E-1 4.20078E-1 4.19932E-1 4.20665E-1 4.21102E-1 4.26549E-1 4.35222E-1 4.35654E-1 4.38023E-1 4.37794E-1 4.41121E-1 4.50875E-1 4.61533E-1 4.68708E-1 4.56017E-1 4.554E-1 4.50129E-1 4.4408E-1 4.51752E-1 4.57487E-1 4.60006E-1 4.63109E-1 4.70104E-1 4.63382E-1 4.61369E-1 4.6655E-1
4.20275E-1 4.06934E-1 4.00216E-1 3.9876E-1 3.99298E-1 4.00408E-1 4.05967E-1 4.06504E-1 4.08152E-1 4.07791E-1 4.02964E-1 4.02139E-1 3.99422E-1 4.00123E-1 4.06568E-1 4.02438E-1 4.06393E-1 4.02889E-1 4.00594E-1 4.03585E-1 4.0658E-1 4.12143E-1 4.15823E-1 4.15507E-1 4.14698E-1 4.23319E-1 4.23102E-1 4.17129E-1 4.2283E-1 4.25223E-1 4.28072E-1 4.21774E-1 4.21126E-1 4.13666E-1 4.14643E-1 4.20838E-1 4.23059E-1 4.24164E-1 4.23373E-1 4.2918E-1 4.26783E-1 4.28577E-1 4.36753E-1 4.4416E-1 4.46502E-1 4.49986E-1 4.54089E-1 4.60456E-1 4.62937E-1 4.73014E-1 4.67279E-1 4.5901E-1 4.55681E-1 4.60526E-1 4.62145E-1 4.6334E-1 4.63172E-1 4.66026E-1 4.63827E-1 4.62559E-1 4.6907E-1
4.31692E-1 4.23687E-1 4.13058E-1 4.06677E-1 4.02107E-1 4.02783E-1 4.06507E-1 4.10839E-1 4.1037E-1 4.10314E-1 4.07841E-1 4.03515E-1 4.06216E-1 4.05708E-1 4.10158E-1 4.09345E-1 4.09635E-1 4.12703E-1 4.05121E-1 4.04727E-1 4.05874E-1 4.10039E-1 4.14809E-1 4.18997E-1 4.16742E-1 4.17066E-1 4.20928E-1 4.18707E-1 4.19766E-1 4.27941E-1 4.31379E-1 4.2461E-1 4.22081E-1 4.17152E-1 4.22268E-1 4.22856E-1 4.32672E-1 4.35097E-1 4.28036E-1 4.33839E-1 4.32784E-1 4.2923E-1 4.3315E-1 4.41877E-1 4.44617E-1 4.44828E-1 4.50599E-1 4.56399E-1 4.61259E-1 4.8186E-1 4.71174E-1 4.48913E-1 4.56925E-1 4.69475E-1 4.67132E-1 4.65455E-1 4.70115E-1 4.66146E-1 4.62933E-1 4.6566E-1 4.72154E-1
4.2974E-1 4.45331E-1 4.35166E-1 4.20539E-1 4.07409E-1 4.04053E-1 4.02966E-1 4.0622E-1 4.13412E-1 4.12606E-1 4.09469E-1 4.06491E-1 4.09009E-1 4.07735E-1 4.05977E-1 4.07317E-1 4.08998E-1 4.11233E-1 4.07817E-1 4.06536E-1 4.07035E-1 4.09617E-1 4.14716E-1 4.16639E-1 4.16776E-1 4.2378E-1 4.33529E-1 4.202E-1 4.22663E-1 4.24105E-1 4.26368E-1 4.24557E-1 4.22747E-1 4.22173E-1 4.21569E-1 4.24794E-1 4.29368E-1 4.33461E-1 4.32899E-1 4.39021E-1 4.36759E-1 4.3907E-1 4.36865E-1 4.33918E-1 4.42131E-1 4.52894E-1 4.64096E-1 4.69192E-1 4.71223E-1 4.84502E-1 4.81904E-1 4.65619E-1 4.6677E-1 4.72005E-1 4.71036E-1 4.74824E-1 4.75961E-1 4.792E-1 4.72595E-1 4.7403E-1 4.69409E-1
4.29758E-1 4.31479E-1 4.42018E-1 4.48167E-1 4.24815E-1 4.14335E-1 4.13275E-1 4.10396E-1 4.197E-1 4.23295E-1 4.16664E-1 4.12428E-1 4.14188E-1 4.15597E-1 4.08208E-1 4.05817E-1 4.08989E-1 4.13697E-1 4.10692E-1 4.12439E-1 4.11205E-1 4.13822E-1 4.14941E-1 4.18575E-1 4.19005E-1 4.19565E-1 4.22381E-1 4.24958E-1 4.26547E-1 4.23733E-1 4.2457E-1 4.24622E-1 4.24712E-1 4.24838E-1 4.23784E-1 4.25833E-1 4.28973E-1 4.32737E-1 4.35888E-1 4.36658E-1 4.40827E-1 4.42169E-1 4.41525E-1 4.41918E-1 4.46887E-1 4.54424E-1 4.64974E-1 4.63383E-1 4.63845E-1 4.7582E-1 4.86105E-1 4.73841E-1 4.75639E-1 4.7352E-1 4.74713E-1 4.70872E-1 4.71776E-1 4.77736E-1 4.67098E-1 4.69313E-1 4.61682E-1
4.31835E-1 4.31762E-1 4.33674E-1 4.40099E-1 4.4559E-1 4.39627E-1 4.27674E-1 4.21267E-1 4.23248E-1 4.23584E-1 4.26685E-1 4.23674E-1 4.17392E-1 4.14524E-1 4.11078E-1 4.08784E-1 4.09733E-1 4.0868E-1 4.13331E-1 4.13817E-1 4.13834E-1 4.14908E-1 4.14552E-1 4.16653E-1 4.21779E-1 4.23755E-1 4.27201E-1 4.29496E-1 4.27742E-1 4.24582E-1 4.20545E-1 4.21457E-1 4.20909E-1 4.22071E-1 4.2382E-1 4.2512E-1 4.32868E-1 4.31615E-1 4.35287E-1 4.35223E-1 4.35463E-1 4.40389E-1 4.4296E-1 4.44269E-1 4.47207E-1 4.54654E-1 4.60805E-1 4.60393E-1 4.60464E-1 4.74941E-1 4.75382E-1 4.8027E-1 4.74975E-1 4.75621E-1 4.81785E-1 4.83506E-1 4.88372E-1 4.83862E-1 4.78982E-1 4.68694E-1 4.86257E-1
4.35312E-1 4.33162E-1 4.30238E-1 4.274E-1 4.28322E-1 4.316E-1 4.30796E-1 4.29191E-1 4.28339E-1 4.31972E-1 4.47986E-1 4.48775E-1 4.33402E-1 4.20362E-1 4.12112E-1 4.12984E-1 4.12756E-1 4.1478E-1 4.14209E-1 4.14826E-1 4.15996E-1 4.16424E-1 4.16536E-1 4.19159E-1 4.2641E-1 4.24212E-1 4.26445E-1 4.24977E-1 4.24868E-1 4.21653E-1 4.19189E-1 4.17082E-1 4.16675E-1 4.19085E-1 4.2098E-1 4.26978E-1 4.28358E-1 4.3091E-1 4.35479E-1 4.37602E-1 4.35142E-1 4.36801E-1 4.45053E-1 4.4888E-1 4.47714E-1 4.49007E-1 4.59625E-1 4.63025E-1 4.59341E-1 4.68922E-1 4.75521E-1 4.6636E-1 4.65032E-1 4.65147E-1 4.69823E-1 4.77895E-1 4.75837E-1 4.75612E-1 4.70898E-1 4.67421E-1 4.67471E-1
4.45844E-1 4.37326E-1 4.35198E-1 4.30622E-1 4.30524E-1 4.2998E-1 4.31314E-1 4.33918E-1 4.40119E-1 4.4655E-1 4.42974E-1 4.43983E-1 4.38379E-1 4.3155E-1 4.32885E-1 4.32675E-1 4.22246E-1 4.23149E-1 4.20521E-1 4.19344E-1 4.20519E-1 4.19772E-1 4.18826E-1 4.22591E-1 4.22226E-1 4.27704E-1 4.27758E-1 4.29015E-1 4.25667E-1 4.2226E-1 4.21503E-1 4.18344E-1 4.18942E-1 4.24799E-1 4.23413E-1 4.27021E-1 4.29695E-1 4.36252E-1 4.37516E-1 4.39043E-1 4.40563E-1 4.43709E-1 4.4789E-1 4.48418E-1 4.52451E-1 4.48245E-1 4.45607E-1 4.59521E-1 4.65114E-1 4.68571E-1 4.76913E-1 4.74185E-1 4.7202E-1 4.70971E-1 4.68821E-1 4.73263E-1 4.76053E-1 4.78255E-1 4.76707E-1 4.73871E-1 4.7132E-1
4.40303E-1 4.36437E-1 4.33109E-1 4.31688E-1 4.28805E-1 4.27367E-1 4.28053E-1 4.31801E-1 4.35113E-1 4.41718E-1 4.37041E-1 4.34122E-1 4.39405E-1 4.33758E-1 4.27577E-1 4.29109E-1 4.33423E-1 4.28677E-1 4.3413E-1 4.24173E-1 4.21588E-1 4.25612E-1 4.30196E-1 4.29898E-1 4.2256E-1 4.27187E-1 4.30371E-1 4.30004E-1 4.28178E-1 4.26264E-1 4.25572E-1 4.25049E-1 4.2523E-1 4.29492E-1 4.28238E-1 4.27496E-1 4.27743E-1 4.3306E-1 4.37278E-1 4.39782E-1 4.42271E-1 4.4401E-1 4.4692E-1 4.45879E-1 4.53261E-1 4.53033E-1 4.49637E-1 4.5408E-1 4.57956E-1 4.65516E-1 4.70043E-1 4.75782E-1 4.82726E-1 4.77497E-1 4.71295E-1 4.74923E-1 4.76345E-1 4.78787E-1 4.80584E-1 4.76576E-1 4.75264E-1
4.38987E-1 4.39592E-1 4.39588E-1 4.34104E-1 4.29582E-1 4.27155E-1 4.28078E-1 4.30651E-1 4.3362E-1 4.36213E-1 4.37188E-1 4.29381E-1 4.32803E-1 4.32549E-1 4.24372E-1 4.25706E-1 4.32782E-1 4.38239E-1 4.39458E-1 4.29325E-1 4.31394E-1 4.33019E-1 4.37484E-1 4.32191E-1 4.29663E-1 4.29944E-1 4.35126E-1 4.37672E-1 4.33613E-1 4.32638E-1 4.28547E-1 4.30274E-1 4.37643E-1 4.34191E-1 4.31024E-1 4.28332E-1 4.2976E-1 4.33047E-1 4.40093E-1 4.40293E-1 4.41481E-1 4.43908E-1 4.48348E-1 4.52564E-1 4.5592E-1 4.5629E-1 4.60266E-1 4.59711E-1 4.62591E-1 4.68019E-1 4.69394E-1 4.73885E-1 4.78616E-1 4.88696E-1 4.83865E-1 4.85323E-1 4.86271E-1 4.82518E-1 4.84519E-1 4.81806E-1 4.78979E-1
4.3185E-1 4.34967E-1 4.34478E-1 4.34644E-1 4.30716E-1 4.25195E-1 4.23974E-1 4.27885E-1 4.32326E-1 4.35453E-1 4.37483E-1 4.35347E-1 4.30855E-1 4.36081E-1 4.3022E-1 4.27798E-1 4.26837E-1 4.33622E-1 4.55517E-1 4.38928E-1 4.35486E-1 4.49872E-1 4.41414E-1 4.41225E-1 4.39763E-1 4.36722E-1 4.41897E-1 4.46439E-1 4.44231E-1 4.40357E-1 4.35871E-1 4.30613E-1 4.32004E-1 4.40079E-1 4.29977E-1 4.31369E-1 4.33926E-1 4.37209E-1 4.41E-1 4.4293E-1 4.46246E-1 4.48537E-1 4.52971E-1 4.55718E-1 4.58854E-1 4.63217E-1 4.62724E-1 4.64696E-1 4.66242E-1 4.65322E-1 4.73141E-1 4.78753E-1 4.78042E-1 4.79791E-1 4.86464E-1 4.83499E-1 4.89093E-1 4.87912E-1 4.86801E-1 4.85068E-1 4.84635E-1
4.2567E-1 4.29832E-1 4.32967E-1 4.32401E-1 4.31382E-1 4.29209E-1 4.26207E-1 4.28803E-1 4.32374E-1 4.37657E-1 4.36941E-1 4.36965E-1 4.34502E-1 4.35687E-1 4.31657E-1 4.30035E-1 4.3132E-1 4.317E-1 4.43298E-1 4.49169E-1 4.42549E-1 4.57542E-1 4.5151E-1 4.50196E-1 4.50277E-1 4.47082E-1 4.42635E-1 4.4769E-1 4.47019E-1 4.44096E-1 4.39783E-1 4.33825E-1 4.31113E-1 4.44732E-1 4.35491E-1 4.39445E-1 4.41831E-1 4.46585E-1 4.47785E-1 4.5328E-1 4.52763E-1 4.53055E-1 4.58273E-1 4.59486E-1 4.63715E-1 4.65979E-1 4.68869E-1 4.61373E-1 4.67987E-1 4.74364E-1 4.7283E-1 4.77138E-1 4.77178E-1 4.7817E-1 4.78464E-1 4.86994E-1 4.90258E-1 4.84027E-1 4.85856E-1 4.87603E-1 4.91385E-1
4.31276E-1 4.32832E-1 4.36411E-1 4.32318E-1 4.29075E-1 4.29116E-1 4.28457E-1 4.2935E-1 4.35235E-1 4.34878E-1 4.3455E-1 4.35578E-1 4.33219E-1 4.35528E-1 4.34281E-1 4.35274E-1 4.36147E-1 4.35578E-1 4.39877E-1 4.51164E-1 4.49534E-1 4.61025E-1 4.57212E-1 4.58879E-1 4.58848E-1 4.52517E-1 4.49137E-1 4.49984E-1 4.49932E-1 4.45354E-1 4.4332E-1 4.41665E-1 4.35288E-1 4.42345E-1 4.42315E-1 4.48422E-1 4.53483E-1 4.55366E-1 4.55466E-1 4.56101E-1 4.54241E-1 4.60862E-1 4.67345E-1 4.66868E-1 4.69722E-1 4.67472E-1 4.64999E-1 4.76112E-1 4.78225E-1 4.77343E-1 4.75233E-1 4.77498E-1 4.77438E-1 4.75827E-1 4.78349E-1 4.82158E-1 4.90799E-1 4.87978E-1 4.88089E-1 4.87941E-1 4.97388E-1
4.3713E-1 4.45769E-1 4.43468E-1 4.39604E-1 4.36913E-1 4.32367E-1 4.31261E-1 4.32627E-1 4.36286E-1 4.34946E-1 4.35296E-1 4.35044E-1 4.35678E-1 4.38801E-1 4.38506E-1 4.3695E-1 4.3704E-1 4.38524E-1 4.4342E-1 4.52076E-1 4.49674E-1 4.60573E-1 4.59529E-1 4.58838E-1 4.58035E-1 4.5431E-1 4.56516E-1 4.54481E-1 4.56216E-1 4.57203E-1 4.55817E-1 4.46875E-1 4.45057E-1 4.46596E-1 4.61028E-1 4.63552E-1 4.61577E-1 4.66577E-1 4.66553E-1 4.62467E-1 4.61519E-1 4.62854E-1 4.67706E-1 4.71354E-1 4.74253E-1 4.76512E-1 4.81364E-1 4.88687E-1 4.86743E-1 4.90925E-1 4.86736E-1 4.85402E-1 4.89468E-1 4.88413E-1 4.90761E-1 4.87703E-1 4.9029E-1 4.88167E-1 4.87213E-1 4.8564E-1 4.89324E-1
4.41048E-1 4.41683E-1 4.39933E-1 4.39157E-1 4.40452E-1 4.37724E-1 4.36059E-1 4.38291E-1 4.37373E-1 4.3912E-1 4.40152E-1 4.40905E-1 4.40275E-1 4.3998E-1 4.39633E-1 4.39538E-1 4.40543E-1 4.43373E-1 4.48271E-1 4.52168E-1 4.57923E-1 4.55911E-1 4.57962E-1 4.59053E-1 4.57489E-1 4.57866E-1 4.57577E-1 4.62258E-1 4.61659E-1 4.64941E-1 4.63311E-1 4.61307E-1 4.61244E-1 4.65291E-1 4.70513E-1 4.78395E-1 4.76534E-1 4.7754E-1 4.76357E-1 4.69697E-1 4.71254E-1 4.76986E-1 4.72984E-1 4.77462E-1 4.8099E-1 4.80858E-1 4.85108E-1 4.90204E-1 4.87927E-1 4.91966E-1 5.00336E-1 4.98601E-1 4.97245E-1 4.9835E-1 5.07307E-1 5.03422E-1 4.91441E-1 4.87268E-1 4.89291E-1 4.90964E-1 4.92944E-1
4.38507E-1 4.41313E-1 4.42262E-1 4.4691E-1 4.45679E-1 4.42942E-1 4.43132E-1 4.42712E-1 4.45677E-1 4.45018E-1 4.47003E-1 4.44164E-1 4.47878E-1 4.4795E-1 4.47458E-1 4.52138E-1 4.50352E-1 4.53386E-1 4.55031E-1 4.51604E-1 4.62907E-1 4.72585E-1 4.61612E-1 4.59511E-1 4.58038E-1 4.5975E-1 4.6218E-1 4.63505E-1 4.63861E-1 4.64254E-1 4.65211E-1 4.6164E-1 4.65828E-1 4.70202E-1 4.73649E-1 4.76397E-1 4.85458E-1 5.01422E-1 5.10317E-1 4.87833E-1 4.84317E-1 4.84096E-1 4.8101E-1 4.82919E-1 4.86119E-1 4.87293E-1 4.90195E-1 4.96652E-1 4.99647E-1 5.03775E-1 5.03887E-1 5.14206E-1 5.10647E-1 5.08929E-1 5.02899E-1 5.01762E-1 5.00229E-1 4.9682E-1 4.95617E-1 4.94341E-1 4.96967E-1
4.37702E-1 4.38461E-1 4.43523E-1 4.48707E-1 4.43999E-1 4.41038E-1 4.43304E-1 4.46104E-1 4.43354E-1 4.43723E-1 4.47551E-1 4.49329E-1 4.48685E-1 4.50078E-1 4.51398E-1 4.52613E-1 4.4758E-1 4.44654E-1 4.53107E-1 4.577E-1 4.61677E-1 4.75093E-1 4.66727E-1 4.59005E-1 4.59593E-1 4.62528E-1 4.65988E-1 4.68742E-1 4.70339E-1 4.72058E-1 4.7128E-1 4.7344E-1 4.74467E-1 4.77667E-1 4.79425E-1 4.84207E-1 4.87386E-1 5.02125E-1 5.09862E-1 5.02416E-1 4.95368E-1 4.88394E-1 4.87573E-1 4.87158E-1 4.87812E-1 4.89625E-1 4.90172E-1 4.95025E-1 5.02677E-1 5.0478E-1 5.10493E-1 5.05907E-1 5.0508E-1 5.08189E-1 5.06147E-1 5.0403E-1 5.03882E-1 5.04742E-1 5.01238E-1 5.00956E-1 5.1323E-1
4.34677E-1 4.37099E-1 4.38833E-1 4.40821E-1 4.44974E-1 4.41196E-1 4.42661E-1 4.45376E-1 4.52915E-1 4.53286E-1 4.47091E-1 4.4665E-1 4.45211E-1 4.45709E-1 4.46606E-1 4.52234E-1 4.51401E-1 4.44487E-1 4.459E-1 4.5882E-1 4.63268E-1 4.69193E-1 4.70994E-1 4.62377E-1 4.61524E-1 4.64708E-1 4.69179E-1 4.7372E-1 4.78551E-1 4.75803E-1 4.78678E-1 4.84058E-1 4.82235E-1 4.8339E-1 4.84776E-1 4.87224E-1 4.91631E-1 4.98714E-1 5.02834E-1 4.99624E-1 4.92979E-1 4.91611E-1 4.88134E-1 4.85219E-1 4.85897E-1 4.90586E-1 4.99305E-1 4.99694E-1 5.00968E-1 5.0737E-1 5.15395E-1 5.15683E-1 5.09435E-1 5.0954E-1 5.11248E-1 5.09349E-1 5.13485E-1 5.05034E-1 5.04631E-1 5.04344E-1 5.22439E-1
4.3489E-1 4.38306E-1 4.39675E-1 4.42082E-1 4.41278E-1 4.38849E-1 4.46831E-1 4.53118E-1 4.51713E-1 4.51089E-1 4.48322E-1 4.47982E-1 4.45791E-1 4.4703E-1 4.47469E-1 4.53782E-1 4.50709E-1 4.49774E-1 4.49174E-1 4.54757E-1 4.5819E-1 4.65594E-1 4.77541E-1 4.66324E-1 4.65448E-1 4.68205E-1 4.73169E-1 4.77543E-1 4.78624E-1 4.77893E-1 4.79906E-1 4.84287E-1 4.90631E-1 4.90929E-1 4.90244E-1 4.89079E-1 4.89838E-1 4.93799E-1 4.96592E-1 4.9863E-1 4.96035E-1 4.9679E-1 4.9825E-1 4.95575E-1 4.90941E-1 4.96154E-1 5.02596E-1 5.04955E-1 5.10236E-1 5.12417E-1 5.21091E-1 5.20423E-1 5.17533E-1 5.17012E-1 5.15217E-1 5.17878E-1 5.22909E-1 5.14425E-1 5.16395E-1 5.20643E-1 5.34202E-1
4.38758E-1 4.42703E-1 4.4246E-1 4.40116E-1 4.4043E-1 4.41906E-1 4.46688E-1 4.45381E-1 4.48317E-1 4.49994E-1 4.49559E-1 4.49253E-1 4.48979E-1 4.49492E-1 4.48207E-1 4.54001E-1 4.58236E-1 4.65217E-1 4.57604E-1 4.55172E-1 4.59793E-1 4.6746E-1 4.73696E-1 4.72896E-1 4.70587E-1 4.7142E-1 4.74677E-1 4.80453E-1 4.84202E-1 4.85774E-1 4.85807E-1 4.90167E-1 4.92118E-1 4.95648E-1 4.97893E-1 4.97446E-1 4.94925E-1 4.94592E-1 4.95912E-1 4.95747E-1 4.94781E-1 4.97968E-1 4.96905E-1 4.97306E-1 4.99714E-1 5.02341E-1 5.01637E-1 5.02481E-1 5.14411E-1 5.15432E-1 5.25253E-1 5.16804E-1 5.15678E-1 5.13552E-1 5.1312E-1 5.1676E-1 5.22812E-1 5.23644E-1 5.2617E-1 5.32092E-1 5.27184E-1
4.37836E-1 4.37638E-1 4.39308E-1 4.39205E-1 4.37808E-1 4.37493E-1 4.40004E-1 4.45346E-1 4.47917E-1 4.49396E-1 4.49115E-1 4.50009E-1 4.49556E-1 4.51909E-1 4.51215E-1 4.53649E-1 4.5957E-1 4.6486E-1 4.66662E-1 4.60189E-1 4.59609E-1 4.66423E-1 4.72984E-1 4.76303E-1 4.74505E-1 4.75444E-1 4.79042E-1 4.84508E-1 4.88435E-1 4.91327E-1 4.94442E-1 4.96501E-1 4.96908E-1 4.98601E-1 5.00873E-1 5.03464E-1 5.04266E-1 5.03118E-1 5.01412E-1 5.04413E-1 5.06959E-1 5.02768E-1 5.01004E-1 4.984E-1 4.98758E-1 5.03074E-1 5.09322E-1 5.12464E-1 5.21018E-1 5.17956E-1 5.19756E-1 5.18852E-1 5.16523E-1 5.15379E-1 5.19039E-1 5.2734E-1 5.30857E-1 5.34573E-1 5.29625E-1 5.31628E-1 5.25638E-1
