maxent_outputs/red_flowers_troch_bombus_environ/red_343.asc
ncols         426
nrows         180
xllcorner     -130.0
yllcorner     24.0
cellsize      0.16666666666666666
NODATA_value  -9999
[rows 54 to 80 of 180, columns 183 to 243 of 426]
8.67512E-3 8.86252E-3 8.98812E-3 8.65043E-3 8.23609E-3 7.80158E-3 7.51604E-3 7.24827E-3 7.42488E-3 7.65238E-3 8.06138E-3 8.1229E-3 8.06461E-3 7.98864E-3 7.3288E-3 7.4052E-3 8.01693E-3 7.96685E-3 8.00044E-3 7.65533E-3 7.30272E-3 6.99607E-3 7.1354E-3 7.42703E-3 7.29157E-3 7.12029E-3 6.83393E-3 6.77757E-3 6.61236E-3 6.79508E-3 7.02706E-3 6.99689E-3 6.85315E-3 6.93234E-3 7.24295E-3 7.87263E-3 8.1881E-3 8.57051E-3 8.41174E-3 7.74067E-3 7.85932E-3 7.10929E-3 6.8733E-3 6.72589E-3 6.89492E-3 6.9798E-3 6.92721E-3 6.78144E-3 6.96456E-3 6.6252E-3 6.48976E-3 6.33625E-3 6.40308E-3 6.45556E-3 6.52531E-3 6.65599E-3 6.65725E-3 6.65237E-3 7.08741E-3 7.91194E-3 7.01669E-3
8.74659E-3 8.84988E-3 8.85015E-3 8.48754E-3 8.26212E-3 8.31716E-3 7.75662E-3 7.55079E-3 7.57687E-3 7.76656E-3 8.16865E-3 8.5786E-3 8.0824E-3 7.79742E-3 7.49539E-3 7.5839E-3 7.95422E-3 8.12876E-3 8.62377E-3 8.27305E-3 7.80133E-3 7.57267E-3 7.52295E-3 7.83608E-3 8.04733E-3 7.40252E-3 7.12529E-3 6.86978E-3 6.88307E-3 7.1477E-3 7.20121E-3 7.06218E-3 6.95042E-3 7.05769E-3 7.04363E-3 7.33837E-3 7.99593E-3 8.45216E-3 8.03418E-3 8.07094E-3 8.05677E-3 7.75423E-3 7.42611E-3 7.265E-3 7.43907E-3 7.52882E-3 7.50731E-3 7.64549E-3 7.47667E-3 6.72275E-3 6.69287E-3 6.64249E-3 6.60301E-3 6.75313E-3 6.80655E-3 7.06189E-3 7.18195E-3 7.4624E-3 8.26851E-3 8.22454E-3 8.00988E-3
9.74459E-3 9.698E-3 9.75566E-3 9.31732E-3 9.05736E-3 8.98828E-3 8.75198E-3 8.07203E-3 8.06865E-3 8.09705E-3 8.38376E-3 8.55626E-3 8.45441E-3 8.13088E-3 8.40739E-3 7.7836E-3 7.90968E-3 7.94371E-3 8.27743E-3 8.49809E-3 8.45293E-3 8.27297E-3 8.17472E-3 8.18747E-3 8.05568E-3 7.85805E-3 8.00287E-3 7.59955E-3 7.32986E-3 7.38037E-3 7.28146E-3 7.17546E-3 7.11104E-3 7.39867E-3 7.07507E-3 7.34958E-3 7.84747E-3 8.14386E-3 8.02798E-3 8.05277E-3 8.0933E-3 8.47766E-3 8.70359E-3 8.13924E-3 8.10792E-3 8.31949E-3 8.15777E-3 7.93458E-3 7.46655E-3 6.92753E-3 6.96534E-3 6.73474E-3 6.71009E-3 6.79011E-3 6.80624E-3 6.86878E-3 7.23984E-3 7.52791E-3 7.9456E-3 8.79644E-3 8.44449E-3
1.02176E-2 9.98512E-3 1.02549E-2 9.88176E-3 9.89279E-3 9.57795E-3 9.24587E-3 9.02444E-3 8.75049E-3 8.57569E-3 8.55436E-3 8.94836E-3 8.92891E-3 8.61665E-3 8.16294E-3 7.96964E-3 7.75022E-3 7.87336E-3 7.9874E-3 8.08507E-3 8.45053E-3 8.61392E-3 8.56683E-3 8.39467E-3 8.2769E-3 8.1918E-3 7.96534E-3 7.72153E-3 7.78085E-3 7.87726E-3 7.54631E-3 7.27255E-3 7.02229E-3 7.18801E-3 7.22068E-3 7.63794E-3 8.15337E-3 8.16797E-3 8.00085E-3 8.21192E-3 8.05315E-3 7.92347E-3 7.91268E-3 8.57116E-3 8.86451E-3 9.01306E-3 8.38809E-3 8.29182E-3 7.68486E-3 7.2513E-3 7.20505E-3 7.12605E-3 7.47805E-3 7.19065E-3 6.92263E-3 7.02556E-3 7.71833E-3 8.3651E-3 9.00178E-3 8.5646E-3 8.79543E-3
1.04626E-2 1.00369E-2 9.98371E-3 1.0217E-2 1.05167E-2 1.06508E-2 9.83322E-3 9.65205E-3 9.37179E-3 9.14383E-3 9.06848E-3 9.472E-3 1.01163E-2 9.00943E-3 8.6801E-3 7.97335E-3 7.86516E-3 7.76048E-3 7.8573E-3 8.32351E-3 8.47459E-3 8.61549E-3 8.74062E-3 8.64859E-3 8.60906E-3 8.4572E-3 8.27972E-3 8.13704E-3 8.00234E-3 7.92038E-3 7.86638E-3 7.93369E-3 7.44813E-3 7.63129E-3 7.82852E-3 7.92694E-3 8.06599E-3 8.23029E-3 8.13118E-3 8.04095E-3 8.08423E-3 8.03664E-3 8.17315E-3 8.27969E-3 8.49588E-3 9.27187E-3 8.70934E-3 8.55692E-3 8.26194E-3 7.84447E-3 7.8083E-3 7.7773E-3 7.81362E-3 8.08966E-3 7.84749E-3 7.91914E-3 8.47092E-3 9.44617E-3 9.05238E-3 8.63892E-3 8.96669E-3
1.21556E-2 1.11213E-2 1.0573E-2 1.02869E-2 1.04321E-2 1.17665E-2 1.09928E-2 1.06046E-2 1.01612E-2 9.87571E-3 9.59639E-3 9.45277E-3 9.55091E-3 9.31815E-3 9.00527E-3 8.53921E-3 8.30796E-3 8.09218E-3 8.0151E-3 8.15985E-3 8.47672E-3 8.69061E-3 8.9979E-3 8.80148E-3 8.71216E-3 8.72919E-3 8.71187E-3 8.49936E-3 8.33778E-3 8.31088E-3 7.95508E-3 7.73368E-3 7.92321E-3 7.63063E-3 7.61264E-3 7.6834E-3 7.89793E-3 8.08738E-3 8.18407E-3 8.1269E-3 8.27153E-3 8.37569E-3 8.53392E-3 8.36185E-3 8.50322E-3 8.84928E-3 9.49226E-3 9.58508E-3 8.99015E-3 8.60963E-3 8.55152E-3 8.28134E-3 8.39696E-3 8.98974E-3 8.94686E-3 8.89482E-3 9.68186E-3 1.00735E-2 9.35084E-3 9.33397E-3 9.63976E-3
1.29268E-2 1.24656E-2 1.17505E-2 1.11468E-2 1.13899E-2 1.18066E-2 1.20795E-2 1.16114E-2 1.1005E-2 1.05131E-2 1.04488E-2 9.98055E-3 9.72284E-3 9.60273E-3 9.64743E-3 9.45705E-3 9.12212E-3 8.80381E-3 8.39288E-3 8.44251E-3 8.5762E-3 8.59265E-3 8.80458E-3 8.56988E-3 8.80801E-3 8.69127E-3 8.8626E-3 8.60071E-3 8.63924E-3 8.61448E-3 8.32738E-3 8.11279E-3 8.01235E-3 7.83064E-3 7.74705E-3 7.95624E-3 8.13137E-3 8.09953E-3 8.04986E-3 8.1554E-3 8.20273E-3 8.26556E-3 8.54848E-3 8.66753E-3 8.59873E-3 8.73352E-3 8.78181E-3 9.53229E-3 1.02577E-2 1.05344E-2 9.59322E-3 9.10129E-3 9.01448E-3 9.08153E-3 9.35762E-3 9.57024E-3 9.98553E-3 1.04699E-2 1.00981E-2 1.01723E-2 1.04734E-2
1.52713E-2 1.31532E-2 1.25735E-2 1.24808E-2 1.24864E-2 1.24654E-2 1.27482E-2 1.24161E-2 1.24008E-2 1.17639E-2 1.07964E-2 1.05915E-2 9.95372E-3 9.58621E-3 9.79657E-3 9.57063E-3 9.57102E-3 9.18766E-3 8.73812E-3 8.8755E-3 8.87793E-3 8.79757E-3 8.76284E-3 8.58453E-3 8.59925E-3 9.16103E-3 8.94576E-3 8.71693E-3 8.80396E-3 8.84316E-3 8.97996E-3 8.46951E-3 8.31484E-3 8.05185E-3 8.00267E-3 8.27742E-3 8.36203E-3 8.43236E-3 8.28025E-3 8.34114E-3 8.36049E-3 8.27789E-3 8.48314E-3 8.93132E-3 9.01193E-3 8.99611E-3 9.26835E-3 9.80549E-3 9.83305E-3 1.17921E-2 1.00616E-2 9.29197E-3 9.37909E-3 9.65878E-3 9.6876E-3 9.80782E-3 1.01009E-2 1.03998E-2 1.05058E-2 1.04579E-2 1.09108E-2
1.81197E-2 1.59439E-2 1.46524E-2 1.3825E-2 1.33399E-2 1.32441E-2 1.30969E-2 1.3121E-2 1.30722E-2 1.23871E-2 1.15087E-2 1.08561E-2 1.08325E-2 1.0497E-2 1.04331E-2 1.02244E-2 1.05724E-2 1.01472E-2 9.45221E-3 9.16622E-3 9.07776E-3 8.98586E-3 8.95844E-3 9.08407E-3 8.88802E-3 8.89971E-3 9.10345E-3 8.85376E-3 8.90926E-3 9.32027E-3 9.53844E-3 9.03602E-3 8.64939E-3 8.37493E-3 8.51144E-3 8.57654E-3 9.01825E-3 9.05622E-3 8.84647E-3 8.84348E-3 8.62051E-3 8.50597E-3 8.54782E-3 8.93906E-3 8.98635E-3 8.8262E-3 8.83843E-3 9.34869E-3 9.84966E-3 1.21745E-2 1.04443E-2 9.06463E-3 9.44754E-3 1.01623E-2 1.01733E-2 1.0216E-2 1.05298E-2 1.05526E-2 1.06624E-2 1.07279E-2 1.13401E-2
1.79757E-2 1.94642E-2 1.79209E-2 1.62191E-2 1.43495E-2 1.37574E-2 1.35642E-2 1.34301E-2 1.33909E-2 1.30265E-2 1.23157E-2 1.14115E-2 1.12444E-2 1.09564E-2 1.06276E-2 1.04316E-2 1.05565E-2 1.03049E-2 9.9733E-3 9.8053E-3 9.58006E-3 9.33411E-3 9.1542E-3 9.16016E-3 9.15408E-3 9.57168E-3 1.01198E-2 9.18549E-3 9.30311E-3 9.48339E-3 9.58308E-3 9.27515E-3 8.96343E-3 8.92003E-3 8.82536E-3 9.07598E-3 9.15091E-3 9.4369E-3 9.43297E-3 9.44629E-3 9.39397E-3 9.34475E-3 9.08187E-3 8.95662E-3 9.34042E-3 9.50983E-3 9.89936E-3 1.02805E-2 1.09212E-2 1.28302E-2 1.18638E-2 1.01989E-2 1.03557E-2 1.06173E-2 1.08171E-2 1.08758E-2 1.10167E-2 1.11109E-2 1.10048E-2 1.13299E-2 1.12629E-2
1.8785E-2 1.84393E-2 1.95669E-2 1.97625E-2 1.70291E-2 1.56768E-2 1.53861E-2 1.48482E-2 1.47036E-2 1.4634E-2 1.34072E-2 1.23781E-2 1.21459E-2 1.19676E-2 1.11238E-2 1.06472E-2 1.0506E-2 1.05884E-2 1.05351E-2 1.04776E-2 1.02296E-2 1.01509E-2 9.7964E-3 9.57644E-3 9.6372E-3 9.58078E-3 9.64607E-3 9.83253E-3 1.00302E-2 9.74584E-3 9.65206E-3 9.36844E-3 9.1965E-3 9.26276E-3 9.32482E-3 9.51779E-3 9.66054E-3 9.86745E-3 9.94757E-3 9.76007E-3 9.99727E-3 1.00181E-2 9.85157E-3 9.88634E-3 9.94684E-3 1.00891E-2 1.04207E-2 1.0347E-2 1.10058E-2 1.17825E-2 1.31098E-2 1.11999E-2 1.12223E-2 1.12279E-2 1.13446E-2 1.10896E-2 1.11534E-2 1.11798E-2 1.10432E-2 1.13638E-2 1.13172E-2
1.9625E-2 1.91414E-2 1.89073E-2 1.95711E-2 1.9767E-2 1.891E-2 1.78151E-2 1.71193E-2 1.60736E-2 1.54877E-2 1.49715E-2 1.42537E-2 1.31638E-2 1.23303E-2 1.17832E-2 1.10822E-2 1.08115E-2 1.06684E-2 1.09966E-2 1.1001E-2 1.08538E-2 1.06782E-2 1.0333E-2 1.00423E-2 1.01205E-2 1.01064E-2 1.01989E-2 1.03105E-2 1.02817E-2 1.00918E-2 9.66225E-3 9.44876E-3 9.28269E-3 9.33821E-3 9.54839E-3 9.64828E-3 1.02558E-2 1.00878E-2 1.01654E-2 1.01104E-2 9.96139E-3 1.03537E-2 1.04841E-2 1.03113E-2 1.04102E-2 1.05386E-2 1.0612E-2 1.05292E-2 1.08507E-2 1.20535E-2 1.25444E-2 1.19844E-2 1.17718E-2 1.14932E-2 1.17913E-2 1.17937E-2 1.21495E-2 1.18506E-2 1.17937E-2 1.18389E-2 1.29464E-2
2.0883E-2 2.00773E-2 1.92338E-2 1.87278E-2 1.85777E-2 1.85476E-2 1.82866E-2 1.80654E-2 1.74597E-2 1.67688E-2 1.71273E-2 1.67665E-2 1.52349E-2 1.34382E-2 1.2392E-2 1.20094E-2 1.14675E-2 1.15708E-2 1.14505E-2 1.1529E-2 1.15236E-2 1.10789E-2 1.06835E-2 1.04668E-2 1.07487E-2 1.03159E-2 1.04209E-2 1.02446E-2 1.02553E-2 1.01544E-2 9.78616E-3 9.55707E-3 9.39017E-3 9.38266E-3 9.4827E-3 1.00113E-2 1.02642E-2 1.03785E-2 1.04421E-2 1.04655E-2 1.04047E-2 1.04396E-2 1.08035E-2 1.0788E-2 1.05747E-2 1.06719E-2 1.09475E-2 1.11835E-2 1.08995E-2 1.13625E-2 1.25866E-2 1.10433E-2 1.12616E-2 1.10515E-2 1.12107E-2 1.17858E-2 1.19789E-2 1.18116E-2 1.18347E-2 1.17847E-2 1.18962E-2
2.27018E-2 2.09445E-2 2.02669E-2 1.93256E-2 1.9008E-2 1.85864E-2 1.84205E-2 1.85936E-2 1.88892E-2 1.9036E-2 1.7723E-2 1.73987E-2 1.65854E-2 1.55006E-2 1.4937E-2 1.44099E-2 1.28657E-2 1.2752E-2 1.23587E-2 1.21714E-2 1.1981E-2 1.16815E-2 1.10692E-2 1.1029E-2 1.07559E-2 1.0791E-2 1.08005E-2 1.08923E-2 1.05248E-2 1.04321E-2 1.0285E-2 9.87758E-3 1.00318E-2 1.03479E-2 9.97591E-3 1.02633E-2 1.06003E-2 1.10442E-2 1.09488E-2 1.10123E-2 1.10647E-2 1.12318E-2 1.14075E-2 1.11031E-2 1.12568E-2 1.10319E-2 1.0902E-2 1.10978E-2 1.16267E-2 1.19016E-2 1.29607E-2 1.23253E-2 1.19195E-2 1.18316E-2 1.14575E-2 1.17181E-2 1.22087E-2 1.21944E-2 1.21645E-2 1.21793E-2 1.22435E-2
2.28089E-2 2.16729E-2 2.07931E-2 1.96761E-2 1.92337E-2 1.87861E-2 1.82199E-2 1.84967E-2 1.87674E-2 1.90997E-2 1.77333E-2 1.6191E-2 1.63819E-2 1.5827E-2 1.46271E-2 1.42377E-2 1.45004E-2 1.3679E-2 1.43591E-2 1.29101E-2 1.23384E-2 1.24254E-2 1.23889E-2 1.19969E-2 1.11582E-2 1.11785E-2 1.13232E-2 1.13981E-2 1.11913E-2 1.10062E-2 1.09745E-2 1.08904E-2 1.1132E-2 1.12454E-2 1.08252E-2 1.07407E-2 1.09586E-2 1.13944E-2 1.14355E-2 1.13953E-2 1.14855E-2 1.15476E-2 1.18889E-2 1.12594E-2 1.14806E-2 1.14997E-2 1.14061E-2 1.14895E-2 1.16772E-2 1.19673E-2 1.22067E-2 1.29002E-2 1.40725E-2 1.31544E-2 1.20202E-2 1.22174E-2 1.24586E-2 1.24618E-2 1.26472E-2 1.27217E-2 1.29109E-2
2.20584E-2 2.19283E-2 2.20424E-2 2.10801E-2 2.0164E-2 1.93312E-2 1.86132E-2 1.86417E-2 1.85663E-2 1.82699E-2 1.75833E-2 1.62888E-2 1.58243E-2 1.57369E-2 1.47396E-2 1.43977E-2 1.47911E-2 1.52551E-2 1.56875E-2 1.38276E-2 1.35739E-2 1.334E-2 1.34099E-2 1.28002E-2 1.24173E-2 1.20852E-2 1.24986E-2 1.2828E-2 1.23689E-2 1.2045E-2 1.16618E-2 1.18844E-2 1.25647E-2 1.19439E-2 1.16214E-2 1.14282E-2 1.16891E-2 1.18763E-2 1.21828E-2 1.17917E-2 1.16554E-2 1.17196E-2 1.21888E-2 1.24647E-2 1.21621E-2 1.21884E-2 1.23657E-2 1.23275E-2 1.22703E-2 1.26184E-2 1.27886E-2 1.30994E-2 1.38974E-2 1.45736E-2 1.37785E-2 1.36938E-2 1.34183E-2 1.28305E-2 1.30287E-2 1.31307E-2 1.31177E-2
2.15264E-2 2.1468E-2 2.10419E-2 2.10856E-2 2.0394E-2 1.95267E-2 1.8934E-2 1.87721E-2 1.85084E-2 1.83153E-2 1.8366E-2 1.77419E-2 1.64666E-2 1.66234E-2 1.57878E-2 1.50754E-2 1.47043E-2 1.51455E-2 1.7672E-2 1.57089E-2 1.49328E-2 1.58438E-2 1.46E-2 1.43107E-2 1.39219E-2 1.33927E-2 1.36152E-2 1.4181E-2 1.41884E-2 1.37402E-2 1.31111E-2 1.25787E-2 1.24691E-2 1.30734E-2 1.19735E-2 1.19267E-2 1.20903E-2 1.22875E-2 1.24332E-2 1.24081E-2 1.2358E-2 1.23874E-2 1.27224E-2 1.2843E-2 1.31878E-2 1.35104E-2 1.31871E-2 1.32199E-2 1.29028E-2 1.28721E-2 1.34666E-2 1.40906E-2 1.41394E-2 1.40598E-2 1.4743E-2 1.45359E-2 1.40597E-2 1.40069E-2 1.36906E-2 1.39777E-2 1.36268E-2
2.11652E-2 2.11465E-2 2.12575E-2 2.09648E-2 2.05097E-2 1.99478E-2 1.93357E-2 1.90875E-2 1.91552E-2 1.90989E-2 1.84932E-2 1.86045E-2 1.84826E-2 1.76942E-2 1.63774E-2 1.57373E-2 1.55122E-2 1.55628E-2 1.65368E-2 1.72672E-2 1.63324E-2 1.74731E-2 1.63427E-2 1.59104E-2 1.57649E-2 1.50882E-2 1.42462E-2 1.48657E-2 1.50358E-2 1.50324E-2 1.44157E-2 1.34544E-2 1.28538E-2 1.40593E-2 1.29553E-2 1.30114E-2 1.27583E-2 1.29423E-2 1.28746E-2 1.36336E-2 1.33242E-2 1.33799E-2 1.37621E-2 1.37101E-2 1.37383E-2 1.39829E-2 1.50452E-2 1.4347E-2 1.36255E-2 1.41168E-2 1.39048E-2 1.42608E-2 1.44009E-2 1.44805E-2 1.44263E-2 1.46344E-2 1.51436E-2 1.42156E-2 1.43328E-2 1.42668E-2 1.47085E-2
2.23963E-2 2.19187E-2 2.24199E-2 2.18167E-2 2.069E-2 1.99628E-2 1.95134E-2 1.93651E-2 1.96503E-2 1.89337E-2 1.83612E-2 1.83258E-2 1.87145E-2 1.85821E-2 1.74681E-2 1.6976E-2 1.69246E-2 1.64247E-2 1.6458E-2 1.78286E-2 1.76837E-2 1.84057E-2 1.75478E-2 1.75312E-2 1.70776E-2 1.59216E-2 1.55923E-2 1.57824E-2 1.58263E-2 1.55214E-2 1.51052E-2 1.47587E-2 1.39001E-2 1.45211E-2 1.40984E-2 1.40012E-2 1.39294E-2 1.38338E-2 1.38538E-2 1.39846E-2 1.38616E-2 1.44417E-2 1.507E-2 1.50058E-2 1.50036E-2 1.45258E-2 1.53072E-2 1.61176E-2 1.50938E-2 1.47285E-2 1.44379E-2 1.4591E-2 1.44528E-2 1.4324E-2 1.45558E-2 1.5109E-2 1.5907E-2 1.50608E-2 1.50289E-2 1.5019E-2 1.57875E-2
2.3658E-2 2.41338E-2 2.38529E-2 2.27448E-2 2.17504E-2 2.05916E-2 2.01712E-2 2.00967E-2 2.01744E-2 1.96277E-2 1.93268E-2 1.87771E-2 1.83813E-2 1.85682E-2 1.81877E-2 1.76279E-2 1.77107E-2 1.74718E-2 1.75625E-2 1.8901E-2 1.87113E-2 1.91103E-2 1.86234E-2 1.79656E-2 1.74452E-2 1.69257E-2 1.6821E-2 1.66058E-2 1.66525E-2 1.68129E-2 1.63421E-2 1.56317E-2 1.52791E-2 1.5436E-2 1.67877E-2 1.66535E-2 1.58158E-2 1.60031E-2 1.57297E-2 1.51246E-2 1.51525E-2 1.48862E-2 1.52526E-2 1.57287E-2 1.61685E-2 1.61343E-2 1.63333E-2 1.78577E-2 1.65956E-2 1.63597E-2 1.5818E-2 1.55324E-2 1.60641E-2 1.62702E-2 1.64658E-2 1.72839E-2 1.68133E-2 1.6517E-2 1.62657E-2 1.59264E-2 1.56746E-2
2.4911E-2 2.44934E-2 2.38129E-2 2.34697E-2 2.256E-2 2.13987E-2 2.13928E-2 2.18153E-2 2.10851E-2 2.07803E-2 2.06995E-2 2.04587E-2 1.97196E-2 1.9546E-2 1.92689E-2 1.87906E-2 1.8464E-2 1.87488E-2 1.89304E-2 1.91554E-2 2.02218E-2 1.94371E-2 1.87269E-2 1.84488E-2 1.77855E-2 1.75689E-2 1.74612E-2 1.78469E-2 1.75776E-2 1.77603E-2 1.77557E-2 1.76793E-2 1.75278E-2 1.7919E-2 1.94139E-2 2.0222E-2 1.86825E-2 1.85373E-2 1.79917E-2 1.67572E-2 1.67913E-2 1.70054E-2 1.64286E-2 1.70601E-2 1.76874E-2 1.73028E-2 1.76669E-2 1.84427E-2 1.73188E-2 1.71541E-2 1.81918E-2 1.77237E-2 1.77598E-2 1.90348E-2 1.94857E-2 1.88391E-2 1.77084E-2 1.70031E-2 1.69169E-2 1.6541E-2 1.63288E-2
2.547E-2 2.49972E-2 2.4387E-2 2.40815E-2 2.38393E-2 2.28965E-2 2.27796E-2 2.2671E-2 2.33443E-2 2.31895E-2 2.33272E-2 2.25469E-2 2.27408E-2 2.22058E-2 2.14294E-2 2.13755E-2 2.06392E-2 2.10454E-2 2.09981E-2 2.00418E-2 2.11554E-2 2.24527E-2 1.98224E-2 1.90317E-2 1.8598E-2 1.83645E-2 1.8442E-2 1.82049E-2 1.82575E-2 1.83559E-2 1.85313E-2 1.81632E-2 1.8567E-2 1.89208E-2 1.92037E-2 1.92722E-2 2.08826E-2 2.43753E-2 2.53663E-2 2.05029E-2 1.91713E-2 1.90795E-2 1.85099E-2 1.86507E-2 1.88953E-2 1.86911E-2 1.93106E-2 1.9743E-2 1.98535E-2 1.99864E-2 2.02704E-2 2.03869E-2 2.01805E-2 2.04011E-2 1.96187E-2 1.88627E-2 1.85588E-2 1.82269E-2 1.80127E-2 1.7304E-2 1.74428E-2
2.58794E-2 2.5505E-2 2.55303E-2 2.54141E-2 2.41937E-2 2.37211E-2 2.36697E-2 2.41391E-2 2.39231E-2 2.379E-2 2.405E-2 2.36882E-2 2.26845E-2 2.23337E-2 2.21427E-2 2.17768E-2 2.11762E-2 2.05636E-2 2.13422E-2 2.18305E-2 2.3033E-2 2.4443E-2 2.12718E-2 1.94694E-2 1.91638E-2 1.90376E-2 1.92479E-2 1.91828E-2 1.94038E-2 1.99701E-2 1.97773E-2 2.01046E-2 1.99734E-2 2.00249E-2 2.0203E-2 2.10664E-2 2.19907E-2 2.66637E-2 3.05753E-2 2.41184E-2 2.20137E-2 2.14794E-2 2.07084E-2 2.07076E-2 2.0664E-2 2.05598E-2 2.03459E-2 2.03636E-2 2.07823E-2 2.07631E-2 2.17152E-2 2.02845E-2 1.99375E-2 2.01226E-2 2.00882E-2 1.98212E-2 1.96171E-2 1.94327E-2 1.87565E-2 1.8543E-2 1.97186E-2
2.65077E-2 2.59045E-2 2.58793E-2 2.53566E-2 2.52814E-2 2.44793E-2 2.40937E-2 2.48724E-2 2.55895E-2 2.55803E-2 2.38689E-2 2.32707E-2 2.2819E-2 2.24186E-2 2.23373E-2 2.3431E-2 2.28379E-2 2.14446E-2 2.14008E-2 2.24507E-2 2.28305E-2 2.35782E-2 2.29704E-2 2.10385E-2 2.02683E-2 2.00962E-2 2.02769E-2 2.07958E-2 2.11097E-2 2.09091E-2 2.11192E-2 2.16484E-2 2.15486E-2 2.12702E-2 2.14927E-2 2.19468E-2 2.27708E-2 2.43401E-2 2.55883E-2 2.42465E-2 2.30384E-2 2.30135E-2 2.24284E-2 2.12466E-2 2.10668E-2 2.14387E-2 2.20137E-2 2.1487E-2 2.10273E-2 2.14896E-2 2.28013E-2 2.27549E-2 2.12477E-2 2.10136E-2 2.12487E-2 2.08677E-2 2.11437E-2 1.99025E-2 1.95539E-2 1.95064E-2 2.15143E-2
2.66178E-2 2.69163E-2 2.65991E-2 2.60896E-2 2.57262E-2 2.58912E-2 2.64553E-2 2.68529E-2 2.59914E-2 2.57322E-2 2.52202E-2 2.49669E-2 2.40948E-2 2.36241E-2 2.36665E-2 2.47383E-2 2.40875E-2 2.32699E-2 2.21349E-2 2.22454E-2 2.26563E-2 2.36565E-2 2.4832E-2 2.26838E-2 2.15401E-2 2.14318E-2 2.15586E-2 2.20324E-2 2.17981E-2 2.16299E-2 2.19583E-2 2.24085E-2 2.31287E-2 2.30736E-2 2.29216E-2 2.29307E-2 2.2981E-2 2.36816E-2 2.41388E-2 2.41964E-2 2.38605E-2 2.40036E-2 2.4104E-2 2.32778E-2 2.26992E-2 2.27714E-2 2.30164E-2 2.3186E-2 2.33016E-2 2.32734E-2 2.43757E-2 2.40837E-2 2.31437E-2 2.29232E-2 2.25889E-2 2.2793E-2 2.28849E-2 2.15415E-2 2.12503E-2 2.21041E-2 2.3875E-2
2.86562E-2 2.83579E-2 2.81257E-2 2.73674E-2 2.71855E-2 2.71321E-2 2.74489E-2 2.65967E-2 2.65616E-2 2.67505E-2 2.63925E-2 2.60388E-2 2.53097E-2 2.49566E-2 2.46994E-2 2.54367E-2 2.58994E-2 2.57123E-2 2.42875E-2 2.35248E-2 2.3767E-2 2.48427E-2 2.52713E-2 2.45658E-2 2.33767E-2 2.28706E-2 2.29653E-2 2.33865E-2 2.3309E-2 2.33528E-2 2.33972E-2 2.40559E-2 2.41083E-2 2.5033E-2 2.5067E-2 2.49784E-2 2.44767E-2 2.43362E-2 2.4408E-2 2.45487E-2 2.44305E-2 2.4826E-2 2.46587E-2 2.42308E-2 2.41217E-2 2.44146E-2 2.4077E-2 2.37893E-2 2.50185E-2 2.50339E-2 2.61109E-2 2.42936E-2 2.37009E-2 2.33447E-2 2.30107E-2 2.32425E-2 2.37354E-2 2.36944E-2 2.39013E-2 2.48614E-2 2.40772E-2
2.938E-2 2.90965E-2 2.85163E-2 2.79743E-2 2.72604E-2 2.72117E-2 2.73378E-2 2.74016E-2 2.74739E-2 2.73823E-2 2.70883E-2 2.66998E-2 2.62573E-2 2.62346E-2 2.60648E-2 2.61291E-2 2.63243E-2 2.65651E-2 2.63703E-2 2.55359E-2 2.52778E-2 2.54898E-2 2.63621E-2 2.59887E-2 2.49153E-2 2.45684E-2 2.47444E-2 2.47825E-2 2.49571E-2 2.55081E-2 2.6125E-2 2.61097E-2 2.61838E-2 2.6559E-2 2.67404E-2 2.68181E-2 2.67528E-2 2.67199E-2 2.61379E-2 2.63907E-2 2.69544E-2 2.61788E-2 2.58661E-2 2.48729E-2 2.47304E-2 2.54882E-2 2.62699E-2 2.64125E-2 2.72967E-2 2.64497E-2 2.61803E-2 2.56222E-2 2.47241E-2 2.44258E-2 2.45568E-2 2.54132E-2 2.57488E-2 2.59725E-2 2.5336E-2 2.5627E-2 2.47466E-2
