maxent_outputs/red_flowers_troch_bombus_environ/red_340.asc
ncols         426
nrows         180
xllcorner     -130.0
yllcorner     24.0
cellsize      0.16666666666666666
NODATA_value  -9999
[rows 0 to 26 of 180, columns 122 to 182 of 426]
3.96071E-3 3.8511E-3 3.85799E-3 3.34283E-3 3.30608E-3 3.61001E-3 4.05011E-3 4.10472E-3 3.8203E-3 3.65593E-3 3.49157E-3 3.43953E-3 3.45811E-3 3.41882E-3 3.30032E-3 3.13405E-3 3.28954E-3 3.37016E-3 3.59825E-3 3.69241E-3 3.62232E-3 3.40805E-3 3.3596E-3 3.31033E-3 3.07698E-3 3.0841E-3 3.06506E-3 3.03462E-3 3.01793E-3 2.93386E-3 2.86147E-3 2.79084E-3 2.7355E-3 2.63715E-3 2.5968E-3 2.57298E-3 2.54889E-3 2.58425E-3 2.57259E-3 2.54994E-3 2.54053E-3 2.55471E-3 2.5114E-3 2.52164E-3 2.46962E-3 2.37748E-3 2.30903E-3 2.29504E-3 2.29588E-3 2.25533E-3 2.20682E-3 2.22634E-3 2.20442E-3 2.13762E-3 2.22241E-3 2.39715E-3 2.50168E-3 2.28423E-3 2.33938E-3 2.40423E-3 2.14809E-3
3.61134E-3 3.51136E-3 3.47341E-3 3.35156E-3 3.38913E-3 3.56873E-3 3.63087E-3 3.68709E-3 4.08211E-3 4.09103E-3 3.73724E-3 3.45382E-3 3.40457E-3 3.55016E-3 3.50636E-3 3.26723E-3 3.13343E-3 3.13473E-3 3.39908E-3 3.60048E-3 3.67905E-3 3.47751E-3 3.43798E-3 3.24063E-3 3.18568E-3 3.31123E-3 3.25375E-3 3.07783E-3 3.08183E-3 3.04721E-3 3.00839E-3 3.00054E-3 2.92459E-3 2.9757E-3 2.79597E-3 2.63705E-3 2.62061E-3 2.64947E-3 2.62198E-3 2.62973E-3 2.60774E-3 2.59798E-3 2.55397E-3 2.49476E-3 2.46303E-3 2.49297E-3 2.39078E-3 2.35934E-3 2.19353E-3 2.10085E-3 2.1035E-3 2.29788E-3 2.35668E-3 2.33662E-3 2.37044E-3 2.36911E-3 2.68698E-3 2.56067E-3 2.26193E-3 2.25053E-3 2.20882E-3
3.44921E-3 3.37389E-3 3.22714E-3 3.26595E-3 3.41549E-3 3.48109E-3 3.61782E-3 3.80788E-3 3.93916E-3 4.05078E-3 3.98726E-3 3.62761E-3 3.33138E-3 3.42205E-3 3.53167E-3 3.33358E-3 3.21729E-3 3.21164E-3 3.19731E-3 3.25359E-3 3.31627E-3 3.32282E-3 3.3257E-3 3.26379E-3 3.0223E-3 3.17404E-3 3.18327E-3 3.2278E-3 3.14465E-3 3.10187E-3 2.8931E-3 2.79608E-3 2.70396E-3 2.62388E-3 2.61723E-3 2.83121E-3 2.86213E-3 2.82729E-3 2.69559E-3 2.68887E-3 2.72157E-3 2.75735E-3 2.64246E-3 2.7399E-3 2.94203E-3 2.88558E-3 2.54007E-3 2.38817E-3 2.30339E-3 2.2751E-3 2.34375E-3 2.45206E-3 2.4778E-3 2.46067E-3 2.53158E-3 2.54795E-3 2.65269E-3 2.50725E-3 2.45079E-3 2.29153E-3 2.29788E-3
3.69273E-3 3.5617E-3 3.38881E-3 3.37686E-3 3.32829E-3 3.41205E-3 3.45696E-3 3.53374E-3 3.67795E-3 3.73382E-3 3.9267E-3 3.76038E-3 3.65263E-3 3.42356E-3 3.55786E-3 3.38315E-3 3.27228E-3 3.27153E-3 3.26991E-3 3.24549E-3 3.29548E-3 3.25978E-3 3.13385E-3 3.04248E-3 3.0452E-3 2.96827E-3 2.93643E-3 2.93032E-3 2.93691E-3 3.02527E-3 2.89582E-3 2.86777E-3 2.84293E-3 2.66873E-3 2.67654E-3 2.69244E-3 2.7271E-3 2.71094E-3 2.77252E-3 2.77502E-3 2.76874E-3 2.81151E-3 2.92163E-3 3.14899E-3 3.30658E-3 3.06066E-3 2.55625E-3 2.40258E-3 2.36493E-3 2.36844E-3 2.41978E-3 2.43062E-3 2.64133E-3 2.88941E-3 3.00487E-3 3.05286E-3 3.05128E-3 3.01069E-3 2.54141E-3 2.42126E-3 2.38641E-3
3.92191E-3 3.91449E-3 3.69462E-3 3.4779E-3 3.4443E-3 3.48198E-3 3.44254E-3 3.58962E-3 3.77275E-3 3.64845E-3 3.62807E-3 3.78879E-3 3.79089E-3 3.78523E-3 3.75507E-3 3.58858E-3 3.51462E-3 3.38562E-3 3.39046E-3 3.35864E-3 3.32359E-3 3.2629E-3 3.22048E-3 3.20429E-3 3.13492E-3 3.04921E-3 3.06281E-3 3.03747E-3 3.08506E-3 3.09942E-3 3.05392E-3 3.00822E-3 2.97056E-3 2.72802E-3 2.74617E-3 2.8052E-3 2.8213E-3 2.84512E-3 2.86288E-3 3.00668E-3 2.96724E-3 2.97721E-3 2.85556E-3 3.0007E-3 3.3161E-3 3.00168E-3 2.56767E-3 2.49349E-3 2.51105E-3 2.50799E-3 2.48421E-3 2.59556E-3 2.54445E-3 2.59969E-3 2.79633E-3 2.95208E-3 3.28421E-3 3.19512E-3 2.8997E-3 2.74137E-3 2.70231E-3
4.14786E-3 4.25419E-3 4.12471E-3 3.82191E-3 3.7337E-3 3.61584E-3 3.54441E-3 3.68062E-3 3.6178E-3 3.52241E-3 3.56671E-3 3.64029E-3 3.72114E-3 3.93352E-3 4.12274E-3 4.03184E-3 3.68094E-3 3.54291E-3 3.51071E-3 3.45512E-3 3.41681E-3 3.44423E-3 3.37103E-3 3.24975E-3 3.24119E-3 3.22626E-3 3.23931E-3 3.17829E-3 3.08085E-3 3.01559E-3 3.05934E-3 3.04747E-3 3.05969E-3 2.9584E-3 2.85557E-3 2.86809E-3 2.87718E-3 2.93655E-3 3.26823E-3 3.22523E-3 3.05552E-3 2.94435E-3 3.08764E-3 3.32431E-3 3.27775E-3 2.89811E-3 2.66712E-3 2.66618E-3 2.82689E-3 2.86662E-3 2.81704E-3 3.25222E-3 3.22417E-3 3.14197E-3 3.26328E-3 3.15617E-3 3.11042E-3 2.99018E-3 2.86252E-3 2.58766E-3 2.6659E-3
4.47685E-3 4.50982E-3 4.41376E-3 4.33141E-3 4.11672E-3 3.81634E-3 3.71293E-3 3.60054E-3 3.46245E-3 3.52486E-3 3.53138E-3 3.54063E-3 3.56623E-3 3.72568E-3 3.87538E-3 3.9294E-3 3.7183E-3 3.66975E-3 3.64447E-3 3.58122E-3 3.61566E-3 3.55849E-3 3.49275E-3 3.46597E-3 3.43023E-3 3.48813E-3 3.47073E-3 3.37053E-3 3.27774E-3 3.18868E-3 3.19585E-3 3.22102E-3 3.20511E-3 3.15728E-3 3.05486E-3 2.9809E-3 3.04653E-3 3.18162E-3 3.15321E-3 3.07456E-3 3.05567E-3 3.00502E-3 3.08934E-3 2.95821E-3 2.98279E-3 2.75609E-3 2.88406E-3 3.02485E-3 3.28153E-3 3.62874E-3 3.42882E-3 3.27421E-3 3.86877E-3 3.80069E-3 3.16071E-3 3.49702E-3 3.47395E-3 3.50737E-3 3.17799E-3 2.89478E-3 2.67803E-3
4.2653E-3 4.45932E-3 4.47247E-3 4.34995E-3 4.31474E-3 4.18991E-3 4.12279E-3 3.96539E-3 3.84835E-3 3.80222E-3 3.6753E-3 3.66803E-3 3.65192E-3 3.61085E-3 3.73691E-3 3.68429E-3 3.74398E-3 3.76927E-3 3.78968E-3 3.65873E-3 3.56562E-3 3.62216E-3 3.61676E-3 3.6235E-3 3.54788E-3 3.49862E-3 3.49887E-3 3.47076E-3 3.43739E-3 3.36234E-3 3.30045E-3 3.33779E-3 3.32992E-3 3.28982E-3 3.30324E-3 3.22393E-3 3.21424E-3 3.26388E-3 3.04395E-3 2.95495E-3 2.91502E-3 3.07142E-3 3.02929E-3 2.91357E-3 2.91565E-3 3.1655E-3 3.33209E-3 3.45858E-3 3.67481E-3 3.83592E-3 3.85484E-3 3.43916E-3 3.53546E-3 3.60815E-3 3.11237E-3 3.42692E-3 3.12874E-3 3.31949E-3 3.44969E-3 3.13728E-3 2.80833E-3
4.92139E-3 4.42319E-3 4.16114E-3 4.17563E-3 4.31933E-3 4.12968E-3 4.09438E-3 4.29744E-3 4.37502E-3 4.46391E-3 4.26522E-3 4.17931E-3 3.88094E-3 3.64198E-3 3.65075E-3 3.75397E-3 3.68455E-3 3.85413E-3 3.85868E-3 3.83192E-3 3.72392E-3 3.75683E-3 3.76765E-3 3.68648E-3 3.64166E-3 3.58136E-3 3.65413E-3 3.64724E-3 3.52381E-3 3.4411E-3 3.49544E-3 3.46199E-3 3.45954E-3 3.52884E-3 3.49017E-3 3.48202E-3 3.42717E-3 3.48091E-3 3.26107E-3 3.31166E-3 3.29673E-3 3.24618E-3 3.25254E-3 3.23825E-3 3.24344E-3 3.43246E-3 3.46123E-3 3.42119E-3 3.49274E-3 3.57919E-3 3.80613E-3 3.59389E-3 3.2981E-3 3.82292E-3 3.26975E-3 3.30452E-3 3.09031E-3 3.08827E-3 3.43311E-3 3.36479E-3 2.88824E-3
5.18247E-3 4.93225E-3 4.55719E-3 4.09646E-3 4.12848E-3 4.12681E-3 4.03054E-3 4.10272E-3 4.26051E-3 4.29804E-3 4.60402E-3 4.58712E-3 4.22193E-3 3.97615E-3 3.79973E-3 3.83855E-3 3.82197E-3 3.86177E-3 3.86351E-3 3.82289E-3 3.8654E-3 3.9101E-3 3.82313E-3 3.80041E-3 3.77508E-3 3.66035E-3 3.68372E-3 3.66202E-3 3.65159E-3 3.60099E-3 3.53297E-3 3.51684E-3 3.59931E-3 3.54803E-3 3.56506E-3 3.53654E-3 3.56861E-3 3.51351E-3 3.51651E-3 3.63387E-3 3.69095E-3 3.61427E-3 3.55682E-3 3.45641E-3 3.29315E-3 3.23056E-3 3.26351E-3 3.2575E-3 3.40643E-3 3.72936E-3 3.89523E-3 3.36861E-3 3.07072E-3 3.74273E-3 3.65478E-3 3.55918E-3 3.24174E-3 3.25899E-3 3.29191E-3 3.22716E-3 2.86745E-3
5.35985E-3 5.12216E-3 4.99215E-3 4.4533E-3 4.33193E-3 4.2919E-3 4.20452E-3 4.17855E-3 4.21565E-3 4.22879E-3 4.32334E-3 4.65046E-3 4.44846E-3 4.21446E-3 4.02367E-3 3.94513E-3 3.91968E-3 3.84191E-3 3.86914E-3 3.92446E-3 3.94032E-3 3.91086E-3 3.88878E-3 3.87354E-3 3.78295E-3 3.77001E-3 3.76807E-3 3.72302E-3 3.68758E-3 3.68232E-3 3.61878E-3 3.59003E-3 3.52923E-3 3.56824E-3 3.63457E-3 3.64594E-3 3.5844E-3 3.6125E-3 3.65431E-3 3.62017E-3 3.65653E-3 3.55722E-3 3.36376E-3 3.45152E-3 3.36425E-3 3.24883E-3 3.32108E-3 3.48221E-3 3.31954E-3 3.36642E-3 3.18985E-3 2.99856E-3 3.05214E-3 3.5712E-3 3.48414E-3 3.30693E-3 3.26454E-3 3.66638E-3 3.35499E-3 3.01266E-3 2.9039E-3
5.32348E-3 5.14078E-3 4.96385E-3 4.43143E-3 4.41535E-3 4.4779E-3 4.47279E-3 4.44834E-3 4.4527E-3 4.39044E-3 4.48226E-3 4.56833E-3 4.50294E-3 4.29835E-3 4.29006E-3 4.18771E-3 4.14055E-3 4.07073E-3 4.04916E-3 3.92563E-3 3.94169E-3 3.90963E-3 3.8538E-3 3.77189E-3 3.72177E-3 3.68039E-3 3.74212E-3 3.73544E-3 3.69296E-3 3.63914E-3 3.56138E-3 3.52196E-3 3.54754E-3 3.60494E-3 3.66802E-3 3.71447E-3 3.56763E-3 3.59437E-3 3.5602E-3 3.41872E-3 3.472E-3 3.30016E-3 3.19173E-3 3.23473E-3 3.28864E-3 3.26501E-3 3.31948E-3 3.22771E-3 3.03332E-3 2.85983E-3 2.92217E-3 3.13267E-3 3.57263E-3 3.91815E-3 3.60393E-3 3.34891E-3 3.2737E-3 3.6403E-3 3.4192E-3 2.9985E-3 3.15856E-3
5.01165E-3 4.95349E-3 4.84706E-3 4.68956E-3 4.44676E-3 4.54193E-3 4.47345E-3 4.60321E-3 4.6697E-3 4.67786E-3 4.75052E-3 4.58705E-3 4.47055E-3 4.3072E-3 4.30863E-3 4.17757E-3 4.11744E-3 4.0337E-3 4.05225E-3 4.06232E-3 4.10696E-3 4.11123E-3 3.98365E-3 3.89154E-3 3.77512E-3 3.80379E-3 3.80652E-3 3.72394E-3 3.68946E-3 3.63937E-3 3.58987E-3 4.19626E-3 3.89047E-3 4.1349E-3 3.89068E-3 3.69641E-3 3.67911E-3 3.58895E-3 3.47879E-3 3.41494E-3 3.38565E-3 3.31171E-3 3.25584E-3 3.31298E-3 3.39928E-3 3.4373E-3 3.30652E-3 3.17693E-3 3.11967E-3 3.07158E-3 3.3072E-3 3.68952E-3 3.87687E-3 3.97147E-3 3.70884E-3 3.51079E-3 3.06456E-3 3.45717E-3 3.42989E-3 3.06262E-3 2.97001E-3
4.84129E-3 4.73725E-3 4.79669E-3 4.72E-3 4.49281E-3 4.57175E-3 4.47212E-3 4.39236E-3 4.38675E-3 4.43793E-3 4.48508E-3 4.48576E-3 4.49561E-3 4.38318E-3 4.32375E-3 4.30577E-3 4.11742E-3 3.97915E-3 4.09222E-3 4.34973E-3 4.40554E-3 4.36463E-3 4.30319E-3 4.12186E-3 3.96903E-3 3.88633E-3 3.7843E-3 3.66668E-3 3.70576E-3 3.68344E-3 3.82581E-3 4.06215E-3 3.98182E-3 3.91508E-3 3.8812E-3 3.91732E-3 3.95041E-3 3.78752E-3 3.6577E-3 3.48346E-3 3.45187E-3 3.33055E-3 3.26753E-3 3.31762E-3 3.37446E-3 3.39633E-3 3.38197E-3 3.46284E-3 3.3913E-3 3.52183E-3 3.64335E-3 3.50807E-3 3.66732E-3 3.87669E-3 3.52837E-3 3.13173E-3 3.09862E-3 3.252E-3 3.43713E-3 3.26691E-3 3.09492E-3
4.91947E-3 5.03415E-3 4.9096E-3 5.02047E-3 4.8547E-3 4.69121E-3 4.67964E-3 4.86124E-3 4.59128E-3 4.42209E-3 4.35158E-3 4.46758E-3 4.51613E-3 4.39386E-3 4.41215E-3 4.38978E-3 4.3274E-3 4.2574E-3 4.23792E-3 4.21822E-3 4.22289E-3 4.35161E-3 4.35282E-3 4.37229E-3 4.20624E-3 4.05014E-3 3.91542E-3 3.81356E-3 3.75272E-3 3.83258E-3 3.81594E-3 3.85919E-3 4.05228E-3 3.99194E-3 4.0575E-3 4.1351E-3 4.12131E-3 4.11292E-3 4.02492E-3 3.84415E-3 3.70926E-3 3.667E-3 3.50748E-3 3.52489E-3 3.4497E-3 3.32586E-3 3.07617E-3 3.16942E-3 3.38E-3 3.34946E-3 3.42367E-3 3.55382E-3 3.51412E-3 3.79393E-3 3.61677E-3 3.16737E-3 3.27104E-3 2.99673E-3 3.03654E-3 3.33673E-3 3.2369E-3
5.36902E-3 5.36608E-3 5.23065E-3 5.03721E-3 5.3152E-3 5.2684E-3 4.98789E-3 4.9546E-3 4.96552E-3 4.83327E-3 4.56493E-3 4.51198E-3 4.56298E-3 4.61648E-3 4.67557E-3 4.74446E-3 4.67436E-3 4.51024E-3 4.57309E-3 4.39287E-3 4.42142E-3 4.40645E-3 4.4322E-3 4.34311E-3 4.46161E-3 4.25867E-3 4.14308E-3 4.04703E-3 3.8949E-3 3.81984E-3 3.81039E-3 3.8805E-3 4.1135E-3 4.12752E-3 4.18987E-3 4.28819E-3 4.27762E-3 4.32273E-3 4.25472E-3 4.1486E-3 3.96914E-3 3.65551E-3 3.68411E-3 3.61899E-3 3.54996E-3 3.60717E-3 3.34372E-3 3.11084E-3 2.94173E-3 3.00335E-3 3.07499E-3 3.52677E-3 3.76805E-3 3.9602E-3 3.68639E-3 3.16567E-3 3.03305E-3 2.92555E-3 3.25534E-3 3.12847E-3 3.03614E-3
5.41778E-3 5.52305E-3 5.45031E-3 5.24839E-3 5.22126E-3 5.34793E-3 5.07967E-3 5.04754E-3 5.09884E-3 4.99527E-3 4.83733E-3 4.8387E-3 4.83465E-3 4.91723E-3 5.04846E-3 5.27097E-3 5.13171E-3 4.78499E-3 4.74542E-3 4.77287E-3 4.62119E-3 4.62656E-3 4.62283E-3 4.52044E-3 4.48776E-3 4.40526E-3 4.61038E-3 4.26786E-3 4.15692E-3 3.96426E-3 3.87299E-3 3.93074E-3 4.2531E-3 4.21543E-3 4.22175E-3 4.27049E-3 4.36403E-3 4.3538E-3 4.33889E-3 4.26384E-3 4.10484E-3 4.00689E-3 3.77093E-3 3.67308E-3 3.50459E-3 3.59822E-3 3.5033E-3 3.42126E-3 3.2304E-3 3.05602E-3 3.19284E-3 3.35854E-3 3.58585E-3 3.5248E-3 3.29936E-3 3.14009E-3 3.08516E-3 3.12179E-3 3.32653E-3 3.70622E-3 3.22515E-3
5.38714E-3 5.48033E-3 5.50242E-3 5.62287E-3 5.77279E-3 5.51431E-3 5.26355E-3 5.08702E-3 5.27353E-3 5.22114E-3 5.34114E-3 5.52214E-3 5.31245E-3 5.10878E-3 5.05381E-3 5.18145E-3 5.13397E-3 5.14639E-3 4.98964E-3 4.95811E-3 4.9732E-3 4.92501E-3 4.98665E-3 4.88828E-3 4.67775E-3 4.52373E-3 4.64839E-3 4.42191E-3 4.36887E-3 4.21742E-3 4.07791E-3 4.01284E-3 4.06885E-3 4.17657E-3 4.09018E-3 4.22077E-3 4.33316E-3 4.4725E-3 4.4344E-3 4.35247E-3 4.08877E-3 4.001E-3 3.84619E-3 3.81208E-3 3.66568E-3 3.69976E-3 3.70212E-3 3.54284E-3 3.47027E-3 3.35099E-3 3.39501E-3 3.54026E-3 3.60423E-3 3.50068E-3 3.36706E-3 3.32984E-3 3.32512E-3 3.31654E-3 3.28597E-3 3.50233E-3 3.36999E-3
5.73698E-3 5.67645E-3 5.71955E-3 5.76645E-3 5.82703E-3 5.80604E-3 5.716E-3 5.37755E-3 5.54004E-3 5.32346E-3 5.49453E-3 5.69077E-3 5.68183E-3 5.4087E-3 5.34825E-3 5.50923E-3 5.73419E-3 5.58167E-3 5.5748E-3 5.47486E-3 5.35631E-3 5.26481E-3 5.13795E-3 5.00324E-3 5.04779E-3 4.93324E-3 4.83782E-3 4.75422E-3 4.62381E-3 4.50271E-3 4.47626E-3 4.31031E-3 4.13527E-3 4.13784E-3 4.12912E-3 4.1634E-3 4.17729E-3 4.43393E-3 4.33423E-3 4.14504E-3 4.19701E-3 4.09637E-3 4.01322E-3 3.9543E-3 3.94819E-3 3.85871E-3 3.79501E-3 3.60787E-3 3.40839E-3 3.34533E-3 3.29297E-3 3.48372E-3 3.81782E-3 3.77194E-3 3.81091E-3 3.75497E-3 3.6873E-3 3.61706E-3 3.75113E-3 3.6359E-3 3.44692E-3
6.42062E-3 6.07118E-3 6.00658E-3 6.25959E-3 6.20249E-3 6.17538E-3 6.1024E-3 6.05541E-3 5.8408E-3 5.85945E-3 5.53983E-3 5.47072E-3 5.7354E-3 6.01498E-3 6.14267E-3 6.19087E-3 6.24736E-3 6.25763E-3 6.01788E-3 5.86603E-3 5.57711E-3 5.50481E-3 5.4428E-3 5.38793E-3 5.34957E-3 5.21729E-3 5.01778E-3 4.94817E-3 4.80525E-3 4.66643E-3 4.58152E-3 4.7033E-3 4.60698E-3 4.48108E-3 4.41978E-3 4.45197E-3 4.27601E-3 4.24464E-3 4.24511E-3 4.39442E-3 4.30665E-3 4.2195E-3 4.07567E-3 4.14215E-3 4.12291E-3 4.16826E-3 4.09112E-3 3.70496E-3 3.48877E-3 3.53216E-3 3.33358E-3 3.33168E-3 3.36678E-3 3.37184E-3 3.69305E-3 3.62288E-3 3.4417E-3 3.5999E-3 3.71634E-3 3.69465E-3 3.69315E-3
6.18369E-3 6.18272E-3 5.86778E-3 6.15751E-3 6.24845E-3 6.05372E-3 6.20688E-3 6.45461E-3 6.6304E-3 6.4002E-3 6.40535E-3 6.23718E-3 6.3133E-3 6.1267E-3 6.02563E-3 6.22711E-3 6.17703E-3 6.36724E-3 6.32536E-3 6.23877E-3 5.9784E-3 5.72475E-3 5.5302E-3 5.56598E-3 5.40733E-3 5.38924E-3 5.22552E-3 4.99101E-3 4.83666E-3 4.7477E-3 4.50366E-3 4.56488E-3 4.64568E-3 4.63535E-3 4.5495E-3 4.52537E-3 4.44579E-3 4.49854E-3 4.48072E-3 4.48358E-3 4.4663E-3 4.40995E-3 4.3817E-3 4.44584E-3 4.51241E-3 4.5692E-3 4.4355E-3 4.20395E-3 3.79508E-3 3.73097E-3 3.49061E-3 3.43462E-3 3.46223E-3 3.45636E-3 3.36093E-3 3.3988E-3 3.37536E-3 3.42172E-3 3.39138E-3 3.63162E-3 3.78766E-3
6.86307E-3 6.4858E-3 6.40328E-3 6.34331E-3 6.52585E-3 6.42433E-3 6.46042E-3 6.72353E-3 6.99814E-3 6.81442E-3 6.57064E-3 6.65402E-3 6.80628E-3 6.46527E-3 6.13924E-3 6.11232E-3 6.18526E-3 6.23536E-3 6.26535E-3 6.15346E-3 6.22021E-3 6.08815E-3 6.22998E-3 6.25005E-3 5.93311E-3 5.62696E-3 5.44388E-3 5.28512E-3 5.00472E-3 4.79979E-3 4.90028E-3 4.56802E-3 4.56845E-3 4.50756E-3 4.60312E-3 4.68878E-3 4.84899E-3 4.93955E-3 4.85963E-3 4.74573E-3 4.5774E-3 4.46819E-3 4.45112E-3 4.71253E-3 4.71593E-3 4.73799E-3 4.61063E-3 4.52693E-3 4.29447E-3 3.95316E-3 3.92719E-3 3.738E-3 3.76012E-3 3.68785E-3 3.49178E-3 3.26853E-3 3.29252E-3 3.35866E-3 3.3889E-3 3.40335E-3 3.77514E-3
6.89196E-3 6.57688E-3 6.61937E-3 6.75016E-3 6.83578E-3 6.83533E-3 7.07911E-3 7.35535E-3 7.35043E-3 7.29198E-3 7.32209E-3 7.38545E-3 7.25702E-3 7.07062E-3 6.90411E-3 6.78596E-3 6.65445E-3 6.44469E-3 6.42723E-3 6.04212E-3 5.81807E-3 5.7511E-3 5.91683E-3 6.40097E-3 7.01394E-3 6.35941E-3 5.85236E-3 5.37628E-3 5.1851E-3 4.99382E-3 4.91203E-3 4.62931E-3 4.4903E-3 4.5089E-3 4.55189E-3 4.67037E-3 4.78894E-3 4.85064E-3 4.99384E-3 4.86135E-3 4.87094E-3 4.74075E-3 4.6581E-3 4.70216E-3 4.72177E-3 4.67749E-3 4.6117E-3 4.60735E-3 4.44529E-3 4.41709E-3 4.33549E-3 4.12838E-3 3.87196E-3 3.69702E-3 3.5626E-3 3.28333E-3 3.25434E-3 3.33475E-3 3.40639E-3 3.56496E-3 3.58354E-3
7.77E-3 7.74792E-3 7.91809E-3 7.71245E-3 7.59344E-3 7.82416E-3 7.90381E-3 7.93301E-3 7.80348E-3 7.54206E-3 7.44697E-3 7.38884E-3 7.35929E-3 7.45164E-3 7.27559E-3 7.00208E-3 6.70504E-3 6.36815E-3 6.43084E-3 6.17273E-3 6.18082E-3 6.76905E-3 6.8694E-3 6.08934E-3 6.583E-3 7.05816E-3 6.91394E-3 6.34495E-3 5.49349E-3 5.20374E-3 5.05593E-3 4.93006E-3 4.79101E-3 4.68036E-3 4.68752E-3 4.80464E-3 4.7948E-3 4.91089E-3 4.83688E-3 4.82794E-3 4.83755E-3 4.92438E-3 4.8492E-3 4.80106E-3 4.69528E-3 4.58418E-3 4.5802E-3 4.60341E-3 4.66086E-3 4.53787E-3 4.45511E-3 4.36275E-3 4.18406E-3 3.90085E-3 3.63083E-3 3.41597E-3 3.40713E-3 3.40576E-3 3.44751E-3 3.57588E-3 3.5071E-3
9.50701E-3 9.4377E-3 9.37178E-3 9.58019E-3 9.75732E-3 9.72113E-3 9.12615E-3 8.13482E-3 7.89483E-3 7.83909E-3 7.83002E-3 7.68218E-3 7.64478E-3 7.30846E-3 6.82517E-3 6.71799E-3 6.74058E-3 6.89974E-3 6.99164E-3 6.55959E-3 6.68845E-3 6.66679E-3 6.76579E-3 6.4718E-3 6.4502E-3 6.80816E-3 6.88516E-3 6.82919E-3 6.6184E-3 6.44799E-3 5.78807E-3 5.37258E-3 5.13505E-3 4.9627E-3 4.88109E-3 4.94862E-3 4.96686E-3 5.01389E-3 5.00735E-3 4.87431E-3 4.92035E-3 4.97608E-3 5.02709E-3 5.11037E-3 4.96715E-3 4.68748E-3 4.54147E-3 4.57135E-3 4.6384E-3 4.62303E-3 4.61058E-3 4.48635E-3 4.51281E-3 4.23144E-3 3.92068E-3 3.67458E-3 3.80559E-3 3.69728E-3 3.68992E-3 3.61941E-3 3.79445E-3
1.06339E-2 1.07035E-2 1.09388E-2 1.04488E-2 1.0257E-2 1.00325E-2 8.90011E-3 8.0654E-3 7.87612E-3 7.74907E-3 7.6137E-3 7.65962E-3 7.7846E-3 7.56075E-3 7.38063E-3 6.89685E-3 6.72506E-3 6.90658E-3 7.16891E-3 7.50703E-3 7.52374E-3 7.40011E-3 7.23318E-3 7.2088E-3 6.89666E-3 6.79357E-3 6.40219E-3 6.31702E-3 6.32559E-3 6.76824E-3 6.67907E-3 6.6129E-3 6.20618E-3 5.4257E-3 5.11222E-3 5.20944E-3 5.16439E-3 5.15399E-3 5.07458E-3 5.00145E-3 4.83852E-3 4.82493E-3 5.0059E-3 5.2533E-3 5.18973E-3 4.87192E-3 4.70319E-3 4.59121E-3 4.62119E-3 4.60615E-3 4.64381E-3 4.60797E-3 4.58966E-3 4.72978E-3 4.45186E-3 4.32046E-3 4.16027E-3 4.0416E-3 4.08178E-3 4.06618E-3 4.11221E-3
1.06183E-2 9.85019E-3 9.23488E-3 9.13223E-3 9.41661E-3 9.33319E-3 8.3783E-3 8.41496E-3 8.18661E-3 7.96235E-3 7.63658E-3 7.4192E-3 7.61001E-3 7.73721E-3 7.78121E-3 7.39605E-3 7.11245E-3 7.28816E-3 7.50876E-3 7.9132E-3 8.11697E-3 8.19814E-3 8.21238E-3 8.76029E-3 8.86632E-3 8.68669E-3 8.18724E-3 7.50521E-3 6.79319E-3 6.84034E-3 7.06233E-3 7.04082E-3 6.70649E-3 6.23728E-3 5.62858E-3 5.36422E-3 5.41748E-3 5.4064E-3 5.26184E-3 5.14372E-3 4.93991E-3 4.65708E-3 4.54988E-3 4.47901E-3 4.58454E-3 4.62925E-3 4.72285E-3 4.6902E-3 4.64865E-3 4.6097E-3 4.58536E-3 4.6246E-3 4.59729E-3 4.81068E-3 4.77769E-3 4.50026E-3 4.33758E-3 4.19659E-3 4.3013E-3 4.21125E-3 4.24641E-3
