maxent_outputs/red_flowers_troch_bombus_environ/red_262.asc
ncols         426
nrows         180
xllcorner     -130.0
yllcorner     24.0
cellsize      0.16666666666666666
NODATA_value  -9999
[rows 0 to 26 of 180, columns 305 to 365 of 426]
1.46332E-2 1.47354E-2 1.51985E-2 1.53205E-2 1.58008E-2 1.58832E-2 1.63569E-2 1.65356E-2 1.67477E-2 1.69958E-2 1.75161E-2 1.76256E-2 1.8119E-2 1.83991E-2 1.88027E-2 1.93307E-2 1.96681E-2 1.92371E-2 1.96829E-2 1.95989E-2 1.9779E-2 2.00972E-2 2.02945E-2 2.01281E-2 1.96917E-2 1.94642E-2 1.94549E-2 1.97084E-2 1.94783E-2 1.96471E-2 1.99349E-2 1.99269E-2 1.96375E-2 1.97805E-2 2.03107E-2 2.01256E-2 2.03194E-2 1.99974E-2 1.96999E-2 1.95007E-2 1.98073E-2 1.9012E-2 1.88167E-2 1.87973E-2 1.87715E-2 1.82502E-2 1.80585E-2 1.79253E-2 1.7741E-2 1.77754E-2 1.80159E-2 1.7942E-2 1.79555E-2 1.78419E-2 1.81728E-2 1.84249E-2 1.87551E-2 1.90308E-2 1.87699E-2 1.86938E-2 1.91292E-2
1.49294E-2 1.50661E-2 1.55574E-2 1.58622E-2 1.57533E-2 1.58758E-2 1.62564E-2 1.69454E-2 1.69848E-2 1.77078E-2 1.80944E-2 1.87974E-2 1.94354E-2 1.98251E-2 1.96778E-2 1.95739E-2 2.03091E-2 2.02626E-2 2.07975E-2 2.10452E-2 2.08603E-2 2.10361E-2 2.13165E-2 2.13515E-2 2.15403E-2 2.09619E-2 2.04316E-2 2.01558E-2 2.0393E-2 2.05327E-2 2.05123E-2 2.0838E-2 2.07584E-2 2.03723E-2 2.06551E-2 2.02194E-2 2.01441E-2 1.99361E-2 2.02849E-2 2.04227E-2 2.04397E-2 1.99553E-2 1.92722E-2 1.91815E-2 1.90622E-2 1.8484E-2 1.83984E-2 1.83838E-2 1.81752E-2 1.81717E-2 1.86596E-2 1.83459E-2 1.8307E-2 1.86357E-2 1.84739E-2 1.89623E-2 1.94183E-2 1.92536E-2 1.90381E-2 1.94028E-2 1.93588E-2
1.657E-2 1.51614E-2 1.54036E-2 1.58472E-2 1.59617E-2 1.60532E-2 1.68146E-2 1.68737E-2 1.68083E-2 1.70529E-2 1.82042E-2 1.89906E-2 1.92942E-2 1.98398E-2 1.99967E-2 2.09708E-2 2.07099E-2 2.09578E-2 2.10759E-2 2.17835E-2 2.19953E-2 2.25142E-2 2.20899E-2 2.18053E-2 2.11042E-2 2.12434E-2 2.09297E-2 2.12259E-2 2.11148E-2 2.138E-2 2.12943E-2 2.11401E-2 2.09733E-2 2.06853E-2 2.04673E-2 2.09435E-2 2.08159E-2 2.02922E-2 2.06683E-2 2.16225E-2 2.09474E-2 2.07062E-2 2.01945E-2 1.9923E-2 1.94127E-2 1.9632E-2 1.91481E-2 1.91261E-2 1.85504E-2 1.88136E-2 1.87655E-2 1.85415E-2 1.88975E-2 1.91348E-2 1.92847E-2 1.96023E-2 1.96049E-2 1.93455E-2 1.96287E-2 2.00868E-2 2.00456E-2
1.53794E-2 1.55088E-2 1.57537E-2 1.5842E-2 1.61625E-2 1.64353E-2 1.73255E-2 1.74972E-2 1.78617E-2 1.79571E-2 1.82331E-2 1.87351E-2 1.87642E-2 1.94584E-2 2.04671E-2 2.13175E-2 2.08582E-2 2.09211E-2 2.14704E-2 2.22041E-2 2.25128E-2 2.27958E-2 2.25397E-2 2.2195E-2 2.16449E-2 2.20649E-2 2.20089E-2 2.19729E-2 2.18482E-2 2.22105E-2 2.24455E-2 2.18569E-2 2.17578E-2 2.14977E-2 2.19534E-2 2.19405E-2 2.12735E-2 2.16004E-2 2.19229E-2 2.25233E-2 2.17563E-2 2.14394E-2 2.0753E-2 2.08073E-2 2.00719E-2 1.99379E-2 2.05395E-2 1.9858E-2 1.92125E-2 1.91117E-2 1.88604E-2 1.91195E-2 1.9058E-2 1.95985E-2 2.00597E-2 2.04325E-2 2.02354E-2 2.05413E-2 2.08061E-2 2.09031E-2 2.08527E-2
2.17727E-2 1.58346E-2 1.62278E-2 1.63626E-2 1.66809E-2 1.67153E-2 1.73342E-2 1.76563E-2 1.83678E-2 1.85475E-2 1.88327E-2 1.89133E-2 1.90947E-2 2.00809E-2 2.13203E-2 2.07995E-2 2.13057E-2 2.20197E-2 2.24167E-2 2.27344E-2 2.31493E-2 2.30487E-2 2.29934E-2 2.28757E-2 2.25424E-2 2.29975E-2 2.27353E-2 2.22784E-2 2.26691E-2 2.249E-2 2.2313E-2 2.2663E-2 2.23813E-2 2.22644E-2 2.21331E-2 2.20434E-2 2.19682E-2 2.18272E-2 2.21847E-2 2.26204E-2 2.25833E-2 2.23609E-2 2.15876E-2 2.15223E-2 2.09315E-2 2.09568E-2 2.0841E-2 2.04677E-2 1.98783E-2 2.01244E-2 1.96305E-2 2.0076E-2 2.0344E-2 2.04549E-2 2.12392E-2 2.11118E-2 2.14751E-2 2.14057E-2 2.19343E-2 2.17551E-2 2.17294E-2
2.37118E-2 1.5797E-2 1.61614E-2 1.67039E-2 1.72674E-2 1.73129E-2 1.77573E-2 1.81191E-2 1.86316E-2 1.91459E-2 1.91726E-2 1.96747E-2 1.9778E-2 2.09489E-2 2.11105E-2 2.16609E-2 2.20697E-2 2.26231E-2 2.30266E-2 2.30987E-2 2.40555E-2 2.3809E-2 2.36019E-2 2.36339E-2 2.33581E-2 2.32615E-2 2.25345E-2 2.30325E-2 2.29657E-2 2.27625E-2 2.326E-2 2.30781E-2 2.24503E-2 2.27579E-2 2.25777E-2 2.29869E-2 2.27904E-2 2.25868E-2 2.31438E-2 2.35061E-2 2.3497E-2 2.33652E-2 2.33044E-2 2.26887E-2 2.18664E-2 2.13784E-2 2.12429E-2 2.08611E-2 2.04557E-2 2.03206E-2 2.03533E-2 2.02017E-2 2.05365E-2 2.08648E-2 2.19188E-2 2.13659E-2 2.17215E-2 2.21669E-2 2.23641E-2 2.24134E-2 2.27912E-2
5.15337E-2 1.73398E-2 1.62548E-2 1.64036E-2 1.73142E-2 1.77724E-2 1.7988E-2 1.86259E-2 1.89955E-2 1.92528E-2 1.97674E-2 2.0239E-2 2.0423E-2 2.11015E-2 2.14795E-2 2.18089E-2 2.23231E-2 2.29849E-2 2.35092E-2 2.39321E-2 2.43231E-2 2.41909E-2 2.40789E-2 2.44702E-2 2.41408E-2 2.4631E-2 2.4085E-2 2.39537E-2 2.44079E-2 2.4237E-2 2.41901E-2 2.40349E-2 2.33735E-2 2.33147E-2 2.35978E-2 2.39936E-2 2.42209E-2 2.40285E-2 2.46639E-2 2.47446E-2 2.48941E-2 2.4098E-2 2.33594E-2 2.30786E-2 2.29924E-2 2.2189E-2 2.16806E-2 2.15572E-2 2.09896E-2 2.09919E-2 2.1767E-2 2.16481E-2 2.12991E-2 2.18317E-2 2.2108E-2 2.2345E-2 2.26257E-2 2.25175E-2 2.26355E-2 2.31453E-2 2.36355E-2
5.93389E-2 2.03147E-2 1.65616E-2 1.68311E-2 1.78824E-2 1.78089E-2 1.83544E-2 1.88197E-2 1.92499E-2 2.03767E-2 2.05002E-2 2.03236E-2 2.08772E-2 2.13775E-2 2.22172E-2 2.28077E-2 2.33346E-2 2.38357E-2 2.39097E-2 2.46819E-2 2.53767E-2 2.54043E-2 2.56796E-2 2.54293E-2 2.59364E-2 2.64832E-2 2.50119E-2 2.47973E-2 2.5305E-2 2.53327E-2 2.51759E-2 2.49761E-2 2.46891E-2 2.44907E-2 2.51837E-2 2.57671E-2 2.58366E-2 2.55804E-2 2.53696E-2 2.52266E-2 2.50417E-2 2.4409E-2 2.43523E-2 2.35929E-2 2.35547E-2 2.32951E-2 2.26252E-2 2.23359E-2 2.16514E-2 2.16415E-2 2.18509E-2 2.22132E-2 2.21297E-2 2.20788E-2 2.23682E-2 2.33911E-2 2.32719E-2 2.37313E-2 2.41046E-2 2.39728E-2 2.43527E-2
5.655E-2 5.72502E-2 1.66478E-2 1.66299E-2 1.77087E-2 1.82892E-2 1.8868E-2 1.88048E-2 2.00727E-2 2.02136E-2 2.05971E-2 2.11169E-2 2.16985E-2 2.19968E-2 2.2165E-2 2.37257E-2 2.41465E-2 2.4825E-2 2.44698E-2 2.52385E-2 2.56083E-2 2.58721E-2 2.57077E-2 2.63227E-2 2.61368E-2 2.59091E-2 2.52315E-2 2.52452E-2 2.61648E-2 2.60178E-2 2.52966E-2 2.57063E-2 2.57633E-2 2.63907E-2 2.67187E-2 2.69502E-2 2.6739E-2 2.64408E-2 2.62016E-2 2.63155E-2 2.64872E-2 2.56421E-2 2.55053E-2 2.48894E-2 2.46265E-2 2.393E-2 2.34699E-2 2.28721E-2 2.31347E-2 2.25219E-2 2.34281E-2 2.34194E-2 2.29175E-2 2.37648E-2 2.36773E-2 2.37105E-2 2.40359E-2 2.50255E-2 2.51436E-2 2.56009E-2 2.53735E-2
5.78302E-2 -9999 1.96678E-2 1.74394E-2 1.77531E-2 1.86011E-2 1.8989E-2 1.92342E-2 2.00219E-2 2.05544E-2 2.10792E-2 2.15606E-2 2.16331E-2 2.26693E-2 2.3639E-2 2.45293E-2 2.45446E-2 2.46899E-2 2.55083E-2 2.59434E-2 2.6546E-2 2.69355E-2 2.67443E-2 2.65385E-2 2.5843E-2 2.6238E-2 2.68688E-2 2.62505E-2 2.68177E-2 2.71239E-2 2.64387E-2 2.61719E-2 2.67221E-2 2.72714E-2 2.68188E-2 2.7147E-2 2.79322E-2 2.76619E-2 2.75714E-2 2.74916E-2 2.82337E-2 2.76388E-2 2.70537E-2 2.71697E-2 2.60542E-2 2.52297E-2 2.51581E-2 2.47096E-2 2.4396E-2 2.47805E-2 2.54482E-2 2.54703E-2 2.58014E-2 2.58475E-2 2.49694E-2 2.49632E-2 2.52259E-2 2.55678E-2 2.6298E-2 2.6997E-2 2.66912E-2
5.77644E-2 -9999 -9999 1.77161E-2 1.878E-2 1.90228E-2 1.94991E-2 2.00537E-2 2.08076E-2 2.12276E-2 2.14109E-2 2.19427E-2 2.24077E-2 2.28324E-2 2.36239E-2 2.43861E-2 2.40896E-2 2.49371E-2 2.55547E-2 2.61444E-2 2.68202E-2 2.73361E-2 2.72952E-2 2.6578E-2 2.68373E-2 2.67392E-2 2.72212E-2 2.73374E-2 2.74031E-2 2.76797E-2 2.69012E-2 2.74239E-2 2.75216E-2 2.8373E-2 2.88378E-2 2.86578E-2 2.85737E-2 2.90183E-2 3.00175E-2 2.94648E-2 2.93617E-2 2.92594E-2 2.86054E-2 2.84047E-2 2.74644E-2 2.75427E-2 2.64814E-2 2.55616E-2 2.5553E-2 2.51813E-2 2.56495E-2 2.5738E-2 2.55198E-2 2.56636E-2 2.5588E-2 2.59658E-2 2.60669E-2 2.68189E-2 2.69286E-2 2.76223E-2 2.80279E-2
1.78409E-2 2.74206E-2 2.06626E-2 1.94886E-2 1.96401E-2 2.00921E-2 2.04782E-2 2.13239E-2 2.17263E-2 2.20443E-2 2.23005E-2 2.25938E-2 2.32492E-2 2.30209E-2 2.36083E-2 2.39676E-2 2.43789E-2 2.53183E-2 2.65008E-2 2.6949E-2 2.71133E-2 2.76246E-2 2.75735E-2 2.80403E-2 2.78907E-2 2.77813E-2 2.78109E-2 2.84227E-2 2.90288E-2 2.88615E-2 2.85774E-2 2.8358E-2 2.81088E-2 2.89356E-2 2.9412E-2 2.98555E-2 3.00011E-2 3.06394E-2 3.12246E-2 3.25492E-2 3.20568E-2 3.02993E-2 2.93784E-2 2.86668E-2 2.84367E-2 2.72999E-2 2.61707E-2 2.60807E-2 2.59712E-2 2.58575E-2 2.55815E-2 2.56023E-2 2.6026E-2 2.55725E-2 2.65672E-2 2.66856E-2 2.7657E-2 2.79778E-2 2.83317E-2 2.91909E-2 2.98079E-2
5.7499E-2 2.00216E-2 2.10519E-2 2.09076E-2 2.05781E-2 2.10431E-2 2.10367E-2 2.14819E-2 2.21153E-2 2.2021E-2 2.28948E-2 2.31184E-2 2.3509E-2 2.33632E-2 2.37632E-2 2.42422E-2 2.48144E-2 2.60485E-2 2.6792E-2 2.74469E-2 2.85444E-2 2.85269E-2 2.84377E-2 2.88012E-2 2.83549E-2 2.89641E-2 2.95016E-2 2.92516E-2 2.91689E-2 2.8988E-2 2.88213E-2 2.94589E-2 2.92373E-2 3.00241E-2 2.95602E-2 3.0211E-2 3.09613E-2 3.18307E-2 3.25957E-2 3.24966E-2 3.25001E-2 3.17665E-2 3.03503E-2 2.97605E-2 2.91419E-2 2.79486E-2 2.67106E-2 2.68285E-2 2.70334E-2 2.61122E-2 2.68951E-2 2.72074E-2 2.68549E-2 2.73219E-2 2.74981E-2 2.81505E-2 2.88143E-2 2.90851E-2 2.94569E-2 2.98433E-2 3.07287E-2
2.35551E-2 2.11637E-2 2.17151E-2 2.1717E-2 2.19166E-2 2.15257E-2 2.20944E-2 2.26915E-2 2.26564E-2 2.30381E-2 2.35653E-2 2.40288E-2 2.41537E-2 2.40928E-2 2.50404E-2 2.55697E-2 2.61464E-2 2.74409E-2 2.79854E-2 2.92219E-2 2.906E-2 2.96008E-2 2.94292E-2 2.8951E-2 2.95046E-2 2.98948E-2 3.06804E-2 3.05148E-2 3.02196E-2 3.05677E-2 3.08547E-2 3.12163E-2 3.14022E-2 3.14687E-2 3.15357E-2 3.11125E-2 3.27049E-2 3.38385E-2 3.2703E-2 3.304E-2 3.32501E-2 3.17751E-2 3.15566E-2 2.96953E-2 2.89211E-2 2.86381E-2 2.78284E-2 2.72811E-2 2.76679E-2 2.75259E-2 2.74897E-2 2.74131E-2 2.7361E-2 2.8269E-2 2.9814E-2 2.87896E-2 2.94601E-2 3.11686E-2 3.15715E-2 3.07955E-2 3.24582E-2
2.51627E-2 2.19178E-2 2.32651E-2 2.24206E-2 2.22144E-2 2.24484E-2 2.29214E-2 2.3121E-2 2.3321E-2 2.37679E-2 2.41483E-2 2.47333E-2 2.46775E-2 2.54006E-2 2.57703E-2 2.61358E-2 2.66703E-2 2.69191E-2 2.82026E-2 2.87338E-2 2.9902E-2 3.01252E-2 2.9958E-2 3.06694E-2 2.98962E-2 3.03464E-2 3.04038E-2 3.01018E-2 3.07583E-2 3.11788E-2 3.14264E-2 3.21477E-2 3.25542E-2 3.32807E-2 3.26338E-2 3.21066E-2 3.35624E-2 3.30579E-2 3.32778E-2 3.37775E-2 3.40638E-2 3.38658E-2 3.2885E-2 3.19303E-2 3.10938E-2 3.05025E-2 2.88751E-2 2.88962E-2 2.86843E-2 2.90121E-2 2.83519E-2 2.841E-2 2.90853E-2 2.91386E-2 3.00227E-2 3.00688E-2 3.06711E-2 3.20059E-2 3.19284E-2 3.25828E-2 3.73879E-2
2.35123E-2 2.51255E-2 2.41478E-2 2.38833E-2 2.3561E-2 2.38296E-2 2.38104E-2 2.4343E-2 2.46631E-2 2.48056E-2 2.53623E-2 2.52088E-2 2.56249E-2 2.64205E-2 2.63524E-2 2.70619E-2 2.75302E-2 2.80493E-2 2.87421E-2 2.91383E-2 2.97936E-2 3.10449E-2 3.11614E-2 3.22757E-2 3.16665E-2 3.12864E-2 3.09474E-2 3.07416E-2 3.11601E-2 3.09978E-2 3.15193E-2 3.22157E-2 3.28299E-2 3.35013E-2 3.26481E-2 3.27796E-2 3.44898E-2 3.39635E-2 3.46114E-2 3.53849E-2 3.55032E-2 3.46634E-2 3.37698E-2 3.24099E-2 3.22943E-2 3.07857E-2 3.07119E-2 2.98901E-2 2.94429E-2 2.87138E-2 2.93713E-2 2.95395E-2 3.00823E-2 2.95935E-2 3.01599E-2 3.07478E-2 3.12324E-2 3.25778E-2 3.33468E-2 3.42377E-2 3.86761E-2
2.42944E-2 2.51026E-2 2.47121E-2 2.44577E-2 2.45878E-2 2.50681E-2 2.52703E-2 2.49318E-2 2.51312E-2 2.52968E-2 2.56597E-2 2.60503E-2 2.61825E-2 2.67809E-2 2.69532E-2 2.72222E-2 2.78972E-2 2.84657E-2 2.90052E-2 2.99806E-2 3.06082E-2 3.15887E-2 3.23011E-2 3.14977E-2 3.22783E-2 3.21226E-2 3.19719E-2 3.25665E-2 3.25234E-2 3.26829E-2 3.25385E-2 3.22607E-2 3.23337E-2 3.31269E-2 3.43334E-2 3.75939E-2 3.7123E-2 3.63416E-2 3.57355E-2 3.55151E-2 3.61507E-2 3.63222E-2 3.5347E-2 3.37342E-2 3.19952E-2 3.13889E-2 3.12741E-2 3.04051E-2 3.00573E-2 2.92834E-2 2.87909E-2 2.99682E-2 3.13753E-2 3.12702E-2 3.16386E-2 3.25476E-2 3.28366E-2 3.32391E-2 3.46538E-2 3.55851E-2 3.85833E-2
2.50106E-2 2.5082E-2 2.51624E-2 2.53945E-2 2.53595E-2 2.58846E-2 2.58251E-2 2.56115E-2 2.62903E-2 2.60797E-2 2.63765E-2 2.61959E-2 2.67326E-2 2.68828E-2 2.7356E-2 2.8012E-2 2.8104E-2 2.90119E-2 2.92588E-2 3.06976E-2 3.12692E-2 3.23323E-2 3.3221E-2 3.25733E-2 3.30629E-2 3.20439E-2 3.26247E-2 3.27122E-2 3.30652E-2 3.44204E-2 3.37046E-2 3.3577E-2 3.31658E-2 3.57964E-2 3.80218E-2 3.71911E-2 3.67896E-2 3.6476E-2 3.70433E-2 3.74978E-2 3.77753E-2 3.77873E-2 3.62671E-2 3.46312E-2 3.33252E-2 3.30278E-2 3.16586E-2 3.0747E-2 3.0531E-2 3.01453E-2 2.90865E-2 2.97209E-2 3.14578E-2 3.2096E-2 3.27306E-2 3.41195E-2 3.55502E-2 3.58377E-2 3.60279E-2 3.57286E-2 3.56574E-2
2.55131E-2 2.5447E-2 2.61185E-2 2.6235E-2 2.62176E-2 2.67276E-2 2.64428E-2 2.69825E-2 2.73656E-2 2.66338E-2 2.73465E-2 2.76258E-2 2.83403E-2 2.89746E-2 2.83062E-2 2.83313E-2 2.86643E-2 2.99347E-2 3.01483E-2 3.10416E-2 3.15667E-2 3.29722E-2 3.3543E-2 3.4171E-2 3.39824E-2 3.32015E-2 3.37684E-2 3.46758E-2 3.50801E-2 3.50729E-2 3.43842E-2 3.53238E-2 3.7271E-2 3.85499E-2 3.72281E-2 3.69439E-2 3.58881E-2 3.73432E-2 3.82105E-2 3.90109E-2 3.83937E-2 3.81201E-2 3.62062E-2 3.56036E-2 3.41917E-2 3.40653E-2 3.2031E-2 3.01294E-2 2.9974E-2 2.98875E-2 2.97292E-2 2.94863E-2 3.1835E-2 3.14229E-2 3.34271E-2 3.47385E-2 3.80421E-2 3.6517E-2 3.62305E-2 3.60637E-2 3.62488E-2
2.59498E-2 2.61397E-2 2.67084E-2 2.67567E-2 2.67795E-2 2.72071E-2 2.71124E-2 2.77645E-2 2.73094E-2 2.75786E-2 2.78667E-2 2.75555E-2 2.87954E-2 2.85241E-2 2.79966E-2 2.84327E-2 2.94061E-2 2.95797E-2 3.00258E-2 3.12912E-2 3.17938E-2 3.31178E-2 3.38622E-2 3.44854E-2 3.41205E-2 3.48389E-2 3.57696E-2 3.65423E-2 3.70385E-2 3.68938E-2 3.62649E-2 3.75609E-2 3.81972E-2 3.74152E-2 3.84112E-2 3.85947E-2 3.82415E-2 3.80651E-2 3.90708E-2 3.89075E-2 3.8722E-2 3.76671E-2 3.69875E-2 3.59796E-2 3.49641E-2 3.421E-2 3.31212E-2 3.14272E-2 3.08611E-2 3.13561E-2 3.09088E-2 3.11507E-2 3.1291E-2 3.31526E-2 3.46779E-2 3.69722E-2 3.73632E-2 3.64636E-2 3.59203E-2 3.50858E-2 3.50462E-2
2.69314E-2 2.69104E-2 2.7453E-2 2.75097E-2 2.74679E-2 2.79253E-2 2.85233E-2 2.82372E-2 2.8005E-2 2.83187E-2 2.83152E-2 2.83044E-2 2.82879E-2 2.80153E-2 2.87512E-2 2.90471E-2 2.95722E-2 2.99912E-2 3.05287E-2 3.16385E-2 3.20931E-2 3.27542E-2 3.42549E-2 3.60028E-2 3.53342E-2 3.62232E-2 3.68233E-2 3.72762E-2 3.7812E-2 3.76093E-2 3.67336E-2 3.77416E-2 3.67866E-2 3.80301E-2 3.94807E-2 3.99513E-2 3.95168E-2 4.02578E-2 4.13187E-2 4.07213E-2 3.95989E-2 3.89144E-2 3.7851E-2 3.7523E-2 3.60697E-2 3.50947E-2 3.45643E-2 3.33902E-2 3.29121E-2 3.23289E-2 3.31782E-2 3.22831E-2 3.1641E-2 3.32748E-2 3.60344E-2 3.76079E-2 3.90253E-2 3.64612E-2 3.65632E-2 3.55274E-2 3.46672E-2
2.75368E-2 2.76651E-2 2.82435E-2 2.80458E-2 2.79689E-2 2.85866E-2 2.84878E-2 2.8955E-2 2.88755E-2 2.85715E-2 2.84836E-2 2.86194E-2 2.85059E-2 2.91827E-2 2.91435E-2 2.88716E-2 2.95376E-2 3.04468E-2 3.15372E-2 3.13725E-2 3.27718E-2 3.31296E-2 3.48266E-2 3.58518E-2 3.6243E-2 3.62406E-2 3.72367E-2 3.85012E-2 3.89498E-2 3.99652E-2 3.79625E-2 3.91556E-2 3.79119E-2 3.92826E-2 3.99253E-2 4.05657E-2 4.12402E-2 4.17523E-2 4.28255E-2 4.30388E-2 4.04628E-2 3.99204E-2 3.98407E-2 3.91714E-2 3.82068E-2 3.71814E-2 3.50195E-2 3.44185E-2 3.40041E-2 3.37947E-2 3.39192E-2 3.32797E-2 3.4364E-2 3.54266E-2 3.56646E-2 3.83585E-2 4.00353E-2 3.88746E-2 3.84806E-2 3.92112E-2 3.82045E-2
2.80367E-2 2.82099E-2 2.87917E-2 2.84795E-2 2.86519E-2 2.92146E-2 2.903E-2 2.96418E-2 2.96788E-2 2.97994E-2 2.92689E-2 2.89634E-2 2.8956E-2 3.01848E-2 2.96091E-2 2.90024E-2 2.97681E-2 3.04246E-2 3.07898E-2 3.15541E-2 3.2465E-2 3.38227E-2 3.43616E-2 3.60108E-2 3.63883E-2 3.62589E-2 3.74438E-2 3.79462E-2 4.0276E-2 4.05072E-2 3.93646E-2 4.01437E-2 3.93173E-2 3.98204E-2 4.04499E-2 4.1208E-2 4.22624E-2 4.25115E-2 4.2442E-2 4.22893E-2 4.36164E-2 4.18473E-2 4.03516E-2 4.02063E-2 3.94117E-2 3.78099E-2 3.75838E-2 3.71179E-2 3.60484E-2 3.59848E-2 3.55403E-2 3.64305E-2 3.65828E-2 3.72724E-2 3.83274E-2 3.93072E-2 4.16707E-2 4.12738E-2 4.13189E-2 4.39221E-2 4.3367E-2
2.8778E-2 2.88323E-2 2.88276E-2 2.87582E-2 2.94131E-2 3.02792E-2 3.00468E-2 3.06354E-2 2.98847E-2 2.9733E-2 3.00306E-2 2.91856E-2 2.89938E-2 3.01198E-2 2.90227E-2 2.93967E-2 2.92962E-2 3.00152E-2 3.05659E-2 3.12207E-2 3.19381E-2 3.32974E-2 3.39661E-2 3.45719E-2 3.51975E-2 3.64303E-2 3.77447E-2 3.89312E-2 4.03094E-2 4.09153E-2 4.25759E-2 4.17563E-2 4.15361E-2 4.12813E-2 4.23153E-2 4.22948E-2 4.34384E-2 4.45039E-2 4.37657E-2 4.42343E-2 4.45658E-2 4.29013E-2 4.07358E-2 4.04792E-2 4.05465E-2 3.9454E-2 3.9527E-2 4.13569E-2 3.75656E-2 3.74701E-2 3.76006E-2 3.87957E-2 3.8882E-2 3.97166E-2 4.06467E-2 4.06603E-2 4.2461E-2 4.33472E-2 4.33866E-2 4.50225E-2 5.12262E-2
2.97844E-2 2.90996E-2 2.90165E-2 2.94847E-2 2.94086E-2 3.05312E-2 3.13842E-2 3.13933E-2 3.2041E-2 3.13696E-2 3.0461E-2 3.06253E-2 2.95141E-2 2.94616E-2 2.98068E-2 3.04919E-2 2.9736E-2 3.03739E-2 3.12364E-2 3.16951E-2 3.24429E-2 3.37067E-2 3.37896E-2 3.45185E-2 3.55359E-2 3.7437E-2 3.75376E-2 3.99182E-2 4.27012E-2 4.44708E-2 4.39551E-2 4.24166E-2 4.22831E-2 4.32647E-2 4.34158E-2 4.33927E-2 4.53791E-2 4.53195E-2 4.47254E-2 4.41037E-2 4.35283E-2 4.36899E-2 4.10841E-2 4.06763E-2 4.02423E-2 4.09383E-2 4.06364E-2 4.20016E-2 4.02296E-2 4.14203E-2 3.99607E-2 3.9944E-2 4.14214E-2 4.21456E-2 4.30567E-2 4.38725E-2 4.57082E-2 4.59484E-2 4.61723E-2 4.84244E-2 5.65197E-2
2.99224E-2 2.9781E-2 2.95752E-2 2.95779E-2 2.94968E-2 3.01461E-2 3.07062E-2 3.14138E-2 3.15397E-2 3.13175E-2 3.04402E-2 3.0955E-2 3.0003E-2 3.08123E-2 3.1245E-2 2.94965E-2 3.01047E-2 3.08036E-2 3.16277E-2 3.17142E-2 3.22182E-2 3.2688E-2 3.35277E-2 3.42081E-2 3.47251E-2 3.56925E-2 3.82503E-2 4.05278E-2 4.13802E-2 4.3582E-2 4.35923E-2 4.35051E-2 4.43344E-2 4.35491E-2 4.44781E-2 4.66128E-2 4.59921E-2 4.62545E-2 4.47333E-2 4.44983E-2 4.47823E-2 4.36242E-2 4.27952E-2 4.18947E-2 4.13903E-2 4.15849E-2 4.16247E-2 4.2369E-2 4.28413E-2 4.23913E-2 4.35585E-2 4.36017E-2 4.63533E-2 4.74685E-2 4.6993E-2 4.69787E-2 4.7567E-2 5.02218E-2 5.15336E-2 5.50142E-2 5.66358E-2
3.0758E-2 3.00639E-2 2.98313E-2 2.98026E-2 2.98565E-2 3.04027E-2 3.09069E-2 3.16401E-2 3.15565E-2 3.08286E-2 3.03539E-2 3.03991E-2 3.01944E-2 3.06339E-2 3.00731E-2 3.06183E-2 3.22386E-2 3.12545E-2 3.13343E-2 3.26422E-2 3.30486E-2 3.33949E-2 3.38406E-2 3.4614E-2 3.5509E-2 3.63947E-2 3.79513E-2 4.05478E-2 4.23674E-2 4.34061E-2 4.32387E-2 4.42687E-2 4.31017E-2 4.54929E-2 4.57843E-2 4.70479E-2 4.80201E-2 4.52263E-2 4.561E-2 4.37215E-2 4.28648E-2 4.12681E-2 4.34259E-2 4.26754E-2 4.3332E-2 4.31331E-2 4.43575E-2 4.48502E-2 4.55835E-2 4.71E-2 4.77772E-2 4.90887E-2 5.40881E-2 5.18867E-2 5.35654E-2 5.13039E-2 5.19018E-2 5.50213E-2 5.67404E-2 5.88039E-2 6.15893E-2
