maxent_outputs/red_flowers_troch_bombus_environ/red_219.asc
ncols         426
nrows         180
xllcorner     -130.0
yllcorner     24.0
cellsize      0.16666666666666666
NODATA_value  -9999
[rows 54 to 80 of 180, columns 122 to 182 of 426]
3.73258E-1 3.77425E-1 2.43809E-1 1.99403E-1 2.10924E-1 1.86686E-1 1.69484E-1 1.73696E-1 1.92074E-1 2.43808E-1 3.19879E-1 3.43823E-1 3.31619E-1 2.84947E-1 2.14499E-1 1.9522E-1 1.76394E-1 1.88002E-1 2.01046E-1 1.93708E-1 1.89601E-1 1.82324E-1 1.73195E-1 1.7346E-1 1.74287E-1 1.74381E-1 1.7176E-1 1.72949E-1 1.73724E-1 1.73124E-1 1.83627E-1 1.88233E-1 1.88974E-1 1.83991E-1 1.8887E-1 2.05823E-1 2.39006E-1 2.54095E-1 2.2082E-1 1.75559E-1 1.54014E-1 1.41424E-1 1.38036E-1 1.3901E-1 1.38566E-1 1.38056E-1 1.35578E-1 1.37307E-1 1.36834E-1 1.38666E-1 1.41435E-1 1.41871E-1 1.41763E-1 1.45203E-1 1.43957E-1 1.56012E-1 1.38681E-1 1.39681E-1 1.337E-1 1.3089E-1 1.29124E-1
3.81899E-1 3.24195E-1 2.5424E-1 2.36321E-1 2.11358E-1 1.90603E-1 1.75909E-1 1.77565E-1 1.91973E-1 2.0514E-1 2.73843E-1 3.42942E-1 3.68524E-1 3.70876E-1 2.98913E-1 2.05496E-1 1.85924E-1 1.87462E-1 2.02228E-1 1.96407E-1 1.85041E-1 1.76635E-1 1.77774E-1 1.75104E-1 1.71709E-1 1.73374E-1 1.7356E-1 1.72942E-1 1.77326E-1 1.88936E-1 1.87341E-1 1.98804E-1 1.97774E-1 1.88212E-1 1.9356E-1 2.20026E-1 2.66306E-1 3.33631E-1 2.52956E-1 1.96146E-1 1.66498E-1 1.55878E-1 1.47884E-1 1.41751E-1 1.39768E-1 1.38963E-1 1.39917E-1 1.40855E-1 1.38125E-1 1.40492E-1 1.4221E-1 1.46814E-1 1.54334E-1 1.65789E-1 1.74889E-1 1.45154E-1 1.43381E-1 1.39996E-1 1.34252E-1 1.31476E-1 1.32715E-1
4.23031E-1 3.56701E-1 2.84299E-1 2.32491E-1 2.11819E-1 2.04257E-1 1.84546E-1 1.77945E-1 1.7016E-1 1.78023E-1 1.94601E-1 2.44237E-1 3.17803E-1 3.51814E-1 3.67862E-1 2.97903E-1 2.57434E-1 2.01633E-1 1.94291E-1 1.91347E-1 1.91353E-1 1.83593E-1 1.8047E-1 1.79824E-1 1.77774E-1 1.80719E-1 1.72812E-1 1.74308E-1 1.71928E-1 1.75023E-1 1.91467E-1 2.16686E-1 1.9763E-1 1.92735E-1 1.94335E-1 2.0451E-1 2.44994E-1 2.81908E-1 2.42812E-1 2.01231E-1 1.75847E-1 1.59906E-1 1.57768E-1 1.54269E-1 1.53009E-1 1.50826E-1 1.48236E-1 1.49709E-1 1.45633E-1 1.46825E-1 1.5012E-1 1.48619E-1 1.49085E-1 1.5295E-1 1.74197E-1 1.49996E-1 1.41399E-1 1.40704E-1 1.35248E-1 1.34898E-1 1.34652E-1
3.62331E-1 2.90832E-1 2.57062E-1 2.32095E-1 2.10758E-1 1.9756E-1 1.93111E-1 1.79082E-1 1.68079E-1 1.63376E-1 1.7187E-1 2.14956E-1 2.71268E-1 3.2524E-1 3.64617E-1 3.75057E-1 2.92366E-1 2.04059E-1 1.9466E-1 1.89525E-1 1.83694E-1 1.84207E-1 1.82026E-1 1.79949E-1 1.82396E-1 1.7766E-1 1.81291E-1 1.72125E-1 1.68869E-1 1.72444E-1 1.87119E-1 1.91131E-1 1.85034E-1 2.24946E-1 2.33517E-1 2.31526E-1 2.22067E-1 2.02743E-1 2.05832E-1 1.98177E-1 1.81459E-1 1.63326E-1 1.60013E-1 1.59402E-1 1.56794E-1 1.60408E-1 1.55273E-1 1.50086E-1 1.47201E-1 1.49129E-1 1.50249E-1 1.4549E-1 1.46115E-1 1.48573E-1 1.56684E-1 1.55859E-1 1.46128E-1 1.42648E-1 1.3792E-1 1.38138E-1 1.37671E-1
3.83629E-1 3.43778E-1 3.48693E-1 2.12152E-1 1.87362E-1 1.91241E-1 1.92502E-1 1.85708E-1 1.80356E-1 1.67942E-1 1.65186E-1 1.7801E-1 2.11189E-1 2.60586E-1 3.23153E-1 3.54344E-1 2.98439E-1 2.16283E-1 1.90514E-1 1.83978E-1 1.85409E-1 1.77716E-1 1.78242E-1 1.79926E-1 1.82592E-1 1.79768E-1 1.80985E-1 1.71849E-1 1.71566E-1 1.64289E-1 1.67921E-1 1.73489E-1 1.91852E-1 2.05753E-1 2.17011E-1 2.21613E-1 2.16544E-1 1.96921E-1 1.80928E-1 1.83475E-1 1.8077E-1 1.7306E-1 1.6643E-1 1.59668E-1 1.64994E-1 1.57777E-1 1.56489E-1 1.52277E-1 1.48655E-1 1.4828E-1 1.46556E-1 1.48836E-1 1.4997E-1 1.50276E-1 1.50434E-1 1.50415E-1 1.50738E-1 1.51946E-1 1.49172E-1 1.46102E-1 1.43044E-1
3.90889E-1 3.81582E-1 2.81086E-1 1.96354E-1 1.90089E-1 1.90948E-1 1.91563E-1 1.81036E-1 1.66246E-1 1.66476E-1 1.6333E-1 1.73879E-1 1.84306E-1 2.05103E-1 2.67923E-1 2.98068E-1 2.85744E-1 1.99002E-1 1.82643E-1 1.81257E-1 1.81802E-1 1.83517E-1 1.79272E-1 1.80901E-1 1.79557E-1 1.78522E-1 1.79384E-1 1.73175E-1 1.71323E-1 1.69764E-1 1.67238E-1 1.78684E-1 1.88348E-1 1.93505E-1 2.04201E-1 2.10254E-1 2.09123E-1 1.9674E-1 1.75017E-1 1.77652E-1 1.79898E-1 1.73359E-1 1.66359E-1 1.63386E-1 1.5962E-1 1.56998E-1 1.55919E-1 1.52878E-1 1.47909E-1 1.4735E-1 1.49887E-1 1.51356E-1 1.54737E-1 1.5326E-1 1.54427E-1 1.50745E-1 1.51718E-1 1.49604E-1 1.50669E-1 1.49429E-1 1.55416E-1
4.21999E-1 4.16528E-1 3.95164E-1 2.67569E-1 2.09986E-1 1.93449E-1 1.91352E-1 1.87412E-1 1.8447E-1 1.68896E-1 1.64173E-1 1.76494E-1 1.9451E-1 1.83803E-1 2.16063E-1 2.51115E-1 2.67529E-1 2.05606E-1 1.91567E-1 1.8464E-1 1.84973E-1 1.89361E-1 1.92348E-1 1.85701E-1 1.79245E-1 1.80032E-1 1.77059E-1 1.80419E-1 1.70208E-1 1.70186E-1 1.69377E-1 1.72569E-1 1.95787E-1 2.02753E-1 1.86053E-1 1.97548E-1 2.03703E-1 2.02879E-1 1.74371E-1 1.69557E-1 1.67982E-1 1.62881E-1 1.6307E-1 1.63218E-1 1.66093E-1 1.54719E-1 1.53594E-1 1.52529E-1 1.51772E-1 1.53699E-1 1.53762E-1 1.52424E-1 1.53505E-1 1.56115E-1 1.59145E-1 1.56484E-1 1.56542E-1 1.50952E-1 1.45727E-1 1.45252E-1 1.42379E-1
3.38358E-1 3.46615E-1 3.78238E-1 3.37349E-1 2.142E-1 1.87151E-1 1.83846E-1 1.80042E-1 1.7015E-1 1.70107E-1 1.7456E-1 1.79394E-1 1.94644E-1 1.89972E-1 2.08855E-1 2.45124E-1 2.32427E-1 2.01101E-1 1.86428E-1 1.85922E-1 1.90663E-1 1.92764E-1 1.91857E-1 1.9014E-1 1.83408E-1 1.79875E-1 1.82045E-1 1.746E-1 1.66451E-1 1.63512E-1 1.66085E-1 1.64676E-1 1.69649E-1 1.85036E-1 1.8225E-1 1.91972E-1 1.89876E-1 1.90331E-1 1.71452E-1 1.62668E-1 1.63301E-1 1.59464E-1 1.63177E-1 1.59824E-1 1.58791E-1 1.58393E-1 1.62178E-1 1.55614E-1 1.50793E-1 1.50947E-1 1.50983E-1 1.48826E-1 1.4961E-1 1.54482E-1 1.60054E-1 1.57198E-1 1.51687E-1 1.51149E-1 1.51998E-1 1.53402E-1 1.52209E-1
2.43463E-1 2.25098E-1 2.91011E-1 2.48864E-1 2.11463E-1 2.21071E-1 2.10721E-1 1.91982E-1 1.90752E-1 2.01843E-1 2.04745E-1 2.04862E-1 2.08023E-1 2.15819E-1 2.31814E-1 2.5368E-1 2.17238E-1 2.01319E-1 1.94754E-1 1.99717E-1 1.97617E-1 1.99994E-1 1.93841E-1 1.8591E-1 1.86332E-1 1.81182E-1 1.81982E-1 1.81009E-1 1.65258E-1 1.62159E-1 1.62695E-1 1.6938E-1 1.65431E-1 1.71551E-1 1.74247E-1 1.77505E-1 1.83773E-1 1.82844E-1 1.68751E-1 1.6506E-1 1.6084E-1 1.62844E-1 1.59538E-1 1.54527E-1 1.59154E-1 1.61472E-1 1.65815E-1 1.60655E-1 1.57951E-1 1.53097E-1 1.5278E-1 1.50906E-1 1.5016E-1 1.58038E-1 1.61536E-1 1.57733E-1 1.5707E-1 1.56352E-1 1.55478E-1 1.59084E-1 1.56741E-1
3.57134E-1 2.41779E-1 2.35182E-1 2.2692E-1 2.11519E-1 1.8459E-1 1.7748E-1 1.83456E-1 1.93543E-1 2.07221E-1 2.16517E-1 1.88776E-1 1.98343E-1 2.22071E-1 2.52884E-1 2.41851E-1 2.18874E-1 2.05861E-1 1.96518E-1 1.98388E-1 1.94003E-1 2.037E-1 1.94149E-1 1.90779E-1 1.94452E-1 1.86794E-1 1.83348E-1 1.7655E-1 1.75798E-1 1.74062E-1 1.70299E-1 1.64722E-1 1.6091E-1 1.64063E-1 1.66473E-1 1.7477E-1 1.78385E-1 1.78386E-1 1.66615E-1 1.63315E-1 1.60008E-1 1.51579E-1 1.49938E-1 1.5756E-1 1.59345E-1 1.58569E-1 1.58375E-1 1.54524E-1 1.53258E-1 1.51199E-1 1.52434E-1 1.52399E-1 1.53613E-1 1.61565E-1 1.56858E-1 1.61052E-1 1.59657E-1 1.60627E-1 1.62499E-1 1.59072E-1 1.59787E-1
4.62043E-1 3.60994E-1 2.26385E-1 2.08803E-1 1.90367E-1 1.76125E-1 1.72096E-1 1.62069E-1 1.61872E-1 1.67493E-1 1.74072E-1 1.83316E-1 1.84936E-1 1.9826E-1 2.11704E-1 2.14756E-1 2.08492E-1 2.0699E-1 2.04187E-1 2.04174E-1 2.04424E-1 2.05481E-1 2.05394E-1 2.03103E-1 2.01527E-1 1.95282E-1 1.8401E-1 1.81174E-1 1.80336E-1 1.76019E-1 1.71912E-1 1.64351E-1 1.68471E-1 1.70418E-1 1.64915E-1 1.68176E-1 1.67051E-1 1.67728E-1 1.64479E-1 1.65167E-1 1.57293E-1 1.54098E-1 1.60839E-1 1.58639E-1 1.52696E-1 1.53816E-1 1.52854E-1 1.57306E-1 1.48114E-1 1.44324E-1 1.51814E-1 1.5403E-1 1.58549E-1 1.53389E-1 1.52959E-1 1.51835E-1 1.58532E-1 1.58186E-1 1.6042E-1 1.62461E-1 1.62059E-1
4.85709E-1 3.89727E-1 3.54751E-1 2.16537E-1 1.84404E-1 1.70083E-1 1.6409E-1 1.6262E-1 1.6341E-1 1.6891E-1 1.76829E-1 1.8589E-1 2.012E-1 2.05401E-1 2.06666E-1 2.04009E-1 2.02143E-1 2.04296E-1 2.02071E-1 2.09577E-1 2.05627E-1 2.0444E-1 2.06268E-1 2.03894E-1 2.08781E-1 2.08287E-1 1.9869E-1 1.91156E-1 1.82502E-1 1.79669E-1 1.75235E-1 1.76042E-1 1.75589E-1 1.75498E-1 1.72292E-1 1.66841E-1 1.61805E-1 1.69864E-1 1.68638E-1 1.71466E-1 1.64758E-1 1.62072E-1 1.58788E-1 1.56305E-1 1.52984E-1 1.52991E-1 1.51949E-1 1.54156E-1 1.55616E-1 1.53512E-1 1.52326E-1 1.53453E-1 1.48814E-1 1.48419E-1 1.48488E-1 1.54E-1 1.57081E-1 1.57781E-1 1.56748E-1 1.59419E-1 1.61983E-1
3.08463E-1 4.02416E-1 4.10184E-1 3.4309E-1 2.06292E-1 1.69742E-1 1.63516E-1 1.63956E-1 1.70977E-1 1.86316E-1 1.92077E-1 2.03252E-1 2.13772E-1 2.20499E-1 2.10807E-1 2.04035E-1 2.05489E-1 2.05502E-1 2.15597E-1 2.19105E-1 2.23717E-1 2.08382E-1 2.07268E-1 2.07463E-1 1.99214E-1 2.01209E-1 1.96905E-1 1.95473E-1 1.91621E-1 1.89287E-1 1.91958E-1 1.86195E-1 1.81363E-1 1.78701E-1 1.71427E-1 1.64518E-1 1.66326E-1 1.73317E-1 1.72171E-1 1.65085E-1 1.62559E-1 1.63949E-1 1.62454E-1 1.59176E-1 1.56257E-1 1.54347E-1 1.55457E-1 1.53805E-1 1.54631E-1 1.54845E-1 1.53678E-1 1.55288E-1 1.53936E-1 1.49725E-1 1.53071E-1 1.55525E-1 1.56379E-1 1.61944E-1 1.61045E-1 1.60032E-1 1.63614E-1
1.87943E-1 2.94774E-1 3.74204E-1 3.99468E-1 3.47703E-1 2.18034E-1 1.80259E-1 1.8391E-1 1.90974E-1 2.05218E-1 2.00937E-1 2.07963E-1 2.03621E-1 2.11303E-1 2.20259E-1 2.12345E-1 2.09423E-1 2.13104E-1 2.14872E-1 2.34777E-1 2.53733E-1 2.28631E-1 2.29129E-1 2.20648E-1 2.09384E-1 2.00179E-1 1.89106E-1 1.85662E-1 1.82717E-1 1.8336E-1 1.99976E-1 1.9167E-1 1.7845E-1 1.69993E-1 1.69535E-1 1.73653E-1 1.77682E-1 1.82501E-1 1.82269E-1 1.82669E-1 1.78777E-1 1.68071E-1 1.57938E-1 1.56386E-1 1.55459E-1 1.55018E-1 1.53822E-1 1.54718E-1 1.60302E-1 1.61044E-1 1.59591E-1 1.53779E-1 1.54704E-1 1.53594E-1 1.52047E-1 1.55432E-1 1.60756E-1 1.61937E-1 1.66854E-1 1.6562E-1 1.65304E-1
1.74687E-1 1.84556E-1 2.6446E-1 3.26267E-1 3.69844E-1 2.95762E-1 2.31781E-1 2.11676E-1 1.99664E-1 1.93819E-1 2.04575E-1 2.0056E-1 2.04049E-1 2.0592E-1 2.09159E-1 2.02388E-1 1.98803E-1 2.15393E-1 2.1507E-1 2.23027E-1 2.38821E-1 2.46566E-1 2.59176E-1 2.34526E-1 2.23631E-1 2.06188E-1 1.9466E-1 1.89904E-1 1.8329E-1 1.85666E-1 1.98784E-1 1.93087E-1 1.75026E-1 1.66547E-1 1.57287E-1 1.6457E-1 1.73655E-1 1.82301E-1 1.81166E-1 1.73764E-1 1.70681E-1 1.60651E-1 1.56937E-1 1.59514E-1 1.59523E-1 1.59085E-1 1.57872E-1 1.62772E-1 1.63158E-1 1.63086E-1 1.62808E-1 1.61023E-1 1.61821E-1 1.53188E-1 1.52363E-1 1.58245E-1 1.58339E-1 1.64492E-1 1.64689E-1 1.64703E-1 1.61054E-1
1.65451E-1 1.68878E-1 1.8196E-1 2.04823E-1 2.23861E-1 2.27836E-1 2.34331E-1 2.25273E-1 2.04429E-1 2.13397E-1 2.21408E-1 2.29421E-1 2.19158E-1 2.11079E-1 2.14326E-1 2.10357E-1 2.17471E-1 2.30475E-1 2.34889E-1 2.40194E-1 2.17696E-1 2.04466E-1 2.35637E-1 2.54444E-1 2.53474E-1 2.23789E-1 2.09441E-1 1.9568E-1 1.91401E-1 1.89802E-1 1.89285E-1 1.77925E-1 1.72085E-1 1.67197E-1 1.64242E-1 1.63915E-1 1.67579E-1 1.7071E-1 1.71621E-1 1.68096E-1 1.69693E-1 1.59053E-1 1.5984E-1 1.58093E-1 1.61546E-1 1.62152E-1 1.60268E-1 1.63684E-1 1.62826E-1 1.64834E-1 1.64574E-1 1.63119E-1 1.61898E-1 1.5512E-1 1.57541E-1 1.54771E-1 1.59048E-1 1.64305E-1 1.6607E-1 1.6506E-1 1.60393E-1
1.61023E-1 1.6736E-1 1.66593E-1 1.86789E-1 2.15645E-1 2.37126E-1 2.25626E-1 2.08419E-1 2.06939E-1 1.9481E-1 1.85497E-1 1.94389E-1 2.33771E-1 2.20977E-1 2.43706E-1 2.27519E-1 2.34587E-1 2.41239E-1 2.69592E-1 2.58055E-1 2.34507E-1 2.17094E-1 2.03598E-1 2.18038E-1 2.35678E-1 2.38378E-1 2.15583E-1 2.05431E-1 1.92625E-1 1.95917E-1 1.93697E-1 1.91306E-1 1.79278E-1 1.75625E-1 1.70577E-1 1.74232E-1 1.73234E-1 1.72081E-1 1.69173E-1 1.72294E-1 1.72457E-1 1.65058E-1 1.60574E-1 1.5929E-1 1.59283E-1 1.60484E-1 1.57799E-1 1.59851E-1 1.6456E-1 1.68641E-1 1.70462E-1 1.64814E-1 1.64581E-1 1.60031E-1 1.59765E-1 1.54393E-1 1.56167E-1 1.59836E-1 1.64858E-1 1.64771E-1 1.62977E-1
1.75276E-1 1.77282E-1 1.85748E-1 2.22676E-1 2.29545E-1 2.22878E-1 1.99947E-1 1.90284E-1 1.85842E-1 1.87542E-1 1.89597E-1 1.97274E-1 2.08559E-1 2.09726E-1 2.11273E-1 2.29365E-1 2.31569E-1 2.34914E-1 2.6825E-1 2.58867E-1 2.57792E-1 2.33538E-1 2.19912E-1 2.10069E-1 2.22582E-1 2.2799E-1 2.22593E-1 2.04448E-1 2.0082E-1 2.05303E-1 2.04511E-1 1.91738E-1 1.80259E-1 1.78349E-1 1.7741E-1 1.74897E-1 1.80473E-1 1.79035E-1 1.73555E-1 1.69601E-1 1.67764E-1 1.67721E-1 1.62265E-1 1.58621E-1 1.58114E-1 1.64393E-1 1.65307E-1 1.65074E-1 1.78046E-1 1.84303E-1 1.8065E-1 1.74181E-1 1.66334E-1 1.60438E-1 1.61329E-1 1.62285E-1 1.5764E-1 1.57365E-1 1.62055E-1 1.62656E-1 1.5977E-1
1.84019E-1 1.87127E-1 2.04898E-1 2.18366E-1 2.28463E-1 2.1075E-1 2.00347E-1 1.94409E-1 1.9249E-1 1.9078E-1 1.97976E-1 2.07015E-1 2.15818E-1 2.28487E-1 2.44809E-1 2.4761E-1 2.38553E-1 2.38804E-1 2.5189E-1 2.55368E-1 2.57154E-1 2.47418E-1 2.28931E-1 2.1474E-1 2.21142E-1 2.28489E-1 2.28189E-1 2.1393E-1 2.16599E-1 2.1209E-1 2.04534E-1 1.90227E-1 1.81196E-1 1.81414E-1 1.81294E-1 1.81361E-1 1.82255E-1 1.82383E-1 1.83118E-1 1.78239E-1 1.72041E-1 1.6771E-1 1.60897E-1 1.58529E-1 1.64199E-1 1.73129E-1 1.86465E-1 1.91062E-1 2.04859E-1 2.07289E-1 1.96378E-1 1.81425E-1 1.66697E-1 1.6479E-1 1.65302E-1 1.69238E-1 1.66643E-1 1.60973E-1 1.60609E-1 1.58395E-1 1.57292E-1
1.87422E-1 1.89229E-1 2.08278E-1 2.17089E-1 2.27907E-1 2.2134E-1 2.16497E-1 1.98794E-1 2.03144E-1 1.89418E-1 1.96601E-1 2.19102E-1 2.2378E-1 2.30077E-1 2.54578E-1 2.48329E-1 2.40564E-1 2.3816E-1 2.74619E-1 2.93525E-1 2.93138E-1 2.7293E-1 2.43258E-1 2.22773E-1 2.1888E-1 2.29539E-1 2.24441E-1 2.27574E-1 2.30445E-1 2.21729E-1 2.07787E-1 1.97708E-1 1.98634E-1 1.98187E-1 1.89017E-1 1.99649E-1 2.01055E-1 1.87218E-1 1.77673E-1 1.76166E-1 1.76698E-1 1.69892E-1 1.60896E-1 1.58233E-1 1.69597E-1 1.9186E-1 2.22363E-1 2.5583E-1 2.64944E-1 2.34051E-1 2.03129E-1 1.78814E-1 1.62699E-1 1.60775E-1 1.61208E-1 1.65246E-1 1.68045E-1 1.59908E-1 1.59574E-1 1.59901E-1 1.58951E-1
1.94343E-1 2.04996E-1 2.13196E-1 2.12289E-1 2.18886E-1 2.22191E-1 2.14887E-1 2.10813E-1 2.1468E-1 2.03612E-1 1.96382E-1 2.15933E-1 2.32157E-1 2.72782E-1 2.62708E-1 2.56452E-1 2.44909E-1 2.32616E-1 3.15954E-1 3.13821E-1 3.53095E-1 2.98632E-1 2.49717E-1 2.23374E-1 2.1716E-1 2.30338E-1 2.38971E-1 2.37644E-1 2.28454E-1 2.17247E-1 2.13342E-1 2.05071E-1 2.03213E-1 1.9872E-1 1.94457E-1 1.93123E-1 1.9214E-1 1.90488E-1 1.87308E-1 1.78243E-1 1.7004E-1 1.66433E-1 1.66453E-1 1.67397E-1 1.78577E-1 2.05873E-1 2.49194E-1 3.0083E-1 2.98442E-1 2.43607E-1 1.98235E-1 1.7157E-1 1.54583E-1 1.55364E-1 1.60176E-1 1.58992E-1 1.59038E-1 1.57142E-1 1.54661E-1 1.56335E-1 1.57344E-1
1.94683E-1 2.08927E-1 2.18015E-1 2.42802E-1 2.26236E-1 2.23731E-1 2.3116E-1 2.14105E-1 2.15161E-1 2.11833E-1 2.09396E-1 2.18373E-1 2.3323E-1 2.74135E-1 2.85463E-1 2.86879E-1 2.55146E-1 2.42691E-1 3.19649E-1 4.1696E-1 4.39421E-1 3.55168E-1 2.71813E-1 2.28542E-1 2.11233E-1 2.32509E-1 2.37833E-1 2.29144E-1 2.26741E-1 2.1705E-1 2.07228E-1 2.10652E-1 2.05672E-1 1.98097E-1 1.89878E-1 1.83351E-1 1.82964E-1 1.83453E-1 1.7972E-1 1.78843E-1 1.77822E-1 1.73729E-1 1.73001E-1 1.72929E-1 1.84266E-1 2.0017E-1 2.3084E-1 2.65535E-1 2.63411E-1 2.21515E-1 1.90014E-1 1.69402E-1 1.58935E-1 1.56792E-1 1.54194E-1 1.54097E-1 1.54947E-1 1.56561E-1 1.56433E-1 1.54509E-1 1.57018E-1
2.12392E-1 2.11859E-1 2.3143E-1 2.41706E-1 2.31964E-1 2.27087E-1 2.38096E-1 2.22472E-1 2.14658E-1 2.11316E-1 2.32032E-1 2.32444E-1 2.48514E-1 2.71308E-1 3.12519E-1 4.53638E-1 3.58209E-1 2.73838E-1 2.94513E-1 3.97553E-1 4.43067E-1 3.47801E-1 2.98057E-1 2.4482E-1 2.17892E-1 2.42876E-1 2.36365E-1 2.24916E-1 2.21392E-1 2.14691E-1 2.07011E-1 2.03275E-1 1.96873E-1 1.89873E-1 1.84979E-1 1.81279E-1 1.76235E-1 1.73226E-1 1.71601E-1 1.70587E-1 1.73402E-1 1.7199E-1 1.72603E-1 1.76608E-1 1.78514E-1 1.8765E-1 1.9892E-1 2.06668E-1 1.9452E-1 1.85477E-1 1.7307E-1 1.66523E-1 1.58475E-1 1.6018E-1 1.57262E-1 1.54958E-1 1.53525E-1 1.54911E-1 1.54259E-1 1.53076E-1 1.52529E-1
2.27157E-1 2.25646E-1 2.43608E-1 2.46496E-1 2.56011E-1 2.2584E-1 2.26429E-1 2.26077E-1 2.28144E-1 2.32545E-1 2.23971E-1 2.35813E-1 2.45758E-1 2.68137E-1 3.24624E-1 3.96435E-1 4.70674E-1 4.63057E-1 3.98343E-1 3.58426E-1 4.35824E-1 3.81091E-1 3.09388E-1 2.66445E-1 2.47844E-1 2.37032E-1 2.35288E-1 2.34738E-1 2.30602E-1 2.18364E-1 2.09941E-1 1.964E-1 1.91716E-1 1.80891E-1 1.81956E-1 1.76265E-1 1.76528E-1 1.73492E-1 1.74982E-1 1.69888E-1 1.71615E-1 1.77292E-1 1.77699E-1 1.74196E-1 1.718E-1 1.72794E-1 1.71412E-1 1.6749E-1 1.67628E-1 1.64473E-1 1.59651E-1 1.64656E-1 1.61249E-1 1.66745E-1 1.65036E-1 1.58391E-1 1.55369E-1 1.53446E-1 1.54215E-1 1.52791E-1 1.5189E-1
2.62941E-1 2.52418E-1 2.41496E-1 2.50666E-1 2.66864E-1 2.38225E-1 2.26706E-1 2.33225E-1 2.32117E-1 2.26655E-1 2.47305E-1 2.57131E-1 2.64433E-1 3.52953E-1 3.57879E-1 3.97519E-1 4.66775E-1 5.15674E-1 5.08434E-1 4.19454E-1 4.09298E-1 4.37932E-1 3.47546E-1 3.66697E-1 3.19326E-1 2.67502E-1 2.53908E-1 2.46653E-1 2.24742E-1 2.17134E-1 2.08106E-1 1.89435E-1 1.78549E-1 1.8017E-1 1.80198E-1 1.78693E-1 1.78216E-1 1.69866E-1 1.74083E-1 1.74065E-1 1.77198E-1 1.75129E-1 1.7794E-1 1.76361E-1 1.69799E-1 1.68517E-1 1.67794E-1 1.68774E-1 1.71256E-1 1.67919E-1 1.6004E-1 1.64523E-1 1.61939E-1 1.64106E-1 1.74085E-1 1.72416E-1 1.64123E-1 1.54574E-1 1.53042E-1 1.54316E-1 1.50074E-1
3.39833E-1 2.68732E-1 2.44826E-1 2.67543E-1 2.41667E-1 2.39127E-1 2.42611E-1 2.11334E-1 2.25547E-1 2.40495E-1 2.67792E-1 2.81E-1 2.83935E-1 4.12479E-1 4.57905E-1 4.74E-1 4.40959E-1 4.89273E-1 5.1833E-1 4.33742E-1 4.03004E-1 3.89567E-1 4.63328E-1 4.25271E-1 3.31758E-1 2.88431E-1 2.51637E-1 2.25329E-1 2.09924E-1 1.99874E-1 1.9573E-1 1.88933E-1 1.75616E-1 1.74112E-1 1.71692E-1 1.67993E-1 1.64157E-1 1.63391E-1 1.65185E-1 1.68679E-1 1.75244E-1 1.75269E-1 1.71869E-1 1.7443E-1 1.69665E-1 1.64568E-1 1.65135E-1 1.71044E-1 1.72624E-1 1.65408E-1 1.63677E-1 1.65018E-1 1.66171E-1 1.66364E-1 1.6485E-1 1.6286E-1 1.63025E-1 1.61389E-1 1.57913E-1 1.55259E-1 1.53241E-1
2.43323E-1 2.10515E-1 2.166E-1 2.40982E-1 2.74082E-1 2.59116E-1 2.50439E-1 2.31253E-1 2.29506E-1 2.35207E-1 2.599E-1 2.75427E-1 2.82671E-1 2.8765E-1 3.30449E-1 4.01839E-1 3.65144E-1 5.13864E-1 5.0107E-1 4.24871E-1 3.99157E-1 3.99279E-1 4.838E-1 4.71907E-1 4.20837E-1 3.54882E-1 2.77553E-1 2.1491E-1 2.00722E-1 1.97014E-1 1.92026E-1 1.82702E-1 1.77964E-1 1.70645E-1 1.66877E-1 1.63181E-1 1.6396E-1 1.63012E-1 1.63253E-1 1.69261E-1 1.73004E-1 1.7289E-1 1.71439E-1 1.72684E-1 1.71949E-1 1.68189E-1 1.65201E-1 1.69798E-1 1.72787E-1 1.70875E-1 1.64922E-1 1.67206E-1 1.65489E-1 1.71449E-1 1.66009E-1 1.59332E-1 1.55391E-1 1.54876E-1 1.61906E-1 1.59821E-1 1.56737E-1
