maxent_outputs/red_flowers_troch_bombus_environ/red_146.asc
ncols         426
nrows         180
xllcorner     -130.0
yllcorner     24.0
cellsize      0.16666666666666666
NODATA_value  -9999
[rows 27 to 53 of 180, columns 244 to 304 of 426]
3.82481E-1 3.87836E-1 4.2574E-1 4.74782E-1 5.17212E-1 5.5435E-1 5.38332E-1 4.73055E-1 4.5423E-1 4.44549E-1 4.31383E-1 4.44012E-1 4.43422E-1 4.34994E-1 4.87252E-1 4.27051E-1 4.19658E-1 4.16206E-1 4.18284E-1 4.08582E-1 3.94535E-1 3.96618E-1 4.04329E-1 3.99982E-1 4.0005E-1 4.23958E-1 4.1084E-1 4.04816E-1 4.04816E-1 4.0065E-1 4.0167E-1 4.06396E-1 4.07927E-1 4.10357E-1 4.17439E-1 4.14214E-1 4.08383E-1 4.1256E-1 4.1414E-1 4.12199E-1 4.1804E-1 4.17574E-1 4.08036E-1 3.97392E-1 3.80844E-1 3.73455E-1 3.74477E-1 3.80021E-1 3.94172E-1 4.02208E-1 3.9583E-1 4.0591E-1 4.13656E-1 4.12816E-1 4.13022E-1 4.10346E-1 3.98233E-1 3.92671E-1 3.90629E-1 3.8659E-1 3.83934E-1
3.92397E-1 4.10001E-1 4.31449E-1 4.26074E-1 4.32429E-1 4.65422E-1 4.64718E-1 4.60183E-1 4.58916E-1 4.44145E-1 4.21922E-1 4.49978E-1 4.32855E-1 4.45111E-1 4.20126E-1 4.09644E-1 4.21324E-1 4.41288E-1 4.2973E-1 4.19704E-1 4.09148E-1 3.84499E-1 3.97121E-1 4.14226E-1 4.19643E-1 4.1919E-1 4.11476E-1 4.10291E-1 4.13521E-1 4.07664E-1 4.05875E-1 4.14327E-1 4.05042E-1 4.11618E-1 4.14448E-1 4.15467E-1 4.18812E-1 4.15393E-1 4.05522E-1 4.06784E-1 4.16708E-1 4.11412E-1 4.04952E-1 4.02041E-1 3.97134E-1 3.95976E-1 3.93828E-1 3.92883E-1 4.12854E-1 4.00171E-1 3.98179E-1 4.02784E-1 4.09223E-1 4.00883E-1 4.06455E-1 4.0673E-1 3.92977E-1 3.90919E-1 4.02159E-1 3.86346E-1 3.93359E-1
3.96571E-1 4.15251E-1 4.34615E-1 4.38455E-1 4.40136E-1 4.53746E-1 4.88064E-1 4.7905E-1 4.58885E-1 4.56073E-1 4.70812E-1 4.71491E-1 4.44595E-1 4.46209E-1 4.07759E-1 4.13129E-1 4.53638E-1 4.70207E-1 4.58911E-1 4.42692E-1 4.01951E-1 4.03129E-1 4.09558E-1 4.3385E-1 4.40874E-1 4.3455E-1 4.23873E-1 4.25368E-1 4.18667E-1 4.21496E-1 4.22767E-1 4.18386E-1 4.17793E-1 4.16708E-1 4.13781E-1 4.24916E-1 4.26722E-1 4.34321E-1 4.28273E-1 4.24852E-1 4.33037E-1 4.12449E-1 4.04446E-1 4.04074E-1 4.02952E-1 4.11846E-1 4.09054E-1 4.07751E-1 4.05558E-1 3.9962E-1 4.00559E-1 4.01604E-1 3.9982E-1 4.08446E-1 4.13534E-1 4.11432E-1 4.04578E-1 4.05455E-1 4.12496E-1 3.91939E-1 3.93562E-1
4.03264E-1 4.09554E-1 4.39441E-1 4.55565E-1 4.56642E-1 4.68708E-1 5.17437E-1 5.70076E-1 5.61824E-1 5.85678E-1 5.63194E-1 5.1931E-1 4.88121E-1 4.75368E-1 4.84506E-1 4.53271E-1 4.6049E-1 4.81909E-1 4.78466E-1 4.71218E-1 4.46212E-1 4.44064E-1 4.44963E-1 4.3548E-1 4.34482E-1 4.20069E-1 4.32758E-1 4.33547E-1 4.24697E-1 4.53547E-1 4.2272E-1 4.21292E-1 4.20201E-1 4.14713E-1 4.21333E-1 4.41683E-1 4.26221E-1 4.19905E-1 4.24887E-1 4.25831E-1 4.21173E-1 4.21848E-1 4.09163E-1 4.01138E-1 4.07276E-1 4.16226E-1 4.15106E-1 4.16539E-1 4.08528E-1 4.07705E-1 4.0615E-1 4.06946E-1 4.03935E-1 4.07704E-1 4.11424E-1 4.48636E-1 4.44655E-1 4.19001E-1 4.16981E-1 3.993E-1 3.9421E-1
4.17241E-1 4.21328E-1 4.42811E-1 4.61299E-1 4.92163E-1 5.44306E-1 4.98225E-1 5.50833E-1 6.05624E-1 6.58389E-1 7.08731E-1 7.2178E-1 6.6745E-1 6.21667E-1 6.31E-1 6.32599E-1 6.03847E-1 5.96259E-1 5.10209E-1 4.68445E-1 4.48618E-1 4.65025E-1 4.7779E-1 4.33949E-1 4.27261E-1 4.38676E-1 4.38337E-1 4.42614E-1 4.24258E-1 4.32317E-1 4.29024E-1 4.35057E-1 4.29731E-1 4.20598E-1 4.29559E-1 4.34264E-1 4.33215E-1 4.21249E-1 4.19851E-1 4.21617E-1 4.04768E-1 4.08614E-1 4.11482E-1 4.16043E-1 4.11722E-1 4.07203E-1 4.19828E-1 4.26084E-1 4.21111E-1 4.20096E-1 4.19436E-1 4.14601E-1 4.15414E-1 4.19731E-1 4.25835E-1 4.56974E-1 4.66691E-1 4.38286E-1 4.5516E-1 4.15987E-1 4.09192E-1
4.44763E-1 4.74101E-1 5.40292E-1 5.44067E-1 5.79569E-1 5.96943E-1 6.98525E-1 7.66966E-1 7.9537E-1 8.04929E-1 8.00766E-1 8.01142E-1 7.93411E-1 7.79591E-1 7.67038E-1 7.6961E-1 7.6034E-1 7.53948E-1 6.11367E-1 4.82851E-1 4.67202E-1 4.52798E-1 4.44342E-1 4.40346E-1 4.39106E-1 4.52237E-1 4.37723E-1 4.26789E-1 4.46185E-1 4.29412E-1 4.37971E-1 4.15523E-1 4.21638E-1 4.25977E-1 4.28868E-1 4.25281E-1 4.25156E-1 4.22803E-1 4.21391E-1 4.19451E-1 4.15661E-1 4.03967E-1 4.10477E-1 4.10169E-1 4.18037E-1 4.23449E-1 4.35235E-1 4.36459E-1 4.27275E-1 4.20483E-1 4.32985E-1 4.24658E-1 4.14887E-1 4.14347E-1 4.15922E-1 4.12386E-1 4.38548E-1 4.46249E-1 4.59836E-1 4.45702E-1 4.33789E-1
5.01512E-1 6.5171E-1 6.70775E-1 6.21827E-1 6.95695E-1 7.6438E-1 7.96777E-1 7.97602E-1 8.01207E-1 8.00369E-1 7.99586E-1 8.03765E-1 8.00134E-1 7.86224E-1 7.83289E-1 7.88033E-1 7.79471E-1 7.69479E-1 7.15506E-1 5.2908E-1 4.85457E-1 4.74833E-1 4.56592E-1 4.52901E-1 4.55098E-1 4.55621E-1 4.37879E-1 4.43865E-1 4.39144E-1 4.42808E-1 4.53064E-1 4.44307E-1 4.40992E-1 4.64869E-1 4.52843E-1 4.3726E-1 4.37506E-1 4.20697E-1 4.26614E-1 4.15354E-1 4.0729E-1 4.03213E-1 4.12492E-1 4.15062E-1 4.26604E-1 4.34866E-1 4.28618E-1 4.29309E-1 4.2705E-1 4.35607E-1 4.43444E-1 4.34705E-1 4.29106E-1 4.29818E-1 4.21326E-1 4.18059E-1 4.36404E-1 4.33406E-1 4.42048E-1 4.48054E-1 4.61057E-1
6.01473E-1 6.77389E-1 7.42692E-1 7.72909E-1 7.81965E-1 7.75106E-1 7.91452E-1 7.94758E-1 7.9392E-1 7.97883E-1 8.0076E-1 8.04335E-1 7.97497E-1 7.95671E-1 7.89764E-1 7.93735E-1 7.90483E-1 7.84044E-1 7.62608E-1 5.96879E-1 5.01101E-1 4.86768E-1 4.72361E-1 4.5889E-1 4.51269E-1 4.5798E-1 4.53424E-1 4.60614E-1 4.52896E-1 4.45228E-1 4.67684E-1 4.70182E-1 4.48251E-1 4.3506E-1 4.3289E-1 4.31088E-1 4.42121E-1 4.25119E-1 4.17649E-1 4.20341E-1 4.20822E-1 4.11505E-1 4.19706E-1 4.19063E-1 4.24033E-1 4.31739E-1 4.23835E-1 4.26557E-1 4.2909E-1 4.37692E-1 4.35867E-1 4.32741E-1 4.45485E-1 4.37231E-1 4.45828E-1 4.38205E-1 4.39887E-1 4.40327E-1 4.5159E-1 4.69183E-1 4.57668E-1
7.46355E-1 7.69363E-1 7.18549E-1 6.86984E-1 6.80394E-1 7.4232E-1 7.75863E-1 7.888E-1 7.98161E-1 8.04409E-1 8.08711E-1 8.15861E-1 8.08994E-1 8.04594E-1 8.05378E-1 7.98633E-1 7.96489E-1 7.965E-1 7.8676E-1 7.35462E-1 6.12021E-1 5.21791E-1 4.98479E-1 4.98378E-1 4.80591E-1 4.81807E-1 4.93814E-1 4.72301E-1 4.7033E-1 4.81624E-1 4.67679E-1 4.62435E-1 4.59365E-1 4.42327E-1 4.44311E-1 4.51043E-1 4.5642E-1 4.46893E-1 4.25224E-1 4.34526E-1 4.40561E-1 4.37006E-1 4.51185E-1 4.291E-1 4.26494E-1 4.19225E-1 4.20515E-1 4.31533E-1 4.25645E-1 4.36747E-1 4.43315E-1 4.45783E-1 4.4745E-1 4.43508E-1 4.4635E-1 4.52143E-1 4.42863E-1 4.57651E-1 4.65501E-1 4.64993E-1 4.62693E-1
7.5053E-1 6.68095E-1 7.03741E-1 7.49761E-1 7.58492E-1 7.66159E-1 7.76071E-1 7.81871E-1 7.98571E-1 8.08088E-1 8.11671E-1 8.13459E-1 8.11616E-1 8.10182E-1 8.1409E-1 8.08191E-1 8.07953E-1 8.04012E-1 7.97001E-1 7.82141E-1 7.63105E-1 7.08065E-1 6.7294E-1 6.71551E-1 7.00325E-1 7.20158E-1 6.56977E-1 5.33475E-1 5.02415E-1 4.85549E-1 4.81198E-1 4.58833E-1 4.75301E-1 4.64283E-1 4.56595E-1 4.51572E-1 4.5644E-1 4.39527E-1 4.3431E-1 4.45329E-1 4.44887E-1 4.47713E-1 4.31051E-1 4.32113E-1 4.35701E-1 4.29363E-1 4.42824E-1 4.44294E-1 4.47852E-1 4.49823E-1 4.48707E-1 4.5079E-1 4.4157E-1 4.42142E-1 4.48276E-1 4.52365E-1 4.51092E-1 4.66475E-1 4.71603E-1 4.69597E-1 4.72938E-1
7.73656E-1 7.58664E-1 7.75057E-1 7.73019E-1 7.7147E-1 7.772E-1 7.76701E-1 7.89125E-1 8.00649E-1 8.01902E-1 8.02175E-1 8.06874E-1 8.13322E-1 8.12473E-1 8.1783E-1 8.1104E-1 8.0269E-1 8.06681E-1 8.01067E-1 7.91874E-1 7.23067E-1 6.60998E-1 7.0947E-1 7.68192E-1 7.60221E-1 7.63181E-1 6.17321E-1 5.44381E-1 5.17214E-1 5.07563E-1 5.11067E-1 4.99376E-1 4.78346E-1 4.60079E-1 4.6997E-1 4.46795E-1 4.35208E-1 4.27401E-1 4.50259E-1 4.6127E-1 4.56107E-1 4.4328E-1 4.62524E-1 4.73253E-1 4.4939E-1 4.38404E-1 4.46043E-1 4.48985E-1 4.4439E-1 4.54782E-1 4.54942E-1 4.49167E-1 4.46306E-1 4.44422E-1 4.54427E-1 4.55901E-1 4.51108E-1 4.60346E-1 4.74171E-1 4.62165E-1 4.76573E-1
7.71019E-1 7.75207E-1 7.70592E-1 7.7219E-1 7.7619E-1 7.78295E-1 7.77599E-1 7.63581E-1 7.52096E-1 7.68296E-1 7.83219E-1 7.92879E-1 8.02936E-1 8.08029E-1 8.0962E-1 8.09046E-1 8.05601E-1 8.05872E-1 8.0744E-1 7.97169E-1 7.8742E-1 7.76717E-1 7.76322E-1 7.78605E-1 7.70256E-1 7.74279E-1 6.23726E-1 5.73011E-1 5.36361E-1 5.29652E-1 5.16661E-1 5.17624E-1 4.98218E-1 4.87622E-1 4.83214E-1 4.5908E-1 4.59082E-1 4.56482E-1 4.54796E-1 4.60863E-1 4.68253E-1 4.55794E-1 4.59609E-1 4.52352E-1 4.55735E-1 4.51826E-1 4.45083E-1 4.4694E-1 4.4182E-1 4.45574E-1 4.6137E-1 4.60357E-1 4.55507E-1 4.62311E-1 4.71732E-1 4.70036E-1 4.66251E-1 4.7203E-1 4.95876E-1 4.8284E-1 4.91066E-1
7.71501E-1 7.74235E-1 7.58194E-1 7.55823E-1 7.55568E-1 7.31945E-1 6.63953E-1 6.40748E-1 6.59682E-1 6.74529E-1 7.24338E-1 7.53646E-1 7.83758E-1 7.9901E-1 8.03905E-1 8.08128E-1 8.06092E-1 8.07246E-1 8.04344E-1 7.99405E-1 7.94968E-1 7.85652E-1 7.90823E-1 7.97865E-1 7.95581E-1 7.85504E-1 7.78869E-1 7.03435E-1 5.96675E-1 5.43274E-1 5.23895E-1 5.23931E-1 5.15823E-1 5.15667E-1 5.03465E-1 4.94385E-1 4.84384E-1 4.90862E-1 4.97194E-1 5.03676E-1 5.0172E-1 4.77457E-1 4.56076E-1 4.61369E-1 4.62845E-1 4.55534E-1 4.48696E-1 4.35794E-1 4.28618E-1 4.45252E-1 4.5295E-1 4.75886E-1 4.74134E-1 4.77414E-1 4.85579E-1 4.92125E-1 5.00266E-1 5.03277E-1 5.36224E-1 4.95508E-1 4.87651E-1
7.69395E-1 7.61866E-1 7.44173E-1 7.17732E-1 6.48279E-1 5.77957E-1 6.17276E-1 6.72642E-1 7.07289E-1 7.1996E-1 7.1705E-1 7.26452E-1 7.43172E-1 7.71415E-1 7.94728E-1 8.02273E-1 8.02217E-1 8.00517E-1 7.96928E-1 7.9454E-1 7.98402E-1 8.00815E-1 8.0088E-1 8.00175E-1 7.9925E-1 7.98916E-1 7.94485E-1 7.54864E-1 6.31002E-1 5.46973E-1 5.49746E-1 5.33736E-1 5.31561E-1 5.2092E-1 5.18067E-1 5.15918E-1 5.13544E-1 5.11825E-1 5.08712E-1 5.11782E-1 5.17606E-1 4.97468E-1 4.9493E-1 4.77976E-1 4.75434E-1 4.56203E-1 4.68531E-1 4.44313E-1 4.51935E-1 4.65368E-1 4.654E-1 4.7178E-1 4.80592E-1 4.82563E-1 5.05549E-1 5.04068E-1 5.15412E-1 5.15656E-1 5.26438E-1 5.28965E-1 5.01528E-1
7.49678E-1 7.34921E-1 6.78924E-1 6.12417E-1 5.7709E-1 6.0043E-1 6.76551E-1 7.13414E-1 7.18242E-1 7.17896E-1 7.23432E-1 7.25427E-1 7.38644E-1 7.53899E-1 7.80478E-1 7.90693E-1 7.9098E-1 7.88799E-1 7.90122E-1 7.8806E-1 7.85351E-1 8.01135E-1 8.05132E-1 8.00795E-1 8.02608E-1 7.98357E-1 7.9851E-1 7.10423E-1 5.88943E-1 5.67109E-1 5.62782E-1 5.47807E-1 5.48396E-1 5.43146E-1 5.33949E-1 5.28604E-1 5.30004E-1 5.24502E-1 5.1565E-1 5.13236E-1 5.2517E-1 5.11891E-1 4.92865E-1 4.94942E-1 4.94086E-1 4.73133E-1 4.80634E-1 4.74005E-1 4.74989E-1 4.75933E-1 4.57406E-1 4.6473E-1 4.81308E-1 4.8543E-1 5.12232E-1 5.3864E-1 5.23456E-1 5.29796E-1 5.27556E-1 5.44088E-1 5.26265E-1
6.43976E-1 6.09798E-1 5.89007E-1 5.76832E-1 5.64951E-1 6.2218E-1 6.53099E-1 6.45161E-1 6.47284E-1 6.84873E-1 7.13975E-1 7.29668E-1 7.38476E-1 7.40666E-1 7.5711E-1 7.64923E-1 7.69661E-1 7.6834E-1 7.68618E-1 7.65207E-1 7.69848E-1 7.81842E-1 7.90407E-1 7.83985E-1 7.76923E-1 7.76444E-1 7.83444E-1 7.57175E-1 6.96081E-1 6.40558E-1 5.9546E-1 5.63103E-1 5.63595E-1 5.43832E-1 5.50995E-1 5.44838E-1 5.49648E-1 5.47528E-1 5.33725E-1 5.29429E-1 5.39557E-1 5.33764E-1 5.11778E-1 5.19022E-1 5.22249E-1 5.03545E-1 4.94318E-1 4.78042E-1 4.80299E-1 4.73026E-1 4.79191E-1 4.85737E-1 4.88782E-1 5.02957E-1 5.28009E-1 5.58592E-1 5.41424E-1 5.34059E-1 5.33289E-1 5.32554E-1 5.52501E-1
5.75539E-1 5.48176E-1 5.45348E-1 5.61852E-1 5.61791E-1 5.78172E-1 5.69688E-1 5.69527E-1 5.70804E-1 5.94393E-1 6.28587E-1 7.24913E-1 7.30428E-1 7.35596E-1 7.46736E-1 7.48505E-1 7.51768E-1 7.47357E-1 7.41052E-1 7.19453E-1 6.97782E-1 7.11019E-1 7.43502E-1 6.98327E-1 6.70256E-1 6.58724E-1 7.40135E-1 7.58116E-1 7.3607E-1 6.29951E-1 5.72209E-1 5.75026E-1 5.61395E-1 5.61776E-1 5.61245E-1 5.5201E-1 5.47689E-1 5.48316E-1 5.44849E-1 5.62585E-1 5.4652E-1 5.44371E-1 5.59227E-1 5.47871E-1 5.39097E-1 5.31309E-1 5.1137E-1 4.98577E-1 4.91643E-1 4.80356E-1 4.82976E-1 5.64498E-1 5.2592E-1 5.34192E-1 5.30146E-1 5.38858E-1 5.49339E-1 5.38934E-1 5.26683E-1 5.26127E-1 5.3041E-1
5.3936E-1 5.35425E-1 5.22457E-1 5.35555E-1 5.26473E-1 5.28133E-1 5.31124E-1 5.39614E-1 5.41411E-1 5.54528E-1 5.76353E-1 6.35699E-1 7.1762E-1 7.05531E-1 7.18138E-1 7.28714E-1 7.25196E-1 6.98134E-1 6.37604E-1 6.05471E-1 6.02809E-1 5.97352E-1 5.8791E-1 5.87372E-1 5.87312E-1 5.91118E-1 7.10529E-1 7.38547E-1 6.9849E-1 5.93592E-1 5.72224E-1 5.70247E-1 5.78841E-1 5.75948E-1 5.73514E-1 5.79955E-1 5.6843E-1 5.70856E-1 5.72576E-1 5.73533E-1 5.67378E-1 5.75789E-1 5.75996E-1 5.79826E-1 5.59375E-1 5.41395E-1 5.26917E-1 5.34749E-1 5.20024E-1 4.83837E-1 4.58429E-1 4.84388E-1 5.201E-1 5.38582E-1 5.43043E-1 5.43662E-1 5.36796E-1 5.43369E-1 5.30849E-1 5.28678E-1 5.26E-1
5.33495E-1 5.21472E-1 5.11511E-1 5.12042E-1 5.1798E-1 5.17237E-1 5.28935E-1 5.32171E-1 5.30178E-1 5.38563E-1 5.43381E-1 5.50664E-1 5.7928E-1 5.97143E-1 6.16025E-1 6.31404E-1 6.33073E-1 6.18239E-1 5.95281E-1 5.69923E-1 5.64389E-1 5.93248E-1 5.84416E-1 5.86694E-1 5.9439E-1 5.87898E-1 6.07983E-1 6.01818E-1 5.85516E-1 5.65722E-1 5.74778E-1 5.80426E-1 5.82458E-1 5.79426E-1 5.78586E-1 5.98522E-1 5.87919E-1 5.86591E-1 5.95756E-1 5.76832E-1 5.85028E-1 5.95709E-1 5.78952E-1 5.88267E-1 5.68609E-1 5.47866E-1 5.35489E-1 5.39838E-1 5.43841E-1 5.24223E-1 4.89638E-1 5.1159E-1 5.30931E-1 5.47347E-1 5.5167E-1 5.59034E-1 5.55208E-1 5.46073E-1 5.25718E-1 5.16649E-1 5.2662E-1
5.05149E-1 5.03418E-1 5.07958E-1 5.08833E-1 5.10743E-1 5.11877E-1 5.23789E-1 5.2993E-1 5.45244E-1 5.51749E-1 5.57388E-1 5.42132E-1 5.64939E-1 5.68571E-1 5.58717E-1 5.75453E-1 6.06391E-1 6.07619E-1 5.78395E-1 5.75167E-1 6.09609E-1 6.32455E-1 6.20708E-1 6.03878E-1 6.18268E-1 5.99428E-1 5.67414E-1 5.55748E-1 5.21113E-1 5.29819E-1 5.59163E-1 5.87494E-1 5.88138E-1 6.4968E-1 6.78903E-1 6.6256E-1 6.2169E-1 5.72422E-1 5.81578E-1 6.26976E-1 6.08443E-1 6.16108E-1 5.99373E-1 5.86407E-1 5.87272E-1 5.71776E-1 5.60448E-1 5.7645E-1 5.82645E-1 5.45826E-1 5.35336E-1 5.42961E-1 5.4812E-1 5.59511E-1 5.6166E-1 5.80213E-1 5.93642E-1 6.06394E-1 6.02519E-1 5.54483E-1 5.26903E-1
4.6119E-1 4.77925E-1 4.92103E-1 5.0555E-1 5.06225E-1 5.21208E-1 5.17317E-1 5.29129E-1 5.44115E-1 5.46154E-1 5.62947E-1 5.56525E-1 5.67004E-1 5.76858E-1 5.81766E-1 5.9426E-1 6.09046E-1 6.12533E-1 6.01352E-1 6.06889E-1 6.28564E-1 6.4541E-1 6.49952E-1 6.75715E-1 6.52821E-1 6.19312E-1 5.93043E-1 5.85669E-1 5.76247E-1 5.50187E-1 5.47717E-1 5.71715E-1 6.0188E-1 6.259E-1 6.57675E-1 7.24289E-1 7.23792E-1 6.91058E-1 6.86781E-1 7.06602E-1 7.18523E-1 7.07362E-1 6.82898E-1 6.54435E-1 6.20995E-1 6.06115E-1 5.98138E-1 5.80912E-1 5.76616E-1 5.59691E-1 5.54747E-1 5.48722E-1 5.58659E-1 5.59413E-1 5.59937E-1 5.62665E-1 5.59529E-1 5.60196E-1 5.55437E-1 5.37097E-1 5.31694E-1
4.5837E-1 4.70664E-1 4.99456E-1 5.12085E-1 5.18871E-1 5.26693E-1 5.20246E-1 5.32729E-1 5.48746E-1 5.49046E-1 5.56351E-1 5.63919E-1 5.70858E-1 5.83223E-1 5.96513E-1 6.2214E-1 6.30694E-1 6.11806E-1 6.70506E-1 7.04791E-1 6.99552E-1 7.17081E-1 7.25855E-1 7.22714E-1 7.05763E-1 6.92497E-1 6.4565E-1 6.1421E-1 6.38549E-1 6.62214E-1 6.75952E-1 6.79068E-1 6.79036E-1 6.74857E-1 6.75401E-1 6.73747E-1 6.80759E-1 6.60776E-1 6.30186E-1 6.62901E-1 6.55769E-1 6.43123E-1 6.50288E-1 6.48419E-1 6.06495E-1 6.68327E-1 6.93545E-1 7.08437E-1 6.79938E-1 6.5016E-1 6.35038E-1 5.68843E-1 5.62532E-1 5.70282E-1 5.63595E-1 5.6028E-1 5.57185E-1 5.56354E-1 5.45007E-1 5.41727E-1 5.52573E-1
4.63412E-1 4.75614E-1 5.03194E-1 5.01148E-1 5.0702E-1 5.13581E-1 5.22438E-1 5.27824E-1 5.40933E-1 5.52004E-1 5.56752E-1 5.69763E-1 5.79232E-1 6.14513E-1 6.44158E-1 6.74422E-1 6.58005E-1 7.21098E-1 7.49062E-1 7.53798E-1 7.51438E-1 7.34502E-1 6.70497E-1 6.83789E-1 7.17877E-1 6.8878E-1 6.39559E-1 6.13431E-1 6.07525E-1 6.22673E-1 6.96468E-1 7.12501E-1 7.25091E-1 7.43885E-1 7.62622E-1 7.68904E-1 7.69908E-1 7.54573E-1 7.4573E-1 7.45997E-1 7.28383E-1 6.67565E-1 6.51788E-1 6.22366E-1 6.40568E-1 6.44546E-1 7.12318E-1 7.57171E-1 7.53679E-1 7.48983E-1 7.45556E-1 7.21996E-1 5.96506E-1 5.77943E-1 5.85545E-1 5.76988E-1 5.61525E-1 5.5911E-1 5.53508E-1 5.52113E-1 5.51107E-1
4.71613E-1 4.71787E-1 4.92874E-1 5.1092E-1 5.09037E-1 5.18404E-1 5.24556E-1 5.34406E-1 5.56473E-1 5.70439E-1 5.70988E-1 5.9342E-1 6.57775E-1 7.26168E-1 7.38114E-1 7.17756E-1 7.2624E-1 7.62013E-1 7.52404E-1 7.43513E-1 7.33958E-1 7.31784E-1 6.86067E-1 7.22775E-1 7.25747E-1 6.55207E-1 6.02784E-1 5.92107E-1 5.79758E-1 5.80027E-1 6.00172E-1 6.66724E-1 7.21145E-1 7.46105E-1 7.60862E-1 7.69373E-1 7.74493E-1 7.75215E-1 7.81001E-1 7.81457E-1 7.87526E-1 7.90836E-1 7.6228E-1 6.94739E-1 6.80171E-1 6.96723E-1 7.73585E-1 7.63647E-1 7.61126E-1 7.60373E-1 7.59738E-1 7.5285E-1 7.05745E-1 6.08554E-1 5.78343E-1 5.79116E-1 5.6847E-1 5.72138E-1 5.65247E-1 5.46509E-1 5.55406E-1
4.68597E-1 4.7775E-1 4.92047E-1 5.02298E-1 5.21872E-1 5.22911E-1 5.24666E-1 5.39847E-1 5.53218E-1 5.82447E-1 5.85403E-1 6.18725E-1 7.20421E-1 7.39604E-1 7.08124E-1 7.37201E-1 7.57207E-1 7.49607E-1 7.38141E-1 7.29308E-1 7.20918E-1 7.18601E-1 7.20892E-1 7.24221E-1 7.14419E-1 6.54949E-1 5.99406E-1 5.92794E-1 5.90575E-1 5.79617E-1 5.88228E-1 5.99834E-1 6.08582E-1 6.50458E-1 7.25893E-1 7.62491E-1 7.69435E-1 7.71E-1 7.7344E-1 7.72371E-1 7.76189E-1 7.83791E-1 7.86999E-1 7.71737E-1 7.75892E-1 7.60748E-1 7.79069E-1 7.7461E-1 7.65314E-1 7.73444E-1 7.7374E-1 7.69071E-1 7.63726E-1 6.84919E-1 5.96155E-1 5.96169E-1 5.73003E-1 5.91657E-1 5.77389E-1 5.63629E-1 5.55323E-1
4.66137E-1 4.63482E-1 4.95167E-1 5.06739E-1 5.21532E-1 5.30683E-1 5.42707E-1 5.53048E-1 5.7624E-1 5.96816E-1 6.10098E-1 6.92437E-1 7.21065E-1 6.86974E-1 7.23511E-1 7.41164E-1 7.45641E-1 7.40788E-1 7.26581E-1 7.16034E-1 7.08487E-1 7.09905E-1 6.94437E-1 6.93104E-1 6.19531E-1 6.02372E-1 5.78105E-1 5.96215E-1 5.74745E-1 5.81119E-1 5.73984E-1 5.84586E-1 5.76516E-1 5.76887E-1 6.10229E-1 6.65253E-1 7.64795E-1 7.64398E-1 7.66044E-1 7.67902E-1 7.73286E-1 7.73631E-1 7.77565E-1 7.8139E-1 7.77881E-1 7.72662E-1 7.45769E-1 7.42435E-1 7.64927E-1 7.78201E-1 7.73222E-1 7.70459E-1 7.69077E-1 7.55096E-1 6.66672E-1 6.18353E-1 5.81453E-1 5.96477E-1 6.22692E-1 5.94522E-1 5.79533E-1
4.81021E-1 4.83433E-1 5.13775E-1 5.24357E-1 5.4817E-1 5.45992E-1 5.52452E-1 5.69168E-1 5.83041E-1 6.01853E-1 6.67544E-1 7.28175E-1 6.53053E-1 6.86877E-1 7.44047E-1 7.38223E-1 7.31048E-1 7.15313E-1 7.11149E-1 6.75494E-1 6.93828E-1 6.77375E-1 6.28059E-1 6.52372E-1 5.97827E-1 5.6827E-1 5.6513E-1 5.83006E-1 5.75755E-1 5.84053E-1 5.76765E-1 5.68736E-1 5.63569E-1 5.76955E-1 6.06236E-1 6.38409E-1 7.14571E-1 7.64838E-1 7.62572E-1 7.62701E-1 7.65094E-1 7.71039E-1 7.73156E-1 7.76819E-1 7.65998E-1 7.72616E-1 7.76577E-1 7.00368E-1 7.30563E-1 7.73643E-1 7.73798E-1 7.75945E-1 7.74123E-1 7.71274E-1 7.616E-1 6.76942E-1 6.06689E-1 6.15161E-1 6.46833E-1 6.33552E-1 6.02421E-1
