maxent_outputs/red_flowers_troch_bombus_environ/red_149.asc
ncols         426
nrows         180
xllcorner     -130.0
yllcorner     24.0
cellsize      0.16666666666666666
NODATA_value  -9999
[rows 27 to 53 of 180, columns 183 to 243 of 426]
3.17562E-1 3.18912E-1 3.17116E-1 3.26064E-1 3.30275E-1 3.30004E-1 3.34222E-1 3.4175E-1 3.32471E-1 3.26967E-1 3.11575E-1 3.18391E-1 3.34073E-1 3.30118E-1 3.28139E-1 3.30127E-1 3.30357E-1 3.1567E-1 3.12995E-1 3.19798E-1 3.29782E-1 3.3828E-1 3.38186E-1 3.34642E-1 3.33005E-1 3.35843E-1 3.56522E-1 3.63475E-1 3.70497E-1 3.66E-1 3.64436E-1 3.68574E-1 3.73952E-1 3.68738E-1 3.70134E-1 3.74043E-1 3.69596E-1 3.71354E-1 3.72248E-1 3.79029E-1 3.90264E-1 3.79586E-1 3.85557E-1 3.89587E-1 3.8061E-1 3.84608E-1 3.81487E-1 3.77267E-1 3.68029E-1 3.51301E-1 3.40539E-1 3.32951E-1 3.36442E-1 3.54264E-1 3.56195E-1 3.59454E-1 3.60674E-1 3.56769E-1 3.54494E-1 3.60698E-1 3.68184E-1
3.1616E-1 3.21646E-1 3.24652E-1 3.34978E-1 3.2857E-1 3.20982E-1 3.23576E-1 3.31336E-1 3.32615E-1 3.24691E-1 3.18294E-1 3.18603E-1 3.28286E-1 3.3414E-1 3.23204E-1 3.28619E-1 3.28261E-1 3.18714E-1 3.11607E-1 3.10427E-1 3.22272E-1 3.28067E-1 3.33975E-1 3.34299E-1 3.34946E-1 3.44872E-1 3.51554E-1 3.83565E-1 3.88928E-1 3.70723E-1 3.683E-1 3.66731E-1 3.69535E-1 3.63931E-1 3.67196E-1 3.71359E-1 3.70694E-1 3.63984E-1 3.72005E-1 3.87807E-1 3.76571E-1 3.76629E-1 3.80373E-1 3.86599E-1 3.87026E-1 3.88821E-1 3.95866E-1 3.81406E-1 3.68919E-1 3.60281E-1 3.53738E-1 3.38233E-1 3.39505E-1 3.49155E-1 3.50502E-1 3.66238E-1 3.58761E-1 3.62633E-1 3.64246E-1 3.73487E-1 3.79587E-1
3.28364E-1 3.21663E-1 3.32467E-1 3.34846E-1 3.25606E-1 3.24817E-1 3.27056E-1 3.30893E-1 3.39368E-1 3.26318E-1 3.15798E-1 3.16233E-1 3.20166E-1 3.27307E-1 3.26729E-1 3.23521E-1 3.22391E-1 3.19936E-1 3.14064E-1 3.07648E-1 3.10383E-1 3.17035E-1 3.24512E-1 3.2956E-1 3.37087E-1 3.76042E-1 3.99118E-1 4.07265E-1 3.98576E-1 3.84084E-1 3.89258E-1 3.62489E-1 3.52826E-1 3.5153E-1 3.54216E-1 3.6118E-1 3.66981E-1 3.6794E-1 3.69304E-1 3.73715E-1 3.81788E-1 3.82623E-1 3.83712E-1 3.90405E-1 3.98562E-1 4.28447E-1 4.14807E-1 3.97646E-1 3.8025E-1 3.80483E-1 3.73105E-1 3.53215E-1 3.53145E-1 3.59537E-1 3.587E-1 3.56955E-1 3.70409E-1 3.65731E-1 3.6933E-1 3.76881E-1 3.78112E-1
3.37515E-1 3.36098E-1 3.34685E-1 3.34659E-1 3.3238E-1 3.27512E-1 3.29528E-1 3.32224E-1 3.40168E-1 3.29952E-1 3.24474E-1 3.23291E-1 3.25621E-1 3.31029E-1 3.28194E-1 3.22851E-1 3.22542E-1 3.22921E-1 3.13975E-1 3.13352E-1 3.05753E-1 3.12123E-1 3.25578E-1 3.28756E-1 3.32517E-1 3.64388E-1 3.66309E-1 3.74484E-1 4.06382E-1 3.83369E-1 3.66783E-1 3.55335E-1 3.46295E-1 3.42313E-1 3.47402E-1 3.55943E-1 3.69098E-1 3.69904E-1 3.70209E-1 3.85784E-1 3.81221E-1 3.83889E-1 3.88146E-1 3.98238E-1 3.94103E-1 4.03583E-1 4.063E-1 4.12041E-1 4.06745E-1 3.78358E-1 3.74687E-1 3.79324E-1 3.89997E-1 4.06544E-1 3.96221E-1 3.78383E-1 3.67673E-1 3.62838E-1 3.71254E-1 3.90497E-1 3.90269E-1
3.42642E-1 3.40918E-1 3.34494E-1 3.31154E-1 3.30061E-1 3.34427E-1 3.2802E-1 3.32524E-1 3.32251E-1 3.3847E-1 3.30523E-1 3.28472E-1 3.29229E-1 3.31112E-1 3.30628E-1 3.28072E-1 3.27844E-1 3.25614E-1 3.22877E-1 3.14128E-1 3.1211E-1 3.2044E-1 3.25782E-1 3.32409E-1 3.39927E-1 3.47518E-1 3.57259E-1 3.5988E-1 3.64066E-1 3.64814E-1 3.57288E-1 3.45374E-1 3.39311E-1 3.30738E-1 3.38945E-1 3.51464E-1 3.6976E-1 4.03199E-1 3.89031E-1 3.98231E-1 3.89052E-1 3.88975E-1 3.93129E-1 3.97438E-1 4.06114E-1 3.97662E-1 4.01447E-1 4.07187E-1 4.05671E-1 3.97301E-1 4.0309E-1 3.99718E-1 3.96819E-1 4.16787E-1 4.32878E-1 4.09991E-1 3.78472E-1 3.6936E-1 3.74759E-1 4.43492E-1 4.39103E-1
3.48207E-1 3.46658E-1 3.40491E-1 3.37863E-1 3.39078E-1 3.39243E-1 3.36689E-1 3.36009E-1 3.37128E-1 3.45309E-1 3.42621E-1 3.33297E-1 3.29348E-1 3.29708E-1 3.3204E-1 3.27231E-1 3.34775E-1 3.29023E-1 3.28906E-1 3.29211E-1 3.28889E-1 3.39437E-1 3.40262E-1 3.44958E-1 3.47381E-1 3.55287E-1 3.63141E-1 3.67397E-1 3.72982E-1 3.61457E-1 3.54959E-1 3.50767E-1 3.38873E-1 3.29162E-1 3.3429E-1 3.42949E-1 3.5877E-1 3.83168E-1 4.00892E-1 4.19286E-1 4.17599E-1 4.01366E-1 3.93956E-1 3.97845E-1 4.11346E-1 4.21955E-1 4.12684E-1 4.17985E-1 4.20753E-1 4.03336E-1 3.95771E-1 3.84463E-1 3.85211E-1 4.1632E-1 4.51976E-1 4.29035E-1 4.05861E-1 4.03902E-1 4.13651E-1 4.24394E-1 4.2736E-1
3.51104E-1 3.49072E-1 3.40063E-1 3.24261E-1 3.31789E-1 3.38868E-1 3.38629E-1 3.4093E-1 3.43893E-1 3.46452E-1 3.41733E-1 3.38321E-1 3.35247E-1 3.35981E-1 3.38665E-1 3.35386E-1 3.42993E-1 3.36225E-1 3.33554E-1 3.37636E-1 3.3655E-1 3.51351E-1 3.49074E-1 3.53062E-1 3.55412E-1 3.5675E-1 3.62953E-1 3.65638E-1 3.64457E-1 3.56714E-1 3.54094E-1 3.52749E-1 3.48414E-1 3.49052E-1 3.50512E-1 3.50242E-1 3.63605E-1 3.71825E-1 3.84598E-1 3.95623E-1 4.00972E-1 4.16837E-1 4.07491E-1 4.099E-1 4.21375E-1 4.10116E-1 4.17253E-1 4.15598E-1 4.11395E-1 4.08475E-1 4.07529E-1 3.99068E-1 4.03484E-1 4.24354E-1 4.17716E-1 4.2763E-1 4.14884E-1 4.28205E-1 4.34022E-1 4.38124E-1 4.44357E-1
3.51854E-1 3.58866E-1 3.52626E-1 3.38596E-1 3.35323E-1 3.38004E-1 3.47316E-1 3.48365E-1 3.48309E-1 3.47834E-1 3.43376E-1 3.45161E-1 3.41666E-1 3.45287E-1 3.45377E-1 3.43233E-1 3.48942E-1 3.42367E-1 3.39196E-1 3.36195E-1 3.4508E-1 3.57896E-1 3.51666E-1 3.53513E-1 3.55799E-1 3.6351E-1 3.66452E-1 3.65095E-1 3.57467E-1 3.5577E-1 3.53726E-1 3.61859E-1 3.63232E-1 3.64102E-1 3.61456E-1 3.63036E-1 3.74926E-1 3.79256E-1 3.86066E-1 3.9042E-1 3.96219E-1 4.00574E-1 3.99927E-1 4.05819E-1 4.08711E-1 4.21305E-1 4.1954E-1 4.19512E-1 4.2239E-1 4.17519E-1 4.21082E-1 4.42036E-1 4.23449E-1 4.45486E-1 4.2623E-1 4.39651E-1 4.37858E-1 4.41849E-1 4.38453E-1 4.47661E-1 4.76818E-1
3.42384E-1 3.58425E-1 3.66001E-1 3.59965E-1 3.521E-1 3.41786E-1 3.49736E-1 3.50665E-1 3.53721E-1 3.53554E-1 3.54731E-1 3.49594E-1 3.53432E-1 3.50548E-1 3.537E-1 3.48634E-1 3.45415E-1 3.45616E-1 3.46506E-1 3.4889E-1 3.46752E-1 3.51232E-1 3.56525E-1 3.60959E-1 3.67574E-1 3.7993E-1 4.02329E-1 4.0448E-1 3.94518E-1 3.83779E-1 3.7285E-1 3.72208E-1 3.72001E-1 3.69571E-1 3.7315E-1 3.72781E-1 3.78761E-1 3.81905E-1 3.89675E-1 3.9802E-1 3.97613E-1 3.99225E-1 4.00765E-1 3.9481E-1 3.99333E-1 4.03171E-1 4.1559E-1 4.26496E-1 4.25791E-1 4.23158E-1 4.18476E-1 4.19602E-1 4.26464E-1 4.38067E-1 4.50949E-1 4.70914E-1 4.66767E-1 4.53662E-1 4.65378E-1 5.39867E-1 6.59787E-1
3.29472E-1 3.29251E-1 3.28564E-1 3.20649E-1 3.35315E-1 3.38943E-1 3.55873E-1 3.53011E-1 3.55748E-1 3.59167E-1 3.59458E-1 3.52511E-1 3.52497E-1 3.56435E-1 3.59089E-1 3.52518E-1 3.45387E-1 3.49024E-1 3.49673E-1 3.51016E-1 3.55391E-1 3.63216E-1 3.63417E-1 3.67851E-1 3.74057E-1 4.01267E-1 4.183E-1 4.13882E-1 3.91605E-1 3.83478E-1 3.87204E-1 3.81759E-1 3.80431E-1 3.83834E-1 3.8393E-1 3.84448E-1 3.84007E-1 3.84319E-1 3.88067E-1 3.87673E-1 3.91458E-1 3.97112E-1 4.0267E-1 4.08988E-1 4.04111E-1 4.12113E-1 4.15083E-1 4.20055E-1 4.24905E-1 4.2356E-1 4.21559E-1 4.32844E-1 4.43065E-1 4.59819E-1 4.6724E-1 4.81839E-1 5.07945E-1 5.64871E-1 6.53682E-1 7.60404E-1 7.95224E-1
3.2416E-1 3.21789E-1 3.18228E-1 3.21393E-1 3.24572E-1 3.26889E-1 3.33362E-1 3.43273E-1 3.52101E-1 3.6191E-1 3.63358E-1 3.58415E-1 3.55345E-1 3.6004E-1 3.59376E-1 3.49363E-1 3.48012E-1 3.47803E-1 3.46023E-1 3.47059E-1 3.54717E-1 3.59037E-1 3.61877E-1 3.66543E-1 3.68961E-1 3.77095E-1 3.76514E-1 3.74165E-1 3.79848E-1 3.83334E-1 3.8469E-1 3.88493E-1 3.86498E-1 3.89391E-1 3.95902E-1 3.91869E-1 3.91477E-1 3.89206E-1 3.9224E-1 3.89024E-1 3.85653E-1 3.87837E-1 3.90944E-1 3.94214E-1 4.00628E-1 4.05396E-1 4.14392E-1 4.21234E-1 4.22791E-1 4.23762E-1 4.32965E-1 4.49507E-1 4.67831E-1 5.20869E-1 5.68679E-1 6.41362E-1 7.2238E-1 7.70523E-1 7.88588E-1 7.7896E-1 7.72934E-1
3.23256E-1 3.23536E-1 3.22213E-1 3.19927E-1 3.22183E-1 3.32635E-1 3.38488E-1 3.45676E-1 3.53188E-1 3.63461E-1 3.65261E-1 3.62884E-1 3.52791E-1 3.52938E-1 3.57091E-1 3.51304E-1 3.44797E-1 3.42716E-1 3.43094E-1 3.4782E-1 3.55047E-1 3.53514E-1 3.52761E-1 3.63484E-1 3.63438E-1 3.71402E-1 3.7509E-1 3.76935E-1 3.82268E-1 3.90535E-1 3.89647E-1 3.8885E-1 3.89277E-1 3.95016E-1 3.94499E-1 3.99247E-1 3.95122E-1 3.90151E-1 3.876E-1 3.9072E-1 3.88195E-1 3.96181E-1 3.9891E-1 4.04068E-1 4.04613E-1 4.11201E-1 4.16865E-1 4.21246E-1 4.22295E-1 4.39101E-1 4.64982E-1 5.21927E-1 6.34202E-1 7.22243E-1 7.49459E-1 7.47905E-1 7.47607E-1 7.56245E-1 7.62373E-1 7.70423E-1 7.75722E-1
3.25645E-1 3.2964E-1 3.29489E-1 3.2545E-1 3.29435E-1 3.3455E-1 3.39959E-1 3.4734E-1 3.52064E-1 3.56044E-1 3.62188E-1 3.59183E-1 3.5791E-1 3.58421E-1 3.56286E-1 3.50723E-1 3.39021E-1 3.33623E-1 3.3851E-1 3.48231E-1 3.48093E-1 3.4699E-1 3.64012E-1 3.6163E-1 3.65278E-1 3.74303E-1 3.81436E-1 3.842E-1 3.85429E-1 4.05599E-1 3.87626E-1 4.02213E-1 3.89418E-1 3.87236E-1 3.9043E-1 3.93963E-1 3.86705E-1 3.89101E-1 3.91931E-1 3.87808E-1 3.85124E-1 3.92039E-1 4.01409E-1 4.13213E-1 4.27176E-1 4.33954E-1 4.3882E-1 4.38569E-1 4.55977E-1 5.03896E-1 6.33542E-1 7.35993E-1 7.30288E-1 7.22945E-1 7.24999E-1 7.32576E-1 7.41291E-1 7.51465E-1 7.62146E-1 7.71231E-1 7.76842E-1
3.25218E-1 3.32485E-1 3.30733E-1 3.25682E-1 3.30914E-1 3.40057E-1 3.42111E-1 3.45734E-1 3.49795E-1 3.57676E-1 3.59234E-1 3.58086E-1 3.59586E-1 3.59954E-1 3.57973E-1 3.50817E-1 3.40082E-1 3.35606E-1 3.40695E-1 3.45507E-1 3.50364E-1 3.51443E-1 3.63285E-1 3.64798E-1 3.69069E-1 3.75327E-1 3.78942E-1 3.84459E-1 3.87244E-1 3.98452E-1 4.05986E-1 3.89106E-1 3.86498E-1 3.99234E-1 3.92218E-1 3.85342E-1 3.8417E-1 3.8653E-1 3.91912E-1 3.87964E-1 3.92022E-1 3.95965E-1 4.10299E-1 4.26051E-1 4.44375E-1 4.51957E-1 4.60874E-1 4.81132E-1 5.16253E-1 6.56811E-1 7.37683E-1 7.18889E-1 7.11378E-1 7.17443E-1 7.19851E-1 7.34536E-1 7.42288E-1 7.57102E-1 7.68108E-1 7.75845E-1 7.76875E-1
3.13375E-1 3.26163E-1 3.29657E-1 3.28594E-1 3.32485E-1 3.42691E-1 3.48048E-1 3.50429E-1 3.5252E-1 3.58057E-1 3.61295E-1 3.61332E-1 3.62036E-1 3.62241E-1 3.59591E-1 3.59309E-1 3.47908E-1 3.42151E-1 3.44184E-1 3.49277E-1 3.48554E-1 3.55331E-1 3.61502E-1 3.68147E-1 3.67204E-1 3.72453E-1 3.79395E-1 3.85947E-1 3.93186E-1 4.10748E-1 4.25096E-1 4.04163E-1 3.99328E-1 4.03116E-1 3.98222E-1 3.87396E-1 3.84605E-1 3.85179E-1 3.88615E-1 3.95229E-1 3.98969E-1 4.12558E-1 4.2498E-1 4.46814E-1 4.59246E-1 4.7569E-1 5.04439E-1 5.77883E-1 6.85976E-1 7.14731E-1 7.11806E-1 7.1122E-1 6.83728E-1 6.79371E-1 6.83085E-1 7.43781E-1 7.50156E-1 7.60487E-1 7.68666E-1 7.71185E-1 7.712E-1
3.24169E-1 3.23927E-1 3.33244E-1 3.37287E-1 3.44685E-1 3.48462E-1 3.46008E-1 3.4889E-1 3.52114E-1 3.52921E-1 3.64077E-1 3.66292E-1 3.74487E-1 3.76184E-1 3.70509E-1 3.64298E-1 3.60687E-1 3.54504E-1 3.59342E-1 3.67243E-1 3.60856E-1 3.61727E-1 3.61809E-1 3.65753E-1 3.68643E-1 3.69474E-1 3.75679E-1 3.81887E-1 3.87578E-1 4.01087E-1 4.00147E-1 4.02706E-1 4.11379E-1 4.06197E-1 4.02466E-1 3.87192E-1 3.85392E-1 3.93304E-1 3.93102E-1 4.02125E-1 4.1558E-1 4.26023E-1 4.42358E-1 4.54319E-1 4.78838E-1 5.50811E-1 6.5753E-1 7.12399E-1 7.10259E-1 6.68663E-1 6.34359E-1 5.94591E-1 5.9989E-1 6.27961E-1 6.7605E-1 7.4704E-1 7.50459E-1 7.57701E-1 7.43237E-1 7.29034E-1 6.96744E-1
3.26625E-1 3.35797E-1 3.38395E-1 3.4158E-1 3.47026E-1 3.49401E-1 3.49868E-1 3.41819E-1 3.46442E-1 3.54807E-1 3.66415E-1 3.76597E-1 3.82645E-1 3.83175E-1 3.73476E-1 3.65701E-1 3.6065E-1 3.62226E-1 3.6485E-1 3.68392E-1 3.72714E-1 3.67452E-1 3.63987E-1 3.63525E-1 3.63744E-1 3.67619E-1 3.73447E-1 3.74565E-1 3.83932E-1 3.93297E-1 3.93014E-1 4.1138E-1 4.14407E-1 4.12331E-1 4.07058E-1 3.94928E-1 3.84988E-1 4.00235E-1 3.97222E-1 4.03869E-1 4.23344E-1 4.44888E-1 4.50804E-1 4.65207E-1 5.38739E-1 6.16914E-1 6.13935E-1 5.74049E-1 5.34596E-1 5.27707E-1 5.28003E-1 5.4928E-1 6.08396E-1 6.82292E-1 7.21058E-1 7.35228E-1 7.25558E-1 6.71558E-1 6.11131E-1 5.85324E-1 5.70277E-1
3.35764E-1 3.34076E-1 3.44652E-1 3.50812E-1 3.51629E-1 3.45068E-1 3.46102E-1 3.42192E-1 3.44607E-1 3.50903E-1 3.62273E-1 3.71803E-1 3.74487E-1 3.73753E-1 3.76179E-1 3.70582E-1 3.699E-1 3.71098E-1 3.72452E-1 3.72237E-1 3.69913E-1 3.81646E-1 3.68593E-1 3.66902E-1 3.71244E-1 3.65268E-1 3.70513E-1 3.76428E-1 3.81204E-1 3.92765E-1 3.95792E-1 4.0201E-1 4.13977E-1 4.17979E-1 4.07696E-1 3.98339E-1 3.99178E-1 3.93867E-1 3.98475E-1 4.05014E-1 4.23802E-1 4.47422E-1 4.57293E-1 4.66227E-1 4.65301E-1 4.72484E-1 4.69761E-1 4.77551E-1 4.81182E-1 4.88481E-1 4.9768E-1 5.15694E-1 5.43057E-1 5.93603E-1 6.26639E-1 6.02241E-1 5.78435E-1 5.76049E-1 5.68904E-1 5.68824E-1 5.43739E-1
3.37878E-1 3.38371E-1 3.42029E-1 3.47608E-1 3.51321E-1 3.49814E-1 3.4479E-1 3.41231E-1 3.43709E-1 3.49666E-1 3.516E-1 3.64021E-1 3.63923E-1 3.69569E-1 3.67822E-1 3.70945E-1 3.77986E-1 3.83239E-1 3.78199E-1 3.75853E-1 3.73473E-1 3.77358E-1 3.82713E-1 3.81108E-1 3.73002E-1 3.68213E-1 3.68701E-1 3.74545E-1 3.8541E-1 3.94242E-1 4.0476E-1 4.15978E-1 4.0929E-1 4.11274E-1 4.21214E-1 4.0993E-1 4.07776E-1 4.03913E-1 4.05672E-1 4.10471E-1 4.3233E-1 4.5161E-1 4.5754E-1 4.50354E-1 4.52124E-1 4.54634E-1 4.53589E-1 4.44741E-1 4.69614E-1 4.88857E-1 4.87134E-1 4.94624E-1 5.17684E-1 5.43838E-1 5.44844E-1 5.37604E-1 5.29848E-1 5.32993E-1 5.34782E-1 5.4163E-1 5.34682E-1
3.39328E-1 3.42393E-1 3.43665E-1 3.47462E-1 3.51543E-1 3.5406E-1 3.61368E-1 3.58459E-1 3.46855E-1 3.47298E-1 3.52477E-1 3.58902E-1 3.60094E-1 3.61663E-1 3.65993E-1 3.65027E-1 3.71578E-1 3.75997E-1 3.79275E-1 3.81429E-1 3.79839E-1 3.78237E-1 3.77484E-1 3.75884E-1 3.78274E-1 3.78383E-1 3.85978E-1 3.94067E-1 3.97109E-1 4.12331E-1 4.16555E-1 4.0418E-1 4.0168E-1 4.10991E-1 4.65783E-1 4.80379E-1 4.14213E-1 4.11718E-1 4.18069E-1 4.24184E-1 4.36043E-1 4.52207E-1 4.5675E-1 4.51824E-1 4.48906E-1 4.4866E-1 4.32842E-1 4.47254E-1 4.6793E-1 4.73281E-1 4.86121E-1 4.96203E-1 5.00309E-1 5.0503E-1 5.15451E-1 5.24741E-1 5.05091E-1 4.91452E-1 4.90639E-1 4.94691E-1 4.9534E-1
3.45065E-1 3.39177E-1 3.43133E-1 3.51723E-1 3.57315E-1 3.62221E-1 3.69083E-1 3.70162E-1 3.5539E-1 3.45976E-1 3.5012E-1 3.55289E-1 3.61512E-1 3.65599E-1 3.73776E-1 3.62414E-1 3.66922E-1 3.70247E-1 3.7066E-1 3.74219E-1 3.78817E-1 3.79565E-1 3.81377E-1 3.80593E-1 3.80286E-1 3.84188E-1 3.8975E-1 4.01018E-1 4.11228E-1 4.09152E-1 4.09166E-1 3.97039E-1 3.94547E-1 3.9901E-1 4.1485E-1 4.25324E-1 4.17477E-1 4.28605E-1 4.30028E-1 4.37144E-1 4.44495E-1 4.52686E-1 4.61707E-1 4.52258E-1 4.47185E-1 4.48394E-1 4.51894E-1 4.61232E-1 4.57503E-1 4.69177E-1 4.80846E-1 4.87363E-1 4.91758E-1 4.88553E-1 4.97946E-1 5.05315E-1 4.89939E-1 4.72839E-1 4.7031E-1 4.75432E-1 4.67452E-1
3.38636E-1 3.41102E-1 3.41921E-1 3.57111E-1 3.59139E-1 3.62863E-1 3.64037E-1 3.66261E-1 3.64387E-1 3.50194E-1 3.44626E-1 3.51832E-1 3.67913E-1 3.7917E-1 3.77694E-1 3.76248E-1 3.69717E-1 3.71989E-1 3.66092E-1 3.70821E-1 3.80449E-1 3.89096E-1 3.94852E-1 3.93097E-1 3.91135E-1 3.88924E-1 3.98582E-1 4.0395E-1 4.10307E-1 4.04385E-1 4.0029E-1 3.99898E-1 3.88531E-1 3.96751E-1 4.01019E-1 4.08954E-1 4.22097E-1 4.33112E-1 4.36194E-1 4.36138E-1 4.5159E-1 4.57327E-1 4.65715E-1 4.57024E-1 4.58691E-1 4.41618E-1 4.42003E-1 4.58357E-1 4.78507E-1 4.84818E-1 4.85293E-1 4.87657E-1 4.91764E-1 4.91861E-1 4.85233E-1 4.93736E-1 4.86878E-1 4.85306E-1 4.76425E-1 4.73511E-1 4.6453E-1
3.46412E-1 3.46342E-1 3.49144E-1 3.58151E-1 3.56735E-1 3.6395E-1 3.65937E-1 3.73617E-1 3.67155E-1 3.57709E-1 3.48951E-1 3.56407E-1 3.67835E-1 3.84444E-1 4.03245E-1 3.99787E-1 3.96486E-1 3.90395E-1 3.79887E-1 3.86566E-1 3.93405E-1 3.98012E-1 4.1437E-1 4.18386E-1 4.1552E-1 4.05694E-1 3.98681E-1 3.95335E-1 3.97625E-1 3.97024E-1 4.01031E-1 3.98943E-1 3.86249E-1 3.85002E-1 3.88828E-1 3.93667E-1 4.13571E-1 4.33524E-1 4.37762E-1 4.33139E-1 4.44417E-1 4.51253E-1 4.57311E-1 4.58783E-1 4.58933E-1 4.51465E-1 4.54665E-1 4.70412E-1 4.7295E-1 4.66273E-1 4.79174E-1 4.89245E-1 4.92842E-1 4.92424E-1 4.85206E-1 4.91611E-1 4.97665E-1 4.89146E-1 4.83302E-1 4.76148E-1 4.64167E-1
3.50599E-1 3.53724E-1 3.52679E-1 3.5733E-1 3.63837E-1 3.65964E-1 3.68078E-1 3.72823E-1 3.62888E-1 3.6369E-1 3.63421E-1 3.71178E-1 3.76298E-1 3.80231E-1 4.07818E-1 4.16883E-1 4.0297E-1 4.02037E-1 3.96951E-1 3.95384E-1 4.00707E-1 4.16246E-1 3.90355E-1 3.80505E-1 3.89397E-1 4.04345E-1 4.08E-1 3.91279E-1 3.87933E-1 3.93083E-1 4.09843E-1 4.00833E-1 3.91054E-1 3.88417E-1 3.93099E-1 4.03309E-1 4.12358E-1 4.204E-1 4.25411E-1 4.28886E-1 4.42326E-1 4.4789E-1 4.54493E-1 4.61146E-1 4.61737E-1 4.56446E-1 4.47903E-1 4.69223E-1 4.80223E-1 4.69518E-1 4.88429E-1 4.99397E-1 4.94615E-1 4.91197E-1 4.91008E-1 4.86492E-1 4.86551E-1 4.81748E-1 4.76017E-1 4.68837E-1 4.73455E-1
3.60498E-1 3.61689E-1 3.61452E-1 3.64925E-1 3.7223E-1 3.74831E-1 3.7417E-1 3.71989E-1 3.69201E-1 3.72302E-1 3.73653E-1 3.84595E-1 3.97162E-1 3.86911E-1 3.9996E-1 4.17881E-1 4.16044E-1 4.13892E-1 4.10523E-1 4.03345E-1 4.1517E-1 3.85157E-1 3.51162E-1 3.42785E-1 3.58301E-1 3.96793E-1 4.1082E-1 3.89778E-1 3.83807E-1 3.95163E-1 3.97603E-1 3.97309E-1 4.04113E-1 4.07015E-1 4.10927E-1 4.18047E-1 4.20329E-1 4.20609E-1 4.27699E-1 4.33609E-1 4.39226E-1 4.46217E-1 4.47727E-1 4.53016E-1 4.53236E-1 4.48028E-1 4.47282E-1 4.68798E-1 4.82165E-1 4.79848E-1 4.83745E-1 4.9019E-1 4.94051E-1 4.92201E-1 4.92118E-1 4.82588E-1 4.87136E-1 4.83033E-1 4.76729E-1 4.75205E-1 4.74158E-1
3.6155E-1 3.72739E-1 3.74091E-1 3.80357E-1 3.84809E-1 3.81646E-1 3.77163E-1 3.71465E-1 3.71979E-1 3.82069E-1 3.83346E-1 3.86002E-1 3.90489E-1 3.92235E-1 3.93785E-1 4.12134E-1 4.14193E-1 4.11187E-1 4.14643E-1 4.13878E-1 4.19506E-1 3.86656E-1 3.4827E-1 3.34353E-1 3.55932E-1 4.0028E-1 4.08838E-1 3.93647E-1 3.8548E-1 3.81072E-1 3.8319E-1 4.01518E-1 4.20736E-1 4.27049E-1 4.3353E-1 4.32083E-1 4.36393E-1 4.38629E-1 4.43463E-1 4.41053E-1 4.46242E-1 4.42962E-1 4.45061E-1 4.4831E-1 4.6177E-1 4.57341E-1 4.55595E-1 4.53366E-1 4.72433E-1 4.87841E-1 4.89653E-1 4.87615E-1 4.98181E-1 5.07039E-1 4.95814E-1 4.8182E-1 4.90017E-1 4.96818E-1 4.86496E-1 4.69317E-1 4.69067E-1
3.70352E-1 3.88371E-1 4.04757E-1 3.95265E-1 3.936E-1 3.86444E-1 3.81487E-1 3.74871E-1 3.76389E-1 3.80091E-1 3.82891E-1 3.82485E-1 3.86249E-1 3.81038E-1 3.82313E-1 4.01991E-1 4.16097E-1 4.16148E-1 4.13429E-1 4.13015E-1 4.12425E-1 4.16137E-1 3.79124E-1 3.6526E-1 3.80836E-1 4.19703E-1 3.86468E-1 3.81061E-1 3.80415E-1 3.84625E-1 3.94034E-1 4.05986E-1 4.29838E-1 4.43177E-1 4.45272E-1 4.52234E-1 4.55461E-1 4.5281E-1 4.61361E-1 4.55239E-1 4.59568E-1 4.4455E-1 4.4166E-1 4.48218E-1 4.58176E-1 4.65586E-1 4.75626E-1 4.58125E-1 4.50906E-1 4.6996E-1 4.81918E-1 4.85708E-1 4.87139E-1 4.93946E-1 4.87388E-1 4.8262E-1 4.89593E-1 4.90265E-1 4.89455E-1 4.90187E-1 4.86132E-1
