maxent_outputs/red_flowers_troch_bombus_environ/red_226.asc
ncols         426
nrows         180
xllcorner     -130.0
yllcorner     24.0
cellsize      0.16666666666666666
NODATA_value  -9999
[rows 0 to 26 of 180, columns 61 to 121 of 426]
3.71491E-1 3.62809E-1 3.61282E-1 3.15225E-1 2.77065E-1 2.7883E-1 2.70887E-1 2.53802E-1 2.37432E-1 2.20858E-1 1.99221E-1 1.84244E-1 1.77843E-1 1.6775E-1 1.60562E-1 1.51558E-1 1.54335E-1 1.50789E-1 1.43958E-1 1.3793E-1 1.38738E-1 1.41129E-1 1.42243E-1 1.3896E-1 1.33153E-1 1.26638E-1 1.19031E-1 1.13815E-1 1.16822E-1 1.21599E-1 1.26712E-1 1.3295E-1 1.41055E-1 1.4579E-1 1.47929E-1 1.302E-1 1.239E-1 1.26149E-1 1.30697E-1 1.31375E-1 1.27001E-1 1.21196E-1 1.16188E-1 1.14762E-1 1.16022E-1 1.15062E-1 1.18584E-1 1.23355E-1 1.23934E-1 1.22213E-1 1.24497E-1 1.27284E-1 1.26773E-1 1.27677E-1 1.24471E-1 1.20755E-1 1.21081E-1 1.23097E-1 1.22965E-1 1.22506E-1 1.21374E-1
3.6286E-1 3.50573E-1 3.33486E-1 3.36219E-1 3.19785E-1 3.20325E-1 2.98519E-1 2.95725E-1 2.53345E-1 2.24672E-1 2.04597E-1 1.9165E-1 1.80081E-1 1.72848E-1 1.64911E-1 1.58597E-1 1.56589E-1 1.51253E-1 1.40351E-1 1.40432E-1 1.35531E-1 1.29336E-1 1.29684E-1 1.29325E-1 1.22628E-1 1.21743E-1 1.23203E-1 1.19788E-1 1.23435E-1 1.26086E-1 1.33475E-1 1.37141E-1 1.43918E-1 1.47279E-1 1.46997E-1 1.40156E-1 1.27651E-1 1.28171E-1 1.24337E-1 1.25359E-1 1.24523E-1 1.22241E-1 1.23045E-1 1.18441E-1 1.20285E-1 1.22087E-1 1.206E-1 1.26022E-1 1.26878E-1 1.27958E-1 1.26431E-1 1.26709E-1 1.24733E-1 1.25967E-1 1.23516E-1 1.19271E-1 1.18569E-1 1.17422E-1 1.1896E-1 1.17166E-1 1.18903E-1
3.87699E-1 3.8288E-1 3.49524E-1 3.47949E-1 3.40385E-1 3.49164E-1 3.45862E-1 3.50744E-1 3.28408E-1 2.78287E-1 2.17228E-1 1.92328E-1 1.86602E-1 1.77604E-1 1.6992E-1 1.61263E-1 1.57143E-1 1.49918E-1 1.41288E-1 1.32847E-1 1.25684E-1 1.29939E-1 1.28513E-1 1.28746E-1 1.25032E-1 1.24068E-1 1.26236E-1 1.2569E-1 1.23397E-1 1.28349E-1 1.34097E-1 1.3986E-1 1.41359E-1 1.37677E-1 1.36371E-1 1.36649E-1 1.33482E-1 1.34805E-1 1.35378E-1 1.30985E-1 1.2798E-1 1.25692E-1 1.25254E-1 1.22298E-1 1.22337E-1 1.22261E-1 1.2139E-1 1.31139E-1 1.32395E-1 1.31222E-1 1.26355E-1 1.24142E-1 1.25703E-1 1.22989E-1 1.23176E-1 1.20361E-1 1.17199E-1 1.18572E-1 1.1653E-1 1.15632E-1 1.13904E-1
3.76136E-1 3.71351E-1 3.34783E-1 3.49913E-1 3.47535E-1 3.20124E-1 3.26793E-1 3.4613E-1 3.08793E-1 3.05148E-1 2.67402E-1 2.10515E-1 1.89804E-1 1.83223E-1 1.75199E-1 1.6576E-1 1.58292E-1 1.54977E-1 1.45939E-1 1.38256E-1 1.37948E-1 1.34634E-1 1.32431E-1 1.29874E-1 1.31368E-1 1.29457E-1 1.32949E-1 1.31444E-1 1.29185E-1 1.29415E-1 1.30358E-1 1.35454E-1 1.41849E-1 1.34675E-1 1.32782E-1 1.31393E-1 1.33713E-1 1.31939E-1 1.29978E-1 1.29509E-1 1.32387E-1 1.32354E-1 1.34054E-1 1.32973E-1 1.24914E-1 1.24028E-1 1.2545E-1 1.30068E-1 1.33927E-1 1.29789E-1 1.26157E-1 1.24287E-1 1.25073E-1 1.25974E-1 1.228E-1 1.20383E-1 1.21311E-1 1.20474E-1 1.18714E-1 1.20051E-1 1.19392E-1
4.37488E-1 3.98324E-1 3.5764E-1 3.46099E-1 3.35691E-1 3.10453E-1 3.46005E-1 3.65778E-1 3.64571E-1 3.23461E-1 2.84666E-1 2.25333E-1 2.17511E-1 2.03712E-1 1.84367E-1 1.75917E-1 1.69633E-1 1.58804E-1 1.5164E-1 1.40849E-1 1.38933E-1 1.35625E-1 1.33326E-1 1.30548E-1 1.30873E-1 1.29622E-1 1.30088E-1 1.30032E-1 1.28666E-1 1.26695E-1 1.28827E-1 1.33143E-1 1.42579E-1 1.40561E-1 1.37159E-1 1.37961E-1 1.34184E-1 1.33417E-1 1.2894E-1 1.25743E-1 1.30147E-1 1.35464E-1 1.39003E-1 1.37665E-1 1.31806E-1 1.28518E-1 1.29826E-1 1.26629E-1 1.32402E-1 1.34247E-1 1.27087E-1 1.28464E-1 1.27547E-1 1.30117E-1 1.29243E-1 1.26514E-1 1.23022E-1 1.22841E-1 1.21542E-1 1.2649E-1 1.27906E-1
3.8698E-1 4.08028E-1 4.15629E-1 3.88331E-1 3.90351E-1 3.58258E-1 3.4984E-1 3.45353E-1 3.52163E-1 3.84186E-1 2.84609E-1 2.86877E-1 2.87954E-1 2.76318E-1 2.27398E-1 1.93124E-1 1.85978E-1 1.74383E-1 1.60712E-1 1.48515E-1 1.44446E-1 1.39579E-1 1.36871E-1 1.33413E-1 1.33252E-1 1.32538E-1 1.33212E-1 1.32636E-1 1.3111E-1 1.2568E-1 1.27794E-1 1.31873E-1 1.38789E-1 1.40419E-1 1.4291E-1 1.39361E-1 1.36184E-1 1.34991E-1 1.30514E-1 1.30352E-1 1.31131E-1 1.36337E-1 1.40315E-1 1.36006E-1 1.30828E-1 1.29247E-1 1.31274E-1 1.29601E-1 1.32246E-1 1.32827E-1 1.30426E-1 1.2977E-1 1.27705E-1 1.29036E-1 1.3232E-1 1.26994E-1 1.23545E-1 1.22318E-1 1.22914E-1 1.2509E-1 1.315E-1
4.05931E-1 4.16462E-1 3.37767E-1 4.11158E-1 4.12534E-1 4.35142E-1 4.20638E-1 3.95736E-1 3.83575E-1 3.92944E-1 2.97445E-1 3.79075E-1 3.28026E-1 3.12005E-1 3.00434E-1 2.67085E-1 2.19861E-1 1.90708E-1 1.71443E-1 1.57399E-1 1.47585E-1 1.4261E-1 1.39865E-1 1.34125E-1 1.35079E-1 1.31556E-1 1.33592E-1 1.30315E-1 1.32143E-1 1.24988E-1 1.23365E-1 1.26523E-1 1.3567E-1 1.43248E-1 1.38477E-1 1.33979E-1 1.35208E-1 1.39487E-1 1.38901E-1 1.33512E-1 1.34722E-1 1.40384E-1 1.44192E-1 1.37152E-1 1.34419E-1 1.3281E-1 1.32724E-1 1.31538E-1 1.27126E-1 1.32789E-1 1.3118E-1 1.31909E-1 1.32773E-1 1.31818E-1 1.32974E-1 1.31078E-1 1.30127E-1 1.26479E-1 1.24239E-1 1.29829E-1 1.32882E-1
3.79654E-1 3.71578E-1 4.11035E-1 3.90306E-1 4.34823E-1 4.47182E-1 4.34529E-1 4.51562E-1 4.57942E-1 4.05219E-1 3.68546E-1 3.45752E-1 3.48783E-1 3.29033E-1 3.44426E-1 3.53156E-1 3.22528E-1 2.44557E-1 1.92015E-1 1.81126E-1 1.63347E-1 1.46084E-1 1.41452E-1 1.41307E-1 1.36104E-1 1.36884E-1 1.36668E-1 1.31721E-1 1.32699E-1 1.27553E-1 1.27684E-1 1.29248E-1 1.38704E-1 1.40285E-1 1.3698E-1 1.30399E-1 1.31809E-1 1.40287E-1 1.46034E-1 1.41787E-1 1.38969E-1 1.43179E-1 1.49608E-1 1.4858E-1 1.39847E-1 1.36701E-1 1.34191E-1 1.32466E-1 1.30125E-1 1.29008E-1 1.31431E-1 1.33803E-1 1.31632E-1 1.33271E-1 1.32708E-1 1.31888E-1 1.32043E-1 1.30316E-1 1.33462E-1 1.31638E-1 1.40892E-1
3.84173E-1 3.92332E-1 4.21335E-1 4.45622E-1 4.5634E-1 4.5142E-1 4.5471E-1 4.41641E-1 4.04293E-1 3.98238E-1 4.06779E-1 3.4794E-1 3.5019E-1 3.20408E-1 3.23908E-1 3.16052E-1 3.33565E-1 2.92773E-1 2.83792E-1 2.38315E-1 1.86887E-1 1.65142E-1 1.54822E-1 1.5203E-1 1.47964E-1 1.40001E-1 1.37858E-1 1.31317E-1 1.32796E-1 1.28081E-1 1.27433E-1 1.2915E-1 1.3476E-1 1.40066E-1 1.42092E-1 1.42443E-1 1.41638E-1 1.42411E-1 1.44803E-1 1.40201E-1 1.38501E-1 1.38063E-1 1.40332E-1 1.45175E-1 1.40246E-1 1.40075E-1 1.39402E-1 1.40445E-1 1.37623E-1 1.39266E-1 1.42039E-1 1.40045E-1 1.39375E-1 1.38011E-1 1.34732E-1 1.32228E-1 1.33456E-1 1.36814E-1 1.40397E-1 1.39339E-1 1.40415E-1
4.62633E-1 4.01374E-1 4.35812E-1 4.43941E-1 4.83446E-1 4.28892E-1 4.5655E-1 4.63704E-1 4.71982E-1 3.95422E-1 3.86566E-1 3.51965E-1 3.61599E-1 3.45364E-1 3.13011E-1 3.4561E-1 3.37173E-1 3.70831E-1 3.69933E-1 3.23513E-1 2.20493E-1 1.71181E-1 1.67325E-1 1.61357E-1 1.59185E-1 1.45835E-1 1.39677E-1 1.35551E-1 1.32934E-1 1.24345E-1 1.25781E-1 1.29937E-1 1.3428E-1 1.38495E-1 1.4233E-1 1.44344E-1 1.40381E-1 1.43315E-1 1.39537E-1 1.37954E-1 1.31203E-1 1.37791E-1 1.42356E-1 1.45713E-1 1.42723E-1 1.44981E-1 1.50191E-1 1.48233E-1 1.46221E-1 1.42537E-1 1.40787E-1 1.39714E-1 1.40344E-1 1.34378E-1 1.31069E-1 1.32851E-1 1.32764E-1 1.32866E-1 1.3753E-1 1.39778E-1 1.41867E-1
4.91565E-1 4.74035E-1 4.31417E-1 4.42962E-1 4.90509E-1 4.2538E-1 4.26006E-1 4.7501E-1 4.58327E-1 3.95351E-1 4.13452E-1 3.65706E-1 3.63146E-1 3.6658E-1 4.05749E-1 3.73671E-1 3.43543E-1 3.57963E-1 3.78454E-1 3.90549E-1 2.50327E-1 2.40873E-1 2.07725E-1 1.85153E-1 1.69125E-1 1.63737E-1 1.53331E-1 1.39911E-1 1.34971E-1 1.34845E-1 1.3222E-1 1.35912E-1 1.38249E-1 1.31943E-1 1.33781E-1 1.35624E-1 1.38563E-1 1.40133E-1 1.35044E-1 1.39416E-1 1.39271E-1 1.40635E-1 1.45981E-1 1.47676E-1 1.44184E-1 1.43047E-1 1.44513E-1 1.49519E-1 1.5531E-1 1.50487E-1 1.38959E-1 1.39497E-1 1.36052E-1 1.35436E-1 1.31185E-1 1.2858E-1 1.28214E-1 1.3127E-1 1.33782E-1 1.36264E-1 1.39192E-1
5.04236E-1 4.84411E-1 4.91582E-1 4.54882E-1 5.04957E-1 4.23193E-1 4.44834E-1 4.69078E-1 4.39553E-1 4.67704E-1 4.88036E-1 4.01019E-1 4.03066E-1 4.07486E-1 3.98948E-1 4.003E-1 3.77282E-1 3.79098E-1 3.99058E-1 3.8514E-1 2.87544E-1 3.71018E-1 3.18443E-1 2.45737E-1 1.97888E-1 1.85276E-1 1.67331E-1 1.54026E-1 1.45285E-1 1.4272E-1 1.44401E-1 1.41923E-1 1.36055E-1 1.33116E-1 1.33209E-1 1.34572E-1 1.39091E-1 1.39839E-1 1.37093E-1 1.4318E-1 1.43578E-1 1.40213E-1 1.42917E-1 1.47351E-1 1.43298E-1 1.45282E-1 1.47705E-1 1.37149E-1 1.3646E-1 1.38201E-1 1.38191E-1 1.33128E-1 1.2749E-1 1.24022E-1 1.21405E-1 1.24568E-1 1.2623E-1 1.2746E-1 1.26129E-1 1.26565E-1 1.29176E-1
5.62582E-1 5.14821E-1 5.39E-1 5.25209E-1 5.33972E-1 4.99916E-1 5.33925E-1 5.077E-1 5.38518E-1 4.92286E-1 4.81468E-1 4.6034E-1 4.72729E-1 4.256E-1 4.16601E-1 4.52985E-1 4.06782E-1 4.17246E-1 4.03415E-1 4.27308E-1 3.96615E-1 4.01022E-1 3.87781E-1 3.46121E-1 2.63031E-1 2.27342E-1 1.91981E-1 1.72518E-1 1.54031E-1 1.47416E-1 1.419E-1 1.39546E-1 1.41505E-1 1.3671E-1 1.41394E-1 1.43154E-1 1.42115E-1 1.47406E-1 1.51191E-1 1.50786E-1 1.48618E-1 1.4095E-1 1.37008E-1 1.44789E-1 1.44529E-1 1.43753E-1 1.45985E-1 1.41964E-1 1.36039E-1 1.30266E-1 1.28818E-1 1.30375E-1 1.24857E-1 1.1935E-1 1.18403E-1 1.2088E-1 1.20244E-1 1.23154E-1 1.20481E-1 1.17909E-1 1.2277E-1
5.31422E-1 5.02248E-1 5.05182E-1 5.3082E-1 5.71549E-1 5.37804E-1 5.43438E-1 5.14869E-1 5.88473E-1 5.01264E-1 4.75159E-1 4.71029E-1 4.6135E-1 3.94446E-1 4.2701E-1 4.46133E-1 4.11234E-1 4.05445E-1 3.96796E-1 4.4303E-1 4.1098E-1 3.8315E-1 4.23187E-1 4.06515E-1 3.53396E-1 2.7909E-1 2.24169E-1 1.85897E-1 1.5988E-1 1.48203E-1 1.39076E-1 1.38434E-1 1.37136E-1 1.41464E-1 1.43753E-1 1.46905E-1 1.48036E-1 1.47526E-1 1.51139E-1 1.55705E-1 1.49019E-1 1.41036E-1 1.39243E-1 1.39859E-1 1.4849E-1 1.51756E-1 1.46636E-1 1.43403E-1 1.4072E-1 1.24086E-1 1.25051E-1 1.25954E-1 1.29575E-1 1.23294E-1 1.18742E-1 1.21254E-1 1.22365E-1 1.2071E-1 1.23665E-1 1.19706E-1 1.21901E-1
4.81288E-1 4.75027E-1 5.32149E-1 5.15444E-1 6.06792E-1 6.23262E-1 6.01063E-1 5.14306E-1 6.21383E-1 6.35067E-1 5.84557E-1 4.99515E-1 5.14713E-1 5.14296E-1 3.43079E-1 3.74814E-1 4.32433E-1 4.20709E-1 3.96706E-1 4.0189E-1 3.90274E-1 3.79665E-1 3.81843E-1 4.16364E-1 3.90268E-1 3.36796E-1 2.53142E-1 2.00813E-1 1.69848E-1 1.5062E-1 1.40772E-1 1.39986E-1 1.35685E-1 1.37667E-1 1.45218E-1 1.45743E-1 1.45113E-1 1.46156E-1 1.48439E-1 1.47877E-1 1.43355E-1 1.39024E-1 1.38848E-1 1.38809E-1 1.48716E-1 1.59328E-1 1.55053E-1 1.40602E-1 1.36833E-1 1.28462E-1 1.23429E-1 1.27626E-1 1.27504E-1 1.2391E-1 1.19508E-1 1.20822E-1 1.20911E-1 1.21348E-1 1.23016E-1 1.27018E-1 1.25992E-1
5.81258E-1 5.55191E-1 5.06385E-1 5.86327E-1 6.20429E-1 6.10905E-1 6.51176E-1 6.51575E-1 5.354E-1 6.44667E-1 5.91649E-1 5.12371E-1 5.15491E-1 5.05898E-1 4.72141E-1 4.91064E-1 3.48244E-1 4.41712E-1 4.25439E-1 4.08036E-1 4.05965E-1 3.91674E-1 3.9635E-1 3.83919E-1 3.89501E-1 3.67659E-1 3.44422E-1 2.64917E-1 1.84354E-1 1.52558E-1 1.42603E-1 1.41373E-1 1.3906E-1 1.39526E-1 1.44346E-1 1.47938E-1 1.45908E-1 1.44131E-1 1.43888E-1 1.48546E-1 1.44053E-1 1.39678E-1 1.42739E-1 1.43034E-1 1.39158E-1 1.46623E-1 1.46489E-1 1.39599E-1 1.33547E-1 1.3139E-1 1.23425E-1 1.24424E-1 1.256E-1 1.24511E-1 1.2042E-1 1.18083E-1 1.19201E-1 1.20136E-1 1.21854E-1 1.31722E-1 1.3292E-1
5.09305E-1 4.97315E-1 5.59038E-1 6.29654E-1 5.80078E-1 5.92583E-1 7.06098E-1 6.6787E-1 6.07583E-1 5.67532E-1 6.16513E-1 5.39911E-1 5.19087E-1 5.25215E-1 4.64337E-1 5.24006E-1 4.77028E-1 3.50534E-1 4.56436E-1 4.259E-1 4.15688E-1 4.16797E-1 4.00928E-1 4.10695E-1 3.90865E-1 3.31209E-1 3.14686E-1 3.06811E-1 2.09028E-1 1.67246E-1 1.54813E-1 1.4913E-1 1.40795E-1 1.41672E-1 1.4262E-1 1.40991E-1 1.46022E-1 1.4578E-1 1.45449E-1 1.46584E-1 1.4516E-1 1.47521E-1 1.47364E-1 1.54883E-1 1.55826E-1 1.46429E-1 1.38764E-1 1.32486E-1 1.2341E-1 1.18904E-1 1.16685E-1 1.1827E-1 1.24365E-1 1.27678E-1 1.19233E-1 1.19709E-1 1.1885E-1 1.20172E-1 1.26077E-1 1.33162E-1 1.38922E-1
5.08097E-1 5.66293E-1 5.44347E-1 6.54428E-1 6.22629E-1 6.12733E-1 7.04758E-1 7.06161E-1 7.14439E-1 5.89656E-1 6.06293E-1 5.81493E-1 5.63213E-1 5.05609E-1 5.07816E-1 4.7002E-1 4.85523E-1 4.69493E-1 3.59931E-1 4.05522E-1 4.37691E-1 4.3736E-1 4.31613E-1 4.22439E-1 4.04482E-1 3.72769E-1 3.27546E-1 2.93619E-1 2.39926E-1 2.04013E-1 1.67795E-1 1.5451E-1 1.43192E-1 1.42445E-1 1.41371E-1 1.40635E-1 1.39414E-1 1.43041E-1 1.46416E-1 1.49919E-1 1.4814E-1 1.46787E-1 1.443E-1 1.49064E-1 1.48092E-1 1.46979E-1 1.35859E-1 1.2669E-1 1.19054E-1 1.18223E-1 1.13368E-1 1.13582E-1 1.16279E-1 1.18103E-1 1.22539E-1 1.19351E-1 1.21072E-1 1.23995E-1 1.25185E-1 1.30264E-1 1.38862E-1
4.5003E-1 4.88195E-1 5.08428E-1 5.58013E-1 5.9739E-1 6.26738E-1 6.38522E-1 6.96913E-1 6.99215E-1 6.80581E-1 6.1527E-1 6.43153E-1 5.67106E-1 5.10027E-1 5.2504E-1 4.82858E-1 4.789E-1 4.42519E-1 4.55064E-1 4.03133E-1 3.41289E-1 4.76391E-1 4.0968E-1 4.19336E-1 4.10626E-1 3.70531E-1 3.37621E-1 3.45065E-1 2.90272E-1 2.5806E-1 1.88024E-1 1.58524E-1 1.53504E-1 1.42966E-1 1.40034E-1 1.38014E-1 1.37219E-1 1.39942E-1 1.49145E-1 1.51207E-1 1.54442E-1 1.50575E-1 1.55967E-1 1.51488E-1 1.49111E-1 1.47838E-1 1.39449E-1 1.36042E-1 1.31475E-1 1.2616E-1 1.19578E-1 1.26992E-1 1.35655E-1 1.33362E-1 1.30009E-1 1.29452E-1 1.2857E-1 1.2899E-1 1.28512E-1 1.37266E-1 1.42035E-1
4.01606E-1 4.89548E-1 5.42017E-1 5.22337E-1 5.90811E-1 6.76624E-1 7.02639E-1 6.73626E-1 7.23337E-1 7.03678E-1 6.26118E-1 6.43404E-1 5.84765E-1 5.65004E-1 5.17137E-1 4.99349E-1 4.58606E-1 4.61577E-1 4.29918E-1 4.55721E-1 4.78861E-1 3.23704E-1 4.56199E-1 4.05319E-1 3.96639E-1 3.74561E-1 3.30169E-1 3.38307E-1 3.28154E-1 3.01415E-1 2.38466E-1 1.89454E-1 1.70155E-1 1.55853E-1 1.43583E-1 1.3346E-1 1.3947E-1 1.48779E-1 1.56738E-1 1.61656E-1 1.65107E-1 1.62846E-1 1.5664E-1 1.59345E-1 1.56074E-1 1.51828E-1 1.51699E-1 1.4978E-1 1.45919E-1 1.39324E-1 1.31453E-1 1.37312E-1 1.34203E-1 1.37261E-1 1.40374E-1 1.32935E-1 1.29221E-1 1.30365E-1 1.34764E-1 1.35448E-1 1.40964E-1
4.2152E-1 5.25274E-1 5.40935E-1 4.92149E-1 5.13532E-1 6.32869E-1 6.14211E-1 7.03531E-1 6.72526E-1 6.96461E-1 6.69937E-1 5.53946E-1 5.97386E-1 5.75024E-1 5.32233E-1 5.08888E-1 4.72996E-1 4.56122E-1 4.19813E-1 4.43826E-1 4.76523E-1 4.58704E-1 2.9509E-1 4.74194E-1 3.63207E-1 3.57197E-1 3.36649E-1 3.39716E-1 3.1329E-1 3.3133E-1 2.9174E-1 2.41643E-1 2.09046E-1 1.90027E-1 1.69325E-1 1.50592E-1 1.46614E-1 1.46189E-1 1.51585E-1 1.58737E-1 1.69587E-1 1.7379E-1 1.65396E-1 1.63331E-1 1.58285E-1 1.56383E-1 1.52506E-1 1.54226E-1 1.48769E-1 1.36711E-1 1.29122E-1 1.31464E-1 1.38856E-1 1.39521E-1 1.42027E-1 1.35173E-1 1.31754E-1 1.34584E-1 1.32751E-1 1.35999E-1 1.35154E-1
4.5659E-1 4.92944E-1 4.90808E-1 4.43073E-1 5.74839E-1 6.06031E-1 6.0939E-1 6.67322E-1 6.67531E-1 6.71066E-1 6.39873E-1 5.74945E-1 5.86053E-1 5.9881E-1 5.24969E-1 4.99871E-1 4.71907E-1 5.13917E-1 4.59642E-1 4.36933E-1 4.75121E-1 4.79808E-1 4.57251E-1 3.11682E-1 4.86503E-1 3.28358E-1 3.97554E-1 3.26623E-1 3.3395E-1 3.06599E-1 3.01412E-1 2.73034E-1 2.53698E-1 2.13056E-1 1.88192E-1 1.72355E-1 1.63523E-1 1.58773E-1 1.58765E-1 1.62083E-1 1.67794E-1 1.73057E-1 1.67992E-1 1.63459E-1 1.61121E-1 1.57801E-1 1.59105E-1 1.61414E-1 1.54702E-1 1.46252E-1 1.3711E-1 1.39669E-1 1.41046E-1 1.44032E-1 1.41072E-1 1.41856E-1 1.41711E-1 1.39996E-1 1.39024E-1 1.34628E-1 1.34139E-1
5.29318E-1 5.09824E-1 4.94051E-1 4.70826E-1 5.48047E-1 4.91878E-1 6.29708E-1 6.46282E-1 6.53268E-1 6.82506E-1 6.26817E-1 6.20155E-1 6.03451E-1 5.47435E-1 5.24921E-1 4.87124E-1 5.02455E-1 5.18922E-1 4.83916E-1 4.54522E-1 4.53613E-1 4.81877E-1 5.0438E-1 3.77837E-1 3.79767E-1 4.22506E-1 3.8975E-1 3.4281E-1 3.67961E-1 3.17418E-1 3.44537E-1 3.25667E-1 2.86963E-1 2.44056E-1 2.07975E-1 1.83876E-1 1.71855E-1 1.70458E-1 1.64355E-1 1.65946E-1 1.65463E-1 1.65691E-1 1.69039E-1 1.72288E-1 1.68103E-1 1.67715E-1 1.69043E-1 1.63636E-1 1.58251E-1 1.47486E-1 1.45012E-1 1.42928E-1 1.43857E-1 1.44729E-1 1.43777E-1 1.44757E-1 1.4204E-1 1.37985E-1 1.40667E-1 1.32786E-1 1.30359E-1
5.08029E-1 5.04773E-1 4.94285E-1 5.46523E-1 6.0773E-1 6.6784E-1 6.6631E-1 6.48109E-1 6.49528E-1 6.418E-1 6.14066E-1 6.35532E-1 5.57126E-1 5.33733E-1 5.33676E-1 4.99114E-1 4.85346E-1 5.27348E-1 4.76483E-1 4.49776E-1 4.56342E-1 4.79346E-1 4.71968E-1 4.61702E-1 2.99382E-1 3.86293E-1 4.24008E-1 4.42712E-1 3.96611E-1 3.41552E-1 3.55534E-1 3.63926E-1 3.25604E-1 2.62411E-1 2.2132E-1 1.83048E-1 1.7479E-1 1.77987E-1 1.77278E-1 1.71664E-1 1.74361E-1 1.66399E-1 1.70664E-1 1.72053E-1 1.75964E-1 1.76046E-1 1.78159E-1 1.68802E-1 1.68917E-1 1.58644E-1 1.52277E-1 1.5268E-1 1.55702E-1 1.57384E-1 1.59236E-1 1.55147E-1 1.50241E-1 1.4874E-1 1.46701E-1 1.41018E-1 1.37837E-1
4.50155E-1 4.72772E-1 4.47627E-1 5.3044E-1 5.99369E-1 6.56475E-1 6.58404E-1 6.37696E-1 6.47921E-1 6.27799E-1 6.64991E-1 6.28486E-1 5.69576E-1 5.51323E-1 5.61653E-1 5.09466E-1 5.10002E-1 5.38628E-1 4.90061E-1 4.57275E-1 4.62139E-1 4.59405E-1 4.83284E-1 4.95666E-1 2.76939E-1 4.8188E-1 4.73887E-1 4.66628E-1 4.44393E-1 3.87108E-1 4.01744E-1 3.9742E-1 3.42727E-1 2.8018E-1 2.28341E-1 1.92467E-1 1.77511E-1 1.84163E-1 1.85901E-1 1.83236E-1 1.77791E-1 1.73372E-1 1.78935E-1 1.82784E-1 1.8052E-1 1.82407E-1 1.85643E-1 1.78317E-1 1.77776E-1 1.67758E-1 1.71648E-1 1.72851E-1 1.71147E-1 1.66711E-1 1.68529E-1 1.67416E-1 1.66254E-1 1.67194E-1 1.60233E-1 1.58768E-1 1.57643E-1
4.56884E-1 4.79391E-1 5.06285E-1 4.8852E-1 5.3711E-1 6.23256E-1 5.8322E-1 6.32709E-1 6.27653E-1 6.04018E-1 6.38561E-1 5.87048E-1 5.74426E-1 5.55832E-1 5.23107E-1 5.18811E-1 5.0446E-1 5.26787E-1 4.9385E-1 4.70556E-1 4.72911E-1 4.80168E-1 4.77617E-1 4.22337E-1 2.88483E-1 4.80264E-1 5.03092E-1 4.62815E-1 4.72413E-1 4.53651E-1 4.47544E-1 4.40284E-1 4.06472E-1 2.9815E-1 2.27056E-1 2.04019E-1 1.79979E-1 1.91124E-1 1.95838E-1 1.94005E-1 1.89939E-1 1.88526E-1 1.84344E-1 1.92682E-1 1.88876E-1 1.95508E-1 1.96892E-1 1.90575E-1 1.892E-1 1.89478E-1 1.81443E-1 1.72804E-1 1.65314E-1 1.70894E-1 1.73718E-1 1.7145E-1 1.68755E-1 1.71129E-1 1.74776E-1 1.69199E-1 1.66325E-1
4.08963E-1 4.8989E-1 5.40119E-1 4.67141E-1 4.74296E-1 5.11291E-1 5.76587E-1 6.10504E-1 5.80426E-1 5.6885E-1 5.92054E-1 5.49389E-1 5.38963E-1 5.20107E-1 4.93746E-1 5.07773E-1 5.11199E-1 5.31087E-1 5.13674E-1 4.75366E-1 4.69862E-1 4.73715E-1 4.60965E-1 3.79762E-1 3.19916E-1 3.27615E-1 4.47434E-1 4.35539E-1 4.42363E-1 4.52621E-1 4.70818E-1 4.83831E-1 4.5101E-1 3.555E-1 2.54065E-1 2.15693E-1 2.05883E-1 1.98867E-1 2.0105E-1 2.02712E-1 1.95519E-1 1.96433E-1 1.96871E-1 1.85097E-1 1.81004E-1 1.82525E-1 1.85786E-1 1.84721E-1 1.88693E-1 1.91886E-1 1.91E-1 1.79877E-1 1.70475E-1 1.66721E-1 1.65895E-1 1.58896E-1 1.62121E-1 1.6921E-1 1.7049E-1 1.76467E-1 1.74993E-1
