maxent_outputs/red_flowers_troch_bombus_environ/red_228.asc
ncols         426
nrows         180
xllcorner     -130.0
yllcorner     24.0
cellsize      0.16666666666666666
NODATA_value  -9999
[rows 54 to 80 of 180, columns 305 to 365 of 426]
5.36375E-1 5.4076E-1 5.52139E-1 5.47512E-1 5.25752E-1 5.03839E-1 4.77519E-1 4.5563E-1 4.43321E-1 4.31847E-1 4.0934E-1 4.16224E-1 4.02941E-1 3.86044E-1 4.01965E-1 4.26477E-1 4.31068E-1 4.39964E-1 4.61614E-1 4.7535E-1 5.03831E-1 5.25744E-1 5.01733E-1 5.31872E-1 5.52844E-1 5.34975E-1 5.01302E-1 4.96314E-1 4.81071E-1 4.82606E-1 4.54506E-1 4.26799E-1 3.80197E-1 2.91669E-1 2.37119E-1 2.81589E-1 3.17754E-1 3.70492E-1 4.21903E-1 5.30155E-1 5.32496E-1 4.91075E-1 4.79753E-1 4.86863E-1 4.67804E-1 4.23682E-1 3.89881E-1 4.71295E-1 4.05816E-1 4.24335E-1 4.55817E-1 5.4472E-1 5.53361E-1 5.52395E-1 5.3763E-1 5.25834E-1 5.286E-1 5.44183E-1 5.63163E-1 5.7509E-1 5.9455E-1
5.31404E-1 5.30846E-1 5.51713E-1 5.43359E-1 5.28326E-1 5.05697E-1 4.81276E-1 4.68068E-1 4.55393E-1 4.38524E-1 4.3343E-1 4.2976E-1 4.20644E-1 4.19359E-1 4.31256E-1 4.66928E-1 4.95953E-1 5.21802E-1 5.10591E-1 5.02405E-1 4.98105E-1 4.83492E-1 4.69884E-1 4.50385E-1 4.43565E-1 4.33561E-1 4.30594E-1 4.36191E-1 4.50875E-1 4.40032E-1 4.40435E-1 4.26227E-1 3.92873E-1 3.14598E-1 2.72932E-1 3.00294E-1 3.15014E-1 3.53087E-1 4.29923E-1 4.98262E-1 4.88561E-1 4.55227E-1 4.63214E-1 4.51051E-1 4.2592E-1 4.06841E-1 4.83186E-1 4.24611E-1 3.86323E-1 4.29229E-1 5.36665E-1 5.63626E-1 5.55262E-1 5.90635E-1 6.0621E-1 5.60489E-1 5.47646E-1 5.44612E-1 5.77787E-1 6.05333E-1 6.4671E-1
5.41997E-1 5.45824E-1 5.47097E-1 5.31157E-1 5.29522E-1 5.01855E-1 4.84066E-1 4.81377E-1 4.81552E-1 4.66074E-1 4.54673E-1 4.58024E-1 4.50935E-1 4.54904E-1 4.81648E-1 5.32208E-1 5.67594E-1 5.54438E-1 5.48803E-1 5.25093E-1 5.04324E-1 4.68777E-1 4.16772E-1 3.99459E-1 3.86522E-1 4.13977E-1 4.18722E-1 4.41472E-1 4.39959E-1 4.33454E-1 4.24172E-1 4.02509E-1 3.77933E-1 3.54527E-1 3.66082E-1 3.37599E-1 3.27194E-1 3.59559E-1 4.43604E-1 4.21201E-1 4.34228E-1 4.56443E-1 4.26354E-1 4.09658E-1 4.16395E-1 3.75636E-1 4.6886E-1 4.13815E-1 4.77919E-1 5.7346E-1 5.22632E-1 5.32534E-1 5.58588E-1 6.21328E-1 6.36339E-1 6.19995E-1 5.73906E-1 5.62017E-1 6.1488E-1 6.61279E-1 6.9782E-1
5.21136E-1 5.26971E-1 5.20155E-1 5.218E-1 5.18465E-1 4.82656E-1 4.61487E-1 4.66363E-1 4.72768E-1 4.77531E-1 4.87873E-1 5.05415E-1 4.97324E-1 4.93934E-1 5.4213E-1 5.92618E-1 5.92867E-1 5.70519E-1 5.49756E-1 5.47571E-1 5.19682E-1 4.568E-1 4.06479E-1 4.03951E-1 4.06016E-1 4.18397E-1 4.33798E-1 4.40149E-1 4.47266E-1 4.28964E-1 4.06185E-1 4.25305E-1 4.06123E-1 4.03199E-1 4.02671E-1 3.82784E-1 3.34936E-1 3.86827E-1 4.26215E-1 4.58333E-1 4.44925E-1 4.4814E-1 3.92194E-1 3.7665E-1 3.70737E-1 3.61494E-1 5.33019E-1 5.55902E-1 6.08555E-1 6.03913E-1 5.64629E-1 5.948E-1 6.09788E-1 6.42352E-1 6.46861E-1 6.38562E-1 6.09248E-1 6.30631E-1 6.72062E-1 7.1049E-1 7.34107E-1
4.78848E-1 5.14356E-1 5.16264E-1 5.15057E-1 5.17935E-1 4.93326E-1 4.75307E-1 4.6202E-1 4.7638E-1 5.10164E-1 5.42264E-1 5.55762E-1 5.51949E-1 5.459E-1 5.83658E-1 6.0627E-1 6.28609E-1 6.14246E-1 6.0706E-1 5.44241E-1 4.88027E-1 4.54752E-1 4.29587E-1 4.26027E-1 4.32539E-1 4.47842E-1 4.57696E-1 4.79747E-1 4.69984E-1 4.55818E-1 4.40757E-1 4.31544E-1 4.52487E-1 4.40808E-1 4.09036E-1 3.77995E-1 3.68512E-1 4.53828E-1 4.43723E-1 4.30533E-1 4.43511E-1 4.63171E-1 3.97793E-1 3.89687E-1 3.96025E-1 5.67596E-1 7.16193E-1 8.49064E-1 7.36349E-1 6.69091E-1 6.64647E-1 6.45068E-1 6.729E-1 6.77534E-1 6.83497E-1 6.81812E-1 6.77445E-1 6.97679E-1 7.21769E-1 7.49434E-1 7.47373E-1
5.01125E-1 5.14755E-1 4.94759E-1 5.45593E-1 5.49023E-1 5.05009E-1 4.84684E-1 4.89259E-1 5.15291E-1 5.53349E-1 5.85433E-1 6.22915E-1 5.86876E-1 6.38812E-1 6.82711E-1 7.33266E-1 6.98315E-1 6.49959E-1 6.04073E-1 5.4421E-1 4.96769E-1 4.88049E-1 4.83232E-1 4.73844E-1 4.72787E-1 4.83831E-1 5.07854E-1 5.17532E-1 5.0397E-1 4.77936E-1 4.68341E-1 5.06734E-1 4.87858E-1 4.53984E-1 4.26226E-1 3.77359E-1 4.09031E-1 5.04033E-1 5.17685E-1 4.82585E-1 4.96799E-1 4.69997E-1 4.21044E-1 4.85821E-1 6.04736E-1 7.30825E-1 7.67774E-1 7.67188E-1 7.58017E-1 7.09083E-1 7.13794E-1 7.16392E-1 7.20137E-1 7.29839E-1 7.41768E-1 7.40307E-1 7.42731E-1 7.56273E-1 7.47466E-1 7.38112E-1 7.39773E-1
5.22813E-1 5.66417E-1 5.52288E-1 6.03933E-1 6.31066E-1 6.42119E-1 6.31132E-1 6.38106E-1 6.59818E-1 6.8602E-1 6.91943E-1 6.81632E-1 6.22767E-1 7.13161E-1 7.7071E-1 7.78638E-1 7.7257E-1 7.14299E-1 6.54727E-1 6.13302E-1 5.97476E-1 5.39735E-1 5.06688E-1 5.23907E-1 5.31453E-1 5.43224E-1 5.59675E-1 5.54664E-1 5.47851E-1 5.04448E-1 4.7952E-1 4.84771E-1 4.82164E-1 4.76512E-1 4.34394E-1 3.97741E-1 4.43959E-1 5.51085E-1 5.507E-1 4.94729E-1 5.22727E-1 5.0303E-1 4.97508E-1 5.59478E-1 6.36186E-1 7.06479E-1 8.02699E-1 7.99411E-1 7.80854E-1 7.4539E-1 7.32811E-1 7.83425E-1 7.67363E-1 7.43577E-1 7.55457E-1 7.56333E-1 7.75687E-1 7.8824E-1 7.7598E-1 7.93532E-1 8.42992E-1
6.17194E-1 6.70022E-1 6.73343E-1 6.85883E-1 6.93438E-1 6.72375E-1 6.60642E-1 6.6207E-1 6.86157E-1 7.11422E-1 7.4522E-1 7.61715E-1 7.60457E-1 7.8899E-1 8.09643E-1 8.21379E-1 8.18728E-1 7.59475E-1 6.93792E-1 6.87013E-1 6.56138E-1 6.27839E-1 5.8511E-1 6.17264E-1 6.32052E-1 6.14439E-1 6.29117E-1 6.20748E-1 6.09069E-1 5.3387E-1 5.43782E-1 5.23961E-1 5.15739E-1 5.17339E-1 4.69734E-1 4.3231E-1 4.49095E-1 5.75436E-1 5.88652E-1 5.78186E-1 5.55495E-1 5.19268E-1 5.7771E-1 6.28102E-1 6.42516E-1 6.904E-1 7.31783E-1 7.84354E-1 7.56473E-1 7.43291E-1 7.29729E-1 7.5582E-1 7.40517E-1 7.5874E-1 8.01611E-1 7.92406E-1 7.83063E-1 8.08773E-1 -9999 8.8672E-1 -9999
6.82596E-1 6.84312E-1 6.85565E-1 6.87186E-1 6.70045E-1 6.49895E-1 6.42037E-1 6.44346E-1 6.69589E-1 7.00317E-1 7.21234E-1 7.49047E-1 7.66143E-1 7.87778E-1 8.01596E-1 8.11385E-1 8.01049E-1 7.62195E-1 7.37248E-1 7.3949E-1 7.16669E-1 6.8617E-1 7.03355E-1 7.0502E-1 7.17468E-1 7.02088E-1 6.94065E-1 6.85851E-1 6.64908E-1 6.24971E-1 5.91534E-1 5.80907E-1 5.41988E-1 5.38653E-1 4.82391E-1 4.50499E-1 4.62784E-1 5.14855E-1 6.67914E-1 6.3515E-1 5.77624E-1 5.93905E-1 6.11963E-1 6.36127E-1 6.52982E-1 6.73711E-1 6.99812E-1 7.62166E-1 7.68011E-1 7.49858E-1 7.49292E-1 7.53675E-1 7.49756E-1 7.7583E-1 -9999 -9999 -9999 -9999 -9999 -9999 -9999
6.84571E-1 6.87445E-1 6.7496E-1 6.40238E-1 6.19723E-1 5.83528E-1 5.60153E-1 5.53278E-1 5.95496E-1 6.6075E-1 6.89817E-1 7.05039E-1 7.10836E-1 7.22159E-1 7.23724E-1 6.97238E-1 7.02123E-1 6.97886E-1 7.2974E-1 7.52163E-1 7.44005E-1 7.35681E-1 7.82423E-1 7.65942E-1 7.20657E-1 7.11662E-1 7.17386E-1 7.21228E-1 7.00998E-1 6.57106E-1 6.38001E-1 6.02072E-1 5.60386E-1 5.05751E-1 4.68192E-1 4.70665E-1 5.57353E-1 6.26697E-1 6.89013E-1 6.5491E-1 6.17753E-1 6.56676E-1 6.45886E-1 6.5487E-1 6.84856E-1 6.62518E-1 6.81652E-1 7.16853E-1 7.546E-1 7.58395E-1 7.62236E-1 7.71998E-1 7.80395E-1 -9999 -9999 -9999 -9999 -9999 -9999 -9999 -9999
6.17838E-1 6.27977E-1 6.13956E-1 5.84189E-1 5.42177E-1 5.01698E-1 4.65463E-1 4.48445E-1 5.03812E-1 5.68012E-1 5.71868E-1 5.6405E-1 5.55129E-1 5.85467E-1 6.0931E-1 6.32937E-1 6.50068E-1 6.47243E-1 6.58658E-1 6.97874E-1 6.67266E-1 6.21311E-1 6.20125E-1 6.40301E-1 6.39283E-1 6.69675E-1 6.98092E-1 7.02711E-1 7.08341E-1 6.62489E-1 6.37687E-1 6.04832E-1 5.44819E-1 4.75341E-1 4.67316E-1 5.42364E-1 6.73151E-1 7.58988E-1 7.58354E-1 6.86722E-1 6.50935E-1 7.17531E-1 7.21775E-1 7.2358E-1 7.01079E-1 6.38122E-1 6.37013E-1 7.05126E-1 7.25993E-1 7.40205E-1 7.92595E-1 7.94058E-1 -9999 -9999 -9999 -9999 -9999 -9999 -9999 -9999 -9999
6.21179E-1 6.33704E-1 6.13356E-1 5.76982E-1 5.40741E-1 4.84355E-1 4.4137E-1 4.36976E-1 4.69006E-1 5.07571E-1 5.1505E-1 5.16756E-1 5.21254E-1 5.4098E-1 5.66268E-1 5.6633E-1 5.78502E-1 5.85521E-1 5.69737E-1 5.97872E-1 5.86995E-1 5.64652E-1 5.69789E-1 5.67069E-1 5.74226E-1 5.60764E-1 5.70896E-1 6.56846E-1 6.59717E-1 6.39814E-1 6.19136E-1 5.91572E-1 5.43043E-1 4.85514E-1 4.77755E-1 6.02237E-1 7.39645E-1 8.32415E-1 7.80686E-1 7.45404E-1 6.70365E-1 7.40637E-1 7.89606E-1 7.74689E-1 7.53723E-1 6.98596E-1 6.60459E-1 6.95927E-1 7.13893E-1 7.45514E-1 8.02017E-1 7.91529E-1 -9999 -9999 -9999 -9999 -9999 -9999 -9999 -9999 -9999
5.81151E-1 6.27043E-1 6.23683E-1 5.89153E-1 5.55704E-1 4.99425E-1 4.55724E-1 4.31581E-1 4.3128E-1 4.36503E-1 4.59261E-1 4.75604E-1 4.8592E-1 5.14391E-1 5.28763E-1 5.17341E-1 5.45067E-1 5.85432E-1 6.00548E-1 6.05489E-1 6.26022E-1 5.87114E-1 5.95778E-1 6.02699E-1 5.81397E-1 5.73752E-1 5.40802E-1 5.50129E-1 5.75238E-1 5.78382E-1 5.91366E-1 5.6779E-1 5.33557E-1 4.95912E-1 4.93652E-1 5.81858E-1 8.14254E-1 8.62815E-1 8.35586E-1 7.24603E-1 6.97935E-1 7.11641E-1 8.10074E-1 7.90471E-1 7.8992E-1 7.50115E-1 7.09699E-1 7.50198E-1 7.66071E-1 8.00625E-1 8.06138E-1 9.04192E-1 -9999 -9999 -9999 -9999 -9999 -9999 -9999 -9999 -9999
6.16854E-1 5.92901E-1 5.93129E-1 5.90495E-1 5.511E-1 5.28181E-1 4.617E-1 4.09974E-1 4.03507E-1 4.26749E-1 4.72391E-1 4.55331E-1 4.63295E-1 5.04222E-1 5.25348E-1 5.16881E-1 5.63033E-1 6.14842E-1 6.20387E-1 6.1547E-1 6.09595E-1 5.82472E-1 5.83853E-1 5.64853E-1 5.62308E-1 5.58633E-1 5.71054E-1 5.56676E-1 5.7137E-1 5.8666E-1 5.78242E-1 5.49743E-1 5.31857E-1 5.38224E-1 6.21702E-1 6.69075E-1 8.08161E-1 8.47696E-1 8.36576E-1 7.69335E-1 7.18127E-1 7.56878E-1 7.79617E-1 8.02481E-1 8.12031E-1 8.01511E-1 8.02314E-1 8.13651E-1 8.43024E-1 8.22546E-1 8.20608E-1 8.35923E-1 -9999 -9999 -9999 -9999 -9999 -9999 -9999 -9999 -9999
5.28606E-1 5.3695E-1 5.58276E-1 5.48656E-1 5.16404E-1 4.96988E-1 4.44084E-1 4.27759E-1 3.97314E-1 4.0739E-1 4.25809E-1 4.43688E-1 4.47362E-1 4.5628E-1 5.0914E-1 5.2707E-1 5.66264E-1 6.02627E-1 6.25696E-1 6.17935E-1 6.17187E-1 5.87634E-1 5.81971E-1 5.55657E-1 5.44573E-1 5.45659E-1 5.39655E-1 5.57872E-1 5.72356E-1 5.91082E-1 6.08162E-1 5.57466E-1 5.38409E-1 5.68569E-1 6.46792E-1 7.38571E-1 7.89941E-1 8.10855E-1 8.22944E-1 7.40456E-1 7.69961E-1 7.41703E-1 7.62268E-1 8.06124E-1 8.25509E-1 8.3082E-1 8.42834E-1 8.54609E-1 8.54153E-1 8.34549E-1 8.23925E-1 8.23952E-1 -9999 -9999 -9999 -9999 -9999 -9999 -9999 -9999 -9999
5.37348E-1 5.40584E-1 5.42712E-1 5.30284E-1 4.89645E-1 4.6549E-1 4.32616E-1 4.46466E-1 4.12319E-1 4.03553E-1 3.99616E-1 4.32306E-1 4.3742E-1 4.52343E-1 5.00517E-1 5.26349E-1 5.66362E-1 6.21357E-1 6.24373E-1 6.2474E-1 6.1666E-1 6.02065E-1 5.97629E-1 5.77582E-1 5.58447E-1 5.44792E-1 5.24878E-1 5.59466E-1 5.71956E-1 6.18942E-1 5.89212E-1 5.89001E-1 5.58193E-1 5.88964E-1 6.64557E-1 7.18911E-1 7.99112E-1 8.22558E-1 8.32273E-1 7.44551E-1 8.06102E-1 7.76799E-1 7.68722E-1 8.17359E-1 8.42286E-1 8.61433E-1 8.55941E-1 8.79731E-1 8.74816E-1 8.52681E-1 -9999 -9999 -9999 -9999 -9999 -9999 -9999 -9999 -9999 -9999 -9999
5.55142E-1 5.63697E-1 5.63296E-1 5.30048E-1 4.98786E-1 4.55563E-1 4.40566E-1 4.33936E-1 4.3821E-1 4.33569E-1 4.20507E-1 4.28671E-1 4.59137E-1 4.64432E-1 4.87745E-1 5.30335E-1 5.69764E-1 6.00862E-1 6.23483E-1 6.34764E-1 6.23245E-1 6.21484E-1 6.1606E-1 6.19973E-1 5.95989E-1 5.66013E-1 5.63472E-1 6.05038E-1 6.83647E-1 7.05839E-1 7.1689E-1 6.1719E-1 6.00877E-1 6.53502E-1 7.01252E-1 7.69372E-1 8.37009E-1 8.54801E-1 8.29781E-1 7.91513E-1 8.0095E-1 8.16098E-1 8.18879E-1 8.5355E-1 8.72579E-1 8.82265E-1 8.6834E-1 8.95709E-1 8.87617E-1 8.73058E-1 8.65258E-1 -9999 -9999 -9999 -9999 -9999 -9999 -9999 -9999 -9999 -9999
5.77898E-1 5.87444E-1 5.81077E-1 5.514E-1 4.89831E-1 4.72098E-1 4.58326E-1 4.5056E-1 4.52765E-1 4.46724E-1 4.31881E-1 4.41634E-1 4.57764E-1 4.76544E-1 4.95782E-1 5.28256E-1 5.58511E-1 5.81168E-1 6.18047E-1 6.31236E-1 6.31433E-1 6.36831E-1 6.52459E-1 6.57192E-1 6.43805E-1 6.22607E-1 6.3569E-1 7.39515E-1 7.83446E-1 7.68454E-1 7.30025E-1 6.36953E-1 6.48455E-1 6.78446E-1 7.52275E-1 7.89977E-1 8.5448E-1 8.70947E-1 8.29327E-1 8.18003E-1 8.45087E-1 8.69345E-1 8.73452E-1 8.67137E-1 8.93283E-1 8.98863E-1 8.87295E-1 8.93458E-1 9.01951E-1 8.87524E-1 8.79525E-1 8.78188E-1 -9999 8.158E-1 8.18609E-1 -9999 -9999 -9999 -9999 -9999 -9999
5.90081E-1 6.09698E-1 6.16129E-1 5.88568E-1 5.26201E-1 4.90937E-1 4.75497E-1 4.92085E-1 4.76357E-1 4.53489E-1 4.42697E-1 4.37803E-1 4.62047E-1 4.76695E-1 5.12022E-1 5.33745E-1 5.65484E-1 5.91501E-1 6.164E-1 6.39561E-1 6.39286E-1 6.63928E-1 6.9011E-1 6.83964E-1 6.87172E-1 6.92768E-1 7.26217E-1 7.63884E-1 8.12993E-1 7.45858E-1 6.72943E-1 6.62185E-1 6.85873E-1 7.12537E-1 7.54176E-1 8.3146E-1 8.5503E-1 8.69635E-1 8.44431E-1 8.43842E-1 8.65756E-1 8.77697E-1 8.86131E-1 8.72671E-1 9.07108E-1 8.88989E-1 8.78879E-1 8.94708E-1 9.05569E-1 9.04897E-1 8.86768E-1 8.66945E-1 -9999 -9999 8.40503E-1 8.61457E-1 -9999 -9999 -9999 -9999 -9999
5.90431E-1 6.09953E-1 6.20256E-1 6.12752E-1 5.64835E-1 5.40797E-1 5.01924E-1 5.01621E-1 5.01859E-1 4.79796E-1 4.49698E-1 4.30284E-1 4.61127E-1 4.92977E-1 5.18612E-1 5.45428E-1 5.66025E-1 5.76816E-1 5.90401E-1 6.07228E-1 6.22866E-1 6.65751E-1 7.00824E-1 6.98139E-1 6.88772E-1 7.0258E-1 7.36238E-1 7.29077E-1 7.27698E-1 7.09463E-1 6.60352E-1 6.67692E-1 6.97233E-1 7.68025E-1 8.08771E-1 8.45493E-1 8.66773E-1 8.708E-1 8.70238E-1 8.72093E-1 8.89979E-1 8.81109E-1 8.87957E-1 8.8901E-1 8.96227E-1 8.69596E-1 8.66309E-1 8.8713E-1 9.02038E-1 8.98439E-1 8.78491E-1 8.65404E-1 8.60773E-1 8.59167E-1 8.68824E-1 8.74447E-1 -9999 -9999 -9999 -9999 -9999
6.07524E-1 6.00661E-1 6.00586E-1 6.01312E-1 6.03384E-1 5.61918E-1 5.39836E-1 5.43246E-1 5.24814E-1 5.07742E-1 4.81869E-1 4.66951E-1 4.86555E-1 5.19711E-1 5.56501E-1 5.74376E-1 5.74748E-1 5.91243E-1 6.02291E-1 5.97231E-1 6.06011E-1 6.54436E-1 6.99703E-1 6.95944E-1 7.17032E-1 7.3848E-1 7.66205E-1 7.75203E-1 7.30289E-1 6.70538E-1 6.83673E-1 6.97803E-1 7.37455E-1 7.97673E-1 8.15753E-1 8.42789E-1 8.68504E-1 8.89956E-1 8.9262E-1 9.06268E-1 9.0624E-1 9.08877E-1 9.01432E-1 8.98432E-1 8.81666E-1 8.51267E-1 8.4294E-1 8.69773E-1 8.7734E-1 8.85754E-1 8.86556E-1 8.67981E-1 8.56091E-1 8.55978E-1 8.63058E-1 8.8275E-1 -9999 -9999 -9999 -9999 -9999
6.14012E-1 6.0233E-1 5.95873E-1 6.0655E-1 6.08188E-1 5.88976E-1 5.78971E-1 5.60232E-1 5.52615E-1 5.46651E-1 5.35376E-1 5.35404E-1 5.51004E-1 5.71216E-1 5.95303E-1 5.94074E-1 6.07035E-1 6.22512E-1 6.32673E-1 6.04888E-1 6.04138E-1 6.63958E-1 7.00702E-1 7.3226E-1 7.40572E-1 7.50256E-1 7.58612E-1 7.55263E-1 7.26386E-1 7.14052E-1 7.51592E-1 7.76773E-1 7.99997E-1 8.17611E-1 8.44482E-1 8.60625E-1 8.96632E-1 9.07442E-1 9.17407E-1 9.27298E-1 9.28232E-1 9.26813E-1 9.02792E-1 8.78919E-1 8.57564E-1 8.36354E-1 8.42938E-1 8.63136E-1 8.67782E-1 8.81664E-1 8.72699E-1 8.48799E-1 8.51995E-1 8.60643E-1 8.19663E-1 -9999 -9999 -9999 -9999 -9999 -9999
6.48443E-1 6.33674E-1 6.29399E-1 6.36326E-1 6.5062E-1 6.33081E-1 6.07143E-1 5.90725E-1 5.85444E-1 5.79737E-1 5.95705E-1 6.02642E-1 6.13561E-1 6.39449E-1 6.12826E-1 5.95701E-1 6.03138E-1 6.02929E-1 6.15559E-1 6.12216E-1 6.63257E-1 7.26852E-1 7.75969E-1 7.70602E-1 7.55851E-1 7.5433E-1 7.49692E-1 7.52603E-1 7.79714E-1 7.91339E-1 8.02885E-1 7.89141E-1 7.98067E-1 8.36409E-1 8.65771E-1 8.81412E-1 8.98264E-1 9.19763E-1 9.31139E-1 9.2866E-1 9.26218E-1 9.13634E-1 8.93155E-1 8.7949E-1 8.54008E-1 8.40641E-1 -9999 -9999 -9999 -9999 8.72112E-1 -9999 -9999 8.20814E-1 7.90956E-1 7.924E-1 -9999 -9999 -9999 -9999 -9999
6.67964E-1 6.70929E-1 6.56003E-1 6.85684E-1 6.6221E-1 6.38547E-1 6.24074E-1 6.20085E-1 6.25958E-1 6.15214E-1 6.22282E-1 6.40667E-1 6.59179E-1 6.58084E-1 6.20834E-1 6.08971E-1 5.93914E-1 6.21369E-1 6.47127E-1 6.68449E-1 6.9891E-1 7.39344E-1 7.73778E-1 7.32137E-1 7.43835E-1 7.48127E-1 7.43083E-1 7.9825E-1 8.36356E-1 8.17291E-1 8.0355E-1 8.11617E-1 8.33331E-1 8.51852E-1 8.66151E-1 8.71302E-1 9.11942E-1 -9999 -9999 9.07818E-1 9.11563E-1 8.94008E-1 8.82262E-1 8.71396E-1 -9999 8.32995E-1 -9999 -9999 -9999 -9999 -9999 -9999 -9999 -9999 -9999 -9999 -9999 -9999 -9999 -9999 -9999
7.14346E-1 7.15689E-1 7.13049E-1 6.95324E-1 6.96022E-1 6.66131E-1 6.73845E-1 6.61164E-1 6.45543E-1 6.45156E-1 6.62769E-1 6.73831E-1 6.95949E-1 6.69692E-1 6.4928E-1 6.22405E-1 6.19998E-1 6.68106E-1 7.13683E-1 7.29825E-1 7.16463E-1 7.16578E-1 7.0369E-1 7.35164E-1 7.47068E-1 7.64714E-1 7.97938E-1 8.2997E-1 8.26268E-1 8.16683E-1 8.21552E-1 8.43132E-1 8.43319E-1 8.76022E-1 8.90996E-1 8.88703E-1 8.86532E-1 8.99579E-1 8.75206E-1 8.46772E-1 8.92562E-1 8.77058E-1 8.74374E-1 -9999 -9999 -9999 -9999 -9999 -9999 -9999 -9999 -9999 -9999 -9999 -9999 -9999 -9999 -9999 -9999 -9999 -9999
7.26974E-1 7.39544E-1 7.25303E-1 7.14194E-1 7.11951E-1 7.10393E-1 6.89515E-1 6.84221E-1 6.88025E-1 6.72781E-1 6.89525E-1 7.0525E-1 7.19266E-1 6.96146E-1 6.88021E-1 6.71756E-1 6.79179E-1 7.03172E-1 7.49066E-1 7.50798E-1 6.98999E-1 6.7384E-1 6.98098E-1 7.14934E-1 7.65544E-1 7.92705E-1 7.98072E-1 8.05434E-1 8.02655E-1 8.28801E-1 8.44454E-1 8.63589E-1 8.7092E-1 8.01707E-1 8.41896E-1 8.65517E-1 8.70319E-1 8.61933E-1 8.32091E-1 7.88313E-1 -9999 -9999 -9999 -9999 -9999 -9999 -9999 -9999 -9999 -9999 -9999 -9999 -9999 -9999 -9999 -9999 -9999 -9999 -9999 -9999 -9999
7.45318E-1 7.60679E-1 7.38566E-1 7.23412E-1 7.18327E-1 7.04065E-1 6.82402E-1 6.90148E-1 6.82566E-1 6.78739E-1 6.88263E-1 7.15678E-1 7.37736E-1 7.28248E-1 7.23507E-1 7.29046E-1 7.16343E-1 7.38795E-1 7.45849E-1 7.38386E-1 7.16629E-1 7.01886E-1 7.3631E-1 7.48976E-1 7.63723E-1 7.73512E-1 7.58377E-1 7.73294E-1 7.88335E-1 8.21195E-1 8.55764E-1 8.77894E-1 8.57007E-1 7.9702E-1 8.12958E-1 8.50066E-1 8.74584E-1 -9999 -9999 -9999 -9999 -9999 -9999 -9999 -9999 -9999 -9999 -9999 -9999 -9999 -9999 -9999 -9999 -9999 -9999 -9999 -9999 -9999 -9999 -9999 -9999
