maxent_outputs/red_flowers_troch_bombus_environ/red_278.asc
ncols         426
nrows         180
xllcorner     -130.0
yllcorner     24.0
cellsize      0.16666666666666666
NODATA_value  -9999
[rows 0 to 26 of 180, columns 0 to 60 of 426]
1.34248E-1 9.80491E-2 9.67845E-2 1.21811E-1 1.02394E-1 9.37084E-2 7.98814E-2 6.67185E-2 7.06098E-2 7.25448E-2 7.81687E-2 8.44583E-2 6.03917E-2 6.4134E-2 7.20729E-2 5.00311E-2 4.95334E-2 3.9299E-2 3.36152E-2 3.35382E-2 2.65728E-2 2.17152E-2 2.04527E-2 1.93025E-2 1.84146E-2 1.79594E-2 1.86714E-2 1.95111E-2 2.02517E-2 2.10432E-2 2.01261E-2 1.85437E-2 1.74504E-2 1.77171E-2 1.8026E-2 1.77688E-2 1.81478E-2 1.81763E-2 1.97227E-2 2.1204E-2 2.11962E-2 2.14584E-2 2.33833E-2 2.49223E-2 2.55388E-2 2.92638E-2 2.92635E-2 3.13174E-2 3.45809E-2 3.56999E-2 3.81876E-2 4.07148E-2 4.15999E-2 4.54571E-2 3.97868E-2 4.55345E-2 4.06532E-2 5.51751E-2 4.92673E-2 5.41137E-2 5.17005E-2
1.56515E-1 1.44337E-1 1.33373E-1 1.0301E-1 1.20094E-1 1.07911E-1 1.01596E-1 9.62684E-2 8.67758E-2 7.70716E-2 7.34273E-2 7.62377E-2 6.9706E-2 5.65056E-2 5.2529E-2 6.90656E-2 6.99066E-2 4.47803E-2 3.5935E-2 3.10264E-2 3.01269E-2 3.39728E-2 2.25657E-2 2.16853E-2 1.96242E-2 1.88736E-2 2.01272E-2 1.93725E-2 2.01592E-2 1.93875E-2 1.83991E-2 1.7124E-2 1.9943E-2 2.18221E-2 2.45029E-2 2.4011E-2 2.34478E-2 2.03741E-2 1.97287E-2 2.17309E-2 2.16621E-2 2.1576E-2 2.29428E-2 2.5971E-2 2.62083E-2 3.11262E-2 3.30114E-2 3.78656E-2 4.08216E-2 4.06405E-2 5.48702E-2 4.8348E-2 4.28803E-2 3.65761E-2 3.75725E-2 5.68513E-2 5.64333E-2 5.00245E-2 5.22615E-2 5.84995E-2 5.717E-2
1.96143E-1 1.62977E-1 1.57505E-1 1.33928E-1 1.41969E-1 1.32856E-1 1.17447E-1 1.15364E-1 1.01725E-1 8.09114E-2 7.69904E-2 7.09599E-2 5.60607E-2 6.53339E-2 5.85227E-2 6.74821E-2 5.58146E-2 6.24529E-2 4.55605E-2 3.32703E-2 3.98876E-2 4.25429E-2 2.89913E-2 2.53401E-2 2.55432E-2 2.05402E-2 2.01426E-2 2.14433E-2 2.05496E-2 1.8626E-2 1.85789E-2 1.89692E-2 2.0269E-2 2.0357E-2 2.13177E-2 1.9654E-2 1.86843E-2 1.87143E-2 1.94302E-2 2.05161E-2 1.99252E-2 2.13226E-2 2.40631E-2 2.52409E-2 2.80956E-2 3.75337E-2 3.94972E-2 3.6209E-2 4.89608E-2 4.78859E-2 4.63907E-2 5.65806E-2 6.56869E-2 6.46676E-2 5.2024E-2 3.93017E-2 4.14488E-2 6.30413E-2 5.93561E-2 5.54245E-2 5.60855E-2
2.24983E-1 2.20228E-1 2.07914E-1 2.23751E-1 2.1989E-1 1.83957E-1 1.64503E-1 1.31231E-1 1.18049E-1 1.10911E-1 9.22355E-2 7.64867E-2 7.69581E-2 7.59242E-2 6.24241E-2 6.02265E-2 5.44315E-2 6.08487E-2 4.89523E-2 4.18852E-2 4.17286E-2 4.93724E-2 3.90321E-2 3.33633E-2 2.437E-2 2.14054E-2 2.11998E-2 2.03847E-2 2.09744E-2 2.07715E-2 1.89185E-2 2.35247E-2 2.27069E-2 1.98354E-2 2.03161E-2 1.98423E-2 1.98784E-2 1.98144E-2 1.85162E-2 2.0551E-2 1.82113E-2 2.00308E-2 2.21353E-2 2.41294E-2 2.61022E-2 3.28631E-2 3.53413E-2 3.67789E-2 4.39564E-2 5.11032E-2 4.92067E-2 5.36022E-2 6.30472E-2 6.56937E-2 6.86151E-2 6.08485E-2 5.99929E-2 4.57363E-2 5.04579E-2 6.61265E-2 4.92102E-2
2.51817E-1 2.72244E-1 2.85488E-1 2.9587E-1 2.71676E-1 2.70852E-1 2.14335E-1 1.66749E-1 1.39736E-1 1.23406E-1 1.05236E-1 9.12658E-2 7.45427E-2 7.22016E-2 7.15193E-2 5.86967E-2 6.55797E-2 7.3307E-2 6.74284E-2 5.69158E-2 3.94666E-2 3.33052E-2 3.15814E-2 2.83691E-2 2.38233E-2 2.22596E-2 2.07984E-2 2.2412E-2 2.7485E-2 2.8399E-2 2.49407E-2 2.11288E-2 2.49318E-2 2.15036E-2 2.01314E-2 1.92346E-2 1.92769E-2 1.77421E-2 1.70236E-2 2.07542E-2 1.98837E-2 1.98382E-2 2.14159E-2 2.25753E-2 2.4126E-2 2.81642E-2 3.12079E-2 3.89339E-2 4.67402E-2 5.34226E-2 5.61832E-2 5.11418E-2 5.59655E-2 7.11913E-2 7.00064E-2 7.27679E-2 8.21773E-2 7.22711E-2 5.35744E-2 3.83292E-2 5.01357E-2
2.89805E-1 3.33298E-1 3.35755E-1 3.1133E-1 3.04756E-1 2.8911E-1 2.23554E-1 1.83406E-1 1.91054E-1 1.53823E-1 1.31964E-1 1.02618E-1 8.66465E-2 7.88471E-2 6.71725E-2 7.48797E-2 6.89915E-2 7.02164E-2 8.7046E-2 7.00114E-2 5.88189E-2 4.35602E-2 3.13615E-2 2.62472E-2 2.52261E-2 2.29989E-2 2.19473E-2 2.32781E-2 2.32197E-2 2.25824E-2 2.57308E-2 2.09017E-2 2.14774E-2 2.10373E-2 1.93222E-2 2.00741E-2 2.14204E-2 1.81878E-2 1.79603E-2 2.19378E-2 2.36307E-2 2.14584E-2 2.21991E-2 2.34211E-2 2.12988E-2 2.5583E-2 3.09836E-2 3.63784E-2 4.79639E-2 5.4777E-2 6.22796E-2 6.33041E-2 6.12208E-2 6.47092E-2 6.99803E-2 6.7618E-2 7.43205E-2 7.88899E-2 7.01664E-2 7.58026E-2 4.816E-2
-9999 4.21427E-1 3.50484E-1 3.65939E-1 3.58538E-1 3.31167E-1 2.88676E-1 2.55051E-1 2.43647E-1 2.16839E-1 1.59028E-1 1.35732E-1 1.09814E-1 9.01015E-2 9.33875E-2 8.76264E-2 8.40243E-2 6.5595E-2 9.1256E-2 5.93024E-2 7.17752E-2 4.70004E-2 3.43448E-2 2.85482E-2 2.5207E-2 2.55243E-2 2.50243E-2 2.53144E-2 2.49204E-2 2.28873E-2 2.34486E-2 2.63491E-2 2.83449E-2 2.80927E-2 2.32409E-2 2.22428E-2 2.1121E-2 2.1503E-2 1.89522E-2 1.93162E-2 2.41807E-2 2.12308E-2 2.03134E-2 2.4661E-2 2.25343E-2 2.38054E-2 2.86383E-2 3.36505E-2 3.96652E-2 4.84148E-2 6.47863E-2 7.21307E-2 6.02915E-2 6.72524E-2 6.75959E-2 6.89244E-2 7.4623E-2 6.87536E-2 8.03397E-2 8.21057E-2 6.24625E-2
-9999 -9999 -9999 4.4384E-1 3.30468E-1 3.45003E-1 3.31291E-1 3.22157E-1 3.06183E-1 3.42001E-1 2.82911E-1 2.10231E-1 1.51108E-1 1.23563E-1 9.90888E-2 9.61482E-2 9.31049E-2 8.64891E-2 7.77094E-2 7.88209E-2 7.02542E-2 5.01236E-2 3.61699E-2 4.00431E-2 4.86463E-2 4.77486E-2 2.73263E-2 3.22072E-2 4.82665E-2 3.52811E-2 4.01677E-2 3.58217E-2 2.92691E-2 2.8146E-2 2.7309E-2 2.34435E-2 2.23841E-2 2.25192E-2 2.11892E-2 2.05579E-2 2.26939E-2 2.15979E-2 2.24787E-2 2.58314E-2 2.20883E-2 2.21944E-2 3.05387E-2 3.14008E-2 3.53288E-2 4.13286E-2 4.96311E-2 5.31706E-2 7.31123E-2 7.94465E-2 6.32301E-2 7.07425E-2 8.10595E-2 6.73458E-2 6.61522E-2 7.29211E-2 7.06602E-2
-9999 -9999 -9999 5.3187E-1 3.65155E-1 3.28509E-1 3.31031E-1 3.94954E-1 3.37617E-1 3.84252E-1 3.55488E-1 2.89844E-1 2.23004E-1 1.5245E-1 1.26051E-1 1.02621E-1 9.25844E-2 9.22673E-2 8.66239E-2 8.18695E-2 7.92538E-2 7.32787E-2 5.77307E-2 6.27503E-2 5.03954E-2 4.55796E-2 3.09506E-2 2.20961E-2 2.55446E-2 2.72412E-2 3.26151E-2 3.45114E-2 2.52063E-2 2.32019E-2 2.26138E-2 1.9637E-2 2.13659E-2 2.06024E-2 1.87005E-2 1.73851E-2 1.96415E-2 2.18216E-2 2.05958E-2 2.27726E-2 2.10527E-2 2.22972E-2 3.03272E-2 2.67297E-2 2.96541E-2 3.65402E-2 3.75463E-2 5.10835E-2 5.73874E-2 5.59798E-2 5.63294E-2 7.35403E-2 6.93091E-2 5.79111E-2 6.48975E-2 6.87462E-2 7.51362E-2
-9999 -9999 -9999 -9999 -9999 4.58417E-1 3.83193E-1 3.682E-1 3.64883E-1 3.96225E-1 3.89926E-1 3.57459E-1 2.95776E-1 2.10413E-1 1.56833E-1 1.40334E-1 1.23117E-1 1.05066E-1 8.90074E-2 7.30489E-2 6.27932E-2 5.79479E-2 6.08581E-2 4.94566E-2 3.88063E-2 3.46661E-2 2.96556E-2 2.51003E-2 2.19943E-2 2.181E-2 2.61932E-2 3.33019E-2 2.49118E-2 1.91218E-2 1.81329E-2 1.59768E-2 1.72636E-2 1.85421E-2 1.67359E-2 1.79301E-2 1.91597E-2 2.005E-2 2.03484E-2 1.94897E-2 1.9205E-2 2.07226E-2 2.48001E-2 2.45816E-2 2.64848E-2 2.96536E-2 3.05549E-2 3.20255E-2 3.94066E-2 4.96307E-2 5.27813E-2 6.95625E-2 9.32425E-2 6.86073E-2 6.2321E-2 6.65621E-2 5.90989E-2
-9999 -9999 -9999 -9999 -9999 -9999 -9999 3.40484E-1 3.34076E-1 3.82504E-1 3.80839E-1 3.94604E-1 3.38932E-1 2.7108E-1 1.90365E-1 1.52979E-1 1.39141E-1 1.26553E-1 9.98466E-2 9.81405E-2 9.51811E-2 7.1857E-2 8.95672E-2 5.58783E-2 6.83397E-2 3.51914E-2 4.94544E-2 3.78957E-2 2.58215E-2 2.21477E-2 2.50333E-2 3.31451E-2 2.75375E-2 2.06274E-2 1.73857E-2 1.6891E-2 1.61696E-2 1.66173E-2 1.8271E-2 1.64957E-2 1.88034E-2 2.14959E-2 2.04154E-2 2.02213E-2 1.89228E-2 2.06643E-2 2.2527E-2 2.47577E-2 2.74732E-2 2.8173E-2 2.94128E-2 3.3092E-2 4.68018E-2 5.28836E-2 5.17718E-2 6.23804E-2 8.62181E-2 8.20053E-2 4.96956E-2 8.18165E-2 7.47039E-2
-9999 -9999 -9999 -9999 -9999 -9999 -9999 -9999 4.51506E-1 3.97543E-1 3.96561E-1 3.57465E-1 3.51783E-1 2.75395E-1 2.14591E-1 1.61999E-1 1.25691E-1 1.16541E-1 1.14124E-1 9.5351E-2 8.0847E-2 9.8699E-2 1.08083E-1 8.45281E-2 5.54013E-2 5.76562E-2 5.79133E-2 4.75865E-2 3.92012E-2 2.51241E-2 2.32549E-2 2.51402E-2 2.44256E-2 2.08175E-2 1.9245E-2 1.92951E-2 1.84182E-2 1.72732E-2 1.68214E-2 1.61052E-2 1.60262E-2 2.06262E-2 2.38714E-2 2.3984E-2 2.29334E-2 2.03014E-2 2.25168E-2 2.4062E-2 2.41223E-2 2.70781E-2 2.98675E-2 3.5072E-2 4.17511E-2 5.93111E-2 7.94564E-2 6.41888E-2 7.29253E-2 9.00881E-2 6.15101E-2 5.36093E-2 6.47712E-2
-9999 -9999 -9999 -9999 -9999 -9999 -9999 -9999 -9999 4.24787E-1 3.8482E-1 3.22209E-1 3.33064E-1 2.75852E-1 1.92846E-1 1.57197E-1 1.36443E-1 1.23252E-1 1.20071E-1 8.80013E-2 9.17644E-2 8.75399E-2 9.11951E-2 1.12568E-1 1.05415E-1 5.5494E-2 6.10409E-2 5.758E-2 4.35706E-2 3.4526E-2 2.70557E-2 2.51398E-2 2.06163E-2 2.24543E-2 2.72477E-2 2.51755E-2 2.25831E-2 2.14276E-2 2.05482E-2 1.92445E-2 1.77988E-2 1.80542E-2 2.06643E-2 2.17499E-2 2.38636E-2 2.17594E-2 2.60669E-2 2.47552E-2 2.55252E-2 2.49794E-2 2.78168E-2 3.29706E-2 4.25677E-2 3.35047E-2 3.88371E-2 4.27557E-2 4.46325E-2 5.35178E-2 5.37072E-2 4.30982E-2 8.19665E-2
-9999 -9999 -9999 -9999 -9999 -9999 -9999 -9999 -9999 -9999 3.93054E-1 3.25701E-1 2.81195E-1 2.33109E-1 2.08167E-1 1.96483E-1 1.57347E-1 1.19544E-1 1.02954E-1 9.2813E-2 8.56472E-2 8.60557E-2 8.46712E-2 8.62673E-2 9.04136E-2 6.31073E-2 4.51985E-2 5.31759E-2 5.7156E-2 6.56868E-2 5.17373E-2 3.54043E-2 5.01999E-2 2.95452E-2 3.58362E-2 2.91918E-2 3.0055E-2 2.76262E-2 2.68127E-2 2.71334E-2 2.50649E-2 2.25124E-2 2.11684E-2 2.15166E-2 2.66564E-2 2.56792E-2 2.64276E-2 2.73649E-2 2.78542E-2 2.72632E-2 2.56747E-2 2.4384E-2 2.61127E-2 2.77734E-2 3.70468E-2 4.50369E-2 5.65964E-2 6.32731E-2 7.35302E-2 5.4445E-2 8.71658E-2
-9999 -9999 -9999 -9999 -9999 -9999 -9999 -9999 -9999 -9999 -9999 2.46913E-1 2.35655E-1 2.42529E-1 2.35189E-1 2.0376E-1 1.67621E-1 1.30473E-1 1.17385E-1 9.71069E-2 1.00011E-1 7.95245E-2 8.21987E-2 1.18197E-1 1.01638E-1 7.06523E-2 4.85245E-2 6.31879E-2 7.6559E-2 5.76655E-2 7.47428E-2 7.861E-2 6.68253E-2 4.55001E-2 5.1857E-2 4.32774E-2 4.35799E-2 3.39185E-2 3.91912E-2 4.45656E-2 3.71701E-2 3.07016E-2 3.82113E-2 3.48218E-2 3.10344E-2 2.84702E-2 2.72251E-2 3.41996E-2 2.76009E-2 2.78023E-2 2.98057E-2 3.05512E-2 2.91337E-2 3.14369E-2 3.27785E-2 4.18064E-2 6.26641E-2 6.9291E-2 4.89563E-2 4.79493E-2 6.17761E-2
-9999 -9999 -9999 -9999 -9999 -9999 -9999 -9999 -9999 -9999 -9999 2.29947E-1 2.36167E-1 2.34513E-1 2.12287E-1 2.01487E-1 1.77268E-1 1.4999E-1 1.24055E-1 1.09952E-1 1.03237E-1 8.88575E-2 1.08005E-1 1.13377E-1 7.64057E-2 6.49093E-2 7.2197E-2 1.01113E-1 1.17849E-1 5.82737E-2 6.38043E-2 6.22945E-2 5.66203E-2 4.79495E-2 5.51314E-2 5.4315E-2 5.78928E-2 5.21027E-2 4.65349E-2 5.44338E-2 4.88547E-2 4.62619E-2 5.05266E-2 4.29374E-2 4.06999E-2 3.90228E-2 3.07899E-2 3.4156E-2 2.8938E-2 2.63169E-2 2.59642E-2 2.58218E-2 2.7528E-2 3.15663E-2 3.32249E-2 3.60941E-2 4.46797E-2 5.61954E-2 3.89419E-2 6.45969E-2 9.23534E-2
-9999 -9999 -9999 -9999 -9999 -9999 -9999 -9999 -9999 -9999 -9999 -9999 -9999 2.17032E-1 1.99822E-1 1.9488E-1 1.81015E-1 1.51183E-1 1.29976E-1 1.15697E-1 1.03204E-1 9.33879E-2 7.77348E-2 8.58696E-2 9.66442E-2 6.62256E-2 7.22818E-2 8.05205E-2 9.66452E-2 6.55968E-2 5.21567E-2 7.14451E-2 9.12577E-2 8.12655E-2 6.89113E-2 6.08854E-2 6.81398E-2 6.50061E-2 5.48052E-2 8.45813E-2 7.48347E-2 6.38558E-2 6.796E-2 5.25889E-2 6.15193E-2 6.05848E-2 4.2181E-2 3.59597E-2 4.65633E-2 3.52666E-2 2.61555E-2 2.49404E-2 2.64991E-2 2.81582E-2 3.11162E-2 3.70658E-2 4.93427E-2 5.46113E-2 3.895E-2 4.75327E-2 4.86937E-2
-9999 -9999 -9999 -9999 -9999 -9999 -9999 -9999 -9999 -9999 -9999 -9999 -9999 2.12889E-1 1.91544E-1 1.83996E-1 1.76928E-1 1.65591E-1 1.51609E-1 1.47472E-1 1.20562E-1 9.86894E-2 9.16998E-2 7.92075E-2 8.97581E-2 7.34669E-2 8.05447E-2 8.81359E-2 1.05136E-1 6.80593E-2 7.16518E-2 7.23867E-2 1.08936E-1 7.99388E-2 8.22494E-2 7.92121E-2 8.63365E-2 1.01843E-1 6.66303E-2 7.76973E-2 8.57551E-2 7.81884E-2 7.1355E-2 5.78151E-2 8.52707E-2 7.21369E-2 7.10149E-2 4.62818E-2 5.14555E-2 5.91148E-2 3.48125E-2 2.5869E-2 3.60984E-2 3.80069E-2 3.08799E-2 3.58073E-2 5.65776E-2 6.53603E-2 3.53595E-2 4.18195E-2 5.13967E-2
-9999 -9999 -9999 -9999 -9999 2.40704E-1 -9999 -9999 -9999 -9999 2.66609E-1 2.29285E-1 2.29344E-1 2.08617E-1 1.99654E-1 1.77663E-1 1.65183E-1 1.67388E-1 1.68474E-1 1.5807E-1 1.42995E-1 1.32653E-1 1.16229E-1 9.96687E-2 8.46139E-2 7.836E-2 9.49525E-2 8.20062E-2 9.34038E-2 7.88484E-2 7.49885E-2 8.88936E-2 9.51049E-2 7.07183E-2 8.16767E-2 7.22847E-2 9.4798E-2 1.42054E-1 8.49331E-2 6.94828E-2 8.36667E-2 7.89366E-2 6.52568E-2 4.90272E-2 6.29493E-2 8.21846E-2 5.686E-2 6.23339E-2 3.79568E-2 5.22882E-2 4.4046E-2 2.86733E-2 4.58911E-2 4.50926E-2 3.07905E-2 3.6689E-2 5.55904E-2 4.53511E-2 3.00099E-2 4.78549E-2 7.68636E-2
-9999 -9999 -9999 -9999 -9999 -9999 2.54368E-1 2.53104E-1 2.85527E-1 2.82628E-1 2.67729E-1 2.17573E-1 2.07213E-1 1.8202E-1 1.48688E-1 1.36358E-1 1.32926E-1 1.77968E-1 1.83541E-1 1.59759E-1 1.50791E-1 1.29747E-1 1.23624E-1 1.17309E-1 9.72423E-2 9.69378E-2 9.61431E-2 8.85096E-2 7.81144E-2 8.52631E-2 8.23511E-2 9.48734E-2 7.99091E-2 9.04355E-2 8.20128E-2 1.11831E-1 9.88438E-2 1.09213E-1 7.21145E-2 8.53195E-2 8.29012E-2 7.98079E-2 6.30959E-2 8.13595E-2 9.6915E-2 6.70865E-2 5.65602E-2 5.54248E-2 4.09431E-2 6.48746E-2 3.91892E-2 4.09281E-2 3.25224E-2 3.32326E-2 3.39388E-2 3.52046E-2 3.39817E-2 3.20302E-2 3.22366E-2 4.13508E-2 4.06604E-2
-9999 -9999 -9999 -9999 -9999 -9999 -9999 -9999 -9999 -9999 2.57228E-1 2.07932E-1 1.97004E-1 1.53462E-1 1.25081E-1 1.17475E-1 1.25863E-1 1.3721E-1 1.44752E-1 1.64998E-1 1.54493E-1 1.24112E-1 1.2101E-1 1.09936E-1 1.05968E-1 1.04283E-1 1.05705E-1 9.45435E-2 8.53515E-2 8.24149E-2 1.0352E-1 9.58758E-2 8.03508E-2 7.99227E-2 8.36269E-2 8.25178E-2 9.65659E-2 1.01711E-1 7.66715E-2 7.15626E-2 7.05525E-2 6.66212E-2 7.98565E-2 7.76976E-2 7.46517E-2 6.14887E-2 1.14532E-1 7.65469E-2 7.03323E-2 5.73401E-2 6.72169E-2 4.83057E-2 4.04983E-2 5.94678E-2 4.3916E-2 4.8475E-2 5.08041E-2 3.5276E-2 3.15895E-2 3.50988E-2 3.67806E-2
-9999 -9999 -9999 -9999 -9999 -9999 -9999 -9999 -9999 -9999 -9999 2.14702E-1 1.9998E-1 1.51027E-1 1.5948E-1 1.19849E-1 1.30811E-1 1.30228E-1 1.24685E-1 1.21536E-1 1.23742E-1 1.16607E-1 1.02091E-1 9.59866E-2 9.9716E-2 9.8765E-2 1.07453E-1 1.13386E-1 1.11594E-1 1.16846E-1 1.0608E-1 8.62929E-2 8.92726E-2 1.00976E-1 9.98684E-2 8.74296E-2 9.69924E-2 9.17719E-2 6.27994E-2 1.16165E-1 9.44299E-2 8.23532E-2 5.80745E-2 6.10825E-2 9.27181E-2 8.48379E-2 9.05875E-2 1.14166E-1 1.17262E-1 7.25031E-2 6.15429E-2 4.55356E-2 4.15346E-2 6.25941E-2 4.90436E-2 4.41325E-2 5.2826E-2 4.04472E-2 3.64074E-2 5.11282E-2 5.07478E-2
-9999 -9999 -9999 -9999 -9999 -9999 -9999 -9999 -9999 -9999 -9999 -9999 2.00312E-1 1.74858E-1 1.45631E-1 1.25192E-1 1.27929E-1 1.12596E-1 1.02324E-1 9.7167E-2 9.17508E-2 8.34531E-2 9.14117E-2 7.8629E-2 7.92992E-2 7.91657E-2 8.49173E-2 1.01448E-1 1.14713E-1 1.27476E-1 1.33971E-1 1.41879E-1 1.14787E-1 9.6187E-2 8.79792E-2 9.02418E-2 1.08307E-1 9.48602E-2 7.31088E-2 9.16048E-2 9.08534E-2 7.80697E-2 6.73373E-2 6.84884E-2 6.5183E-2 8.98389E-2 9.61309E-2 8.11786E-2 9.45286E-2 9.3866E-2 5.60338E-2 5.35132E-2 4.93328E-2 4.28423E-2 4.39991E-2 4.66561E-2 4.53595E-2 3.53505E-2 4.13476E-2 3.61143E-2 5.10009E-2
-9999 -9999 -9999 -9999 -9999 -9999 -9999 -9999 -9999 -9999 -9999 -9999 2.08059E-1 1.70697E-1 1.31906E-1 1.25715E-1 1.18353E-1 1.19901E-1 1.12222E-1 1.09871E-1 9.97153E-2 7.48526E-2 8.44735E-2 7.10336E-2 7.04216E-2 6.60801E-2 6.95365E-2 8.36072E-2 1.03659E-1 1.45738E-1 1.38917E-1 1.60567E-1 1.20015E-1 1.20004E-1 1.0596E-1 9.55582E-2 9.53514E-2 1.17383E-1 9.85664E-2 8.09952E-2 9.45213E-2 6.89034E-2 7.97082E-2 1.09921E-1 6.3626E-2 8.60747E-2 8.86414E-2 8.18499E-2 1.02626E-1 7.68174E-2 6.14713E-2 8.1518E-2 7.49959E-2 4.63547E-2 4.0629E-2 3.90447E-2 3.74931E-2 3.77858E-2 4.04601E-2 4.87335E-2 5.93846E-2
-9999 -9999 -9999 -9999 -9999 -9999 -9999 -9999 -9999 -9999 -9999 -9999 -9999 -9999 -9999 1.44266E-1 1.43402E-1 1.25558E-1 1.16115E-1 1.1763E-1 1.10001E-1 9.37972E-2 7.63125E-2 7.43157E-2 7.71386E-2 7.68926E-2 6.40898E-2 6.82295E-2 8.48622E-2 9.25761E-2 1.58788E-1 1.5259E-1 1.33796E-1 1.18029E-1 1.10614E-1 1.09862E-1 1.12956E-1 9.44562E-2 9.03869E-2 8.37455E-2 7.51692E-2 9.51158E-2 9.92062E-2 9.69075E-2 8.57856E-2 6.83459E-2 8.03596E-2 7.41569E-2 6.82794E-2 7.35891E-2 7.64185E-2 6.16228E-2 8.26313E-2 5.53292E-2 5.16523E-2 4.68215E-2 3.94041E-2 4.96613E-2 6.16905E-2 6.43332E-2 5.49591E-2
-9999 -9999 -9999 -9999 -9999 -9999 -9999 -9999 -9999 -9999 -9999 -9999 -9999 -9999 -9999 -9999 -9999 1.36238E-1 1.47578E-1 1.20242E-1 1.1767E-1 1.02914E-1 9.21918E-2 7.81283E-2 8.30344E-2 8.38185E-2 7.63273E-2 7.35773E-2 7.5195E-2 7.87158E-2 9.27677E-2 -9999 1.2857E-1 1.19124E-1 1.30535E-1 1.49761E-1 1.26332E-1 1.10941E-1 1.00785E-1 9.18478E-2 9.16878E-2 8.93437E-2 9.43397E-2 8.27509E-2 1.03679E-1 8.353E-2 7.49422E-2 8.48526E-2 8.87675E-2 8.07921E-2 6.94576E-2 6.07332E-2 7.69641E-2 7.68E-2 6.571E-2 4.54113E-2 4.61504E-2 5.45936E-2 4.96317E-2 5.4753E-2 5.10149E-2
-9999 -9999 -9999 -9999 -9999 -9999 -9999 -9999 -9999 -9999 -9999 -9999 -9999 -9999 -9999 -9999 -9999 -9999 1.61041E-1 1.48003E-1 1.57625E-1 1.21893E-1 1.04694E-1 9.4859E-2 8.56148E-2 8.44179E-2 6.94195E-2 8.97547E-2 6.46847E-2 7.32962E-2 6.89135E-2 8.04752E-2 1.02028E-1 1.18749E-1 1.19394E-1 1.46468E-1 1.12605E-1 1.12803E-1 9.59097E-2 9.81692E-2 1.0496E-1 9.26075E-2 8.90791E-2 8.96469E-2 9.71808E-2 7.92981E-2 8.68291E-2 8.54643E-2 9.53415E-2 9.41421E-2 7.9985E-2 7.00218E-2 7.78613E-2 7.80277E-2 7.2132E-2 5.27999E-2 4.70852E-2 4.33166E-2 6.52501E-2 7.33885E-2 5.66082E-2
