maxent_outputs/red_flowers_troch_bombus_environ/red_280.asc
ncols         426
nrows         180
xllcorner     -130.0
yllcorner     24.0
cellsize      0.16666666666666666
NODATA_value  -9999
[rows 81 to 107 of 180, columns 61 to 121 of 426]
1.16799E-1 1.56931E-1 1.38495E-1 1.55273E-1 1.28238E-1 1.43159E-1 1.42278E-1 1.40488E-1 1.24914E-1 1.32887E-1 1.24975E-1 1.2409E-1 1.69326E-1 1.55582E-1 1.35069E-1 1.17848E-1 1.10239E-1 1.58531E-1 1.62723E-1 1.09114E-1 1.06584E-1 1.35587E-1 1.18738E-1 1.56492E-1 1.15627E-1 1.61792E-1 1.66175E-1 1.18704E-1 1.38239E-1 1.33416E-1 1.31954E-1 1.29407E-1 1.18519E-1 1.61487E-1 1.13371E-1 9.51918E-2 1.00394E-1 9.82147E-2 1.07036E-1 1.17348E-1 1.44702E-1 1.5874E-1 1.43185E-1 2.45485E-1 1.51766E-1 2.38419E-1 1.6917E-1 1.32201E-1 1.73871E-1 1.71375E-1 1.36094E-1 2.04352E-1 2.19409E-1 2.02368E-1 1.93913E-1 1.91623E-1 1.46797E-1 1.26952E-1 1.01872E-1 8.1863E-2 9.56569E-2
1.38055E-1 1.51588E-1 1.65863E-1 1.51946E-1 1.46751E-1 1.17377E-1 1.49355E-1 1.43343E-1 1.13398E-1 1.3595E-1 1.35086E-1 1.04337E-1 1.522E-1 1.5387E-1 1.5661E-1 1.69915E-1 1.35732E-1 1.75239E-1 1.3927E-1 1.1805E-1 1.57714E-1 1.27118E-1 1.25335E-1 1.55645E-1 1.29569E-1 1.95206E-1 1.50601E-1 1.69488E-1 1.58938E-1 1.7998E-1 1.28516E-1 1.63635E-1 1.47753E-1 1.52732E-1 1.29871E-1 1.21201E-1 9.70222E-2 9.29578E-2 1.07765E-1 1.19364E-1 1.18686E-1 1.42289E-1 1.42362E-1 1.88426E-1 1.50623E-1 1.6556E-1 1.28981E-1 1.41165E-1 1.03341E-1 1.86721E-1 1.61058E-1 1.78417E-1 1.77094E-1 1.65716E-1 1.58805E-1 1.47988E-1 1.14553E-1 9.64438E-2 7.81651E-2 7.37879E-2 7.5538E-2
1.40406E-1 1.37799E-1 1.73257E-1 1.65348E-1 1.50763E-1 1.20933E-1 1.59632E-1 1.15435E-1 1.11542E-1 1.19666E-1 1.12319E-1 1.39295E-1 1.23788E-1 1.3222E-1 1.54011E-1 1.41515E-1 1.54924E-1 1.49199E-1 1.67329E-1 1.45386E-1 1.44815E-1 1.29358E-1 1.59554E-1 1.27166E-1 1.48919E-1 1.82591E-1 1.73121E-1 1.72165E-1 1.47217E-1 1.87996E-1 1.48977E-1 1.5658E-1 1.90306E-1 1.54486E-1 1.29878E-1 1.46833E-1 1.23004E-1 9.25563E-2 1.0404E-1 1.34685E-1 1.19873E-1 1.25948E-1 1.65765E-1 1.90165E-1 1.63002E-1 1.70679E-1 1.48602E-1 1.08615E-1 1.06817E-1 1.47463E-1 1.50362E-1 1.6936E-1 1.7053E-1 1.87715E-1 1.72722E-1 1.63774E-1 1.41471E-1 1.13107E-1 9.2483E-2 8.60399E-2 8.21651E-2
1.4882E-1 1.3417E-1 1.49526E-1 1.7279E-1 1.63132E-1 1.55951E-1 1.32795E-1 1.16458E-1 1.07396E-1 1.01208E-1 1.46201E-1 1.21958E-1 1.01481E-1 1.3357E-1 1.23553E-1 1.59434E-1 1.51744E-1 1.6287E-1 1.45142E-1 1.37968E-1 1.69763E-1 1.73731E-1 1.44806E-1 1.32822E-1 1.66364E-1 1.89325E-1 1.73901E-1 1.66264E-1 1.56185E-1 1.82258E-1 1.5548E-1 1.94844E-1 2.07494E-1 1.37355E-1 1.40284E-1 2.15603E-1 1.09835E-1 9.79844E-2 1.16452E-1 1.3464E-1 1.66521E-1 1.40869E-1 1.92716E-1 1.97014E-1 2.1208E-1 1.81337E-1 1.86198E-1 1.35421E-1 1.80496E-1 1.68821E-1 1.63905E-1 1.62248E-1 1.69653E-1 2.0107E-1 2.06948E-1 2.12059E-1 2.06735E-1 1.79509E-1 1.3615E-1 1.026E-1 1.005E-1
1.31221E-1 1.49121E-1 1.67695E-1 1.7923E-1 1.72142E-1 1.6095E-1 1.27206E-1 1.09974E-1 9.82389E-2 1.23491E-1 1.14207E-1 1.14405E-1 1.52369E-1 1.42434E-1 1.53393E-1 1.84989E-1 1.69051E-1 2.01438E-1 1.5813E-1 1.88988E-1 1.72624E-1 1.73654E-1 1.53896E-1 1.41175E-1 1.54137E-1 1.79478E-1 1.39671E-1 1.66652E-1 1.67968E-1 2.03567E-1 1.65979E-1 1.9703E-1 1.69326E-1 1.81719E-1 2.10119E-1 2.22665E-1 1.2039E-1 1.39797E-1 1.73807E-1 1.57038E-1 1.86714E-1 1.83972E-1 1.41801E-1 1.52502E-1 1.66808E-1 1.63803E-1 1.87123E-1 1.61527E-1 1.97582E-1 1.8178E-1 1.70457E-1 1.81633E-1 1.73123E-1 1.7622E-1 1.89335E-1 2.09355E-1 2.1874E-1 2.0029E-1 1.55104E-1 1.18652E-1 1.34415E-1
1.35151E-1 1.71196E-1 1.82954E-1 1.74274E-1 1.64999E-1 1.38157E-1 1.1334E-1 1.01842E-1 1.05858E-1 1.5552E-1 1.13446E-1 1.80204E-1 1.35678E-1 1.40189E-1 1.83901E-1 1.70474E-1 1.84882E-1 1.95006E-1 2.1298E-1 1.75394E-1 1.44864E-1 1.47894E-1 1.66182E-1 1.68404E-1 1.57812E-1 1.68292E-1 1.44626E-1 1.77595E-1 1.57795E-1 1.76848E-1 1.71018E-1 2.01998E-1 1.4527E-1 1.93003E-1 1.84776E-1 1.26613E-1 1.63444E-1 1.69115E-1 1.64941E-1 1.79713E-1 2.08939E-1 1.5376E-1 1.36126E-1 1.34707E-1 1.527E-1 1.79756E-1 1.5854E-1 1.55972E-1 1.92252E-1 1.57884E-1 1.60072E-1 2.1401E-1 1.90347E-1 1.50405E-1 1.30915E-1 1.41389E-1 2.05476E-1 2.70419E-1 1.86819E-1 2.20874E-1 2.14664E-1
1.23724E-1 1.75659E-1 1.93853E-1 1.76712E-1 1.59616E-1 1.31233E-1 1.00074E-1 1.10163E-1 1.54287E-1 1.40932E-1 1.53113E-1 1.59996E-1 1.73638E-1 1.81438E-1 1.69498E-1 1.55036E-1 2.0332E-1 1.89317E-1 1.91119E-1 1.81993E-1 2.00161E-1 1.6409E-1 2.21072E-1 1.93461E-1 1.57486E-1 1.61563E-1 1.81302E-1 1.55765E-1 1.91276E-1 1.66191E-1 1.61218E-1 2.38962E-1 1.24302E-1 2.34088E-1 1.63198E-1 1.20266E-1 1.8545E-1 1.40938E-1 1.48725E-1 2.21026E-1 1.91646E-1 1.56379E-1 1.17354E-1 1.2573E-1 1.478E-1 1.9271E-1 1.45641E-1 1.5006E-1 1.87256E-1 1.35429E-1 2.1753E-1 2.28946E-1 1.96076E-1 1.42006E-1 1.25311E-1 1.29938E-1 1.39572E-1 2.19607E-1 1.76233E-1 2.44187E-1 2.64654E-1
1.28465E-1 1.47063E-1 1.66081E-1 1.70214E-1 1.58747E-1 1.56075E-1 1.3114E-1 1.33251E-1 1.43243E-1 1.24351E-1 1.47482E-1 1.51642E-1 1.81902E-1 1.63703E-1 1.82785E-1 1.84743E-1 2.25401E-1 1.84427E-1 2.04712E-1 1.98949E-1 2.01245E-1 1.74109E-1 1.67707E-1 1.53927E-1 1.74015E-1 1.89108E-1 2.0657E-1 1.33276E-1 1.64325E-1 1.58778E-1 1.97828E-1 2.48694E-1 1.39259E-1 2.71207E-1 1.97121E-1 1.25796E-1 1.8803E-1 1.67809E-1 1.90482E-1 2.05173E-1 1.60016E-1 1.22587E-1 1.18824E-1 1.21356E-1 1.40296E-1 1.93409E-1 1.65015E-1 1.45072E-1 1.68105E-1 1.83021E-1 2.40564E-1 2.00593E-1 1.58647E-1 1.17104E-1 1.4417E-1 1.58805E-1 1.18692E-1 1.45617E-1 1.37452E-1 2.23788E-1 2.84451E-1
1.21843E-1 1.59882E-1 1.89755E-1 1.60524E-1 1.30588E-1 1.56152E-1 1.66977E-1 1.5726E-1 1.82903E-1 1.64985E-1 1.68212E-1 1.72102E-1 1.66124E-1 1.93765E-1 1.96768E-1 2.3972E-1 1.72707E-1 2.31703E-1 2.20693E-1 1.84408E-1 2.08303E-1 1.96916E-1 1.56591E-1 1.72607E-1 1.5145E-1 1.61604E-1 2.03231E-1 1.66241E-1 1.48158E-1 2.23296E-1 1.68349E-1 1.85682E-1 1.92198E-1 2.21588E-1 1.50989E-1 1.44826E-1 1.78305E-1 1.96562E-1 1.88934E-1 1.6962E-1 1.47445E-1 1.50834E-1 1.25671E-1 1.363E-1 1.2929E-1 1.56628E-1 1.75769E-1 1.45151E-1 1.38627E-1 2.16129E-1 2.26567E-1 1.91284E-1 1.32596E-1 1.23634E-1 1.40962E-1 1.48605E-1 1.20371E-1 1.22923E-1 1.19901E-1 1.75733E-1 2.20546E-1
1.14115E-1 1.63438E-1 1.65519E-1 1.69143E-1 1.54899E-1 1.88937E-1 1.56591E-1 1.68781E-1 1.64668E-1 1.42723E-1 1.58585E-1 1.56786E-1 1.83468E-1 1.90617E-1 2.27744E-1 2.05056E-1 1.64663E-1 2.31441E-1 1.88568E-1 2.14709E-1 1.75731E-1 1.94976E-1 1.64909E-1 1.71909E-1 1.50043E-1 1.48996E-1 2.38021E-1 1.74164E-1 1.55542E-1 2.18537E-1 1.93483E-1 1.93254E-1 1.60823E-1 2.75791E-1 1.63314E-1 1.78787E-1 1.6519E-1 1.88987E-1 1.70623E-1 1.48133E-1 1.46146E-1 1.84112E-1 1.3631E-1 1.32819E-1 1.28151E-1 1.86593E-1 1.75975E-1 1.3307E-1 1.58983E-1 1.65464E-1 1.97178E-1 1.5676E-1 1.4621E-1 1.53479E-1 1.56641E-1 1.58915E-1 1.14929E-1 1.03339E-1 1.05674E-1 1.20773E-1 1.29485E-1
1.23773E-1 1.5061E-1 1.7614E-1 1.70293E-1 1.72207E-1 1.9176E-1 1.5504E-1 1.94232E-1 1.79245E-1 1.68453E-1 1.59635E-1 1.75869E-1 1.80021E-1 2.04869E-1 2.24639E-1 2.35523E-1 1.87609E-1 2.51815E-1 1.81944E-1 2.47482E-1 1.61992E-1 1.74545E-1 1.67292E-1 1.57148E-1 1.66174E-1 1.26308E-1 1.59462E-1 1.73853E-1 1.64888E-1 2.09633E-1 2.06804E-1 1.76026E-1 1.64022E-1 2.32928E-1 1.63293E-1 1.74755E-1 1.88498E-1 1.86375E-1 1.57659E-1 1.30916E-1 1.42694E-1 1.42678E-1 1.52952E-1 1.47505E-1 1.4988E-1 1.79044E-1 1.36164E-1 1.44402E-1 1.81744E-1 2.06959E-1 1.83489E-1 1.66116E-1 1.56693E-1 1.71549E-1 1.74198E-1 1.52512E-1 1.07993E-1 1.09872E-1 1.10195E-1 1.25946E-1 1.29669E-1
1.37711E-1 1.31385E-1 1.55669E-1 1.65694E-1 1.72607E-1 1.78265E-1 1.75043E-1 1.98461E-1 2.09674E-1 2.046E-1 2.04414E-1 1.75E-1 1.75101E-1 1.93767E-1 2.12792E-1 1.88566E-1 1.95096E-1 1.94348E-1 1.87719E-1 1.81023E-1 1.67552E-1 1.66449E-1 1.53704E-1 1.77482E-1 1.25678E-1 1.04036E-1 1.7701E-1 1.70906E-1 1.6861E-1 2.19558E-1 1.97852E-1 1.68671E-1 1.9485E-1 1.87631E-1 1.83001E-1 2.04841E-1 1.50533E-1 1.85149E-1 1.44676E-1 1.79131E-1 1.42966E-1 1.37613E-1 1.71927E-1 1.70162E-1 1.60814E-1 1.56015E-1 1.96195E-1 1.80093E-1 2.07438E-1 2.12282E-1 1.94183E-1 1.71474E-1 1.73436E-1 1.57292E-1 1.41678E-1 1.316E-1 1.3006E-1 1.28426E-1 1.27295E-1 1.45144E-1 1.58041E-1
1.47549E-1 1.68072E-1 1.46678E-1 1.67841E-1 1.73748E-1 1.70815E-1 1.81168E-1 1.91353E-1 2.02751E-1 2.11051E-1 2.12664E-1 2.08054E-1 1.90035E-1 1.8773E-1 1.76473E-1 1.86025E-1 1.81248E-1 1.93831E-1 1.93278E-1 1.5807E-1 1.73225E-1 1.3715E-1 1.69982E-1 1.60721E-1 1.09485E-1 1.39409E-1 1.93072E-1 1.61524E-1 1.60686E-1 1.93153E-1 2.04455E-1 1.67288E-1 2.05385E-1 2.00432E-1 1.81669E-1 2.0012E-1 1.65514E-1 1.93663E-1 1.5606E-1 1.87935E-1 1.49201E-1 1.52929E-1 1.72908E-1 1.62953E-1 2.32889E-1 1.58131E-1 2.05355E-1 1.61108E-1 1.73701E-1 1.89259E-1 2.21543E-1 1.80582E-1 1.61258E-1 1.47892E-1 1.30111E-1 1.32733E-1 1.46591E-1 1.4929E-1 1.45222E-1 1.5477E-1 1.50047E-1
1.50548E-1 1.65987E-1 1.66481E-1 1.2731E-1 1.60764E-1 1.62396E-1 1.68388E-1 1.79561E-1 2.0626E-1 2.35796E-1 2.15334E-1 2.32294E-1 1.85567E-1 1.942E-1 1.79973E-1 2.25717E-1 1.91749E-1 1.9817E-1 1.8215E-1 1.61398E-1 1.81256E-1 1.35764E-1 1.72119E-1 1.47482E-1 1.45109E-1 1.95451E-1 1.82174E-1 1.73183E-1 1.85601E-1 2.10855E-1 2.0745E-1 1.88001E-1 2.1305E-1 1.84741E-1 1.85122E-1 1.96193E-1 1.64894E-1 1.87155E-1 1.63357E-1 1.58383E-1 1.44287E-1 1.71036E-1 1.54848E-1 1.57732E-1 2.11838E-1 1.55527E-1 1.7507E-1 1.71584E-1 1.75019E-1 1.88419E-1 1.80172E-1 1.89792E-1 1.63281E-1 1.58012E-1 1.48465E-1 1.36474E-1 1.54021E-1 1.73753E-1 1.60332E-1 1.50646E-1 1.47474E-1
1.46708E-1 1.71316E-1 1.84857E-1 1.71224E-1 1.53633E-1 1.63053E-1 1.76063E-1 1.90302E-1 1.96605E-1 2.01071E-1 2.29138E-1 2.04275E-1 2.37916E-1 1.89086E-1 1.71539E-1 1.91446E-1 1.79348E-1 1.84645E-1 1.84061E-1 1.7195E-1 1.82316E-1 1.7672E-1 1.57729E-1 1.71492E-1 2.06439E-1 1.83623E-1 1.6563E-1 1.6968E-1 1.95421E-1 1.91332E-1 1.91724E-1 1.97085E-1 1.86719E-1 1.82393E-1 1.81837E-1 1.68365E-1 1.79537E-1 1.66388E-1 1.50853E-1 1.40697E-1 1.69638E-1 1.75324E-1 1.76927E-1 1.66013E-1 1.59761E-1 1.69883E-1 1.71192E-1 1.69787E-1 2.00402E-1 2.40366E-1 2.5617E-1 2.03847E-1 1.80495E-1 1.92073E-1 2.24828E-1 1.56739E-1 1.57945E-1 1.76728E-1 1.64677E-1 1.60307E-1 1.63381E-1
1.66503E-1 1.73871E-1 1.75433E-1 1.99058E-1 1.55255E-1 1.75392E-1 1.99817E-1 1.87281E-1 2.16952E-1 2.13647E-1 2.16221E-1 2.13807E-1 1.90702E-1 1.99412E-1 2.03929E-1 1.82282E-1 1.64264E-1 1.63451E-1 1.60482E-1 1.88945E-1 1.90604E-1 1.80929E-1 1.69289E-1 1.85562E-1 1.75843E-1 1.8309E-1 1.80134E-1 1.62402E-1 2.12775E-1 1.96255E-1 1.69963E-1 2.03775E-1 1.71222E-1 1.72271E-1 1.76655E-1 1.56529E-1 1.43315E-1 1.34611E-1 1.3557E-1 1.49867E-1 1.69467E-1 1.61689E-1 1.62032E-1 1.75778E-1 1.42389E-1 1.92273E-1 1.72995E-1 1.90366E-1 1.89638E-1 1.78224E-1 1.86809E-1 1.96714E-1 1.94271E-1 1.90757E-1 2.18924E-1 1.74433E-1 1.65861E-1 1.73783E-1 1.81408E-1 1.97599E-1 1.97086E-1
1.8264E-1 1.53537E-1 1.76981E-1 2.0977E-1 1.85473E-1 1.77207E-1 1.86895E-1 2.05725E-1 2.37929E-1 2.40615E-1 1.76172E-1 2.39102E-1 2.354E-1 1.83548E-1 2.0733E-1 1.94516E-1 1.99611E-1 2.02136E-1 1.81375E-1 1.70591E-1 1.93081E-1 1.87521E-1 1.70598E-1 1.7202E-1 1.40548E-1 1.82114E-1 1.81362E-1 1.71028E-1 1.78568E-1 2.04683E-1 1.63484E-1 1.92774E-1 1.51151E-1 1.71024E-1 1.46295E-1 1.35482E-1 1.236E-1 1.21958E-1 1.63761E-1 1.65739E-1 1.64226E-1 1.91578E-1 2.02838E-1 1.77071E-1 1.49719E-1 1.63533E-1 1.54774E-1 1.93215E-1 1.57933E-1 1.58985E-1 1.731E-1 1.85367E-1 2.02926E-1 1.92534E-1 1.95104E-1 1.97544E-1 1.84867E-1 1.87117E-1 2.02544E-1 2.14823E-1 1.96878E-1
2.25322E-1 1.79958E-1 1.8173E-1 1.79225E-1 1.84677E-1 1.99257E-1 1.66763E-1 2.08162E-1 2.33181E-1 2.46614E-1 1.79416E-1 1.96148E-1 2.14235E-1 1.99675E-1 2.08862E-1 2.06189E-1 2.02788E-1 1.83136E-1 1.97266E-1 1.79889E-1 1.81002E-1 1.75043E-1 1.82923E-1 1.55081E-1 1.61907E-1 1.89525E-1 1.98197E-1 1.73782E-1 1.86002E-1 1.76891E-1 1.91143E-1 1.76655E-1 1.64808E-1 1.57667E-1 1.51296E-1 1.44755E-1 1.41302E-1 1.50868E-1 1.62856E-1 1.65012E-1 1.69932E-1 1.82921E-1 2.00466E-1 1.55994E-1 1.50015E-1 1.57794E-1 1.52166E-1 1.69486E-1 1.8264E-1 1.76826E-1 1.74647E-1 1.89863E-1 2.06977E-1 2.17711E-1 1.91001E-1 1.9524E-1 1.98285E-1 2.01338E-1 1.91312E-1 1.99332E-1 1.82491E-1
2.0802E-1 2.06017E-1 1.58552E-1 1.66248E-1 1.80491E-1 1.9625E-1 2.20237E-1 1.97109E-1 2.2444E-1 2.17752E-1 2.04426E-1 1.9784E-1 2.06239E-1 2.14761E-1 2.1293E-1 2.07221E-1 2.13668E-1 1.92579E-1 1.79472E-1 1.74005E-1 1.80157E-1 1.70544E-1 1.92371E-1 1.56437E-1 1.96631E-1 1.68627E-1 1.74572E-1 1.78048E-1 2.16388E-1 1.89994E-1 2.06188E-1 2.00678E-1 1.94153E-1 1.65873E-1 1.77615E-1 1.86075E-1 1.7655E-1 1.74648E-1 1.83708E-1 1.86892E-1 1.7396E-1 1.62801E-1 1.68599E-1 1.5216E-1 1.60599E-1 1.60335E-1 1.52036E-1 1.63261E-1 1.71929E-1 1.81795E-1 1.97078E-1 1.99039E-1 1.99E-1 2.14924E-1 2.06686E-1 1.89222E-1 2.01215E-1 2.01241E-1 1.85092E-1 1.84235E-1 1.57788E-1
1.74945E-1 2.12479E-1 1.96885E-1 1.84984E-1 1.76022E-1 1.88199E-1 2.14434E-1 2.0436E-1 1.74565E-1 2.23883E-1 2.11518E-1 2.22341E-1 2.41564E-1 2.53023E-1 2.46708E-1 2.24053E-1 2.02175E-1 2.03922E-1 1.98738E-1 1.81342E-1 1.79745E-1 1.70806E-1 1.68731E-1 1.54337E-1 1.50199E-1 1.74627E-1 1.74203E-1 1.99508E-1 2.01234E-1 2.26155E-1 2.39366E-1 2.44011E-1 2.51097E-1 2.28291E-1 2.27082E-1 2.32716E-1 2.05854E-1 2.05866E-1 2.13982E-1 2.47178E-1 2.29611E-1 1.85193E-1 1.72145E-1 1.72728E-1 1.60224E-1 1.52482E-1 1.61392E-1 1.83745E-1 1.89939E-1 1.94279E-1 2.0567E-1 2.10084E-1 2.08705E-1 2.12607E-1 2.17106E-1 2.15286E-1 2.07428E-1 1.89658E-1 1.89728E-1 1.73987E-1 1.56542E-1
1.64725E-1 1.95125E-1 2.1468E-1 1.99581E-1 1.72193E-1 1.69007E-1 2.07774E-1 2.27439E-1 1.82908E-1 2.36206E-1 1.97785E-1 2.07344E-1 2.48603E-1 2.43226E-1 3.33102E-1 2.54237E-1 2.05705E-1 1.83689E-1 1.9385E-1 1.99789E-1 1.9897E-1 1.92363E-1 1.73404E-1 1.78728E-1 1.71479E-1 1.93539E-1 1.94366E-1 1.93964E-1 2.2118E-1 2.64403E-1 2.71195E-1 2.94659E-1 2.56781E-1 2.80504E-1 2.78088E-1 2.99319E-1 2.55481E-1 2.31741E-1 2.28166E-1 2.5336E-1 2.39289E-1 2.12377E-1 1.8214E-1 1.89735E-1 1.798E-1 1.66078E-1 1.64178E-1 1.88512E-1 1.91312E-1 2.08052E-1 2.07447E-1 2.35045E-1 2.30414E-1 2.29074E-1 2.07264E-1 2.21004E-1 2.12925E-1 1.86171E-1 1.89466E-1 1.67962E-1 1.56011E-1
1.56975E-1 1.75786E-1 2.10607E-1 2.40276E-1 2.31459E-1 1.86849E-1 1.74102E-1 1.8634E-1 2.14505E-1 2.36369E-1 2.3906E-1 2.6231E-1 3.23495E-1 2.29515E-1 2.55288E-1 3.52264E-1 2.38798E-1 2.24824E-1 2.29698E-1 2.21507E-1 2.30874E-1 2.17808E-1 1.92037E-1 1.94076E-1 2.05671E-1 2.20668E-1 2.14203E-1 1.95451E-1 2.21211E-1 2.65751E-1 3.00139E-1 3.20698E-1 2.89846E-1 3.31308E-1 2.89405E-1 2.97913E-1 2.56172E-1 2.44575E-1 2.50973E-1 2.3158E-1 2.1435E-1 2.03767E-1 2.06311E-1 1.94114E-1 1.81448E-1 1.7213E-1 1.57892E-1 1.68996E-1 1.84007E-1 2.16404E-1 1.99939E-1 2.12093E-1 2.23853E-1 2.16438E-1 2.00144E-1 2.11037E-1 2.22844E-1 2.0429E-1 2.01542E-1 1.69594E-1 1.55811E-1
1.97276E-1 1.73287E-1 1.96022E-1 2.19625E-1 2.31526E-1 1.54922E-1 1.4057E-1 1.59561E-1 2.23022E-1 2.22196E-1 2.64293E-1 2.49869E-1 3.8755E-1 2.78208E-1 2.4806E-1 4.91793E-1 4.61387E-1 3.23323E-1 2.64201E-1 2.64231E-1 2.52764E-1 2.4212E-1 2.21517E-1 1.95045E-1 2.05449E-1 2.24657E-1 2.41442E-1 2.17832E-1 2.16467E-1 3.05436E-1 3.44944E-1 3.34301E-1 3.43627E-1 3.57894E-1 3.31581E-1 3.14896E-1 2.23682E-1 2.07167E-1 2.30891E-1 2.35716E-1 2.04643E-1 1.999E-1 1.94624E-1 1.91399E-1 1.77746E-1 1.645E-1 1.57868E-1 1.79524E-1 1.99302E-1 2.14698E-1 1.91613E-1 1.97605E-1 1.99762E-1 2.05601E-1 2.11474E-1 2.02252E-1 2.10709E-1 2.10054E-1 2.01695E-1 1.81407E-1 1.65521E-1
1.55702E-1 1.70383E-1 1.90722E-1 2.08921E-1 2.41897E-1 2.25777E-1 1.46127E-1 1.64766E-1 1.89952E-1 2.11791E-1 2.31923E-1 2.47654E-1 2.89489E-1 2.87403E-1 2.92509E-1 4.4652E-1 4.66226E-1 5.94995E-1 3.70052E-1 2.79435E-1 2.74671E-1 2.48836E-1 2.42978E-1 2.11203E-1 2.25383E-1 2.34502E-1 2.46644E-1 2.3054E-1 2.27398E-1 3.28594E-1 3.58889E-1 3.91461E-1 3.72015E-1 3.9436E-1 3.25135E-1 3.14462E-1 2.72564E-1 2.06086E-1 2.18957E-1 2.30018E-1 2.23724E-1 2.02153E-1 2.00484E-1 1.94107E-1 1.56389E-1 1.61157E-1 1.5267E-1 1.96384E-1 1.96962E-1 1.86137E-1 1.75381E-1 1.86031E-1 1.93436E-1 2.04123E-1 1.95738E-1 1.96304E-1 2.07035E-1 2.11011E-1 1.98302E-1 1.9916E-1 1.84854E-1
1.54229E-1 1.70506E-1 1.65915E-1 1.74323E-1 2.02171E-1 2.69885E-1 1.80938E-1 1.54843E-1 1.5295E-1 1.65127E-1 1.871E-1 2.61014E-1 2.51989E-1 2.90676E-1 4.32624E-1 2.98287E-1 3.20534E-1 6.1248E-1 5.29854E-1 2.99363E-1 2.74463E-1 2.76286E-1 2.96231E-1 2.26771E-1 1.96317E-1 2.01963E-1 2.58549E-1 3.01751E-1 3.07762E-1 3.6402E-1 3.7703E-1 4.22354E-1 4.05704E-1 4.06997E-1 3.73032E-1 3.96117E-1 2.73344E-1 1.94649E-1 2.04164E-1 2.17157E-1 2.17111E-1 2.02036E-1 2.02044E-1 2.24516E-1 1.7316E-1 1.63069E-1 1.51946E-1 1.73942E-1 1.75076E-1 1.80809E-1 1.76509E-1 1.79388E-1 1.87049E-1 1.9144E-1 1.96686E-1 1.9852E-1 1.91243E-1 1.86404E-1 1.84469E-1 1.87192E-1 1.87846E-1
1.62513E-1 1.57322E-1 1.57729E-1 1.72907E-1 1.84891E-1 2.46552E-1 2.0344E-1 1.31177E-1 1.31951E-1 1.39713E-1 1.73448E-1 2.49257E-1 2.35703E-1 2.68661E-1 3.87885E-1 3.82935E-1 2.74939E-1 5.94338E-1 5.71362E-1 3.37845E-1 3.30676E-1 3.24076E-1 2.74581E-1 2.62979E-1 2.23927E-1 2.02472E-1 2.87719E-1 3.94235E-1 4.20237E-1 3.98743E-1 4.15237E-1 4.47837E-1 4.54431E-1 4.25866E-1 4.14853E-1 4.16883E-1 2.60048E-1 1.75808E-1 2.15957E-1 2.5411E-1 2.60726E-1 2.51493E-1 2.29219E-1 2.10311E-1 2.11243E-1 1.79092E-1 1.5804E-1 1.76306E-1 1.7735E-1 1.86955E-1 1.82762E-1 1.77634E-1 1.79432E-1 1.86736E-1 1.91615E-1 1.9176E-1 1.81579E-1 1.8174E-1 1.81652E-1 1.83086E-1 1.82504E-1
1.65758E-1 1.61177E-1 1.52741E-1 1.54329E-1 1.72389E-1 2.46034E-1 2.37623E-1 1.39888E-1 1.45184E-1 1.39446E-1 1.74514E-1 2.81992E-1 2.811E-1 2.41682E-1 3.45289E-1 4.38395E-1 2.8553E-1 5.2325E-1 6.54898E-1 3.36544E-1 3.56999E-1 3.51613E-1 3.00232E-1 2.58689E-1 2.74338E-1 2.65626E-1 3.2113E-1 4.23979E-1 4.71474E-1 4.6707E-1 4.9115E-1 5.10312E-1 4.5477E-1 4.71507E-1 4.31429E-1 3.54942E-1 2.52149E-1 1.95354E-1 2.18761E-1 3.0206E-1 2.19632E-1 1.9386E-1 1.90555E-1 1.826E-1 1.53766E-1 1.74998E-1 1.84046E-1 1.99183E-1 1.90307E-1 1.96917E-1 2.04154E-1 1.8612E-1 1.87142E-1 1.91176E-1 1.91207E-1 1.81416E-1 1.79936E-1 1.76219E-1 1.75122E-1 1.86491E-1 1.8951E-1
