maxent_outputs/red_flowers_troch_bombus_environ/red_301.asc
ncols         426
nrows         180
xllcorner     -130.0
yllcorner     24.0
cellsize      0.16666666666666666
NODATA_value  -9999
[rows 81 to 107 of 180, columns 61 to 121 of 426]
8.4101E-2 8.47E-2 9.13808E-2 8.71356E-2 8.13743E-2 8.96772E-2 8.63281E-2 7.70664E-2 7.82703E-2 7.17301E-2 7.80156E-2 8.27515E-2 8.19464E-2 7.96374E-2 7.65217E-2 7.35303E-2 7.00066E-2 7.17169E-2 7.10316E-2 6.30679E-2 6.01163E-2 6.42688E-2 5.52988E-2 5.82586E-2 5.30364E-2 5.68671E-2 5.38939E-2 4.90129E-2 5.35363E-2 5.02631E-2 4.99666E-2 4.89784E-2 4.65384E-2 5.79738E-2 6.47931E-2 6.37339E-2 6.72013E-2 6.50521E-2 6.79204E-2 7.33703E-2 7.94255E-2 7.96744E-2 7.54688E-2 7.31426E-2 7.25358E-2 6.47649E-2 6.70396E-2 7.4116E-2 7.26354E-2 4.81115E-2 4.51754E-2 4.05271E-2 3.56202E-2 3.98136E-2 4.36065E-2 4.36916E-2 3.80551E-2 3.7037E-2 3.58233E-2 3.18881E-2 3.46895E-2
9.46486E-2 1.04879E-1 9.61312E-2 9.48183E-2 8.3198E-2 8.50445E-2 8.46388E-2 8.71984E-2 7.89443E-2 7.92279E-2 7.99219E-2 7.25333E-2 8.63995E-2 8.93609E-2 8.38303E-2 8.70868E-2 7.92967E-2 7.58685E-2 7.66174E-2 6.4114E-2 6.66141E-2 6.06411E-2 5.64517E-2 6.18935E-2 5.80662E-2 5.87787E-2 6.12884E-2 5.94746E-2 5.253E-2 5.42723E-2 4.90719E-2 5.60868E-2 5.46526E-2 5.82399E-2 6.08355E-2 6.37366E-2 6.30834E-2 6.33468E-2 7.0521E-2 7.51641E-2 7.36824E-2 7.9862E-2 7.41125E-2 7.30368E-2 6.60642E-2 7.06976E-2 6.13064E-2 7.45064E-2 6.80793E-2 5.97585E-2 4.54154E-2 3.63837E-2 3.6313E-2 4.08481E-2 4.39922E-2 4.71947E-2 4.10652E-2 3.67796E-2 3.18773E-2 2.99466E-2 3.06458E-2
8.43924E-2 1.21908E-1 1.07392E-1 9.53782E-2 8.39088E-2 8.53739E-2 9.28538E-2 8.35241E-2 7.74718E-2 8.25858E-2 7.67485E-2 8.15691E-2 8.97497E-2 9.01707E-2 8.00809E-2 7.87497E-2 7.68559E-2 7.54957E-2 7.72834E-2 6.33546E-2 6.50532E-2 6.06586E-2 6.35833E-2 5.28101E-2 6.36035E-2 6.03773E-2 6.87922E-2 5.66188E-2 4.94945E-2 4.9125E-2 5.31368E-2 5.51555E-2 5.90462E-2 5.85587E-2 5.779E-2 6.03521E-2 6.89648E-2 6.35315E-2 7.03981E-2 8.08327E-2 7.18425E-2 7.35276E-2 8.19555E-2 7.40336E-2 6.72599E-2 7.10648E-2 6.83362E-2 6.77862E-2 6.03006E-2 6.26433E-2 5.0015E-2 3.961E-2 3.44467E-2 4.07184E-2 4.79912E-2 4.85663E-2 4.47757E-2 3.95894E-2 3.68544E-2 3.58957E-2 3.50837E-2
7.92523E-2 1.01445E-1 1.13721E-1 1.08169E-1 1.00488E-1 1.00701E-1 9.25031E-2 8.39921E-2 7.77688E-2 7.3264E-2 8.06302E-2 9.40266E-2 8.15854E-2 8.40095E-2 6.81808E-2 8.02446E-2 7.78358E-2 7.36269E-2 6.52021E-2 5.69165E-2 6.08432E-2 6.16684E-2 6.03231E-2 5.40738E-2 6.21762E-2 6.57623E-2 6.09399E-2 5.62119E-2 5.09385E-2 5.78157E-2 5.78657E-2 5.46746E-2 5.62397E-2 5.54317E-2 5.61393E-2 5.73261E-2 6.34032E-2 6.60823E-2 7.65739E-2 8.26485E-2 8.94123E-2 7.77945E-2 8.64936E-2 7.89254E-2 6.71097E-2 6.6434E-2 7.11418E-2 7.22847E-2 5.81774E-2 5.14387E-2 4.81463E-2 4.0986E-2 3.4073E-2 3.93966E-2 4.39861E-2 4.79027E-2 5.24072E-2 5.21285E-2 4.86984E-2 4.50892E-2 4.44689E-2
8.03201E-2 8.55424E-2 8.83956E-2 1.08583E-1 1.07995E-1 1.04863E-1 8.991E-2 7.92973E-2 7.11291E-2 7.65639E-2 8.87986E-2 8.6461E-2 7.69192E-2 7.21854E-2 7.34961E-2 8.04735E-2 7.4997E-2 6.46321E-2 7.05229E-2 6.54979E-2 6.04591E-2 6.1391E-2 6.26578E-2 5.68968E-2 5.89959E-2 6.10798E-2 4.95606E-2 5.36433E-2 5.2412E-2 5.60426E-2 6.00216E-2 5.65091E-2 6.24981E-2 6.01132E-2 5.91298E-2 6.38094E-2 7.01123E-2 8.16832E-2 9.2223E-2 9.09806E-2 8.86466E-2 8.80674E-2 7.58078E-2 7.77804E-2 7.86459E-2 7.37685E-2 7.3043E-2 7.30763E-2 6.08002E-2 4.99607E-2 4.3856E-2 3.16512E-2 3.27155E-2 4.51862E-2 4.62988E-2 4.95642E-2 5.43524E-2 5.92214E-2 5.89595E-2 5.43587E-2 5.28161E-2
8.78056E-2 9.66423E-2 1.02837E-1 1.11849E-1 1.09897E-1 9.58317E-2 8.10532E-2 7.42919E-2 7.41098E-2 7.73819E-2 8.29817E-2 6.89007E-2 6.37863E-2 6.42468E-2 6.92277E-2 7.43073E-2 7.23035E-2 6.73815E-2 6.92023E-2 6.36046E-2 5.20242E-2 5.41679E-2 6.05369E-2 6.00576E-2 5.83293E-2 6.1863E-2 4.93403E-2 5.25203E-2 4.99655E-2 5.5769E-2 5.73677E-2 5.44658E-2 6.03623E-2 6.07702E-2 6.7563E-2 6.92883E-2 8.16468E-2 9.20244E-2 9.48892E-2 9.67009E-2 9.89089E-2 8.17571E-2 7.47255E-2 7.16733E-2 7.98306E-2 8.53816E-2 7.32841E-2 6.86278E-2 5.65119E-2 5.85456E-2 4.90343E-2 3.20747E-2 3.99014E-2 5.58199E-2 5.63852E-2 5.76011E-2 6.34164E-2 5.49961E-2 6.76542E-2 6.81459E-2 6.28658E-2
7.84916E-2 8.9761E-2 1.05227E-1 1.08083E-1 1.05947E-1 9.10435E-2 7.62874E-2 8.01088E-2 8.78245E-2 8.08676E-2 8.26853E-2 7.24528E-2 6.08685E-2 6.54037E-2 6.39456E-2 6.74319E-2 6.53801E-2 7.7478E-2 7.40678E-2 6.03636E-2 6.05967E-2 5.77215E-2 6.42368E-2 6.21694E-2 5.98506E-2 5.60074E-2 5.15131E-2 4.66355E-2 4.8868E-2 5.15616E-2 5.08164E-2 5.02052E-2 5.63395E-2 5.60555E-2 6.88776E-2 6.73298E-2 9.20002E-2 8.8033E-2 8.51192E-2 9.45886E-2 1.00608E-1 8.52552E-2 6.3176E-2 6.79712E-2 7.80459E-2 7.63097E-2 6.68336E-2 6.52297E-2 5.436E-2 5.24421E-2 4.11609E-2 3.76798E-2 4.81148E-2 5.46718E-2 5.28945E-2 6.13635E-2 6.71002E-2 7.23801E-2 7.78865E-2 7.70391E-2 6.27109E-2
7.4686E-2 8.943E-2 9.2853E-2 1.07159E-1 9.81803E-2 9.67053E-2 9.04787E-2 8.84195E-2 9.09936E-2 7.57019E-2 7.42366E-2 7.03451E-2 6.12699E-2 6.00169E-2 6.29418E-2 6.35162E-2 7.12422E-2 7.94275E-2 6.92535E-2 6.04662E-2 5.74814E-2 5.6954E-2 5.61945E-2 5.51777E-2 5.86367E-2 5.58378E-2 4.68349E-2 3.89968E-2 4.59198E-2 4.61062E-2 4.7823E-2 5.27222E-2 6.05277E-2 5.56945E-2 6.86906E-2 6.96632E-2 8.33022E-2 9.48702E-2 8.9595E-2 1.02767E-1 9.00399E-2 6.91404E-2 6.49272E-2 6.71648E-2 7.42176E-2 7.42999E-2 6.48955E-2 6.37487E-2 6.55766E-2 4.75973E-2 3.52503E-2 4.43135E-2 5.80835E-2 4.92975E-2 5.84691E-2 6.50109E-2 6.5107E-2 7.62953E-2 7.95681E-2 8.54118E-2 6.30596E-2
7.51455E-2 7.48803E-2 8.28791E-2 9.8409E-2 8.58846E-2 9.85368E-2 1.02833E-1 9.72574E-2 9.03584E-2 8.48045E-2 7.91628E-2 7.80972E-2 6.06421E-2 5.65336E-2 6.23378E-2 6.5366E-2 7.63335E-2 7.90631E-2 5.63378E-2 5.63229E-2 5.08718E-2 5.21218E-2 5.42949E-2 5.51652E-2 5.91781E-2 5.91231E-2 4.83287E-2 4.84141E-2 5.167E-2 5.37127E-2 4.48896E-2 5.88952E-2 6.64204E-2 7.06035E-2 7.64752E-2 7.66073E-2 8.71909E-2 8.31561E-2 9.34764E-2 9.60872E-2 9.29154E-2 8.22949E-2 7.04352E-2 7.34448E-2 6.74997E-2 6.92488E-2 5.56859E-2 6.16581E-2 5.9547E-2 4.4248E-2 3.49209E-2 5.07071E-2 5.53745E-2 5.41363E-2 6.38211E-2 6.89886E-2 7.15372E-2 7.46237E-2 7.54061E-2 8.43321E-2 8.3304E-2
7.04323E-2 7.53488E-2 7.89281E-2 9.62571E-2 9.53936E-2 9.32443E-2 1.02965E-1 9.95062E-2 1.01702E-1 9.50864E-2 9.31881E-2 8.67618E-2 6.50501E-2 6.1809E-2 5.54129E-2 5.81451E-2 7.54381E-2 6.5581E-2 5.53691E-2 5.13919E-2 5.12574E-2 5.61611E-2 5.44953E-2 5.77244E-2 6.18549E-2 6.52956E-2 5.65927E-2 5.89623E-2 6.40413E-2 6.04351E-2 4.86994E-2 6.16686E-2 5.89228E-2 5.3851E-2 7.3328E-2 7.96284E-2 8.14925E-2 7.90147E-2 8.7148E-2 8.93896E-2 8.91461E-2 9.00131E-2 7.49635E-2 7.22696E-2 6.95626E-2 5.84376E-2 5.29413E-2 6.08834E-2 5.59709E-2 4.30532E-2 4.57224E-2 5.92233E-2 6.16289E-2 6.15426E-2 6.14336E-2 6.69584E-2 7.22905E-2 6.60068E-2 7.00076E-2 7.38855E-2 7.42063E-2
6.11343E-2 6.11116E-2 8.3585E-2 8.77505E-2 9.11244E-2 8.7905E-2 1.09509E-1 1.04124E-1 8.52091E-2 8.76602E-2 9.31518E-2 8.66055E-2 7.26334E-2 6.50478E-2 5.20325E-2 6.29878E-2 7.7949E-2 4.9966E-2 5.27896E-2 5.0297E-2 5.05765E-2 5.58333E-2 5.77855E-2 5.5475E-2 6.6158E-2 6.57596E-2 6.66173E-2 6.67585E-2 7.07679E-2 6.04909E-2 5.4652E-2 6.60117E-2 6.41974E-2 6.54137E-2 7.38951E-2 7.45853E-2 7.68421E-2 8.05924E-2 8.38302E-2 7.79632E-2 7.99771E-2 7.4498E-2 7.76256E-2 7.44315E-2 6.0758E-2 4.98507E-2 6.1616E-2 4.82115E-2 3.82739E-2 3.27343E-2 5.2348E-2 7.52816E-2 7.60172E-2 6.96376E-2 6.79223E-2 7.78125E-2 6.64074E-2 6.97145E-2 7.5621E-2 7.58031E-2 8.01518E-2
4.21881E-2 5.15778E-2 6.3939E-2 5.7634E-2 5.81038E-2 7.85824E-2 7.69608E-2 1.26913E-1 1.08203E-1 1.03221E-1 8.56773E-2 7.6629E-2 7.28529E-2 8.64273E-2 8.20346E-2 8.00994E-2 6.72684E-2 5.69109E-2 5.08138E-2 5.78466E-2 5.77296E-2 6.46961E-2 6.29879E-2 6.66294E-2 6.37985E-2 5.49057E-2 6.10051E-2 7.05595E-2 7.62724E-2 7.30964E-2 6.74251E-2 6.60107E-2 7.43976E-2 7.49974E-2 7.51243E-2 7.00979E-2 7.33895E-2 7.6411E-2 7.91623E-2 7.83377E-2 7.1948E-2 6.99995E-2 7.37723E-2 6.21608E-2 4.95133E-2 6.06108E-2 5.38739E-2 3.86518E-2 3.58073E-2 3.78768E-2 5.54464E-2 8.22158E-2 8.44523E-2 8.95596E-2 8.46756E-2 7.01531E-2 6.84817E-2 6.91739E-2 8.17731E-2 8.6594E-2 9.02073E-2
4.06312E-2 3.47942E-2 3.99271E-2 3.97361E-2 6.26801E-2 6.76289E-2 5.5359E-2 9.3243E-2 8.79087E-2 9.35532E-2 1.15257E-1 7.65289E-2 9.10784E-2 9.84744E-2 9.86911E-2 8.71807E-2 7.17154E-2 6.59459E-2 5.58573E-2 6.29729E-2 6.08609E-2 6.42592E-2 6.95011E-2 7.35542E-2 5.59383E-2 6.32733E-2 6.60722E-2 7.47466E-2 7.58528E-2 7.54393E-2 7.92116E-2 6.8191E-2 7.68807E-2 7.1202E-2 7.29047E-2 6.76928E-2 7.39506E-2 7.4985E-2 7.91669E-2 7.94562E-2 7.31082E-2 6.92748E-2 5.75197E-2 5.20519E-2 3.91519E-2 5.37589E-2 4.7823E-2 4.06258E-2 3.84736E-2 4.76118E-2 5.52159E-2 8.64822E-2 9.75186E-2 9.50438E-2 8.4535E-2 7.9377E-2 7.96346E-2 7.83313E-2 9.14117E-2 1.01344E-1 1.07993E-1
3.4884E-2 2.88571E-2 3.34079E-2 4.27681E-2 3.64757E-2 4.19674E-2 4.58901E-2 6.70432E-2 8.55472E-2 1.01844E-1 1.22922E-1 1.097E-1 9.04657E-2 1.04338E-1 1.05733E-1 9.74883E-2 8.74318E-2 7.3604E-2 7.02805E-2 7.11812E-2 7.11903E-2 6.52622E-2 7.74105E-2 7.28219E-2 6.82907E-2 6.53326E-2 7.73252E-2 8.41615E-2 8.98559E-2 9.24995E-2 9.53856E-2 8.18604E-2 7.66611E-2 6.60717E-2 6.54131E-2 6.44828E-2 6.35202E-2 6.50664E-2 7.23889E-2 7.49285E-2 7.06845E-2 7.58965E-2 6.42342E-2 5.55788E-2 3.98785E-2 5.54092E-2 5.0982E-2 3.94E-2 3.22209E-2 4.07515E-2 4.90001E-2 8.21331E-2 1.00426E-1 9.46319E-2 8.79534E-2 8.45188E-2 9.60725E-2 8.97388E-2 9.39247E-2 1.07417E-1 1.06029E-1
4.772E-2 3.38874E-2 2.8178E-2 3.20275E-2 5.42402E-2 6.25616E-2 5.10775E-2 6.65008E-2 8.18854E-2 8.68378E-2 1.19175E-1 1.17982E-1 1.14033E-1 1.06462E-1 9.30366E-2 9.4067E-2 9.44491E-2 8.86735E-2 8.3749E-2 7.63124E-2 6.8591E-2 7.34033E-2 7.65175E-2 7.82483E-2 6.42911E-2 7.91073E-2 8.22825E-2 8.84319E-2 9.31613E-2 1.02987E-1 1.06468E-1 8.90425E-2 8.29813E-2 7.41334E-2 6.58908E-2 5.90626E-2 6.55828E-2 7.10232E-2 7.4038E-2 6.88301E-2 7.27868E-2 6.49212E-2 6.24056E-2 5.27238E-2 4.32139E-2 4.66056E-2 4.11532E-2 4.10756E-2 2.62074E-2 3.08288E-2 3.6073E-2 6.8552E-2 9.51196E-2 8.36732E-2 7.71551E-2 9.79767E-2 1.11418E-1 1.04041E-1 9.93738E-2 9.34793E-2 9.56028E-2
9.30418E-2 5.81083E-2 3.5811E-2 2.68508E-2 5.62591E-2 5.54656E-2 5.95268E-2 6.56896E-2 7.31602E-2 7.048E-2 1.10136E-1 1.13474E-1 1.04865E-1 1.09226E-1 1.09739E-1 1.04271E-1 9.02202E-2 8.55588E-2 8.16214E-2 7.969E-2 6.46553E-2 6.95206E-2 7.63506E-2 8.26759E-2 8.41571E-2 8.11652E-2 8.47695E-2 8.71543E-2 1.07233E-1 1.12265E-1 1.03658E-1 9.27547E-2 8.93926E-2 8.51757E-2 6.81139E-2 6.4544E-2 6.74347E-2 6.43813E-2 6.6127E-2 7.10642E-2 7.65417E-2 6.80211E-2 5.92399E-2 4.5597E-2 4.36197E-2 4.1285E-2 4.01125E-2 3.6791E-2 4.06355E-2 5.7587E-2 7.23908E-2 9.22513E-2 9.45586E-2 1.0481E-1 8.48818E-2 1.11161E-1 1.31834E-1 1.16372E-1 9.52136E-2 8.03906E-2 7.16119E-2
1.06417E-1 6.16914E-2 3.68472E-2 2.48824E-2 4.06902E-2 4.99582E-2 4.84905E-2 6.76696E-2 9.32946E-2 4.93436E-2 9.74656E-2 9.19254E-2 9.71007E-2 1.23786E-1 1.04489E-1 9.95543E-2 1.06178E-1 1.00774E-1 9.06334E-2 8.16235E-2 7.93588E-2 7.36829E-2 7.7283E-2 8.32712E-2 7.53773E-2 8.19073E-2 8.30097E-2 1.01254E-1 1.15654E-1 1.15505E-1 1.02561E-1 1.05265E-1 9.30462E-2 8.4282E-2 6.8008E-2 6.72886E-2 6.03631E-2 6.10345E-2 7.53754E-2 7.88429E-2 7.58182E-2 5.56678E-2 4.09172E-2 3.94419E-2 4.17109E-2 3.78305E-2 3.96944E-2 4.59736E-2 5.8091E-2 7.62648E-2 9.46834E-2 1.0915E-1 1.11448E-1 1.27822E-1 1.35593E-1 1.3456E-1 1.58508E-1 1.22246E-1 9.76435E-2 7.05995E-2 6.75833E-2
1.57793E-1 7.7773E-2 4.34037E-2 5.49878E-2 4.99208E-2 3.75203E-2 4.51415E-2 8.11273E-2 1.38856E-1 4.1546E-2 6.52026E-2 9.79458E-2 1.0061E-1 9.6767E-2 1.00241E-1 1.11749E-1 1.1454E-1 1.06267E-1 9.61151E-2 8.97018E-2 8.76227E-2 7.92089E-2 7.75796E-2 8.07927E-2 8.09213E-2 9.44954E-2 9.79656E-2 1.28456E-1 1.20893E-1 1.11012E-1 1.04963E-1 1.08807E-1 9.85828E-2 8.16464E-2 7.66423E-2 7.04871E-2 7.10285E-2 7.33734E-2 6.96236E-2 7.89456E-2 5.23055E-2 4.11699E-2 3.39854E-2 3.813E-2 3.89184E-2 3.97928E-2 6.21036E-2 6.64084E-2 6.47071E-2 7.69147E-2 9.97185E-2 1.20594E-1 1.38995E-1 1.44211E-1 1.67091E-1 1.66937E-1 1.40038E-1 1.26965E-1 1.04645E-1 8.46642E-2 8.95893E-2
1.9574E-1 1.27558E-1 8.78649E-2 1.0512E-1 6.06402E-2 3.36235E-2 2.54603E-2 1.03548E-1 1.52686E-1 7.63855E-2 6.23529E-2 1.12647E-1 9.50329E-2 8.06586E-2 1.15742E-1 1.19815E-1 1.33152E-1 1.07872E-1 9.44384E-2 8.95745E-2 8.84062E-2 7.8943E-2 8.41728E-2 9.25899E-2 9.06716E-2 1.08216E-1 1.0945E-1 1.30965E-1 1.45753E-1 1.2858E-1 1.10139E-1 1.3459E-1 1.14713E-1 8.93084E-2 1.16162E-1 1.10203E-1 1.07995E-1 8.31003E-2 6.00602E-2 1.11857E-1 6.13517E-2 5.99396E-2 5.46076E-2 5.01479E-2 4.94748E-2 5.28105E-2 7.00573E-2 7.94464E-2 8.67593E-2 9.5365E-2 1.03691E-1 1.12031E-1 1.47398E-1 1.66933E-1 1.79912E-1 1.51058E-1 1.29303E-1 1.35345E-1 1.12957E-1 9.25474E-2 1.00217E-1
2.17163E-1 2.0311E-1 1.45202E-1 9.40024E-2 4.91286E-2 3.78885E-2 2.18123E-2 3.90401E-2 7.46934E-2 1.3227E-1 9.01691E-2 1.46273E-1 1.67014E-1 1.78802E-1 1.3478E-1 1.19852E-1 1.50543E-1 1.41451E-1 1.13298E-1 9.54617E-2 7.70156E-2 6.72536E-2 9.18295E-2 9.7795E-2 9.79472E-2 1.08661E-1 1.30589E-1 1.3689E-1 1.80947E-1 1.50674E-1 1.6355E-1 1.9487E-1 2.09147E-1 1.69741E-1 1.95006E-1 1.8443E-1 1.71833E-1 1.43402E-1 1.61985E-1 2.03449E-1 1.57951E-1 1.0322E-1 8.64998E-2 8.39143E-2 7.37231E-2 6.75818E-2 8.48497E-2 1.14138E-1 1.19345E-1 1.28655E-1 1.41402E-1 1.5384E-1 1.16177E-1 1.81751E-1 1.82853E-1 1.71537E-1 1.69942E-1 1.43754E-1 1.24373E-1 1.14968E-1 1.11064E-1
2.38442E-1 2.51529E-1 2.06592E-1 1.26857E-1 6.4151E-2 4.40541E-2 2.57224E-2 2.87491E-2 3.22337E-2 1.68135E-1 6.42932E-2 1.08277E-1 1.95472E-1 1.85004E-1 2.5521E-1 1.66287E-1 1.29782E-1 1.39853E-1 1.49045E-1 1.31783E-1 1.07911E-1 1.07289E-1 1.23108E-1 1.15439E-1 1.07348E-1 1.16191E-1 1.52828E-1 1.71017E-1 1.8897E-1 2.34517E-1 2.42608E-1 2.78572E-1 2.26784E-1 2.62925E-1 2.76455E-1 2.42533E-1 2.14197E-1 2.44213E-1 2.31946E-1 1.92953E-1 1.66155E-1 1.20514E-1 9.44323E-2 1.09745E-1 1.05708E-1 9.16597E-2 9.13167E-2 1.3303E-1 1.40967E-1 1.72618E-1 1.93449E-1 2.28131E-1 1.8872E-1 1.58292E-1 1.44386E-1 1.4384E-1 1.53343E-1 1.27219E-1 1.19631E-1 1.1833E-1 1.08017E-1
2.32804E-1 2.55764E-1 2.71563E-1 2.55274E-1 1.82858E-1 9.17636E-2 5.8169E-2 3.65871E-2 2.90977E-2 1.64435E-1 9.88784E-2 1.87848E-1 2.39267E-1 1.31947E-1 2.01785E-1 3.00616E-1 1.35301E-1 1.68352E-1 1.91668E-1 1.68992E-1 1.60061E-1 1.36853E-1 1.44997E-1 1.56301E-1 1.3865E-1 1.71224E-1 1.76586E-1 1.68036E-1 1.71102E-1 2.80771E-1 2.90204E-1 3.09019E-1 2.22851E-1 3.37226E-1 3.34639E-1 3.22631E-1 2.10932E-1 2.0999E-1 2.16121E-1 1.72066E-1 1.46677E-1 1.33311E-1 1.27644E-1 1.36567E-1 1.19162E-1 9.49898E-2 7.8891E-2 8.6951E-2 1.01975E-1 1.83914E-1 1.75695E-1 1.79135E-1 1.71279E-1 1.42822E-1 1.1075E-1 1.16372E-1 1.29923E-1 1.29344E-1 1.2801E-1 1.12719E-1 1.03114E-1
2.67225E-1 2.45211E-1 2.72052E-1 2.72894E-1 2.09794E-1 9.22891E-2 6.09339E-2 4.92E-2 2.73924E-2 1.19913E-1 1.83782E-1 1.62543E-1 4.13295E-1 2.20181E-1 1.61835E-1 5.35226E-1 4.39186E-1 2.67345E-1 2.54422E-1 2.52571E-1 2.35272E-1 2.02888E-1 1.81308E-1 1.62989E-1 1.63244E-1 1.9394E-1 1.99244E-1 1.33438E-1 1.40099E-1 3.07069E-1 3.72265E-1 3.9055E-1 3.87192E-1 4.09079E-1 3.62946E-1 2.51129E-1 1.48997E-1 1.34387E-1 1.71985E-1 1.63832E-1 1.34849E-1 1.29795E-1 1.33015E-1 1.31181E-1 9.85499E-2 6.06814E-2 7.17984E-2 9.19508E-2 1.36749E-1 1.50291E-1 1.14525E-1 1.25702E-1 1.24632E-1 1.25822E-1 1.17629E-1 8.95569E-2 1.07191E-1 1.21896E-1 1.2043E-1 1.09315E-1 1.00996E-1
2.19611E-1 2.33217E-1 2.5534E-1 2.77552E-1 2.76875E-1 1.91911E-1 7.41068E-2 3.10785E-2 2.46418E-2 4.09934E-2 1.73669E-1 1.47549E-1 1.87604E-1 2.02274E-1 2.05671E-1 4.63569E-1 4.84766E-1 6.34621E-1 3.27416E-1 2.79484E-1 2.81858E-1 2.47388E-1 2.19087E-1 1.66291E-1 1.93829E-1 2.17094E-1 2.14175E-1 1.09531E-1 1.34499E-1 3.1566E-1 3.93406E-1 4.289E-1 4.4473E-1 4.23023E-1 2.37535E-1 2.76039E-1 2.18965E-1 1.30774E-1 1.44894E-1 1.41262E-1 1.35711E-1 1.27041E-1 1.38311E-1 1.39748E-1 6.65275E-2 4.17797E-2 5.23363E-2 1.32623E-1 1.38827E-1 9.41569E-2 8.70643E-2 9.46753E-2 9.87923E-2 1.01386E-1 9.72231E-2 9.0446E-2 9.39004E-2 9.63564E-2 1.12148E-1 1.15641E-1 1.04582E-1
2.1809E-1 2.29657E-1 2.37647E-1 2.49005E-1 2.75255E-1 2.87567E-1 1.15417E-1 3.42645E-2 3.69337E-2 3.11249E-2 8.96142E-2 2.36374E-1 1.63953E-1 2.18144E-1 3.92898E-1 2.11134E-1 2.47094E-1 6.63036E-1 4.74782E-1 2.56711E-1 2.93667E-1 2.80547E-1 2.61615E-1 1.26971E-1 9.57249E-2 1.25007E-1 2.37124E-1 2.52779E-1 2.47026E-1 3.72376E-1 3.86437E-1 4.07565E-1 4.73658E-1 4.27216E-1 3.81799E-1 4.16005E-1 2.0391E-1 1.12416E-1 1.28818E-1 1.14277E-1 1.23331E-1 1.24576E-1 1.36903E-1 1.96506E-1 1.01523E-1 4.03941E-2 3.86248E-2 1.15671E-1 9.49513E-2 9.19468E-2 9.91213E-2 9.59152E-2 9.51613E-2 1.04388E-1 1.00547E-1 9.85636E-2 8.85095E-2 7.6657E-2 7.75416E-2 8.88985E-2 1.05593E-1
2.27961E-1 2.28937E-1 2.32491E-1 2.42841E-1 2.56764E-1 2.72162E-1 1.51459E-1 5.58492E-2 5.6876E-2 3.93326E-2 7.61994E-2 1.93963E-1 1.30891E-1 1.98001E-1 3.49689E-1 3.32638E-1 1.48812E-1 5.99009E-1 5.08621E-1 2.91182E-1 3.42099E-1 3.0625E-1 2.73705E-1 2.24499E-1 9.94389E-2 8.3667E-2 2.15062E-1 3.93502E-1 4.42494E-1 4.21871E-1 4.13129E-1 4.62838E-1 5.2384E-1 3.82017E-1 4.03971E-1 4.47434E-1 1.86143E-1 9.74859E-2 1.51159E-1 1.9559E-1 1.94963E-1 2.16878E-1 1.95741E-1 1.51859E-1 1.76751E-1 1.05841E-1 4.78692E-2 1.05051E-1 1.11259E-1 1.14787E-1 1.16572E-1 1.07643E-1 1.05801E-1 1.13169E-1 1.07428E-1 9.74572E-2 8.30126E-2 8.23683E-2 7.72817E-2 7.61562E-2 9.71699E-2
2.35318E-1 2.33869E-1 2.23191E-1 2.24419E-1 2.44005E-1 3.04767E-1 2.14593E-1 8.11738E-2 7.85539E-2 4.9637E-2 7.66893E-2 2.27638E-1 2.06121E-1 1.54916E-1 2.62012E-1 4.59136E-1 1.53018E-1 5.09587E-1 6.35694E-1 2.6983E-1 3.26572E-1 3.52385E-1 2.86714E-1 2.68509E-1 2.49794E-1 1.77747E-1 2.647E-1 4.1294E-1 4.84295E-1 4.92833E-1 5.47142E-1 5.07252E-1 5.26452E-1 4.992E-1 4.68466E-1 3.31816E-1 1.99663E-1 1.21646E-1 1.57487E-1 2.64307E-1 1.33721E-1 1.11516E-1 1.03543E-1 1.18414E-1 8.00789E-2 1.28393E-1 1.3917E-1 1.5435E-1 1.27116E-1 1.38435E-1 1.52509E-1 1.27881E-1 1.1624E-1 1.15167E-1 1.04689E-1 9.38251E-2 8.87329E-2 8.16565E-2 8.05844E-2 8.75426E-2 9.89695E-2
