maxent_outputs/red_flowers_troch_bombus_environ/red_7.asc
ncols         426
nrows         180
xllcorner     -130.0
yllcorner     24.0
cellsize      0.16666666666666666
NODATA_value  -9999
[rows 27 to 53 of 180, columns 183 to 243 of 426]
8.1376E-3 7.94249E-3 7.85426E-3 7.95232E-3 7.92396E-3 8.04515E-3 8.06939E-3 7.8525E-3 7.60849E-3 7.55535E-3 7.23948E-3 7.17548E-3 7.16146E-3 6.98072E-3 6.88668E-3 7.02495E-3 7.19556E-3 7.15692E-3 7.30662E-3 7.59836E-3 7.77964E-3 7.77552E-3 7.6767E-3 7.51949E-3 7.40477E-3 7.39704E-3 8.10754E-3 8.34062E-3 8.53595E-3 8.35282E-3 8.32052E-3 8.48604E-3 8.7038E-3 8.6154E-3 8.69164E-3 8.78201E-3 8.78084E-3 8.74108E-3 8.72301E-3 8.79862E-3 9.15657E-3 8.76365E-3 8.96577E-3 8.88068E-3 8.35377E-3 8.4886E-3 8.52398E-3 8.36813E-3 7.89501E-3 7.58354E-3 7.50318E-3 7.60853E-3 7.64622E-3 8.0623E-3 7.94672E-3 8.04133E-3 8.08027E-3 7.87937E-3 7.81493E-3 7.78359E-3 7.9865E-3
8.27904E-3 8.18174E-3 8.17329E-3 8.2693E-3 8.03727E-3 7.97637E-3 8.0402E-3 8.04269E-3 7.80479E-3 7.62179E-3 7.44104E-3 7.2647E-3 7.21992E-3 7.10958E-3 6.87788E-3 7.15348E-3 7.30109E-3 7.23298E-3 7.3635E-3 7.45245E-3 7.63515E-3 7.76803E-3 7.75699E-3 7.64784E-3 7.60185E-3 7.7945E-3 7.87999E-3 9.10091E-3 9.24221E-3 8.51571E-3 8.40194E-3 8.50636E-3 8.67934E-3 8.59788E-3 8.76839E-3 8.90909E-3 8.88041E-3 8.57513E-3 8.80566E-3 9.09169E-3 8.7064E-3 8.54471E-3 8.55907E-3 8.537E-3 8.43564E-3 8.65397E-3 8.99151E-3 8.51727E-3 8.11649E-3 8.01333E-3 8.03927E-3 7.6358E-3 7.64815E-3 7.83843E-3 7.84833E-3 8.25834E-3 7.91513E-3 8.00903E-3 8.03672E-3 8.1298E-3 8.26578E-3
8.29544E-3 8.07098E-3 8.33252E-3 8.25448E-3 8.12647E-3 8.04248E-3 8.08695E-3 8.1714E-3 8.3349E-3 7.6665E-3 7.38484E-3 7.37706E-3 7.21572E-3 7.16161E-3 6.98672E-3 7.12557E-3 7.2745E-3 7.42223E-3 7.46572E-3 7.39446E-3 7.50216E-3 7.37946E-3 7.45314E-3 7.40952E-3 7.65755E-3 9.17189E-3 9.97861E-3 1.00761E-2 9.58315E-3 8.88781E-3 9.32917E-3 8.41018E-3 8.34343E-3 8.32711E-3 8.49578E-3 8.77016E-3 8.81462E-3 8.7582E-3 8.75944E-3 8.69343E-3 8.74577E-3 8.64605E-3 8.43286E-3 8.74574E-3 9.00188E-3 1.0035E-2 9.64255E-3 8.91213E-3 8.40288E-3 8.63255E-3 8.65534E-3 8.03906E-3 7.88373E-3 8.05724E-3 7.91299E-3 7.79666E-3 8.36616E-3 7.88736E-3 7.91515E-3 7.95466E-3 7.92155E-3
8.34532E-3 8.37075E-3 8.36273E-3 8.28034E-3 8.17677E-3 7.95481E-3 7.82998E-3 8.07457E-3 8.49464E-3 7.93856E-3 7.7289E-3 7.52092E-3 7.35216E-3 7.26794E-3 7.15489E-3 7.04333E-3 7.33366E-3 7.63531E-3 7.45881E-3 7.60006E-3 7.12356E-3 7.00034E-3 7.12641E-3 7.20286E-3 7.30131E-3 8.66599E-3 8.45871E-3 8.59003E-3 9.85389E-3 8.73222E-3 8.28237E-3 8.23607E-3 8.23089E-3 8.27766E-3 8.41196E-3 8.55942E-3 8.94348E-3 8.82222E-3 8.68533E-3 9.02517E-3 8.65737E-3 8.65661E-3 8.65407E-3 8.82725E-3 8.68479E-3 8.9835E-3 9.02071E-3 9.19451E-3 9.26464E-3 8.20786E-3 8.335E-3 8.52408E-3 9.1016E-3 9.68909E-3 9.24076E-3 8.46777E-3 7.9838E-3 7.75077E-3 7.80604E-3 8.26594E-3 8.21862E-3
8.25821E-3 8.38405E-3 8.27092E-3 8.05008E-3 8.11472E-3 8.20833E-3 7.80784E-3 8.04549E-3 8.13661E-3 8.27041E-3 7.78358E-3 7.62445E-3 7.35133E-3 7.31428E-3 7.15971E-3 7.13673E-3 7.36632E-3 7.60389E-3 7.59144E-3 7.20858E-3 7.08713E-3 7.0721E-3 6.96452E-3 7.1009E-3 7.55732E-3 7.83221E-3 8.14938E-3 8.01244E-3 8.00361E-3 7.73931E-3 7.84896E-3 7.82316E-3 8.06813E-3 8.01229E-3 8.20021E-3 8.42938E-3 8.91814E-3 1.01543E-2 9.16174E-3 9.4028E-3 8.99677E-3 8.86707E-3 8.75498E-3 8.73903E-3 9.08177E-3 8.67116E-3 8.62485E-3 8.81565E-3 8.98897E-3 8.97463E-3 9.32219E-3 9.19058E-3 9.14699E-3 1.00046E-2 1.07969E-2 9.68805E-3 8.2284E-3 7.8138E-3 7.89504E-3 1.01624E-2 1.00169E-2
8.2711E-3 8.49532E-3 8.36047E-3 8.41781E-3 8.59677E-3 8.31057E-3 7.96905E-3 8.06955E-3 8.2395E-3 8.47699E-3 7.98427E-3 7.66766E-3 7.41568E-3 7.32319E-3 7.24331E-3 7.03948E-3 7.3574E-3 7.478E-3 7.62993E-3 7.57811E-3 7.50927E-3 7.78999E-3 7.65555E-3 7.73395E-3 7.98195E-3 8.18058E-3 8.363E-3 8.39526E-3 8.51118E-3 7.72348E-3 7.84765E-3 8.19519E-3 8.08316E-3 7.98273E-3 8.04838E-3 8.0315E-3 8.33407E-3 9.12916E-3 9.7315E-3 1.02469E-2 1.0097E-2 9.2595E-3 8.72841E-3 8.7166E-3 9.24203E-3 9.59025E-3 9.16781E-3 9.30415E-3 9.59068E-3 9.03722E-3 8.88816E-3 8.42068E-3 8.37771E-3 9.77302E-3 1.144E-2 1.02786E-2 9.18663E-3 8.89657E-3 9.01752E-3 9.25644E-3 9.31387E-3
8.47202E-3 8.56708E-3 8.42747E-3 7.81566E-3 8.14102E-3 8.30335E-3 8.07973E-3 8.11309E-3 8.32935E-3 8.3234E-3 7.88915E-3 7.60369E-3 7.48288E-3 7.31691E-3 7.20633E-3 7.15236E-3 7.4223E-3 7.49076E-3 7.45117E-3 7.67267E-3 7.61121E-3 8.09474E-3 7.76798E-3 7.85988E-3 8.07216E-3 8.05846E-3 8.25205E-3 8.38115E-3 8.21669E-3 7.92423E-3 7.9259E-3 8.18983E-3 8.32801E-3 8.35919E-3 8.31679E-3 8.07202E-3 8.47879E-3 8.75465E-3 9.081E-3 9.44894E-3 9.4789E-3 9.85673E-3 9.40166E-3 9.32862E-3 9.58895E-3 9.13126E-3 9.32072E-3 9.49992E-3 9.21979E-3 9.17873E-3 9.35355E-3 9.18582E-3 9.13908E-3 9.91007E-3 9.55614E-3 1.00301E-2 9.42442E-3 1.00606E-2 9.93908E-3 9.3317E-3 9.46418E-3
8.82063E-3 9.39227E-3 9.28185E-3 8.71656E-3 8.35559E-3 8.32837E-3 8.51449E-3 8.58239E-3 8.44971E-3 8.17167E-3 7.88901E-3 7.77281E-3 7.66097E-3 7.53513E-3 7.37008E-3 7.28374E-3 7.48494E-3 7.51993E-3 7.51948E-3 7.43171E-3 7.62785E-3 8.19439E-3 7.72662E-3 7.74434E-3 7.88078E-3 8.10702E-3 8.32903E-3 8.26671E-3 7.84507E-3 7.8336E-3 7.73644E-3 8.24932E-3 8.4144E-3 8.47954E-3 8.52178E-3 8.50322E-3 8.72862E-3 8.95501E-3 9.17729E-3 9.33166E-3 9.43342E-3 9.35499E-3 9.30812E-3 9.34387E-3 9.45924E-3 9.70517E-3 9.71509E-3 9.72129E-3 9.71437E-3 9.77494E-3 9.96091E-3 1.10092E-2 1.00729E-2 1.07319E-2 9.79162E-3 1.04455E-2 1.04129E-2 1.04939E-2 9.87344E-3 9.94373E-3 1.05278E-2
8.6885E-3 9.76272E-3 1.04026E-2 1.01061E-2 9.44821E-3 8.70194E-3 8.74109E-3 8.66569E-3 8.68918E-3 8.47839E-3 8.16499E-3 7.9449E-3 7.87996E-3 7.79504E-3 7.82723E-3 7.55478E-3 7.42688E-3 7.52767E-3 7.69023E-3 7.79095E-3 7.6533E-3 7.69478E-3 7.79705E-3 8.01875E-3 8.21159E-3 8.85601E-3 9.8799E-3 9.94656E-3 9.53876E-3 9.01456E-3 8.55082E-3 8.46673E-3 8.44888E-3 8.35304E-3 8.4803E-3 8.57486E-3 8.66148E-3 8.9068E-3 9.18648E-3 9.54331E-3 9.38801E-3 9.37255E-3 9.26689E-3 9.12358E-3 9.18228E-3 9.25264E-3 9.53076E-3 9.94182E-3 9.85263E-3 9.95793E-3 9.79743E-3 9.94897E-3 1.01004E-2 1.05496E-2 1.08544E-2 1.17328E-2 1.12091E-2 1.05832E-2 1.08105E-2 1.36623E-2 2.0174E-2
8.29675E-3 8.37401E-3 8.36339E-3 8.1216E-3 8.69787E-3 8.57615E-3 8.94174E-3 8.66754E-3 8.66929E-3 8.57919E-3 8.24495E-3 8.05125E-3 8.04376E-3 7.97079E-3 8.08435E-3 7.92656E-3 7.58338E-3 7.69593E-3 7.81257E-3 7.85153E-3 7.90266E-3 8.00842E-3 7.98843E-3 8.12589E-3 8.34845E-3 9.84282E-3 1.0618E-2 1.03618E-2 9.07912E-3 8.57391E-3 8.69256E-3 8.60715E-3 8.61794E-3 8.58866E-3 8.64414E-3 8.71011E-3 8.82284E-3 8.86099E-3 8.81025E-3 8.94533E-3 9.02423E-3 9.21655E-3 9.38686E-3 9.85888E-3 9.35509E-3 9.59706E-3 9.43416E-3 9.58824E-3 9.78331E-3 9.78291E-3 9.77756E-3 1.03131E-2 1.07936E-2 1.1481E-2 1.15367E-2 1.1732E-2 1.27835E-2 1.52142E-2 2.06451E-2 2.99799E-2 3.66694E-2
8.33363E-3 8.27133E-3 8.11651E-3 8.11854E-3 8.23376E-3 7.97637E-3 8.04192E-3 8.0307E-3 8.27678E-3 8.45686E-3 8.35464E-3 8.1981E-3 8.17229E-3 8.22814E-3 8.16379E-3 7.92523E-3 7.80352E-3 7.85158E-3 7.71504E-3 7.81935E-3 7.97291E-3 8.00592E-3 8.00997E-3 8.19415E-3 8.33052E-3 8.66444E-3 8.68266E-3 8.669E-3 8.63265E-3 8.65788E-3 8.61108E-3 8.62469E-3 8.65579E-3 8.72566E-3 8.84014E-3 8.74734E-3 8.86627E-3 8.85189E-3 8.88363E-3 8.80317E-3 8.84492E-3 8.88248E-3 8.85511E-3 8.85238E-3 9.11919E-3 9.19835E-3 9.3959E-3 9.5735E-3 9.58059E-3 9.59355E-3 9.8771E-3 1.04052E-2 1.127E-2 1.39149E-2 1.65255E-2 2.1129E-2 2.78762E-2 3.40849E-2 3.80681E-2 3.82306E-2 3.74844E-2
8.25309E-3 8.2315E-3 8.23531E-3 8.11857E-3 8.12361E-3 8.33855E-3 8.21585E-3 8.21871E-3 8.03595E-3 8.34687E-3 8.3763E-3 8.25805E-3 8.08324E-3 8.08646E-3 8.18984E-3 7.99725E-3 7.83509E-3 7.75649E-3 7.80134E-3 8.07554E-3 8.42452E-3 8.122E-3 8.18786E-3 8.55733E-3 8.46095E-3 8.43216E-3 8.57325E-3 8.63324E-3 8.80299E-3 8.83059E-3 8.69627E-3 8.69352E-3 8.85762E-3 8.9104E-3 8.88476E-3 9.14143E-3 9.06951E-3 8.73636E-3 8.83936E-3 9.01857E-3 9.08823E-3 9.32234E-3 9.03313E-3 9.06329E-3 9.13971E-3 9.38823E-3 9.48602E-3 9.56192E-3 9.62529E-3 1.01344E-2 1.10992E-2 1.3353E-2 2.11778E-2 3.1384E-2 3.89839E-2 3.85413E-2 3.82036E-2 3.81859E-2 3.76685E-2 3.82141E-2 3.86492E-2
8.5419E-3 8.65279E-3 8.82513E-3 8.43286E-3 8.39044E-3 8.26015E-3 8.15169E-3 8.27452E-3 8.25088E-3 8.43761E-3 8.44577E-3 8.11062E-3 8.15599E-3 8.20302E-3 8.24227E-3 8.05795E-3 7.79079E-3 7.68798E-3 7.88521E-3 8.03505E-3 8.10964E-3 8.06355E-3 8.77308E-3 8.67315E-3 8.53922E-3 8.72627E-3 8.67749E-3 8.80107E-3 8.71748E-3 9.56736E-3 8.80364E-3 9.8878E-3 8.99997E-3 8.55332E-3 8.58503E-3 9.06543E-3 8.76256E-3 8.87112E-3 9.06148E-3 8.93466E-3 8.63566E-3 8.86943E-3 9.00357E-3 9.09875E-3 9.69015E-3 9.87677E-3 9.9277E-3 1.00006E-2 1.05431E-2 1.24515E-2 2.16337E-2 3.56465E-2 4.04547E-2 3.90015E-2 3.82692E-2 3.83378E-2 3.81669E-2 3.83885E-2 3.90591E-2 3.93362E-2 4.00412E-2
8.87548E-3 9.39162E-3 8.93914E-3 8.37494E-3 8.4742E-3 8.64568E-3 8.37773E-3 8.33597E-3 8.36064E-3 8.62295E-3 8.45389E-3 8.19993E-3 8.19822E-3 8.20766E-3 8.22279E-3 8.06597E-3 7.8461E-3 7.77024E-3 7.96122E-3 8.16019E-3 8.29416E-3 8.26981E-3 8.92342E-3 9.15677E-3 9.00088E-3 8.87681E-3 8.82657E-3 8.73379E-3 8.7434E-3 9.09874E-3 9.9652E-3 9.30405E-3 8.64104E-3 8.75503E-3 8.67634E-3 8.82244E-3 8.68514E-3 8.73129E-3 8.94182E-3 8.60029E-3 8.65309E-3 8.72529E-3 8.96482E-3 9.49415E-3 1.01017E-2 1.03375E-2 1.06276E-2 1.13417E-2 1.24487E-2 2.29722E-2 4.08961E-2 4.00923E-2 3.64554E-2 3.5477E-2 3.62733E-2 3.79647E-2 3.90226E-2 4.05309E-2 4.04902E-2 4.07542E-2 4.08779E-2
8.15467E-3 8.95499E-3 9.17272E-3 8.57026E-3 8.3407E-3 8.59796E-3 8.66168E-3 8.66118E-3 8.61004E-3 8.78464E-3 8.77159E-3 8.47932E-3 8.33973E-3 8.16414E-3 8.13207E-3 8.23833E-3 8.00391E-3 7.8524E-3 7.95604E-3 8.18796E-3 8.12256E-3 8.49966E-3 9.16669E-3 9.26063E-3 8.97615E-3 8.80586E-3 8.91475E-3 8.95171E-3 9.07611E-3 9.8022E-3 1.09261E-2 9.90084E-3 8.94936E-3 8.97251E-3 8.95885E-3 8.77965E-3 8.55254E-3 8.56511E-3 8.61665E-3 8.69574E-3 8.74719E-3 8.97231E-3 9.26125E-3 1.01712E-2 1.0617E-2 1.11479E-2 1.21343E-2 1.57809E-2 2.82832E-2 4.10659E-2 3.92269E-2 3.33707E-2 2.7515E-2 2.64562E-2 2.57739E-2 3.6523E-2 3.95863E-2 4.00918E-2 4.06428E-2 4.01042E-2 3.94555E-2
8.79991E-3 8.79887E-3 9.27581E-3 8.96028E-3 8.9414E-3 8.73072E-3 8.7175E-3 8.7389E-3 8.87916E-3 8.90854E-3 9.16024E-3 8.83777E-3 8.78382E-3 8.55613E-3 8.41297E-3 8.31061E-3 8.3568E-3 8.13855E-3 8.26734E-3 8.59002E-3 8.56997E-3 8.69591E-3 9.06304E-3 9.22604E-3 8.96109E-3 8.67381E-3 8.66128E-3 8.75146E-3 8.87979E-3 9.2429E-3 9.11219E-3 9.17938E-3 9.23577E-3 9.15175E-3 8.85728E-3 8.52031E-3 8.51168E-3 8.95507E-3 8.83419E-3 8.87937E-3 9.16881E-3 9.32203E-3 9.75963E-3 1.05193E-2 1.14368E-2 1.47371E-2 2.32863E-2 3.71904E-2 3.77387E-2 2.62382E-2 2.08615E-2 1.70919E-2 1.76319E-2 2.00869E-2 2.50233E-2 3.46019E-2 3.64257E-2 3.75683E-2 3.27832E-2 2.97029E-2 2.5318E-2
9.08582E-3 9.52348E-3 9.64623E-3 9.32983E-3 9.18762E-3 8.9852E-3 9.03307E-3 8.81463E-3 8.84913E-3 9.07596E-3 9.2463E-3 9.28576E-3 8.99492E-3 8.77812E-3 8.53982E-3 8.24212E-3 8.2638E-3 8.32868E-3 8.37951E-3 8.89559E-3 9.33138E-3 9.20155E-3 9.0379E-3 8.76588E-3 8.68676E-3 8.59528E-3 8.58401E-3 8.4447E-3 8.70197E-3 8.99875E-3 8.82843E-3 9.48166E-3 9.58228E-3 9.26572E-3 9.01116E-3 8.58987E-3 8.59788E-3 9.46994E-3 8.9236E-3 8.98262E-3 9.48078E-3 9.64624E-3 9.79922E-3 1.05685E-2 1.397E-2 1.99289E-2 1.90205E-2 1.57482E-2 1.33833E-2 1.31984E-2 1.33664E-2 1.43998E-2 1.83211E-2 2.6118E-2 2.93955E-2 3.15972E-2 2.90985E-2 2.2393E-2 1.78893E-2 1.56902E-2 1.48799E-2
9.32764E-3 9.41191E-3 9.81694E-3 9.84299E-3 9.55957E-3 9.03924E-3 9.08678E-3 8.93899E-3 8.88858E-3 8.90224E-3 9.15071E-3 9.24695E-3 8.98467E-3 8.792E-3 8.74164E-3 8.52165E-3 8.48663E-3 8.56707E-3 8.63111E-3 8.99654E-3 9.15145E-3 9.84648E-3 9.26178E-3 8.9107E-3 8.99361E-3 8.59065E-3 8.61938E-3 8.64368E-3 8.74199E-3 9.16798E-3 8.99841E-3 9.48134E-3 9.67252E-3 9.40357E-3 8.90384E-3 8.73412E-3 8.88425E-3 8.77441E-3 8.85201E-3 8.90667E-3 9.22367E-3 9.58068E-3 9.92167E-3 1.03533E-2 1.06845E-2 1.11221E-2 1.13546E-2 1.15669E-2 1.15818E-2 1.16194E-2 1.1741E-2 1.26086E-2 1.37421E-2 1.72338E-2 1.94789E-2 1.73292E-2 1.57965E-2 1.54404E-2 1.50283E-2 1.50035E-2 1.36762E-2
9.46258E-3 9.58417E-3 9.76619E-3 9.90519E-3 9.76453E-3 9.24473E-3 8.95072E-3 9.04606E-3 8.94115E-3 8.97923E-3 8.90028E-3 9.13945E-3 8.84099E-3 8.82297E-3 8.87137E-3 8.87774E-3 8.87028E-3 8.94004E-3 8.87594E-3 9.0311E-3 9.28964E-3 9.66373E-3 1.001E-2 9.92501E-3 9.21877E-3 8.91454E-3 8.77005E-3 8.75638E-3 8.97999E-3 9.20054E-3 9.8322E-3 1.0351E-2 9.63735E-3 9.64955E-3 9.92614E-3 9.44636E-3 9.17398E-3 8.95507E-3 9.03906E-3 8.96159E-3 9.6136E-3 9.74027E-3 1.02143E-2 1.02392E-2 1.04577E-2 1.08039E-2 1.08214E-2 1.01659E-2 1.12604E-2 1.21403E-2 1.14523E-2 1.17842E-2 1.25371E-2 1.37894E-2 1.3748E-2 1.3388E-2 1.30194E-2 1.383E-2 1.41093E-2 1.45849E-2 1.41736E-2
9.5519E-3 9.77886E-3 9.96305E-3 1.00011E-2 9.65485E-3 9.43781E-3 9.54363E-3 9.42403E-3 9.00132E-3 9.04127E-3 9.16193E-3 9.30685E-3 9.16408E-3 9.00527E-3 9.0055E-3 8.807E-3 8.68872E-3 8.88315E-3 9.14735E-3 9.33823E-3 9.53854E-3 9.85593E-3 9.79916E-3 9.67694E-3 9.73955E-3 9.52316E-3 9.56667E-3 9.60603E-3 9.55783E-3 1.01625E-2 1.00063E-2 9.38851E-3 9.26639E-3 9.68393E-3 1.30674E-2 1.40744E-2 9.29836E-3 9.0981E-3 9.31894E-3 9.38072E-3 9.53146E-3 9.91244E-3 1.03713E-2 1.04491E-2 1.06197E-2 1.07549E-2 9.84222E-3 1.06756E-2 1.16163E-2 1.17454E-2 1.21914E-2 1.23867E-2 1.24362E-2 1.25305E-2 1.27816E-2 1.30368E-2 1.25924E-2 1.24772E-2 1.29056E-2 1.31589E-2 1.3362E-2
1.01277E-2 9.72156E-3 9.83977E-3 9.98759E-3 9.8878E-3 9.63526E-3 9.45588E-3 9.8966E-3 9.16381E-3 9.12949E-3 9.33352E-3 9.46694E-3 9.46976E-3 9.53353E-3 9.59315E-3 9.18484E-3 8.96445E-3 8.9985E-3 9.20681E-3 9.56272E-3 9.81199E-3 9.88246E-3 9.99513E-3 9.8507E-3 9.93429E-3 9.75055E-3 9.76671E-3 9.76827E-3 1.00316E-2 9.8127E-3 9.69228E-3 9.24695E-3 9.03948E-3 9.3501E-3 9.97003E-3 1.04119E-2 9.42542E-3 9.43883E-3 9.33804E-3 9.50855E-3 9.7121E-3 1.00836E-2 1.07563E-2 1.06926E-2 1.07032E-2 1.09942E-2 1.13382E-2 1.16638E-2 1.14218E-2 1.17859E-2 1.19341E-2 1.19634E-2 1.22349E-2 1.20677E-2 1.23499E-2 1.27223E-2 1.24777E-2 1.21118E-2 1.24271E-2 1.26182E-2 1.23923E-2
9.56072E-3 9.85696E-3 9.6328E-3 1.02754E-2 9.90542E-3 9.45132E-3 9.42313E-3 9.64196E-3 9.79564E-3 9.19341E-3 9.20785E-3 9.48459E-3 1.01462E-2 1.0312E-2 1.00312E-2 9.70867E-3 9.27881E-3 9.40653E-3 9.13135E-3 9.33179E-3 9.78439E-3 1.00773E-2 1.00888E-2 1.02564E-2 1.04515E-2 9.92745E-3 1.02221E-2 1.00483E-2 1.00926E-2 9.69069E-3 9.5318E-3 9.53255E-3 9.1857E-3 9.41705E-3 9.55336E-3 9.60094E-3 9.6526E-3 9.56736E-3 9.48022E-3 9.55528E-3 1.02198E-2 1.03883E-2 1.11282E-2 1.12453E-2 1.15506E-2 1.10126E-2 1.08487E-2 1.14042E-2 1.21811E-2 1.2698E-2 1.23337E-2 1.21027E-2 1.23703E-2 1.22922E-2 1.22885E-2 1.25113E-2 1.24307E-2 1.28513E-2 1.25829E-2 1.28097E-2 1.23254E-2
9.86407E-3 9.98673E-3 1.00744E-2 1.00826E-2 9.57057E-3 9.43833E-3 9.57438E-3 1.013E-2 1.02136E-2 9.96695E-3 9.40415E-3 9.76126E-3 1.01418E-2 1.04538E-2 1.09729E-2 1.05656E-2 1.065E-2 1.02644E-2 9.63419E-3 9.70476E-3 1.00496E-2 1.01955E-2 1.0534E-2 1.06273E-2 1.07476E-2 1.02305E-2 1.00114E-2 1.00404E-2 1.01003E-2 9.85928E-3 9.66956E-3 9.79239E-3 9.47129E-3 9.39453E-3 9.39891E-3 9.25727E-3 9.62759E-3 9.82883E-3 1.00274E-2 9.8269E-3 1.02876E-2 1.03392E-2 1.08669E-2 1.10185E-2 1.10617E-2 1.09971E-2 1.13564E-2 1.17803E-2 1.20437E-2 1.12659E-2 1.16315E-2 1.20369E-2 1.2279E-2 1.22768E-2 1.23023E-2 1.24367E-2 1.27029E-2 1.23954E-2 1.22453E-2 1.25539E-2 1.20734E-2
1.016E-2 1.04027E-2 1.02663E-2 1.00093E-2 9.76935E-3 9.71789E-3 9.68187E-3 9.96955E-3 9.7239E-3 1.00687E-2 1.00321E-2 1.06015E-2 1.04252E-2 1.00863E-2 1.1019E-2 1.12375E-2 1.07803E-2 1.06926E-2 1.03038E-2 1.00701E-2 1.00405E-2 1.03507E-2 1.04333E-2 1.04021E-2 1.08725E-2 1.0347E-2 1.01793E-2 1.0067E-2 9.98101E-3 9.96022E-3 1.04491E-2 1.01846E-2 9.96823E-3 9.78832E-3 9.76835E-3 9.89119E-3 1.0009E-2 1.02472E-2 1.02022E-2 1.01976E-2 1.05101E-2 1.06389E-2 1.09874E-2 1.12263E-2 1.11676E-2 1.08914E-2 1.05416E-2 1.1272E-2 1.2451E-2 1.12694E-2 1.16782E-2 1.23621E-2 1.23609E-2 1.21524E-2 1.23894E-2 1.23587E-2 1.22567E-2 1.20061E-2 1.2064E-2 1.21673E-2 1.254E-2
1.10177E-2 1.07942E-2 1.0438E-2 1.02156E-2 1.00882E-2 1.00679E-2 9.98123E-3 9.90892E-3 1.01235E-2 1.03974E-2 1.07892E-2 1.12774E-2 1.20348E-2 1.03748E-2 1.05291E-2 1.13756E-2 1.13265E-2 1.11278E-2 1.10305E-2 1.04388E-2 1.04334E-2 1.01272E-2 9.82437E-3 1.0259E-2 1.03672E-2 1.08218E-2 1.05103E-2 9.99674E-3 1.00824E-2 1.0373E-2 1.03091E-2 1.02834E-2 1.05058E-2 1.05175E-2 1.06275E-2 1.07401E-2 1.06817E-2 1.05415E-2 1.06864E-2 1.10362E-2 1.07692E-2 1.09289E-2 1.0748E-2 1.08636E-2 1.07214E-2 1.05235E-2 1.04337E-2 1.12859E-2 1.15518E-2 1.13353E-2 1.15519E-2 1.16898E-2 1.2286E-2 1.2514E-2 1.26605E-2 1.26278E-2 1.27819E-2 1.24545E-2 1.25864E-2 1.25231E-2 1.26525E-2
1.09761E-2 1.1166E-2 1.07695E-2 1.05903E-2 1.03864E-2 9.9913E-3 9.86221E-3 9.87484E-3 1.01927E-2 1.08854E-2 1.12391E-2 1.13764E-2 1.14161E-2 1.09258E-2 1.03993E-2 1.1547E-2 1.14014E-2 1.11548E-2 1.13105E-2 1.07809E-2 1.09535E-2 1.02858E-2 9.98249E-3 1.00012E-2 1.01443E-2 1.06148E-2 1.1006E-2 1.08488E-2 1.04789E-2 1.01842E-2 1.00875E-2 1.05154E-2 1.09973E-2 1.11058E-2 1.11442E-2 1.11374E-2 1.13095E-2 1.13886E-2 1.1879E-2 1.17295E-2 1.1554E-2 1.08928E-2 1.07917E-2 1.08522E-2 1.10703E-2 1.09735E-2 1.08275E-2 1.07778E-2 1.16221E-2 1.21146E-2 1.21348E-2 1.18955E-2 1.25724E-2 1.35952E-2 1.31219E-2 1.24664E-2 1.3019E-2 1.32251E-2 1.27507E-2 1.20355E-2 1.21E-2
1.10842E-2 1.11736E-2 1.13616E-2 1.09605E-2 1.05286E-2 1.01191E-2 1.00897E-2 1.00086E-2 1.02802E-2 1.07609E-2 1.12728E-2 1.11217E-2 1.11648E-2 1.066E-2 1.03354E-2 1.12301E-2 1.17701E-2 1.14929E-2 1.12035E-2 1.08276E-2 1.04869E-2 1.0808E-2 1.02619E-2 1.00775E-2 1.03098E-2 1.05652E-2 1.03879E-2 1.04921E-2 1.03435E-2 1.05563E-2 1.08432E-2 1.07755E-2 1.08589E-2 1.11786E-2 1.1354E-2 1.16549E-2 1.21313E-2 1.22907E-2 1.28718E-2 1.2272E-2 1.2329E-2 1.10167E-2 1.06524E-2 1.08655E-2 1.11469E-2 1.12487E-2 1.16699E-2 1.12677E-2 1.108E-2 1.15246E-2 1.17617E-2 1.20127E-2 1.19856E-2 1.24211E-2 1.22068E-2 1.21435E-2 1.24555E-2 1.2506E-2 1.23064E-2 1.25926E-2 1.24881E-2
