maxent_outputs/red_flowers_troch_bombus_environ/red_39.asc
ncols         426
nrows         180
xllcorner     -130.0
yllcorner     24.0
cellsize      0.16666666666666666
NODATA_value  -9999
[rows 0 to 26 of 180, columns 183 to 243 of 426]
6.71443E-3 5.89884E-3 5.69286E-3 6.0283E-3 5.77879E-3 5.31515E-3 5.52827E-3 7.50185E-3 7.66881E-3 7.25041E-3 5.89666E-3 6.00333E-3 5.29773E-3 5.26512E-3 5.59292E-3 5.49681E-3 5.54392E-3 5.62261E-3 5.55132E-3 5.78978E-3 6.69994E-3 6.17106E-3 5.73028E-3 5.77253E-3 5.88817E-3 5.94203E-3 6.05617E-3 6.30808E-3 6.93685E-3 6.34466E-3 6.05758E-3 6.02083E-3 5.7351E-3 6.08901E-3 5.86892E-3 5.70097E-3 5.6212E-3 5.69671E-3 5.92775E-3 5.89876E-3 5.8934E-3 5.95644E-3 5.89926E-3 5.78315E-3 6.09251E-3 5.94177E-3 6.09205E-3 6.27781E-3 6.78563E-3 6.59127E-3 6.3234E-3 6.63292E-3 7.10722E-3 6.25268E-3 6.55059E-3 6.1538E-3 6.07317E-3 5.59674E-3 5.60581E-3 5.71772E-3 5.57329E-3
5.96806E-3 5.70444E-3 6.18542E-3 1.12545E-2 1.44949E-2 1.46517E-2 1.53704E-2 1.50774E-2 1.22542E-2 9.45663E-3 6.31008E-3 6.23846E-3 5.89371E-3 5.57506E-3 5.91599E-3 5.68711E-3 5.45177E-3 5.36518E-3 5.31316E-3 5.74534E-3 5.77089E-3 5.5891E-3 5.9376E-3 5.91236E-3 5.90391E-3 5.60499E-3 5.9937E-3 6.16943E-3 6.52439E-3 6.99696E-3 7.44345E-3 7.04423E-3 6.08902E-3 5.86859E-3 6.00765E-3 5.78826E-3 5.90636E-3 6.04312E-3 5.91334E-3 5.84979E-3 5.86723E-3 5.49019E-3 5.65396E-3 6.34287E-3 6.92433E-3 6.71706E-3 6.43299E-3 6.05044E-3 6.27124E-3 6.7647E-3 6.39951E-3 6.46865E-3 6.26314E-3 5.87334E-3 6.17336E-3 6.73189E-3 9.04397E-3 9.30496E-3 8.33458E-3 6.13937E-3 6.21996E-3
5.68693E-3 5.60494E-3 8.00649E-3 1.53666E-2 1.56758E-2 1.55694E-2 1.65061E-2 1.70351E-2 1.72823E-2 1.67752E-2 9.99255E-3 6.57564E-3 6.60236E-3 6.0435E-3 5.78183E-3 5.63769E-3 5.45531E-3 5.50273E-3 5.63137E-3 6.15115E-3 5.83317E-3 5.36549E-3 5.26058E-3 5.62919E-3 5.96293E-3 5.5444E-3 5.56265E-3 5.89449E-3 5.96849E-3 5.76716E-3 5.84022E-3 5.74672E-3 5.55395E-3 5.83399E-3 5.83359E-3 5.90862E-3 6.04609E-3 6.05402E-3 6.1028E-3 5.94812E-3 6.04005E-3 5.85192E-3 5.48752E-3 5.25528E-3 5.59378E-3 5.5124E-3 5.67153E-3 5.76162E-3 6.10112E-3 6.11564E-3 6.79469E-3 6.40442E-3 5.79186E-3 5.65664E-3 5.71276E-3 5.74546E-3 5.70259E-3 5.87983E-3 5.74202E-3 5.72806E-3 5.63591E-3
6.03416E-3 7.12705E-3 1.15452E-2 1.68492E-2 1.58731E-2 1.57986E-2 1.56626E-2 1.60336E-2 1.72466E-2 1.78851E-2 1.68991E-2 7.9099E-3 7.6403E-3 6.42598E-3 6.29729E-3 5.88608E-3 5.85924E-3 5.86216E-3 5.81375E-3 5.77504E-3 6.29167E-3 5.65515E-3 5.47784E-3 5.5743E-3 5.51134E-3 5.78868E-3 5.68848E-3 5.51166E-3 5.75154E-3 5.55186E-3 5.5782E-3 5.85096E-3 5.61492E-3 5.6465E-3 5.57092E-3 5.62982E-3 5.80683E-3 5.73467E-3 5.68174E-3 5.97783E-3 5.80537E-3 5.51363E-3 5.43433E-3 5.08496E-3 5.12297E-3 5.13863E-3 6.20539E-3 6.02981E-3 6.06934E-3 6.30515E-3 6.42414E-3 7.17781E-3 6.13454E-3 5.67268E-3 5.72138E-3 5.62573E-3 5.69235E-3 5.6452E-3 5.87322E-3 5.44603E-3 5.68218E-3
9.06479E-3 9.89785E-3 1.48078E-2 1.62592E-2 1.6362E-2 1.63161E-2 1.68145E-2 1.68948E-2 1.73451E-2 1.80663E-2 1.80114E-2 1.3324E-2 8.32469E-3 6.35665E-3 5.58183E-3 6.13519E-3 6.05916E-3 5.81072E-3 5.89546E-3 5.7035E-3 5.66684E-3 5.72509E-3 5.96059E-3 5.66721E-3 5.37662E-3 5.35223E-3 5.44401E-3 5.60742E-3 5.84206E-3 5.75685E-3 5.72715E-3 5.79234E-3 5.68681E-3 5.71128E-3 5.98296E-3 6.16535E-3 5.75211E-3 5.33941E-3 5.28736E-3 5.56078E-3 5.60987E-3 5.54914E-3 5.52925E-3 5.49385E-3 5.52395E-3 5.63816E-3 5.34098E-3 5.5801E-3 5.8236E-3 5.61376E-3 5.84049E-3 5.95608E-3 5.79826E-3 5.76071E-3 5.78417E-3 5.84243E-3 5.64404E-3 5.82457E-3 5.89399E-3 5.40457E-3 5.28005E-3
8.99499E-3 8.35795E-3 9.59236E-3 1.24744E-2 1.21913E-2 1.27609E-2 1.57035E-2 1.76118E-2 1.75882E-2 1.83123E-2 1.86876E-2 1.78593E-2 1.16375E-2 6.63681E-3 6.29969E-3 5.92815E-3 6.02916E-3 6.05304E-3 5.81557E-3 5.82432E-3 6.0513E-3 5.62627E-3 5.48146E-3 5.70996E-3 5.78765E-3 5.98689E-3 5.93069E-3 6.10285E-3 5.76881E-3 5.86899E-3 5.94734E-3 5.74849E-3 5.7151E-3 5.78038E-3 5.7212E-3 6.48937E-3 6.95629E-3 6.48638E-3 6.79462E-3 6.73519E-3 7.05109E-3 6.64989E-3 5.64404E-3 5.63685E-3 5.63403E-3 6.01926E-3 5.34072E-3 5.37049E-3 5.86037E-3 6.12403E-3 6.1572E-3 6.12162E-3 5.64025E-3 5.45752E-3 5.44364E-3 5.44453E-3 5.61511E-3 6.26054E-3 6.09139E-3 5.75381E-3 5.93908E-3
8.80974E-3 7.75049E-3 7.3304E-3 8.424E-3 1.19782E-2 1.45043E-2 1.70294E-2 1.74247E-2 1.7774E-2 1.824E-2 1.88066E-2 1.83081E-2 1.24688E-2 7.99937E-3 7.61635E-3 6.70073E-3 6.29495E-3 6.08237E-3 6.28399E-3 6.12989E-3 6.13168E-3 6.05599E-3 5.66901E-3 5.84347E-3 5.90191E-3 5.99286E-3 5.86541E-3 6.07583E-3 5.85632E-3 5.77113E-3 5.81573E-3 5.7154E-3 5.94145E-3 6.37177E-3 5.9685E-3 6.1096E-3 6.50082E-3 6.01417E-3 6.15677E-3 6.21411E-3 6.40209E-3 6.07788E-3 5.67678E-3 5.61645E-3 6.18846E-3 6.53205E-3 6.45781E-3 5.96619E-3 6.6366E-3 6.41722E-3 6.48574E-3 6.70103E-3 6.38589E-3 5.51739E-3 5.3083E-3 5.31105E-3 5.29906E-3 6.01958E-3 6.16143E-3 6.22359E-3 6.56979E-3
9.29808E-3 7.98696E-3 7.84827E-3 8.91019E-3 1.30581E-2 1.64344E-2 1.66829E-2 1.74579E-2 1.81906E-2 1.83715E-2 1.85434E-2 1.89227E-2 1.69442E-2 9.39464E-3 7.70801E-3 7.45531E-3 7.33867E-3 8.21913E-3 7.2088E-3 6.99458E-3 6.51059E-3 6.18676E-3 6.03334E-3 5.9424E-3 5.68432E-3 6.25597E-3 5.90942E-3 5.94736E-3 6.07617E-3 6.0766E-3 5.84436E-3 5.56095E-3 5.92761E-3 5.93772E-3 5.94953E-3 5.98193E-3 5.99594E-3 5.81876E-3 5.63158E-3 5.62345E-3 5.909E-3 6.24175E-3 5.8489E-3 5.63238E-3 5.61791E-3 5.67013E-3 5.53988E-3 5.59572E-3 6.15632E-3 6.25385E-3 5.98083E-3 6.61792E-3 6.84306E-3 6.70041E-3 5.4739E-3 5.43121E-3 5.70331E-3 5.66342E-3 5.61884E-3 5.4885E-3 5.59049E-3
9.38787E-3 8.39535E-3 8.39465E-3 8.78047E-3 8.43843E-3 1.13135E-2 1.58819E-2 1.68322E-2 1.70936E-2 1.67942E-2 1.81184E-2 1.82073E-2 1.79181E-2 1.58738E-2 8.70313E-3 7.26092E-3 7.83729E-3 7.14E-3 7.57263E-3 7.72869E-3 7.4244E-3 6.67521E-3 6.4315E-3 6.15867E-3 6.19843E-3 6.1041E-3 5.96618E-3 6.08536E-3 5.84435E-3 5.9578E-3 6.05796E-3 5.98612E-3 6.11794E-3 5.84712E-3 5.97685E-3 5.84095E-3 5.79912E-3 5.98867E-3 6.08912E-3 5.92411E-3 5.6606E-3 5.76574E-3 6.07866E-3 6.02662E-3 5.59818E-3 5.43224E-3 5.42461E-3 6.89001E-3 6.47749E-3 5.98379E-3 5.83117E-3 5.73599E-3 5.62452E-3 5.55427E-3 6.01588E-3 5.81076E-3 5.68695E-3 5.60468E-3 5.61702E-3 5.39979E-3 5.2574E-3
9.81411E-3 8.42567E-3 8.51588E-3 8.26791E-3 8.04795E-3 7.81109E-3 1.16298E-2 1.53747E-2 1.31953E-2 1.18362E-2 1.71529E-2 1.65897E-2 1.63408E-2 1.45993E-2 1.12512E-2 7.70473E-3 7.88633E-3 7.21485E-3 6.96899E-3 6.78663E-3 6.55088E-3 6.53622E-3 6.38059E-3 6.05809E-3 6.44506E-3 6.35195E-3 5.95794E-3 5.99848E-3 5.91264E-3 5.91262E-3 5.94332E-3 5.86779E-3 5.71915E-3 5.64455E-3 6.12999E-3 6.19188E-3 6.02314E-3 5.96486E-3 6.17253E-3 6.04154E-3 5.84705E-3 5.69485E-3 5.82531E-3 6.07656E-3 5.76677E-3 5.58483E-3 5.61571E-3 6.0758E-3 5.48114E-3 5.55606E-3 5.39097E-3 5.50377E-3 5.59839E-3 5.68289E-3 5.56105E-3 5.67361E-3 5.6092E-3 5.30795E-3 5.14979E-3 5.09411E-3 5.55491E-3
9.19747E-3 8.72881E-3 8.37566E-3 8.36275E-3 8.30227E-3 7.96525E-3 7.92784E-3 9.05505E-3 1.42329E-2 1.37093E-2 1.51232E-2 1.51926E-2 1.45118E-2 1.217E-2 1.15164E-2 7.55681E-3 7.51856E-3 7.04336E-3 6.93751E-3 6.71151E-3 6.76281E-3 6.67E-3 6.32312E-3 6.05799E-3 6.56715E-3 6.50604E-3 6.29536E-3 6.56447E-3 5.9419E-3 6.15554E-3 6.39156E-3 6.11287E-3 5.83334E-3 5.71774E-3 6.04282E-3 5.87428E-3 5.74636E-3 5.45019E-3 5.75017E-3 5.60679E-3 6.37308E-3 5.99074E-3 5.43342E-3 5.38548E-3 5.11071E-3 5.24416E-3 5.32091E-3 5.39756E-3 5.12742E-3 4.95894E-3 5.16513E-3 4.95654E-3 5.26073E-3 5.04175E-3 5.32696E-3 5.14453E-3 5.36157E-3 5.38612E-3 5.06171E-3 4.89888E-3 5.17583E-3
8.8926E-3 8.67528E-3 8.8716E-3 8.8458E-3 8.525E-3 8.15115E-3 8.22228E-3 8.16082E-3 9.72785E-3 1.45261E-2 1.0603E-2 9.6025E-3 1.17479E-2 1.39317E-2 1.34047E-2 8.70071E-3 7.35969E-3 6.97611E-3 7.10468E-3 6.81932E-3 6.75288E-3 6.91305E-3 6.47978E-3 6.96684E-3 7.55988E-3 7.45122E-3 7.0759E-3 6.82497E-3 6.98888E-3 6.80138E-3 6.72606E-3 6.81145E-3 6.83936E-3 6.22064E-3 6.16945E-3 5.52047E-3 5.35222E-3 5.50146E-3 5.4048E-3 5.51608E-3 5.65909E-3 5.55257E-3 5.29615E-3 5.05506E-3 5.45731E-3 5.39892E-3 5.06828E-3 5.11652E-3 5.32883E-3 5.14407E-3 5.34094E-3 5.22821E-3 5.00836E-3 5.02666E-3 5.15131E-3 5.31314E-3 5.51363E-3 5.43808E-3 5.31167E-3 5.40374E-3 5.30426E-3
8.85053E-3 9.28769E-3 8.98701E-3 8.71626E-3 8.35324E-3 8.49656E-3 8.71773E-3 8.27067E-3 8.20061E-3 9.68614E-3 8.40535E-3 8.33083E-3 7.62988E-3 1.0953E-2 1.27546E-2 1.14463E-2 7.61848E-3 6.86121E-3 6.55127E-3 6.46549E-3 6.55605E-3 6.7758E-3 6.94421E-3 7.12892E-3 7.78202E-3 6.70597E-3 6.95577E-3 6.71048E-3 6.71654E-3 6.77384E-3 6.90247E-3 6.90306E-3 7.056E-3 6.71364E-3 6.18553E-3 5.50977E-3 5.51942E-3 5.836E-3 5.74878E-3 5.9554E-3 5.6082E-3 5.51213E-3 5.25786E-3 5.13178E-3 5.38107E-3 5.66269E-3 5.17796E-3 5.20567E-3 6.00378E-3 5.70954E-3 5.92855E-3 5.50675E-3 5.35122E-3 5.15613E-3 5.5648E-3 5.68778E-3 5.72617E-3 5.46692E-3 5.23324E-3 5.17924E-3 5.50702E-3
1.0705E-2 9.52822E-3 9.15941E-3 8.75112E-3 7.98835E-3 8.12616E-3 9.34349E-3 8.90031E-3 7.45504E-3 7.01034E-3 7.39202E-3 7.46588E-3 9.34097E-3 1.0124E-2 1.09503E-2 1.00645E-2 8.96525E-3 7.2385E-3 6.71135E-3 6.80864E-3 6.86923E-3 6.85096E-3 6.95486E-3 7.3968E-3 6.96292E-3 7.13725E-3 6.77801E-3 7.19281E-3 7.00633E-3 7.45611E-3 7.24823E-3 7.24696E-3 7.34982E-3 6.83322E-3 6.98035E-3 6.55897E-3 6.41251E-3 6.47177E-3 6.57988E-3 6.30753E-3 6.20858E-3 5.7001E-3 5.40045E-3 5.27667E-3 5.822E-3 6.30536E-3 5.81992E-3 5.78027E-3 5.69528E-3 5.9026E-3 6.19785E-3 5.83369E-3 6.07393E-3 5.67658E-3 5.74908E-3 5.90227E-3 5.39168E-3 5.37792E-3 5.74899E-3 5.39028E-3 5.63033E-3
1.00081E-2 9.88213E-3 1.05765E-2 1.0225E-2 9.11394E-3 9.29768E-3 8.64621E-3 7.23502E-3 7.27823E-3 7.6106E-3 7.77547E-3 7.46599E-3 7.63039E-3 9.85459E-3 8.61218E-3 7.03788E-3 9.07937E-3 8.51707E-3 6.91838E-3 6.86355E-3 6.90629E-3 6.98903E-3 7.0242E-3 7.24957E-3 6.8302E-3 7.09039E-3 7.1638E-3 7.32017E-3 7.54458E-3 7.26918E-3 7.25195E-3 7.27161E-3 6.95773E-3 7.04412E-3 7.14919E-3 6.83836E-3 6.61914E-3 6.5203E-3 6.38397E-3 6.23982E-3 5.83918E-3 5.83158E-3 5.6427E-3 5.69125E-3 6.10834E-3 6.82744E-3 5.86932E-3 5.82905E-3 6.10537E-3 5.69286E-3 5.95636E-3 6.00222E-3 5.8775E-3 5.9349E-3 5.92379E-3 5.90761E-3 5.53505E-3 5.40526E-3 5.33983E-3 5.28609E-3 5.26914E-3
7.88148E-3 8.8489E-3 1.08188E-2 1.03456E-2 8.60942E-3 7.08898E-3 7.30114E-3 7.4302E-3 8.08387E-3 8.25757E-3 8.02551E-3 6.50769E-3 6.63525E-3 8.2317E-3 6.91313E-3 7.96493E-3 1.05033E-2 1.09086E-2 7.31979E-3 6.92686E-3 6.70356E-3 6.53793E-3 6.51155E-3 6.66168E-3 6.85238E-3 6.94006E-3 7.23558E-3 7.85582E-3 7.85694E-3 7.53142E-3 7.42607E-3 7.34616E-3 7.21201E-3 6.60685E-3 6.9472E-3 6.6389E-3 6.97291E-3 6.74037E-3 6.22821E-3 6.04329E-3 5.85671E-3 6.59908E-3 6.96993E-3 6.64952E-3 6.34948E-3 7.05332E-3 6.26879E-3 6.06685E-3 6.3912E-3 6.22632E-3 6.38789E-3 6.32781E-3 6.00828E-3 6.10422E-3 5.97066E-3 5.94133E-3 5.59042E-3 5.36872E-3 5.419E-3 5.32169E-3 5.52859E-3
7.50011E-3 8.59678E-3 9.56267E-3 1.09946E-2 1.10914E-2 9.14892E-3 6.90412E-3 7.26576E-3 8.32031E-3 7.94589E-3 6.75225E-3 6.09624E-3 6.35698E-3 7.31276E-3 6.73992E-3 9.45126E-3 9.31274E-3 1.11705E-2 9.94449E-3 7.35021E-3 6.77514E-3 6.72169E-3 6.66255E-3 6.89653E-3 7.33255E-3 7.14769E-3 7.61362E-3 8.13009E-3 8.22383E-3 7.58348E-3 7.67943E-3 7.62226E-3 7.40403E-3 7.12421E-3 6.72113E-3 6.78552E-3 8.50199E-3 8.78256E-3 6.98503E-3 6.59282E-3 6.87551E-3 6.81793E-3 6.73779E-3 6.65221E-3 6.81195E-3 7.11846E-3 7.25127E-3 6.91947E-3 6.57794E-3 6.3763E-3 6.12426E-3 6.22755E-3 6.44968E-3 6.13586E-3 6.00098E-3 6.14365E-3 5.92571E-3 5.71365E-3 5.72721E-3 5.82415E-3 5.48669E-3
7.87804E-3 8.33023E-3 8.73527E-3 1.01226E-2 1.0757E-2 9.85562E-3 8.27183E-3 7.26758E-3 8.80501E-3 8.59036E-3 6.7708E-3 6.31334E-3 6.1084E-3 6.6821E-3 6.4507E-3 8.52811E-3 1.04042E-2 1.27049E-2 1.01264E-2 7.0823E-3 6.71364E-3 6.95634E-3 6.86029E-3 6.98909E-3 7.13406E-3 7.23968E-3 8.00301E-3 8.02462E-3 8.1196E-3 7.79989E-3 7.80215E-3 7.91451E-3 7.8016E-3 8.31359E-3 7.43008E-3 6.95027E-3 7.64814E-3 7.95083E-3 7.0847E-3 6.57334E-3 7.12383E-3 6.78752E-3 6.67021E-3 6.65006E-3 6.94868E-3 6.61312E-3 6.69467E-3 7.02514E-3 6.99043E-3 6.41791E-3 5.57305E-3 5.97284E-3 7.03741E-3 7.19952E-3 6.8131E-3 6.46667E-3 6.17003E-3 6.09774E-3 5.97733E-3 5.81044E-3 5.76977E-3
8.49837E-3 8.9286E-3 8.63386E-3 9.14173E-3 1.09488E-2 1.06343E-2 9.14077E-3 7.78282E-3 7.86905E-3 7.67165E-3 7.65355E-3 7.68612E-3 7.19877E-3 6.887E-3 7.08518E-3 1.20503E-2 1.43036E-2 1.47229E-2 1.20335E-2 7.38461E-3 8.06682E-3 7.63909E-3 7.07957E-3 7.37283E-3 7.21245E-3 7.67556E-3 7.8775E-3 7.86483E-3 7.77011E-3 7.7703E-3 7.19313E-3 7.51591E-3 8.0114E-3 7.90278E-3 7.94953E-3 7.48964E-3 7.05153E-3 6.93742E-3 6.64773E-3 6.54814E-3 6.27684E-3 6.34375E-3 6.30875E-3 6.41654E-3 6.32887E-3 6.50471E-3 6.32947E-3 6.01497E-3 6.18642E-3 6.13833E-3 6.06603E-3 6.65313E-3 6.34051E-3 6.06395E-3 6.41147E-3 6.71706E-3 6.22062E-3 6.05153E-3 6.07564E-3 6.07039E-3 5.98214E-3
8.12046E-3 8.07223E-3 8.10512E-3 8.10796E-3 1.00313E-2 1.25798E-2 1.25962E-2 9.74068E-3 8.62309E-3 8.24934E-3 8.71899E-3 7.92337E-3 8.08079E-3 7.85622E-3 8.26002E-3 1.32121E-2 1.45782E-2 1.37879E-2 1.25836E-2 8.81141E-3 8.93267E-3 7.98044E-3 7.52141E-3 7.38315E-3 7.4087E-3 7.81316E-3 7.82092E-3 8.1219E-3 7.88096E-3 8.31268E-3 8.36646E-3 8.42086E-3 8.2647E-3 7.44228E-3 7.24325E-3 8.03129E-3 8.02046E-3 7.46231E-3 7.29981E-3 7.02836E-3 7.03182E-3 6.39785E-3 5.8736E-3 6.58756E-3 7.00265E-3 7.04265E-3 6.57646E-3 6.77414E-3 6.3565E-3 6.87332E-3 6.88481E-3 6.65705E-3 6.38891E-3 6.53906E-3 6.47582E-3 6.34994E-3 6.19175E-3 6.03736E-3 6.13922E-3 6.06918E-3 6.04935E-3
8.39747E-3 7.91656E-3 7.76528E-3 8.14234E-3 8.71783E-3 1.13544E-2 1.28546E-2 1.26153E-2 1.01117E-2 8.9502E-3 8.85337E-3 8.17344E-3 8.69984E-3 7.42414E-3 7.70926E-3 1.27602E-2 1.40735E-2 1.1859E-2 1.00689E-2 8.96078E-3 8.67713E-3 8.57602E-3 8.24657E-3 7.63941E-3 7.4421E-3 7.57811E-3 8.42915E-3 8.35399E-3 7.85806E-3 8.40355E-3 8.8431E-3 7.99418E-3 7.90524E-3 7.97778E-3 7.81508E-3 8.40919E-3 8.04561E-3 7.81619E-3 8.52869E-3 7.57604E-3 7.37996E-3 7.03711E-3 7.21044E-3 6.78307E-3 7.19683E-3 7.26876E-3 6.53577E-3 6.44001E-3 6.47098E-3 6.77049E-3 6.71624E-3 6.59316E-3 6.49972E-3 6.49579E-3 6.61686E-3 6.08085E-3 6.0427E-3 6.15634E-3 6.18408E-3 6.02508E-3 6.16411E-3
8.13108E-3 8.21002E-3 7.92497E-3 8.46304E-3 8.97048E-3 9.95701E-3 1.24671E-2 1.29511E-2 1.27E-2 9.35556E-3 8.84435E-3 9.49021E-3 8.29903E-3 7.71718E-3 7.5647E-3 1.14905E-2 1.27573E-2 1.0281E-2 7.84754E-3 7.57828E-3 8.24585E-3 9.51224E-3 8.02908E-3 7.78797E-3 8.46926E-3 8.51191E-3 8.35026E-3 8.93816E-3 9.16216E-3 9.36056E-3 9.35655E-3 8.6694E-3 9.00434E-3 9.66692E-3 9.19207E-3 8.46662E-3 9.01876E-3 8.91736E-3 8.80369E-3 9.88135E-3 9.34135E-3 8.47141E-3 7.91243E-3 7.93876E-3 8.37996E-3 7.8448E-3 6.80682E-3 6.98162E-3 6.94263E-3 6.70232E-3 6.49263E-3 6.48115E-3 6.18578E-3 6.18318E-3 6.54E-3 6.06649E-3 6.09742E-3 6.16308E-3 6.19107E-3 6.16813E-3 6.08848E-3
7.46472E-3 8.14642E-3 8.10336E-3 8.19013E-3 8.5582E-3 9.75214E-3 1.21514E-2 1.24278E-2 1.06474E-2 8.65274E-3 8.35022E-3 8.16129E-3 7.41112E-3 7.31564E-3 7.16167E-3 8.09952E-3 7.781E-3 7.83742E-3 6.54676E-3 7.82879E-3 7.86461E-3 8.41409E-3 8.65564E-3 8.61941E-3 9.12166E-3 9.84793E-3 1.01418E-2 1.03703E-2 1.00966E-2 9.33592E-3 1.0371E-2 9.88442E-3 1.03256E-2 9.62819E-3 9.1964E-3 8.76437E-3 9.00186E-3 9.16046E-3 9.30107E-3 8.90307E-3 9.34861E-3 9.65134E-3 9.2409E-3 8.95322E-3 8.57973E-3 7.62161E-3 7.1482E-3 6.98821E-3 6.93469E-3 6.56542E-3 6.47977E-3 6.26771E-3 6.18768E-3 5.83659E-3 6.05506E-3 6.18568E-3 6.03749E-3 5.8599E-3 5.94946E-3 6.07223E-3 6.0462E-3
6.74787E-3 7.78101E-3 8.23893E-3 8.24431E-3 7.91084E-3 7.90463E-3 8.32768E-3 8.67445E-3 8.34766E-3 7.96514E-3 7.60263E-3 6.88257E-3 6.50839E-3 6.67321E-3 6.83846E-3 7.57847E-3 6.98389E-3 6.88765E-3 6.87667E-3 8.57555E-3 8.17347E-3 8.29098E-3 9.13948E-3 8.72116E-3 8.83619E-3 1.00097E-2 9.49202E-3 1.01307E-2 1.0385E-2 1.03953E-2 9.48646E-3 9.35897E-3 9.9081E-3 9.33635E-3 1.03661E-2 9.98417E-3 8.83225E-3 9.18712E-3 8.94596E-3 8.10273E-3 8.32264E-3 8.21827E-3 8.13872E-3 8.95152E-3 8.99943E-3 8.32466E-3 7.29933E-3 7.15024E-3 6.80912E-3 6.85795E-3 6.4475E-3 6.17408E-3 6.68459E-3 6.39287E-3 6.16562E-3 6.58001E-3 6.12471E-3 5.51873E-3 5.54976E-3 5.83119E-3 5.95357E-3
7.45284E-3 7.81281E-3 8.23405E-3 8.41329E-3 8.11427E-3 8.37445E-3 9.07602E-3 9.5008E-3 8.4105E-3 7.75573E-3 7.54999E-3 7.36721E-3 6.92515E-3 7.62641E-3 8.46336E-3 7.72256E-3 7.2441E-3 7.73693E-3 8.08766E-3 8.59991E-3 8.45874E-3 8.24381E-3 9.02422E-3 9.17983E-3 9.08457E-3 9.23788E-3 9.54919E-3 9.56406E-3 1.0102E-2 1.08145E-2 9.77209E-3 9.80943E-3 9.67714E-3 1.0068E-2 1.04529E-2 9.93024E-3 9.06142E-3 8.81325E-3 8.89489E-3 8.62411E-3 8.2354E-3 9.00189E-3 8.37726E-3 8.52704E-3 8.9671E-3 8.56487E-3 7.4887E-3 6.54438E-3 6.54199E-3 6.82838E-3 7.64783E-3 6.86069E-3 6.25529E-3 5.88503E-3 5.90265E-3 5.69769E-3 5.56221E-3 5.65666E-3 5.40706E-3 5.8151E-3 6.5417E-3
7.92428E-3 8.71301E-3 8.81622E-3 8.7079E-3 8.621E-3 8.64098E-3 9.03008E-3 9.2019E-3 8.9927E-3 8.08243E-3 7.59905E-3 7.44406E-3 7.39027E-3 7.56927E-3 8.10737E-3 7.43864E-3 7.01172E-3 7.40563E-3 8.43053E-3 8.88881E-3 8.69302E-3 8.22464E-3 8.54714E-3 8.71737E-3 8.78253E-3 9.32247E-3 9.58518E-3 9.75E-3 1.02478E-2 1.05479E-2 1.08433E-2 1.03648E-2 1.00415E-2 1.04227E-2 1.07246E-2 1.02629E-2 1.05385E-2 1.07765E-2 1.03644E-2 8.91266E-3 1.01941E-2 9.20606E-3 8.22232E-3 7.58508E-3 7.61409E-3 7.79816E-3 6.90444E-3 6.33933E-3 6.62504E-3 6.21219E-3 6.20843E-3 6.27005E-3 6.02833E-3 6.31184E-3 6.44136E-3 5.77256E-3 5.62749E-3 5.50898E-3 5.5691E-3 5.77077E-3 6.08158E-3
7.91109E-3 8.47621E-3 8.32695E-3 8.72264E-3 8.22543E-3 8.30695E-3 8.81387E-3 8.77632E-3 8.4942E-3 8.04091E-3 7.6128E-3 7.57503E-3 7.43917E-3 7.47387E-3 7.45329E-3 7.5173E-3 7.67564E-3 7.65018E-3 8.31251E-3 8.67486E-3 8.47861E-3 8.49355E-3 8.50502E-3 8.48839E-3 8.54088E-3 8.7359E-3 1.05403E-2 1.09905E-2 1.04886E-2 1.11053E-2 1.19854E-2 1.0945E-2 1.02025E-2 1.07491E-2 1.08064E-2 1.0104E-2 9.96222E-3 1.01172E-2 9.98133E-3 9.20626E-3 9.1274E-3 9.96055E-3 8.19853E-3 7.12838E-3 6.90059E-3 7.11292E-3 7.7505E-3 7.27708E-3 6.33915E-3 6.62649E-3 5.6286E-3 5.60795E-3 5.65943E-3 5.71928E-3 5.75729E-3 5.65323E-3 5.21435E-3 5.26974E-3 5.70186E-3 5.63167E-3 5.61727E-3
