maxent_outputs/red_flowers_troch_bombus_environ/red_159.asc
ncols         426
nrows         180
xllcorner     -130.0
yllcorner     24.0
cellsize      0.16666666666666666
NODATA_value  -9999
[rows 81 to 107 of 180, columns 61 to 121 of 426]
5.03601E-1 6.12781E-1 5.40567E-1 5.91535E-1 5.20926E-1 5.49032E-1 5.35822E-1 5.5771E-1 5.2266E-1 5.64719E-1 5.37167E-1 5.13748E-1 5.74975E-1 5.58074E-1 5.30896E-1 4.98127E-1 4.87075E-1 5.93007E-1 5.88549E-1 4.82353E-1 4.81517E-1 5.32372E-1 4.97251E-1 5.52946E-1 4.75288E-1 5.66425E-1 5.91487E-1 5.00233E-1 5.13841E-1 5.24081E-1 5.06591E-1 4.93469E-1 4.54112E-1 5.49893E-1 4.68409E-1 4.42532E-1 4.56352E-1 4.4765E-1 4.41538E-1 4.48021E-1 4.72824E-1 4.86726E-1 4.35932E-1 6.06007E-1 4.67424E-1 6.33229E-1 5.31843E-1 4.94202E-1 5.56764E-1 5.90145E-1 5.025E-1 6.38607E-1 6.60513E-1 6.24706E-1 5.80619E-1 5.84952E-1 4.86573E-1 4.63026E-1 4.2457E-1 3.99559E-1 3.95926E-1
5.57412E-1 6.00409E-1 5.97545E-1 5.6529E-1 5.70282E-1 4.90081E-1 5.65552E-1 5.46862E-1 4.98874E-1 5.51607E-1 5.58161E-1 4.76857E-1 5.62307E-1 5.65957E-1 5.63157E-1 5.73104E-1 5.2714E-1 5.89942E-1 5.449E-1 5.14008E-1 5.77715E-1 5.05033E-1 4.99025E-1 5.31111E-1 4.7085E-1 5.92984E-1 5.32643E-1 5.62326E-1 5.55126E-1 5.97682E-1 4.86175E-1 5.29941E-1 5.0577E-1 5.20907E-1 4.95561E-1 4.76114E-1 4.44127E-1 4.38911E-1 4.43615E-1 4.39518E-1 4.42859E-1 4.54427E-1 4.35679E-1 5.15602E-1 4.45066E-1 4.76628E-1 4.48384E-1 5.25706E-1 5.51286E-1 5.9419E-1 5.64444E-1 6.00904E-1 6.02561E-1 5.35093E-1 4.94866E-1 4.9521E-1 4.45981E-1 4.11799E-1 3.74014E-1 3.49219E-1 3.43709E-1
6.31381E-1 7.8708E-1 6.25161E-1 5.88039E-1 5.62636E-1 4.94152E-1 5.6906E-1 4.86834E-1 5.05273E-1 4.91455E-1 4.83315E-1 5.40297E-1 4.99732E-1 5.06697E-1 5.44917E-1 5.17429E-1 5.45822E-1 5.40722E-1 5.82177E-1 5.41655E-1 5.24851E-1 4.89429E-1 5.4254E-1 4.82938E-1 5.11672E-1 5.91112E-1 5.50429E-1 5.50522E-1 4.91118E-1 5.65524E-1 5.11768E-1 4.93337E-1 5.42521E-1 4.9705E-1 4.75894E-1 5.06062E-1 4.75322E-1 4.35548E-1 4.44688E-1 4.46636E-1 4.1282E-1 4.18417E-1 4.69614E-1 5.22215E-1 4.78473E-1 4.87932E-1 4.7678E-1 4.94732E-1 4.69386E-1 5.1874E-1 5.20511E-1 5.62141E-1 5.9647E-1 6.07019E-1 5.5261E-1 5.2574E-1 4.62668E-1 4.08486E-1 3.82063E-1 3.50407E-1 3.35771E-1
6.13713E-1 6.39981E-1 6.29173E-1 5.85422E-1 5.59626E-1 5.38499E-1 4.99813E-1 4.80374E-1 4.58755E-1 4.72592E-1 5.97034E-1 5.24317E-1 4.59511E-1 5.22901E-1 4.8006E-1 5.35049E-1 5.36995E-1 5.43218E-1 5.13893E-1 5.07199E-1 5.7052E-1 5.89871E-1 5.28507E-1 4.84557E-1 5.59701E-1 5.78257E-1 5.43866E-1 5.31198E-1 4.95814E-1 5.63994E-1 4.96243E-1 5.61225E-1 5.78092E-1 4.65401E-1 4.80608E-1 6.0419E-1 4.73512E-1 4.28119E-1 4.4903E-1 4.45666E-1 4.69909E-1 4.28655E-1 5.14426E-1 5.26728E-1 5.52874E-1 5.08354E-1 5.23086E-1 4.53646E-1 5.83512E-1 5.49051E-1 5.49966E-1 5.50353E-1 5.24804E-1 5.69354E-1 5.88332E-1 5.98146E-1 5.67449E-1 4.89229E-1 4.40039E-1 3.80304E-1 3.71085E-1
5.60426E-1 5.8736E-1 6.06953E-1 5.84901E-1 5.61082E-1 5.16438E-1 4.70779E-1 4.52681E-1 4.39961E-1 5.25941E-1 4.9608E-1 4.92525E-1 5.83078E-1 5.23331E-1 5.27152E-1 5.73318E-1 5.56076E-1 6.15385E-1 5.30284E-1 5.65619E-1 5.30174E-1 5.39806E-1 5.07135E-1 4.9226E-1 5.31646E-1 5.72483E-1 4.59474E-1 5.2813E-1 5.12692E-1 5.82026E-1 5.08544E-1 5.67834E-1 5.11717E-1 5.58383E-1 6.03963E-1 6.33405E-1 4.45467E-1 4.44324E-1 4.93861E-1 4.4485E-1 4.77362E-1 4.77791E-1 4.34004E-1 4.33818E-1 4.58191E-1 4.57364E-1 4.97377E-1 4.6341E-1 5.75047E-1 5.33312E-1 5.28053E-1 5.81746E-1 5.4468E-1 5.34678E-1 5.20035E-1 5.42588E-1 5.80643E-1 5.32603E-1 4.78083E-1 4.27256E-1 4.14777E-1
5.65994E-1 6.06922E-1 6.03692E-1 5.45249E-1 5.20719E-1 4.74346E-1 4.61824E-1 4.54497E-1 4.80755E-1 5.83352E-1 4.74466E-1 6.16441E-1 5.0011E-1 5.03446E-1 5.66873E-1 5.29941E-1 5.45718E-1 5.61136E-1 5.90707E-1 5.20073E-1 4.5103E-1 4.65053E-1 5.11618E-1 5.32443E-1 5.25355E-1 5.20456E-1 4.54533E-1 5.37221E-1 4.61155E-1 5.36613E-1 5.16434E-1 5.80741E-1 4.75051E-1 5.28379E-1 5.40033E-1 4.55854E-1 4.8892E-1 4.77552E-1 4.59374E-1 4.52568E-1 4.93417E-1 4.41782E-1 4.18713E-1 4.0401E-1 4.19944E-1 4.91996E-1 4.46796E-1 4.53333E-1 5.82549E-1 4.62744E-1 5.01472E-1 6.15335E-1 5.88951E-1 4.78114E-1 4.44361E-1 4.46321E-1 5.4026E-1 6.0258E-1 5.23113E-1 5.10161E-1 4.69518E-1
5.68207E-1 6.03851E-1 5.8557E-1 5.47706E-1 5.19789E-1 4.80302E-1 4.80341E-1 4.73106E-1 5.42685E-1 5.20404E-1 5.49105E-1 5.57088E-1 5.78228E-1 5.50546E-1 5.10302E-1 4.91599E-1 5.83872E-1 5.33119E-1 5.30131E-1 5.28822E-1 5.57585E-1 4.74352E-1 6.01251E-1 5.63957E-1 4.97012E-1 4.82727E-1 5.30214E-1 4.78637E-1 5.38456E-1 5.2637E-1 5.14679E-1 6.268E-1 4.74374E-1 6.03807E-1 5.22425E-1 4.30604E-1 5.10619E-1 4.37531E-1 4.54006E-1 5.40606E-1 4.72031E-1 4.32423E-1 3.94755E-1 4.0869E-1 4.15313E-1 5.45847E-1 4.40148E-1 4.64725E-1 5.62173E-1 4.31455E-1 6.01886E-1 6.31869E-1 5.90943E-1 4.53554E-1 4.10717E-1 4.3801E-1 4.43628E-1 5.64896E-1 5.31989E-1 5.49301E-1 5.07515E-1
5.74337E-1 5.62613E-1 5.75811E-1 5.3506E-1 5.14139E-1 5.13284E-1 4.9494E-1 4.95151E-1 5.1066E-1 4.71801E-1 5.20488E-1 5.15723E-1 5.73582E-1 5.13095E-1 5.58862E-1 5.54597E-1 6.07566E-1 5.05738E-1 5.58414E-1 5.49907E-1 5.72416E-1 5.24464E-1 5.1226E-1 4.567E-1 5.08699E-1 5.37334E-1 5.59299E-1 4.29821E-1 5.17582E-1 5.11231E-1 5.50761E-1 6.3936E-1 4.92234E-1 6.63678E-1 5.8491E-1 4.32903E-1 5.23812E-1 4.80305E-1 5.16185E-1 5.08826E-1 4.47454E-1 4.03361E-1 3.98167E-1 4.02077E-1 4.10762E-1 5.44972E-1 5.04084E-1 4.75674E-1 4.83443E-1 5.45979E-1 6.24114E-1 5.51624E-1 4.96085E-1 4.0535E-1 4.51917E-1 4.81424E-1 4.16538E-1 4.73541E-1 4.71858E-1 5.56512E-1 5.63681E-1
5.36793E-1 5.8531E-1 6.06721E-1 5.27995E-1 4.85847E-1 5.00814E-1 5.09722E-1 4.95808E-1 5.54161E-1 5.33942E-1 5.26876E-1 5.22661E-1 4.99884E-1 5.67826E-1 5.51099E-1 6.28202E-1 4.99002E-1 5.67986E-1 5.89752E-1 5.11558E-1 5.97994E-1 6.00517E-1 4.94643E-1 5.39263E-1 4.91079E-1 4.88255E-1 5.61849E-1 5.12513E-1 4.75365E-1 5.81721E-1 4.80309E-1 5.56409E-1 5.45141E-1 5.9115E-1 4.68993E-1 4.61982E-1 5.08904E-1 5.47519E-1 5.21588E-1 4.88207E-1 4.72796E-1 4.46896E-1 4.04431E-1 3.9884E-1 3.9044E-1 4.72334E-1 5.84319E-1 4.70116E-1 4.53227E-1 6.1564E-1 6.01116E-1 5.5364E-1 4.32794E-1 4.04567E-1 4.56025E-1 4.70712E-1 4.4089E-1 4.28766E-1 4.2099E-1 5.04778E-1 5.43341E-1
5.20903E-1 5.72155E-1 5.65366E-1 5.32454E-1 5.14121E-1 5.75729E-1 4.7796E-1 5.04729E-1 5.10949E-1 4.66909E-1 4.99891E-1 5.06717E-1 5.40384E-1 5.52562E-1 5.77494E-1 5.72303E-1 4.82626E-1 5.94067E-1 5.2716E-1 5.70834E-1 5.32692E-1 5.88846E-1 5.2056E-1 5.11085E-1 4.79262E-1 4.63865E-1 6.1726E-1 5.14444E-1 4.72368E-1 5.63499E-1 5.32853E-1 5.56669E-1 4.95211E-1 7.03345E-1 5.0247E-1 5.0747E-1 4.87426E-1 5.3523E-1 5.0563E-1 4.69287E-1 5.12104E-1 5.146E-1 4.14451E-1 4.02533E-1 4.26694E-1 6.05624E-1 6.06458E-1 4.55092E-1 5.16803E-1 5.60124E-1 5.51495E-1 4.83739E-1 4.42623E-1 4.55747E-1 4.70738E-1 4.74709E-1 4.18518E-1 3.64879E-1 3.71723E-1 3.9055E-1 3.97597E-1
5.73037E-1 5.85457E-1 5.54688E-1 5.38707E-1 5.39888E-1 5.81982E-1 6.28917E-1 5.80393E-1 5.38688E-1 5.30794E-1 5.02939E-1 5.28678E-1 5.22149E-1 5.83726E-1 6.06707E-1 6.11078E-1 5.36227E-1 6.48273E-1 5.15023E-1 6.28756E-1 5.08584E-1 5.61912E-1 5.15776E-1 4.77441E-1 5.19827E-1 4.20823E-1 4.94565E-1 5.07805E-1 4.66838E-1 5.73427E-1 5.81567E-1 5.10873E-1 4.76867E-1 6.07616E-1 4.97028E-1 4.97399E-1 5.13583E-1 5.18355E-1 4.58834E-1 4.3469E-1 4.65212E-1 4.48222E-1 4.58086E-1 4.60405E-1 5.312E-1 5.93135E-1 4.87415E-1 5.0324E-1 5.59104E-1 5.99126E-1 5.50463E-1 4.78387E-1 4.50668E-1 4.88633E-1 4.83728E-1 4.75955E-1 3.73287E-1 3.69911E-1 3.8231E-1 3.92155E-1 3.96751E-1
6.2876E-1 5.85476E-1 5.71391E-1 5.99201E-1 6.05492E-1 5.75444E-1 6.33128E-1 5.26979E-1 5.62341E-1 5.48963E-1 5.69131E-1 5.28095E-1 5.19455E-1 5.53237E-1 5.90432E-1 5.44078E-1 5.71002E-1 5.59184E-1 5.14568E-1 5.68903E-1 5.53133E-1 5.23707E-1 4.70341E-1 5.05726E-1 4.25771E-1 3.88508E-1 5.41011E-1 5.01417E-1 4.63269E-1 5.85516E-1 5.59984E-1 4.75201E-1 5.42198E-1 4.92916E-1 4.87356E-1 5.62666E-1 4.39713E-1 5.29594E-1 4.51268E-1 5.30614E-1 4.45901E-1 4.34665E-1 5.01344E-1 5.4481E-1 5.71363E-1 5.32779E-1 5.89685E-1 5.72594E-1 6.13072E-1 5.97498E-1 5.47051E-1 4.64431E-1 4.69354E-1 4.70427E-1 4.45151E-1 3.94425E-1 3.8677E-1 3.82951E-1 4.12325E-1 4.36803E-1 4.519E-1
6.6325E-1 6.51719E-1 5.87129E-1 6.1059E-1 5.78479E-1 5.47873E-1 6.19035E-1 5.63598E-1 5.69114E-1 5.61547E-1 5.52961E-1 5.73093E-1 5.34785E-1 5.33771E-1 5.02251E-1 5.26412E-1 5.38889E-1 5.53096E-1 5.90201E-1 5.11429E-1 5.61619E-1 4.35238E-1 4.6822E-1 4.48217E-1 3.71728E-1 4.27199E-1 5.78641E-1 4.58978E-1 4.47109E-1 5.43561E-1 5.52739E-1 4.84694E-1 5.5248E-1 5.72267E-1 4.90791E-1 5.71385E-1 4.68961E-1 5.55526E-1 4.54238E-1 5.20449E-1 4.5369E-1 4.60098E-1 5.45096E-1 5.56366E-1 7.01329E-1 5.61526E-1 6.00571E-1 5.02402E-1 5.11578E-1 5.18593E-1 5.98571E-1 4.9009E-1 4.4897E-1 4.22492E-1 3.8961E-1 3.92653E-1 4.2495E-1 4.3287E-1 4.3569E-1 4.55086E-1 4.4834E-1
6.31725E-1 6.11156E-1 6.222E-1 5.31482E-1 5.60593E-1 5.46741E-1 5.43797E-1 5.6571E-1 5.69692E-1 5.84636E-1 5.36144E-1 5.62067E-1 5.21525E-1 5.35415E-1 4.87404E-1 5.67119E-1 5.32993E-1 5.53097E-1 5.30657E-1 4.8017E-1 5.27421E-1 4.11911E-1 4.62357E-1 4.03079E-1 4.31345E-1 5.69651E-1 5.02396E-1 4.64878E-1 4.89468E-1 5.52136E-1 5.4808E-1 5.43449E-1 5.91884E-1 5.66143E-1 5.52842E-1 5.68083E-1 5.12604E-1 5.63648E-1 5.10846E-1 4.5005E-1 4.09933E-1 4.95079E-1 4.75486E-1 5.22894E-1 6.8107E-1 5.22E-1 5.48429E-1 5.0977E-1 4.89144E-1 5.21365E-1 5.49941E-1 5.26306E-1 4.47431E-1 4.28685E-1 4.23318E-1 4.0574E-1 4.62613E-1 4.90734E-1 4.79007E-1 4.69745E-1 4.50995E-1
6.52348E-1 6.50301E-1 6.46197E-1 6.20714E-1 5.61934E-1 5.2719E-1 5.10551E-1 5.44193E-1 5.36914E-1 5.47684E-1 5.39765E-1 4.84407E-1 5.50617E-1 5.14898E-1 5.16689E-1 5.38244E-1 5.12612E-1 5.23103E-1 5.19793E-1 4.8483E-1 5.28289E-1 4.72177E-1 4.34726E-1 4.56295E-1 5.96625E-1 5.1851E-1 4.50529E-1 4.71831E-1 5.41933E-1 5.1077E-1 5.0263E-1 5.58436E-1 5.12621E-1 5.57456E-1 5.57541E-1 5.05992E-1 5.51837E-1 5.1232E-1 4.60168E-1 4.16608E-1 4.81944E-1 4.98428E-1 5.08007E-1 5.22746E-1 5.24183E-1 5.60109E-1 5.51881E-1 5.23034E-1 5.25115E-1 6.28052E-1 6.54944E-1 5.54811E-1 4.75945E-1 4.99377E-1 5.90503E-1 4.44371E-1 4.7259E-1 4.99257E-1 4.92536E-1 4.85586E-1 5.08013E-1
7.04203E-1 7.05478E-1 6.65083E-1 6.64392E-1 5.89352E-1 5.59377E-1 5.13293E-1 4.99852E-1 5.79373E-1 5.94466E-1 5.03381E-1 5.17738E-1 5.04795E-1 5.43482E-1 5.45442E-1 5.12181E-1 4.80475E-1 4.64248E-1 4.56731E-1 5.22395E-1 5.74771E-1 4.78611E-1 4.66703E-1 4.84403E-1 4.7165E-1 4.98572E-1 4.89631E-1 4.56838E-1 5.60897E-1 5.1959E-1 4.58604E-1 6.02546E-1 5.06684E-1 5.1017E-1 5.76036E-1 5.31179E-1 4.50116E-1 4.12755E-1 4.067E-1 4.1154E-1 4.32744E-1 4.5036E-1 4.68705E-1 5.57037E-1 4.38962E-1 5.78584E-1 5.17756E-1 5.85674E-1 6.12591E-1 5.77873E-1 5.31157E-1 5.14932E-1 5.02174E-1 5.08047E-1 5.60738E-1 4.86904E-1 4.88691E-1 4.94857E-1 5.33204E-1 5.53801E-1 5.7272E-1
7.14802E-1 6.7803E-1 6.59725E-1 6.6769E-1 6.37614E-1 5.59197E-1 5.42489E-1 5.68334E-1 6.06449E-1 6.79569E-1 4.94126E-1 5.9372E-1 5.93266E-1 4.85451E-1 5.43439E-1 5.30629E-1 5.19869E-1 5.19474E-1 4.97033E-1 4.53535E-1 5.04286E-1 5.05799E-1 4.54625E-1 4.73128E-1 4.09332E-1 5.00923E-1 5.25983E-1 5.00618E-1 4.98458E-1 5.28423E-1 4.60522E-1 5.4286E-1 4.61215E-1 5.38124E-1 5.20169E-1 4.80147E-1 4.20814E-1 4.1822E-1 4.86117E-1 4.55423E-1 4.52948E-1 5.85057E-1 6.4444E-1 5.55513E-1 4.67497E-1 5.07592E-1 4.76562E-1 6.11903E-1 5.44816E-1 4.9972E-1 4.92899E-1 4.89385E-1 5.20656E-1 4.90024E-1 4.68296E-1 5.14111E-1 5.23189E-1 5.05179E-1 5.58834E-1 5.89281E-1 5.8702E-1
7.33731E-1 7.38964E-1 6.95206E-1 6.93374E-1 6.90149E-1 6.44827E-1 5.52356E-1 5.41314E-1 5.18153E-1 6.82996E-1 5.85299E-1 5.46211E-1 5.55078E-1 5.30679E-1 5.41109E-1 5.15542E-1 5.07943E-1 4.86006E-1 5.26665E-1 4.67584E-1 4.49643E-1 4.66298E-1 4.95555E-1 4.68669E-1 4.95258E-1 5.26354E-1 5.754E-1 5.10744E-1 5.12238E-1 4.83814E-1 5.60143E-1 5.43996E-1 5.25676E-1 5.32457E-1 5.26052E-1 5.31273E-1 4.94564E-1 5.13766E-1 5.52471E-1 5.33238E-1 5.69604E-1 6.2282E-1 6.32276E-1 5.30073E-1 5.18997E-1 5.56734E-1 5.06996E-1 5.2933E-1 5.6996E-1 5.4243E-1 4.88712E-1 4.74636E-1 5.09953E-1 5.40304E-1 4.6569E-1 5.03547E-1 5.12906E-1 5.33578E-1 5.32176E-1 5.57391E-1 5.67345E-1
6.74125E-1 7.30047E-1 6.93327E-1 6.72736E-1 6.97026E-1 6.85177E-1 6.84121E-1 5.53189E-1 5.01245E-1 6.11646E-1 6.27697E-1 5.50232E-1 5.69931E-1 6.01596E-1 5.29936E-1 5.04682E-1 5.24696E-1 5.10874E-1 4.90598E-1 4.51034E-1 4.69321E-1 4.74269E-1 5.43427E-1 4.74587E-1 5.733E-1 4.90943E-1 5.18013E-1 5.22117E-1 5.44636E-1 4.9817E-1 5.91273E-1 5.78762E-1 5.91838E-1 5.65743E-1 5.62467E-1 5.77349E-1 5.57615E-1 5.72518E-1 6.32825E-1 5.53289E-1 5.9526E-1 5.54213E-1 5.95023E-1 5.56708E-1 5.7223E-1 5.77029E-1 5.21242E-1 5.06686E-1 4.9588E-1 5.29475E-1 5.51623E-1 5.31573E-1 4.81648E-1 5.18226E-1 5.24723E-1 4.80615E-1 5.1515E-1 5.20874E-1 5.20381E-1 5.31635E-1 4.97607E-1
6.36102E-1 6.64826E-1 7.09509E-1 7.2719E-1 7.14578E-1 6.8393E-1 6.57412E-1 6.49261E-1 5.69205E-1 5.65382E-1 5.81348E-1 5.6225E-1 5.68538E-1 5.65249E-1 5.83706E-1 5.57649E-1 4.74513E-1 5.10127E-1 5.35644E-1 5.1091E-1 5.1777E-1 5.36634E-1 5.20796E-1 4.44561E-1 4.54717E-1 5.093E-1 4.86616E-1 5.41695E-1 5.09874E-1 5.44193E-1 5.79672E-1 5.57287E-1 5.62029E-1 5.52538E-1 5.30907E-1 5.53718E-1 5.4357E-1 5.53525E-1 5.74686E-1 5.43464E-1 5.60539E-1 5.82028E-1 5.35222E-1 5.39694E-1 5.19726E-1 5.2613E-1 5.14502E-1 5.12546E-1 5.12236E-1 5.11351E-1 5.10878E-1 5.25974E-1 5.49126E-1 5.18019E-1 5.28199E-1 5.31066E-1 5.02787E-1 5.10137E-1 5.3279E-1 5.02281E-1 4.62346E-1
6.14018E-1 6.48293E-1 6.64049E-1 7.19822E-1 7.22667E-1 6.86797E-1 6.75613E-1 7.04921E-1 6.22847E-1 5.46377E-1 6.0703E-1 5.7864E-1 5.34298E-1 5.73792E-1 5.80134E-1 5.65716E-1 5.39372E-1 4.61686E-1 4.97253E-1 5.2692E-1 5.46934E-1 5.15311E-1 4.66821E-1 4.79994E-1 4.86961E-1 5.5695E-1 5.11867E-1 4.73293E-1 5.5361E-1 5.54032E-1 5.50982E-1 5.5271E-1 5.48695E-1 5.36963E-1 5.30671E-1 5.73526E-1 5.44674E-1 4.73756E-1 4.85816E-1 5.26707E-1 5.4213E-1 5.77978E-1 5.41957E-1 5.35138E-1 5.12937E-1 5.0278E-1 5.00244E-1 4.81843E-1 4.7254E-1 4.93337E-1 5.23182E-1 6.09708E-1 5.65535E-1 5.82424E-1 5.27268E-1 5.40754E-1 5.26238E-1 4.86992E-1 4.99576E-1 4.45932E-1 4.54129E-1
6.18402E-1 5.98024E-1 6.36036E-1 6.67751E-1 6.94388E-1 7.16801E-1 7.16144E-1 6.94378E-1 6.91891E-1 5.54191E-1 6.55591E-1 6.00833E-1 5.90756E-1 6.08021E-1 5.93006E-1 6.22501E-1 6.33799E-1 5.47207E-1 5.52755E-1 5.44881E-1 5.63427E-1 5.63792E-1 4.89357E-1 4.79236E-1 5.46444E-1 5.3801E-1 5.1954E-1 4.93002E-1 5.70199E-1 5.22334E-1 5.60193E-1 5.67387E-1 6.09507E-1 5.45462E-1 5.15047E-1 5.2706E-1 5.75984E-1 5.20515E-1 5.17528E-1 5.02257E-1 4.94562E-1 5.03971E-1 5.34609E-1 4.72791E-1 4.76293E-1 5.2218E-1 5.39532E-1 4.88882E-1 5.02924E-1 5.00868E-1 4.88622E-1 5.07007E-1 5.33572E-1 5.40609E-1 5.28715E-1 5.54883E-1 5.72122E-1 5.06382E-1 5.25059E-1 4.64116E-1 4.57428E-1
6.43974E-1 6.05589E-1 6.27812E-1 6.33744E-1 6.66417E-1 6.96547E-1 6.92838E-1 6.99332E-1 7.36185E-1 6.1309E-1 5.66017E-1 6.42467E-1 5.32385E-1 5.81311E-1 6.19306E-1 5.5195E-1 5.91069E-1 5.97336E-1 5.25187E-1 5.12433E-1 5.15956E-1 5.29227E-1 5.1292E-1 4.85195E-1 5.24015E-1 5.1434E-1 5.307E-1 5.84511E-1 5.97808E-1 5.36695E-1 5.40251E-1 5.04704E-1 5.26679E-1 5.32768E-1 5.28401E-1 6.0186E-1 5.99013E-1 5.42463E-1 5.18451E-1 5.14381E-1 4.62752E-1 4.81968E-1 4.43323E-1 4.85871E-1 5.30415E-1 6.00287E-1 5.47607E-1 4.99419E-1 5.12519E-1 5.08725E-1 4.83081E-1 4.84922E-1 4.8576E-1 5.06528E-1 5.66533E-1 5.58744E-1 5.92238E-1 5.17758E-1 4.79816E-1 4.50265E-1 4.4046E-1
6.00081E-1 6.0307E-1 6.23929E-1 6.30197E-1 6.37783E-1 6.87083E-1 7.00711E-1 6.96888E-1 7.08504E-1 7.36133E-1 5.62618E-1 6.38259E-1 6.46675E-1 6.25563E-1 6.29376E-1 5.5338E-1 5.44302E-1 5.41255E-1 6.03487E-1 4.98379E-1 4.88713E-1 5.18855E-1 5.41961E-1 5.3833E-1 5.0992E-1 5.01433E-1 5.35016E-1 6.50005E-1 6.01224E-1 5.51159E-1 5.12716E-1 5.24711E-1 5.18036E-1 5.5647E-1 6.34234E-1 5.74333E-1 5.67479E-1 5.35483E-1 5.13464E-1 5.35062E-1 5.04371E-1 4.83436E-1 5.02729E-1 5.28999E-1 5.56908E-1 6.01951E-1 5.51806E-1 4.75557E-1 5.07126E-1 4.99186E-1 4.67854E-1 4.68085E-1 4.70949E-1 5.06307E-1 4.94985E-1 5.0931E-1 5.56952E-1 5.64756E-1 4.90781E-1 4.67876E-1 4.45006E-1
6.23956E-1 6.29349E-1 6.21572E-1 6.28389E-1 6.35946E-1 6.54299E-1 7.36038E-1 7.19663E-1 6.94385E-1 6.68864E-1 6.55229E-1 5.59279E-1 6.09241E-1 6.03023E-1 5.92029E-1 6.45554E-1 6.41005E-1 5.43809E-1 6.30607E-1 5.99937E-1 4.94523E-1 5.22016E-1 5.84762E-1 6.43353E-1 6.15717E-1 5.82358E-1 5.32599E-1 5.86172E-1 6.06249E-1 5.34285E-1 5.26832E-1 5.70387E-1 5.42285E-1 5.51167E-1 5.51464E-1 5.55745E-1 6.03537E-1 5.47808E-1 5.20182E-1 5.47701E-1 5.60434E-1 5.36623E-1 5.29864E-1 5.59154E-1 5.86653E-1 6.05114E-1 5.7288E-1 5.19971E-1 4.74267E-1 4.86168E-1 4.6755E-1 4.6239E-1 4.68835E-1 4.70963E-1 4.9985E-1 5.17819E-1 4.92841E-1 5.20822E-1 5.36298E-1 5.40936E-1 4.78709E-1
6.1073E-1 6.24498E-1 6.40498E-1 6.4308E-1 6.33121E-1 6.47057E-1 7.27653E-1 7.18122E-1 6.5642E-1 6.58827E-1 6.53859E-1 5.88889E-1 6.35317E-1 6.06769E-1 6.05458E-1 6.17597E-1 7.04403E-1 5.92645E-1 6.39675E-1 5.94898E-1 5.21856E-1 5.75366E-1 5.24961E-1 5.72897E-1 6.84741E-1 6.83129E-1 6.19723E-1 5.79736E-1 5.54589E-1 5.47233E-1 5.83202E-1 5.67691E-1 5.86786E-1 5.97212E-1 5.91845E-1 5.42662E-1 6.00973E-1 5.21178E-1 5.66424E-1 5.7153E-1 5.66386E-1 5.73277E-1 5.51257E-1 5.71274E-1 5.83996E-1 6.14779E-1 6.06996E-1 5.86881E-1 4.93684E-1 4.87731E-1 4.7453E-1 4.61983E-1 4.57298E-1 4.69338E-1 4.86274E-1 4.86678E-1 4.87012E-1 5.0428E-1 5.26236E-1 5.20733E-1 4.89072E-1
6.37519E-1 6.26002E-1 6.20327E-1 6.23308E-1 6.25575E-1 6.27014E-1 7.0866E-1 7.34226E-1 6.60314E-1 6.45341E-1 6.64244E-1 6.11225E-1 6.47355E-1 6.32407E-1 6.6154E-1 5.47789E-1 7.27744E-1 6.11129E-1 6.15996E-1 6.44394E-1 5.98843E-1 5.75447E-1 5.51041E-1 4.95437E-1 5.67842E-1 6.50375E-1 6.06649E-1 5.90011E-1 5.7954E-1 5.81205E-1 6.58132E-1 6.45135E-1 6.24879E-1 6.03287E-1 5.7839E-1 5.78617E-1 5.74891E-1 5.58709E-1 5.67108E-1 5.96526E-1 5.79897E-1 5.24022E-1 4.86984E-1 4.99115E-1 5.1071E-1 5.56257E-1 5.71631E-1 5.66507E-1 5.42604E-1 4.87636E-1 4.58133E-1 4.5601E-1 4.64394E-1 4.61173E-1 4.66039E-1 4.71629E-1 4.59401E-1 4.66984E-1 4.73457E-1 4.80565E-1 4.56503E-1
