maxent_outputs/red_flowers_troch_bombus_environ/red_175.asc
ncols         426
nrows         180
xllcorner     -130.0
yllcorner     24.0
cellsize      0.16666666666666666
NODATA_value  -9999
[rows 81 to 107 of 180, columns 244 to 304 of 426]
4.50088E-1 4.59539E-1 4.673E-1 4.70832E-1 4.68039E-1 4.62073E-1 4.61751E-1 4.64228E-1 4.67156E-1 4.7057E-1 4.75106E-1 4.77213E-1 4.82041E-1 4.84052E-1 4.87434E-1 4.99018E-1 5.11713E-1 5.10679E-1 5.027E-1 5.01203E-1 4.96974E-1 4.94446E-1 5.00688E-1 5.10225E-1 5.04253E-1 5.05301E-1 5.08262E-1 5.13382E-1 5.11307E-1 5.11524E-1 5.14763E-1 5.17532E-1 5.18657E-1 5.38381E-1 5.28538E-1 5.17546E-1 5.16345E-1 5.22641E-1 5.2411E-1 5.44004E-1 5.45231E-1 5.44892E-1 5.49491E-1 5.65305E-1 5.50398E-1 5.4516E-1 5.46477E-1 5.46196E-1 5.63885E-1 5.62286E-1 5.57467E-1 5.56986E-1 5.65046E-1 5.67044E-1 5.65335E-1 5.78594E-1 5.88849E-1 5.79959E-1 5.72316E-1 5.68966E-1 5.92672E-1
4.5066E-1 4.59933E-1 4.69593E-1 4.76179E-1 4.66079E-1 4.68555E-1 4.67276E-1 4.63417E-1 4.70558E-1 4.82107E-1 4.85474E-1 4.91027E-1 4.90537E-1 4.91379E-1 4.95018E-1 5.05406E-1 5.16027E-1 5.13687E-1 5.0557E-1 5.02784E-1 4.97853E-1 5.02926E-1 5.14573E-1 5.22144E-1 5.13361E-1 5.09823E-1 5.1341E-1 5.1042E-1 5.10811E-1 5.16451E-1 5.24949E-1 5.24698E-1 5.27777E-1 5.27101E-1 5.30552E-1 5.26359E-1 5.28599E-1 5.32003E-1 5.36413E-1 5.3396E-1 5.36111E-1 5.37478E-1 5.53845E-1 5.52592E-1 5.53142E-1 5.43613E-1 5.45658E-1 5.55149E-1 5.59787E-1 5.60792E-1 5.58075E-1 5.58399E-1 5.64044E-1 5.67223E-1 5.69786E-1 5.72026E-1 5.75616E-1 5.74211E-1 5.75387E-1 5.94393E-1 6.12534E-1
4.52455E-1 4.61982E-1 4.77386E-1 4.78579E-1 4.69121E-1 4.69399E-1 4.75825E-1 4.71508E-1 4.7672E-1 4.92496E-1 4.97875E-1 4.97362E-1 5.03806E-1 5.07565E-1 5.08618E-1 5.11992E-1 5.18123E-1 5.1451E-1 5.07535E-1 5.03853E-1 4.99763E-1 5.12962E-1 5.24233E-1 5.25966E-1 5.26862E-1 5.23271E-1 5.2123E-1 5.16519E-1 5.10097E-1 5.16905E-1 5.23314E-1 5.33223E-1 5.42123E-1 5.23E-1 5.29796E-1 5.16539E-1 5.32429E-1 5.39473E-1 5.37149E-1 5.41213E-1 5.50347E-1 5.48828E-1 5.52086E-1 5.45194E-1 5.47139E-1 5.54629E-1 5.48996E-1 5.4392E-1 5.55296E-1 5.60636E-1 5.5676E-1 5.66408E-1 5.70472E-1 5.76377E-1 5.74576E-1 5.75408E-1 5.8019E-1 5.86685E-1 5.81511E-1 6.32192E-1 6.72679E-1
4.5669E-1 4.66357E-1 4.82025E-1 4.79533E-1 4.72253E-1 4.71548E-1 4.74367E-1 4.78316E-1 4.82475E-1 4.89214E-1 4.95999E-1 5.04128E-1 5.14821E-1 5.1769E-1 5.14922E-1 5.16125E-1 5.1962E-1 5.17124E-1 5.17823E-1 5.15034E-1 5.07891E-1 5.12948E-1 5.23709E-1 5.28535E-1 5.23351E-1 5.20618E-1 5.23721E-1 5.21377E-1 5.10632E-1 5.19407E-1 5.36039E-1 5.40538E-1 5.46148E-1 5.45811E-1 5.4385E-1 5.38145E-1 5.35574E-1 5.40639E-1 5.32898E-1 5.39424E-1 5.45909E-1 5.56498E-1 5.52245E-1 5.45168E-1 5.4183E-1 5.49229E-1 5.46922E-1 5.56816E-1 5.61209E-1 5.64108E-1 5.68875E-1 5.68908E-1 5.75883E-1 5.81493E-1 5.77557E-1 5.78195E-1 5.78939E-1 5.85957E-1 6.32353E-1 6.3766E-1 6.32201E-1
4.67061E-1 4.74219E-1 4.8861E-1 4.8421E-1 4.82042E-1 4.80982E-1 4.79549E-1 4.85834E-1 4.87585E-1 4.91427E-1 4.97909E-1 5.0206E-1 5.13698E-1 5.20186E-1 5.17431E-1 5.18293E-1 5.21597E-1 5.17746E-1 5.16657E-1 5.17498E-1 5.08891E-1 5.13534E-1 5.24252E-1 5.18071E-1 5.19084E-1 5.17388E-1 5.20933E-1 5.21571E-1 5.15866E-1 5.21304E-1 5.37418E-1 5.44662E-1 5.46364E-1 5.4168E-1 5.34882E-1 5.29816E-1 5.30083E-1 5.26228E-1 5.27929E-1 5.44816E-1 5.45166E-1 5.48855E-1 5.56885E-1 5.53991E-1 5.52759E-1 5.49813E-1 5.51938E-1 5.60127E-1 5.6954E-1 5.70879E-1 5.81747E-1 5.79806E-1 5.82893E-1 5.90385E-1 5.86517E-1 5.87766E-1 5.83776E-1 6.34432E-1 6.244E-1 6.259E-1 6.6003E-1
4.80422E-1 4.84641E-1 4.92384E-1 5.01032E-1 5.00694E-1 4.9384E-1 4.9147E-1 5.00789E-1 5.00698E-1 5.06906E-1 5.03847E-1 5.02706E-1 5.02159E-1 5.14313E-1 5.18014E-1 5.23015E-1 5.19076E-1 5.30295E-1 5.24154E-1 5.20324E-1 5.11131E-1 5.1363E-1 5.19188E-1 5.20053E-1 5.32666E-1 5.2866E-1 5.24436E-1 5.30606E-1 5.28083E-1 5.29306E-1 5.38048E-1 5.45825E-1 5.46943E-1 5.40086E-1 5.33972E-1 5.27911E-1 5.24252E-1 5.18618E-1 5.24019E-1 5.42866E-1 5.58249E-1 5.51773E-1 5.56655E-1 5.60654E-1 5.53748E-1 5.50623E-1 5.52523E-1 5.60447E-1 5.72169E-1 5.74232E-1 5.79205E-1 5.8187E-1 5.89072E-1 5.93461E-1 5.97154E-1 5.921E-1 6.21454E-1 6.41708E-1 6.41894E-1 6.57127E-1 6.58904E-1
4.93918E-1 4.96077E-1 4.97841E-1 5.09183E-1 5.11075E-1 5.09275E-1 5.09378E-1 5.14235E-1 5.14093E-1 5.17736E-1 5.10086E-1 5.03151E-1 5.04175E-1 5.10756E-1 5.33924E-1 5.37199E-1 5.32684E-1 5.38004E-1 5.37873E-1 5.31323E-1 5.19233E-1 5.17149E-1 5.24162E-1 5.34146E-1 5.43092E-1 5.4422E-1 5.40844E-1 5.35751E-1 5.32879E-1 5.35785E-1 5.41225E-1 5.52102E-1 5.53264E-1 5.45516E-1 5.411E-1 5.3567E-1 5.36239E-1 5.32701E-1 5.3389E-1 5.52302E-1 5.59444E-1 5.5424E-1 5.54634E-1 5.58674E-1 5.54277E-1 5.52324E-1 5.5693E-1 5.63722E-1 5.80258E-1 5.84022E-1 5.80311E-1 5.831E-1 5.96145E-1 6.00172E-1 5.95409E-1 6.09553E-1 6.33212E-1 6.52169E-1 6.66289E-1 6.54515E-1 6.57543E-1
4.99695E-1 5.03548E-1 5.01067E-1 5.08171E-1 5.1155E-1 5.15647E-1 5.1701E-1 5.21469E-1 5.227E-1 5.22306E-1 5.14948E-1 5.13133E-1 5.14139E-1 5.18271E-1 5.2847E-1 5.36692E-1 5.40254E-1 5.54745E-1 5.55723E-1 5.56377E-1 5.30061E-1 5.30277E-1 5.37673E-1 5.50065E-1 5.56617E-1 5.60375E-1 5.52036E-1 5.40865E-1 5.56373E-1 5.55337E-1 5.58838E-1 5.61556E-1 5.59635E-1 5.59413E-1 5.57295E-1 5.5209E-1 5.58088E-1 5.54128E-1 5.40749E-1 5.49142E-1 5.57092E-1 5.57149E-1 5.52219E-1 5.53146E-1 5.52838E-1 5.51902E-1 5.60487E-1 5.69746E-1 5.88273E-1 5.84537E-1 5.85639E-1 5.90267E-1 6.02425E-1 6.03333E-1 6.07126E-1 6.22315E-1 6.39193E-1 6.73557E-1 6.76332E-1 6.82269E-1 6.86068E-1
5.00619E-1 5.07448E-1 5.11692E-1 5.13152E-1 5.17277E-1 5.24287E-1 5.28693E-1 5.31709E-1 5.24627E-1 5.23398E-1 5.19667E-1 5.14971E-1 5.28291E-1 5.16977E-1 5.2913E-1 5.4595E-1 5.49501E-1 5.68383E-1 5.63912E-1 5.62825E-1 5.44643E-1 5.49072E-1 5.57643E-1 5.68185E-1 5.7098E-1 5.70734E-1 5.56765E-1 5.58185E-1 5.68655E-1 5.68766E-1 5.6894E-1 5.72531E-1 5.68102E-1 5.69201E-1 5.65636E-1 5.5996E-1 5.68403E-1 5.51998E-1 5.48149E-1 5.59788E-1 5.54256E-1 5.50766E-1 5.46641E-1 5.51945E-1 5.5017E-1 5.62295E-1 5.75623E-1 5.69657E-1 5.81868E-1 5.84633E-1 5.88768E-1 5.87751E-1 6.0897E-1 6.0899E-1 6.3018E-1 6.44427E-1 6.57071E-1 6.73502E-1 7.02664E-1 7.26627E-1 6.68445E-1
5.05344E-1 5.11927E-1 5.20392E-1 5.21102E-1 5.28217E-1 5.30706E-1 5.34054E-1 5.28766E-1 5.26155E-1 5.28381E-1 5.19137E-1 5.11671E-1 5.21942E-1 5.16915E-1 5.37271E-1 5.57448E-1 5.52069E-1 5.57217E-1 5.73898E-1 5.60819E-1 5.51802E-1 5.60416E-1 5.72018E-1 5.80287E-1 5.82877E-1 5.79573E-1 5.77223E-1 5.69712E-1 5.73334E-1 5.74437E-1 5.81621E-1 5.81871E-1 5.75491E-1 5.74004E-1 5.65579E-1 5.60398E-1 5.70486E-1 5.59342E-1 5.65061E-1 5.59075E-1 5.48882E-1 5.46181E-1 5.44628E-1 5.50693E-1 5.56437E-1 5.60795E-1 5.73213E-1 5.73918E-1 5.79825E-1 5.86583E-1 5.86498E-1 5.88418E-1 6.03269E-1 6.26176E-1 6.39771E-1 6.73005E-1 6.69785E-1 7.0627E-1 7.14019E-1 7.25099E-1 6.38642E-1
5.24072E-1 5.2013E-1 5.28425E-1 5.33982E-1 5.33212E-1 5.31812E-1 5.34701E-1 5.40451E-1 5.35862E-1 5.29763E-1 5.19837E-1 5.20061E-1 5.18121E-1 5.23848E-1 5.4246E-1 5.61521E-1 5.66379E-1 5.60403E-1 5.70938E-1 5.8105E-1 5.72896E-1 5.68118E-1 5.81818E-1 5.91207E-1 5.92747E-1 5.89718E-1 5.85677E-1 5.82938E-1 5.88349E-1 5.83237E-1 5.8875E-1 5.85848E-1 5.76979E-1 5.7284E-1 5.72286E-1 5.76395E-1 5.89316E-1 5.75627E-1 5.65077E-1 5.59617E-1 5.60209E-1 5.46443E-1 5.52841E-1 5.63062E-1 5.59531E-1 5.70505E-1 5.73903E-1 5.83783E-1 5.91235E-1 5.99957E-1 6.03326E-1 6.09146E-1 5.99596E-1 6.34673E-1 6.7872E-1 7.11798E-1 6.93195E-1 7.39469E-1 7.55096E-1 6.93044E-1 6.44239E-1
5.17862E-1 5.26208E-1 5.32866E-1 5.34711E-1 5.37676E-1 5.34658E-1 5.39997E-1 5.39309E-1 5.36014E-1 5.32025E-1 5.24455E-1 5.28801E-1 5.31075E-1 5.41255E-1 5.51487E-1 5.72559E-1 5.74548E-1 5.73059E-1 5.84226E-1 5.92155E-1 6.08659E-1 5.88187E-1 5.90127E-1 5.99744E-1 5.98116E-1 5.91406E-1 5.92438E-1 5.92848E-1 5.95955E-1 5.89199E-1 5.89915E-1 5.88846E-1 5.84671E-1 5.73853E-1 5.72839E-1 5.83616E-1 5.77033E-1 5.77046E-1 5.63623E-1 5.59811E-1 5.56845E-1 5.51243E-1 5.63416E-1 5.63777E-1 5.70836E-1 5.76931E-1 5.81756E-1 5.93084E-1 6.00753E-1 6.15125E-1 6.10419E-1 6.2107E-1 6.36885E-1 6.54897E-1 7.11331E-1 7.21554E-1 7.58635E-1 7.36004E-1 7.35405E-1 6.96483E-1 6.69478E-1
5.22805E-1 5.31509E-1 5.36045E-1 5.33252E-1 5.31856E-1 5.3587E-1 5.40173E-1 5.36026E-1 5.31304E-1 5.42711E-1 5.39818E-1 5.41956E-1 5.4985E-1 5.52483E-1 5.63739E-1 5.80961E-1 5.99204E-1 5.99963E-1 5.98385E-1 6.0379E-1 6.16657E-1 5.85716E-1 5.99203E-1 6.02069E-1 5.99982E-1 5.96812E-1 5.96219E-1 6.04209E-1 6.04589E-1 5.95156E-1 5.91208E-1 5.91503E-1 5.87672E-1 5.80925E-1 5.84815E-1 5.9483E-1 5.75719E-1 5.63133E-1 5.52353E-1 5.53608E-1 5.61934E-1 5.59315E-1 5.62444E-1 5.67978E-1 5.79959E-1 5.85729E-1 5.94671E-1 6.04418E-1 6.15953E-1 6.20997E-1 6.38183E-1 6.51596E-1 6.51186E-1 6.85329E-1 7.38911E-1 7.42637E-1 7.24081E-1 7.3577E-1 7.18573E-1 6.9467E-1 7.2389E-1
5.32753E-1 5.32539E-1 5.38366E-1 5.37256E-1 5.33073E-1 5.34511E-1 5.32177E-1 5.34283E-1 5.40193E-1 5.39215E-1 5.41166E-1 5.48862E-1 5.66262E-1 5.72052E-1 5.75129E-1 5.92664E-1 6.11655E-1 6.09487E-1 6.17953E-1 6.14733E-1 6.24654E-1 6.08094E-1 6.12816E-1 6.06384E-1 5.98614E-1 6.06061E-1 6.00743E-1 5.98065E-1 6.00732E-1 6.01353E-1 5.93621E-1 5.97586E-1 5.93661E-1 5.76925E-1 5.70753E-1 5.79998E-1 5.70414E-1 5.59326E-1 5.51542E-1 5.61915E-1 5.62904E-1 5.6964E-1 5.75634E-1 5.78792E-1 5.89338E-1 5.97603E-1 6.13067E-1 6.1736E-1 6.1737E-1 6.33163E-1 6.33153E-1 6.46306E-1 6.69084E-1 7.31462E-1 7.58349E-1 6.9158E-1 6.90559E-1 7.0842E-1 6.7695E-1 6.89016E-1 6.81437E-1
5.40033E-1 5.37167E-1 5.53403E-1 5.43323E-1 5.47964E-1 5.42669E-1 5.4019E-1 5.31917E-1 5.45386E-1 5.45681E-1 5.57161E-1 5.60712E-1 5.73875E-1 5.80792E-1 5.8878E-1 5.97335E-1 6.16085E-1 6.17403E-1 6.28302E-1 6.23317E-1 6.32847E-1 6.24684E-1 6.17056E-1 6.143E-1 6.1323E-1 6.18462E-1 6.11981E-1 6.09563E-1 6.11328E-1 6.13354E-1 6.07518E-1 6.10337E-1 5.97481E-1 5.81683E-1 5.81102E-1 5.85288E-1 5.67744E-1 5.63674E-1 5.66216E-1 5.72188E-1 5.69974E-1 5.92716E-1 5.93488E-1 5.94734E-1 6.06765E-1 6.2244E-1 6.19947E-1 6.37852E-1 6.39704E-1 6.29719E-1 6.58362E-1 6.80984E-1 7.19149E-1 7.02596E-1 6.69343E-1 6.92247E-1 6.72203E-1 6.79331E-1 6.54076E-1 6.68547E-1 6.68445E-1
5.4485E-1 5.47514E-1 5.541E-1 5.59759E-1 5.57974E-1 5.48868E-1 5.50367E-1 5.53241E-1 5.53844E-1 5.60266E-1 5.71774E-1 5.79437E-1 5.8535E-1 5.92583E-1 5.99992E-1 6.11944E-1 6.18738E-1 6.24566E-1 6.24377E-1 6.29685E-1 6.38764E-1 6.37425E-1 6.40383E-1 6.26538E-1 6.27539E-1 6.27833E-1 6.24969E-1 6.22235E-1 6.24584E-1 6.20327E-1 6.14906E-1 6.13047E-1 6.02768E-1 6.0856E-1 5.95953E-1 5.69303E-1 5.62177E-1 5.78426E-1 5.80291E-1 5.80755E-1 5.86399E-1 6.01394E-1 6.17374E-1 6.20849E-1 6.35032E-1 6.40476E-1 6.56951E-1 6.62288E-1 6.49096E-1 6.40425E-1 6.81225E-1 6.70609E-1 6.56965E-1 6.31027E-1 6.69272E-1 6.7805E-1 6.84446E-1 6.60921E-1 6.83546E-1 6.49781E-1 6.62286E-1
5.61978E-1 5.69517E-1 5.69443E-1 5.73707E-1 5.67102E-1 5.67913E-1 5.66351E-1 5.74365E-1 5.76949E-1 5.77514E-1 5.83982E-1 5.92562E-1 5.90329E-1 5.96899E-1 6.10669E-1 6.2163E-1 6.20484E-1 6.29493E-1 6.39062E-1 6.44295E-1 6.48778E-1 6.48916E-1 6.39034E-1 6.34285E-1 6.33459E-1 6.42022E-1 6.37194E-1 6.3875E-1 6.36017E-1 6.27235E-1 6.18246E-1 6.18141E-1 6.2612E-1 6.20299E-1 6.03094E-1 5.93178E-1 5.9792E-1 5.93211E-1 6.05508E-1 5.9728E-1 6.04419E-1 6.10721E-1 6.29697E-1 6.49779E-1 6.53798E-1 6.73038E-1 6.83631E-1 6.66265E-1 6.62393E-1 6.69489E-1 6.55919E-1 6.59741E-1 6.21135E-1 6.3785E-1 6.82366E-1 6.51287E-1 6.7676E-1 6.62148E-1 6.7477E-1 6.31792E-1 7.28947E-1
5.86212E-1 5.90543E-1 5.94498E-1 5.96586E-1 6.06525E-1 6.08621E-1 6.06921E-1 6.00979E-1 5.96119E-1 6.04536E-1 6.04361E-1 6.03591E-1 5.98677E-1 6.10072E-1 6.21709E-1 6.21266E-1 6.26678E-1 6.32571E-1 6.38061E-1 6.50612E-1 6.44566E-1 6.54321E-1 6.54721E-1 6.46488E-1 6.50178E-1 6.60539E-1 6.70594E-1 6.58706E-1 6.48588E-1 6.38399E-1 6.37329E-1 6.48554E-1 6.37331E-1 6.11054E-1 6.03727E-1 6.08346E-1 6.1494E-1 6.18427E-1 6.21248E-1 6.15246E-1 6.19118E-1 6.38368E-1 6.50798E-1 6.5046E-1 6.53729E-1 6.59712E-1 6.59319E-1 6.59501E-1 6.82921E-1 6.80577E-1 6.43998E-1 6.14258E-1 6.40411E-1 6.74931E-1 6.97186E-1 6.86062E-1 6.5461E-1 6.53284E-1 6.84552E-1 6.89265E-1 6.55363E-1
5.79924E-1 5.73451E-1 5.91569E-1 6.01583E-1 6.1276E-1 6.16317E-1 6.1242E-1 6.22531E-1 6.15122E-1 6.13176E-1 6.22261E-1 6.1104E-1 6.14967E-1 6.26334E-1 6.26261E-1 6.3051E-1 6.31911E-1 6.36931E-1 6.41327E-1 6.48816E-1 6.59936E-1 6.62383E-1 6.64017E-1 6.63094E-1 6.6974E-1 6.83518E-1 6.87857E-1 6.82993E-1 6.79014E-1 6.62155E-1 6.62089E-1 6.64308E-1 6.46303E-1 6.2529E-1 6.37001E-1 6.31306E-1 6.30452E-1 6.39089E-1 6.5542E-1 6.51058E-1 6.50329E-1 6.47906E-1 6.60642E-1 6.65572E-1 6.70695E-1 6.70374E-1 6.66323E-1 6.84948E-1 6.93976E-1 6.62713E-1 6.54725E-1 6.45022E-1 7.23214E-1 7.04935E-1 6.9158E-1 6.92924E-1 6.65826E-1 6.73835E-1 6.93063E-1 6.52416E-1 6.42659E-1
5.73893E-1 5.78503E-1 5.96315E-1 6.07006E-1 6.25143E-1 6.30342E-1 6.26157E-1 6.32155E-1 6.34437E-1 6.30362E-1 6.31377E-1 6.32608E-1 6.36181E-1 6.35825E-1 6.35678E-1 6.30023E-1 6.32655E-1 6.34123E-1 6.44009E-1 6.61599E-1 6.61383E-1 6.54556E-1 6.57276E-1 6.5856E-1 6.8507E-1 6.85868E-1 6.89795E-1 6.91546E-1 6.75046E-1 6.68817E-1 6.66275E-1 6.52914E-1 6.43486E-1 6.40296E-1 6.56325E-1 6.56851E-1 6.47248E-1 6.63492E-1 6.71638E-1 6.87631E-1 6.91107E-1 6.80511E-1 6.70131E-1 6.74947E-1 6.94596E-1 7.0732E-1 6.90098E-1 7.11959E-1 7.01667E-1 6.89753E-1 6.95787E-1 6.73888E-1 6.60947E-1 6.7295E-1 6.90418E-1 7.00431E-1 6.68137E-1 6.60931E-1 6.41919E-1 6.32437E-1 6.33628E-1
5.79393E-1 5.96619E-1 6.01544E-1 6.22666E-1 6.34748E-1 6.37939E-1 6.43775E-1 6.51054E-1 6.43257E-1 6.39885E-1 6.39294E-1 6.43035E-1 6.44427E-1 6.48093E-1 6.40437E-1 6.40531E-1 6.38938E-1 6.35292E-1 6.41203E-1 6.62566E-1 6.71213E-1 6.78019E-1 6.81772E-1 6.83696E-1 6.8815E-1 6.98758E-1 6.97827E-1 6.89123E-1 6.80498E-1 6.76564E-1 6.75123E-1 6.549E-1 6.52477E-1 6.57946E-1 6.72519E-1 6.78916E-1 6.89568E-1 6.97252E-1 6.93641E-1 7.18848E-1 7.0039E-1 6.92981E-1 6.9468E-1 6.95882E-1 6.9892E-1 7.03701E-1 7.19058E-1 7.37882E-1 7.22105E-1 7.00087E-1 6.92495E-1 6.63608E-1 6.6599E-1 6.77484E-1 7.13201E-1 7.27652E-1 6.69593E-1 6.65284E-1 6.92079E-1 6.53811E-1 6.38366E-1
5.7107E-1 6.04925E-1 6.15587E-1 6.33352E-1 6.38369E-1 6.43815E-1 6.66826E-1 6.68187E-1 6.54078E-1 6.262E-1 6.34564E-1 6.41274E-1 6.48623E-1 6.48946E-1 6.39926E-1 6.48377E-1 6.38809E-1 6.3653E-1 6.46292E-1 6.68447E-1 6.80356E-1 6.92635E-1 7.0022E-1 7.02045E-1 6.95565E-1 7.19898E-1 7.21387E-1 7.00765E-1 6.93554E-1 6.8551E-1 6.83862E-1 6.74667E-1 6.60994E-1 6.76881E-1 7.10733E-1 7.17834E-1 7.23814E-1 7.42225E-1 7.58944E-1 7.24979E-1 7.4927E-1 6.99719E-1 6.84258E-1 7.02505E-1 7.25272E-1 7.262E-1 6.99531E-1 7.16812E-1 6.89152E-1 6.80716E-1 6.65201E-1 6.84619E-1 7.17715E-1 7.24947E-1 7.30632E-1 6.96936E-1 6.73541E-1 6.57134E-1 6.50919E-1 6.49608E-1 6.3201E-1
5.86459E-1 6.135E-1 6.24557E-1 6.37554E-1 6.45631E-1 6.50356E-1 6.51548E-1 6.66996E-1 6.5297E-1 6.34095E-1 6.27986E-1 6.29518E-1 6.32018E-1 6.32688E-1 6.33454E-1 6.40193E-1 6.49447E-1 6.533E-1 6.67001E-1 6.83635E-1 6.87794E-1 6.96273E-1 6.94543E-1 6.89184E-1 7.02645E-1 7.18753E-1 7.18059E-1 7.09565E-1 6.99635E-1 6.92744E-1 6.81283E-1 6.72255E-1 6.852E-1 6.98352E-1 6.98135E-1 7.28617E-1 7.08195E-1 7.01272E-1 7.0486E-1 7.143E-1 6.72631E-1 6.76101E-1 6.82408E-1 6.91098E-1 6.76885E-1 6.84526E-1 7.42937E-1 7.63824E-1 7.45099E-1 7.26212E-1 6.99116E-1 7.12076E-1 7.22001E-1 7.63795E-1 7.28612E-1 6.8298E-1 6.56758E-1 6.6204E-1 6.42368E-1 6.43315E-1 6.40647E-1
6.09945E-1 6.18985E-1 6.28579E-1 6.41492E-1 6.51025E-1 6.5578E-1 6.50589E-1 6.63956E-1 6.47031E-1 6.37548E-1 6.33641E-1 6.26727E-1 6.26469E-1 6.27825E-1 6.35852E-1 6.42312E-1 6.52349E-1 6.65491E-1 6.83549E-1 6.93284E-1 6.90146E-1 6.933E-1 6.94876E-1 7.10035E-1 7.1556E-1 7.11084E-1 7.34871E-1 7.21985E-1 7.04684E-1 7.12878E-1 7.19505E-1 6.89665E-1 7.2126E-1 7.07605E-1 6.8703E-1 6.85264E-1 6.80436E-1 6.77582E-1 6.79387E-1 6.72989E-1 6.56295E-1 6.56112E-1 6.65772E-1 6.75022E-1 7.38959E-1 7.72215E-1 8.13109E-1 7.63161E-1 7.44627E-1 7.28834E-1 7.24257E-1 7.05172E-1 6.88275E-1 7.0791E-1 6.86847E-1 6.58698E-1 6.53895E-1 6.42632E-1 6.42613E-1 6.42077E-1 6.35919E-1
6.28909E-1 6.28716E-1 6.35428E-1 6.44046E-1 6.46546E-1 6.47403E-1 6.47287E-1 6.67095E-1 6.48496E-1 6.31746E-1 6.26654E-1 6.26732E-1 6.23855E-1 6.32582E-1 6.3757E-1 6.43391E-1 6.4468E-1 6.49301E-1 6.60453E-1 6.71432E-1 6.90977E-1 6.86118E-1 6.91159E-1 7.1231E-1 7.18268E-1 7.22898E-1 7.35746E-1 7.18548E-1 7.06257E-1 7.16237E-1 7.28227E-1 6.97976E-1 6.97716E-1 6.8086E-1 6.78205E-1 6.80285E-1 6.83563E-1 6.73919E-1 6.62102E-1 6.70675E-1 6.53318E-1 6.53063E-1 6.65493E-1 7.45437E-1 7.65777E-1 7.92641E-1 8.11484E-1 7.81428E-1 7.83398E-1 7.54884E-1 7.08933E-1 6.65149E-1 6.71216E-1 6.82121E-1 6.79654E-1 6.52484E-1 6.43119E-1 6.50812E-1 6.51365E-1 6.4925E-1 6.46669E-1
6.29885E-1 6.32718E-1 6.36419E-1 6.47361E-1 6.44443E-1 6.45697E-1 6.38065E-1 6.45139E-1 6.51274E-1 6.36689E-1 6.37836E-1 6.42829E-1 6.2785E-1 6.24618E-1 6.34847E-1 6.41865E-1 6.51638E-1 6.44755E-1 6.5078E-1 6.6302E-1 6.70366E-1 6.8402E-1 6.9667E-1 7.12146E-1 7.34828E-1 7.45101E-1 7.32448E-1 7.12878E-1 7.20351E-1 7.40342E-1 7.38174E-1 6.83299E-1 6.91113E-1 6.83394E-1 6.78499E-1 6.93856E-1 6.84811E-1 6.52739E-1 6.49258E-1 6.53362E-1 6.43622E-1 6.92826E-1 7.28969E-1 7.89307E-1 7.9431E-1 8.10697E-1 8.00006E-1 7.84648E-1 7.1741E-1 6.81341E-1 6.79465E-1 6.72127E-1 6.74184E-1 6.74712E-1 6.67845E-1 6.65803E-1 6.63608E-1 6.65553E-1 6.59958E-1 6.59995E-1 6.60277E-1
6.35436E-1 6.39495E-1 6.46456E-1 6.48897E-1 6.45795E-1 6.4124E-1 6.35422E-1 6.37036E-1 6.50508E-1 6.33857E-1 6.48931E-1 6.50243E-1 6.39777E-1 6.31388E-1 6.46868E-1 6.66391E-1 6.65474E-1 6.46413E-1 6.64005E-1 6.7004E-1 6.73484E-1 6.91463E-1 6.93305E-1 7.20704E-1 7.49166E-1 7.4635E-1 7.3081E-1 7.14094E-1 6.96489E-1 7.20701E-1 6.80484E-1 6.5282E-1 6.70439E-1 6.55134E-1 6.6602E-1 6.86518E-1 6.59778E-1 6.60211E-1 6.56984E-1 7.10004E-1 7.80497E-1 7.8004E-1 7.96129E-1 8.38523E-1 8.2557E-1 7.96306E-1 7.67223E-1 7.2211E-1 7.08024E-1 7.1933E-1 6.93028E-1 6.7615E-1 6.70562E-1 6.79209E-1 6.87072E-1 6.76286E-1 6.80565E-1 6.80398E-1 6.64573E-1 6.62963E-1 6.75613E-1
