maxent_outputs/red_flowers_troch_bombus_environ/red_225.asc
ncols         426
nrows         180
xllcorner     -130.0
yllcorner     24.0
cellsize      0.16666666666666666
NODATA_value  -9999
[rows 54 to 80 of 180, columns 244 to 304 of 426]
1.51505E-1 1.52025E-1 1.61834E-1 1.68564E-1 1.81849E-1 1.84526E-1 1.9182E-1 2.1009E-1 2.28963E-1 3.04824E-1 3.23397E-1 3.07825E-1 2.72211E-1 3.62177E-1 3.72535E-1 3.90726E-1 4.01272E-1 4.24141E-1 4.5252E-1 4.34726E-1 3.79472E-1 3.51549E-1 3.3576E-1 3.09109E-1 2.91094E-1 2.52554E-1 2.46058E-1 2.561E-1 2.55576E-1 2.54666E-1 2.64236E-1 2.67364E-1 2.70502E-1 2.8686E-1 3.03707E-1 3.47625E-1 4.67614E-1 4.99982E-1 5.2793E-1 5.60915E-1 5.94844E-1 6.26182E-1 6.63E-1 6.91705E-1 7.18532E-1 7.1208E-1 7.21375E-1 6.51393E-1 6.41919E-1 6.8724E-1 6.99937E-1 7.68755E-1 7.88183E-1 7.87146E-1 7.27465E-1 7.06167E-1 6.16894E-1 5.88597E-1 5.69987E-1 5.6834E-1 5.14727E-1
1.63326E-1 1.64637E-1 1.70667E-1 1.80784E-1 1.88098E-1 1.95581E-1 2.01954E-1 2.13807E-1 2.61937E-1 3.042E-1 2.76379E-1 2.74031E-1 3.44353E-1 3.76186E-1 3.97642E-1 4.0478E-1 4.26705E-1 4.52102E-1 4.82861E-1 4.07168E-1 3.46624E-1 3.22564E-1 3.06576E-1 2.86214E-1 2.6804E-1 2.38789E-1 2.42224E-1 2.48033E-1 2.38504E-1 2.42813E-1 2.49945E-1 2.54113E-1 2.61626E-1 2.82791E-1 3.08233E-1 3.23693E-1 4.08363E-1 5.13681E-1 5.49036E-1 5.82387E-1 6.18725E-1 6.56345E-1 6.75516E-1 7.07716E-1 7.20093E-1 7.32371E-1 7.28562E-1 7.12281E-1 6.35257E-1 6.85883E-1 7.02746E-1 7.37296E-1 7.50363E-1 7.87236E-1 7.46538E-1 6.25613E-1 5.75654E-1 5.63978E-1 5.35471E-1 5.64084E-1 5.47834E-1
1.6678E-1 1.79122E-1 1.78375E-1 1.90949E-1 1.99242E-1 2.0191E-1 1.96278E-1 2.11982E-1 2.43648E-1 2.53811E-1 2.76653E-1 3.24931E-1 3.90366E-1 4.04738E-1 4.1206E-1 4.20912E-1 4.2909E-1 4.57795E-1 4.65975E-1 3.73243E-1 3.31267E-1 3.03544E-1 2.71293E-1 2.57574E-1 2.41508E-1 2.43515E-1 2.38497E-1 2.43611E-1 2.37835E-1 2.41394E-1 2.39863E-1 2.53342E-1 2.69542E-1 2.80211E-1 2.95745E-1 3.21576E-1 4.34948E-1 5.1468E-1 5.51003E-1 5.94475E-1 6.30704E-1 6.65335E-1 7.0084E-1 7.28474E-1 7.49516E-1 7.41506E-1 7.27838E-1 6.72388E-1 6.10038E-1 6.4936E-1 6.59003E-1 6.6066E-1 6.51887E-1 7.06361E-1 7.21772E-1 6.76907E-1 5.23107E-1 5.15738E-1 5.26522E-1 5.8614E-1 6.00953E-1
1.7501E-1 1.81739E-1 1.86902E-1 1.93058E-1 1.98465E-1 2.02318E-1 1.97692E-1 2.02252E-1 2.16172E-1 2.46364E-1 2.85601E-1 3.7864E-1 4.05435E-1 4.13435E-1 4.25346E-1 4.25207E-1 4.3967E-1 4.5397E-1 4.13637E-1 3.33786E-1 3.08079E-1 2.90469E-1 2.71301E-1 2.42835E-1 2.36456E-1 2.36176E-1 2.3988E-1 2.61373E-1 2.44231E-1 2.41317E-1 2.48701E-1 2.55987E-1 2.61166E-1 2.62776E-1 2.8882E-1 3.2154E-1 4.34426E-1 5.13575E-1 5.61913E-1 6.09189E-1 6.51245E-1 6.92233E-1 7.2461E-1 7.51314E-1 7.80777E-1 7.72811E-1 7.20552E-1 6.14673E-1 6.14633E-1 6.34092E-1 6.75848E-1 6.37948E-1 6.01747E-1 6.24572E-1 6.84012E-1 5.84571E-1 5.12504E-1 4.88318E-1 5.08582E-1 6.35942E-1 5.97216E-1
1.79646E-1 1.90694E-1 1.94318E-1 1.92901E-1 1.97314E-1 2.09206E-1 2.11282E-1 2.03891E-1 2.26651E-1 2.53179E-1 2.90122E-1 4.01109E-1 4.10848E-1 4.32535E-1 4.31918E-1 4.32742E-1 4.35834E-1 4.34692E-1 3.57568E-1 3.1708E-1 3.05739E-1 2.82904E-1 2.53953E-1 2.37166E-1 2.32565E-1 2.24179E-1 2.3527E-1 2.48684E-1 2.45181E-1 2.4574E-1 2.40548E-1 2.47917E-1 2.54344E-1 2.66663E-1 2.99267E-1 3.89888E-1 4.746E-1 5.12656E-1 5.60199E-1 6.0608E-1 6.60408E-1 6.98036E-1 7.45531E-1 7.8149E-1 7.93574E-1 7.56446E-1 6.79093E-1 6.19769E-1 6.41891E-1 6.61945E-1 6.88495E-1 7.17133E-1 6.47112E-1 6.1321E-1 6.6959E-1 6.0425E-1 5.26014E-1 4.91002E-1 5.01171E-1 5.35274E-1 4.89838E-1
1.82093E-1 1.95341E-1 2.06446E-1 2.01829E-1 2.01256E-1 2.30421E-1 2.22024E-1 2.20732E-1 2.35506E-1 2.59868E-1 3.28417E-1 4.11012E-1 4.22466E-1 4.37527E-1 4.36915E-1 4.356E-1 4.30407E-1 3.72912E-1 3.20601E-1 3.12317E-1 3.00751E-1 2.82656E-1 2.63574E-1 2.46285E-1 2.39548E-1 2.363E-1 2.46621E-1 2.52836E-1 2.42964E-1 2.36822E-1 2.46618E-1 2.51576E-1 2.59959E-1 2.78092E-1 3.3497E-1 4.33358E-1 4.66505E-1 4.72411E-1 5.02041E-1 5.86066E-1 6.71065E-1 7.03818E-1 7.51297E-1 7.96897E-1 7.67462E-1 7.32258E-1 6.49911E-1 6.5107E-1 6.84725E-1 6.90033E-1 6.65483E-1 6.73607E-1 6.92981E-1 6.68161E-1 5.63246E-1 5.407E-1 5.07699E-1 4.85528E-1 4.86055E-1 4.9014E-1 4.939E-1
1.9348E-1 2.01636E-1 2.04988E-1 2.01959E-1 2.00627E-1 2.2324E-1 2.20063E-1 2.30614E-1 2.42818E-1 2.91011E-1 3.99222E-1 4.08891E-1 4.17911E-1 4.22063E-1 4.28256E-1 4.2674E-1 4.44771E-1 3.54736E-1 3.20359E-1 3.13893E-1 2.99744E-1 2.92141E-1 2.81258E-1 2.69184E-1 2.60039E-1 2.65101E-1 2.65941E-1 2.57572E-1 2.49614E-1 2.45418E-1 2.57286E-1 2.60407E-1 2.73209E-1 3.34278E-1 3.61015E-1 3.48056E-1 3.32907E-1 3.61751E-1 4.10343E-1 4.82111E-1 6.4728E-1 7.02622E-1 7.39794E-1 7.85738E-1 7.93902E-1 7.28993E-1 6.85989E-1 6.59675E-1 6.72352E-1 6.87332E-1 6.54404E-1 6.3635E-1 6.04742E-1 5.09848E-1 4.61903E-1 5.08533E-1 5.19333E-1 4.99651E-1 4.94E-1 5.23206E-1 5.2525E-1
2.03487E-1 2.10883E-1 2.01505E-1 2.05181E-1 2.07294E-1 2.01805E-1 2.14514E-1 2.24848E-1 2.31166E-1 2.73777E-1 3.85247E-1 4.08352E-1 4.14298E-1 4.2548E-1 4.27259E-1 4.36163E-1 4.27693E-1 3.5121E-1 3.19771E-1 3.12055E-1 3.11686E-1 3.08578E-1 3.09068E-1 2.99346E-1 2.90238E-1 2.68167E-1 2.68945E-1 2.6083E-1 2.59622E-1 2.66586E-1 2.67344E-1 2.61496E-1 2.82728E-1 3.45735E-1 3.19176E-1 2.79533E-1 2.8783E-1 3.33923E-1 3.82182E-1 4.31817E-1 5.75188E-1 6.77954E-1 7.3205E-1 7.7023E-1 7.90965E-1 7.49635E-1 7.11152E-1 6.51372E-1 6.59141E-1 6.61411E-1 6.31577E-1 6.0745E-1 5.46865E-1 4.8175E-1 4.68376E-1 5.05735E-1 5.32425E-1 5.03917E-1 5.15586E-1 5.56444E-1 5.60641E-1
2.10336E-1 2.14807E-1 2.0816E-1 2.01377E-1 2.02734E-1 1.99922E-1 2.03955E-1 2.15002E-1 2.30383E-1 3.05251E-1 3.88983E-1 4.12807E-1 4.2102E-1 4.26677E-1 4.32065E-1 4.38121E-1 4.15689E-1 3.34178E-1 3.11219E-1 3.07928E-1 3.16377E-1 3.09912E-1 3.21933E-1 3.09794E-1 2.93053E-1 2.8248E-1 2.83563E-1 2.73293E-1 2.78989E-1 2.78639E-1 2.67816E-1 2.57827E-1 2.66891E-1 2.65982E-1 2.53455E-1 2.4692E-1 2.72252E-1 3.08172E-1 3.48961E-1 3.82829E-1 5.10916E-1 6.50127E-1 7.04623E-1 7.53472E-1 7.77883E-1 7.58085E-1 7.22542E-1 7.00214E-1 6.92065E-1 6.63081E-1 5.65912E-1 5.60829E-1 5.47279E-1 5.22077E-1 5.28146E-1 5.5277E-1 5.75287E-1 5.52616E-1 5.80854E-1 6.56893E-1 6.80662E-1
2.12708E-1 2.15576E-1 2.17923E-1 2.01626E-1 1.98859E-1 2.01136E-1 2.04908E-1 2.12707E-1 2.38942E-1 3.62743E-1 3.8893E-1 4.08842E-1 4.20547E-1 4.2861E-1 4.33588E-1 4.32432E-1 4.38187E-1 3.7404E-1 3.31798E-1 3.16197E-1 3.107E-1 3.12361E-1 3.14836E-1 2.98542E-1 2.90174E-1 2.873E-1 2.92712E-1 2.83525E-1 2.8068E-1 2.57599E-1 2.63794E-1 2.62276E-1 2.65446E-1 2.57122E-1 2.55393E-1 2.57673E-1 2.7047E-1 2.8974E-1 3.10816E-1 3.4997E-1 4.33738E-1 6.24451E-1 6.89147E-1 7.32054E-1 7.59711E-1 7.15419E-1 6.2593E-1 6.63157E-1 6.98873E-1 6.71894E-1 5.95796E-1 5.57486E-1 5.39192E-1 5.14113E-1 5.3013E-1 6.01039E-1 6.23488E-1 6.51162E-1 7.31349E-1 7.21616E-1 6.99078E-1
2.09814E-1 2.13385E-1 2.21267E-1 2.18707E-1 2.10283E-1 2.13261E-1 2.14346E-1 2.24733E-1 2.62846E-1 3.86545E-1 4.06093E-1 4.22972E-1 4.31718E-1 4.27544E-1 4.28578E-1 4.39604E-1 4.39641E-1 4.16352E-1 3.56551E-1 3.17355E-1 2.96282E-1 2.94865E-1 2.95932E-1 2.99033E-1 2.91534E-1 3.00637E-1 2.97544E-1 2.87149E-1 2.79059E-1 2.74968E-1 2.72556E-1 2.73247E-1 2.74099E-1 2.73915E-1 2.78683E-1 2.70926E-1 2.72397E-1 2.91617E-1 3.0966E-1 3.49311E-1 4.20165E-1 6.17221E-1 6.82519E-1 6.90427E-1 6.56051E-1 6.25575E-1 6.3156E-1 6.6215E-1 6.86046E-1 6.58747E-1 6.16234E-1 5.79824E-1 5.4141E-1 4.95731E-1 4.92946E-1 5.9178E-1 6.48624E-1 6.99916E-1 7.36403E-1 7.04761E-1 6.39844E-1
2.07607E-1 2.15105E-1 2.18781E-1 2.15626E-1 2.13639E-1 2.23394E-1 2.30387E-1 2.51578E-1 2.73118E-1 4.12877E-1 4.3265E-1 4.41433E-1 4.36688E-1 4.32485E-1 4.29743E-1 4.27574E-1 4.28441E-1 4.29932E-1 3.64797E-1 3.20614E-1 3.00703E-1 3.02705E-1 3.08484E-1 3.08598E-1 3.08407E-1 3.15405E-1 3.07655E-1 2.97494E-1 2.84155E-1 2.86012E-1 2.84691E-1 2.88139E-1 2.91459E-1 3.01468E-1 3.0015E-1 2.91339E-1 3.00413E-1 3.13631E-1 3.32164E-1 3.65378E-1 4.2761E-1 5.63484E-1 6.28847E-1 5.8832E-1 5.89571E-1 6.3724E-1 6.81707E-1 6.73185E-1 6.63584E-1 6.42131E-1 6.12472E-1 5.87772E-1 5.65856E-1 5.26968E-1 5.03018E-1 5.53529E-1 6.03803E-1 6.26334E-1 6.38458E-1 6.13568E-1 5.90167E-1
2.14069E-1 2.17765E-1 2.19601E-1 2.11047E-1 2.14893E-1 2.24402E-1 2.4039E-1 2.62758E-1 2.90571E-1 4.1504E-1 4.37651E-1 4.51352E-1 4.52288E-1 4.5004E-1 4.46313E-1 4.32209E-1 4.31221E-1 4.19558E-1 3.80429E-1 3.17818E-1 3.10255E-1 3.24107E-1 3.21293E-1 3.25062E-1 3.23243E-1 3.30372E-1 3.2974E-1 3.14965E-1 3.04927E-1 3.08964E-1 3.10845E-1 3.14084E-1 3.18219E-1 3.3188E-1 3.35244E-1 3.34787E-1 3.34373E-1 3.59689E-1 3.81786E-1 4.18911E-1 4.60813E-1 5.10563E-1 5.21101E-1 5.54031E-1 5.87317E-1 6.39279E-1 6.69987E-1 6.58588E-1 6.60076E-1 6.26051E-1 6.04661E-1 5.8616E-1 5.72925E-1 5.74998E-1 5.72573E-1 5.66146E-1 5.80859E-1 6.04647E-1 6.02585E-1 5.93411E-1 5.5398E-1
2.16315E-1 2.12576E-1 2.12893E-1 2.13775E-1 2.26113E-1 2.34238E-1 2.37195E-1 2.54047E-1 2.87244E-1 3.79652E-1 4.42179E-1 4.5318E-1 4.63009E-1 4.51963E-1 4.49393E-1 4.49278E-1 4.35209E-1 4.3222E-1 3.94914E-1 3.2158E-1 3.27273E-1 3.36567E-1 3.36578E-1 3.28442E-1 3.17634E-1 3.29788E-1 3.25024E-1 3.2723E-1 3.413E-1 3.45548E-1 3.51213E-1 3.43572E-1 3.62111E-1 3.85171E-1 3.81857E-1 3.82445E-1 3.78483E-1 4.10035E-1 4.40145E-1 4.67478E-1 5.19613E-1 5.46417E-1 5.24754E-1 5.4724E-1 5.7629E-1 6.16963E-1 6.32828E-1 6.31695E-1 6.28075E-1 6.13055E-1 5.99589E-1 5.94418E-1 5.84866E-1 6.08801E-1 6.67385E-1 6.94327E-1 6.86245E-1 6.91578E-1 6.82039E-1 6.62772E-1 6.3398E-1
2.13456E-1 2.12135E-1 2.12003E-1 2.18889E-1 2.32807E-1 2.50023E-1 2.38609E-1 2.61E-1 2.79285E-1 4.06778E-1 4.56901E-1 4.66344E-1 4.6688E-1 4.66498E-1 4.59416E-1 4.58896E-1 4.474E-1 4.35379E-1 3.8887E-1 3.42092E-1 3.70786E-1 3.66605E-1 3.51819E-1 3.60352E-1 3.34308E-1 3.28831E-1 3.28965E-1 3.25488E-1 3.37999E-1 3.36739E-1 3.46706E-1 3.66389E-1 3.89516E-1 4.14066E-1 4.28998E-1 4.3013E-1 4.28962E-1 4.61747E-1 5.07449E-1 5.80656E-1 5.983E-1 5.64323E-1 5.29462E-1 5.35994E-1 5.78993E-1 5.88059E-1 6.08699E-1 6.82301E-1 7.03633E-1 7.00083E-1 6.98194E-1 6.75656E-1 6.4207E-1 6.49924E-1 6.92768E-1 6.96097E-1 7.02759E-1 6.80909E-1 6.60073E-1 6.43288E-1 5.93201E-1
2.11432E-1 2.14726E-1 2.18766E-1 2.23347E-1 2.34557E-1 2.43458E-1 2.50565E-1 2.68897E-1 2.83656E-1 3.93482E-1 4.65865E-1 4.84806E-1 4.82173E-1 4.78589E-1 4.74499E-1 4.71927E-1 4.68798E-1 4.5591E-1 3.69753E-1 3.56886E-1 3.77429E-1 3.83469E-1 3.72578E-1 3.65087E-1 3.57917E-1 3.51607E-1 3.51756E-1 3.3348E-1 3.32573E-1 3.27869E-1 3.49687E-1 3.91122E-1 4.21927E-1 4.61021E-1 4.67219E-1 4.68312E-1 4.88042E-1 5.17205E-1 5.57366E-1 6.65754E-1 6.69122E-1 6.13402E-1 5.70266E-1 5.67011E-1 5.90453E-1 6.25828E-1 7.20129E-1 7.3016E-1 7.16742E-1 7.20169E-1 7.12562E-1 7.22363E-1 7.33065E-1 7.25352E-1 7.2053E-1 7.03697E-1 6.95914E-1 6.61899E-1 6.16111E-1 5.59926E-1 5.43215E-1
2.09598E-1 2.12722E-1 2.13347E-1 2.21357E-1 2.28889E-1 2.34909E-1 2.51065E-1 2.65865E-1 2.93391E-1 3.97152E-1 4.72105E-1 4.85363E-1 4.97861E-1 4.93417E-1 4.89313E-1 4.96879E-1 4.91347E-1 4.2718E-1 3.75245E-1 3.70847E-1 3.774E-1 3.88565E-1 3.82102E-1 3.82813E-1 3.75055E-1 3.79896E-1 3.61723E-1 3.49022E-1 3.3779E-1 3.4137E-1 3.68966E-1 3.95364E-1 4.37899E-1 4.88283E-1 4.95105E-1 4.91643E-1 5.16688E-1 5.33109E-1 5.28928E-1 5.59859E-1 6.01707E-1 6.04077E-1 6.00032E-1 6.65917E-1 7.03198E-1 7.42033E-1 7.26974E-1 7.16726E-1 7.01973E-1 7.05681E-1 7.01203E-1 7.10788E-1 7.13368E-1 7.09774E-1 7.03627E-1 6.88932E-1 6.34351E-1 5.87368E-1 6.00665E-1 5.9904E-1 5.7811E-1
2.14197E-1 2.0927E-1 2.14389E-1 2.2264E-1 2.30456E-1 2.41843E-1 2.58959E-1 2.82466E-1 3.05185E-1 3.45477E-1 4.59873E-1 4.92276E-1 5.10622E-1 5.03487E-1 5.11368E-1 5.11631E-1 4.82329E-1 3.94248E-1 3.90091E-1 3.92954E-1 3.89815E-1 3.97484E-1 3.94821E-1 3.88904E-1 3.8989E-1 3.87442E-1 3.76344E-1 3.66616E-1 3.55589E-1 3.64641E-1 3.83238E-1 4.17332E-1 4.37843E-1 4.54402E-1 4.71206E-1 4.89219E-1 5.07427E-1 5.14382E-1 4.84842E-1 5.7142E-1 6.32656E-1 6.91775E-1 7.51575E-1 7.63327E-1 7.54834E-1 7.31492E-1 7.13359E-1 7.03903E-1 6.93798E-1 6.84012E-1 6.89963E-1 6.98863E-1 7.06366E-1 6.74774E-1 6.26295E-1 5.97789E-1 6.19204E-1 6.41799E-1 6.42763E-1 6.19925E-1 5.73532E-1
2.14151E-1 2.13008E-1 2.17786E-1 2.25791E-1 2.33602E-1 2.52809E-1 2.74703E-1 3.00055E-1 3.30865E-1 3.51969E-1 4.29533E-1 4.89202E-1 4.9358E-1 5.07115E-1 5.16842E-1 5.19227E-1 4.42965E-1 4.32633E-1 4.33123E-1 4.36505E-1 4.30244E-1 4.14387E-1 3.83809E-1 3.9933E-1 4.04801E-1 3.99582E-1 4.05649E-1 3.88962E-1 3.85377E-1 3.829E-1 3.95295E-1 4.15744E-1 4.27654E-1 4.397E-1 4.54854E-1 4.73341E-1 5.45878E-1 5.88898E-1 5.64148E-1 6.55611E-1 7.01968E-1 7.5377E-1 7.57416E-1 7.51573E-1 7.4477E-1 7.29934E-1 7.10076E-1 6.79394E-1 6.72833E-1 6.7648E-1 6.52424E-1 6.17514E-1 5.86066E-1 5.98958E-1 6.08711E-1 6.10647E-1 6.1632E-1 6.33299E-1 6.24601E-1 6.19285E-1 5.77606E-1
2.18286E-1 2.17786E-1 2.17614E-1 2.30655E-1 2.48566E-1 2.67322E-1 2.89249E-1 3.16915E-1 3.48667E-1 3.52326E-1 3.60838E-1 4.24397E-1 4.63592E-1 4.48075E-1 4.33614E-1 4.26847E-1 4.1809E-1 4.26937E-1 4.40381E-1 4.4309E-1 4.21745E-1 4.12919E-1 4.034E-1 4.07198E-1 4.12686E-1 4.09483E-1 4.12645E-1 4.06604E-1 4.07995E-1 4.00176E-1 3.92177E-1 3.99162E-1 4.23894E-1 4.42762E-1 4.54597E-1 4.73542E-1 5.37511E-1 5.87702E-1 6.07786E-1 6.11417E-1 6.69692E-1 7.02042E-1 7.259E-1 7.32729E-1 7.33976E-1 7.23779E-1 7.02422E-1 6.24219E-1 5.96821E-1 5.95082E-1 5.61647E-1 5.52954E-1 5.45793E-1 5.57801E-1 5.89929E-1 6.00113E-1 6.14537E-1 6.07719E-1 6.03896E-1 5.97957E-1 5.86051E-1
2.29774E-1 2.29544E-1 2.28868E-1 2.46985E-1 2.64009E-1 2.7328E-1 2.96943E-1 3.09598E-1 3.12476E-1 3.27625E-1 3.33032E-1 3.32387E-1 3.35479E-1 3.5334E-1 3.64478E-1 3.89008E-1 4.07441E-1 4.11794E-1 4.35849E-1 4.29925E-1 4.10361E-1 4.11429E-1 4.12401E-1 4.23734E-1 4.22224E-1 4.14625E-1 4.10781E-1 4.17315E-1 4.23976E-1 4.10446E-1 3.98507E-1 4.04612E-1 4.24743E-1 4.39904E-1 4.37649E-1 4.1642E-1 4.25367E-1 4.61938E-1 5.0931E-1 5.14814E-1 6.09306E-1 6.56167E-1 6.79473E-1 6.94693E-1 7.01144E-1 7.05189E-1 6.5439E-1 6.22645E-1 6.40162E-1 6.0547E-1 5.47717E-1 5.23554E-1 5.1522E-1 5.22181E-1 5.50206E-1 5.74224E-1 5.90807E-1 5.76564E-1 5.85054E-1 5.82631E-1 5.93323E-1
2.45145E-1 2.46759E-1 2.5076E-1 2.71938E-1 2.81809E-1 2.90416E-1 3.19618E-1 3.0437E-1 2.89222E-1 2.89233E-1 3.0664E-1 3.22071E-1 3.18359E-1 3.2051E-1 3.35725E-1 3.57729E-1 3.72391E-1 3.91648E-1 4.08091E-1 4.05973E-1 4.09338E-1 4.13555E-1 4.22953E-1 4.13961E-1 4.14856E-1 3.90855E-1 3.96348E-1 4.13764E-1 4.1467E-1 4.18377E-1 4.09025E-1 4.09574E-1 4.18251E-1 4.20816E-1 4.1318E-1 4.13939E-1 4.20572E-1 4.25871E-1 4.33127E-1 4.51252E-1 5.03298E-1 5.51311E-1 5.61027E-1 5.8773E-1 6.2738E-1 6.30536E-1 6.36034E-1 6.35637E-1 6.32396E-1 5.81161E-1 5.12926E-1 5.01184E-1 4.78733E-1 4.77032E-1 5.11132E-1 5.47389E-1 5.71791E-1 5.66257E-1 5.84182E-1 5.91955E-1 6.08709E-1
2.7165E-1 2.76697E-1 2.86354E-1 2.97227E-1 3.11844E-1 3.07748E-1 3.26735E-1 3.07028E-1 2.9227E-1 2.86675E-1 3.08435E-1 3.27303E-1 3.14116E-1 3.0149E-1 3.22262E-1 3.46537E-1 3.7298E-1 3.88432E-1 3.97204E-1 4.05801E-1 4.15397E-1 4.22378E-1 4.27445E-1 4.1682E-1 4.10313E-1 4.10234E-1 4.04985E-1 4.0851E-1 4.24115E-1 4.26245E-1 4.20021E-1 4.27124E-1 4.21955E-1 4.24793E-1 4.18083E-1 4.25599E-1 4.32499E-1 4.33495E-1 4.38337E-1 4.36481E-1 4.59217E-1 4.88795E-1 5.2309E-1 5.5128E-1 5.94459E-1 6.19998E-1 6.15923E-1 6.10062E-1 6.08393E-1 5.62174E-1 5.04826E-1 4.75755E-1 4.8813E-1 4.92748E-1 5.05639E-1 5.35215E-1 5.59752E-1 5.72351E-1 5.77466E-1 5.94037E-1 6.23343E-1
2.98059E-1 3.12967E-1 3.28177E-1 3.16785E-1 3.08158E-1 3.15645E-1 3.14956E-1 3.17869E-1 3.121E-1 3.17483E-1 3.24645E-1 3.25939E-1 3.22683E-1 3.11769E-1 3.24504E-1 3.46392E-1 3.6631E-1 3.90354E-1 3.98044E-1 4.16861E-1 4.2258E-1 4.29099E-1 4.23889E-1 4.24632E-1 4.35039E-1 4.38729E-1 4.20069E-1 4.27444E-1 4.33532E-1 4.37945E-1 4.5397E-1 4.44174E-1 4.5376E-1 4.62112E-1 4.59957E-1 4.4429E-1 4.5315E-1 4.59947E-1 4.53901E-1 4.56908E-1 4.74348E-1 4.93428E-1 5.17353E-1 5.37658E-1 5.66366E-1 5.77388E-1 5.94377E-1 5.97023E-1 5.81958E-1 5.57267E-1 5.14275E-1 4.9642E-1 5.04505E-1 5.05812E-1 5.26268E-1 5.3979E-1 5.56845E-1 5.80505E-1 5.84769E-1 6.06553E-1 6.4608E-1
3.17542E-1 3.29189E-1 3.41695E-1 3.3051E-1 3.12553E-1 3.23909E-1 3.24104E-1 3.30046E-1 3.37955E-1 3.31555E-1 3.29167E-1 3.24887E-1 3.25397E-1 3.37964E-1 3.43194E-1 3.71955E-1 3.87742E-1 4.07324E-1 4.21964E-1 4.32052E-1 4.3637E-1 4.34465E-1 4.31633E-1 4.29197E-1 4.43099E-1 4.52774E-1 4.55574E-1 4.65382E-1 4.58528E-1 4.63482E-1 4.70077E-1 4.69074E-1 4.82368E-1 4.80788E-1 4.76456E-1 4.61939E-1 4.53433E-1 4.61544E-1 4.50003E-1 4.68563E-1 4.90207E-1 5.09147E-1 5.19144E-1 5.24964E-1 5.396E-1 5.37874E-1 5.70682E-1 5.77746E-1 5.67544E-1 5.56904E-1 5.50229E-1 5.31448E-1 5.31967E-1 5.33713E-1 5.44605E-1 5.71068E-1 5.80222E-1 5.86069E-1 6.1274E-1 6.48574E-1 6.83111E-1
3.33513E-1 3.36252E-1 3.39444E-1 3.30103E-1 3.28227E-1 3.30045E-1 3.38778E-1 3.48311E-1 3.53358E-1 3.49708E-1 3.45764E-1 3.39761E-1 3.40853E-1 3.46466E-1 3.61957E-1 3.96627E-1 4.24215E-1 4.39459E-1 4.45543E-1 4.37627E-1 4.47703E-1 4.44721E-1 4.55716E-1 4.53438E-1 4.5395E-1 4.66191E-1 4.73264E-1 4.89143E-1 4.85777E-1 4.78859E-1 4.7307E-1 4.9237E-1 4.97051E-1 4.95562E-1 4.91417E-1 4.61146E-1 4.43798E-1 4.48712E-1 4.61755E-1 4.97351E-1 5.27786E-1 5.3497E-1 5.43197E-1 5.18628E-1 5.25542E-1 5.41462E-1 5.49786E-1 5.72008E-1 5.71071E-1 5.67278E-1 5.72636E-1 5.62268E-1 5.58859E-1 5.78942E-1 5.7796E-1 5.90774E-1 6.11614E-1 6.12563E-1 6.08041E-1 6.51422E-1 6.83032E-1
3.40471E-1 3.44255E-1 3.48983E-1 3.39558E-1 3.45463E-1 3.47171E-1 3.46384E-1 3.56099E-1 3.59253E-1 3.48277E-1 3.57597E-1 3.53364E-1 3.55119E-1 3.61384E-1 3.8265E-1 4.19386E-1 4.50338E-1 4.62656E-1 4.60109E-1 4.5928E-1 4.58213E-1 4.5145E-1 4.5887E-1 4.67724E-1 4.65561E-1 4.78337E-1 4.82224E-1 5.00528E-1 5.14854E-1 4.81718E-1 4.82397E-1 4.88885E-1 4.87979E-1 4.96816E-1 4.93958E-1 4.7901E-1 4.50678E-1 4.48726E-1 4.63037E-1 5.13904E-1 5.42515E-1 5.6285E-1 5.69712E-1 5.55041E-1 5.307E-1 5.46598E-1 5.56636E-1 5.78783E-1 5.81474E-1 5.7155E-1 5.7992E-1 5.89479E-1 5.98642E-1 6.10134E-1 6.17621E-1 6.33735E-1 6.40627E-1 6.38725E-1 6.35691E-1 6.54753E-1 6.98909E-1
