maxent_outputs/red_flowers_troch_bombus_environ/red_122.asc
ncols         426
nrows         180
xllcorner     -130.0
yllcorner     24.0
cellsize      0.16666666666666666
NODATA_value  -9999
[rows 54 to 80 of 180, columns 305 to 365 of 426]
3.91104E-1 3.77755E-1 3.82464E-1 3.70036E-1 3.71052E-1 3.66773E-1 3.62831E-1 3.56597E-1 3.53394E-1 3.53781E-1 3.44847E-1 3.50973E-1 3.5015E-1 3.49047E-1 3.52582E-1 3.51916E-1 3.45624E-1 3.40953E-1 3.55768E-1 3.64529E-1 3.72362E-1 3.78309E-1 3.61975E-1 3.82197E-1 4.10737E-1 4.09414E-1 3.95143E-1 3.87899E-1 3.7867E-1 3.73037E-1 3.59582E-1 3.60737E-1 3.67533E-1 3.4064E-1 3.29342E-1 3.65559E-1 3.64506E-1 3.76373E-1 3.90352E-1 4.32011E-1 4.13643E-1 3.79076E-1 3.65899E-1 3.66728E-1 3.54999E-1 3.36724E-1 3.27944E-1 3.55156E-1 3.31196E-1 3.35393E-1 3.50271E-1 3.81817E-1 3.98057E-1 4.07145E-1 4.16196E-1 4.12058E-1 4.00413E-1 4.00862E-1 3.97148E-1 3.94233E-1 4.01058E-1
3.9264E-1 3.87549E-1 3.9944E-1 3.93047E-1 3.88793E-1 3.78166E-1 3.7364E-1 3.67321E-1 3.66741E-1 3.62405E-1 3.55406E-1 3.52353E-1 3.55867E-1 3.57058E-1 3.59911E-1 3.68118E-1 3.72707E-1 3.95629E-1 3.73907E-1 3.65649E-1 3.71173E-1 3.74667E-1 3.79688E-1 3.66351E-1 3.66612E-1 3.66866E-1 3.62483E-1 3.58952E-1 3.50209E-1 3.45302E-1 3.54837E-1 3.64754E-1 3.65589E-1 3.36718E-1 3.43024E-1 3.73498E-1 3.53539E-1 3.6692E-1 3.97475E-1 4.13259E-1 3.94072E-1 3.61621E-1 3.64539E-1 3.5007E-1 3.41319E-1 3.32547E-1 3.61129E-1 3.39542E-1 3.28976E-1 3.44959E-1 3.86212E-1 4.02836E-1 4.14392E-1 4.36219E-1 4.46278E-1 4.30278E-1 4.17096E-1 4.09621E-1 4.0789E-1 4.08045E-1 4.30519E-1
4.08671E-1 4.09932E-1 4.11107E-1 3.98452E-1 4.0349E-1 3.8929E-1 3.91506E-1 3.9084E-1 3.93609E-1 3.7791E-1 3.71082E-1 3.73677E-1 3.75196E-1 3.73493E-1 3.80141E-1 3.96336E-1 4.05567E-1 3.93435E-1 4.01991E-1 3.90721E-1 3.93995E-1 3.82387E-1 3.60037E-1 3.53517E-1 3.55663E-1 3.66324E-1 3.50691E-1 3.55438E-1 3.47909E-1 3.4803E-1 3.54644E-1 3.53525E-1 3.4861E-1 3.46313E-1 3.92309E-1 3.92028E-1 3.58053E-1 3.69935E-1 3.97881E-1 3.67009E-1 3.64019E-1 3.5976E-1 3.50691E-1 3.32713E-1 3.51665E-1 3.28858E-1 3.67134E-1 3.47694E-1 3.62326E-1 4.12002E-1 4.04138E-1 4.03553E-1 4.16941E-1 4.48727E-1 4.62937E-1 4.7103E-1 4.4172E-1 4.24351E-1 4.33201E-1 4.38311E-1 4.52937E-1
4.13811E-1 4.02006E-1 4.05662E-1 4.04031E-1 4.06273E-1 3.82989E-1 3.769E-1 3.87522E-1 3.95017E-1 3.86828E-1 3.83458E-1 3.92186E-1 3.93799E-1 3.83577E-1 3.91747E-1 4.11564E-1 4.10584E-1 3.98133E-1 4.00355E-1 4.16313E-1 4.16144E-1 3.82609E-1 3.66133E-1 3.65599E-1 3.6783E-1 3.70569E-1 3.66311E-1 3.51486E-1 3.51377E-1 3.49922E-1 3.48831E-1 3.68384E-1 3.58437E-1 3.65966E-1 3.94747E-1 4.16441E-1 3.6405E-1 3.7869E-1 3.76762E-1 3.84219E-1 3.69338E-1 3.59758E-1 3.41285E-1 3.37101E-1 3.40506E-1 3.30267E-1 3.92458E-1 4.04119E-1 4.2177E-1 4.17996E-1 4.04153E-1 4.15813E-1 4.31737E-1 4.58231E-1 4.73128E-1 4.77407E-1 4.67584E-1 4.63468E-1 4.62471E-1 4.72644E-1 4.73613E-1
4.1491E-1 4.18803E-1 4.15483E-1 3.98428E-1 3.99236E-1 4.00679E-1 4.06181E-1 3.97124E-1 4.13322E-1 4.06087E-1 4.08826E-1 4.04758E-1 3.9905E-1 4.00013E-1 4.22255E-1 4.52376E-1 4.52147E-1 4.66482E-1 4.62926E-1 4.07808E-1 3.89735E-1 3.75904E-1 3.84101E-1 3.83411E-1 3.86637E-1 3.85045E-1 3.81443E-1 3.80686E-1 3.74932E-1 3.78819E-1 3.74281E-1 3.77444E-1 3.90332E-1 3.76223E-1 3.73918E-1 3.76602E-1 3.74243E-1 4.04057E-1 3.84895E-1 3.62555E-1 3.62247E-1 3.70953E-1 3.47876E-1 3.47304E-1 3.52206E-1 4.09432E-1 4.55595E-1 4.86902E-1 4.58087E-1 4.31715E-1 4.27292E-1 4.28362E-1 4.47889E-1 4.7064E-1 4.89838E-1 5.05051E-1 4.95295E-1 4.92726E-1 4.8852E-1 4.90389E-1 5.08902E-1
4.26196E-1 4.33893E-1 4.18301E-1 4.1662E-1 4.14973E-1 4.33809E-1 4.26589E-1 4.27488E-1 4.46355E-1 4.47282E-1 4.39674E-1 4.53012E-1 4.43279E-1 4.76624E-1 5.28952E-1 5.85006E-1 5.24881E-1 4.70005E-1 4.28191E-1 4.05883E-1 3.94831E-1 4.03293E-1 4.13382E-1 4.04807E-1 4.06018E-1 4.06689E-1 4.09663E-1 4.04092E-1 3.94387E-1 3.8929E-1 3.86357E-1 4.02677E-1 3.98208E-1 3.84077E-1 3.77264E-1 3.56698E-1 3.80585E-1 4.11926E-1 4.0798E-1 3.75147E-1 3.84001E-1 3.71119E-1 3.53265E-1 3.79567E-1 4.24275E-1 4.67025E-1 4.83394E-1 4.67422E-1 4.48951E-1 4.29044E-1 4.39285E-1 4.49341E-1 4.69331E-1 4.94842E-1 4.98097E-1 5.06061E-1 5.15423E-1 5.24706E-1 5.24049E-1 5.28326E-1 5.4099E-1
4.56013E-1 4.59884E-1 4.67043E-1 4.92111E-1 5.11697E-1 5.4396E-1 5.65413E-1 5.77743E-1 5.9162E-1 5.82631E-1 5.35588E-1 5.03892E-1 4.77802E-1 5.52108E-1 6.1879E-1 6.12522E-1 5.87667E-1 5.23176E-1 4.73195E-1 4.53736E-1 4.42412E-1 4.26128E-1 4.15109E-1 4.23914E-1 4.28147E-1 4.28035E-1 4.31631E-1 4.34118E-1 4.25347E-1 4.01019E-1 3.83816E-1 3.86099E-1 3.86975E-1 3.89854E-1 3.74892E-1 3.60672E-1 3.9029E-1 4.30479E-1 4.23219E-1 3.93382E-1 4.00533E-1 4.00054E-1 3.91991E-1 4.07531E-1 4.33387E-1 4.55329E-1 4.78802E-1 4.71906E-1 4.54468E-1 4.44663E-1 4.45426E-1 5.01261E-1 4.81335E-1 4.87824E-1 5.0253E-1 5.30207E-1 5.68662E-1 5.88973E-1 5.80334E-1 6.03468E-1 6.61455E-1
5.66561E-1 6.0057E-1 6.05124E-1 6.16368E-1 6.24173E-1 6.26195E-1 6.26232E-1 6.2877E-1 6.32167E-1 6.26117E-1 6.2655E-1 6.17077E-1 6.19496E-1 6.42094E-1 6.49402E-1 6.55854E-1 6.51171E-1 5.60382E-1 4.73935E-1 4.60504E-1 4.57051E-1 4.51466E-1 4.49065E-1 4.58743E-1 4.5982E-1 4.53431E-1 4.63643E-1 4.63672E-1 4.58919E-1 4.24469E-1 4.18184E-1 4.07195E-1 4.06979E-1 4.10764E-1 3.99229E-1 3.78588E-1 3.88286E-1 4.31153E-1 4.41864E-1 4.34462E-1 4.30907E-1 4.16532E-1 4.21784E-1 4.33837E-1 4.35049E-1 4.39899E-1 4.4731E-1 4.61524E-1 4.43965E-1 4.4091E-1 4.4068E-1 4.70184E-1 4.76216E-1 5.12072E-1 5.79823E-1 6.0631E-1 6.00347E-1 6.37853E-1 -9999 7.38841E-1 -9999
6.35779E-1 6.2996E-1 6.29443E-1 6.26047E-1 6.24935E-1 6.22817E-1 6.22628E-1 6.24147E-1 6.32181E-1 6.4134E-1 6.42055E-1 6.39596E-1 6.3825E-1 6.47739E-1 6.60746E-1 6.65245E-1 6.30056E-1 5.73996E-1 4.90393E-1 4.78826E-1 4.81541E-1 4.6804E-1 4.6829E-1 4.80524E-1 4.95557E-1 4.88707E-1 4.83214E-1 4.83744E-1 4.83345E-1 4.58928E-1 4.44937E-1 4.41151E-1 4.25924E-1 4.38475E-1 4.05394E-1 3.82243E-1 3.89795E-1 4.05759E-1 4.69778E-1 4.64906E-1 4.44693E-1 4.37971E-1 4.38011E-1 4.49938E-1 4.38205E-1 4.40085E-1 4.56753E-1 4.71887E-1 4.47198E-1 4.42396E-1 4.53706E-1 4.66673E-1 5.02404E-1 5.53828E-1 -9999 -9999 -9999 -9999 -9999 -9999 -9999
6.45823E-1 6.38815E-1 6.1658E-1 5.81928E-1 5.74254E-1 5.62856E-1 5.56238E-1 5.6091E-1 5.87338E-1 6.27211E-1 6.39015E-1 6.33283E-1 6.33547E-1 6.37305E-1 6.11852E-1 5.45572E-1 5.35956E-1 5.19212E-1 5.14347E-1 5.14549E-1 5.13819E-1 4.99212E-1 4.93979E-1 4.92324E-1 4.98044E-1 5.00346E-1 4.97346E-1 5.02E-1 4.96395E-1 4.9851E-1 4.86928E-1 4.6814E-1 4.53466E-1 4.28468E-1 4.0121E-1 3.92479E-1 4.2047E-1 4.59124E-1 4.82815E-1 4.74715E-1 4.60967E-1 4.58905E-1 4.60512E-1 4.54257E-1 4.53245E-1 4.43794E-1 4.37118E-1 4.43281E-1 4.60173E-1 4.60723E-1 4.72881E-1 4.98767E-1 5.42195E-1 -9999 -9999 -9999 -9999 -9999 -9999 -9999 -9999
5.62047E-1 5.56536E-1 5.36886E-1 5.18683E-1 5.03207E-1 4.8617E-1 4.79236E-1 4.74011E-1 4.93644E-1 5.30553E-1 5.32043E-1 5.12345E-1 5.05576E-1 5.21435E-1 5.2656E-1 5.33658E-1 5.35841E-1 5.28412E-1 5.41875E-1 5.57671E-1 5.42188E-1 5.09233E-1 4.92846E-1 4.80588E-1 4.79406E-1 4.93661E-1 5.13443E-1 5.10474E-1 5.1994E-1 5.25266E-1 5.08815E-1 4.87492E-1 4.65171E-1 4.20871E-1 4.08018E-1 4.29606E-1 4.77724E-1 5.1252E-1 5.05476E-1 4.91867E-1 4.79304E-1 4.81712E-1 4.77396E-1 4.72297E-1 4.69576E-1 4.53473E-1 4.50122E-1 4.64857E-1 4.82502E-1 4.74265E-1 5.04045E-1 5.4222E-1 -9999 -9999 -9999 -9999 -9999 -9999 -9999 -9999 -9999
5.58138E-1 5.57528E-1 5.39068E-1 5.10457E-1 5.0013E-1 4.75346E-1 4.56363E-1 4.63941E-1 4.82213E-1 4.93813E-1 4.99417E-1 4.99609E-1 5.05148E-1 5.14527E-1 5.27122E-1 5.1481E-1 5.14339E-1 5.1322E-1 5.08893E-1 5.17569E-1 5.01334E-1 4.86649E-1 4.92362E-1 4.8807E-1 4.87786E-1 4.72515E-1 4.88449E-1 5.28858E-1 5.31419E-1 5.23246E-1 5.07878E-1 4.97313E-1 4.74459E-1 4.32726E-1 4.14615E-1 4.61136E-1 5.1055E-1 5.50137E-1 5.23856E-1 5.11938E-1 4.87023E-1 4.93222E-1 4.9171E-1 4.81776E-1 4.85824E-1 4.71634E-1 4.67779E-1 4.94254E-1 5.05554E-1 5.23544E-1 5.57459E-1 5.65517E-1 -9999 -9999 -9999 -9999 -9999 -9999 -9999 -9999 -9999
5.59411E-1 5.81629E-1 5.55403E-1 5.10597E-1 4.93531E-1 4.82094E-1 4.62841E-1 4.60449E-1 4.64522E-1 4.68394E-1 4.76093E-1 4.82999E-1 4.89423E-1 5.16437E-1 5.18891E-1 4.86401E-1 4.88922E-1 5.06988E-1 5.04685E-1 4.99073E-1 4.99479E-1 4.88252E-1 4.92295E-1 4.89418E-1 4.89628E-1 4.92515E-1 4.84079E-1 4.80818E-1 4.89214E-1 4.92832E-1 4.94872E-1 4.9541E-1 4.76691E-1 4.48E-1 4.38096E-1 4.63374E-1 5.42152E-1 5.5238E-1 5.39353E-1 5.12002E-1 5.07507E-1 5.02024E-1 5.05907E-1 4.93159E-1 5.03001E-1 4.85686E-1 4.7314E-1 5.14919E-1 5.35816E-1 5.62984E-1 5.76483E-1 7.40405E-1 -9999 -9999 -9999 -9999 -9999 -9999 -9999 -9999 -9999
6.25084E-1 5.73323E-1 5.33284E-1 5.08718E-1 4.7752E-1 4.75748E-1 4.54424E-1 4.45651E-1 4.50814E-1 4.6788E-1 4.84489E-1 4.75004E-1 4.64405E-1 5.09264E-1 5.22699E-1 4.8364E-1 4.93844E-1 5.08976E-1 5.07549E-1 5.01661E-1 4.95463E-1 4.80441E-1 4.91564E-1 4.77659E-1 4.76069E-1 4.92838E-1 4.94071E-1 4.89727E-1 4.8806E-1 4.9269E-1 4.92699E-1 4.89554E-1 4.79673E-1 4.72388E-1 4.99184E-1 5.1329E-1 5.43184E-1 5.45408E-1 5.38003E-1 5.302E-1 5.17674E-1 5.10966E-1 5.00741E-1 5.07003E-1 5.29076E-1 5.16068E-1 5.26736E-1 5.61971E-1 5.9417E-1 6.02013E-1 6.20824E-1 6.62863E-1 -9999 -9999 -9999 -9999 -9999 -9999 -9999 -9999 -9999
5.35059E-1 5.08214E-1 4.97062E-1 4.88156E-1 4.57095E-1 4.44921E-1 4.29158E-1 4.36866E-1 4.31299E-1 4.22773E-1 4.33471E-1 4.3876E-1 4.5842E-1 4.705E-1 4.83597E-1 5.06587E-1 4.92484E-1 4.90338E-1 5.02859E-1 5.00297E-1 5.04966E-1 4.9562E-1 4.919E-1 4.84747E-1 4.80888E-1 4.84749E-1 4.77143E-1 4.81985E-1 4.90245E-1 4.9149E-1 4.93564E-1 4.86653E-1 4.77664E-1 4.83683E-1 4.97806E-1 5.27754E-1 5.29925E-1 5.29006E-1 5.43759E-1 5.31234E-1 5.46564E-1 5.23183E-1 5.06985E-1 5.2354E-1 5.57406E-1 5.62732E-1 5.80504E-1 6.09252E-1 6.27669E-1 6.30607E-1 6.45086E-1 6.60637E-1 -9999 -9999 -9999 -9999 -9999 -9999 -9999 -9999 -9999
5.16158E-1 5.15287E-1 5.0113E-1 4.74406E-1 4.40109E-1 4.21504E-1 4.05905E-1 4.13326E-1 4.07231E-1 3.93846E-1 3.93127E-1 4.22504E-1 4.32866E-1 4.53298E-1 4.63756E-1 4.81764E-1 4.94735E-1 5.09121E-1 5.06553E-1 5.10477E-1 5.12207E-1 5.0434E-1 5.03049E-1 4.95942E-1 4.93239E-1 4.86081E-1 4.68513E-1 4.76355E-1 4.78179E-1 4.90264E-1 4.83508E-1 4.87919E-1 4.86532E-1 4.84601E-1 4.93648E-1 5.01705E-1 5.32816E-1 5.26098E-1 5.52474E-1 5.49633E-1 5.79877E-1 5.73519E-1 5.43325E-1 5.61295E-1 5.8856E-1 5.95739E-1 6.03857E-1 6.26221E-1 6.46758E-1 6.57987E-1 -9999 -9999 -9999 -9999 -9999 -9999 -9999 -9999 -9999 -9999 -9999
5.12019E-1 5.08287E-1 5.02718E-1 4.74159E-1 4.40907E-1 4.09368E-1 3.9431E-1 3.84253E-1 3.92192E-1 3.98392E-1 3.93172E-1 4.03862E-1 4.23748E-1 4.38866E-1 4.52538E-1 4.7362E-1 4.89698E-1 4.98926E-1 5.08979E-1 5.16392E-1 5.1619E-1 5.09667E-1 5.13431E-1 5.16754E-1 5.03629E-1 4.8944E-1 4.87297E-1 4.96463E-1 5.1651E-1 5.19932E-1 5.33676E-1 5.19237E-1 4.96536E-1 5.07843E-1 5.19984E-1 5.44684E-1 5.59151E-1 5.60821E-1 5.86239E-1 5.90938E-1 5.94247E-1 5.96631E-1 5.76599E-1 5.85577E-1 5.97285E-1 6.08481E-1 6.13055E-1 6.37142E-1 6.67068E-1 6.89823E-1 7.02978E-1 -9999 -9999 -9999 -9999 -9999 -9999 -9999 -9999 -9999 -9999
5.27176E-1 5.19309E-1 5.03965E-1 4.78166E-1 4.35427E-1 4.05047E-1 3.87854E-1 3.73295E-1 3.72805E-1 3.78375E-1 3.86253E-1 3.97237E-1 4.15075E-1 4.36686E-1 4.57522E-1 4.70411E-1 4.79137E-1 4.92118E-1 5.05013E-1 5.10192E-1 5.13706E-1 5.19225E-1 5.26515E-1 5.35286E-1 5.267E-1 5.16152E-1 5.15331E-1 5.48137E-1 5.5718E-1 5.64601E-1 5.57498E-1 5.33653E-1 5.19204E-1 5.15853E-1 5.5E-1 5.60268E-1 5.81456E-1 5.98758E-1 5.95222E-1 6.04299E-1 6.17965E-1 6.18941E-1 6.14813E-1 5.99336E-1 6.1193E-1 6.16877E-1 6.25184E-1 6.51685E-1 6.73012E-1 6.95841E-1 7.20517E-1 7.31486E-1 -9999 6.92753E-1 7.08987E-1 -9999 -9999 -9999 -9999 -9999 -9999
5.17594E-1 5.18954E-1 4.96997E-1 4.7224E-1 4.40684E-1 4.08769E-1 3.89489E-1 3.81528E-1 3.79598E-1 3.87853E-1 3.92877E-1 3.99191E-1 4.13683E-1 4.17177E-1 4.41532E-1 4.62305E-1 4.74392E-1 4.80322E-1 4.97342E-1 5.07108E-1 5.12025E-1 5.22288E-1 5.38434E-1 5.35323E-1 5.30595E-1 5.27635E-1 5.39826E-1 5.53705E-1 5.76498E-1 5.85921E-1 5.57627E-1 5.4791E-1 5.41758E-1 5.35327E-1 5.60204E-1 5.91168E-1 6.14924E-1 6.29605E-1 6.10319E-1 6.18194E-1 6.35476E-1 6.44058E-1 6.38954E-1 6.23741E-1 6.38154E-1 6.52382E-1 6.59108E-1 6.74674E-1 6.91751E-1 7.11404E-1 7.3237E-1 7.29572E-1 -9999 -9999 7.32382E-1 7.51258E-1 -9999 -9999 -9999 -9999 -9999
5.08662E-1 4.98121E-1 4.79599E-1 4.62459E-1 4.39563E-1 4.21036E-1 4.05179E-1 3.96267E-1 4.08836E-1 4.10249E-1 3.99802E-1 3.91684E-1 4.07356E-1 4.167E-1 4.393E-1 4.61543E-1 4.78964E-1 4.817E-1 4.84538E-1 4.85476E-1 4.99751E-1 5.19125E-1 5.333E-1 5.26233E-1 5.22525E-1 5.26976E-1 5.40678E-1 5.52742E-1 5.70961E-1 5.70941E-1 5.50852E-1 5.58951E-1 5.48297E-1 5.71603E-1 6.04016E-1 6.19279E-1 6.38422E-1 6.49653E-1 6.5107E-1 6.54979E-1 6.5959E-1 6.63691E-1 6.56548E-1 6.53072E-1 6.6391E-1 6.80077E-1 6.83348E-1 7.03765E-1 7.13566E-1 7.28768E-1 7.35265E-1 7.32758E-1 7.34306E-1 7.34097E-1 7.49937E-1 7.56758E-1 -9999 -9999 -9999 -9999 -9999
5.03277E-1 4.89428E-1 4.73971E-1 4.69554E-1 4.61643E-1 4.50669E-1 4.43464E-1 4.39783E-1 4.33732E-1 4.28246E-1 4.26614E-1 4.09639E-1 4.13425E-1 4.34896E-1 4.50751E-1 4.60533E-1 4.69107E-1 4.89071E-1 4.98506E-1 4.93598E-1 4.90393E-1 5.07323E-1 5.23733E-1 5.19225E-1 5.32695E-1 5.47791E-1 5.66697E-1 5.89427E-1 5.8644E-1 5.61457E-1 5.737E-1 5.8294E-1 5.82454E-1 6.09057E-1 6.22778E-1 6.34666E-1 6.55694E-1 6.74804E-1 6.82767E-1 6.83341E-1 6.79356E-1 6.82577E-1 6.85679E-1 6.85962E-1 6.90954E-1 6.93135E-1 7.05526E-1 7.32347E-1 7.35199E-1 7.43254E-1 7.57692E-1 7.52408E-1 7.3934E-1 7.31473E-1 7.41762E-1 7.71227E-1 -9999 -9999 -9999 -9999 -9999
5.01891E-1 4.92787E-1 4.87771E-1 4.76079E-1 4.79466E-1 4.7122E-1 4.69728E-1 4.65093E-1 4.60697E-1 4.57636E-1 4.58523E-1 4.54975E-1 4.64025E-1 4.74112E-1 4.80586E-1 4.77321E-1 4.78929E-1 4.8575E-1 5.07129E-1 5.03822E-1 5.04656E-1 5.22095E-1 5.24384E-1 5.44655E-1 5.46682E-1 5.66041E-1 5.85667E-1 5.91121E-1 5.97021E-1 6.00418E-1 6.26695E-1 6.38296E-1 6.34856E-1 6.39424E-1 6.49207E-1 6.64992E-1 6.87759E-1 7.02586E-1 7.01448E-1 7.08513E-1 7.12378E-1 7.13458E-1 7.16908E-1 7.05269E-1 7.00538E-1 7.03374E-1 7.18059E-1 7.38473E-1 7.49211E-1 7.73015E-1 7.6966E-1 7.58532E-1 7.70519E-1 7.93516E-1 7.53418E-1 -9999 -9999 -9999 -9999 -9999 -9999
5.14091E-1 4.98601E-1 4.9306E-1 4.96663E-1 4.94678E-1 4.85559E-1 4.88339E-1 4.86012E-1 4.81508E-1 4.90324E-1 4.94931E-1 5.00833E-1 5.05832E-1 5.12751E-1 4.99932E-1 4.88573E-1 4.93978E-1 4.99264E-1 5.12964E-1 5.19414E-1 5.34087E-1 5.45619E-1 5.58108E-1 5.6266E-1 5.61496E-1 5.78965E-1 5.95006E-1 6.03811E-1 6.26269E-1 6.50754E-1 6.60357E-1 6.63581E-1 6.52964E-1 6.68794E-1 6.82538E-1 6.98662E-1 7.13043E-1 7.16624E-1 7.16162E-1 7.13987E-1 7.22433E-1 7.29506E-1 7.31488E-1 7.37783E-1 7.10162E-1 7.37401E-1 -9999 -9999 -9999 -9999 7.74999E-1 -9999 -9999 7.51557E-1 7.29183E-1 7.31388E-1 -9999 -9999 -9999 -9999 -9999
5.24724E-1 5.18666E-1 5.06651E-1 5.14974E-1 5.0484E-1 4.91913E-1 4.91307E-1 4.89349E-1 5.08427E-1 5.11995E-1 5.15911E-1 5.1922E-1 5.34984E-1 5.34943E-1 5.11566E-1 5.10891E-1 5.12059E-1 5.30679E-1 5.37215E-1 5.41996E-1 5.60393E-1 5.71814E-1 5.82877E-1 5.85908E-1 5.97522E-1 6.05495E-1 6.04225E-1 6.46126E-1 6.81757E-1 6.87544E-1 6.83631E-1 6.93313E-1 6.85021E-1 6.95823E-1 7.05729E-1 7.1107E-1 7.48294E-1 -9999 -9999 7.47321E-1 7.59217E-1 7.65309E-1 7.65295E-1 7.6273E-1 -9999 7.3374E-1 -9999 -9999 -9999 -9999 -9999 -9999 -9999 -9999 -9999 -9999 -9999 -9999 -9999 -9999 -9999
5.50079E-1 5.4657E-1 5.43003E-1 5.32662E-1 5.21178E-1 5.03275E-1 5.10605E-1 5.20569E-1 5.14238E-1 5.19611E-1 5.27083E-1 5.48659E-1 5.53421E-1 5.43894E-1 5.46166E-1 5.39526E-1 5.38221E-1 5.60583E-1 5.68685E-1 5.77872E-1 5.90692E-1 5.89987E-1 5.86394E-1 6.11169E-1 6.26622E-1 6.28664E-1 6.43973E-1 6.78778E-1 7.03006E-1 7.11858E-1 7.1606E-1 7.21703E-1 7.06153E-1 7.11285E-1 7.32339E-1 7.30405E-1 7.38443E-1 7.30106E-1 7.36272E-1 7.36275E-1 7.66292E-1 7.57504E-1 7.55831E-1 -9999 -9999 -9999 -9999 -9999 -9999 -9999 -9999 -9999 -9999 -9999 -9999 -9999 -9999 -9999 -9999 -9999 -9999
5.61865E-1 5.62066E-1 5.59096E-1 5.51361E-1 5.34949E-1 5.40279E-1 5.29591E-1 5.24041E-1 5.3344E-1 5.37701E-1 5.59262E-1 5.72772E-1 5.74828E-1 5.67787E-1 5.64914E-1 5.65192E-1 5.71648E-1 5.84346E-1 6.0887E-1 6.14282E-1 5.96776E-1 5.86699E-1 5.97446E-1 6.1264E-1 6.43438E-1 6.51694E-1 6.52243E-1 6.68513E-1 6.88238E-1 7.16575E-1 7.36509E-1 7.49412E-1 7.14643E-1 6.88195E-1 7.0851E-1 7.21759E-1 7.2415E-1 7.30138E-1 7.37165E-1 7.3372E-1 -9999 -9999 -9999 -9999 -9999 -9999 -9999 -9999 -9999 -9999 -9999 -9999 -9999 -9999 -9999 -9999 -9999 -9999 -9999 -9999 -9999
5.65657E-1 5.68903E-1 5.56859E-1 5.56606E-1 5.65134E-1 5.56405E-1 5.48135E-1 5.4763E-1 5.50565E-1 5.57922E-1 5.67483E-1 5.85286E-1 5.89157E-1 5.94801E-1 5.90811E-1 5.96642E-1 6.01264E-1 6.17442E-1 6.21036E-1 6.16513E-1 6.04753E-1 6.08231E-1 6.28163E-1 6.41253E-1 6.53415E-1 6.62129E-1 6.49133E-1 6.65399E-1 6.84052E-1 7.12658E-1 7.39774E-1 7.46553E-1 7.15728E-1 6.9749E-1 7.11125E-1 7.44963E-1 7.69342E-1 -9999 -9999 -9999 -9999 -9999 -9999 -9999 -9999 -9999 -9999 -9999 -9999 -9999 -9999 -9999 -9999 -9999 -9999 -9999 -9999 -9999 -9999 -9999 -9999
