maxent_outputs/red_flowers_troch_bombus_environ/red_106.asc
ncols         426
nrows         180
xllcorner     -130.0
yllcorner     24.0
cellsize      0.16666666666666666
NODATA_value  -9999
[rows 108 to 134 of 180, columns 244 to 304 of 426]
6.64136E-1 6.68755E-1 6.58903E-1 6.62544E-1 6.63499E-1 6.63237E-1 6.59547E-1 6.5967E-1 6.74156E-1 6.51104E-1 6.54826E-1 6.60398E-1 6.63037E-1 6.59207E-1 6.50139E-1 6.5818E-1 6.64303E-1 6.74415E-1 6.85573E-1 7.02106E-1 6.98056E-1 6.8838E-1 6.95768E-1 6.98763E-1 6.93503E-1 6.96527E-1 6.90188E-1 6.8956E-1 6.97877E-1 6.78631E-1 6.71771E-1 6.82531E-1 6.80493E-1 6.47703E-1 6.5251E-1 6.65162E-1 6.41408E-1 6.25469E-1 6.22184E-1 6.18022E-1 6.23439E-1 6.36064E-1 6.49533E-1 6.59185E-1 6.9407E-1 7.27051E-1 7.22977E-1 7.22984E-1 7.13473E-1 7.00268E-1 6.97908E-1 6.95879E-1 7.05608E-1 7.12389E-1 7.18285E-1 7.2155E-1 7.16874E-1 7.20759E-1 7.1588E-1 7.22461E-1 7.37003E-1
6.75339E-1 6.80851E-1 6.87632E-1 6.87275E-1 6.77498E-1 6.65726E-1 6.78268E-1 6.70207E-1 6.67772E-1 6.61469E-1 6.62612E-1 6.64605E-1 6.68672E-1 6.71944E-1 6.609E-1 6.76545E-1 6.84411E-1 6.85643E-1 7.00127E-1 7.04066E-1 6.90967E-1 6.85495E-1 6.99544E-1 7.04993E-1 7.00248E-1 7.0147E-1 7.03353E-1 7.26042E-1 7.10687E-1 6.87075E-1 6.92422E-1 6.74014E-1 6.77962E-1 6.71799E-1 6.68641E-1 6.64663E-1 6.81594E-1 6.36799E-1 6.32509E-1 6.25071E-1 6.17216E-1 6.88257E-1 7.11741E-1 7.298E-1 7.40623E-1 7.4545E-1 7.48411E-1 7.43179E-1 7.3441E-1 7.16747E-1 7.20477E-1 7.08896E-1 7.15458E-1 7.33196E-1 7.48366E-1 7.33838E-1 7.35948E-1 7.3705E-1 7.22727E-1 7.38275E-1 7.47643E-1
6.94793E-1 6.95424E-1 7.09592E-1 7.03942E-1 6.83212E-1 6.80154E-1 6.91077E-1 6.91987E-1 6.9133E-1 6.7938E-1 6.8321E-1 6.81815E-1 6.79175E-1 6.80571E-1 6.79047E-1 6.81811E-1 6.87385E-1 6.98889E-1 7.13106E-1 7.11446E-1 6.97654E-1 7.0709E-1 7.15446E-1 7.02084E-1 7.03393E-1 7.08382E-1 7.07363E-1 7.14516E-1 6.9913E-1 6.95637E-1 7.10126E-1 7.01813E-1 7.03411E-1 6.99271E-1 7.13754E-1 7.45037E-1 7.15948E-1 6.84326E-1 6.35679E-1 6.68903E-1 6.92926E-1 7.14465E-1 7.41229E-1 7.54869E-1 7.57774E-1 7.68749E-1 7.60926E-1 7.43932E-1 7.348E-1 7.31007E-1 7.43E-1 7.27514E-1 7.38182E-1 7.47308E-1 7.59975E-1 7.45142E-1 7.50552E-1 7.39111E-1 7.32351E-1 7.40756E-1 7.50611E-1
7.14353E-1 7.16853E-1 7.1562E-1 7.10421E-1 6.97327E-1 6.98498E-1 7.06761E-1 7.13614E-1 7.12441E-1 6.99835E-1 6.97686E-1 6.972E-1 6.99436E-1 6.94263E-1 6.9026E-1 6.91967E-1 6.97135E-1 7.03296E-1 7.15862E-1 7.20931E-1 7.24154E-1 7.29821E-1 7.17548E-1 7.19479E-1 7.18268E-1 7.1502E-1 7.20239E-1 7.16894E-1 7.11142E-1 7.10222E-1 7.04442E-1 7.08746E-1 7.07809E-1 7.07479E-1 7.12948E-1 7.15475E-1 7.07916E-1 7.51919E-1 7.51669E-1 7.58967E-1 7.39655E-1 7.47482E-1 7.71593E-1 7.61568E-1 7.60987E-1 7.59673E-1 7.51991E-1 7.52651E-1 7.46134E-1 7.38812E-1 7.50682E-1 7.52924E-1 7.53721E-1 7.4912E-1 7.54007E-1 7.65061E-1 7.57128E-1 7.41711E-1 7.46165E-1 7.49916E-1 7.58616E-1
7.24053E-1 7.17383E-1 7.21277E-1 7.08361E-1 7.09955E-1 7.17069E-1 7.26678E-1 7.14251E-1 7.0995E-1 7.15005E-1 7.06843E-1 7.04613E-1 7.03788E-1 6.99095E-1 6.99342E-1 6.96392E-1 7.00225E-1 7.07287E-1 7.24396E-1 7.25508E-1 7.35011E-1 7.42155E-1 7.30282E-1 7.27419E-1 7.23202E-1 7.3221E-1 7.23858E-1 7.23651E-1 7.28159E-1 7.15839E-1 6.96629E-1 7.15994E-1 7.25643E-1 7.35094E-1 7.55682E-1 7.48682E-1 7.7165E-1 7.86449E-1 8.22221E-1 8.1866E-1 8.14737E-1 8.05921E-1 8.02286E-1 7.7294E-1 7.66527E-1 7.6521E-1 7.61318E-1 7.61871E-1 7.59474E-1 7.64579E-1 7.70858E-1 7.78058E-1 7.62887E-1 7.58472E-1 7.55976E-1 7.56162E-1 7.53819E-1 7.51599E-1 7.47807E-1 7.57605E-1 7.60381E-1
7.24643E-1 7.1963E-1 7.25736E-1 7.16508E-1 7.28217E-1 7.25404E-1 7.40624E-1 7.22824E-1 7.2378E-1 7.19768E-1 7.13501E-1 7.09168E-1 7.06717E-1 7.16374E-1 7.07826E-1 7.01887E-1 7.01445E-1 7.08776E-1 7.20436E-1 7.38379E-1 7.43479E-1 7.45886E-1 7.33819E-1 7.4334E-1 7.51242E-1 7.42041E-1 7.29849E-1 7.31069E-1 7.41658E-1 7.15624E-1 7.09992E-1 7.15671E-1 7.25024E-1 7.57496E-1 7.92526E-1 7.96184E-1 8.34811E-1 8.45467E-1 8.63037E-1 8.68337E-1 8.37868E-1 8.21663E-1 7.97198E-1 7.83349E-1 7.77297E-1 7.69531E-1 7.72401E-1 7.63648E-1 7.67052E-1 7.75379E-1 7.8169E-1 7.78317E-1 7.7531E-1 7.69191E-1 7.57236E-1 7.53349E-1 7.5188E-1 7.42887E-1 7.42706E-1 7.53575E-1 7.61833E-1
7.38518E-1 7.22684E-1 7.34776E-1 7.32584E-1 7.43616E-1 7.40452E-1 7.45799E-1 7.42087E-1 7.35836E-1 7.20178E-1 7.34877E-1 7.23037E-1 7.23546E-1 7.23728E-1 7.228E-1 7.12688E-1 7.1248E-1 7.23212E-1 7.39607E-1 7.48023E-1 7.49186E-1 7.41549E-1 7.44501E-1 7.42846E-1 7.36401E-1 7.37594E-1 7.3719E-1 7.46584E-1 7.43928E-1 7.25604E-1 7.2322E-1 7.30727E-1 7.40243E-1 7.85152E-1 8.04052E-1 8.27511E-1 8.42091E-1 8.45259E-1 8.40388E-1 8.4067E-1 8.28264E-1 8.23979E-1 8.02361E-1 7.89426E-1 7.88836E-1 7.76779E-1 7.72439E-1 7.73007E-1 7.73185E-1 7.82032E-1 7.84987E-1 7.81883E-1 7.84573E-1 7.84551E-1 7.68411E-1 7.58994E-1 7.55386E-1 7.47374E-1 7.45861E-1 7.52983E-1 7.61335E-1
7.4712E-1 7.42113E-1 7.47086E-1 7.47399E-1 7.54871E-1 7.45565E-1 7.46566E-1 7.43418E-1 7.4248E-1 7.5265E-1 7.41588E-1 7.42666E-1 7.5599E-1 7.49712E-1 7.34318E-1 7.38518E-1 7.52599E-1 7.40149E-1 7.44845E-1 7.46145E-1 7.48954E-1 7.36382E-1 7.31987E-1 7.38949E-1 7.37771E-1 7.45565E-1 7.52328E-1 7.55826E-1 7.57947E-1 7.57671E-1 7.37838E-1 7.45365E-1 7.61416E-1 7.9688E-1 8.1281E-1 8.38643E-1 8.3905E-1 8.35165E-1 8.35916E-1 8.26546E-1 8.20771E-1 8.14593E-1 7.99562E-1 7.83979E-1 7.80029E-1 7.78342E-1 7.73986E-1 7.77663E-1 7.82929E-1 7.83578E-1 7.87521E-1 7.95798E-1 7.90897E-1 7.91202E-1 7.84648E-1 7.75301E-1 7.69711E-1 7.63631E-1 7.62072E-1 7.6302E-1 7.68777E-1
7.59947E-1 7.54704E-1 7.48442E-1 7.50854E-1 7.60195E-1 7.60068E-1 7.60657E-1 7.46126E-1 7.4224E-1 7.43967E-1 7.4697E-1 7.51797E-1 7.55813E-1 7.59149E-1 7.61625E-1 7.45335E-1 7.46718E-1 7.41494E-1 7.41191E-1 7.5268E-1 7.32692E-1 7.26616E-1 7.33884E-1 7.33745E-1 7.35127E-1 7.41277E-1 7.3815E-1 7.49025E-1 7.71518E-1 7.69166E-1 7.56448E-1 7.71897E-1 7.87324E-1 8.05894E-1 8.17586E-1 8.2963E-1 8.31316E-1 8.31329E-1 8.21496E-1 8.18439E-1 8.06806E-1 8.03295E-1 7.93592E-1 7.86928E-1 7.82278E-1 7.79504E-1 7.78758E-1 7.80703E-1 7.81933E-1 7.86164E-1 7.8853E-1 7.87915E-1 7.96166E-1 7.9608E-1 7.92073E-1 7.89737E-1 7.87189E-1 7.83031E-1 7.78314E-1 7.81079E-1 7.82099E-1
7.58867E-1 7.67816E-1 7.67286E-1 7.63435E-1 7.71745E-1 7.69033E-1 7.60453E-1 7.57535E-1 7.47253E-1 7.55112E-1 7.58808E-1 7.59374E-1 7.57829E-1 7.53644E-1 7.52447E-1 7.48924E-1 7.43331E-1 7.38407E-1 7.53202E-1 7.30435E-1 7.20964E-1 7.33827E-1 7.326E-1 7.26085E-1 7.36572E-1 7.34701E-1 7.34974E-1 7.40988E-1 7.6899E-1 7.74852E-1 7.77322E-1 7.83386E-1 7.96227E-1 8.06479E-1 8.14118E-1 8.13074E-1 8.13491E-1 8.17876E-1 8.22504E-1 8.13826E-1 8.03653E-1 7.93395E-1 7.89064E-1 7.87738E-1 7.88116E-1 7.8872E-1 7.91999E-1 7.92977E-1 7.90803E-1 7.93648E-1 7.9822E-1 7.96414E-1 7.99648E-1 8.00622E-1 7.96155E-1 7.95751E-1 8.03033E-1 8.00796E-1 7.91418E-1 7.95344E-1 7.95024E-1
7.5991E-1 7.74053E-1 7.77384E-1 7.76484E-1 7.84034E-1 7.75302E-1 7.63507E-1 7.63144E-1 7.5953E-1 7.64672E-1 7.72395E-1 7.72166E-1 7.69256E-1 7.67679E-1 7.64609E-1 7.58593E-1 7.44388E-1 7.36661E-1 7.32483E-1 7.23428E-1 7.29648E-1 7.46978E-1 7.59812E-1 7.45332E-1 7.41757E-1 7.40705E-1 7.38017E-1 7.48449E-1 7.72441E-1 7.78795E-1 7.83093E-1 8.01346E-1 8.15395E-1 8.03934E-1 8.03654E-1 8.07366E-1 7.99605E-1 7.93335E-1 7.97527E-1 8.06857E-1 8.00453E-1 7.94102E-1 7.90642E-1 7.93534E-1 7.96577E-1 7.99638E-1 8.02804E-1 8.02601E-1 8.06675E-1 8.05699E-1 8.03016E-1 8.03664E-1 8.03896E-1 8.01588E-1 8.01341E-1 8.07268E-1 8.10915E-1 8.04915E-1 7.99551E-1 8.07042E-1 8.0885E-1
7.68666E-1 7.79193E-1 7.76172E-1 7.72254E-1 7.78007E-1 7.77324E-1 7.68404E-1 7.67292E-1 7.61429E-1 7.70407E-1 7.74341E-1 7.7343E-1 7.71105E-1 7.75079E-1 7.65816E-1 7.60653E-1 7.55796E-1 7.40077E-1 7.31646E-1 7.40555E-1 7.47612E-1 7.5482E-1 7.58461E-1 7.51137E-1 7.51073E-1 7.50325E-1 7.52848E-1 7.66561E-1 7.92755E-1 7.99448E-1 8.09065E-1 8.04751E-1 8.03018E-1 7.95812E-1 7.94066E-1 7.96785E-1 7.96222E-1 7.91944E-1 7.93783E-1 7.96488E-1 7.99065E-1 7.96903E-1 7.94974E-1 7.93329E-1 7.95479E-1 8.03336E-1 8.12224E-1 8.28199E-1 8.26467E-1 8.13973E-1 8.12125E-1 8.08834E-1 8.07817E-1 8.06638E-1 8.08734E-1 8.03109E-1 8.02125E-1 7.92727E-1 8.03629E-1 8.1731E-1 8.18401E-1
7.71864E-1 7.80669E-1 7.7744E-1 7.74558E-1 7.79226E-1 7.78052E-1 7.71199E-1 7.68066E-1 7.6405E-1 7.72192E-1 7.73683E-1 7.77678E-1 7.72522E-1 7.66403E-1 7.62546E-1 7.62084E-1 7.62954E-1 7.5824E-1 7.4611E-1 7.54241E-1 7.55797E-1 7.55621E-1 7.62822E-1 7.58295E-1 7.5751E-1 7.61398E-1 7.67552E-1 7.72488E-1 7.94207E-1 8.2116E-1 8.2717E-1 8.21754E-1 8.03629E-1 7.88336E-1 7.88268E-1 7.99905E-1 7.90293E-1 7.88794E-1 7.90247E-1 7.95796E-1 8.0476E-1 8.08191E-1 7.97064E-1 7.95299E-1 7.98038E-1 8.05523E-1 8.14918E-1 8.13934E-1 8.17171E-1 8.17438E-1 8.17483E-1 8.15457E-1 8.13585E-1 8.16507E-1 8.10945E-1 8.08904E-1 8.15357E-1 8.14203E-1 8.17697E-1 8.31526E-1 8.34568E-1
7.80329E-1 7.78582E-1 7.81045E-1 7.85827E-1 7.85269E-1 7.92281E-1 7.83509E-1 7.77779E-1 7.68035E-1 7.72871E-1 7.72468E-1 7.75058E-1 7.75146E-1 7.65491E-1 7.66677E-1 7.68126E-1 7.66042E-1 7.66979E-1 7.61248E-1 7.58877E-1 7.58776E-1 7.66343E-1 7.65299E-1 7.58691E-1 7.65336E-1 7.72299E-1 7.74494E-1 7.76253E-1 7.94909E-1 8.28369E-1 8.29317E-1 8.14361E-1 7.98332E-1 7.92234E-1 7.86945E-1 7.86069E-1 7.87307E-1 7.90131E-1 7.95664E-1 7.99445E-1 8.00392E-1 8.07035E-1 8.2233E-1 7.98108E-1 8.00212E-1 8.11782E-1 8.17035E-1 8.20884E-1 8.25479E-1 8.28516E-1 8.27645E-1 8.26934E-1 8.23299E-1 8.17854E-1 8.16605E-1 8.18604E-1 8.29031E-1 8.36007E-1 8.40663E-1 8.42911E-1 8.51209E-1
7.80465E-1 7.8327E-1 7.89455E-1 7.98833E-1 8.05569E-1 8.21676E-1 7.93036E-1 7.81921E-1 7.7623E-1 7.75582E-1 7.85508E-1 7.80214E-1 7.81079E-1 7.71246E-1 7.88533E-1 8.11994E-1 7.80546E-1 7.7652E-1 7.83254E-1 7.73907E-1 7.66926E-1 7.69504E-1 7.69959E-1 7.73651E-1 7.74286E-1 7.81148E-1 7.77812E-1 7.73638E-1 7.82359E-1 8.10787E-1 8.04484E-1 7.96792E-1 8.01283E-1 7.92333E-1 7.87908E-1 7.88307E-1 7.96051E-1 7.92276E-1 7.97502E-1 8.0269E-1 8.07842E-1 8.08602E-1 8.06481E-1 8.14493E-1 8.11312E-1 8.22117E-1 8.24412E-1 8.28513E-1 8.34828E-1 8.36781E-1 8.36935E-1 8.31743E-1 8.29229E-1 8.44936E-1 8.38046E-1 8.3144E-1 8.36434E-1 8.42631E-1 8.50257E-1 8.5683E-1 8.62961E-1
7.86482E-1 7.8487E-1 7.99603E-1 8.09971E-1 8.07273E-1 8.17898E-1 7.93762E-1 7.87014E-1 7.89082E-1 7.86674E-1 8.05286E-1 7.92413E-1 7.84514E-1 7.87415E-1 8.10807E-1 8.21127E-1 7.9126E-1 7.88586E-1 7.89811E-1 7.84124E-1 7.77813E-1 7.74983E-1 7.83464E-1 7.79815E-1 7.82635E-1 7.84543E-1 7.83298E-1 7.8367E-1 7.84782E-1 7.90894E-1 7.94535E-1 7.97017E-1 7.99238E-1 7.93854E-1 7.89117E-1 7.9284E-1 8.05698E-1 7.95794E-1 7.97245E-1 8.03858E-1 8.09624E-1 8.12001E-1 8.13422E-1 8.29738E-1 8.24308E-1 8.23008E-1 8.25686E-1 8.28365E-1 8.33882E-1 8.38532E-1 8.35741E-1 8.31783E-1 8.26216E-1 8.37851E-1 8.77551E-1 8.68577E-1 8.50036E-1 8.53632E-1 8.59444E-1 8.68917E-1 8.84166E-1
7.91888E-1 7.97969E-1 8.06175E-1 8.04847E-1 8.06316E-1 8.05348E-1 7.98469E-1 7.89535E-1 7.94149E-1 8.09385E-1 8.42246E-1 8.22243E-1 7.96461E-1 8.02099E-1 7.97504E-1 8.02073E-1 7.96195E-1 8.00641E-1 8.02052E-1 7.91952E-1 7.87701E-1 7.88823E-1 7.95832E-1 7.88743E-1 7.88982E-1 7.92674E-1 7.90008E-1 7.86418E-1 7.87483E-1 7.90366E-1 7.97558E-1 7.94612E-1 7.98226E-1 8.0155E-1 8.01545E-1 8.05192E-1 8.09802E-1 8.03595E-1 8.0505E-1 8.1014E-1 8.19349E-1 8.22854E-1 8.22374E-1 8.1876E-1 8.17031E-1 8.20634E-1 8.27399E-1 8.36028E-1 8.39165E-1 8.38956E-1 8.37171E-1 8.33003E-1 8.36185E-1 8.39269E-1 8.42149E-1 8.90597E-1 8.6156E-1 8.69396E-1 8.79668E-1 8.86955E-1 9.00383E-1
8.0465E-1 8.10801E-1 8.10252E-1 8.04026E-1 8.07209E-1 8.10542E-1 8.07116E-1 8.02995E-1 8.03498E-1 8.21724E-1 8.37746E-1 8.25801E-1 8.21648E-1 8.17401E-1 8.07222E-1 7.99152E-1 8.04727E-1 8.08492E-1 8.07748E-1 8.02345E-1 8.00859E-1 8.01679E-1 8.00821E-1 7.97846E-1 8.09501E-1 8.24781E-1 8.00902E-1 7.9242E-1 7.91649E-1 7.94008E-1 7.93843E-1 7.96492E-1 8.07073E-1 8.18134E-1 8.09688E-1 8.1656E-1 8.24936E-1 8.15018E-1 8.15043E-1 8.20145E-1 8.28699E-1 8.36933E-1 8.30477E-1 8.24771E-1 8.22502E-1 8.29294E-1 8.34988E-1 8.4043E-1 8.43096E-1 8.41092E-1 8.41928E-1 8.45393E-1 8.48666E-1 8.49681E-1 8.54131E-1 8.55321E-1 8.63542E-1 8.72214E-1 8.89703E-1 9.0121E-1 8.99247E-1
8.18911E-1 8.18424E-1 8.19397E-1 8.08497E-1 8.09199E-1 8.14869E-1 8.17059E-1 8.15522E-1 8.20864E-1 8.3471E-1 8.27995E-1 8.35848E-1 8.40745E-1 8.28343E-1 8.15014E-1 8.11663E-1 8.16995E-1 8.18679E-1 8.18294E-1 8.14496E-1 8.23285E-1 8.14579E-1 8.10487E-1 8.10883E-1 8.19904E-1 8.13544E-1 8.03748E-1 7.98806E-1 7.98911E-1 8.00467E-1 7.98613E-1 8.01013E-1 8.07127E-1 8.32259E-1 8.29039E-1 8.23704E-1 8.2934E-1 8.30021E-1 8.27285E-1 8.31387E-1 8.35611E-1 8.39535E-1 8.35299E-1 8.36055E-1 8.30096E-1 8.38348E-1 8.41638E-1 8.45403E-1 8.45829E-1 8.43608E-1 8.50838E-1 8.55279E-1 8.57878E-1 8.61421E-1 8.63259E-1 8.63075E-1 8.73074E-1 8.86137E-1 9.02792E-1 -9999 -9999
8.36628E-1 8.40309E-1 8.27575E-1 8.21377E-1 8.18635E-1 8.2256E-1 8.31673E-1 8.36208E-1 8.4385E-1 8.3963E-1 8.33246E-1 8.28239E-1 8.36428E-1 8.28404E-1 8.23405E-1 8.21293E-1 8.24228E-1 8.26032E-1 8.28301E-1 8.28052E-1 8.49256E-1 8.2837E-1 8.18049E-1 8.20468E-1 8.22594E-1 8.17511E-1 8.0727E-1 8.03198E-1 7.99418E-1 8.05228E-1 8.08902E-1 8.10079E-1 8.14232E-1 8.35339E-1 8.34882E-1 8.29533E-1 8.3295E-1 8.35517E-1 8.35878E-1 8.38339E-1 8.368E-1 8.35019E-1 8.38411E-1 8.47365E-1 8.44586E-1 8.49291E-1 8.52356E-1 8.55579E-1 8.4923E-1 8.44427E-1 8.51891E-1 8.60757E-1 8.64871E-1 8.67861E-1 8.64743E-1 8.65715E-1 8.86667E-1 8.9483E-1 -9999 -9999 -9999
8.37737E-1 8.37658E-1 8.35491E-1 8.37136E-1 8.37192E-1 8.41092E-1 8.42118E-1 8.46015E-1 8.47414E-1 8.50937E-1 8.50273E-1 8.33049E-1 8.27517E-1 8.23332E-1 8.24149E-1 8.23576E-1 8.26932E-1 8.35747E-1 8.42909E-1 8.32855E-1 8.33215E-1 8.32964E-1 8.31853E-1 8.37377E-1 8.2413E-1 8.25248E-1 8.25965E-1 8.15703E-1 8.09971E-1 8.13282E-1 8.21471E-1 8.2478E-1 8.29884E-1 8.44609E-1 8.4113E-1 8.28924E-1 8.39948E-1 8.42653E-1 8.4621E-1 8.43066E-1 8.37546E-1 8.35056E-1 8.43582E-1 8.56062E-1 8.58592E-1 8.61634E-1 8.57079E-1 8.55335E-1 8.52513E-1 8.45027E-1 8.55666E-1 8.66622E-1 8.74684E-1 8.75561E-1 8.81217E-1 8.76143E-1 8.8981E-1 -9999 -9999 -9999 -9999
8.49644E-1 8.4413E-1 8.46057E-1 8.59042E-1 8.53098E-1 8.51468E-1 8.50109E-1 8.46898E-1 8.44604E-1 8.35044E-1 8.25171E-1 8.30672E-1 8.3086E-1 8.34799E-1 8.34752E-1 8.34972E-1 8.38367E-1 8.53188E-1 8.71584E-1 8.48237E-1 8.42667E-1 8.45933E-1 8.4266E-1 8.35601E-1 8.25497E-1 8.27002E-1 8.35E-1 8.24245E-1 8.15311E-1 8.16524E-1 8.22311E-1 8.34078E-1 8.36599E-1 8.40381E-1 8.38206E-1 8.44808E-1 8.54255E-1 8.53425E-1 8.53041E-1 8.46455E-1 8.43372E-1 8.44848E-1 8.55616E-1 8.67827E-1 8.67773E-1 8.69219E-1 8.57765E-1 8.54009E-1 8.5359E-1 8.56813E-1 8.60962E-1 8.72121E-1 8.71182E-1 8.84258E-1 8.83204E-1 -9999 -9999 -9999 -9999 -9999 -9999
8.59331E-1 8.52107E-1 8.47555E-1 8.51454E-1 8.54216E-1 8.60701E-1 8.55871E-1 8.55576E-1 8.49864E-1 8.32997E-1 8.22107E-1 8.27367E-1 8.35873E-1 8.35392E-1 8.34037E-1 8.35684E-1 8.36754E-1 8.45143E-1 8.50726E-1 8.47407E-1 8.47104E-1 8.4926E-1 8.44817E-1 8.38673E-1 8.30505E-1 8.2718E-1 8.28748E-1 8.12175E-1 8.08706E-1 8.18948E-1 8.33504E-1 8.40179E-1 8.4574E-1 8.46142E-1 8.49436E-1 8.55692E-1 8.61315E-1 8.56786E-1 8.51892E-1 8.50609E-1 8.47377E-1 8.54144E-1 8.63493E-1 8.68993E-1 8.69587E-1 8.64449E-1 8.59313E-1 8.53982E-1 8.51445E-1 8.5981E-1 8.66714E-1 8.74687E-1 8.80625E-1 8.87716E-1 -9999 -9999 -9999 -9999 -9999 -9999 -9999
8.67493E-1 8.60425E-1 8.56909E-1 8.51286E-1 8.5959E-1 8.69226E-1 8.67069E-1 8.63821E-1 8.49454E-1 8.37226E-1 8.35215E-1 8.44652E-1 8.55243E-1 8.41206E-1 8.38037E-1 8.37067E-1 8.40714E-1 8.37991E-1 8.38398E-1 8.41938E-1 8.47209E-1 8.51223E-1 8.43493E-1 8.41767E-1 8.41529E-1 8.44419E-1 8.27555E-1 8.17863E-1 8.25873E-1 8.31021E-1 8.4347E-1 8.46511E-1 8.49851E-1 8.4937E-1 8.54198E-1 8.57279E-1 8.56427E-1 8.57165E-1 8.55171E-1 8.51827E-1 8.50079E-1 8.54131E-1 8.60681E-1 8.67812E-1 8.72114E-1 8.69984E-1 8.64587E-1 8.62587E-1 8.64175E-1 8.69732E-1 8.77597E-1 8.80451E-1 -9999 -9999 -9999 -9999 -9999 -9999 -9999 -9999 -9999
8.81466E-1 8.73825E-1 8.68066E-1 8.63172E-1 8.68604E-1 8.7022E-1 8.69068E-1 8.6896E-1 8.56501E-1 8.52315E-1 8.4919E-1 8.55286E-1 8.49319E-1 8.49001E-1 8.50625E-1 8.48803E-1 8.45413E-1 8.41221E-1 8.40751E-1 8.47579E-1 8.5246E-1 8.5427E-1 8.48769E-1 8.42391E-1 8.47445E-1 8.48229E-1 8.34489E-1 8.34843E-1 8.47372E-1 8.56014E-1 8.57312E-1 8.59139E-1 8.56531E-1 8.55145E-1 8.57196E-1 8.56653E-1 8.58831E-1 8.57332E-1 8.55904E-1 8.5799E-1 8.60261E-1 8.58322E-1 8.64133E-1 8.69616E-1 8.72432E-1 8.72306E-1 8.78618E-1 8.77269E-1 8.81091E-1 8.84853E-1 8.90639E-1 -9999 -9999 -9999 -9999 -9999 -9999 -9999 -9999 -9999 -9999
8.95093E-1 8.96053E-1 8.82726E-1 8.79146E-1 8.80142E-1 8.78698E-1 8.79726E-1 8.79216E-1 8.70294E-1 8.66627E-1 8.69574E-1 8.68578E-1 8.61463E-1 8.62547E-1 8.65846E-1 8.67075E-1 8.64769E-1 8.62042E-1 8.60507E-1 8.61152E-1 8.62775E-1 8.63894E-1 8.58842E-1 8.55938E-1 8.60077E-1 8.64675E-1 8.54232E-1 8.67042E-1 8.69473E-1 8.68919E-1 8.66792E-1 8.66484E-1 8.6338E-1 8.59922E-1 8.70668E-1 8.72229E-1 8.73293E-1 8.64385E-1 8.64177E-1 8.62636E-1 8.58514E-1 8.62014E-1 8.56746E-1 8.65488E-1 8.83798E-1 8.78316E-1 8.79491E-1 8.90774E-1 8.96094E-1 8.95195E-1 -9999 -9999 -9999 -9999 -9999 -9999 -9999 -9999 -9999 -9999 -9999
9.08966E-1 9.04418E-1 8.93799E-1 8.89344E-1 8.93028E-1 8.92695E-1 8.93134E-1 8.97134E-1 8.92023E-1 8.86818E-1 8.88707E-1 8.83282E-1 8.80389E-1 8.79608E-1 8.82048E-1 8.8579E-1 8.83415E-1 8.79615E-1 8.7955E-1 8.7705E-1 8.75766E-1 8.72256E-1 8.71986E-1 8.74287E-1 8.73805E-1 8.74896E-1 8.76007E-1 8.8146E-1 8.78803E-1 8.74483E-1 8.76604E-1 8.77143E-1 8.72439E-1 8.75903E-1 8.84286E-1 8.85006E-1 8.82265E-1 8.70502E-1 8.66811E-1 8.66979E-1 8.66572E-1 8.70381E-1 8.7079E-1 8.71831E-1 8.79112E-1 8.88962E-1 8.86824E-1 8.9844E-1 9.07763E-1 9.06928E-1 -9999 -9999 -9999 -9999 -9999 -9999 -9999 -9999 -9999 -9999 -9999
