maxent_outputs/red_flowers_troch_bombus_environ/red_126.asc
ncols         426
nrows         180
xllcorner     -130.0
yllcorner     24.0
cellsize      0.16666666666666666
NODATA_value  -9999
[rows 0 to 26 of 180, columns 183 to 243 of 426]
1.37065E-1 1.30742E-1 1.28157E-1 1.2881E-1 1.25422E-1 1.22279E-1 1.23493E-1 1.33262E-1 1.33767E-1 1.31001E-1 1.23382E-1 1.22147E-1 1.18058E-1 1.18662E-1 1.20225E-1 1.21586E-1 1.21647E-1 1.21304E-1 1.20842E-1 1.2334E-1 1.29582E-1 1.26086E-1 1.23247E-1 1.23019E-1 1.22358E-1 1.21657E-1 1.20423E-1 1.22111E-1 1.25073E-1 1.21741E-1 1.19851E-1 1.19124E-1 1.18703E-1 1.20094E-1 1.17261E-1 1.16772E-1 1.16433E-1 1.16854E-1 1.19382E-1 1.18748E-1 1.18017E-1 1.18994E-1 1.18158E-1 1.17322E-1 1.18835E-1 1.18841E-1 1.19886E-1 1.21399E-1 1.24806E-1 1.22651E-1 1.21181E-1 1.23396E-1 1.25529E-1 1.20872E-1 1.22868E-1 1.19416E-1 1.19746E-1 1.16718E-1 1.16883E-1 1.18122E-1 1.17068E-1
1.33757E-1 1.29661E-1 1.31921E-1 1.56457E-1 1.67643E-1 1.67413E-1 1.67425E-1 1.644E-1 1.54127E-1 1.43079E-1 1.26246E-1 1.26298E-1 1.24874E-1 1.2203E-1 1.23837E-1 1.22791E-1 1.2223E-1 1.21523E-1 1.21359E-1 1.24013E-1 1.24091E-1 1.24607E-1 1.2826E-1 1.26558E-1 1.24368E-1 1.20549E-1 1.22565E-1 1.23584E-1 1.24898E-1 1.26202E-1 1.28659E-1 1.26756E-1 1.23621E-1 1.22359E-1 1.21854E-1 1.20718E-1 1.21286E-1 1.21974E-1 1.21566E-1 1.20537E-1 1.20554E-1 1.17107E-1 1.19076E-1 1.22757E-1 1.2536E-1 1.25033E-1 1.23716E-1 1.20637E-1 1.22343E-1 1.253E-1 1.23301E-1 1.24073E-1 1.22412E-1 1.19944E-1 1.23231E-1 1.25225E-1 1.36248E-1 1.38314E-1 1.31996E-1 1.2205E-1 1.21607E-1
1.30036E-1 1.29858E-1 1.43875E-1 1.72321E-1 1.72945E-1 1.69658E-1 1.72626E-1 1.72931E-1 1.73163E-1 1.70567E-1 1.44255E-1 1.29568E-1 1.286E-1 1.24763E-1 1.2378E-1 1.23248E-1 1.22018E-1 1.23277E-1 1.25445E-1 1.28628E-1 1.26158E-1 1.2434E-1 1.25421E-1 1.26839E-1 1.27081E-1 1.23944E-1 1.24214E-1 1.23649E-1 1.22911E-1 1.21108E-1 1.21318E-1 1.20635E-1 1.21137E-1 1.21819E-1 1.23136E-1 1.23537E-1 1.24164E-1 1.23849E-1 1.24495E-1 1.22676E-1 1.23576E-1 1.22291E-1 1.19291E-1 1.18278E-1 1.2003E-1 1.20081E-1 1.20738E-1 1.20499E-1 1.22589E-1 1.22505E-1 1.26199E-1 1.24235E-1 1.22082E-1 1.20601E-1 1.20929E-1 1.21268E-1 1.20307E-1 1.22378E-1 1.21003E-1 1.21766E-1 1.21077E-1
1.34088E-1 1.38687E-1 1.59623E-1 1.78491E-1 1.76249E-1 1.73176E-1 1.71557E-1 1.71709E-1 1.74122E-1 1.75803E-1 1.7104E-1 1.36569E-1 1.34769E-1 1.27495E-1 1.27351E-1 1.25615E-1 1.25483E-1 1.26818E-1 1.27358E-1 1.26827E-1 1.31332E-1 1.26552E-1 1.25521E-1 1.26985E-1 1.26975E-1 1.2919E-1 1.26904E-1 1.24351E-1 1.23898E-1 1.2276E-1 1.23033E-1 1.24743E-1 1.23461E-1 1.23105E-1 1.23515E-1 1.23613E-1 1.24593E-1 1.2439E-1 1.23946E-1 1.24509E-1 1.25041E-1 1.22002E-1 1.21337E-1 1.19697E-1 1.20093E-1 1.19467E-1 1.256E-1 1.25167E-1 1.23786E-1 1.25811E-1 1.25858E-1 1.30048E-1 1.24796E-1 1.23367E-1 1.23736E-1 1.22156E-1 1.22945E-1 1.22459E-1 1.24699E-1 1.2105E-1 1.21264E-1
1.48581E-1 1.50923E-1 1.70179E-1 1.77876E-1 1.79563E-1 1.7672E-1 1.76113E-1 1.74702E-1 1.75101E-1 1.78255E-1 1.76395E-1 1.58412E-1 1.39994E-1 1.29498E-1 1.2467E-1 1.27775E-1 1.27106E-1 1.25548E-1 1.27343E-1 1.26811E-1 1.2718E-1 1.28735E-1 1.29968E-1 1.28836E-1 1.2755E-1 1.28259E-1 1.28495E-1 1.28603E-1 1.28138E-1 1.26854E-1 1.26482E-1 1.26021E-1 1.24587E-1 1.24638E-1 1.26829E-1 1.28905E-1 1.25477E-1 1.23138E-1 1.22456E-1 1.23962E-1 1.23501E-1 1.23706E-1 1.23778E-1 1.23083E-1 1.23192E-1 1.2419E-1 1.22224E-1 1.22999E-1 1.24429E-1 1.2349E-1 1.24803E-1 1.25624E-1 1.24652E-1 1.24428E-1 1.23759E-1 1.24841E-1 1.23134E-1 1.24161E-1 1.24926E-1 1.22384E-1 1.21208E-1
1.47132E-1 1.44633E-1 1.52229E-1 1.63063E-1 1.65363E-1 1.65962E-1 1.74747E-1 1.78958E-1 1.78555E-1 1.79999E-1 1.80357E-1 1.7559E-1 1.53688E-1 1.31981E-1 1.29695E-1 1.27786E-1 1.28842E-1 1.27649E-1 1.28124E-1 1.28091E-1 1.30789E-1 1.28902E-1 1.28669E-1 1.30355E-1 1.32448E-1 1.3394E-1 1.34879E-1 1.35128E-1 1.32021E-1 1.30806E-1 1.2998E-1 1.29088E-1 1.29056E-1 1.27537E-1 1.26601E-1 1.32331E-1 1.35058E-1 1.31112E-1 1.34453E-1 1.33924E-1 1.36009E-1 1.32856E-1 1.26487E-1 1.25978E-1 1.26444E-1 1.28397E-1 1.23293E-1 1.24242E-1 1.26479E-1 1.29475E-1 1.29012E-1 1.2913E-1 1.2724E-1 1.25117E-1 1.23851E-1 1.2329E-1 1.23873E-1 1.28547E-1 1.2739E-1 1.25925E-1 1.2627E-1
1.47391E-1 1.42936E-1 1.40718E-1 1.4674E-1 1.63851E-1 1.74127E-1 1.80249E-1 1.7904E-1 1.79532E-1 1.83201E-1 1.83544E-1 1.79702E-1 1.57685E-1 1.39588E-1 1.36852E-1 1.3214E-1 1.29343E-1 1.3006E-1 1.31261E-1 1.3155E-1 1.33246E-1 1.3301E-1 1.3043E-1 1.32013E-1 1.34106E-1 1.35783E-1 1.36228E-1 1.36989E-1 1.34764E-1 1.33171E-1 1.33938E-1 1.32098E-1 1.33307E-1 1.35319E-1 1.31204E-1 1.33688E-1 1.34314E-1 1.31867E-1 1.32755E-1 1.32347E-1 1.33328E-1 1.31532E-1 1.28891E-1 1.2892E-1 1.3135E-1 1.33288E-1 1.33034E-1 1.29145E-1 1.34168E-1 1.31386E-1 1.31753E-1 1.33426E-1 1.31285E-1 1.25746E-1 1.24884E-1 1.23957E-1 1.23801E-1 1.2907E-1 1.28811E-1 1.28689E-1 1.30714E-1
1.48518E-1 1.42844E-1 1.4354E-1 1.49491E-1 1.68442E-1 1.81316E-1 1.79216E-1 1.81018E-1 1.80842E-1 1.81781E-1 1.82035E-1 1.82332E-1 1.7343E-1 1.44214E-1 1.3767E-1 1.35406E-1 1.35613E-1 1.41378E-1 1.37689E-1 1.35988E-1 1.34997E-1 1.34166E-1 1.34611E-1 1.34166E-1 1.33193E-1 1.38774E-1 1.37261E-1 1.3849E-1 1.38667E-1 1.38331E-1 1.36762E-1 1.34251E-1 1.35914E-1 1.35975E-1 1.3563E-1 1.35807E-1 1.34484E-1 1.33131E-1 1.31927E-1 1.31712E-1 1.31492E-1 1.34159E-1 1.32146E-1 1.30002E-1 1.30492E-1 1.30914E-1 1.29424E-1 1.29438E-1 1.32371E-1 1.32737E-1 1.31131E-1 1.35233E-1 1.35459E-1 1.34477E-1 1.26885E-1 1.26236E-1 1.2758E-1 1.27369E-1 1.26995E-1 1.26359E-1 1.25493E-1
1.49484E-1 1.43485E-1 1.45092E-1 1.47577E-1 1.46844E-1 1.60455E-1 1.76776E-1 1.8087E-1 1.81206E-1 1.79071E-1 1.8198E-1 1.80113E-1 1.75614E-1 1.68509E-1 1.41354E-1 1.35305E-1 1.39157E-1 1.36078E-1 1.38415E-1 1.41571E-1 1.41277E-1 1.3867E-1 1.37798E-1 1.37911E-1 1.39326E-1 1.38688E-1 1.39244E-1 1.4145E-1 1.38905E-1 1.39985E-1 1.40944E-1 1.39557E-1 1.40014E-1 1.3838E-1 1.38555E-1 1.37428E-1 1.36305E-1 1.37038E-1 1.37903E-1 1.37494E-1 1.3465E-1 1.35151E-1 1.36178E-1 1.35002E-1 1.33514E-1 1.32237E-1 1.30791E-1 1.40171E-1 1.36903E-1 1.34475E-1 1.32655E-1 1.31923E-1 1.30646E-1 1.30099E-1 1.32299E-1 1.30234E-1 1.29238E-1 1.28164E-1 1.28355E-1 1.27037E-1 1.25379E-1
1.52735E-1 1.44694E-1 1.45013E-1 1.4342E-1 1.42528E-1 1.43419E-1 1.63722E-1 1.77917E-1 1.69938E-1 1.66794E-1 1.81017E-1 1.76005E-1 1.73319E-1 1.66549E-1 1.54248E-1 1.38099E-1 1.40433E-1 1.3817E-1 1.38766E-1 1.38271E-1 1.38335E-1 1.3963E-1 1.39517E-1 1.39975E-1 1.4293E-1 1.41832E-1 1.40209E-1 1.40823E-1 1.4006E-1 1.39559E-1 1.40676E-1 1.40062E-1 1.39547E-1 1.38931E-1 1.4181E-1 1.4201E-1 1.4135E-1 1.40213E-1 1.3995E-1 1.3866E-1 1.37952E-1 1.36788E-1 1.37649E-1 1.38823E-1 1.36469E-1 1.35578E-1 1.34046E-1 1.36514E-1 1.33839E-1 1.33852E-1 1.31925E-1 1.31319E-1 1.32199E-1 1.32186E-1 1.30084E-1 1.30766E-1 1.30631E-1 1.28145E-1 1.27319E-1 1.26581E-1 1.29278E-1
1.48294E-1 1.43573E-1 1.41711E-1 1.42958E-1 1.43341E-1 1.42783E-1 1.43816E-1 1.51447E-1 1.74339E-1 1.73772E-1 1.76052E-1 1.74601E-1 1.69464E-1 1.61666E-1 1.58607E-1 1.40114E-1 1.40656E-1 1.39552E-1 1.4029E-1 1.4017E-1 1.40277E-1 1.41276E-1 1.41084E-1 1.40203E-1 1.43826E-1 1.44001E-1 1.42803E-1 1.45498E-1 1.40496E-1 1.41243E-1 1.43269E-1 1.43337E-1 1.41656E-1 1.41486E-1 1.44198E-1 1.42642E-1 1.40588E-1 1.37781E-1 1.39828E-1 1.39318E-1 1.442E-1 1.41302E-1 1.37542E-1 1.36993E-1 1.35119E-1 1.35217E-1 1.34197E-1 1.34661E-1 1.3262E-1 1.31807E-1 1.32753E-1 1.30133E-1 1.31932E-1 1.2957E-1 1.30227E-1 1.29211E-1 1.30787E-1 1.30296E-1 1.27505E-1 1.26426E-1 1.27583E-1
1.467E-1 1.45115E-1 1.4585E-1 1.47086E-1 1.44089E-1 1.42257E-1 1.43219E-1 1.45419E-1 1.55959E-1 1.75531E-1 1.61771E-1 1.57122E-1 1.65484E-1 1.70073E-1 1.66777E-1 1.47818E-1 1.42212E-1 1.40517E-1 1.41378E-1 1.42117E-1 1.4225E-1 1.4377E-1 1.42481E-1 1.4603E-1 1.50399E-1 1.4978E-1 1.48224E-1 1.4616E-1 1.47551E-1 1.47066E-1 1.47618E-1 1.48015E-1 1.49541E-1 1.46186E-1 1.45373E-1 1.41106E-1 1.39735E-1 1.41553E-1 1.39966E-1 1.41178E-1 1.41293E-1 1.39918E-1 1.38134E-1 1.37715E-1 1.40111E-1 1.38021E-1 1.35965E-1 1.35129E-1 1.35596E-1 1.33551E-1 1.35089E-1 1.33383E-1 1.31674E-1 1.30655E-1 1.30814E-1 1.31998E-1 1.32551E-1 1.31883E-1 1.30503E-1 1.30871E-1 1.30154E-1
1.45529E-1 1.46991E-1 1.44545E-1 1.43129E-1 1.4129E-1 1.43245E-1 1.44594E-1 1.44577E-1 1.46641E-1 1.56227E-1 1.50813E-1 1.53168E-1 1.48265E-1 1.64687E-1 1.69414E-1 1.64162E-1 1.45927E-1 1.42691E-1 1.41709E-1 1.41207E-1 1.42248E-1 1.45283E-1 1.46421E-1 1.47417E-1 1.51777E-1 1.44583E-1 1.46409E-1 1.43872E-1 1.4654E-1 1.46517E-1 1.48218E-1 1.49183E-1 1.50696E-1 1.4908E-1 1.4713E-1 1.43476E-1 1.43242E-1 1.4466E-1 1.44345E-1 1.45743E-1 1.43414E-1 1.42515E-1 1.40625E-1 1.41517E-1 1.41795E-1 1.43091E-1 1.39935E-1 1.38501E-1 1.4314E-1 1.40022E-1 1.40918E-1 1.37486E-1 1.35221E-1 1.34155E-1 1.35387E-1 1.34751E-1 1.35292E-1 1.33068E-1 1.31285E-1 1.30488E-1 1.33463E-1
1.54571E-1 1.48705E-1 1.45719E-1 1.44413E-1 1.39904E-1 1.40813E-1 1.46234E-1 1.45809E-1 1.40068E-1 1.40055E-1 1.44851E-1 1.48765E-1 1.61261E-1 1.63347E-1 1.65501E-1 1.61748E-1 1.55863E-1 1.45623E-1 1.42829E-1 1.43129E-1 1.45343E-1 1.44385E-1 1.45237E-1 1.46949E-1 1.44718E-1 1.45196E-1 1.43202E-1 1.47495E-1 1.47931E-1 1.51226E-1 1.496E-1 1.50825E-1 1.52715E-1 1.51152E-1 1.5227E-1 1.50416E-1 1.50702E-1 1.49415E-1 1.5066E-1 1.49268E-1 1.49996E-1 1.46201E-1 1.4449E-1 1.44173E-1 1.473E-1 1.49119E-1 1.45683E-1 1.43513E-1 1.4367E-1 1.4359E-1 1.44044E-1 1.42657E-1 1.43527E-1 1.38757E-1 1.37187E-1 1.37056E-1 1.34474E-1 1.34609E-1 1.362E-1 1.33957E-1 1.36368E-1
1.50805E-1 1.50175E-1 1.51659E-1 1.51494E-1 1.44585E-1 1.45049E-1 1.40173E-1 1.3495E-1 1.36661E-1 1.41094E-1 1.46379E-1 1.49129E-1 1.52699E-1 1.65819E-1 1.57408E-1 1.46845E-1 1.57872E-1 1.53055E-1 1.4447E-1 1.44048E-1 1.44457E-1 1.44055E-1 1.44129E-1 1.46201E-1 1.42937E-1 1.45423E-1 1.45061E-1 1.4677E-1 1.4895E-1 1.49152E-1 1.50109E-1 1.51161E-1 1.50204E-1 1.52688E-1 1.52971E-1 1.52469E-1 1.52778E-1 1.53045E-1 1.5262E-1 1.52253E-1 1.49797E-1 1.49256E-1 1.48204E-1 1.49482E-1 1.52121E-1 1.55901E-1 1.49085E-1 1.47747E-1 1.4862E-1 1.44339E-1 1.45625E-1 1.4441E-1 1.42758E-1 1.41137E-1 1.39826E-1 1.38671E-1 1.35928E-1 1.35334E-1 1.34698E-1 1.33988E-1 1.33409E-1
1.41683E-1 1.46041E-1 1.54741E-1 1.51134E-1 1.41678E-1 1.31828E-1 1.32009E-1 1.33133E-1 1.3949E-1 1.43587E-1 1.45409E-1 1.41022E-1 1.453E-1 1.53881E-1 1.46414E-1 1.53907E-1 1.66503E-1 1.68498E-1 1.48621E-1 1.44544E-1 1.41447E-1 1.39263E-1 1.39093E-1 1.4152E-1 1.43712E-1 1.44308E-1 1.4767E-1 1.51932E-1 1.51594E-1 1.50489E-1 1.50574E-1 1.49836E-1 1.50998E-1 1.4841E-1 1.50373E-1 1.53103E-1 1.55569E-1 1.56471E-1 1.53734E-1 1.53295E-1 1.52434E-1 1.57147E-1 1.61048E-1 1.59887E-1 1.56077E-1 1.60027E-1 1.53839E-1 1.5116E-1 1.51949E-1 1.5126E-1 1.50198E-1 1.49125E-1 1.45558E-1 1.44516E-1 1.42122E-1 1.40421E-1 1.38191E-1 1.36381E-1 1.37612E-1 1.36255E-1 1.37165E-1
1.4097E-1 1.44968E-1 1.4963E-1 1.54113E-1 1.50926E-1 1.40844E-1 1.29183E-1 1.33423E-1 1.38577E-1 1.39034E-1 1.37175E-1 1.37547E-1 1.41955E-1 1.46315E-1 1.42776E-1 1.5589E-1 1.55911E-1 1.6529E-1 1.58207E-1 1.44346E-1 1.40188E-1 1.39045E-1 1.39037E-1 1.41253E-1 1.4519E-1 1.45257E-1 1.47593E-1 1.5251E-1 1.54175E-1 1.50639E-1 1.52612E-1 1.52438E-1 1.52888E-1 1.52264E-1 1.5147E-1 1.54263E-1 1.68108E-1 1.71158E-1 1.59071E-1 1.57467E-1 1.59109E-1 1.58777E-1 1.59546E-1 1.60758E-1 1.61928E-1 1.62613E-1 1.61965E-1 1.60067E-1 1.56287E-1 1.53951E-1 1.51895E-1 1.50646E-1 1.51165E-1 1.47784E-1 1.45056E-1 1.45087E-1 1.42592E-1 1.40818E-1 1.41016E-1 1.41495E-1 1.40482E-1
1.44185E-1 1.45822E-1 1.49765E-1 1.53683E-1 1.51477E-1 1.4449E-1 1.35371E-1 1.32797E-1 1.40435E-1 1.41263E-1 1.33467E-1 1.32753E-1 1.34344E-1 1.38987E-1 1.37315E-1 1.49235E-1 1.56044E-1 1.6707E-1 1.5454E-1 1.40375E-1 1.38804E-1 1.4031E-1 1.39204E-1 1.40797E-1 1.42644E-1 1.45624E-1 1.50668E-1 1.51005E-1 1.52778E-1 1.5245E-1 1.52926E-1 1.53999E-1 1.56352E-1 1.59757E-1 1.5622E-1 1.55598E-1 1.63444E-1 1.66207E-1 1.61437E-1 1.58368E-1 1.63266E-1 1.61318E-1 1.59832E-1 1.61545E-1 1.64063E-1 1.6303E-1 1.62165E-1 1.65204E-1 1.63809E-1 1.58076E-1 1.51503E-1 1.52171E-1 1.58563E-1 1.57799E-1 1.5343E-1 1.50689E-1 1.46213E-1 1.45627E-1 1.44645E-1 1.44402E-1 1.44237E-1
1.49546E-1 1.54595E-1 1.54241E-1 1.52906E-1 1.53179E-1 1.49492E-1 1.40766E-1 1.35501E-1 1.35644E-1 1.36467E-1 1.36641E-1 1.35554E-1 1.33981E-1 1.35337E-1 1.37559E-1 1.59783E-1 1.66527E-1 1.69651E-1 1.59012E-1 1.416E-1 1.44061E-1 1.41708E-1 1.39742E-1 1.41757E-1 1.43058E-1 1.46441E-1 1.49397E-1 1.51359E-1 1.51515E-1 1.54113E-1 1.50375E-1 1.53507E-1 1.58348E-1 1.58979E-1 1.61562E-1 1.62134E-1 1.61985E-1 1.59714E-1 1.58132E-1 1.57677E-1 1.56844E-1 1.59916E-1 1.60013E-1 1.61782E-1 1.61665E-1 1.63024E-1 1.6316E-1 1.6173E-1 1.61241E-1 1.59386E-1 1.58795E-1 1.6062E-1 1.56571E-1 1.53176E-1 1.53811E-1 1.55029E-1 1.49846E-1 1.48736E-1 1.49346E-1 1.48293E-1 1.49108E-1
1.50298E-1 1.51651E-1 1.54083E-1 1.49147E-1 1.51557E-1 1.58001E-1 1.56699E-1 1.45559E-1 1.40365E-1 1.38065E-1 1.41755E-1 1.36489E-1 1.36612E-1 1.3598E-1 1.38808E-1 1.58859E-1 1.64594E-1 1.63177E-1 1.59716E-1 1.46406E-1 1.46598E-1 1.43983E-1 1.41457E-1 1.41654E-1 1.44008E-1 1.47847E-1 1.48788E-1 1.52718E-1 1.52228E-1 1.54559E-1 1.57803E-1 1.58609E-1 1.59497E-1 1.55697E-1 1.5658E-1 1.64344E-1 1.68902E-1 1.62731E-1 1.62749E-1 1.62902E-1 1.63357E-1 1.62351E-1 1.59582E-1 1.63121E-1 1.67029E-1 1.672E-1 1.65103E-1 1.67638E-1 1.66158E-1 1.66946E-1 1.64815E-1 1.62709E-1 1.59339E-1 1.57982E-1 1.55792E-1 1.54989E-1 1.52185E-1 1.51169E-1 1.51797E-1 1.52303E-1 1.5104E-1
1.54288E-1 1.51851E-1 1.51648E-1 1.50021E-1 1.47796E-1 1.59054E-1 1.61773E-1 1.6004E-1 1.49662E-1 1.42679E-1 1.43018E-1 1.38173E-1 1.38817E-1 1.31238E-1 1.33519E-1 1.53802E-1 1.59605E-1 1.54984E-1 1.49745E-1 1.46864E-1 1.47117E-1 1.44982E-1 1.43387E-1 1.43601E-1 1.43127E-1 1.46224E-1 1.51982E-1 1.53491E-1 1.52695E-1 1.57962E-1 1.6001E-1 1.5574E-1 1.57991E-1 1.59372E-1 1.61535E-1 1.67397E-1 1.69865E-1 1.68682E-1 1.74514E-1 1.68784E-1 1.67714E-1 1.65262E-1 1.67538E-1 1.65423E-1 1.69014E-1 1.73299E-1 1.68896E-1 1.68485E-1 1.66399E-1 1.68536E-1 1.69693E-1 1.65796E-1 1.62632E-1 1.60838E-1 1.61713E-1 1.54955E-1 1.54587E-1 1.54711E-1 1.5581E-1 1.54819E-1 1.54984E-1
1.52945E-1 1.53193E-1 1.51854E-1 1.5304E-1 1.54211E-1 1.59445E-1 1.64264E-1 1.63234E-1 1.59392E-1 1.45801E-1 1.42295E-1 1.42045E-1 1.36967E-1 1.322E-1 1.30421E-1 1.46487E-1 1.52707E-1 1.49503E-1 1.42616E-1 1.42564E-1 1.45792E-1 1.50308E-1 1.45593E-1 1.46331E-1 1.49896E-1 1.5183E-1 1.52527E-1 1.55828E-1 1.59876E-1 1.61854E-1 1.63755E-1 1.61278E-1 1.6422E-1 1.69049E-1 1.69963E-1 1.68328E-1 1.73082E-1 1.75851E-1 1.77008E-1 1.82614E-1 1.79908E-1 1.76227E-1 1.7361E-1 1.7495E-1 1.79874E-1 1.80644E-1 1.69696E-1 1.72252E-1 1.72166E-1 1.6912E-1 1.67183E-1 1.65987E-1 1.63282E-1 1.61706E-1 1.62771E-1 1.57234E-1 1.56942E-1 1.59074E-1 1.5867E-1 1.58389E-1 1.56781E-1
1.49101E-1 1.52339E-1 1.52921E-1 1.52097E-1 1.53424E-1 1.55611E-1 1.6071E-1 1.59356E-1 1.51739E-1 1.41682E-1 1.39793E-1 1.37381E-1 1.32797E-1 1.31316E-1 1.28938E-1 1.33248E-1 1.36184E-1 1.41977E-1 1.38144E-1 1.4422E-1 1.4532E-1 1.4795E-1 1.50808E-1 1.50375E-1 1.53684E-1 1.58402E-1 1.60169E-1 1.63495E-1 1.63846E-1 1.62092E-1 1.67718E-1 1.68028E-1 1.7017E-1 1.69057E-1 1.68741E-1 1.67406E-1 1.72152E-1 1.75991E-1 1.77888E-1 1.77036E-1 1.78307E-1 1.81197E-1 1.85595E-1 1.86361E-1 1.86074E-1 1.7724E-1 1.74657E-1 1.72728E-1 1.75008E-1 1.71253E-1 1.68836E-1 1.6707E-1 1.65647E-1 1.62183E-1 1.62854E-1 1.62285E-1 1.60305E-1 1.59446E-1 1.59896E-1 1.60281E-1 1.60469E-1
1.42168E-1 1.48585E-1 1.51412E-1 1.51122E-1 1.49951E-1 1.46571E-1 1.44886E-1 1.43288E-1 1.42133E-1 1.41003E-1 1.38856E-1 1.33976E-1 1.32193E-1 1.31698E-1 1.31896E-1 1.36634E-1 1.38699E-1 1.43485E-1 1.46067E-1 1.51879E-1 1.48504E-1 1.49093E-1 1.5346E-1 1.53162E-1 1.53868E-1 1.59225E-1 1.59045E-1 1.63067E-1 1.67001E-1 1.67827E-1 1.6491E-1 1.66347E-1 1.70435E-1 1.68422E-1 1.75239E-1 1.74763E-1 1.69139E-1 1.71104E-1 1.70743E-1 1.67322E-1 1.69332E-1 1.7149E-1 1.75811E-1 1.8906E-1 1.89665E-1 1.84057E-1 1.77421E-1 1.75528E-1 1.7493E-1 1.75873E-1 1.70592E-1 1.69011E-1 1.74806E-1 1.69939E-1 1.68756E-1 1.68394E-1 1.63948E-1 1.6066E-1 1.6044E-1 1.62592E-1 1.64168E-1
1.4403E-1 1.45468E-1 1.50061E-1 1.52714E-1 1.51742E-1 1.52888E-1 1.51538E-1 1.503E-1 1.4699E-1 1.4266E-1 1.41812E-1 1.38585E-1 1.37621E-1 1.4164E-1 1.44467E-1 1.43484E-1 1.44543E-1 1.49896E-1 1.52084E-1 1.51785E-1 1.50576E-1 1.5161E-1 1.56583E-1 1.58228E-1 1.55679E-1 1.55081E-1 1.57727E-1 1.59576E-1 1.64057E-1 1.68423E-1 1.67087E-1 1.69291E-1 1.69715E-1 1.72884E-1 1.75365E-1 1.7576E-1 1.7084E-1 1.69616E-1 1.69377E-1 1.69979E-1 1.67931E-1 1.75066E-1 1.77337E-1 1.85159E-1 1.92901E-1 1.90827E-1 1.82242E-1 1.76342E-1 1.77535E-1 1.76041E-1 1.81969E-1 1.75156E-1 1.6988E-1 1.67086E-1 1.66237E-1 1.64284E-1 1.63676E-1 1.63626E-1 1.62719E-1 1.66471E-1 1.73442E-1
1.45728E-1 1.47542E-1 1.48449E-1 1.49889E-1 1.53844E-1 1.5726E-1 1.56715E-1 1.55612E-1 1.55287E-1 1.51149E-1 1.43645E-1 1.4238E-1 1.42153E-1 1.41293E-1 1.41855E-1 1.41375E-1 1.41811E-1 1.44807E-1 1.51672E-1 1.54263E-1 1.54302E-1 1.53258E-1 1.5399E-1 1.54744E-1 1.53758E-1 1.55928E-1 1.56994E-1 1.59796E-1 1.65039E-1 1.68774E-1 1.73006E-1 1.71235E-1 1.72497E-1 1.75104E-1 1.76869E-1 1.7538E-1 1.77077E-1 1.79944E-1 1.76868E-1 1.72061E-1 1.80422E-1 1.80758E-1 1.79724E-1 1.807E-1 1.86455E-1 1.94218E-1 1.87714E-1 1.81867E-1 1.80262E-1 1.73815E-1 1.7042E-1 1.71308E-1 1.69026E-1 1.70538E-1 1.69919E-1 1.65937E-1 1.65975E-1 1.65606E-1 1.68083E-1 1.68833E-1 1.71868E-1
1.45408E-1 1.46349E-1 1.45156E-1 1.50467E-1 1.54332E-1 1.57764E-1 1.58629E-1 1.60762E-1 1.57339E-1 1.51334E-1 1.42433E-1 1.43603E-1 1.44839E-1 1.41738E-1 1.38521E-1 1.41948E-1 1.45074E-1 1.43367E-1 1.47828E-1 1.51494E-1 1.54565E-1 1.54743E-1 1.54533E-1 1.52417E-1 1.50552E-1 1.51391E-1 1.62424E-1 1.63875E-1 1.65091E-1 1.73122E-1 1.76782E-1 1.71487E-1 1.71034E-1 1.75316E-1 1.78465E-1 1.75283E-1 1.74516E-1 1.75966E-1 1.76351E-1 1.73672E-1 1.7681E-1 1.85231E-1 1.81365E-1 1.81736E-1 1.85928E-1 1.95744E-1 2.05353E-1 1.99315E-1 1.84221E-1 1.77718E-1 1.65213E-1 1.63568E-1 1.64185E-1 1.66756E-1 1.67214E-1 1.66201E-1 1.6406E-1 1.64692E-1 1.69274E-1 1.69612E-1 1.72359E-1
