maxent_outputs/red_flowers_troch_bombus_environ/red_153.asc
ncols         426
nrows         180
xllcorner     -130.0
yllcorner     24.0
cellsize      0.16666666666666666
NODATA_value  -9999
[rows 0 to 26 of 180, columns 244 to 304 of 426]
3.08203E-1 3.07576E-1 3.08966E-1 3.08776E-1 3.10966E-1 3.12786E-1 3.11084E-1 3.10163E-1 3.09847E-1 3.11048E-1 3.13968E-1 3.128E-1 3.14341E-1 3.15264E-1 3.11483E-1 3.13449E-1 3.16916E-1 3.2806E-1 3.28792E-1 3.21136E-1 3.19909E-1 3.21121E-1 3.26747E-1 3.17378E-1 3.17735E-1 3.1601E-1 3.14591E-1 3.20221E-1 3.21203E-1 3.35206E-1 3.31919E-1 3.37147E-1 3.30186E-1 3.21223E-1 3.31861E-1 3.27606E-1 3.28365E-1 3.36533E-1 3.34924E-1 3.33947E-1 3.38281E-1 3.3908E-1 3.47732E-1 3.60622E-1 -9999 -9999 -9999 -9999 -9999 -9999 -9999 -9999 -9999 -9999 -9999 -9999 9.73792E-1 -9999 -9999 -9999 9.82213E-1
3.13433E-1 3.13407E-1 3.17366E-1 3.13839E-1 3.14168E-1 3.15431E-1 3.17984E-1 3.17528E-1 3.18488E-1 3.15825E-1 3.12645E-1 3.10271E-1 3.13106E-1 3.16245E-1 3.17572E-1 3.16192E-1 3.1576E-1 3.15595E-1 3.18041E-1 3.17615E-1 3.18144E-1 3.16481E-1 3.19794E-1 3.20307E-1 3.18834E-1 3.19222E-1 3.18146E-1 3.16489E-1 3.20106E-1 3.16755E-1 3.22132E-1 3.21538E-1 3.22292E-1 3.21456E-1 3.26666E-1 3.2878E-1 3.31101E-1 3.44188E-1 3.33933E-1 3.36738E-1 3.33612E-1 3.30626E-1 3.42242E-1 3.61813E-1 -9999 -9999 -9999 -9999 -9999 -9999 -9999 -9999 -9999 -9999 -9999 -9999 -9999 -9999 -9999 -9999 9.68791E-1
3.11075E-1 3.13292E-1 3.13964E-1 3.12133E-1 3.16605E-1 3.17062E-1 3.24539E-1 3.25232E-1 3.24409E-1 3.19487E-1 3.17142E-1 3.14669E-1 3.14909E-1 3.12265E-1 3.11995E-1 3.1278E-1 3.15462E-1 3.15142E-1 3.18107E-1 3.16576E-1 3.18505E-1 3.18879E-1 3.1673E-1 3.17384E-1 3.20162E-1 3.2107E-1 3.16599E-1 3.17843E-1 3.21539E-1 3.23454E-1 3.28921E-1 3.24872E-1 3.23489E-1 3.23993E-1 3.26638E-1 3.26342E-1 3.24636E-1 3.25938E-1 3.30324E-1 3.32E-1 3.34788E-1 3.32975E-1 3.50828E-1 -9999 -9999 -9999 -9999 -9999 -9999 -9999 -9999 -9999 -9999 -9999 -9999 -9999 -9999 6.08022E-1 -9999 -9999 9.70596E-1
3.11278E-1 3.14257E-1 3.12715E-1 3.07039E-1 3.10258E-1 3.11694E-1 3.16572E-1 3.18833E-1 3.17903E-1 3.18823E-1 3.22326E-1 3.21386E-1 3.17844E-1 3.1521E-1 3.19018E-1 3.15464E-1 3.13415E-1 3.14609E-1 3.17113E-1 3.20062E-1 3.19756E-1 3.22702E-1 3.25282E-1 3.29467E-1 3.27808E-1 3.27178E-1 3.1859E-1 3.20389E-1 3.25109E-1 3.24973E-1 3.24416E-1 3.23145E-1 3.22882E-1 3.27149E-1 3.24591E-1 3.24606E-1 3.24313E-1 3.29713E-1 3.28093E-1 3.33058E-1 3.32209E-1 3.32076E-1 3.39064E-1 3.48872E-1 -9999 -9999 -9999 -9999 -9999 -9999 -9999 -9999 -9999 -9999 -9999 4.53778E-1 4.54033E-1 7.26646E-1 -9999 -9999 -9999
3.09551E-1 3.09753E-1 3.11531E-1 3.11791E-1 3.12028E-1 3.18438E-1 3.15325E-1 3.13952E-1 3.15376E-1 3.17354E-1 3.23455E-1 3.24825E-1 3.22171E-1 3.2151E-1 3.20862E-1 3.17031E-1 3.15702E-1 3.1551E-1 3.18441E-1 3.17897E-1 3.17992E-1 3.22113E-1 3.26769E-1 3.31533E-1 3.21592E-1 3.25664E-1 3.20392E-1 3.21182E-1 3.20541E-1 3.22397E-1 3.17178E-1 3.17707E-1 3.1517E-1 3.19727E-1 3.18994E-1 3.22193E-1 3.23261E-1 3.28958E-1 3.26076E-1 3.28688E-1 3.30637E-1 3.37668E-1 3.34405E-1 3.79978E-1 -9999 3.36676E-1 3.35366E-1 3.42376E-1 3.49793E-1 3.56141E-1 -9999 -9999 -9999 -9999 -9999 4.52772E-1 5.95628E-1 9.11821E-1 9.69479E-1 -9999 -9999
3.15215E-1 3.17822E-1 3.13325E-1 3.23861E-1 3.19391E-1 3.17873E-1 3.20777E-1 3.18022E-1 3.23212E-1 3.23865E-1 3.30161E-1 3.34334E-1 3.3268E-1 3.28166E-1 3.23041E-1 3.24263E-1 3.15985E-1 3.17064E-1 3.16728E-1 3.17695E-1 3.19988E-1 3.23519E-1 3.24817E-1 3.21494E-1 3.21713E-1 3.20538E-1 3.25556E-1 3.25038E-1 3.21365E-1 3.19779E-1 3.1945E-1 3.17665E-1 3.19011E-1 3.18585E-1 3.18145E-1 3.17626E-1 3.20372E-1 3.20901E-1 3.26331E-1 3.2713E-1 3.28763E-1 3.3911E-1 3.57695E-1 3.77834E-1 3.25356E-1 3.22823E-1 3.27416E-1 3.28204E-1 3.30843E-1 3.33762E-1 3.45625E-1 6.74447E-1 -9999 -9999 -9999 -9999 4.90832E-1 4.41337E-1 -9999 -9999 -9999
3.29881E-1 3.32184E-1 3.18648E-1 3.17768E-1 3.23141E-1 3.23772E-1 3.29133E-1 3.28426E-1 3.32385E-1 3.35422E-1 3.34416E-1 3.4692E-1 3.39471E-1 3.30764E-1 3.2776E-1 3.26344E-1 3.19579E-1 3.17607E-1 3.1921E-1 3.20983E-1 3.18993E-1 3.20055E-1 3.1622E-1 3.18166E-1 3.18216E-1 3.21551E-1 3.21138E-1 3.21184E-1 3.23856E-1 3.19026E-1 3.18441E-1 3.17078E-1 3.16768E-1 3.23819E-1 3.22163E-1 3.19162E-1 3.19364E-1 3.2099E-1 3.2627E-1 3.27382E-1 3.31111E-1 3.38429E-1 3.44583E-1 3.42235E-1 3.52574E-1 3.45605E-1 3.53373E-1 3.47815E-1 3.48593E-1 3.4181E-1 3.38426E-1 3.57158E-1 -9999 -9999 -9999 -9999 -9999 -9999 -9999 -9999 9.84213E-1
3.15279E-1 3.18838E-1 3.18495E-1 3.18271E-1 3.23378E-1 3.23743E-1 3.2455E-1 3.24682E-1 3.25056E-1 3.29998E-1 3.32281E-1 3.36515E-1 3.29516E-1 3.28431E-1 3.23829E-1 3.22536E-1 3.22425E-1 3.22411E-1 3.24738E-1 3.23341E-1 3.22078E-1 3.16159E-1 3.15652E-1 3.19868E-1 3.19812E-1 3.20503E-1 3.19107E-1 3.21663E-1 3.23283E-1 3.18975E-1 3.16493E-1 3.13482E-1 3.13352E-1 3.15076E-1 3.14521E-1 3.17943E-1 3.21297E-1 3.16925E-1 3.15574E-1 3.21009E-1 3.29035E-1 3.29196E-1 3.2917E-1 3.31857E-1 3.5397E-1 -9999 -9999 -9999 3.71919E-1 3.61222E-1 3.47236E-1 3.55178E-1 -9999 -9999 -9999 -9999 -9999 -9999 -9999 -9999 9.78674E-1
3.15827E-1 3.16979E-1 3.16375E-1 3.1913E-1 3.20222E-1 3.20626E-1 3.27029E-1 3.31507E-1 3.35149E-1 3.33287E-1 3.3691E-1 3.35029E-1 3.3471E-1 3.31362E-1 3.2956E-1 3.32763E-1 3.2398E-1 3.24875E-1 3.2487E-1 3.26613E-1 3.21166E-1 3.19602E-1 3.1699E-1 3.24461E-1 3.24023E-1 3.19119E-1 3.20523E-1 3.24741E-1 3.20565E-1 3.15196E-1 3.15894E-1 3.13505E-1 3.15085E-1 3.2215E-1 3.20785E-1 3.17272E-1 3.20229E-1 3.15976E-1 3.14548E-1 3.19759E-1 3.25047E-1 3.26035E-1 3.1877E-1 3.19319E-1 3.26382E-1 3.3639E-1 3.34574E-1 -9999 -9999 -9999 -9999 -9999 -9999 -9999 -9999 -9999 -9999 -9999 7.12767E-1 -9999 9.80755E-1
3.13923E-1 3.19867E-1 3.21223E-1 3.24417E-1 3.23066E-1 3.25618E-1 3.29115E-1 3.3301E-1 3.33937E-1 3.35601E-1 3.32445E-1 3.33057E-1 3.27916E-1 3.28821E-1 3.30465E-1 3.31337E-1 3.32443E-1 3.34235E-1 3.27718E-1 3.28249E-1 3.21128E-1 3.19142E-1 3.18517E-1 3.20535E-1 3.33781E-1 3.2903E-1 3.2267E-1 3.23153E-1 3.19217E-1 3.182E-1 3.16788E-1 3.13788E-1 3.19445E-1 3.18122E-1 3.18639E-1 3.20774E-1 3.22347E-1 3.21541E-1 3.1844E-1 3.16368E-1 3.16325E-1 3.11481E-1 3.11514E-1 3.11429E-1 3.15172E-1 3.20173E-1 3.2809E-1 -9999 -9999 -9999 -9999 -9999 -9999 -9999 9.82809E-1 -9999 -9999 -9999 -9999 -9999 9.85268E-1
3.16108E-1 3.20406E-1 3.22249E-1 3.23004E-1 3.20386E-1 3.23756E-1 3.30336E-1 3.33688E-1 3.37065E-1 3.35531E-1 3.37788E-1 3.34895E-1 3.32564E-1 3.31208E-1 3.3436E-1 3.32653E-1 3.30937E-1 3.29049E-1 3.32687E-1 3.29642E-1 3.23246E-1 3.24111E-1 3.24445E-1 3.19185E-1 3.39676E-1 3.4378E-1 3.22513E-1 3.23307E-1 3.16515E-1 3.10455E-1 3.13316E-1 3.13522E-1 3.13722E-1 3.14741E-1 3.17469E-1 3.20657E-1 3.1863E-1 3.1851E-1 3.14487E-1 3.16744E-1 3.14117E-1 3.12061E-1 3.08848E-1 3.10112E-1 3.21532E-1 3.21777E-1 3.28748E-1 5.47681E-1 -9999 -9999 -9999 -9999 -9999 -9999 -9999 -9999 -9999 -9999 6.04774E-1 4.72691E-1 -9999
3.20547E-1 3.21182E-1 3.19309E-1 3.21769E-1 3.25634E-1 3.29092E-1 3.2894E-1 3.29995E-1 3.282E-1 3.28306E-1 3.32167E-1 3.32708E-1 3.32923E-1 3.36919E-1 3.36794E-1 3.36081E-1 3.33579E-1 3.34828E-1 3.31015E-1 3.25682E-1 3.26298E-1 3.22919E-1 3.22412E-1 3.24391E-1 3.22369E-1 3.22554E-1 3.16854E-1 3.13539E-1 3.10691E-1 3.13738E-1 3.15137E-1 3.15692E-1 3.14956E-1 3.14372E-1 3.1566E-1 3.16979E-1 3.16693E-1 3.14455E-1 3.09648E-1 3.14053E-1 3.10055E-1 3.08009E-1 3.07617E-1 3.13098E-1 3.07684E-1 3.07578E-1 3.15667E-1 3.22112E-1 3.27743E-1 3.41215E-1 3.51744E-1 -9999 -9999 -9999 -9999 -9999 -9999 -9999 4.3076E-1 4.22184E-1 4.37619E-1
3.18042E-1 3.20439E-1 3.22073E-1 3.2954E-1 3.29269E-1 3.26142E-1 3.29035E-1 3.30963E-1 3.2745E-1 3.30205E-1 3.34598E-1 3.36232E-1 3.38849E-1 3.36144E-1 3.37895E-1 3.39615E-1 3.32606E-1 3.35039E-1 3.31296E-1 3.31155E-1 3.26645E-1 3.2763E-1 3.24937E-1 3.29065E-1 3.25118E-1 3.18985E-1 3.19281E-1 3.1686E-1 3.15239E-1 3.15091E-1 3.16149E-1 3.14572E-1 3.1657E-1 3.16289E-1 3.17494E-1 3.16124E-1 3.12418E-1 3.10076E-1 3.1246E-1 3.14303E-1 3.12198E-1 3.07578E-1 3.03565E-1 3.04424E-1 3.0515E-1 3.04617E-1 3.08263E-1 3.15208E-1 3.18891E-1 3.26891E-1 3.47491E-1 3.71727E-1 -9999 -9999 -9999 -9999 -9999 -9999 4.18786E-1 4.05954E-1 4.90973E-1
3.21291E-1 3.2258E-1 3.27035E-1 3.31282E-1 3.30419E-1 3.26864E-1 3.3142E-1 3.31367E-1 3.34304E-1 3.39072E-1 3.38961E-1 3.38889E-1 3.38711E-1 3.38726E-1 3.41589E-1 3.43232E-1 3.44366E-1 3.41892E-1 3.37252E-1 3.36786E-1 3.33907E-1 3.29847E-1 3.25133E-1 3.26308E-1 3.24552E-1 3.23499E-1 3.2478E-1 3.19878E-1 3.20589E-1 3.19195E-1 3.19462E-1 3.15124E-1 3.18621E-1 3.1709E-1 3.11811E-1 3.10809E-1 3.13472E-1 3.21404E-1 3.10428E-1 3.11186E-1 3.10794E-1 3.06616E-1 3.05719E-1 3.05222E-1 3.0659E-1 3.07079E-1 3.07687E-1 3.09764E-1 3.12664E-1 3.24383E-1 3.37629E-1 3.53526E-1 3.69081E-1 -9999 -9999 -9999 -9999 -9999 -9999 -9999 5.49422E-1
3.18933E-1 3.22151E-1 3.28785E-1 3.32178E-1 3.32948E-1 3.3046E-1 3.30095E-1 3.33125E-1 3.38722E-1 3.37743E-1 3.36146E-1 3.41734E-1 3.37606E-1 3.41795E-1 3.45115E-1 3.47433E-1 3.4765E-1 3.4302E-1 3.40421E-1 3.40292E-1 3.3746E-1 3.35268E-1 3.3345E-1 3.30079E-1 3.2664E-1 3.32559E-1 3.25707E-1 3.24013E-1 3.19503E-1 3.19306E-1 3.17217E-1 3.10789E-1 3.13785E-1 3.18084E-1 3.12023E-1 3.18267E-1 3.20264E-1 3.14826E-1 3.11725E-1 3.13465E-1 3.11335E-1 3.07363E-1 3.06621E-1 3.06286E-1 3.07718E-1 3.12632E-1 3.13999E-1 3.12092E-1 3.15538E-1 3.24065E-1 3.38107E-1 3.51263E-1 3.70704E-1 3.7967E-1 -9999 -9999 -9999 -9999 4.1381E-1 4.22165E-1 4.24643E-1
3.20915E-1 3.28045E-1 3.33976E-1 3.31643E-1 3.3155E-1 3.34987E-1 3.35278E-1 3.3529E-1 3.41181E-1 3.45839E-1 3.42237E-1 3.44027E-1 3.44985E-1 3.5278E-1 3.49493E-1 3.52847E-1 3.5219E-1 3.47354E-1 3.44986E-1 3.38312E-1 3.33295E-1 3.34997E-1 3.47878E-1 3.35948E-1 3.30678E-1 3.33288E-1 3.31098E-1 3.25956E-1 3.21456E-1 3.2144E-1 3.23648E-1 3.18429E-1 3.1751E-1 3.2076E-1 3.18351E-1 3.1632E-1 3.13713E-1 3.12803E-1 3.11853E-1 3.09228E-1 3.0934E-1 3.08351E-1 3.08246E-1 3.07455E-1 3.08788E-1 3.13985E-1 3.18995E-1 3.24032E-1 3.28133E-1 3.37578E-1 3.54402E-1 3.7142E-1 3.74292E-1 3.88854E-1 -9999 -9999 -9999 4.11323E-1 4.14348E-1 4.02557E-1 4.16266E-1
3.26694E-1 3.30284E-1 3.33778E-1 3.37632E-1 3.38043E-1 3.38429E-1 3.44987E-1 3.43767E-1 3.46616E-1 3.52616E-1 3.56252E-1 3.56256E-1 3.5635E-1 3.53953E-1 3.54084E-1 3.52391E-1 3.45275E-1 3.45445E-1 3.48597E-1 3.46283E-1 3.38432E-1 3.34833E-1 3.37563E-1 3.35784E-1 3.38994E-1 3.41054E-1 3.30928E-1 3.27211E-1 3.27368E-1 3.25374E-1 3.26865E-1 3.23641E-1 3.23378E-1 3.20101E-1 3.15091E-1 3.13019E-1 3.13563E-1 3.14393E-1 3.12171E-1 3.09233E-1 3.14184E-1 3.12228E-1 3.10999E-1 3.12057E-1 3.121E-1 3.17885E-1 3.25724E-1 3.31259E-1 3.34618E-1 3.46214E-1 3.63437E-1 3.72963E-1 3.84564E-1 3.87098E-1 3.83196E-1 3.90525E-1 4.06275E-1 4.12497E-1 4.08352E-1 4.03089E-1 4.0714E-1
3.28478E-1 3.28854E-1 3.31831E-1 3.37141E-1 3.38846E-1 3.40031E-1 3.45736E-1 3.46329E-1 3.51653E-1 3.52975E-1 3.55563E-1 3.56107E-1 3.57695E-1 3.57828E-1 3.55363E-1 3.511E-1 3.50801E-1 3.48885E-1 3.50616E-1 3.51898E-1 3.45375E-1 3.4138E-1 3.41056E-1 3.37022E-1 3.37608E-1 3.33602E-1 3.30811E-1 3.28646E-1 3.35022E-1 3.28687E-1 3.27811E-1 3.28048E-1 3.20997E-1 3.2177E-1 3.18573E-1 3.18001E-1 3.15399E-1 3.1903E-1 3.23491E-1 3.19718E-1 3.14717E-1 3.1125E-1 3.0885E-1 3.09962E-1 3.13117E-1 3.23631E-1 3.34753E-1 3.36002E-1 3.45183E-1 3.56288E-1 3.64158E-1 3.71974E-1 3.685E-1 3.7321E-1 3.69511E-1 3.75548E-1 4.03228E-1 4.16103E-1 4.09355E-1 4.02578E-1 4.07527E-1
3.33145E-1 3.35131E-1 3.39068E-1 3.42764E-1 3.48009E-1 3.51186E-1 3.5475E-1 3.50712E-1 3.50543E-1 3.55391E-1 3.57293E-1 3.5783E-1 3.63569E-1 3.62905E-1 3.5652E-1 3.60036E-1 3.63725E-1 3.68861E-1 3.66082E-1 3.59795E-1 3.52757E-1 3.49065E-1 3.44465E-1 3.40261E-1 3.39948E-1 3.43903E-1 3.34551E-1 3.31891E-1 3.37739E-1 3.27155E-1 3.23352E-1 3.26348E-1 3.21819E-1 3.28697E-1 3.23042E-1 3.1844E-1 3.17862E-1 3.20528E-1 3.18511E-1 3.19353E-1 3.18828E-1 3.13988E-1 3.12329E-1 3.18848E-1 3.27195E-1 3.26694E-1 3.28566E-1 3.42999E-1 3.43284E-1 3.44716E-1 3.52203E-1 3.63626E-1 3.61638E-1 3.62786E-1 3.65071E-1 3.69334E-1 3.80196E-1 3.8636E-1 3.91281E-1 3.88089E-1 3.9469E-1
3.32705E-1 3.41288E-1 3.35582E-1 3.41782E-1 3.49863E-1 3.49159E-1 3.60103E-1 3.55421E-1 3.50625E-1 3.47544E-1 3.53979E-1 3.56669E-1 3.60417E-1 3.7102E-1 3.66969E-1 3.67718E-1 3.75939E-1 3.70619E-1 3.76838E-1 3.72654E-1 3.64015E-1 3.52238E-1 3.52834E-1 3.4481E-1 3.46816E-1 3.50275E-1 3.48218E-1 3.45896E-1 3.40109E-1 3.33672E-1 3.26863E-1 3.31414E-1 3.28799E-1 3.29523E-1 3.29464E-1 3.27251E-1 3.26422E-1 3.23423E-1 3.22217E-1 3.2085E-1 3.22526E-1 3.22724E-1 3.25532E-1 3.27933E-1 3.2732E-1 3.25493E-1 3.25638E-1 3.34199E-1 3.35136E-1 3.33546E-1 3.45427E-1 3.46401E-1 3.57246E-1 3.62472E-1 3.70793E-1 3.76702E-1 3.74649E-1 3.76187E-1 3.76761E-1 3.84264E-1 3.92041E-1
3.33563E-1 3.39251E-1 3.40274E-1 3.4356E-1 3.52664E-1 3.55942E-1 3.65268E-1 3.58367E-1 3.53287E-1 3.59477E-1 3.67437E-1 3.75469E-1 3.62374E-1 3.71363E-1 3.66059E-1 3.65353E-1 3.75481E-1 3.73E-1 3.70158E-1 3.69387E-1 3.61806E-1 3.51661E-1 3.48236E-1 3.52574E-1 3.46712E-1 3.42425E-1 3.3934E-1 3.43627E-1 3.46216E-1 3.36195E-1 3.32163E-1 3.31841E-1 3.31385E-1 3.33718E-1 3.32085E-1 3.26818E-1 3.26975E-1 3.25914E-1 3.26198E-1 3.33092E-1 3.33692E-1 3.28223E-1 3.25988E-1 3.28488E-1 3.29101E-1 3.29757E-1 3.36057E-1 3.40614E-1 3.46976E-1 3.44713E-1 3.49325E-1 3.51734E-1 3.55542E-1 3.60601E-1 3.6956E-1 3.77499E-1 3.7547E-1 3.76007E-1 3.74369E-1 3.81543E-1 3.86855E-1
3.36626E-1 3.47886E-1 3.44772E-1 3.48877E-1 3.52817E-1 3.60902E-1 3.59903E-1 3.65306E-1 3.64462E-1 3.68675E-1 3.62761E-1 3.74702E-1 3.82319E-1 3.82403E-1 3.83451E-1 3.83566E-1 3.78547E-1 3.72924E-1 3.64595E-1 3.66273E-1 3.65702E-1 3.56568E-1 3.4695E-1 3.45714E-1 3.43941E-1 3.47194E-1 3.48569E-1 3.49575E-1 3.54466E-1 3.4919E-1 3.38322E-1 3.3614E-1 3.38858E-1 3.42179E-1 3.3828E-1 3.36641E-1 3.37392E-1 3.36711E-1 3.34986E-1 3.42265E-1 3.42534E-1 3.31768E-1 3.32046E-1 3.30127E-1 3.29627E-1 3.37325E-1 3.38221E-1 3.42671E-1 3.44005E-1 3.47989E-1 3.53811E-1 3.54483E-1 3.57152E-1 3.72463E-1 3.9801E-1 3.81655E-1 3.79821E-1 3.73438E-1 3.78959E-1 3.79806E-1 3.83316E-1
3.42658E-1 3.48036E-1 3.53716E-1 3.85433E-1 4.23645E-1 4.11966E-1 3.8621E-1 3.72992E-1 3.73548E-1 3.72283E-1 3.64046E-1 3.69102E-1 3.77604E-1 3.76026E-1 3.83924E-1 3.86799E-1 3.94528E-1 3.78582E-1 3.72483E-1 3.64844E-1 3.68502E-1 3.68578E-1 3.62704E-1 3.55915E-1 3.55827E-1 3.55952E-1 3.55401E-1 3.53447E-1 3.50113E-1 3.5367E-1 3.47391E-1 3.4785E-1 3.49959E-1 3.48156E-1 3.47945E-1 3.49047E-1 3.53281E-1 3.44232E-1 3.40005E-1 3.43457E-1 3.46214E-1 3.4054E-1 3.35413E-1 3.41847E-1 3.35954E-1 3.40792E-1 3.47623E-1 3.40636E-1 3.43035E-1 3.49809E-1 3.56362E-1 3.56022E-1 3.71077E-1 3.76622E-1 3.85409E-1 3.7762E-1 3.79235E-1 3.82474E-1 3.88422E-1 3.81287E-1 3.82857E-1
3.49955E-1 3.62055E-1 3.96954E-1 4.64565E-1 4.50912E-1 4.66723E-1 4.61998E-1 4.04038E-1 3.82521E-1 3.78843E-1 3.72941E-1 3.91375E-1 3.77275E-1 3.7455E-1 3.83968E-1 3.78886E-1 3.83932E-1 3.66959E-1 3.69593E-1 3.72333E-1 3.6428E-1 3.71965E-1 3.70302E-1 3.72798E-1 3.65191E-1 3.64309E-1 3.56065E-1 3.56922E-1 3.59687E-1 3.54753E-1 3.57911E-1 3.61566E-1 3.58008E-1 3.53878E-1 3.55995E-1 3.56353E-1 3.62909E-1 3.65121E-1 3.63662E-1 3.55344E-1 3.54717E-1 3.55737E-1 3.55336E-1 3.54884E-1 3.53827E-1 3.49494E-1 3.45411E-1 3.44178E-1 3.48219E-1 3.49667E-1 3.58932E-1 3.58074E-1 3.69409E-1 3.66387E-1 3.73699E-1 3.70007E-1 3.7515E-1 3.82284E-1 3.85706E-1 3.8339E-1 3.90698E-1
3.617E-1 3.69389E-1 4.4583E-1 5.03351E-1 4.99398E-1 5.39943E-1 5.50038E-1 5.13613E-1 3.97897E-1 3.84853E-1 3.95467E-1 4.05783E-1 3.76439E-1 3.7865E-1 3.8278E-1 3.82943E-1 3.77776E-1 3.73025E-1 4.00669E-1 3.84189E-1 3.73915E-1 3.72505E-1 3.77793E-1 3.76349E-1 3.72857E-1 3.67221E-1 3.64958E-1 3.70499E-1 3.72905E-1 3.74576E-1 3.67538E-1 3.74136E-1 3.7379E-1 3.64189E-1 3.69026E-1 3.67086E-1 3.65398E-1 3.67092E-1 3.69852E-1 3.64368E-1 3.6325E-1 3.59119E-1 3.58077E-1 3.61799E-1 3.5551E-1 3.57356E-1 3.58225E-1 3.57029E-1 3.55271E-1 3.58255E-1 3.58014E-1 3.62287E-1 3.66317E-1 3.71414E-1 3.72146E-1 3.751E-1 3.77506E-1 3.87179E-1 3.88786E-1 3.83075E-1 3.79542E-1
3.61419E-1 3.85144E-1 5.06474E-1 5.43289E-1 5.60416E-1 5.68584E-1 5.73238E-1 5.00421E-1 4.05883E-1 3.9629E-1 4.0001E-1 3.87935E-1 3.95289E-1 3.91992E-1 3.8924E-1 3.83114E-1 3.91893E-1 3.56641E-1 3.74821E-1 4.09323E-1 3.84661E-1 3.7804E-1 3.77436E-1 3.83794E-1 3.75766E-1 3.71555E-1 3.72913E-1 3.71251E-1 3.71777E-1 3.71855E-1 3.78695E-1 3.78358E-1 3.75681E-1 3.69213E-1 3.7011E-1 3.75853E-1 3.72784E-1 3.67599E-1 3.70794E-1 3.72277E-1 3.68735E-1 3.71095E-1 3.67931E-1 3.67194E-1 3.51796E-1 3.40074E-1 3.39799E-1 3.49206E-1 3.54215E-1 3.62317E-1 3.68708E-1 3.72944E-1 3.78892E-1 3.70652E-1 3.77333E-1 3.80326E-1 3.80514E-1 3.8986E-1 3.86103E-1 3.83066E-1 3.74557E-1
3.57919E-1 3.70792E-1 4.76214E-1 5.20415E-1 5.25027E-1 5.50389E-1 5.6077E-1 4.49448E-1 3.97743E-1 3.9691E-1 3.94964E-1 3.92729E-1 3.94081E-1 4.02248E-1 4.17057E-1 4.45462E-1 4.09875E-1 3.95113E-1 3.78394E-1 3.83687E-1 3.78079E-1 3.78495E-1 3.85748E-1 3.80385E-1 3.74402E-1 3.7212E-1 3.72091E-1 3.76152E-1 3.84354E-1 3.7496E-1 3.74028E-1 3.7194E-1 3.76943E-1 3.78656E-1 3.77318E-1 3.77446E-1 3.73299E-1 3.76273E-1 3.7991E-1 3.79336E-1 3.7769E-1 3.78138E-1 3.7952E-1 3.65722E-1 3.4544E-1 3.48331E-1 3.46678E-1 3.54141E-1 3.60741E-1 3.71916E-1 3.77261E-1 3.79057E-1 3.64041E-1 3.76577E-1 3.79933E-1 3.8264E-1 3.86692E-1 3.78845E-1 3.72819E-1 3.75952E-1 3.80431E-1
