maxent_outputs/red_flowers_troch_bombus_environ/red_245.asc
ncols         426
nrows         180
xllcorner     -130.0
yllcorner     24.0
cellsize      0.16666666666666666
NODATA_value  -9999
[rows 108 to 134 of 180, columns 183 to 243 of 426]
2.49403E-1 2.49255E-1 2.60665E-1 2.70827E-1 2.76373E-1 2.82722E-1 2.88299E-1 2.99158E-1 3.11712E-1 3.2607E-1 3.32776E-1 3.36776E-1 3.52832E-1 3.5311E-1 3.45653E-1 3.46961E-1 3.46819E-1 3.66199E-1 3.74698E-1 3.87933E-1 4.09181E-1 4.40064E-1 4.85893E-1 5.14155E-1 5.36493E-1 5.78522E-1 5.81261E-1 5.84217E-1 5.55882E-1 5.74146E-1 6.00375E-1 6.23011E-1 6.4284E-1 6.53609E-1 6.5189E-1 6.44339E-1 6.37116E-1 6.33267E-1 6.25751E-1 6.26014E-1 5.97461E-1 6.15102E-1 6.60869E-1 7.01469E-1 7.21425E-1 7.32662E-1 7.37932E-1 7.75458E-1 8.1033E-1 8.37705E-1 8.36785E-1 8.13001E-1 8.05884E-1 8.09256E-1 8.25148E-1 8.11289E-1 8.14829E-1 8.19589E-1 8.22767E-1 8.37651E-1 8.16307E-1
2.50817E-1 2.56321E-1 2.67727E-1 2.7418E-1 2.90597E-1 2.97695E-1 2.98057E-1 2.99513E-1 3.10381E-1 3.30669E-1 3.45675E-1 3.55415E-1 3.68838E-1 3.65697E-1 3.57908E-1 3.57909E-1 3.57304E-1 3.65262E-1 3.78501E-1 3.94266E-1 4.17435E-1 4.45815E-1 4.78495E-1 5.10011E-1 5.33381E-1 5.70762E-1 5.86447E-1 5.77402E-1 5.37681E-1 5.76723E-1 6.26909E-1 6.58382E-1 6.70048E-1 6.84269E-1 6.7913E-1 6.72213E-1 6.65375E-1 6.58043E-1 6.56461E-1 6.56794E-1 6.50011E-1 6.51625E-1 6.94679E-1 7.25918E-1 7.49851E-1 7.60659E-1 7.67985E-1 8.03962E-1 8.3186E-1 8.49981E-1 8.38889E-1 8.16583E-1 7.92646E-1 8.02235E-1 8.34845E-1 8.15442E-1 8.10471E-1 8.17387E-1 8.23206E-1 8.37071E-1 8.20633E-1
2.72019E-1 2.74889E-1 2.82076E-1 2.96014E-1 3.08132E-1 3.10166E-1 3.14672E-1 3.10031E-1 3.19012E-1 3.29015E-1 3.56017E-1 3.70097E-1 3.80687E-1 3.71239E-1 3.6296E-1 3.62637E-1 3.739E-1 3.90607E-1 3.93602E-1 4.09136E-1 4.32183E-1 4.55119E-1 4.72633E-1 4.86417E-1 5.19735E-1 5.79929E-1 5.90258E-1 5.742E-1 5.66286E-1 5.96777E-1 6.40891E-1 6.74986E-1 6.93849E-1 7.14046E-1 7.25406E-1 6.99298E-1 6.87133E-1 6.78909E-1 6.91376E-1 6.89636E-1 6.91535E-1 6.98339E-1 7.29714E-1 7.74137E-1 7.91651E-1 7.91526E-1 8.00603E-1 8.2813E-1 8.54222E-1 8.49541E-1 8.47665E-1 8.27265E-1 8.18387E-1 8.17956E-1 8.34478E-1 8.23815E-1 8.08643E-1 8.16289E-1 8.11324E-1 8.22199E-1 8.2824E-1
2.77469E-1 2.82541E-1 2.97576E-1 3.09481E-1 3.18744E-1 3.16972E-1 3.21067E-1 3.33719E-1 3.45719E-1 3.69509E-1 3.7621E-1 3.81784E-1 3.86759E-1 3.96235E-1 3.86028E-1 3.88161E-1 4.00082E-1 4.17159E-1 4.22932E-1 4.32035E-1 4.4459E-1 4.61883E-1 4.80414E-1 4.89647E-1 5.24416E-1 5.72987E-1 5.96583E-1 5.97787E-1 5.95149E-1 6.27085E-1 6.80777E-1 7.02443E-1 7.07253E-1 7.31611E-1 7.38737E-1 7.17871E-1 6.92173E-1 6.97518E-1 7.04198E-1 7.1528E-1 7.12662E-1 7.32266E-1 7.58677E-1 7.90467E-1 8.24845E-1 8.28696E-1 8.47379E-1 8.545E-1 8.66444E-1 8.70095E-1 8.50793E-1 8.2488E-1 8.28459E-1 8.39968E-1 8.46427E-1 8.3323E-1 8.2255E-1 8.15043E-1 8.10543E-1 8.2316E-1 8.32729E-1
2.83323E-1 2.87682E-1 3.07916E-1 3.24232E-1 3.19249E-1 3.18631E-1 3.34719E-1 3.512E-1 3.57826E-1 3.78891E-1 3.86634E-1 3.99033E-1 4.16162E-1 4.25653E-1 4.20354E-1 4.2225E-1 4.468E-1 4.60821E-1 4.52606E-1 4.60936E-1 4.70287E-1 4.82176E-1 4.94618E-1 5.30589E-1 5.44259E-1 5.71527E-1 5.82081E-1 5.96683E-1 6.28891E-1 6.63765E-1 6.96208E-1 7.09198E-1 7.14831E-1 7.33157E-1 7.48193E-1 7.57707E-1 7.25142E-1 7.20383E-1 7.27115E-1 7.34884E-1 7.52041E-1 7.87614E-1 8.19608E-1 8.45519E-1 8.55434E-1 8.74815E-1 8.85052E-1 8.81949E-1 8.86071E-1 8.73945E-1 8.61224E-1 8.45553E-1 8.50622E-1 8.6275E-1 8.55935E-1 8.40307E-1 8.31182E-1 8.18381E-1 8.22053E-1 8.34313E-1 8.40312E-1
3.02702E-1 3.09068E-1 3.20939E-1 3.27419E-1 3.27982E-1 3.28498E-1 3.42646E-1 3.53696E-1 3.63238E-1 3.74539E-1 3.84531E-1 4.00399E-1 4.1744E-1 4.31851E-1 4.40649E-1 4.5266E-1 4.72044E-1 4.86751E-1 4.79769E-1 4.80655E-1 4.9873E-1 5.04512E-1 5.26019E-1 5.50194E-1 5.56266E-1 5.80341E-1 6.00582E-1 6.06755E-1 6.46241E-1 6.86213E-1 7.07048E-1 7.00581E-1 6.91717E-1 7.06998E-1 7.34752E-1 7.22794E-1 6.9212E-1 7.05405E-1 7.39134E-1 7.66161E-1 7.83697E-1 8.41166E-1 8.60506E-1 8.72555E-1 8.91643E-1 8.96113E-1 8.97455E-1 8.86791E-1 8.77742E-1 8.68758E-1 8.69633E-1 8.8063E-1 8.80307E-1 8.65813E-1 8.58015E-1 8.43999E-1 8.41426E-1 8.41637E-1 8.38954E-1 8.49234E-1 8.53044E-1
3.30353E-1 3.33259E-1 3.34077E-1 3.46976E-1 3.54884E-1 3.56472E-1 3.57459E-1 3.59953E-1 3.6539E-1 3.76053E-1 3.81085E-1 4.00799E-1 4.21329E-1 4.35069E-1 4.56627E-1 4.72963E-1 4.95785E-1 5.03727E-1 5.00695E-1 5.09941E-1 5.20118E-1 5.41878E-1 5.56444E-1 5.63934E-1 5.7212E-1 5.84151E-1 5.92097E-1 6.01447E-1 6.40523E-1 6.89895E-1 7.15583E-1 7.16939E-1 6.82048E-1 7.18925E-1 7.26458E-1 7.26723E-1 7.35053E-1 7.59209E-1 7.88622E-1 8.15675E-1 8.43674E-1 8.71591E-1 8.63551E-1 8.69491E-1 8.79595E-1 8.90782E-1 8.90089E-1 8.74407E-1 8.6094E-1 8.43745E-1 8.47513E-1 8.6261E-1 8.7051E-1 8.64717E-1 8.47873E-1 8.48074E-1 8.41985E-1 8.4607E-1 8.50592E-1 8.62362E-1 8.7508E-1
3.40818E-1 3.43329E-1 3.54191E-1 3.64886E-1 3.8678E-1 3.93546E-1 3.84087E-1 3.7169E-1 3.63351E-1 3.72939E-1 4.00102E-1 4.20795E-1 4.39684E-1 4.6234E-1 4.69973E-1 4.77542E-1 5.02983E-1 5.04042E-1 5.186E-1 5.34177E-1 5.54868E-1 5.75016E-1 5.82127E-1 5.85541E-1 5.7718E-1 5.8311E-1 5.9813E-1 6.33562E-1 6.72463E-1 7.06101E-1 7.46136E-1 7.51956E-1 7.26881E-1 7.31772E-1 7.48695E-1 7.77194E-1 7.8958E-1 8.20161E-1 8.49091E-1 8.61683E-1 8.78073E-1 8.9461E-1 8.91391E-1 8.93127E-1 8.84619E-1 8.87439E-1 8.76631E-1 8.62285E-1 8.5111E-1 8.30176E-1 8.30156E-1 8.38772E-1 8.51091E-1 8.43803E-1 8.37554E-1 8.36982E-1 8.51819E-1 8.48743E-1 8.55534E-1 8.67364E-1 8.74909E-1
3.57467E-1 3.5979E-1 3.64845E-1 3.74881E-1 3.89542E-1 3.96481E-1 4.03734E-1 3.9807E-1 3.89014E-1 3.90707E-1 4.17486E-1 4.38743E-1 4.50207E-1 4.67426E-1 4.67778E-1 4.59914E-1 4.76379E-1 4.96485E-1 5.14441E-1 5.44787E-1 5.80327E-1 6.0028E-1 6.07285E-1 5.97425E-1 5.83744E-1 5.8894E-1 6.2295E-1 6.52099E-1 6.95285E-1 7.38436E-1 7.60768E-1 7.69473E-1 7.87523E-1 7.86128E-1 7.89343E-1 7.98543E-1 8.45215E-1 8.62538E-1 8.69309E-1 8.81112E-1 8.90692E-1 9.06388E-1 8.96396E-1 8.9259E-1 8.9038E-1 8.82891E-1 8.78539E-1 8.60212E-1 8.37306E-1 8.21012E-1 8.1596E-1 8.22851E-1 8.31885E-1 8.43993E-1 8.31058E-1 8.36719E-1 8.47884E-1 8.50972E-1 8.57735E-1 8.67556E-1 8.69811E-1
3.85163E-1 3.88058E-1 3.79548E-1 3.84068E-1 4.04728E-1 4.15581E-1 4.301E-1 4.22589E-1 4.22008E-1 4.24065E-1 4.3203E-1 4.54933E-1 4.74854E-1 4.93678E-1 4.98081E-1 4.77266E-1 4.74525E-1 4.97147E-1 5.25699E-1 5.62558E-1 6.03577E-1 6.19744E-1 6.16156E-1 6.05855E-1 6.03784E-1 6.02286E-1 6.36105E-1 6.60613E-1 7.05367E-1 7.425E-1 7.58022E-1 7.72717E-1 8.24491E-1 8.51822E-1 8.52459E-1 8.53601E-1 8.58756E-1 8.70847E-1 8.84621E-1 8.92396E-1 8.97251E-1 9.00137E-1 9.0118E-1 9.03603E-1 9.04134E-1 8.9677E-1 8.83405E-1 8.55666E-1 8.26082E-1 8.05734E-1 7.98695E-1 7.9948E-1 8.17041E-1 8.27512E-1 8.24471E-1 8.28138E-1 8.33151E-1 8.40943E-1 8.59679E-1 8.73388E-1 8.70409E-1
4.07294E-1 4.13342E-1 4.12774E-1 4.23324E-1 4.24561E-1 4.36315E-1 4.49243E-1 4.54064E-1 4.54369E-1 4.45071E-1 4.5896E-1 4.73554E-1 4.94225E-1 5.29658E-1 5.49756E-1 5.32794E-1 5.21897E-1 5.32065E-1 5.48244E-1 5.73265E-1 5.97223E-1 6.26545E-1 6.22333E-1 6.17039E-1 6.24231E-1 6.28486E-1 6.54122E-1 6.74798E-1 7.19963E-1 7.49261E-1 7.60393E-1 7.61653E-1 8.10163E-1 8.39984E-1 8.6584E-1 8.68347E-1 8.80918E-1 8.87637E-1 8.82691E-1 8.76289E-1 8.86105E-1 8.91167E-1 8.99449E-1 9.0314E-1 9.13657E-1 9.06222E-1 8.82063E-1 8.64349E-1 8.30105E-1 7.99963E-1 7.93727E-1 7.97023E-1 8.01594E-1 8.02956E-1 8.16741E-1 8.27101E-1 8.21969E-1 8.36373E-1 8.51537E-1 8.61562E-1 8.51019E-1
4.2508E-1 4.32999E-1 4.41762E-1 4.52623E-1 4.4943E-1 4.55573E-1 4.5739E-1 4.76748E-1 4.79347E-1 4.86276E-1 4.91544E-1 5.08233E-1 5.35007E-1 5.61239E-1 5.73467E-1 5.54411E-1 5.49396E-1 5.60674E-1 5.66246E-1 5.87809E-1 6.1253E-1 6.17281E-1 6.34174E-1 6.66309E-1 6.77035E-1 6.6058E-1 6.75641E-1 7.07022E-1 7.31122E-1 7.52109E-1 7.4124E-1 7.65509E-1 8.18283E-1 8.38868E-1 8.6117E-1 8.85687E-1 8.87495E-1 8.9601E-1 8.81578E-1 8.80146E-1 8.88053E-1 8.95835E-1 8.96389E-1 9.05921E-1 9.09566E-1 8.98991E-1 8.85322E-1 8.63147E-1 8.44139E-1 8.076E-1 8.00543E-1 8.02171E-1 7.99906E-1 8.06185E-1 8.09373E-1 8.20607E-1 8.24194E-1 8.37284E-1 8.46618E-1 8.48789E-1 8.37834E-1
4.43189E-1 4.45792E-1 4.49239E-1 4.51862E-1 4.61089E-1 4.65776E-1 4.83333E-1 4.95032E-1 5.03342E-1 5.15623E-1 5.34559E-1 5.69074E-1 5.80724E-1 5.83054E-1 5.61311E-1 5.69198E-1 5.69121E-1 5.81311E-1 5.71041E-1 5.88426E-1 6.02289E-1 6.3E-1 6.53227E-1 6.88096E-1 6.96457E-1 6.98037E-1 7.14074E-1 7.49794E-1 7.68031E-1 7.56511E-1 7.51873E-1 7.85658E-1 8.36544E-1 8.6131E-1 8.87709E-1 9.17769E-1 9.08247E-1 9.14118E-1 9.12188E-1 8.96159E-1 8.95432E-1 8.99391E-1 8.98563E-1 9.03105E-1 9.03639E-1 8.98247E-1 8.85071E-1 8.65154E-1 8.42808E-1 8.17538E-1 8.07199E-1 8.05637E-1 8.08997E-1 8.06466E-1 8.09884E-1 8.17361E-1 8.29941E-1 8.35838E-1 8.51154E-1 8.47658E-1 8.34801E-1
4.57001E-1 4.53469E-1 4.44248E-1 4.39147E-1 4.5175E-1 4.66417E-1 4.89605E-1 5.18858E-1 5.23484E-1 5.3646E-1 5.65828E-1 5.98292E-1 6.34962E-1 6.29664E-1 6.07037E-1 5.89777E-1 5.8101E-1 5.81751E-1 5.86767E-1 6.00705E-1 6.26742E-1 6.51532E-1 6.71869E-1 6.96902E-1 7.1377E-1 7.31401E-1 7.23259E-1 7.41646E-1 7.68835E-1 7.90334E-1 8.02234E-1 8.40326E-1 8.77626E-1 8.99948E-1 9.21454E-1 9.30694E-1 9.19795E-1 9.24194E-1 9.21912E-1 9.13677E-1 9.05699E-1 9.0426E-1 9.06991E-1 9.05304E-1 9.04696E-1 9.00249E-1 8.95222E-1 8.69939E-1 8.40321E-1 8.20254E-1 8.1358E-1 8.22476E-1 8.28242E-1 8.20917E-1 8.18721E-1 8.27543E-1 8.41686E-1 8.45378E-1 8.6064E-1 8.55722E-1 8.4779E-1
4.51279E-1 4.44325E-1 4.42881E-1 4.52616E-1 4.62011E-1 4.67673E-1 4.87283E-1 5.09392E-1 5.19822E-1 5.42204E-1 5.62658E-1 6.0392E-1 6.42308E-1 6.35562E-1 6.28783E-1 6.01905E-1 5.77277E-1 5.84562E-1 6.09027E-1 6.31464E-1 6.5429E-1 6.74811E-1 6.91849E-1 7.10192E-1 7.30018E-1 7.22528E-1 7.3023E-1 7.53203E-1 7.92553E-1 8.29324E-1 8.5846E-1 8.83607E-1 9.00742E-1 9.16957E-1 9.44351E-1 9.44827E-1 9.36912E-1 9.36898E-1 9.35262E-1 9.23792E-1 9.15874E-1 9.1032E-1 9.11456E-1 9.10032E-1 9.09843E-1 9.0644E-1 8.99705E-1 8.8078E-1 8.58534E-1 8.32909E-1 8.17569E-1 8.19092E-1 8.17557E-1 8.24366E-1 8.41123E-1 8.46483E-1 8.63504E-1 8.59847E-1 8.71218E-1 8.66422E-1 8.56459E-1
4.63743E-1 4.52445E-1 4.52845E-1 4.60605E-1 4.75981E-1 4.83187E-1 5.00732E-1 5.1203E-1 5.2489E-1 5.4394E-1 5.74225E-1 6.00783E-1 6.1285E-1 6.32226E-1 6.48351E-1 6.16258E-1 5.79756E-1 6.09356E-1 6.46104E-1 6.73452E-1 6.86476E-1 6.82611E-1 7.01109E-1 7.12395E-1 7.28134E-1 7.34526E-1 7.4333E-1 7.68155E-1 8.08553E-1 8.53529E-1 8.84946E-1 9.1374E-1 9.15529E-1 9.08081E-1 9.48387E-1 9.49224E-1 9.46573E-1 9.42265E-1 9.40864E-1 9.29601E-1 9.26111E-1 9.23215E-1 9.19763E-1 9.17573E-1 9.18715E-1 9.12162E-1 9.0239E-1 8.81647E-1 8.64845E-1 8.46656E-1 8.19454E-1 8.09922E-1 8.16302E-1 8.37436E-1 8.48304E-1 8.65842E-1 8.78026E-1 8.81305E-1 8.86093E-1 8.86381E-1 8.77466E-1
4.71624E-1 4.66051E-1 4.74619E-1 4.90713E-1 4.9155E-1 5.06239E-1 5.19506E-1 5.32808E-1 5.52938E-1 5.72789E-1 5.80288E-1 6.04735E-1 6.14012E-1 6.34504E-1 6.58632E-1 6.38554E-1 6.21121E-1 6.46708E-1 6.71774E-1 6.83087E-1 6.98347E-1 7.00169E-1 7.10981E-1 7.29598E-1 7.3519E-1 7.49455E-1 7.6906E-1 7.95781E-1 8.24444E-1 8.59385E-1 8.94216E-1 9.17596E-1 9.29624E-1 9.43036E-1 9.50387E-1 9.51947E-1 9.45379E-1 9.47923E-1 9.41131E-1 9.32181E-1 9.29842E-1 9.36943E-1 9.33403E-1 9.29628E-1 9.25641E-1 9.23304E-1 9.05734E-1 8.77557E-1 8.57475E-1 8.53708E-1 8.39385E-1 8.23774E-1 8.34317E-1 8.54348E-1 8.72955E-1 8.84206E-1 8.87443E-1 8.93656E-1 8.99514E-1 8.96623E-1 8.95295E-1
5.09795E-1 4.92751E-1 5.0493E-1 5.2579E-1 5.3342E-1 5.42737E-1 5.61995E-1 5.71314E-1 5.81178E-1 5.86413E-1 6.02817E-1 6.26876E-1 6.4436E-1 6.61561E-1 6.78586E-1 6.85357E-1 6.71793E-1 6.76577E-1 6.68802E-1 6.78826E-1 7.0211E-1 7.0944E-1 7.18547E-1 7.31015E-1 7.45039E-1 7.56716E-1 7.75589E-1 7.95015E-1 8.36309E-1 8.65273E-1 8.86767E-1 8.95675E-1 9.14536E-1 9.37703E-1 9.48684E-1 9.47536E-1 9.3882E-1 9.35953E-1 9.34962E-1 9.29235E-1 9.33752E-1 9.41332E-1 9.39591E-1 9.3228E-1 9.3154E-1 9.25035E-1 8.9673E-1 8.76743E-1 8.55334E-1 8.48383E-1 8.62055E-1 8.42824E-1 8.50956E-1 8.61081E-1 8.67184E-1 8.65994E-1 8.65801E-1 8.85806E-1 8.97965E-1 9.07298E-1 9.10196E-1
5.29781E-1 5.31651E-1 5.57077E-1 5.77071E-1 5.83854E-1 5.98691E-1 6.15929E-1 6.20538E-1 6.12975E-1 6.04871E-1 6.13149E-1 6.51883E-1 6.85725E-1 6.9105E-1 7.02559E-1 7.16152E-1 7.26261E-1 7.08811E-1 6.87608E-1 6.9283E-1 7.034E-1 7.02192E-1 7.04602E-1 7.33819E-1 7.4941E-1 7.64757E-1 7.70236E-1 7.92501E-1 8.41206E-1 8.64838E-1 8.83257E-1 8.97152E-1 9.15262E-1 9.32006E-1 9.43506E-1 9.45261E-1 9.33151E-1 9.29402E-1 9.25085E-1 9.2831E-1 9.35265E-1 9.4442E-1 9.39594E-1 9.34177E-1 9.27333E-1 9.11805E-1 8.90904E-1 8.77203E-1 8.61561E-1 8.64279E-1 8.71729E-1 8.57788E-1 8.66561E-1 8.62534E-1 8.52623E-1 8.55925E-1 8.67484E-1 8.80506E-1 8.93543E-1 9.05204E-1 9.13735E-1
5.49855E-1 5.49546E-1 5.81882E-1 6.17425E-1 6.11093E-1 6.20818E-1 6.42146E-1 6.3852E-1 6.30125E-1 6.17455E-1 6.12511E-1 6.5614E-1 7.16997E-1 7.20304E-1 7.1661E-1 7.34885E-1 7.48155E-1 7.38797E-1 7.1998E-1 7.07955E-1 7.05314E-1 6.96804E-1 6.96903E-1 7.11286E-1 7.26994E-1 7.52486E-1 7.78077E-1 8.15669E-1 8.4642E-1 8.72643E-1 8.81064E-1 8.96069E-1 9.15998E-1 9.25275E-1 9.33195E-1 9.27652E-1 9.17029E-1 9.15958E-1 9.16032E-1 9.20576E-1 9.27794E-1 9.34986E-1 9.39401E-1 9.25329E-1 9.17169E-1 9.16167E-1 8.93467E-1 8.78632E-1 8.71376E-1 8.79939E-1 8.83932E-1 8.82602E-1 8.73424E-1 8.67171E-1 8.66475E-1 8.70149E-1 8.82158E-1 8.86995E-1 9.03455E-1 9.12121E-1 9.18702E-1
5.80174E-1 5.94391E-1 6.206E-1 6.16744E-1 6.14138E-1 6.25825E-1 6.41039E-1 6.41714E-1 6.25664E-1 6.31654E-1 6.34641E-1 6.45996E-1 6.7718E-1 6.87708E-1 7.02422E-1 7.25609E-1 7.43219E-1 7.41494E-1 7.32064E-1 7.2321E-1 7.06091E-1 6.9617E-1 7.00018E-1 7.11567E-1 7.31385E-1 7.52482E-1 7.75106E-1 8.18143E-1 8.56283E-1 8.6966E-1 8.82423E-1 8.94793E-1 8.98712E-1 9.08556E-1 9.10166E-1 8.99791E-1 8.94442E-1 9.06155E-1 9.12001E-1 9.21556E-1 9.22825E-1 9.28206E-1 9.3037E-1 9.26475E-1 9.13918E-1 9.15725E-1 9.08442E-1 8.853E-1 8.83758E-1 8.86604E-1 8.89389E-1 8.91266E-1 8.85592E-1 8.80171E-1 8.84757E-1 8.94891E-1 9.0513E-1 9.16811E-1 9.14132E-1 9.2531E-1 9.27307E-1
6.07105E-1 6.37958E-1 6.19492E-1 5.97727E-1 5.96701E-1 6.14963E-1 6.36972E-1 6.28151E-1 6.31218E-1 6.34137E-1 6.42971E-1 6.5656E-1 6.6875E-1 6.74396E-1 6.94585E-1 7.18347E-1 7.30595E-1 7.30927E-1 7.39442E-1 7.48543E-1 7.38911E-1 7.23222E-1 7.24726E-1 7.43384E-1 7.54603E-1 7.68798E-1 7.85384E-1 8.14959E-1 8.51513E-1 8.73128E-1 8.83499E-1 8.85437E-1 8.9283E-1 8.92808E-1 8.89818E-1 8.70795E-1 8.72128E-1 8.94165E-1 9.13185E-1 9.20854E-1 9.24105E-1 9.29546E-1 9.28654E-1 9.25245E-1 9.13702E-1 9.21991E-1 9.18761E-1 9.01873E-1 8.992E-1 9.00179E-1 8.98472E-1 9.02463E-1 8.97727E-1 8.93765E-1 9.03642E-1 9.2438E-1 9.38494E-1 9.30377E-1 9.33638E-1 9.38757E-1 9.43957E-1
6.12589E-1 6.26774E-1 6.01225E-1 5.86741E-1 5.98079E-1 6.07556E-1 6.35579E-1 6.36289E-1 6.45516E-1 6.40452E-1 6.38005E-1 6.46723E-1 6.79245E-1 6.89416E-1 6.98303E-1 7.16625E-1 7.09743E-1 7.20128E-1 7.54181E-1 7.74898E-1 7.71931E-1 7.60629E-1 7.71628E-1 7.75111E-1 7.89097E-1 7.95637E-1 8.00992E-1 8.12106E-1 8.43698E-1 8.75516E-1 8.83277E-1 8.93878E-1 8.95374E-1 8.89868E-1 8.73984E-1 8.68267E-1 8.80414E-1 8.96657E-1 9.18869E-1 9.30391E-1 9.38771E-1 9.4235E-1 9.40037E-1 9.3482E-1 9.29382E-1 9.31431E-1 9.30211E-1 9.10891E-1 9.07489E-1 9.02723E-1 9.08243E-1 9.11743E-1 9.10622E-1 9.0884E-1 9.18584E-1 9.40217E-1 9.38897E-1 9.34834E-1 9.41316E-1 9.528E-1 9.50728E-1
6.02911E-1 5.9803E-1 5.95596E-1 5.94463E-1 6.06629E-1 6.22351E-1 6.44043E-1 6.40839E-1 6.61132E-1 6.56427E-1 6.55244E-1 6.68304E-1 7.08542E-1 7.12974E-1 7.16065E-1 7.07951E-1 6.99197E-1 7.25929E-1 7.66073E-1 7.75663E-1 7.86519E-1 7.98181E-1 7.99969E-1 8.03297E-1 8.10729E-1 8.07501E-1 8.02834E-1 8.21168E-1 8.50506E-1 8.66328E-1 8.9023E-1 8.98938E-1 9.00223E-1 8.98643E-1 8.83068E-1 8.83245E-1 8.96831E-1 9.14781E-1 9.29641E-1 9.43804E-1 9.51774E-1 9.54224E-1 9.47196E-1 9.39154E-1 9.41465E-1 9.38184E-1 9.36027E-1 9.23686E-1 9.16232E-1 9.17672E-1 9.18584E-1 9.23631E-1 9.25347E-1 9.31963E-1 9.39967E-1 9.45023E-1 9.4143E-1 9.33881E-1 9.43922E-1 9.50038E-1 9.47372E-1
5.98363E-1 6.09452E-1 6.22816E-1 6.23532E-1 6.35832E-1 6.44639E-1 6.62255E-1 6.75323E-1 6.7719E-1 6.73518E-1 6.81435E-1 6.99406E-1 7.27459E-1 7.29863E-1 7.36872E-1 7.15197E-1 6.92405E-1 7.21636E-1 7.56706E-1 7.74582E-1 7.94311E-1 8.14197E-1 8.21306E-1 8.20777E-1 8.25835E-1 8.32676E-1 8.15673E-1 8.26159E-1 8.51308E-1 8.74342E-1 8.94058E-1 9.0378E-1 9.07651E-1 9.10081E-1 8.96053E-1 9.01383E-1 9.17494E-1 9.32558E-1 9.46561E-1 9.53545E-1 9.54241E-1 9.54909E-1 9.53488E-1 9.4904E-1 9.46979E-1 9.47946E-1 9.53525E-1 9.43359E-1 9.35147E-1 9.2812E-1 9.38592E-1 9.41248E-1 9.45692E-1 9.50201E-1 9.60209E-1 9.53173E-1 9.46453E-1 9.4099E-1 9.43488E-1 9.39372E-1 9.42278E-1
6.01096E-1 6.19835E-1 6.2938E-1 6.32273E-1 6.5605E-1 6.58585E-1 6.71534E-1 6.74662E-1 6.78928E-1 6.93588E-1 7.05766E-1 7.3251E-1 7.4883E-1 7.45658E-1 7.49898E-1 7.37509E-1 7.28142E-1 7.4654E-1 7.61822E-1 7.90635E-1 8.11961E-1 8.32328E-1 8.31148E-1 8.44887E-1 8.34198E-1 8.37479E-1 8.35651E-1 8.43841E-1 8.65955E-1 8.85396E-1 8.95708E-1 9.12171E-1 9.16808E-1 9.19176E-1 9.18597E-1 9.28487E-1 9.45339E-1 9.49204E-1 9.57163E-1 9.61003E-1 9.63103E-1 9.65947E-1 9.61575E-1 9.54517E-1 9.56847E-1 9.56308E-1 9.61409E-1 9.62761E-1 9.56976E-1 9.52785E-1 9.55454E-1 9.60476E-1 9.6123E-1 9.59742E-1 9.6023E-1 9.5386E-1 9.51156E-1 9.52117E-1 9.48852E-1 9.44033E-1 9.44957E-1
6.0913E-1 6.15281E-1 6.31195E-1 6.43248E-1 6.60887E-1 6.69603E-1 6.6958E-1 6.86348E-1 6.88241E-1 7.14216E-1 7.38818E-1 7.61586E-1 7.52974E-1 7.72931E-1 7.79427E-1 7.62668E-1 7.65021E-1 7.69717E-1 7.82023E-1 7.99158E-1 8.35258E-1 8.42788E-1 8.4358E-1 8.50652E-1 8.51232E-1 8.49001E-1 8.46371E-1 8.64868E-1 8.87767E-1 8.96885E-1 9.115E-1 9.20647E-1 9.2862E-1 9.31005E-1 9.44655E-1 9.51828E-1 9.5903E-1 9.6163E-1 9.65277E-1 9.69832E-1 9.73151E-1 9.76266E-1 9.74362E-1 9.67503E-1 9.67209E-1 9.678E-1 9.71973E-1 9.74377E-1 9.73869E-1 9.74343E-1 9.70764E-1 9.61084E-1 9.58065E-1 9.53121E-1 9.54623E-1 9.5926E-1 9.60094E-1 9.57578E-1 9.58778E-1 9.58039E-1 9.55988E-1
