maxent_outputs/red_flowers_troch_bombus_environ/red_293.asc
ncols         426
nrows         180
xllcorner     -130.0
yllcorner     24.0
cellsize      0.16666666666666666
NODATA_value  -9999
[rows 54 to 80 of 180, columns 305 to 365 of 426]
4.76484E-2 4.7433E-2 4.80473E-2 4.51835E-2 4.26813E-2 4.05679E-2 3.89782E-2 3.7665E-2 3.67135E-2 3.61827E-2 3.45776E-2 3.57333E-2 3.50229E-2 3.49916E-2 3.67077E-2 3.85271E-2 3.88847E-2 3.94143E-2 4.1668E-2 4.32202E-2 4.49776E-2 4.59209E-2 4.37588E-2 4.74411E-2 5.23887E-2 5.14664E-2 4.80787E-2 4.71238E-2 4.745E-2 4.83569E-2 4.50634E-2 4.25997E-2 4.10924E-2 3.46024E-2 3.08409E-2 3.60395E-2 3.76596E-2 4.02406E-2 4.33882E-2 5.09649E-2 4.90437E-2 4.61169E-2 4.35137E-2 4.3615E-2 4.17611E-2 3.85667E-2 3.52332E-2 4.04273E-2 3.53759E-2 3.6045E-2 3.78022E-2 4.32746E-2 4.68345E-2 4.80071E-2 4.77401E-2 4.75066E-2 4.72438E-2 4.91729E-2 5.13848E-2 5.24857E-2 5.43175E-2
4.81053E-2 4.78493E-2 5.02443E-2 4.80335E-2 4.62014E-2 4.37302E-2 4.1982E-2 4.10241E-2 4.03454E-2 3.88941E-2 3.85451E-2 3.86112E-2 3.87567E-2 4.00989E-2 4.15938E-2 4.5064E-2 4.79019E-2 5.21256E-2 4.83803E-2 4.74693E-2 4.72793E-2 4.67755E-2 4.78796E-2 4.51165E-2 4.46649E-2 4.44687E-2 4.42036E-2 4.46926E-2 4.50078E-2 4.43998E-2 4.25094E-2 4.17683E-2 4.19182E-2 3.78277E-2 3.61145E-2 3.87536E-2 3.80993E-2 3.97914E-2 4.44612E-2 4.71879E-2 4.60944E-2 4.32514E-2 4.29065E-2 4.06951E-2 3.94251E-2 3.82936E-2 4.35555E-2 3.81426E-2 3.57203E-2 3.79764E-2 4.52357E-2 4.88182E-2 5.05915E-2 5.38554E-2 5.5626E-2 5.15415E-2 5.18541E-2 5.23344E-2 5.53306E-2 5.92118E-2 6.56248E-2
5.22289E-2 5.19393E-2 5.25317E-2 4.9502E-2 4.9877E-2 4.7245E-2 4.58704E-2 4.6371E-2 4.71314E-2 4.49732E-2 4.36867E-2 4.4973E-2 4.57262E-2 4.67179E-2 4.89479E-2 5.43008E-2 5.78837E-2 5.52396E-2 5.60671E-2 5.34541E-2 5.30165E-2 4.9486E-2 4.46335E-2 4.3245E-2 4.21558E-2 4.34963E-2 4.14883E-2 4.25182E-2 4.18361E-2 4.20415E-2 4.14351E-2 4.19938E-2 4.31221E-2 4.35127E-2 4.79296E-2 4.49671E-2 4.09487E-2 4.18289E-2 4.57996E-2 4.35057E-2 4.31181E-2 4.26748E-2 4.07706E-2 3.95774E-2 4.10389E-2 3.85145E-2 4.53373E-2 4.00776E-2 4.3613E-2 5.22722E-2 5.01159E-2 5.30451E-2 5.48644E-2 5.97195E-2 6.08845E-2 6.33926E-2 5.92744E-2 5.98535E-2 6.47876E-2 7.07439E-2 7.78893E-2
5.17023E-2 5.0876E-2 5.09421E-2 5.13478E-2 5.17586E-2 4.68656E-2 4.50262E-2 4.67691E-2 4.94997E-2 4.92517E-2 4.95255E-2 5.18556E-2 5.15515E-2 5.11557E-2 5.52042E-2 6.02547E-2 6.0906E-2 5.80699E-2 5.76163E-2 6.01024E-2 5.75486E-2 4.94246E-2 4.48794E-2 4.46827E-2 4.36499E-2 4.21625E-2 4.2395E-2 4.11301E-2 4.24954E-2 4.14063E-2 4.05394E-2 4.42886E-2 4.90626E-2 4.9577E-2 5.18531E-2 5.27452E-2 4.37945E-2 4.61443E-2 4.65425E-2 4.74503E-2 4.56158E-2 4.35727E-2 4.0832E-2 4.08994E-2 4.04381E-2 3.87613E-2 5.14988E-2 5.27338E-2 5.9414E-2 6.02625E-2 5.76621E-2 6.12641E-2 6.27504E-2 6.60779E-2 6.70605E-2 6.80035E-2 6.63122E-2 7.0269E-2 7.6483E-2 8.449E-2 9.11208E-2
4.98568E-2 5.23796E-2 5.29813E-2 5.23379E-2 5.2898E-2 5.15455E-2 5.12722E-2 4.97452E-2 5.30776E-2 5.60704E-2 5.92537E-2 5.97412E-2 5.92183E-2 5.85777E-2 6.29851E-2 6.88077E-2 7.18212E-2 7.13162E-2 7.13977E-2 5.93118E-2 5.28629E-2 4.82174E-2 4.78955E-2 4.73191E-2 4.63778E-2 4.52798E-2 4.40242E-2 4.60381E-2 4.59986E-2 4.60216E-2 4.4785E-2 4.38666E-2 5.08369E-2 5.19147E-2 5.17398E-2 4.93604E-2 4.80021E-2 5.12484E-2 5.02522E-2 4.72886E-2 4.69358E-2 4.71351E-2 4.36619E-2 4.34029E-2 4.37365E-2 5.75003E-2 7.02127E-2 9.34097E-2 7.61379E-2 7.14827E-2 7.16068E-2 6.90107E-2 7.27291E-2 7.29654E-2 7.51985E-2 7.84753E-2 7.87891E-2 8.16904E-2 8.74948E-2 9.55799E-2 1.00463E-1
5.49388E-2 5.68495E-2 5.45104E-2 5.9449E-2 6.0315E-2 5.87773E-2 5.63694E-2 5.74238E-2 6.18371E-2 6.70324E-2 7.02113E-2 7.54135E-2 7.09193E-2 8.03186E-2 9.29687E-2 1.11611E-1 9.40111E-2 7.98511E-2 6.80107E-2 6.04515E-2 5.47561E-2 5.32492E-2 5.37358E-2 5.13206E-2 4.86422E-2 4.78947E-2 4.90944E-2 4.94887E-2 4.8619E-2 4.70707E-2 4.58016E-2 5.01325E-2 5.31907E-2 5.54871E-2 5.42758E-2 4.9759E-2 5.24717E-2 5.3443E-2 5.65605E-2 5.08856E-2 5.18137E-2 4.81013E-2 4.57908E-2 5.25293E-2 6.15038E-2 7.40922E-2 7.8489E-2 8.28095E-2 8.50919E-2 7.88594E-2 8.04046E-2 8.15664E-2 8.28024E-2 8.54931E-2 8.75917E-2 8.89843E-2 9.12568E-2 9.69473E-2 9.91436E-2 9.94892E-2 1.03517E-1
6.58292E-2 7.41207E-2 7.18579E-2 7.62218E-2 8.21532E-2 8.86378E-2 9.16859E-2 9.44951E-2 1.01203E-1 1.04641E-1 9.91307E-2 9.27804E-2 8.2144E-2 1.05068E-1 1.32422E-1 1.30855E-1 1.23536E-1 9.86513E-2 8.2381E-2 7.37186E-2 6.51497E-2 5.89615E-2 5.55639E-2 5.55941E-2 5.3286E-2 5.35262E-2 5.37069E-2 5.40187E-2 5.32097E-2 5.03449E-2 4.87069E-2 5.01624E-2 5.7018E-2 5.89306E-2 5.65402E-2 5.23281E-2 5.67184E-2 5.93821E-2 6.14399E-2 5.4218E-2 5.51983E-2 5.49387E-2 5.46497E-2 5.96915E-2 6.62637E-2 7.38052E-2 8.87578E-2 9.33154E-2 9.24998E-2 8.71585E-2 8.60395E-2 1.05646E-1 9.56985E-2 8.9268E-2 9.40076E-2 1.02305E-1 1.12108E-1 1.16306E-1 1.1174E-1 1.17124E-1 1.40824E-1
9.54018E-2 1.10332E-1 1.12368E-1 1.1607E-1 1.17013E-1 1.13532E-1 1.11679E-1 1.11948E-1 1.16145E-1 1.21349E-1 1.29334E-1 1.32434E-1 1.33423E-1 1.46617E-1 1.54345E-1 1.57711E-1 1.55097E-1 1.16517E-1 8.88075E-2 7.68712E-2 6.72615E-2 6.57654E-2 6.53477E-2 6.581E-2 6.26078E-2 5.99479E-2 6.22482E-2 6.05313E-2 5.99017E-2 5.4616E-2 5.73683E-2 6.16726E-2 6.37745E-2 6.36199E-2 6.22087E-2 5.73865E-2 5.83073E-2 6.41676E-2 6.61683E-2 6.43531E-2 6.21186E-2 5.81813E-2 6.26846E-2 6.65824E-2 6.7719E-2 7.49546E-2 8.27118E-2 9.29715E-2 8.98828E-2 8.89542E-2 8.84038E-2 9.75725E-2 9.50613E-2 1.0172E-1 1.14679E-1 1.223E-1 1.2021E-1 1.28125E-1 -9999 1.78888E-1 -9999
1.21921E-1 1.22891E-1 1.21932E-1 1.21867E-1 1.1765E-1 1.13705E-1 1.12291E-1 1.12055E-1 1.16248E-1 1.22837E-1 1.28942E-1 1.36995E-1 1.43586E-1 1.51314E-1 1.56687E-1 1.59421E-1 1.44954E-1 1.20621E-1 9.83269E-2 8.72261E-2 7.75567E-2 7.12389E-2 7.63506E-2 7.94858E-2 7.62136E-2 7.13514E-2 6.93576E-2 6.7845E-2 6.6879E-2 6.35933E-2 6.28619E-2 7.03739E-2 6.81051E-2 6.92623E-2 6.38341E-2 6.05187E-2 6.05548E-2 6.2477E-2 7.32471E-2 7.13559E-2 6.58596E-2 6.74732E-2 6.78847E-2 6.90258E-2 7.14491E-2 7.587E-2 8.48714E-2 9.6497E-2 9.36192E-2 9.33599E-2 9.7392E-2 9.92006E-2 1.048E-1 1.20199E-1 -9999 -9999 -9999 -9999 -9999 -9999 -9999
1.30077E-1 1.27016E-1 1.1863E-1 1.06731E-1 1.02297E-1 9.74282E-2 9.40379E-2 9.24602E-2 1.00603E-1 1.17171E-1 1.23671E-1 1.28572E-1 1.32824E-1 1.3398E-1 1.26469E-1 1.06481E-1 1.05408E-1 9.91642E-2 1.00599E-1 1.01133E-1 9.49192E-2 8.66176E-2 9.14163E-2 8.89088E-2 8.13152E-2 7.72715E-2 7.59915E-2 7.79162E-2 7.61634E-2 7.52704E-2 7.34067E-2 7.57215E-2 7.33945E-2 6.74298E-2 6.29399E-2 6.30105E-2 6.80452E-2 7.32335E-2 7.76908E-2 7.51023E-2 7.18196E-2 7.56816E-2 7.48419E-2 7.59566E-2 8.06781E-2 7.87169E-2 8.00871E-2 8.5415E-2 9.75646E-2 1.01424E-1 1.07095E-1 1.11313E-1 1.19294E-1 -9999 -9999 -9999 -9999 -9999 -9999 -9999 -9999
1.03501E-1 1.01032E-1 9.74218E-2 9.04136E-2 8.48743E-2 8.10518E-2 7.62637E-2 7.43301E-2 8.2027E-2 9.31814E-2 9.06179E-2 8.91305E-2 8.92448E-2 9.3367E-2 9.41993E-2 9.49784E-2 9.68255E-2 9.42232E-2 9.53216E-2 1.01695E-1 9.42215E-2 8.55345E-2 8.51905E-2 8.0011E-2 7.58549E-2 7.41695E-2 7.76714E-2 7.81148E-2 8.05228E-2 8.35461E-2 8.07765E-2 7.80772E-2 7.35098E-2 6.51143E-2 6.44605E-2 7.06111E-2 8.28037E-2 9.02185E-2 8.93396E-2 8.11417E-2 7.78018E-2 8.42886E-2 8.69813E-2 9.07212E-2 8.91711E-2 8.06801E-2 7.91279E-2 9.01909E-2 9.92658E-2 1.05706E-1 1.19049E-1 1.26725E-1 -9999 -9999 -9999 -9999 -9999 -9999 -9999 -9999 -9999
1.04769E-1 1.05626E-1 9.8005E-2 8.82507E-2 8.38065E-2 7.85291E-2 7.33729E-2 7.22056E-2 7.83895E-2 8.54782E-2 8.42668E-2 8.26168E-2 8.36026E-2 8.69066E-2 8.849E-2 8.8812E-2 9.06813E-2 9.26795E-2 9.04099E-2 9.00754E-2 8.65035E-2 8.30028E-2 8.31596E-2 8.35762E-2 7.8349E-2 7.15229E-2 7.23778E-2 8.10861E-2 8.41306E-2 8.44696E-2 8.15677E-2 7.90886E-2 7.52351E-2 6.84255E-2 6.73961E-2 7.85835E-2 9.12384E-2 1.00569E-1 9.65E-2 9.13052E-2 8.24464E-2 8.90617E-2 9.92879E-2 1.01725E-1 1.02078E-1 9.41916E-2 8.94413E-2 9.6984E-2 1.03024E-1 1.14648E-1 1.35814E-1 1.30987E-1 -9999 -9999 -9999 -9999 -9999 -9999 -9999 -9999 -9999
9.80109E-2 1.10308E-1 1.07337E-1 9.13402E-2 8.33921E-2 7.93474E-2 7.49756E-2 7.36595E-2 7.38355E-2 7.37095E-2 7.6592E-2 7.88005E-2 7.94664E-2 8.42674E-2 8.62985E-2 8.49948E-2 8.73145E-2 9.10333E-2 9.12912E-2 8.80948E-2 8.73478E-2 8.28454E-2 8.209E-2 7.94443E-2 7.62145E-2 7.65088E-2 7.52051E-2 7.56622E-2 7.84186E-2 7.95694E-2 8.00369E-2 7.96387E-2 7.67624E-2 7.14231E-2 6.96871E-2 7.75021E-2 9.97835E-2 1.10325E-1 1.10499E-1 9.25784E-2 8.8054E-2 8.75438E-2 1.06277E-1 1.06768E-1 1.13732E-1 1.10523E-1 1.05762E-1 1.1311E-1 1.19337E-1 1.34112E-1 1.39227E-1 2.11727E-1 -9999 -9999 -9999 -9999 -9999 -9999 -9999 -9999 -9999
1.16953E-1 1.04817E-1 9.95743E-2 8.92672E-2 7.90268E-2 7.66763E-2 7.32579E-2 7.20855E-2 7.09924E-2 7.22486E-2 7.88273E-2 7.68777E-2 7.74986E-2 8.63322E-2 8.96925E-2 8.37437E-2 8.73746E-2 8.97229E-2 8.86656E-2 8.5281E-2 8.1972E-2 7.99833E-2 7.962E-2 7.44395E-2 7.33506E-2 7.71763E-2 7.60174E-2 7.71351E-2 7.95356E-2 8.16103E-2 8.07706E-2 8.34527E-2 8.22512E-2 7.85823E-2 8.4222E-2 8.88757E-2 1.05967E-1 1.13812E-1 1.13473E-1 1.02422E-1 9.49609E-2 9.55841E-2 1.00109E-1 1.09468E-1 1.25398E-1 1.26439E-1 1.31579E-1 1.37707E-1 1.52155E-1 1.47945E-1 1.5401E-1 1.64855E-1 -9999 -9999 -9999 -9999 -9999 -9999 -9999 -9999 -9999
9.60905E-2 9.00808E-2 8.41384E-2 7.97074E-2 7.37595E-2 7.08344E-2 6.95023E-2 7.29748E-2 6.99872E-2 6.671E-2 6.94664E-2 7.15421E-2 7.843E-2 7.82882E-2 8.4167E-2 8.68384E-2 8.73249E-2 8.87971E-2 8.93231E-2 8.53423E-2 8.52438E-2 8.33768E-2 8.21586E-2 7.72727E-2 7.5188E-2 7.60758E-2 7.18868E-2 7.55738E-2 8.08043E-2 8.23667E-2 8.42156E-2 8.26958E-2 8.25993E-2 8.19876E-2 8.75376E-2 9.87612E-2 1.0537E-1 1.09325E-1 1.14589E-1 1.04668E-1 1.06827E-1 9.78698E-2 9.93137E-2 1.15735E-1 1.35793E-1 1.39868E-1 1.5029E-1 1.60553E-1 1.63386E-1 1.60762E-1 1.61015E-1 1.6618E-1 -9999 -9999 -9999 -9999 -9999 -9999 -9999 -9999 -9999
9.06475E-2 8.88117E-2 8.22818E-2 7.65224E-2 6.99011E-2 6.84947E-2 6.81512E-2 7.01552E-2 6.79087E-2 6.45576E-2 6.49912E-2 7.30307E-2 7.50056E-2 7.62629E-2 8.07237E-2 8.4695E-2 8.95712E-2 9.28773E-2 9.13851E-2 9.07185E-2 8.86859E-2 8.69654E-2 8.59151E-2 8.28454E-2 8.10099E-2 7.71695E-2 7.26701E-2 7.70732E-2 8.042E-2 8.57022E-2 8.46312E-2 8.72211E-2 8.57526E-2 8.57575E-2 9.23764E-2 1.00103E-1 1.0831E-1 1.13678E-1 1.2107E-1 1.10175E-1 1.20084E-1 1.14366E-1 1.05058E-1 1.22337E-1 1.4484E-1 1.57179E-1 1.61471E-1 1.74656E-1 1.85077E-1 1.76144E-1 -9999 -9999 -9999 -9999 -9999 -9999 -9999 -9999 -9999 -9999 -9999
8.74129E-2 8.65863E-2 8.554E-2 7.9161E-2 7.40991E-2 7.0945E-2 7.05914E-2 6.80563E-2 6.86122E-2 7.1543E-2 6.9601E-2 7.20088E-2 7.65907E-2 7.80886E-2 7.96163E-2 8.37422E-2 8.87637E-2 9.23581E-2 9.44424E-2 9.67502E-2 9.40706E-2 9.18655E-2 9.09264E-2 8.89214E-2 8.42596E-2 8.11549E-2 7.87932E-2 8.45158E-2 9.53483E-2 9.75664E-2 1.02936E-1 1.03991E-1 9.6444E-2 9.52478E-2 9.92084E-2 1.08273E-1 1.19919E-1 1.28344E-1 1.38586E-1 1.37297E-1 1.32408E-1 1.32214E-1 1.30584E-1 1.45635E-1 1.63512E-1 1.70937E-1 1.72477E-1 1.88622E-1 1.98239E-1 1.98242E-1 1.95283E-1 -9999 -9999 -9999 -9999 -9999 -9999 -9999 -9999 -9999 -9999
9.5399E-2 9.60131E-2 9.22662E-2 8.76E-2 8.12154E-2 7.56024E-2 7.27926E-2 7.10918E-2 6.90015E-2 7.07841E-2 7.19612E-2 7.48747E-2 7.83123E-2 8.23688E-2 8.59559E-2 8.6417E-2 8.96758E-2 9.26847E-2 9.88496E-2 1.01617E-1 9.73609E-2 9.45548E-2 9.47374E-2 9.66713E-2 9.47016E-2 9.20485E-2 9.26833E-2 1.05295E-1 1.15404E-1 1.23001E-1 1.19836E-1 1.14137E-1 1.07001E-1 1.02812E-1 1.12546E-1 1.15859E-1 1.28644E-1 1.4195E-1 1.48955E-1 1.54553E-1 1.50012E-1 1.52078E-1 1.57395E-1 1.56038E-1 1.72972E-1 1.82163E-1 1.84387E-1 1.93144E-1 2.0482E-1 2.04842E-1 2.08504E-1 2.06989E-1 -9999 1.88348E-1 1.93932E-1 -9999 -9999 -9999 -9999 -9999 -9999
9.9928E-2 1.02054E-1 9.69678E-2 9.32725E-2 8.44327E-2 8.02817E-2 7.75298E-2 7.65349E-2 7.42506E-2 7.47842E-2 7.55295E-2 7.67558E-2 8.0384E-2 7.88532E-2 8.54203E-2 9.05142E-2 9.30761E-2 9.29507E-2 9.55255E-2 9.77345E-2 9.74309E-2 9.84967E-2 9.979E-2 9.97178E-2 1.00596E-1 1.02053E-1 1.0555E-1 1.12566E-1 1.27331E-1 1.33844E-1 1.26113E-1 1.24294E-1 1.18105E-1 1.12111E-1 1.19098E-1 1.29562E-1 1.44174E-1 1.60133E-1 1.59737E-1 1.59952E-1 1.6123E-1 1.63103E-1 1.69056E-1 1.66439E-1 1.8954E-1 1.91078E-1 1.98523E-1 2.03527E-1 2.11955E-1 2.18169E-1 2.17954E-1 2.10419E-1 -9999 -9999 2.07595E-1 2.22064E-1 -9999 -9999 -9999 -9999 -9999
1.01206E-1 9.98131E-2 9.63823E-2 9.48231E-2 9.06974E-2 8.79482E-2 8.23055E-2 8.05453E-2 8.14329E-2 8.09337E-2 7.70941E-2 7.52552E-2 7.87058E-2 8.21555E-2 8.95797E-2 9.28991E-2 9.68261E-2 9.62304E-2 9.49604E-2 9.54608E-2 9.60648E-2 9.91563E-2 1.02529E-1 1.02889E-1 1.03745E-1 1.06678E-1 1.13326E-1 1.17877E-1 1.26398E-1 1.30208E-1 1.26685E-1 1.3064E-1 1.26102E-1 1.32628E-1 1.42341E-1 1.47823E-1 1.64271E-1 1.76694E-1 1.87211E-1 1.8261E-1 1.80779E-1 1.76641E-1 1.80832E-1 1.84307E-1 1.97379E-1 1.96797E-1 2.08054E-1 2.11882E-1 2.19988E-1 2.24383E-1 2.17444E-1 2.1515E-1 2.20354E-1 2.22987E-1 2.28055E-1 2.30773E-1 -9999 -9999 -9999 -9999 -9999
1.02721E-1 9.92236E-2 9.72349E-2 9.79252E-2 1.00225E-1 9.81676E-2 9.42417E-2 9.32919E-2 8.95093E-2 8.7001E-2 8.54297E-2 8.13322E-2 8.19283E-2 8.77217E-2 9.14647E-2 9.35294E-2 9.47118E-2 1.00764E-1 1.03398E-1 1.01074E-1 9.8084E-2 1.02968E-1 1.08173E-1 1.07693E-1 1.14048E-1 1.17838E-1 1.25464E-1 1.3488E-1 1.38312E-1 1.29364E-1 1.36787E-1 1.42826E-1 1.45157E-1 1.53345E-1 1.61251E-1 1.66362E-1 1.82931E-1 1.99582E-1 2.06497E-1 2.09232E-1 2.01567E-1 2.04052E-1 2.05961E-1 2.06837E-1 2.04947E-1 1.9717E-1 1.98796E-1 2.19456E-1 2.19722E-1 2.26158E-1 2.32348E-1 2.27422E-1 2.20033E-1 2.21347E-1 2.21095E-1 2.45794E-1 -9999 -9999 -9999 -9999 -9999
1.07033E-1 1.04122E-1 1.03947E-1 1.06065E-1 1.0813E-1 1.07831E-1 1.06835E-1 1.02741E-1 1.00056E-1 9.78749E-2 9.80652E-2 9.76604E-2 1.0085E-1 1.03516E-1 1.04143E-1 1.01032E-1 9.92395E-2 1.00501E-1 1.06825E-1 1.05496E-1 1.09219E-1 1.12795E-1 1.11264E-1 1.20061E-1 1.2254E-1 1.27078E-1 1.34013E-1 1.41138E-1 1.45765E-1 1.45991E-1 1.5998E-1 1.66825E-1 1.68193E-1 1.738E-1 1.8488E-1 1.92753E-1 2.10822E-1 2.23017E-1 2.27596E-1 2.35716E-1 2.40049E-1 2.36784E-1 2.2582E-1 2.11023E-1 2.04488E-1 2.0016E-1 2.07289E-1 2.21182E-1 2.24867E-1 2.34338E-1 2.34591E-1 2.2648E-1 2.33072E-1 2.62746E-1 2.25492E-1 -9999 -9999 -9999 -9999 -9999 -9999
1.17202E-1 1.12681E-1 1.12926E-1 1.14171E-1 1.17357E-1 1.13775E-1 1.13423E-1 1.13178E-1 1.10851E-1 1.11334E-1 1.15011E-1 1.19376E-1 1.23143E-1 1.27777E-1 1.18402E-1 1.10859E-1 1.09044E-1 1.08822E-1 1.12112E-1 1.18615E-1 1.19918E-1 1.18343E-1 1.27029E-1 1.29769E-1 1.27939E-1 1.35063E-1 1.39578E-1 1.45751E-1 1.58232E-1 1.68407E-1 1.76058E-1 1.81167E-1 1.77075E-1 1.89338E-1 2.03266E-1 2.17638E-1 2.33303E-1 2.46837E-1 2.49664E-1 2.48639E-1 2.50971E-1 2.42419E-1 2.30888E-1 2.26038E-1 2.08393E-1 2.11655E-1 -9999 -9999 -9999 -9999 2.38305E-1 -9999 -9999 2.24344E-1 2.11299E-1 2.10775E-1 -9999 -9999 -9999 -9999 -9999
1.26594E-1 1.25395E-1 1.22659E-1 1.25965E-1 1.24527E-1 1.21136E-1 1.19892E-1 1.18935E-1 1.25072E-1 1.27394E-1 1.26648E-1 1.26069E-1 1.33162E-1 1.36967E-1 1.26787E-1 1.2373E-1 1.20673E-1 1.25481E-1 1.26355E-1 1.24333E-1 1.21659E-1 1.28106E-1 1.36988E-1 1.38908E-1 1.44423E-1 1.44627E-1 1.45023E-1 1.62665E-1 1.81116E-1 1.90683E-1 1.9478E-1 2.01874E-1 2.00933E-1 2.11478E-1 2.22365E-1 2.24562E-1 2.60207E-1 -9999 -9999 2.60166E-1 2.65669E-1 2.55424E-1 2.47316E-1 2.41621E-1 -9999 2.16534E-1 -9999 -9999 -9999 -9999 -9999 -9999 -9999 -9999 -9999 -9999 -9999 -9999 -9999 -9999 -9999
1.40272E-1 1.39764E-1 1.37254E-1 1.34602E-1 1.34755E-1 1.27736E-1 1.29787E-1 1.3529E-1 1.3475E-1 1.33373E-1 1.3522E-1 1.39265E-1 1.48425E-1 1.43528E-1 1.39911E-1 1.32891E-1 1.30103E-1 1.35732E-1 1.40395E-1 1.41834E-1 1.37954E-1 1.40663E-1 1.41244E-1 1.51544E-1 1.55258E-1 1.57389E-1 1.68431E-1 1.87796E-1 1.98566E-1 2.10544E-1 2.27532E-1 2.30431E-1 2.23589E-1 2.48423E-1 2.59809E-1 2.57722E-1 2.55119E-1 2.60534E-1 2.45552E-1 2.33258E-1 2.61239E-1 2.44203E-1 2.41358E-1 -9999 -9999 -9999 -9999 -9999 -9999 -9999 -9999 -9999 -9999 -9999 -9999 -9999 -9999 -9999 -9999 -9999 -9999
1.51326E-1 1.50378E-1 1.45688E-1 1.41721E-1 1.39868E-1 1.41409E-1 1.42055E-1 1.43016E-1 1.43753E-1 1.42709E-1 1.48313E-1 1.54867E-1 1.58717E-1 1.54716E-1 1.5132E-1 1.46297E-1 1.44833E-1 1.49959E-1 1.57664E-1 1.60225E-1 1.50909E-1 1.49636E-1 1.5177E-1 1.57359E-1 1.69333E-1 1.75919E-1 1.81681E-1 1.94786E-1 2.10603E-1 2.36683E-1 2.5931E-1 2.67737E-1 2.69632E-1 2.32978E-1 2.44417E-1 2.51689E-1 2.52663E-1 2.50334E-1 2.34146E-1 2.18262E-1 -9999 -9999 -9999 -9999 -9999 -9999 -9999 -9999 -9999 -9999 -9999 -9999 -9999 -9999 -9999 -9999 -9999 -9999 -9999 -9999 -9999
1.63055E-1 1.6082E-1 1.51505E-1 1.47053E-1 1.48139E-1 1.4968E-1 1.47482E-1 1.50431E-1 1.50916E-1 1.53281E-1 1.57286E-1 1.63925E-1 1.69068E-1 1.68406E-1 1.63703E-1 1.63182E-1 1.61673E-1 1.67839E-1 1.71202E-1 1.69614E-1 1.64588E-1 1.65317E-1 1.7558E-1 1.76307E-1 1.80523E-1 1.87981E-1 1.91251E-1 2.06546E-1 2.25554E-1 2.48616E-1 2.66331E-1 2.81425E-1 2.75409E-1 2.43414E-1 2.41393E-1 2.58331E-1 2.78002E-1 -9999 -9999 -9999 -9999 -9999 -9999 -9999 -9999 -9999 -9999 -9999 -9999 -9999 -9999 -9999 -9999 -9999 -9999 -9999 -9999 -9999 -9999 -9999 -9999
