maxent_outputs/red_flowers_troch_bombus_environ/red_220.asc
ncols         426
nrows         180
xllcorner     -130.0
yllcorner     24.0
cellsize      0.16666666666666666
NODATA_value  -9999
[rows 81 to 107 of 180, columns 244 to 304 of 426]
3.51514E-1 3.55783E-1 3.69996E-1 3.73849E-1 3.76171E-1 3.67618E-1 3.73959E-1 3.78976E-1 3.87458E-1 3.89705E-1 3.93593E-1 3.93351E-1 4.00271E-1 4.00498E-1 4.07773E-1 4.4324E-1 4.778E-1 4.92144E-1 5.02457E-1 5.07901E-1 5.03039E-1 4.99526E-1 5.01478E-1 5.06813E-1 4.94219E-1 4.9605E-1 5.00248E-1 5.0979E-1 5.05773E-1 4.99716E-1 5.08549E-1 5.02607E-1 5.06475E-1 5.10535E-1 5.05485E-1 4.92788E-1 4.91571E-1 4.85319E-1 4.93916E-1 5.19512E-1 5.52369E-1 5.79635E-1 5.86336E-1 5.90642E-1 5.6494E-1 5.79475E-1 5.94258E-1 5.95983E-1 5.98161E-1 5.99556E-1 6.00397E-1 6.033E-1 6.08413E-1 6.20785E-1 6.3882E-1 6.49305E-1 6.64501E-1 6.61384E-1 6.45829E-1 6.68756E-1 7.07837E-1
3.59121E-1 3.70553E-1 3.86248E-1 3.97012E-1 3.90571E-1 3.88972E-1 3.94159E-1 3.99942E-1 4.02467E-1 4.20428E-1 4.22132E-1 4.30998E-1 4.25142E-1 4.34099E-1 4.38711E-1 4.66895E-1 5.01839E-1 5.16693E-1 5.17861E-1 5.17747E-1 5.15855E-1 5.09604E-1 5.25716E-1 5.30207E-1 4.99899E-1 4.93213E-1 5.06357E-1 5.07544E-1 5.14436E-1 5.25862E-1 5.31602E-1 5.20328E-1 5.18544E-1 5.03194E-1 5.06026E-1 5.18885E-1 5.11442E-1 5.18328E-1 5.19253E-1 5.26433E-1 5.55497E-1 5.83955E-1 6.07858E-1 6.02705E-1 5.98651E-1 5.98283E-1 6.05769E-1 6.16052E-1 6.05608E-1 6.15713E-1 6.1662E-1 6.10519E-1 6.18264E-1 6.27738E-1 6.39319E-1 6.48555E-1 6.58957E-1 6.5656E-1 6.65915E-1 7.08495E-1 7.37506E-1
3.71128E-1 3.91222E-1 4.01202E-1 4.15333E-1 4.14399E-1 4.10591E-1 4.18774E-1 4.1902E-1 4.33167E-1 4.5401E-1 4.57113E-1 4.62797E-1 4.65422E-1 4.7598E-1 4.89367E-1 5.00875E-1 5.24005E-1 5.28303E-1 5.23055E-1 5.2171E-1 5.08485E-1 5.26283E-1 5.35646E-1 5.38207E-1 5.3597E-1 5.27957E-1 5.27823E-1 5.32741E-1 5.26712E-1 5.39133E-1 5.48376E-1 5.44174E-1 5.35161E-1 5.07454E-1 5.17461E-1 5.15513E-1 5.44975E-1 5.49268E-1 5.47433E-1 5.60944E-1 5.83363E-1 6.08426E-1 6.15349E-1 6.05626E-1 6.10386E-1 6.17787E-1 6.15524E-1 6.05107E-1 6.19222E-1 6.31912E-1 6.26478E-1 6.4069E-1 6.49144E-1 6.5921E-1 6.5577E-1 6.56539E-1 6.68617E-1 6.78003E-1 6.83311E-1 7.43566E-1 7.72446E-1
4.05956E-1 4.15118E-1 4.36212E-1 4.32204E-1 4.3289E-1 4.29874E-1 4.38448E-1 4.5136E-1 4.52548E-1 4.67183E-1 4.83983E-1 4.96291E-1 5.0662E-1 5.13908E-1 5.19995E-1 5.19793E-1 5.42968E-1 5.56866E-1 5.56397E-1 5.40957E-1 5.27712E-1 5.34272E-1 5.50989E-1 5.64491E-1 5.54497E-1 5.57412E-1 5.53093E-1 5.54155E-1 5.45201E-1 5.61009E-1 5.84078E-1 5.76546E-1 5.58019E-1 5.52497E-1 5.61304E-1 5.62283E-1 5.66605E-1 5.7844E-1 5.67345E-1 5.80776E-1 5.99743E-1 6.18876E-1 6.24256E-1 6.19754E-1 6.04798E-1 6.18518E-1 6.14866E-1 6.24049E-1 6.41314E-1 6.44387E-1 6.595E-1 6.53175E-1 6.66182E-1 6.72645E-1 6.68664E-1 6.59364E-1 6.66588E-1 6.85164E-1 7.45529E-1 7.47242E-1 7.31115E-1
4.36041E-1 4.46057E-1 4.62651E-1 4.5754E-1 4.54031E-1 4.61317E-1 4.66584E-1 4.68819E-1 4.78555E-1 4.92074E-1 5.08839E-1 5.11391E-1 5.30542E-1 5.27293E-1 5.28118E-1 5.32759E-1 5.52043E-1 5.73278E-1 5.85856E-1 5.69057E-1 5.44315E-1 5.4982E-1 5.69493E-1 5.80287E-1 5.87685E-1 5.83859E-1 5.88803E-1 5.88621E-1 5.78954E-1 5.92352E-1 6.03879E-1 5.94867E-1 5.78392E-1 5.78693E-1 5.86189E-1 5.82294E-1 5.91562E-1 5.83603E-1 5.7649E-1 6.0026E-1 6.06926E-1 6.17951E-1 6.51386E-1 6.45842E-1 6.26087E-1 6.25717E-1 6.2557E-1 6.48338E-1 6.60714E-1 6.80971E-1 6.86068E-1 6.93722E-1 7.06204E-1 7.12616E-1 7.01508E-1 6.84183E-1 6.80959E-1 7.4668E-1 7.48594E-1 7.42118E-1 7.61604E-1
4.67106E-1 4.77815E-1 4.9052E-1 4.89256E-1 4.86485E-1 4.85601E-1 4.8637E-1 5.01278E-1 5.08087E-1 5.25184E-1 5.24103E-1 5.25931E-1 5.27261E-1 5.32995E-1 5.39781E-1 5.56828E-1 5.65302E-1 5.87522E-1 6.00276E-1 5.93449E-1 5.75349E-1 5.71866E-1 5.87445E-1 5.99936E-1 6.1919E-1 6.23406E-1 6.21729E-1 6.213E-1 6.19864E-1 6.2227E-1 6.28077E-1 6.31249E-1 6.29295E-1 6.41145E-1 6.28145E-1 6.09116E-1 6.04617E-1 5.84975E-1 5.87269E-1 6.10694E-1 6.28764E-1 6.35794E-1 6.62455E-1 6.68101E-1 6.62545E-1 6.5725E-1 6.5959E-1 6.82194E-1 6.95229E-1 7.02769E-1 7.21587E-1 7.26674E-1 7.47699E-1 7.50692E-1 7.40342E-1 7.20514E-1 7.45347E-1 7.86667E-1 7.89203E-1 7.74588E-1 7.59418E-1
4.97495E-1 5.05705E-1 5.09497E-1 5.21112E-1 5.10326E-1 5.0854E-1 5.23739E-1 5.33519E-1 5.34805E-1 5.52016E-1 5.492E-1 5.41094E-1 5.4083E-1 5.47706E-1 5.67237E-1 5.82228E-1 5.89602E-1 6.01779E-1 6.23529E-1 6.2186E-1 6.07526E-1 6.00778E-1 5.9339E-1 6.21322E-1 6.52233E-1 6.68687E-1 6.67028E-1 6.54072E-1 6.57042E-1 6.57977E-1 6.54926E-1 6.70526E-1 6.55781E-1 6.10947E-1 6.46706E-1 6.42547E-1 6.28674E-1 6.22582E-1 6.25078E-1 6.39285E-1 6.49505E-1 6.48967E-1 6.69522E-1 6.94743E-1 6.93204E-1 6.9257E-1 7.05361E-1 7.20436E-1 7.42891E-1 7.47921E-1 7.54275E-1 7.51691E-1 7.71872E-1 7.76836E-1 7.49273E-1 7.67001E-1 8.0046E-1 8.26568E-1 8.20263E-1 7.81629E-1 7.63106E-1
5.00381E-1 5.1455E-1 5.14521E-1 5.21491E-1 5.34638E-1 5.33885E-1 5.3969E-1 5.49764E-1 5.5935E-1 5.70976E-1 5.78795E-1 5.6639E-1 5.60048E-1 5.57601E-1 5.67686E-1 5.91396E-1 6.18398E-1 6.4416E-1 6.60446E-1 6.74899E-1 6.49309E-1 6.41772E-1 6.35982E-1 6.46363E-1 6.71474E-1 6.95331E-1 6.94536E-1 6.8304E-1 6.8817E-1 6.97843E-1 6.93494E-1 7.02555E-1 6.86612E-1 6.8265E-1 6.97967E-1 6.85643E-1 6.70357E-1 6.64908E-1 6.56196E-1 6.66497E-1 6.63903E-1 6.66808E-1 6.79816E-1 6.97278E-1 7.255E-1 7.36408E-1 7.49453E-1 7.6524E-1 7.91336E-1 7.81342E-1 7.88275E-1 7.89823E-1 7.97434E-1 7.90902E-1 7.86165E-1 7.95486E-1 8.19638E-1 8.5212E-1 8.34204E-1 8.03034E-1 7.80967E-1
4.9537E-1 5.14846E-1 5.25354E-1 5.36362E-1 5.43224E-1 5.65434E-1 5.76298E-1 5.87275E-1 5.88904E-1 5.92967E-1 6.00917E-1 5.8646E-1 5.8807E-1 5.74272E-1 5.76373E-1 6.24031E-1 6.58466E-1 6.96692E-1 6.94067E-1 6.96763E-1 6.83724E-1 6.84193E-1 6.84768E-1 6.93888E-1 7.12109E-1 7.18928E-1 7.19569E-1 7.13231E-1 7.20837E-1 7.23112E-1 7.32306E-1 7.29275E-1 7.33142E-1 7.21019E-1 7.12706E-1 7.09162E-1 7.07815E-1 6.90451E-1 6.95446E-1 7.06589E-1 6.88421E-1 6.8312E-1 6.82224E-1 7.16957E-1 7.41908E-1 7.75096E-1 7.87618E-1 7.91394E-1 8.04012E-1 8.09464E-1 8.08249E-1 8.00633E-1 8.11638E-1 8.08222E-1 8.20132E-1 8.25984E-1 8.31653E-1 8.42988E-1 8.33624E-1 8.3372E-1 7.56257E-1
4.93899E-1 5.09618E-1 5.33015E-1 5.42838E-1 5.60448E-1 5.79085E-1 5.97314E-1 6.03594E-1 6.10757E-1 6.12747E-1 6.11971E-1 5.99607E-1 5.99156E-1 6.03137E-1 6.19408E-1 6.72086E-1 6.95627E-1 7.14286E-1 7.34299E-1 7.27025E-1 7.13339E-1 7.23138E-1 7.24146E-1 7.41349E-1 7.52117E-1 7.59475E-1 7.49954E-1 7.41368E-1 7.36521E-1 7.44375E-1 7.57842E-1 7.46022E-1 7.37201E-1 7.34304E-1 7.26742E-1 7.22812E-1 7.30517E-1 7.17543E-1 7.21696E-1 7.15242E-1 7.1006E-1 6.97558E-1 7.10951E-1 7.29486E-1 7.65391E-1 7.95187E-1 8.119E-1 8.14284E-1 8.1761E-1 8.15773E-1 8.0657E-1 8.09984E-1 8.12291E-1 8.31479E-1 8.30035E-1 8.40741E-1 8.35065E-1 8.57255E-1 8.33071E-1 8.16219E-1 7.06424E-1
5.14209E-1 5.13429E-1 5.35367E-1 5.60475E-1 5.8097E-1 5.97934E-1 6.14958E-1 6.46007E-1 6.39018E-1 6.30461E-1 6.17663E-1 6.18075E-1 6.2421E-1 6.36227E-1 6.75548E-1 7.08152E-1 7.23768E-1 7.38463E-1 7.60026E-1 7.70282E-1 7.53509E-1 7.50252E-1 7.6151E-1 7.80709E-1 7.8775E-1 7.91674E-1 7.76546E-1 7.67335E-1 7.66644E-1 7.60782E-1 7.525E-1 7.55967E-1 7.4456E-1 7.40044E-1 7.43583E-1 7.41734E-1 7.56972E-1 7.43825E-1 7.25444E-1 7.32277E-1 7.49223E-1 7.1778E-1 7.38986E-1 7.56723E-1 7.85906E-1 8.08243E-1 8.11398E-1 8.20284E-1 8.21911E-1 8.20987E-1 8.22914E-1 8.22782E-1 8.05962E-1 8.40614E-1 8.62092E-1 8.87644E-1 8.70349E-1 8.85392E-1 8.69889E-1 7.68173E-1 7.00076E-1
5.16345E-1 5.22238E-1 5.46526E-1 5.68715E-1 5.98331E-1 6.02752E-1 6.35036E-1 6.48435E-1 6.5351E-1 6.60621E-1 6.51391E-1 6.55882E-1 6.67087E-1 6.84048E-1 7.10732E-1 7.40452E-1 7.55234E-1 7.76508E-1 7.9223E-1 7.9012E-1 8.03047E-1 7.84716E-1 7.9682E-1 8.10841E-1 8.14298E-1 8.10084E-1 8.01877E-1 7.96566E-1 7.89282E-1 7.74085E-1 7.62348E-1 7.54764E-1 7.55927E-1 7.50151E-1 7.5295E-1 7.61327E-1 7.63654E-1 7.6513E-1 7.56364E-1 7.53678E-1 7.68391E-1 7.51825E-1 7.70721E-1 7.83124E-1 7.76456E-1 7.84377E-1 7.90335E-1 8.09669E-1 8.20117E-1 8.24955E-1 8.14212E-1 8.22745E-1 8.27198E-1 8.54227E-1 8.98838E-1 9.12811E-1 9.20685E-1 8.84848E-1 8.48171E-1 7.81888E-1 7.33705E-1
5.36099E-1 5.66131E-1 5.88339E-1 6.07757E-1 6.27167E-1 6.19532E-1 6.41503E-1 6.57426E-1 6.73272E-1 6.90013E-1 6.91619E-1 6.90326E-1 7.03672E-1 7.19342E-1 7.42779E-1 7.78457E-1 8.07367E-1 8.05206E-1 7.90748E-1 7.85738E-1 7.94457E-1 7.90444E-1 8.08961E-1 8.17335E-1 8.19075E-1 8.05872E-1 7.89883E-1 7.92343E-1 7.83941E-1 7.71419E-1 7.69661E-1 7.64908E-1 7.60032E-1 7.5899E-1 7.68235E-1 7.76776E-1 7.65601E-1 7.69956E-1 7.63463E-1 7.64805E-1 7.79158E-1 7.7302E-1 7.76007E-1 7.76435E-1 7.64646E-1 7.55794E-1 7.50799E-1 7.87725E-1 8.14381E-1 8.17377E-1 8.14609E-1 8.31662E-1 8.39037E-1 8.79472E-1 9.26432E-1 9.25E-1 8.94811E-1 8.84357E-1 8.49185E-1 7.91875E-1 8.12068E-1
5.9573E-1 6.13486E-1 6.3936E-1 6.54604E-1 6.71671E-1 6.67456E-1 6.61278E-1 6.8153E-1 7.04863E-1 7.19733E-1 7.16076E-1 7.20581E-1 7.39638E-1 7.58839E-1 7.74336E-1 8.02662E-1 8.07573E-1 7.93098E-1 7.82085E-1 7.70512E-1 7.88481E-1 8.00634E-1 8.06403E-1 8.10366E-1 7.9969E-1 7.96232E-1 7.69882E-1 7.60511E-1 7.58289E-1 7.58155E-1 7.54417E-1 7.62485E-1 7.64219E-1 7.60929E-1 7.70448E-1 7.71425E-1 7.70076E-1 7.60352E-1 7.67359E-1 7.72619E-1 7.74672E-1 7.80645E-1 7.80869E-1 7.78224E-1 7.71639E-1 7.64995E-1 7.68402E-1 7.9439E-1 8.07635E-1 8.08899E-1 8.04319E-1 8.20351E-1 8.47388E-1 9.09347E-1 9.27193E-1 8.8194E-1 8.67949E-1 8.66379E-1 8.11813E-1 8.06839E-1 7.87897E-1
6.49778E-1 6.69107E-1 6.95044E-1 7.11492E-1 7.33649E-1 7.26406E-1 7.14091E-1 7.15583E-1 7.39219E-1 7.57648E-1 7.67073E-1 7.69125E-1 7.84985E-1 7.90698E-1 8.04129E-1 7.99355E-1 8.05647E-1 7.9514E-1 7.74917E-1 7.52333E-1 7.64464E-1 7.93098E-1 7.94899E-1 7.95688E-1 7.92403E-1 7.86049E-1 7.7261E-1 7.50977E-1 7.39681E-1 7.4894E-1 7.54912E-1 7.64824E-1 7.57781E-1 7.65436E-1 7.87104E-1 7.87264E-1 7.72179E-1 7.75093E-1 7.85917E-1 7.83398E-1 7.72292E-1 7.93882E-1 7.98474E-1 7.96448E-1 8.03902E-1 8.05812E-1 8.02231E-1 8.17087E-1 8.24303E-1 7.96875E-1 8.09803E-1 8.50941E-1 8.87134E-1 8.76214E-1 8.55082E-1 8.74012E-1 8.4604E-1 8.35491E-1 8.02691E-1 8.07399E-1 8.13906E-1
7.02814E-1 7.15225E-1 7.32038E-1 7.50254E-1 7.67033E-1 7.61787E-1 7.60519E-1 7.52596E-1 7.45842E-1 7.81758E-1 7.83612E-1 7.97546E-1 8.17174E-1 8.25935E-1 8.29302E-1 8.15148E-1 8.10687E-1 7.92297E-1 7.73982E-1 7.41645E-1 7.39151E-1 7.86385E-1 7.99527E-1 7.87269E-1 7.89696E-1 7.92807E-1 7.8483E-1 7.70248E-1 7.5621E-1 7.54939E-1 7.62721E-1 7.60888E-1 7.5625E-1 7.83596E-1 7.85377E-1 7.76061E-1 7.60926E-1 7.79099E-1 7.92116E-1 7.92757E-1 7.81924E-1 7.9687E-1 8.21683E-1 8.31489E-1 8.4595E-1 8.4779E-1 8.48816E-1 8.43965E-1 8.22652E-1 8.0101E-1 8.31086E-1 8.38396E-1 8.31984E-1 8.13809E-1 8.45459E-1 8.42232E-1 8.45366E-1 8.2356E-1 8.42016E-1 8.16924E-1 8.45448E-1
7.49563E-1 7.65082E-1 7.72797E-1 7.91574E-1 7.98128E-1 7.88446E-1 7.60295E-1 7.45895E-1 7.63908E-1 7.73725E-1 7.90329E-1 8.05152E-1 8.26276E-1 8.42102E-1 8.31586E-1 8.23236E-1 8.12251E-1 8.14595E-1 8.02444E-1 7.74788E-1 7.72977E-1 7.93465E-1 7.85541E-1 7.7733E-1 7.99682E-1 8.12744E-1 8.04577E-1 7.92421E-1 7.76018E-1 7.80799E-1 7.71608E-1 7.78512E-1 7.77072E-1 7.87869E-1 7.84125E-1 7.80895E-1 7.82029E-1 7.84411E-1 8.06599E-1 8.06954E-1 8.10682E-1 8.14387E-1 8.36638E-1 8.57308E-1 8.71713E-1 8.77455E-1 8.68484E-1 8.44808E-1 8.17634E-1 8.21711E-1 7.99317E-1 7.99524E-1 7.78318E-1 8.03378E-1 8.45685E-1 8.0822E-1 8.43781E-1 8.39619E-1 8.51897E-1 8.34136E-1 9.0193E-1
7.96876E-1 8.10224E-1 8.13546E-1 8.13749E-1 8.15965E-1 8.07587E-1 7.84832E-1 7.69119E-1 7.74977E-1 7.99216E-1 7.99549E-1 7.92746E-1 7.8471E-1 8.15605E-1 8.26821E-1 8.23277E-1 8.21947E-1 8.31506E-1 8.23185E-1 8.0767E-1 7.92127E-1 8.16844E-1 8.19408E-1 8.14135E-1 8.14141E-1 8.2736E-1 8.31749E-1 8.18265E-1 7.89783E-1 7.93887E-1 8.03067E-1 8.09753E-1 7.98623E-1 7.78792E-1 7.86375E-1 8.01181E-1 8.07537E-1 8.22853E-1 8.25356E-1 8.21543E-1 8.18985E-1 8.37645E-1 8.57335E-1 8.70221E-1 8.83683E-1 8.83332E-1 8.72828E-1 8.45893E-1 8.36675E-1 8.20889E-1 7.77812E-1 7.45496E-1 7.55367E-1 8.04784E-1 8.27579E-1 8.29493E-1 8.10566E-1 8.30209E-1 8.66429E-1 8.89049E-1 8.76813E-1
8.18689E-1 8.28342E-1 8.22206E-1 8.26088E-1 8.26851E-1 8.12096E-1 8.03047E-1 7.98989E-1 7.9982E-1 8.11499E-1 8.23984E-1 8.0088E-1 7.84508E-1 7.98775E-1 8.04474E-1 8.08579E-1 8.1173E-1 8.2656E-1 8.25813E-1 8.08511E-1 8.07705E-1 8.21666E-1 8.35636E-1 8.34035E-1 8.38777E-1 8.53688E-1 8.56226E-1 8.40899E-1 8.33741E-1 8.24995E-1 8.24005E-1 8.17025E-1 8.03487E-1 7.8777E-1 8.02036E-1 8.15412E-1 8.41434E-1 8.51636E-1 8.51555E-1 8.48087E-1 8.46946E-1 8.48424E-1 8.6209E-1 8.78639E-1 8.87267E-1 8.80662E-1 8.64614E-1 8.39559E-1 8.29892E-1 7.94585E-1 7.66617E-1 7.49185E-1 8.14804E-1 8.04469E-1 8.19211E-1 8.31963E-1 8.30685E-1 8.53099E-1 8.79627E-1 8.78498E-1 8.83466E-1
8.21211E-1 8.24359E-1 8.35975E-1 8.39132E-1 8.43058E-1 8.4386E-1 8.2475E-1 8.25262E-1 8.21036E-1 8.32855E-1 8.42765E-1 8.2707E-1 8.06037E-1 7.96312E-1 7.97419E-1 8.00591E-1 8.05177E-1 8.0789E-1 8.13674E-1 8.16951E-1 8.03788E-1 8.0841E-1 8.33876E-1 8.41853E-1 8.56359E-1 8.5618E-1 8.58752E-1 8.58533E-1 8.48327E-1 8.38013E-1 8.16271E-1 7.99103E-1 7.94978E-1 8.03456E-1 8.26107E-1 8.38176E-1 8.62443E-1 8.7078E-1 8.61867E-1 8.66057E-1 8.71052E-1 8.64917E-1 8.66789E-1 8.73158E-1 8.81403E-1 8.85021E-1 8.67878E-1 8.48769E-1 8.33346E-1 8.04751E-1 7.90148E-1 7.64153E-1 7.65938E-1 7.83345E-1 8.20799E-1 8.53623E-1 8.57503E-1 8.68906E-1 8.79712E-1 8.9028E-1 9.0149E-1
8.06779E-1 8.33483E-1 8.41549E-1 8.53234E-1 8.65295E-1 8.64905E-1 8.67356E-1 8.62358E-1 8.4157E-1 8.49829E-1 8.56727E-1 8.49174E-1 8.21553E-1 8.1965E-1 8.0888E-1 8.05973E-1 8.11422E-1 8.12713E-1 8.10665E-1 8.17342E-1 8.09392E-1 8.26836E-1 8.38339E-1 8.57078E-1 8.60063E-1 8.62755E-1 8.65948E-1 8.59748E-1 8.58378E-1 8.42746E-1 8.21941E-1 7.87192E-1 8.05821E-1 8.33319E-1 8.51208E-1 8.69999E-1 8.77058E-1 8.79934E-1 8.6788E-1 8.73564E-1 8.64752E-1 8.63991E-1 8.70204E-1 8.77035E-1 8.80829E-1 8.83487E-1 8.80141E-1 8.68388E-1 8.4773E-1 8.14847E-1 7.79499E-1 7.56611E-1 7.75408E-1 7.93117E-1 8.42935E-1 8.77721E-1 8.8686E-1 9.01167E-1 9.1565E-1 9.10712E-1 9.17175E-1
8.06495E-1 8.50908E-1 8.67722E-1 8.87942E-1 8.94117E-1 8.89272E-1 8.938E-1 8.90838E-1 8.78795E-1 8.59557E-1 8.7217E-1 8.62431E-1 8.38714E-1 8.17896E-1 8.22679E-1 8.26277E-1 8.14019E-1 8.30483E-1 8.24484E-1 8.27252E-1 8.26235E-1 8.26273E-1 8.50221E-1 8.61399E-1 8.64019E-1 8.77349E-1 8.66967E-1 8.61671E-1 8.6818E-1 8.54156E-1 8.4111E-1 8.32235E-1 8.34929E-1 8.59463E-1 8.8433E-1 8.8697E-1 8.8695E-1 8.84089E-1 8.8065E-1 8.66779E-1 8.75447E-1 8.5647E-1 8.54751E-1 8.76702E-1 8.97953E-1 8.98161E-1 8.73413E-1 8.71966E-1 8.37231E-1 7.93258E-1 7.67976E-1 7.80609E-1 8.13146E-1 8.357E-1 8.63373E-1 8.92943E-1 9.02178E-1 9.08161E-1 9.13251E-1 9.14952E-1 9.14368E-1
8.47276E-1 8.73589E-1 8.96314E-1 9.0693E-1 9.12167E-1 9.08662E-1 9.00294E-1 9.0304E-1 8.93287E-1 8.83494E-1 8.85948E-1 8.68951E-1 8.36728E-1 8.07391E-1 8.16863E-1 8.12647E-1 8.09917E-1 8.27187E-1 8.37213E-1 8.54647E-1 8.53312E-1 8.52883E-1 8.56747E-1 8.62643E-1 8.70989E-1 8.74047E-1 8.67726E-1 8.73744E-1 8.78008E-1 8.72389E-1 8.54809E-1 8.51915E-1 8.72031E-1 8.8486E-1 8.8393E-1 8.85884E-1 8.69662E-1 8.49996E-1 8.46441E-1 8.46934E-1 8.29226E-1 8.32369E-1 8.42481E-1 8.72498E-1 8.83191E-1 8.87821E-1 8.97143E-1 8.90775E-1 8.6883E-1 8.24325E-1 7.94088E-1 8.14907E-1 8.39556E-1 8.76671E-1 9.06235E-1 9.09049E-1 9.08368E-1 9.14614E-1 9.1054E-1 9.10754E-1 9.14341E-1
8.71649E-1 8.94045E-1 9.13342E-1 9.11058E-1 9.05387E-1 9.05574E-1 8.99149E-1 9.05281E-1 8.98051E-1 8.90872E-1 8.8081E-1 8.72916E-1 8.41538E-1 8.16166E-1 8.11357E-1 8.06999E-1 8.17163E-1 8.43022E-1 8.61738E-1 8.77859E-1 8.75402E-1 8.68314E-1 8.61134E-1 8.67087E-1 8.70489E-1 8.69183E-1 8.89089E-1 8.97025E-1 9.12471E-1 9.07636E-1 8.97363E-1 8.74741E-1 8.90148E-1 8.88711E-1 8.75109E-1 8.56605E-1 8.37074E-1 8.21301E-1 8.16156E-1 8.09709E-1 8.07369E-1 8.04206E-1 8.28189E-1 8.6105E-1 9.02508E-1 9.06792E-1 9.11762E-1 9.02078E-1 8.71348E-1 8.3802E-1 8.44609E-1 8.81524E-1 9.00663E-1 9.1639E-1 9.13522E-1 9.08117E-1 9.09482E-1 8.95539E-1 9.01274E-1 8.98919E-1 9.0122E-1
8.89654E-1 8.94994E-1 9.14257E-1 8.92736E-1 8.83145E-1 8.81381E-1 8.8348E-1 8.95917E-1 8.8948E-1 8.82932E-1 8.74909E-1 8.57803E-1 8.36344E-1 8.22694E-1 8.11365E-1 8.07111E-1 8.16859E-1 8.43101E-1 8.64713E-1 8.78819E-1 8.83604E-1 8.71035E-1 8.62412E-1 8.65821E-1 8.67535E-1 8.76247E-1 8.88988E-1 9.00794E-1 9.18465E-1 9.18631E-1 9.03088E-1 8.7681E-1 8.7587E-1 8.63455E-1 8.45464E-1 8.25241E-1 8.07861E-1 7.89611E-1 7.80975E-1 7.92202E-1 7.84381E-1 7.94087E-1 8.20143E-1 9.01445E-1 9.0557E-1 9.07499E-1 9.17239E-1 9.11972E-1 9.03666E-1 8.99374E-1 9.05838E-1 9.10819E-1 9.19434E-1 9.24794E-1 9.18726E-1 8.99089E-1 8.90554E-1 8.89322E-1 8.92842E-1 8.95495E-1 9.04862E-1
8.84612E-1 8.95989E-1 8.99837E-1 8.69942E-1 8.65782E-1 8.71246E-1 8.71147E-1 8.73272E-1 8.71992E-1 8.66025E-1 8.67329E-1 8.61384E-1 8.39498E-1 8.18921E-1 8.12642E-1 8.11033E-1 8.25247E-1 8.4188E-1 8.60155E-1 8.81094E-1 8.80728E-1 8.81073E-1 8.72273E-1 8.67772E-1 8.82193E-1 8.95574E-1 8.95075E-1 8.98106E-1 9.12443E-1 9.13763E-1 8.95978E-1 8.57886E-1 8.51604E-1 8.39758E-1 8.1416E-1 8.08056E-1 7.83042E-1 7.56968E-1 7.61284E-1 7.60199E-1 7.63476E-1 8.10928E-1 8.6246E-1 9.14281E-1 9.04118E-1 9.07929E-1 9.21207E-1 9.33764E-1 9.33127E-1 9.31943E-1 9.19663E-1 9.11748E-1 9.05268E-1 8.94272E-1 8.80118E-1 8.76406E-1 8.81185E-1 8.91547E-1 8.90308E-1 8.99771E-1 9.08E-1
8.62185E-1 8.75062E-1 8.74557E-1 8.64094E-1 8.68059E-1 8.84621E-1 8.73732E-1 8.63126E-1 8.48407E-1 8.41212E-1 8.55153E-1 8.63772E-1 8.50729E-1 8.39269E-1 8.25403E-1 8.28435E-1 8.43554E-1 8.58112E-1 8.82133E-1 8.93999E-1 8.89536E-1 8.88093E-1 8.79948E-1 8.87225E-1 9.02969E-1 9.05342E-1 9.01457E-1 9.01261E-1 8.89654E-1 8.8984E-1 8.47279E-1 8.20563E-1 8.20675E-1 7.97521E-1 7.81453E-1 7.66246E-1 7.25174E-1 7.34826E-1 7.52373E-1 7.92977E-1 8.57304E-1 8.74872E-1 9.17334E-1 9.29626E-1 9.07481E-1 9.25412E-1 9.35604E-1 9.39932E-1 9.42376E-1 9.47589E-1 9.29183E-1 9.0654E-1 8.94988E-1 8.90326E-1 8.71434E-1 8.71284E-1 8.82235E-1 8.89045E-1 8.90326E-1 8.92568E-1 9.02926E-1
