maxent_outputs/red_flowers_troch_bombus_environ/red_118.asc
ncols         426
nrows         180
xllcorner     -130.0
yllcorner     24.0
cellsize      0.16666666666666666
NODATA_value  -9999
[rows 27 to 53 of 180, columns 305 to 365 of 426]
1.04499E-1 1.04116E-1 1.04396E-1 1.05337E-1 1.04926E-1 1.06595E-1 1.09104E-1 1.10156E-1 1.12012E-1 1.12074E-1 1.11129E-1 1.10062E-1 1.1001E-1 1.0954E-1 1.08629E-1 1.10399E-1 1.13912E-1 1.1175E-1 1.08484E-1 1.09763E-1 1.08566E-1 1.0918E-1 1.10199E-1 1.11668E-1 1.08879E-1 1.12758E-1 1.14712E-1 1.11295E-1 1.15251E-1 1.1682E-1 1.15263E-1 1.14979E-1 1.14666E-1 1.1491E-1 1.14712E-1 1.15882E-1 1.15395E-1 1.13528E-1 1.11756E-1 1.11342E-1 1.10902E-1 1.08825E-1 1.09172E-1 1.09947E-1 1.13448E-1 1.14134E-1 1.14891E-1 1.16207E-1 1.18117E-1 1.21892E-1 1.21578E-1 1.2614E-1 1.29816E-1 1.30783E-1 1.34885E-1 1.35385E-1 1.37545E-1 1.39632E-1 1.46291E-1 1.4562E-1 1.51229E-1
1.08441E-1 1.07021E-1 1.05056E-1 1.04967E-1 1.04797E-1 1.06394E-1 1.08173E-1 1.10409E-1 1.10943E-1 1.10874E-1 1.11335E-1 1.10925E-1 1.08836E-1 1.07739E-1 1.08597E-1 1.09724E-1 1.11906E-1 1.09155E-1 1.09978E-1 1.11224E-1 1.09611E-1 1.10275E-1 1.11308E-1 1.11928E-1 1.10718E-1 1.15185E-1 1.1511E-1 1.14568E-1 1.13722E-1 1.14782E-1 1.1515E-1 1.14577E-1 1.14685E-1 1.1329E-1 1.13155E-1 1.13284E-1 1.12229E-1 1.11579E-1 1.10021E-1 1.1073E-1 1.09068E-1 1.08397E-1 1.09913E-1 1.12544E-1 1.14551E-1 1.18458E-1 1.18424E-1 1.21356E-1 1.21005E-1 1.24707E-1 1.27716E-1 1.29573E-1 1.30732E-1 1.34968E-1 1.39734E-1 1.40403E-1 1.40488E-1 1.41417E-1 1.50516E-1 1.62007E-1 1.7081E-1
1.10567E-1 1.09128E-1 1.07096E-1 1.0679E-1 1.06432E-1 1.08767E-1 1.10045E-1 1.11043E-1 1.12175E-1 1.13968E-1 1.14244E-1 1.14061E-1 1.1576E-1 1.16666E-1 1.12041E-1 1.13454E-1 1.10968E-1 1.10467E-1 1.10799E-1 1.11472E-1 1.10952E-1 1.10506E-1 1.11311E-1 1.12186E-1 1.12835E-1 1.15614E-1 1.17524E-1 1.15065E-1 1.1393E-1 1.12732E-1 1.13117E-1 1.12665E-1 1.1432E-1 1.14846E-1 1.14065E-1 1.12052E-1 1.11836E-1 1.11492E-1 1.10117E-1 1.10782E-1 1.09001E-1 1.08595E-1 1.11174E-1 1.14514E-1 1.16289E-1 1.18834E-1 1.2388E-1 1.28701E-1 1.28627E-1 1.31995E-1 1.37214E-1 1.34471E-1 1.37307E-1 1.38834E-1 1.39616E-1 1.4519E-1 1.49862E-1 1.5221E-1 1.55361E-1 1.69978E-1 1.86433E-1
1.08749E-1 1.10785E-1 1.07613E-1 1.12803E-1 1.11181E-1 1.08909E-1 1.11882E-1 1.12822E-1 1.14046E-1 1.1757E-1 1.17205E-1 1.16602E-1 1.16751E-1 1.15178E-1 1.15435E-1 1.1468E-1 1.14338E-1 1.14687E-1 1.12766E-1 1.13513E-1 1.12806E-1 1.13652E-1 1.13292E-1 1.13359E-1 1.15049E-1 1.16095E-1 1.16466E-1 1.16942E-1 1.16524E-1 1.15439E-1 1.15961E-1 1.15273E-1 1.1673E-1 1.17829E-1 1.14638E-1 1.13902E-1 1.13774E-1 1.14449E-1 1.1261E-1 1.08437E-1 1.06367E-1 1.07968E-1 1.08153E-1 1.12629E-1 1.15471E-1 1.21407E-1 1.29311E-1 1.34683E-1 1.32122E-1 1.37528E-1 1.46032E-1 1.39874E-1 1.49678E-1 1.46485E-1 1.49304E-1 1.57471E-1 1.65012E-1 1.71439E-1 1.80841E-1 1.90583E-1 2.07932E-1
1.14405E-1 1.16774E-1 1.0946E-1 1.1173E-1 1.11831E-1 1.1246E-1 1.17835E-1 1.18758E-1 1.19767E-1 1.19352E-1 1.20943E-1 1.2052E-1 1.25167E-1 1.28064E-1 1.21986E-1 1.19335E-1 1.17252E-1 1.15185E-1 1.15623E-1 1.14654E-1 1.17439E-1 1.16113E-1 1.15492E-1 1.19508E-1 1.18975E-1 1.18865E-1 1.21615E-1 1.22432E-1 1.17677E-1 1.20573E-1 1.16516E-1 1.15164E-1 1.17314E-1 1.18762E-1 1.19225E-1 1.1788E-1 1.19586E-1 1.22705E-1 1.19469E-1 1.12989E-1 1.08487E-1 1.17616E-1 1.20771E-1 1.17473E-1 1.20079E-1 1.17676E-1 1.26376E-1 1.38364E-1 1.40858E-1 1.46629E-1 1.50075E-1 1.49211E-1 1.55189E-1 1.53354E-1 1.61439E-1 1.66175E-1 1.78323E-1 1.90428E-1 2.03857E-1 2.11954E-1 2.18236E-1
1.21017E-1 1.24585E-1 1.27008E-1 1.23848E-1 1.19311E-1 1.19825E-1 1.23077E-1 1.17234E-1 1.20182E-1 1.26185E-1 1.2373E-1 1.27394E-1 1.37654E-1 1.27354E-1 1.23913E-1 1.24443E-1 1.21887E-1 1.1675E-1 1.1663E-1 1.20653E-1 1.20552E-1 1.19073E-1 1.17476E-1 1.23167E-1 1.26574E-1 1.26539E-1 1.29234E-1 1.28306E-1 1.24403E-1 1.23206E-1 1.20394E-1 1.1593E-1 1.17394E-1 1.17982E-1 1.17794E-1 1.16923E-1 1.1817E-1 1.24184E-1 1.25496E-1 1.23444E-1 1.21857E-1 1.4349E-1 1.70658E-1 1.69729E-1 1.42119E-1 1.28429E-1 1.32229E-1 1.3069E-1 1.41797E-1 1.57293E-1 1.63313E-1 1.65533E-1 1.6583E-1 1.67169E-1 1.71466E-1 1.80912E-1 1.89869E-1 2.0685E-1 2.32844E-1 2.33301E-1 2.29384E-1
1.34077E-1 1.30591E-1 1.35144E-1 1.38697E-1 1.41263E-1 1.41782E-1 1.39587E-1 1.339E-1 1.32513E-1 1.27679E-1 1.3434E-1 1.44942E-1 1.44241E-1 1.34044E-1 1.29532E-1 1.26325E-1 1.2373E-1 1.17859E-1 1.16454E-1 1.16525E-1 1.17311E-1 1.21872E-1 1.25488E-1 1.29398E-1 1.33742E-1 1.24879E-1 1.25624E-1 1.27426E-1 1.2677E-1 1.28194E-1 1.24153E-1 1.19724E-1 1.21005E-1 1.19378E-1 1.18487E-1 1.198E-1 1.21433E-1 1.25328E-1 1.26882E-1 1.2599E-1 1.28919E-1 1.37923E-1 1.47963E-1 1.55686E-1 1.43291E-1 1.46467E-1 1.53533E-1 1.5565E-1 1.5717E-1 1.65427E-1 1.74786E-1 1.73922E-1 1.75885E-1 1.76196E-1 1.81891E-1 1.90611E-1 2.04263E-1 2.19163E-1 2.39146E-1 2.29346E-1 -9999
1.37254E-1 1.37366E-1 1.40895E-1 1.49818E-1 1.56906E-1 1.53229E-1 1.51105E-1 1.40866E-1 1.4051E-1 1.42491E-1 1.52512E-1 1.50553E-1 1.41125E-1 1.31485E-1 1.25617E-1 1.22008E-1 1.2433E-1 1.22791E-1 1.23806E-1 1.21223E-1 1.24991E-1 1.25542E-1 1.2549E-1 1.30675E-1 1.32099E-1 1.2713E-1 1.26156E-1 1.2842E-1 1.26088E-1 1.24919E-1 1.25997E-1 1.21154E-1 1.20912E-1 1.18875E-1 1.20305E-1 1.2216E-1 1.26336E-1 1.3263E-1 1.33345E-1 1.32672E-1 1.35135E-1 1.46577E-1 1.49315E-1 1.56672E-1 1.59153E-1 1.65844E-1 1.70211E-1 1.73696E-1 1.72202E-1 1.7097E-1 1.75258E-1 1.74899E-1 1.78946E-1 1.92304E-1 2.13722E-1 2.28108E-1 2.16757E-1 2.34685E-1 2.201E-1 -9999 2.96615E-1
1.38857E-1 1.4382E-1 1.41555E-1 1.4424E-1 1.44537E-1 1.45483E-1 1.50065E-1 1.57024E-1 1.51658E-1 1.44287E-1 1.50682E-1 1.55476E-1 1.5083E-1 1.40671E-1 1.36335E-1 1.33283E-1 1.29593E-1 1.322E-1 1.29689E-1 1.32065E-1 1.32303E-1 1.30631E-1 1.32443E-1 1.3557E-1 1.31175E-1 1.33077E-1 1.36773E-1 1.35759E-1 1.32025E-1 1.29595E-1 1.27878E-1 1.25872E-1 1.22532E-1 1.23913E-1 1.25682E-1 1.24639E-1 1.28507E-1 1.31989E-1 1.35367E-1 1.38069E-1 1.4288E-1 1.46231E-1 1.50819E-1 1.65104E-1 1.69398E-1 1.81282E-1 1.91005E-1 1.97335E-1 1.9497E-1 1.94142E-1 1.94653E-1 1.88085E-1 1.94393E-1 2.00668E-1 2.11039E-1 2.29938E-1 2.50401E-1 2.82512E-1 2.82418E-1 2.49597E-1 2.40511E-1
1.50018E-1 1.48529E-1 1.50062E-1 1.51205E-1 1.48089E-1 1.44648E-1 1.49274E-1 1.47633E-1 1.5032E-1 1.44519E-1 1.45743E-1 1.53534E-1 1.56418E-1 1.52804E-1 1.45896E-1 1.41822E-1 1.38465E-1 1.3897E-1 1.37029E-1 1.37485E-1 1.35764E-1 1.35091E-1 1.3854E-1 1.40314E-1 1.40733E-1 1.41504E-1 1.41754E-1 1.42029E-1 1.41277E-1 1.35079E-1 1.31426E-1 1.26078E-1 1.26126E-1 1.29767E-1 1.2889E-1 1.27359E-1 1.31594E-1 1.35458E-1 1.41758E-1 1.49407E-1 1.59079E-1 1.65318E-1 1.63753E-1 1.75172E-1 1.88513E-1 1.96781E-1 2.07946E-1 2.1928E-1 2.21284E-1 2.10088E-1 2.0625E-1 2.05824E-1 2.06448E-1 2.00814E-1 2.10332E-1 2.43405E-1 2.82077E-1 2.60676E-1 2.3734E-1 2.2886E-1 2.18679E-1
1.54217E-1 1.57072E-1 1.55956E-1 1.52096E-1 1.47614E-1 1.45974E-1 1.51211E-1 1.54095E-1 1.50589E-1 1.50728E-1 1.56311E-1 1.57786E-1 1.56774E-1 1.51006E-1 1.43721E-1 1.42109E-1 1.42593E-1 1.42429E-1 1.42183E-1 1.41222E-1 1.43742E-1 1.41682E-1 1.45609E-1 1.47727E-1 1.49288E-1 1.4914E-1 1.50848E-1 1.4935E-1 1.48364E-1 1.44077E-1 1.4045E-1 1.36515E-1 1.33338E-1 1.32517E-1 1.34782E-1 1.37147E-1 1.40385E-1 1.45377E-1 1.46489E-1 1.57637E-1 1.65417E-1 1.7388E-1 1.82867E-1 1.93966E-1 2.0713E-1 2.22872E-1 2.30894E-1 2.39908E-1 2.38551E-1 2.29409E-1 2.17825E-1 2.21868E-1 2.05023E-1 2.08177E-1 2.24337E-1 2.41961E-1 2.7562E-1 2.37601E-1 2.37512E-1 2.29246E-1 2.14619E-1
1.63338E-1 1.65873E-1 1.77431E-1 1.6261E-1 1.51492E-1 1.4821E-1 1.53052E-1 1.5262E-1 1.53958E-1 1.57571E-1 1.59548E-1 1.6195E-1 1.59099E-1 1.54634E-1 1.47581E-1 1.51133E-1 1.50015E-1 1.48163E-1 1.49571E-1 1.5077E-1 1.50081E-1 1.48375E-1 1.4961E-1 1.50034E-1 1.52126E-1 1.52755E-1 1.54719E-1 1.54618E-1 1.54642E-1 1.51297E-1 1.50261E-1 1.448E-1 1.39676E-1 1.39614E-1 1.40957E-1 1.4008E-1 1.44865E-1 1.49977E-1 1.51354E-1 1.66456E-1 1.75548E-1 1.87146E-1 2.00105E-1 2.10891E-1 2.26591E-1 2.39502E-1 2.53164E-1 2.59969E-1 2.59709E-1 2.48275E-1 2.37379E-1 2.39634E-1 2.0704E-1 2.21176E-1 2.08815E-1 2.4695E-1 2.43067E-1 2.42226E-1 2.45921E-1 2.34811E-1 2.14628E-1
1.70979E-1 1.69228E-1 1.67943E-1 1.63819E-1 1.59305E-1 1.57628E-1 1.55121E-1 1.57231E-1 1.5922E-1 1.60065E-1 1.59915E-1 1.67103E-1 1.6076E-1 1.59568E-1 1.5683E-1 1.58804E-1 1.55332E-1 1.49829E-1 1.54482E-1 1.54968E-1 1.57983E-1 1.56378E-1 1.54066E-1 1.59014E-1 1.62838E-1 1.58973E-1 1.61533E-1 1.63522E-1 1.65617E-1 1.63653E-1 1.50464E-1 1.48088E-1 1.44991E-1 1.46441E-1 1.46113E-1 1.53211E-1 1.5637E-1 1.62334E-1 1.62506E-1 1.79093E-1 1.83501E-1 1.97762E-1 2.10125E-1 2.30782E-1 2.46065E-1 2.55309E-1 2.72845E-1 2.76053E-1 2.75272E-1 2.68201E-1 2.81708E-1 2.67531E-1 2.6428E-1 2.45835E-1 2.67411E-1 2.40933E-1 2.36673E-1 2.40209E-1 2.42448E-1 2.31692E-1 2.19708E-1
1.77527E-1 1.8022E-1 1.73065E-1 1.6755E-1 1.64374E-1 1.64896E-1 1.55787E-1 1.57307E-1 1.59067E-1 1.60281E-1 1.60928E-1 1.60733E-1 1.59349E-1 1.55351E-1 1.55542E-1 1.6615E-1 1.55422E-1 1.55286E-1 1.5698E-1 1.56573E-1 1.60856E-1 1.62879E-1 1.63295E-1 1.6603E-1 1.7066E-1 1.64178E-1 1.58898E-1 1.58943E-1 1.62547E-1 1.62187E-1 1.57573E-1 1.50155E-1 1.47061E-1 1.51153E-1 1.52506E-1 1.624E-1 1.62571E-1 1.62238E-1 1.76542E-1 1.79433E-1 1.91262E-1 2.08867E-1 2.29713E-1 2.47724E-1 2.59436E-1 2.74176E-1 2.93474E-1 2.90616E-1 2.89971E-1 3.10203E-1 3.13513E-1 3.01769E-1 -9999 2.57486E-1 2.53142E-1 2.42726E-1 2.32489E-1 2.35041E-1 2.32358E-1 2.21152E-1 2.21424E-1
1.89177E-1 1.83797E-1 1.77692E-1 1.78196E-1 1.70678E-1 1.6446E-1 1.60983E-1 1.62418E-1 1.60987E-1 1.64185E-1 1.62552E-1 1.63535E-1 1.63587E-1 1.61595E-1 1.63098E-1 1.62811E-1 1.66519E-1 1.61609E-1 1.61643E-1 1.66174E-1 1.75857E-1 1.64154E-1 1.78672E-1 1.75867E-1 1.74138E-1 1.69384E-1 1.64674E-1 1.64481E-1 1.66043E-1 1.65952E-1 1.6619E-1 1.63092E-1 1.6098E-1 1.62232E-1 1.67293E-1 1.72176E-1 1.7704E-1 1.85716E-1 1.91481E-1 1.97219E-1 2.04968E-1 2.16361E-1 2.345E-1 2.59524E-1 2.77563E-1 2.89485E-1 3.0287E-1 3.19087E-1 3.29174E-1 3.10593E-1 2.97138E-1 3.40771E-1 2.67977E-1 2.56811E-1 2.5169E-1 2.35419E-1 2.18718E-1 2.22365E-1 2.16457E-1 2.17136E-1 2.17677E-1
2.00987E-1 2.04162E-1 1.90679E-1 1.76976E-1 1.68335E-1 1.62501E-1 1.65601E-1 1.72483E-1 1.68724E-1 1.68255E-1 1.65503E-1 1.65101E-1 1.6247E-1 1.63392E-1 1.71409E-1 1.77081E-1 1.77283E-1 1.81443E-1 1.71971E-1 1.80458E-1 1.87212E-1 1.86942E-1 1.89193E-1 1.76545E-1 1.83905E-1 1.82352E-1 1.77908E-1 1.73155E-1 1.73897E-1 1.71161E-1 1.66981E-1 1.64919E-1 1.68265E-1 1.73118E-1 1.7924E-1 1.89453E-1 1.94829E-1 2.06993E-1 2.09826E-1 2.16742E-1 2.0949E-1 2.16507E-1 2.37161E-1 2.43809E-1 2.64589E-1 2.68325E-1 2.82362E-1 2.92586E-1 2.85034E-1 2.62075E-1 2.33736E-1 2.4982E-1 2.56382E-1 2.5442E-1 2.47736E-1 2.26015E-1 2.11865E-1 2.13308E-1 2.16489E-1 2.14745E-1 2.12372E-1
1.97708E-1 1.97642E-1 1.85167E-1 1.7787E-1 1.72763E-1 1.69571E-1 1.72711E-1 1.72571E-1 1.73856E-1 1.70376E-1 1.74472E-1 1.72803E-1 1.69682E-1 1.73575E-1 1.78448E-1 1.83963E-1 1.90694E-1 1.89801E-1 1.88141E-1 2.04934E-1 2.17965E-1 2.02502E-1 1.81672E-1 1.88523E-1 1.98378E-1 1.92844E-1 1.86667E-1 1.857E-1 1.88138E-1 1.84985E-1 1.78868E-1 1.78767E-1 1.86033E-1 1.88717E-1 1.96549E-1 2.0154E-1 2.20807E-1 2.28582E-1 2.31001E-1 2.10225E-1 2.05233E-1 2.14448E-1 2.17319E-1 2.29646E-1 2.34409E-1 2.52475E-1 2.6346E-1 2.70865E-1 2.44891E-1 2.28378E-1 2.28178E-1 2.39524E-1 2.47812E-1 2.59183E-1 2.45907E-1 2.32757E-1 2.19854E-1 2.17819E-1 2.17986E-1 2.18675E-1 2.15991E-1
1.9065E-1 1.96295E-1 1.83534E-1 1.77661E-1 1.82401E-1 1.80737E-1 1.76632E-1 1.78119E-1 1.74242E-1 1.77772E-1 1.74228E-1 1.85742E-1 1.81412E-1 1.82996E-1 1.87989E-1 1.95642E-1 1.95347E-1 2.00784E-1 1.93415E-1 1.88116E-1 1.99825E-1 1.98509E-1 1.9278E-1 2.02482E-1 2.11423E-1 1.99127E-1 1.92543E-1 1.9995E-1 1.96189E-1 1.94902E-1 1.97268E-1 1.96397E-1 2.01573E-1 2.08307E-1 2.1418E-1 2.29074E-1 2.39112E-1 2.4685E-1 2.44853E-1 2.18067E-1 2.15049E-1 2.26514E-1 2.28347E-1 2.35336E-1 2.42175E-1 2.43599E-1 2.49885E-1 2.4777E-1 2.35248E-1 2.23237E-1 2.33788E-1 2.48967E-1 2.64095E-1 2.54341E-1 2.36628E-1 2.32817E-1 2.37132E-1 2.25454E-1 2.17352E-1 2.16552E-1 2.19521E-1
1.82977E-1 1.92036E-1 1.91193E-1 1.83922E-1 1.82418E-1 1.76213E-1 1.79393E-1 1.85743E-1 1.85701E-1 1.83146E-1 1.85002E-1 1.91241E-1 2.02764E-1 1.95855E-1 1.8645E-1 1.96549E-1 2.0579E-1 2.04553E-1 1.97805E-1 1.92418E-1 2.02843E-1 2.08684E-1 2.02945E-1 2.10675E-1 2.08431E-1 2.05391E-1 2.00623E-1 2.17287E-1 2.13969E-1 2.20096E-1 2.25196E-1 2.21576E-1 2.2517E-1 2.32195E-1 2.34483E-1 2.44126E-1 2.42261E-1 2.33815E-1 2.44486E-1 2.43135E-1 2.26308E-1 2.40859E-1 2.27997E-1 2.41683E-1 2.50727E-1 2.48681E-1 2.52039E-1 2.45033E-1 2.46128E-1 2.35503E-1 2.41749E-1 2.35788E-1 2.49005E-1 2.48717E-1 2.41361E-1 2.39375E-1 2.46421E-1 2.45402E-1 2.28021E-1 2.23273E-1 2.25135E-1
1.80051E-1 1.85909E-1 1.85194E-1 1.8483E-1 1.86791E-1 1.85389E-1 1.88326E-1 1.9438E-1 2.02203E-1 2.02495E-1 1.97633E-1 1.96357E-1 1.99885E-1 2.00483E-1 2.03825E-1 2.04223E-1 2.09722E-1 2.13542E-1 2.16981E-1 2.04976E-1 2.25446E-1 2.20042E-1 2.22166E-1 2.23935E-1 2.2427E-1 2.22845E-1 2.13862E-1 2.25218E-1 2.22906E-1 2.40019E-1 2.47728E-1 2.54192E-1 2.45572E-1 2.44456E-1 2.39411E-1 2.48622E-1 2.36129E-1 2.32673E-1 2.52294E-1 2.43333E-1 2.30646E-1 2.29114E-1 2.40521E-1 2.52618E-1 2.56879E-1 2.79623E-1 2.81793E-1 2.72405E-1 2.62549E-1 2.37282E-1 2.26394E-1 2.27118E-1 2.28719E-1 2.37721E-1 2.41104E-1 2.3738E-1 2.45381E-1 2.42553E-1 2.36167E-1 2.34792E-1 2.28016E-1
1.91511E-1 2.00985E-1 2.02053E-1 2.01419E-1 1.99323E-1 1.88651E-1 1.89365E-1 1.93565E-1 2.02217E-1 2.0394E-1 2.06822E-1 2.09641E-1 2.07075E-1 2.07032E-1 2.1144E-1 2.13924E-1 2.21741E-1 2.2235E-1 2.18409E-1 2.27198E-1 2.37869E-1 2.22453E-1 2.23549E-1 2.28292E-1 2.39069E-1 2.3454E-1 2.36846E-1 2.21239E-1 2.34592E-1 2.52284E-1 2.66147E-1 2.6993E-1 2.67002E-1 2.36212E-1 2.2716E-1 2.3254E-1 2.66579E-1 2.72859E-1 2.55162E-1 2.43214E-1 2.32679E-1 2.29593E-1 2.42112E-1 2.57204E-1 2.84444E-1 2.94251E-1 2.82166E-1 2.60727E-1 2.56403E-1 2.41324E-1 2.29201E-1 2.22674E-1 2.2158E-1 2.28994E-1 2.34645E-1 2.43142E-1 2.46605E-1 2.34333E-1 2.35697E-1 2.28666E-1 2.39167E-1
2.10931E-1 2.10658E-1 2.11409E-1 2.13402E-1 2.0619E-1 2.04069E-1 1.96578E-1 1.97972E-1 2.03639E-1 2.07689E-1 2.05117E-1 2.15582E-1 2.00544E-1 2.06655E-1 2.1107E-1 2.22508E-1 2.23629E-1 2.23922E-1 2.23972E-1 2.3486E-1 2.45275E-1 2.3639E-1 2.38642E-1 2.42163E-1 2.55331E-1 2.40637E-1 2.47209E-1 2.50592E-1 2.60225E-1 2.69414E-1 2.7203E-1 2.75816E-1 2.54875E-1 2.28915E-1 2.44874E-1 2.69837E-1 2.62879E-1 2.515E-1 2.48488E-1 2.66866E-1 2.60418E-1 2.49991E-1 2.51001E-1 2.67006E-1 2.74781E-1 2.83145E-1 2.67982E-1 2.55068E-1 2.51943E-1 2.55945E-1 2.48532E-1 2.30372E-1 2.30131E-1 2.40193E-1 2.47071E-1 2.49315E-1 2.44478E-1 2.40368E-1 2.3992E-1 2.4101E-1 2.54926E-1
2.27554E-1 2.25864E-1 2.26486E-1 2.28583E-1 2.27373E-1 2.15395E-1 2.08425E-1 2.06871E-1 2.128E-1 2.16519E-1 2.17084E-1 2.12598E-1 2.043E-1 2.04219E-1 2.08207E-1 2.13541E-1 2.20481E-1 2.3488E-1 2.37691E-1 2.41807E-1 2.52319E-1 2.46564E-1 2.50823E-1 2.56916E-1 2.42583E-1 2.62435E-1 2.73337E-1 2.68771E-1 2.73295E-1 2.78498E-1 2.73191E-1 2.59967E-1 2.61122E-1 2.69775E-1 2.807E-1 2.77128E-1 2.70963E-1 2.64456E-1 2.60687E-1 2.61719E-1 2.66924E-1 2.64774E-1 2.68859E-1 2.62924E-1 2.63935E-1 2.80297E-1 2.68431E-1 2.67106E-1 2.65547E-1 2.784E-1 2.59338E-1 2.4995E-1 2.57886E-1 2.54552E-1 2.49427E-1 2.47991E-1 2.71113E-1 2.60802E-1 2.54637E-1 2.56607E-1 2.75057E-1
2.44175E-1 2.48996E-1 2.45775E-1 2.41205E-1 2.31098E-1 2.25109E-1 2.17403E-1 2.17415E-1 2.20727E-1 2.17571E-1 2.2089E-1 2.19561E-1 2.1897E-1 2.08655E-1 2.08843E-1 2.16148E-1 2.15619E-1 2.21694E-1 2.4226E-1 2.59415E-1 2.5666E-1 2.48455E-1 2.53412E-1 2.55927E-1 2.59394E-1 2.52293E-1 2.47953E-1 2.51371E-1 2.54737E-1 2.6708E-1 2.69033E-1 2.87764E-1 3.02499E-1 3.14068E-1 3.10989E-1 3.01096E-1 2.96629E-1 2.89143E-1 2.85617E-1 2.85384E-1 2.82932E-1 2.82127E-1 2.73236E-1 2.57207E-1 2.72333E-1 2.7212E-1 2.77458E-1 2.82426E-1 2.96967E-1 2.77542E-1 2.73471E-1 2.68228E-1 2.5499E-1 2.46687E-1 2.5302E-1 2.50661E-1 2.59088E-1 2.85872E-1 2.76536E-1 2.86047E-1 2.92483E-1
2.62529E-1 2.59394E-1 2.5134E-1 2.48026E-1 2.44397E-1 2.36105E-1 2.25101E-1 2.33169E-1 2.33935E-1 2.28979E-1 2.25738E-1 2.28413E-1 2.33014E-1 2.27948E-1 2.21356E-1 2.22658E-1 2.15153E-1 2.14811E-1 2.24908E-1 2.55669E-1 2.71536E-1 2.63321E-1 2.49988E-1 2.59013E-1 2.6298E-1 2.53691E-1 2.5496E-1 2.55383E-1 2.56156E-1 2.79461E-1 3.01125E-1 3.1851E-1 3.20184E-1 3.18847E-1 3.11934E-1 3.00429E-1 2.98953E-1 2.99645E-1 3.12443E-1 3.23111E-1 3.05953E-1 3.03122E-1 2.82528E-1 2.53159E-1 2.55927E-1 2.72509E-1 2.83585E-1 2.91802E-1 3.178E-1 2.97316E-1 2.83067E-1 2.97697E-1 2.71624E-1 2.59933E-1 2.58122E-1 2.54933E-1 2.63312E-1 2.68599E-1 2.82094E-1 2.94389E-1 2.99912E-1
2.85797E-1 2.71706E-1 2.72193E-1 2.62828E-1 2.53261E-1 2.46888E-1 2.40972E-1 2.33876E-1 2.35454E-1 2.32131E-1 2.31615E-1 2.38031E-1 2.3632E-1 2.44146E-1 2.50389E-1 2.56655E-1 2.41645E-1 2.21669E-1 2.31362E-1 2.46677E-1 2.53983E-1 2.57824E-1 2.59707E-1 2.65604E-1 2.67384E-1 2.69719E-1 2.76185E-1 2.70038E-1 2.78411E-1 2.8262E-1 3.09523E-1 3.08124E-1 2.94298E-1 2.86621E-1 2.79308E-1 2.86568E-1 2.8709E-1 2.99787E-1 3.2465E-1 3.40103E-1 3.36904E-1 3.30949E-1 2.96624E-1 2.72869E-1 2.67456E-1 2.76324E-1 2.83632E-1 2.93894E-1 3.03254E-1 3.01628E-1 3.02956E-1 2.78122E-1 2.6899E-1 2.65806E-1 2.66191E-1 2.68677E-1 2.6824E-1 2.82554E-1 2.90753E-1 2.94408E-1 2.97886E-1
2.87736E-1 2.81856E-1 2.77213E-1 2.67413E-1 2.64997E-1 2.57874E-1 2.59579E-1 2.50521E-1 2.47211E-1 2.47412E-1 2.505E-1 2.4964E-1 2.51408E-1 2.53997E-1 2.58E-1 2.65581E-1 2.55385E-1 2.56661E-1 2.55977E-1 2.63514E-1 2.7412E-1 2.72073E-1 2.66926E-1 2.69305E-1 2.82969E-1 3.01778E-1 2.9685E-1 3.01397E-1 3.10551E-1 3.09489E-1 3.07283E-1 3.07602E-1 2.93289E-1 2.72919E-1 2.64196E-1 2.77487E-1 2.93224E-1 3.02489E-1 3.31026E-1 3.49059E-1 3.46512E-1 3.34064E-1 2.95743E-1 2.8604E-1 2.72303E-1 2.70057E-1 2.59302E-1 2.69919E-1 2.81549E-1 2.76016E-1 2.78573E-1 2.80482E-1 2.93743E-1 2.98177E-1 2.90996E-1 2.97227E-1 2.88446E-1 2.95917E-1 2.95305E-1 2.98261E-1 3.04496E-1
