maxent_outputs/red_flowers_troch_bombus_environ/red_179.asc
ncols         426
nrows         180
xllcorner     -130.0
yllcorner     24.0
cellsize      0.16666666666666666
NODATA_value  -9999
[rows 0 to 26 of 180, columns 305 to 365 of 426]
2.72314E-1 2.38977E-1 2.30653E-1 2.18282E-1 2.04728E-1 2.03173E-1 2.02541E-1 2.07103E-1 2.13052E-1 2.18572E-1 2.20254E-1 2.20848E-1 2.22461E-1 2.33422E-1 2.45939E-1 2.74564E-1 2.73681E-1 2.44833E-1 2.31923E-1 2.32626E-1 2.46849E-1 2.80994E-1 2.93203E-1 2.9117E-1 2.68768E-1 2.42033E-1 2.40533E-1 2.45983E-1 2.52937E-1 2.34302E-1 2.30216E-1 2.44735E-1 2.26241E-1 2.45187E-1 2.96569E-1 2.81965E-1 2.71109E-1 2.3397E-1 2.22248E-1 2.26608E-1 2.19775E-1 2.26608E-1 2.25999E-1 2.30471E-1 2.23378E-1 2.24101E-1 2.29671E-1 2.35179E-1 2.29556E-1 2.30932E-1 2.33596E-1 2.33328E-1 2.32032E-1 2.38906E-1 2.40571E-1 2.37164E-1 2.44464E-1 2.34141E-1 2.28896E-1 2.32654E-1 2.37893E-1
2.94351E-1 2.47169E-1 2.47015E-1 2.31726E-1 2.24964E-1 2.19819E-1 2.21081E-1 2.27833E-1 2.27847E-1 2.44427E-1 2.96816E-1 3.21092E-1 3.1572E-1 3.17455E-1 2.99032E-1 2.55553E-1 2.5458E-1 2.47758E-1 2.54154E-1 2.82227E-1 2.96168E-1 3.07957E-1 3.1741E-1 3.07181E-1 2.9174E-1 2.91537E-1 2.61672E-1 2.44054E-1 2.37613E-1 2.39287E-1 2.35447E-1 2.31405E-1 2.24455E-1 2.23987E-1 2.24852E-1 2.26855E-1 2.22522E-1 2.1925E-1 2.18615E-1 2.17476E-1 2.17599E-1 2.24076E-1 2.20967E-1 2.21057E-1 2.24461E-1 2.24249E-1 2.26609E-1 2.29529E-1 2.30138E-1 2.2823E-1 2.26192E-1 2.33274E-1 2.38108E-1 2.40433E-1 2.35406E-1 2.31529E-1 2.29186E-1 2.30222E-1 2.30671E-1 2.33538E-1 2.35723E-1
3.56537E-1 2.51841E-1 2.33683E-1 2.18161E-1 2.19946E-1 2.17832E-1 2.21294E-1 2.28475E-1 2.25974E-1 2.30098E-1 2.85317E-1 2.94476E-1 2.98631E-1 2.85779E-1 2.70428E-1 2.74864E-1 2.6144E-1 2.41063E-1 2.28489E-1 2.45174E-1 2.8617E-1 2.64361E-1 2.54466E-1 2.40906E-1 2.3537E-1 2.42292E-1 2.35748E-1 2.3849E-1 2.3962E-1 2.36964E-1 2.2879E-1 2.24096E-1 2.26293E-1 2.30673E-1 2.26961E-1 2.21737E-1 2.19799E-1 2.20245E-1 2.2012E-1 2.20277E-1 2.21558E-1 2.20752E-1 2.25015E-1 2.31982E-1 2.31631E-1 2.21442E-1 2.22554E-1 2.2357E-1 2.35355E-1 2.30832E-1 2.26925E-1 2.32473E-1 2.28543E-1 2.30132E-1 2.36185E-1 2.2991E-1 2.32003E-1 2.36493E-1 2.32743E-1 2.3578E-1 2.33559E-1
2.88089E-1 2.58992E-1 2.37948E-1 2.24742E-1 2.17174E-1 2.15827E-1 2.29907E-1 2.37398E-1 2.18365E-1 2.22021E-1 2.32733E-1 2.29534E-1 2.32968E-1 2.35325E-1 2.4295E-1 2.54896E-1 2.36408E-1 2.27748E-1 2.30139E-1 2.48147E-1 2.47621E-1 2.34568E-1 2.33619E-1 2.26555E-1 2.30328E-1 2.31949E-1 2.29157E-1 2.32041E-1 2.31733E-1 2.29873E-1 2.36586E-1 2.29492E-1 2.26543E-1 2.27011E-1 2.22572E-1 2.29967E-1 2.32364E-1 2.39482E-1 2.2257E-1 2.1956E-1 2.28114E-1 2.26585E-1 2.2351E-1 2.28237E-1 2.25393E-1 2.22181E-1 2.21574E-1 2.21879E-1 2.24706E-1 2.27292E-1 2.25844E-1 2.26425E-1 2.3077E-1 2.29183E-1 2.32311E-1 2.31407E-1 2.33265E-1 2.33244E-1 2.32344E-1 2.33078E-1 2.40989E-1
6.27246E-1 2.65396E-1 2.37635E-1 2.26405E-1 2.13381E-1 2.06313E-1 2.07163E-1 2.21785E-1 2.17535E-1 2.26963E-1 2.22224E-1 2.19631E-1 2.30622E-1 2.44501E-1 2.66627E-1 2.42908E-1 2.35535E-1 2.35096E-1 2.32361E-1 2.30087E-1 2.30564E-1 2.3193E-1 2.35658E-1 2.34458E-1 2.35168E-1 2.40293E-1 2.4955E-1 2.34304E-1 2.33829E-1 2.33788E-1 2.30832E-1 2.31869E-1 2.37218E-1 2.32903E-1 2.29375E-1 2.28724E-1 2.30355E-1 2.34041E-1 2.24887E-1 2.23271E-1 2.26331E-1 2.26262E-1 2.22629E-1 2.22961E-1 2.25068E-1 2.23792E-1 2.23192E-1 2.21722E-1 2.24762E-1 2.32558E-1 2.28006E-1 2.23804E-1 2.27654E-1 2.31373E-1 2.33953E-1 2.39805E-1 2.39805E-1 2.3981E-1 2.38866E-1 2.42965E-1 2.42554E-1
6.48397E-1 2.79469E-1 2.4873E-1 2.28518E-1 2.20291E-1 2.19717E-1 2.08497E-1 2.13894E-1 2.17844E-1 2.17827E-1 2.19653E-1 2.23682E-1 2.24508E-1 2.48771E-1 2.50592E-1 2.41527E-1 2.3269E-1 2.33809E-1 2.31419E-1 2.31418E-1 2.33299E-1 2.34852E-1 2.35432E-1 2.40062E-1 2.38577E-1 2.3921E-1 2.38367E-1 2.37536E-1 2.37005E-1 2.34602E-1 2.29867E-1 2.30348E-1 2.31865E-1 2.29264E-1 2.27833E-1 2.30381E-1 2.29102E-1 2.27254E-1 2.27597E-1 2.28029E-1 2.23932E-1 2.23285E-1 2.22418E-1 2.23027E-1 2.27957E-1 2.33227E-1 2.29766E-1 2.32962E-1 2.45112E-1 2.4264E-1 2.32696E-1 2.2865E-1 2.29937E-1 2.35533E-1 2.36702E-1 2.54095E-1 2.47769E-1 2.44511E-1 2.43377E-1 2.41021E-1 2.46828E-1
9.64337E-1 3.75583E-1 2.71229E-1 2.39834E-1 2.12329E-1 2.08526E-1 2.09944E-1 2.13689E-1 2.16756E-1 2.23181E-1 2.29548E-1 2.24771E-1 2.39184E-1 2.45588E-1 2.50666E-1 2.39662E-1 2.39284E-1 2.42071E-1 2.39559E-1 2.33292E-1 2.32563E-1 2.35759E-1 2.38516E-1 2.38791E-1 2.36165E-1 2.32391E-1 2.36944E-1 2.35853E-1 2.3609E-1 2.36209E-1 2.33578E-1 2.34381E-1 2.35878E-1 2.37415E-1 2.36572E-1 2.36229E-1 2.31199E-1 2.33254E-1 2.29343E-1 2.26113E-1 2.27076E-1 2.30823E-1 2.39311E-1 2.36321E-1 2.36121E-1 2.45137E-1 2.36991E-1 2.28873E-1 2.35088E-1 2.33941E-1 2.44273E-1 2.60074E-1 2.38907E-1 2.39162E-1 2.44153E-1 2.42373E-1 2.41394E-1 2.43878E-1 2.46319E-1 2.45589E-1 2.52705E-1
9.83582E-1 4.88739E-1 2.78912E-1 2.35351E-1 2.19537E-1 2.14326E-1 2.1084E-1 2.1302E-1 2.18161E-1 2.49893E-1 2.42574E-1 2.3777E-1 2.40764E-1 2.42034E-1 2.47821E-1 2.50132E-1 2.48738E-1 2.45832E-1 2.46714E-1 2.33553E-1 2.32055E-1 2.34387E-1 2.37053E-1 2.39993E-1 2.37394E-1 2.39362E-1 2.42395E-1 2.41889E-1 2.38554E-1 2.40907E-1 2.4183E-1 2.41561E-1 2.37022E-1 2.36927E-1 2.34622E-1 2.36506E-1 2.33562E-1 2.33574E-1 2.30946E-1 2.28624E-1 2.28021E-1 2.27272E-1 2.31842E-1 2.34068E-1 2.36047E-1 2.34341E-1 2.29921E-1 2.33142E-1 2.33625E-1 2.37295E-1 2.47506E-1 2.49534E-1 2.3844E-1 2.35568E-1 2.37326E-1 2.34866E-1 2.39653E-1 2.38702E-1 2.43195E-1 2.47318E-1 2.49416E-1
9.81688E-1 9.83554E-1 3.09619E-1 2.66376E-1 2.37749E-1 2.2825E-1 2.26524E-1 2.22143E-1 2.25864E-1 2.31187E-1 2.3241E-1 2.34767E-1 2.36861E-1 2.32988E-1 2.36007E-1 2.65268E-1 2.60309E-1 2.69627E-1 2.55246E-1 2.41444E-1 2.38948E-1 2.44145E-1 2.46684E-1 2.46888E-1 2.48287E-1 2.5237E-1 2.51712E-1 2.49455E-1 2.43598E-1 2.46257E-1 2.5011E-1 2.43695E-1 2.37675E-1 2.36568E-1 2.40172E-1 2.38008E-1 2.37703E-1 2.42157E-1 2.41523E-1 2.33416E-1 2.23919E-1 2.25746E-1 2.26897E-1 2.29738E-1 2.29075E-1 2.31427E-1 2.31632E-1 2.29998E-1 2.29697E-1 2.31287E-1 2.33371E-1 2.33888E-1 2.36771E-1 2.40941E-1 2.37835E-1 2.35644E-1 2.32891E-1 2.35515E-1 2.41364E-1 2.48237E-1 2.45522E-1
9.84475E-1 -9999 4.13191E-1 2.96067E-1 2.58066E-1 2.42283E-1 2.37723E-1 2.31744E-1 2.38464E-1 2.42663E-1 2.4359E-1 2.34874E-1 2.39126E-1 2.38814E-1 2.51245E-1 2.68425E-1 2.66342E-1 2.55879E-1 2.44716E-1 2.39875E-1 2.40488E-1 2.44589E-1 2.43079E-1 2.43889E-1 2.49459E-1 2.47633E-1 2.45033E-1 2.48545E-1 2.52363E-1 2.53611E-1 2.53743E-1 2.45517E-1 2.41205E-1 2.45229E-1 2.44841E-1 2.4394E-1 2.42217E-1 2.38888E-1 2.37205E-1 2.32432E-1 2.31638E-1 2.30018E-1 2.31666E-1 2.32649E-1 2.33905E-1 2.34575E-1 2.3642E-1 2.37509E-1 2.41727E-1 2.55934E-1 2.52546E-1 2.60772E-1 2.56607E-1 2.57756E-1 2.43475E-1 2.40969E-1 2.37244E-1 2.44468E-1 2.46445E-1 2.48908E-1 2.61888E-1
9.84969E-1 -9999 -9999 2.8894E-1 2.59691E-1 2.40203E-1 2.32895E-1 2.36792E-1 2.44731E-1 2.45132E-1 2.40688E-1 2.40372E-1 2.36707E-1 2.37048E-1 2.4051E-1 2.51752E-1 2.49527E-1 2.41842E-1 2.39754E-1 2.39486E-1 2.44513E-1 2.49555E-1 2.51968E-1 2.52388E-1 2.46189E-1 2.46173E-1 2.52315E-1 2.50418E-1 2.46391E-1 2.45124E-1 2.43301E-1 2.4477E-1 2.4711E-1 2.44846E-1 2.39774E-1 2.38064E-1 2.37301E-1 2.3588E-1 2.35441E-1 2.37544E-1 2.36115E-1 2.43816E-1 2.46759E-1 2.55368E-1 2.51466E-1 2.50745E-1 2.52592E-1 2.55976E-1 2.50972E-1 2.51076E-1 2.57088E-1 2.62317E-1 2.53107E-1 2.48365E-1 2.48063E-1 2.4525E-1 2.43333E-1 2.44937E-1 2.48002E-1 2.56792E-1 2.59697E-1
3.15803E-1 7.13047E-1 3.17385E-1 2.6414E-1 2.49353E-1 2.46283E-1 2.41184E-1 2.49152E-1 2.48721E-1 2.43058E-1 2.43066E-1 2.4086E-1 2.47026E-1 2.46959E-1 2.44781E-1 2.40884E-1 2.38466E-1 2.43269E-1 2.49493E-1 2.50365E-1 2.54768E-1 2.45291E-1 2.43161E-1 2.45942E-1 2.48027E-1 2.54614E-1 2.5371E-1 2.48358E-1 2.46364E-1 2.45693E-1 2.48442E-1 2.47165E-1 2.45513E-1 2.43724E-1 2.41313E-1 2.42401E-1 2.41106E-1 2.41144E-1 2.39339E-1 2.42195E-1 2.49404E-1 2.59359E-1 2.68641E-1 2.68641E-1 2.43659E-1 2.50054E-1 2.46252E-1 2.50688E-1 2.46151E-1 2.4947E-1 2.5572E-1 2.54316E-1 2.53325E-1 2.47261E-1 2.57713E-1 2.56033E-1 2.61521E-1 2.57203E-1 2.52251E-1 2.51908E-1 2.52861E-1
9.8398E-1 3.04258E-1 2.6622E-1 2.54252E-1 2.473E-1 2.44976E-1 2.43941E-1 2.44285E-1 2.40983E-1 2.41412E-1 2.45876E-1 2.39678E-1 2.39689E-1 2.43277E-1 2.39168E-1 2.39357E-1 2.40534E-1 2.3522E-1 2.42087E-1 2.52343E-1 2.50462E-1 2.50138E-1 2.50883E-1 2.54808E-1 2.5362E-1 2.53787E-1 2.53204E-1 2.55337E-1 2.51151E-1 2.48799E-1 2.45106E-1 2.45154E-1 2.45332E-1 2.46728E-1 2.46619E-1 2.44929E-1 2.4304E-1 2.44533E-1 2.67281E-1 2.65297E-1 2.63497E-1 2.71559E-1 2.64839E-1 2.47637E-1 2.46638E-1 2.46952E-1 2.43318E-1 2.46036E-1 2.44353E-1 2.4682E-1 2.62638E-1 2.60089E-1 2.54431E-1 2.54524E-1 2.45057E-1 2.61024E-1 2.54916E-1 2.50579E-1 2.49788E-1 2.47822E-1 2.58238E-1
5.02015E-1 2.73557E-1 2.65239E-1 2.57876E-1 2.54044E-1 2.46324E-1 2.47138E-1 2.50142E-1 2.48127E-1 2.4662E-1 2.44025E-1 2.41371E-1 2.52247E-1 2.51196E-1 2.44518E-1 2.43988E-1 2.43568E-1 2.3884E-1 2.38648E-1 2.45004E-1 2.46325E-1 2.46871E-1 2.49115E-1 2.59798E-1 2.60876E-1 2.54142E-1 2.54856E-1 2.55078E-1 2.53249E-1 2.48395E-1 2.50087E-1 2.52918E-1 2.55725E-1 2.54363E-1 2.47168E-1 2.49107E-1 2.51538E-1 2.72337E-1 2.97008E-1 2.83964E-1 2.75509E-1 2.68319E-1 2.53258E-1 2.44256E-1 2.40636E-1 2.4313E-1 2.44802E-1 2.41009E-1 2.42498E-1 2.39065E-1 2.41974E-1 2.4971E-1 2.46642E-1 2.55132E-1 2.82537E-1 2.51729E-1 2.51729E-1 2.5723E-1 2.566E-1 2.5618E-1 2.69396E-1
3.91393E-1 2.74274E-1 2.74182E-1 2.5591E-1 2.5746E-1 2.51421E-1 2.50063E-1 2.56715E-1 2.56196E-1 2.5376E-1 2.54714E-1 2.5641E-1 2.58218E-1 2.57155E-1 2.53074E-1 2.51472E-1 2.51084E-1 2.46695E-1 2.49207E-1 2.5578E-1 2.44312E-1 2.49249E-1 2.51834E-1 2.55654E-1 2.61113E-1 2.58996E-1 2.5984E-1 2.60031E-1 2.60984E-1 2.57665E-1 2.5896E-1 2.57191E-1 2.57146E-1 2.51369E-1 2.56124E-1 2.48721E-1 2.59489E-1 2.75709E-1 2.64856E-1 2.60967E-1 2.49548E-1 2.39129E-1 2.41195E-1 2.49923E-1 2.45675E-1 2.38718E-1 2.39111E-1 2.38981E-1 2.45491E-1 2.53098E-1 2.52396E-1 2.59359E-1 2.5699E-1 2.51063E-1 2.66225E-1 2.4623E-1 2.47954E-1 2.55308E-1 2.55518E-1 2.64068E-1 3.17144E-1
2.69495E-1 3.18538E-1 2.74331E-1 2.6961E-1 2.64983E-1 2.61243E-1 2.62945E-1 2.61749E-1 2.63952E-1 2.54754E-1 2.6183E-1 2.62402E-1 2.56653E-1 2.6081E-1 2.6594E-1 2.53799E-1 2.5571E-1 2.52955E-1 2.53395E-1 2.57341E-1 2.57861E-1 2.53702E-1 2.59578E-1 2.70876E-1 2.71835E-1 2.71057E-1 2.68266E-1 2.66164E-1 2.65327E-1 2.66487E-1 2.62294E-1 2.6254E-1 2.66597E-1 2.59783E-1 2.62068E-1 2.52547E-1 2.72587E-1 2.63673E-1 2.48784E-1 2.50206E-1 2.41669E-1 2.43187E-1 2.56216E-1 2.56908E-1 2.52671E-1 2.52391E-1 2.49663E-1 2.3756E-1 2.42618E-1 2.46464E-1 2.54898E-1 2.70457E-1 2.69744E-1 2.53062E-1 2.51134E-1 2.49596E-1 2.47089E-1 2.52086E-1 2.60464E-1 2.67819E-1 3.19215E-1
2.65947E-1 2.76299E-1 2.73157E-1 2.68902E-1 2.70915E-1 2.69915E-1 2.66921E-1 2.6437E-1 2.67902E-1 2.81177E-1 2.72857E-1 2.69711E-1 2.70555E-1 2.69672E-1 2.60398E-1 2.60403E-1 2.6482E-1 2.62786E-1 2.63869E-1 2.66008E-1 2.64313E-1 2.6133E-1 2.61627E-1 2.68267E-1 2.65061E-1 2.6225E-1 2.67291E-1 2.69456E-1 2.74586E-1 2.66904E-1 2.65294E-1 2.62533E-1 2.68419E-1 2.62507E-1 2.9716E-1 3.65595E-1 3.50377E-1 3.05637E-1 2.74614E-1 2.48859E-1 2.46075E-1 2.47647E-1 2.51068E-1 2.6742E-1 2.63024E-1 2.52938E-1 2.453E-1 2.48638E-1 2.45364E-1 2.49309E-1 2.51792E-1 2.65206E-1 2.88661E-1 2.80762E-1 2.58123E-1 2.5956E-1 2.55337E-1 2.55849E-1 2.59625E-1 2.61349E-1 2.91714E-1
2.62708E-1 2.66439E-1 2.7185E-1 2.67544E-1 2.68836E-1 2.70324E-1 2.641E-1 2.68284E-1 2.76048E-1 2.82296E-1 2.73225E-1 2.71459E-1 2.73651E-1 2.70906E-1 2.61379E-1 2.66882E-1 2.71507E-1 2.70762E-1 2.61228E-1 2.63052E-1 2.58031E-1 2.59094E-1 2.69045E-1 2.61249E-1 2.57023E-1 2.6284E-1 2.63676E-1 2.67337E-1 2.68038E-1 2.6612E-1 2.69752E-1 2.73002E-1 2.8235E-1 3.44148E-1 4.05055E-1 3.31935E-1 3.02991E-1 2.88347E-1 2.6769E-1 2.61074E-1 2.60513E-1 2.59636E-1 2.62481E-1 2.66498E-1 2.56408E-1 2.51878E-1 2.42318E-1 2.52807E-1 2.53763E-1 2.55656E-1 2.51256E-1 2.51669E-1 2.72084E-1 2.80264E-1 2.69156E-1 2.70033E-1 2.65382E-1 2.61991E-1 2.74382E-1 2.6367E-1 2.7037E-1
2.59876E-1 2.59721E-1 2.60426E-1 2.64927E-1 2.6962E-1 2.74192E-1 2.79121E-1 2.85311E-1 2.91733E-1 2.866E-1 2.84428E-1 2.84232E-1 2.94618E-1 2.98333E-1 2.82319E-1 2.75043E-1 2.70851E-1 2.79825E-1 2.73609E-1 2.63155E-1 2.6075E-1 2.59208E-1 2.63147E-1 2.66792E-1 2.62517E-1 2.66166E-1 2.67514E-1 2.80037E-1 2.74357E-1 2.73946E-1 2.71871E-1 2.92525E-1 4.18718E-1 4.04993E-1 3.18497E-1 2.9301E-1 2.65105E-1 2.59301E-1 2.6629E-1 2.78898E-1 2.63601E-1 2.58698E-1 2.57038E-1 2.59564E-1 2.58481E-1 2.52808E-1 2.49189E-1 2.44953E-1 2.48211E-1 2.5912E-1 2.57113E-1 2.50454E-1 2.70968E-1 2.67531E-1 2.69597E-1 2.82641E-1 2.87096E-1 2.73994E-1 2.71836E-1 2.71446E-1 2.73511E-1
2.53122E-1 2.55487E-1 2.58338E-1 2.64969E-1 2.71161E-1 2.7544E-1 2.80736E-1 2.84173E-1 2.81671E-1 2.78196E-1 2.8182E-1 2.82495E-1 2.87692E-1 2.93177E-1 2.80484E-1 2.77142E-1 2.81056E-1 2.71307E-1 2.63658E-1 2.61105E-1 2.55955E-1 2.54618E-1 2.53637E-1 2.61591E-1 2.65172E-1 2.7149E-1 2.71631E-1 2.77078E-1 2.69592E-1 2.72852E-1 2.78116E-1 3.65746E-1 3.97601E-1 2.98451E-1 2.77461E-1 2.74004E-1 2.6758E-1 2.66287E-1 2.67818E-1 2.60474E-1 2.56657E-1 2.52799E-1 2.52803E-1 2.53259E-1 2.52143E-1 2.48868E-1 2.52931E-1 2.48678E-1 2.53378E-1 2.77411E-1 2.78603E-1 2.63588E-1 2.60613E-1 2.76594E-1 2.78515E-1 2.8763E-1 2.80808E-1 2.75605E-1 2.73741E-1 2.63492E-1 2.82627E-1
2.53819E-1 2.57587E-1 2.5849E-1 2.70767E-1 2.77143E-1 2.81449E-1 2.82938E-1 2.82822E-1 2.84355E-1 2.79537E-1 2.78494E-1 2.79865E-1 2.84363E-1 2.81522E-1 2.82068E-1 2.85825E-1 2.78502E-1 2.68022E-1 2.71864E-1 2.73014E-1 2.63794E-1 2.63036E-1 2.65853E-1 2.67538E-1 2.67243E-1 2.75553E-1 2.69956E-1 2.73959E-1 2.76772E-1 2.76468E-1 2.8744E-1 3.75238E-1 3.01219E-1 2.77265E-1 2.77247E-1 2.77199E-1 2.69471E-1 2.63917E-1 2.67946E-1 2.58722E-1 2.56563E-1 2.55717E-1 2.49726E-1 2.49976E-1 2.50416E-1 2.4873E-1 2.53018E-1 2.5256E-1 2.61232E-1 2.69399E-1 2.8553E-1 2.71984E-1 2.55261E-1 2.57249E-1 2.6701E-1 2.87333E-1 2.914E-1 2.79383E-1 2.80568E-1 2.75701E-1 2.78386E-1
2.55966E-1 2.57385E-1 2.58979E-1 2.70654E-1 2.77782E-1 2.80333E-1 2.81761E-1 2.81182E-1 2.85105E-1 2.79205E-1 2.74751E-1 2.82918E-1 2.83961E-1 2.85506E-1 2.78765E-1 2.72687E-1 2.72393E-1 2.71614E-1 2.72312E-1 2.72373E-1 2.64311E-1 2.61133E-1 2.6629E-1 2.70528E-1 2.66008E-1 2.78185E-1 2.72415E-1 2.7247E-1 2.74044E-1 2.8028E-1 2.85316E-1 3.09291E-1 2.93784E-1 2.77631E-1 2.72476E-1 2.70556E-1 2.668E-1 2.70947E-1 2.63755E-1 2.56051E-1 2.55465E-1 2.54705E-1 2.50572E-1 2.65866E-1 2.65521E-1 2.60921E-1 2.50711E-1 2.49312E-1 2.5439E-1 2.59915E-1 2.60353E-1 2.56616E-1 2.6381E-1 2.63729E-1 2.60832E-1 2.75116E-1 2.80711E-1 2.74336E-1 2.71978E-1 2.9637E-1 2.85358E-1
2.62229E-1 2.63612E-1 2.67559E-1 2.71965E-1 2.73701E-1 2.78367E-1 2.76982E-1 2.75483E-1 2.78254E-1 2.80389E-1 2.89358E-1 2.80127E-1 2.81381E-1 2.87956E-1 2.82699E-1 2.70764E-1 2.70638E-1 2.71776E-1 2.68339E-1 2.65428E-1 2.6358E-1 2.62347E-1 2.62315E-1 2.67226E-1 2.62146E-1 2.69593E-1 2.66325E-1 2.66445E-1 2.63851E-1 2.70641E-1 2.81086E-1 2.99674E-1 2.88636E-1 2.7999E-1 2.73514E-1 2.68512E-1 2.66426E-1 2.72517E-1 2.59226E-1 2.54577E-1 2.55251E-1 2.51515E-1 2.49794E-1 2.56423E-1 2.6854E-1 2.62634E-1 2.56339E-1 2.76123E-1 2.56236E-1 2.59418E-1 2.55366E-1 2.59693E-1 2.62504E-1 2.70834E-1 2.68166E-1 2.68672E-1 2.68251E-1 2.70401E-1 2.82995E-1 3.30341E-1 3.09064E-1
2.65765E-1 2.65934E-1 2.68404E-1 2.7358E-1 2.71826E-1 2.71205E-1 2.71185E-1 2.74157E-1 2.80012E-1 2.78741E-1 2.8658E-1 2.82158E-1 2.79421E-1 2.84478E-1 2.78669E-1 2.71124E-1 2.68887E-1 2.68009E-1 2.63694E-1 2.62432E-1 2.61842E-1 2.63926E-1 2.65696E-1 2.66356E-1 2.65171E-1 2.58343E-1 2.59443E-1 2.66387E-1 2.67774E-1 2.68752E-1 2.8976E-1 2.87444E-1 2.7969E-1 2.78861E-1 2.68547E-1 2.64943E-1 2.66106E-1 2.6373E-1 2.59195E-1 2.61436E-1 2.63168E-1 2.59099E-1 2.55322E-1 2.55011E-1 2.58637E-1 2.57706E-1 2.54243E-1 2.9437E-1 2.60441E-1 2.52412E-1 2.55317E-1 2.60991E-1 2.64107E-1 2.77299E-1 2.81169E-1 2.65379E-1 2.66788E-1 2.79443E-1 2.80908E-1 3.00225E-1 3.58979E-1
2.54645E-1 2.60579E-1 2.62603E-1 2.65637E-1 2.71053E-1 2.75542E-1 2.82692E-1 2.7392E-1 2.85719E-1 2.87881E-1 2.87449E-1 2.87767E-1 2.78809E-1 2.78748E-1 2.78963E-1 2.7963E-1 2.67266E-1 2.64219E-1 2.68232E-1 2.65846E-1 2.62908E-1 2.72006E-1 2.65607E-1 2.64864E-1 2.65761E-1 2.7095E-1 2.67004E-1 2.6521E-1 2.668E-1 2.96604E-1 2.96799E-1 2.75713E-1 2.77168E-1 2.66262E-1 2.66718E-1 2.63587E-1 2.62299E-1 2.59704E-1 2.60237E-1 2.64177E-1 2.68589E-1 2.67296E-1 2.58078E-1 2.55968E-1 2.56098E-1 2.58265E-1 2.54223E-1 2.83396E-1 2.6331E-1 2.69015E-1 2.63181E-1 2.56992E-1 2.75894E-1 2.82894E-1 2.74202E-1 2.66252E-1 2.73992E-1 2.80412E-1 2.90838E-1 2.98469E-1 3.62493E-1
2.53726E-1 2.59414E-1 2.62999E-1 2.65142E-1 2.64304E-1 2.66354E-1 2.70465E-1 2.74926E-1 2.78944E-1 2.85551E-1 2.83621E-1 2.87146E-1 2.79821E-1 2.85175E-1 2.98165E-1 2.69637E-1 2.67377E-1 2.63924E-1 2.68306E-1 2.6605E-1 2.65611E-1 2.6443E-1 2.64215E-1 2.65491E-1 2.59313E-1 2.65204E-1 2.69068E-1 2.65139E-1 2.68554E-1 2.8676E-1 2.73383E-1 2.71197E-1 2.70817E-1 2.68449E-1 2.65553E-1 2.66121E-1 2.6444E-1 2.66458E-1 2.61078E-1 2.59858E-1 2.65018E-1 2.65898E-1 2.63802E-1 2.59059E-1 2.58613E-1 2.58939E-1 2.57564E-1 2.60182E-1 2.65146E-1 2.62834E-1 2.61447E-1 2.69926E-1 2.90517E-1 3.07586E-1 2.93066E-1 2.82272E-1 2.79948E-1 3.01626E-1 2.96253E-1 3.03662E-1 3.14933E-1
2.59834E-1 2.58193E-1 2.60892E-1 2.6263E-1 2.65292E-1 2.65458E-1 2.69447E-1 2.74207E-1 2.74665E-1 2.73748E-1 2.77322E-1 2.74665E-1 2.76446E-1 2.7951E-1 2.70094E-1 2.77603E-1 2.93524E-1 2.65599E-1 2.67414E-1 2.73855E-1 2.70833E-1 2.67936E-1 2.67008E-1 2.66511E-1 2.65601E-1 2.67465E-1 2.64752E-1 2.70597E-1 2.72887E-1 2.66405E-1 2.67355E-1 2.66654E-1 2.66451E-1 2.64497E-1 2.63555E-1 2.6197E-1 2.71829E-1 2.63059E-1 2.58978E-1 2.60866E-1 2.63483E-1 2.60043E-1 2.60909E-1 2.61721E-1 2.67389E-1 2.65048E-1 2.65897E-1 2.65887E-1 2.65657E-1 2.71395E-1 2.76271E-1 2.9634E-1 3.67011E-1 3.18998E-1 3.37159E-1 3.03982E-1 2.9144E-1 3.01187E-1 2.97134E-1 3.13027E-1 3.21376E-1
