maxent_outputs/red_flowers_troch_bombus_environ/red_78.asc
ncols         426
nrows         180
xllcorner     -130.0
yllcorner     24.0
cellsize      0.16666666666666666
NODATA_value  -9999
[rows 27 to 53 of 180, columns 61 to 121 of 426]
6.9226E-2 7.61603E-2 8.4215E-2 8.42912E-2 6.34386E-2 6.66715E-2 9.38191E-2 8.22538E-2 7.32623E-2 1.01596E-1 9.60938E-2 1.02762E-1 9.99658E-2 9.13885E-2 1.03631E-1 8.97511E-2 1.0264E-1 8.93784E-2 9.5702E-2 1.01772E-1 7.58127E-2 8.38666E-2 8.15132E-2 5.90539E-2 6.2341E-2 6.03783E-2 5.08831E-2 5.61817E-2 5.93713E-2 6.90738E-2 6.88912E-2 7.37244E-2 7.74759E-2 8.68498E-2 8.52204E-2 7.52707E-2 6.67504E-2 6.42039E-2 6.32709E-2 6.30613E-2 6.35495E-2 6.32124E-2 6.42793E-2 6.58603E-2 6.41561E-2 6.38419E-2 6.1629E-2 5.90599E-2 5.64342E-2 5.50582E-2 5.37447E-2 5.27437E-2 5.1729E-2 5.17367E-2 4.9589E-2 4.89259E-2 4.72933E-2 4.51067E-2 4.6561E-2 4.68606E-2 4.43324E-2
7.01949E-2 6.96741E-2 7.73671E-2 9.52974E-2 7.49944E-2 6.60374E-2 7.57454E-2 8.66248E-2 7.92442E-2 9.83805E-2 9.53125E-2 9.75961E-2 9.96289E-2 9.03352E-2 8.76071E-2 8.3568E-2 1.002E-1 9.83213E-2 9.35238E-2 7.90624E-2 7.37295E-2 7.16787E-2 7.13073E-2 5.98499E-2 6.98895E-2 6.22853E-2 6.21424E-2 5.05255E-2 6.34707E-2 6.62628E-2 7.67027E-2 6.56108E-2 7.7224E-2 9.11859E-2 1.01155E-1 8.52944E-2 7.72454E-2 7.30051E-2 6.85253E-2 6.70861E-2 6.89218E-2 6.97513E-2 7.11467E-2 7.17695E-2 6.93369E-2 6.64146E-2 6.45105E-2 5.99636E-2 5.73105E-2 5.63289E-2 5.46579E-2 5.42698E-2 5.26657E-2 5.18942E-2 5.11463E-2 4.90742E-2 4.39326E-2 4.25084E-2 4.39033E-2 4.06202E-2 3.84736E-2
8.61351E-2 7.37186E-2 7.65332E-2 7.40671E-2 5.93049E-2 6.23135E-2 6.87927E-2 7.51237E-2 7.37173E-2 8.65959E-2 9.91451E-2 9.69836E-2 8.70484E-2 8.60921E-2 9.53909E-2 8.75219E-2 1.0488E-1 8.95747E-2 8.23636E-2 8.01289E-2 7.61642E-2 6.53479E-2 6.45393E-2 6.55304E-2 6.68787E-2 6.82864E-2 7.10629E-2 6.2576E-2 6.8902E-2 7.53337E-2 7.80325E-2 6.50731E-2 6.49624E-2 7.58239E-2 8.87441E-2 9.32968E-2 8.83581E-2 8.41353E-2 7.59707E-2 7.05424E-2 7.25967E-2 7.32212E-2 7.09452E-2 7.02574E-2 6.91407E-2 6.78016E-2 6.71974E-2 6.18508E-2 6.19783E-2 6.56111E-2 6.62957E-2 6.36923E-2 6.08351E-2 5.61852E-2 5.04965E-2 4.98405E-2 5.24011E-2 4.45787E-2 3.86406E-2 3.76556E-2 3.66116E-2
8.99844E-2 7.32606E-2 7.71069E-2 6.11135E-2 5.60352E-2 6.71208E-2 7.113E-2 6.74616E-2 8.55397E-2 8.19113E-2 8.40589E-2 8.03344E-2 8.21633E-2 8.71736E-2 9.89983E-2 9.74056E-2 1.0321E-1 8.63415E-2 8.30292E-2 9.56696E-2 8.35131E-2 7.92639E-2 7.95419E-2 8.30597E-2 6.63728E-2 6.2844E-2 7.48056E-2 6.94161E-2 6.7188E-2 7.99303E-2 7.5046E-2 7.61975E-2 6.13429E-2 7.2905E-2 7.95846E-2 8.35948E-2 9.54844E-2 1.00615E-1 8.24839E-2 7.95827E-2 7.55933E-2 7.34371E-2 7.30424E-2 7.49509E-2 7.21916E-2 6.67169E-2 6.69162E-2 6.99051E-2 6.45224E-2 6.9744E-2 6.93727E-2 6.6574E-2 7.27832E-2 6.62213E-2 5.70264E-2 5.09397E-2 5.10814E-2 4.91988E-2 4.61353E-2 4.36676E-2 4.28926E-2
8.75119E-2 7.15788E-2 7.65733E-2 6.80358E-2 7.84702E-2 7.27055E-2 7.11435E-2 6.63594E-2 1.01906E-1 8.49324E-2 7.78128E-2 8.00706E-2 8.52324E-2 8.96295E-2 8.45855E-2 1.06582E-1 9.95908E-2 9.15772E-2 9.56349E-2 9.84153E-2 9.02283E-2 8.71319E-2 7.97139E-2 8.19834E-2 7.5264E-2 7.08662E-2 7.46826E-2 7.74212E-2 7.16571E-2 6.08002E-2 7.55876E-2 7.85321E-2 7.12682E-2 6.16592E-2 6.82649E-2 7.20895E-2 7.30509E-2 9.70921E-2 9.00536E-2 8.5918E-2 7.97269E-2 7.83342E-2 7.79945E-2 7.79066E-2 7.67571E-2 7.37392E-2 7.45553E-2 7.50433E-2 6.71595E-2 6.64701E-2 6.60416E-2 6.14954E-2 6.17808E-2 5.94544E-2 5.49378E-2 5.16602E-2 5.00234E-2 4.90741E-2 4.97964E-2 4.89002E-2 4.81783E-2
7.46051E-2 7.0423E-2 7.28404E-2 7.23962E-2 7.30816E-2 7.73516E-2 6.73967E-2 8.17822E-2 1.00429E-1 8.62093E-2 8.41509E-2 7.79942E-2 8.08979E-2 8.75854E-2 8.8437E-2 8.57897E-2 9.71933E-2 9.52894E-2 1.07481E-1 9.21737E-2 9.17855E-2 8.87372E-2 8.89636E-2 8.8136E-2 8.08035E-2 7.81147E-2 7.6643E-2 8.16773E-2 7.23822E-2 6.66727E-2 7.47213E-2 6.72827E-2 7.61503E-2 6.73798E-2 6.89486E-2 7.94904E-2 8.47466E-2 7.91106E-2 9.30411E-2 8.82646E-2 7.80001E-2 8.16845E-2 8.64777E-2 8.57694E-2 8.88522E-2 9.29173E-2 8.96923E-2 7.71581E-2 7.24525E-2 6.77069E-2 6.56923E-2 6.41173E-2 5.97934E-2 5.83728E-2 5.29827E-2 5.16525E-2 5.0456E-2 5.03821E-2 4.90286E-2 4.91145E-2 4.99332E-2
7.9818E-2 7.80332E-2 7.91036E-2 7.74773E-2 8.35272E-2 8.33338E-2 7.23828E-2 8.28507E-2 8.89539E-2 8.16992E-2 8.05125E-2 7.80993E-2 7.90345E-2 9.18927E-2 8.908E-2 8.49992E-2 9.90462E-2 9.02561E-2 1.01578E-1 9.92816E-2 9.66758E-2 9.59729E-2 9.57725E-2 9.16807E-2 9.25251E-2 7.64545E-2 7.87266E-2 7.71104E-2 7.36804E-2 7.31159E-2 6.6758E-2 7.21071E-2 6.79735E-2 6.80472E-2 6.94687E-2 7.68403E-2 7.00924E-2 7.55506E-2 8.16649E-2 8.74638E-2 8.5962E-2 8.87178E-2 9.06115E-2 9.09935E-2 8.49379E-2 8.29287E-2 8.42751E-2 7.75505E-2 7.55221E-2 7.13449E-2 6.37533E-2 5.85363E-2 5.91086E-2 6.16844E-2 5.90489E-2 5.46613E-2 5.40667E-2 5.16797E-2 5.18018E-2 5.46228E-2 5.91771E-2
7.74688E-2 7.9108E-2 7.79583E-2 7.8426E-2 7.94209E-2 7.14684E-2 7.51098E-2 8.10136E-2 8.3057E-2 7.73437E-2 7.83965E-2 8.11497E-2 7.68395E-2 9.25737E-2 9.01239E-2 8.25173E-2 9.17176E-2 9.26982E-2 9.59945E-2 1.0425E-1 1.07559E-1 1.09417E-1 9.85186E-2 9.82214E-2 1.03359E-1 8.08747E-2 8.21424E-2 7.87409E-2 7.79225E-2 7.20477E-2 6.70717E-2 7.66723E-2 6.71647E-2 6.34617E-2 7.76798E-2 7.52755E-2 7.42802E-2 7.53014E-2 7.49696E-2 8.81578E-2 9.93472E-2 9.79092E-2 9.2564E-2 9.4616E-2 8.49394E-2 8.20655E-2 8.29012E-2 7.70507E-2 7.61715E-2 7.0756E-2 6.68765E-2 6.27933E-2 6.0691E-2 6.01117E-2 6.157E-2 6.13158E-2 5.93324E-2 5.68095E-2 5.3153E-2 6.21427E-2 7.36091E-2
6.8869E-2 7.44706E-2 7.20887E-2 7.36776E-2 7.35814E-2 7.54405E-2 7.67235E-2 7.72902E-2 7.80932E-2 8.08787E-2 8.24154E-2 7.93563E-2 7.72857E-2 8.00975E-2 8.20132E-2 8.47325E-2 9.02706E-2 9.66829E-2 9.78367E-2 1.04374E-1 1.27556E-1 1.25333E-1 9.84656E-2 9.81703E-2 9.97475E-2 9.62119E-2 8.39699E-2 8.31099E-2 8.23997E-2 7.66705E-2 7.74033E-2 8.2031E-2 8.44967E-2 7.61905E-2 7.99454E-2 8.52276E-2 6.62774E-2 7.28821E-2 7.09145E-2 7.29297E-2 8.2246E-2 9.31078E-2 1.01269E-1 9.72327E-2 9.15543E-2 8.48004E-2 8.45272E-2 8.19834E-2 7.82584E-2 7.67632E-2 7.43699E-2 7.55935E-2 7.47554E-2 7.33016E-2 7.53296E-2 7.48853E-2 6.80342E-2 6.26341E-2 5.95121E-2 6.2591E-2 7.24232E-2
6.42401E-2 6.52936E-2 6.6185E-2 6.71253E-2 8.18705E-2 7.36873E-2 8.10283E-2 7.96508E-2 8.21481E-2 8.06986E-2 8.06604E-2 8.00482E-2 8.73348E-2 8.21821E-2 8.21233E-2 8.88336E-2 1.07666E-1 9.82376E-2 9.41893E-2 1.08706E-1 1.19182E-1 1.08119E-1 1.07005E-1 1.12974E-1 9.39781E-2 9.66306E-2 9.66438E-2 8.8293E-2 8.14742E-2 8.45359E-2 8.11528E-2 7.93944E-2 9.06937E-2 8.6048E-2 1.07841E-1 9.79717E-2 8.12698E-2 7.23927E-2 7.44544E-2 7.33692E-2 8.69009E-2 9.08726E-2 1.06939E-1 9.59628E-2 9.62383E-2 9.32191E-2 9.21823E-2 9.90614E-2 9.6363E-2 9.39044E-2 8.95483E-2 9.13273E-2 8.58924E-2 7.99836E-2 8.06913E-2 8.09485E-2 7.39209E-2 7.06904E-2 7.11011E-2 6.83088E-2 6.68268E-2
6.60538E-2 6.72616E-2 6.78684E-2 7.07729E-2 7.17793E-2 7.13239E-2 6.93885E-2 6.81739E-2 7.34215E-2 7.52357E-2 7.57904E-2 7.6823E-2 8.00907E-2 8.89302E-2 9.97784E-2 9.34778E-2 9.81438E-2 1.00442E-1 1.06258E-1 1.17864E-1 1.14388E-1 1.14388E-1 1.12108E-1 1.07786E-1 1.1575E-1 9.45451E-2 9.47244E-2 1.09663E-1 8.46716E-2 8.40332E-2 8.2102E-2 7.88665E-2 8.28296E-2 8.26536E-2 9.58058E-2 1.01287E-1 8.48015E-2 8.2271E-2 7.46894E-2 8.11964E-2 9.84927E-2 8.95459E-2 1.11993E-1 9.60146E-2 9.82815E-2 1.03543E-1 9.68165E-2 9.60237E-2 9.98541E-2 9.62666E-2 9.03771E-2 8.98761E-2 8.99174E-2 8.65695E-2 8.51142E-2 8.54418E-2 8.44777E-2 8.3166E-2 8.17887E-2 7.84508E-2 7.29499E-2
7.14255E-2 7.30762E-2 7.94299E-2 8.31937E-2 7.28398E-2 7.49305E-2 7.28335E-2 7.37849E-2 7.42976E-2 7.41482E-2 7.35423E-2 7.55964E-2 8.18934E-2 8.90207E-2 1.00713E-1 1.00654E-1 1.04317E-1 1.07526E-1 1.20151E-1 1.20494E-1 1.11646E-1 1.10543E-1 1.18851E-1 1.15235E-1 1.25254E-1 1.13747E-1 9.24611E-2 9.90498E-2 9.479E-2 8.23544E-2 8.96261E-2 8.20752E-2 8.03057E-2 7.66529E-2 7.9267E-2 9.85845E-2 7.7227E-2 9.04665E-2 7.92577E-2 7.02565E-2 9.74591E-2 9.86097E-2 1.05304E-1 9.40972E-2 9.85059E-2 9.72401E-2 9.47164E-2 9.08021E-2 8.72335E-2 9.70674E-2 9.84943E-2 9.44095E-2 8.88655E-2 9.06423E-2 9.02678E-2 8.83821E-2 8.56357E-2 8.74683E-2 8.60057E-2 8.22365E-2 7.93401E-2
8.103E-2 7.58757E-2 9.72069E-2 8.37543E-2 9.20246E-2 8.58641E-2 8.59351E-2 8.0812E-2 7.84171E-2 7.66347E-2 8.00921E-2 8.24994E-2 9.14402E-2 9.5955E-2 9.16952E-2 9.11322E-2 9.16877E-2 9.7159E-2 1.07714E-1 1.13951E-1 1.30886E-1 1.24311E-1 1.26934E-1 1.15269E-1 1.09157E-1 1.08988E-1 9.5254E-2 9.4856E-2 9.69116E-2 8.96591E-2 9.55962E-2 8.61881E-2 8.26081E-2 7.70018E-2 7.51547E-2 1.06954E-1 8.00429E-2 8.91793E-2 9.39245E-2 8.17504E-2 8.82134E-2 1.01144E-1 1.04055E-1 9.54981E-2 9.50801E-2 9.48015E-2 9.33712E-2 8.77339E-2 9.01213E-2 9.10941E-2 9.01366E-2 8.97534E-2 9.09903E-2 9.53266E-2 9.85373E-2 1.00131E-1 9.58239E-2 8.79982E-2 8.71101E-2 8.82979E-2 8.58333E-2
7.96177E-2 8.72379E-2 8.91626E-2 8.30074E-2 8.10559E-2 7.76974E-2 8.11096E-2 8.08083E-2 8.1639E-2 8.55712E-2 8.99406E-2 9.56301E-2 9.66612E-2 1.01127E-1 9.83259E-2 9.46195E-2 1.02163E-1 1.04742E-1 1.10609E-1 1.06992E-1 1.09591E-1 1.09653E-1 1.12833E-1 1.11618E-1 1.06254E-1 1.06346E-1 1.10696E-1 1.0534E-1 8.88187E-2 8.97663E-2 1.0069E-1 9.03393E-2 9.37436E-2 8.43073E-2 8.36008E-2 1.04711E-1 9.42397E-2 7.2426E-2 9.02394E-2 8.84179E-2 8.87865E-2 8.49203E-2 9.67321E-2 1.05705E-1 9.82184E-2 9.59311E-2 9.88365E-2 9.92574E-2 8.7907E-2 8.85641E-2 9.40464E-2 9.79489E-2 9.87616E-2 1.01563E-1 1.03668E-1 1.00252E-1 9.79325E-2 9.47693E-2 9.04618E-2 9.14336E-2 8.98228E-2
7.98219E-2 8.29732E-2 9.45608E-2 8.9827E-2 8.23204E-2 8.34911E-2 8.49001E-2 8.55159E-2 8.692E-2 9.37023E-2 9.80344E-2 1.00641E-1 1.02957E-1 1.07588E-1 1.04762E-1 9.9345E-2 1.03995E-1 1.17462E-1 1.19808E-1 1.1855E-1 1.14417E-1 1.17495E-1 1.24291E-1 1.19003E-1 1.07401E-1 1.07799E-1 1.04348E-1 1.04851E-1 1.07368E-1 9.93579E-2 8.19501E-2 8.93449E-2 8.26879E-2 8.43892E-2 8.66636E-2 1.06641E-1 9.18443E-2 7.17922E-2 6.76286E-2 6.1645E-2 6.57864E-2 7.0959E-2 9.77076E-2 9.72734E-2 9.32795E-2 9.59217E-2 9.60534E-2 9.72247E-2 1.00872E-1 1.01063E-1 9.52692E-2 1.01954E-1 1.04184E-1 1.03083E-1 1.02461E-1 1.07293E-1 1.0673E-1 1.02738E-1 9.71482E-2 9.49669E-2 9.49631E-2
9.6418E-2 9.81185E-2 1.00362E-1 1.10403E-1 8.8535E-2 8.55922E-2 8.79476E-2 9.30919E-2 9.40329E-2 1.00072E-1 1.03895E-1 1.07077E-1 1.05038E-1 1.07273E-1 1.09987E-1 1.04985E-1 1.04291E-1 1.12043E-1 1.1621E-1 1.205E-1 1.12382E-1 1.22792E-1 1.21355E-1 1.12856E-1 1.14461E-1 1.16636E-1 1.01404E-1 1.0504E-1 8.70079E-2 1.03058E-1 8.76077E-2 9.30698E-2 9.20716E-2 8.29208E-2 7.7718E-2 8.75827E-2 8.40642E-2 7.16552E-2 7.03411E-2 8.41408E-2 5.99283E-2 6.45963E-2 8.84574E-2 9.36293E-2 9.98848E-2 9.30615E-2 8.61964E-2 8.3138E-2 9.77428E-2 1.03686E-1 9.20843E-2 8.98609E-2 9.88856E-2 1.14391E-1 1.09134E-1 1.21532E-1 1.11009E-1 1.06889E-1 9.93268E-2 9.60591E-2 9.52768E-2
1.21296E-1 1.30395E-1 1.21462E-1 1.03458E-1 9.93628E-2 9.39673E-2 9.98985E-2 9.95476E-2 1.04903E-1 1.16475E-1 1.16799E-1 1.14891E-1 1.16656E-1 1.20617E-1 1.26268E-1 1.07827E-1 1.03651E-1 1.11063E-1 1.04361E-1 1.01179E-1 1.15695E-1 1.14862E-1 1.22193E-1 1.09069E-1 1.01892E-1 9.75773E-2 1.03798E-1 9.61835E-2 7.80971E-2 8.03396E-2 9.88349E-2 8.58074E-2 8.84353E-2 9.96774E-2 8.40423E-2 9.07736E-2 7.97351E-2 8.24054E-2 8.15206E-2 8.42653E-2 8.12282E-2 9.35165E-2 8.24223E-2 9.48185E-2 9.69739E-2 8.79456E-2 8.4569E-2 7.83068E-2 8.33918E-2 9.97913E-2 9.73041E-2 8.66096E-2 8.83972E-2 1.00798E-1 1.10724E-1 1.18831E-1 1.07638E-1 1.1197E-1 1.1143E-1 1.03404E-1 9.26132E-2
1.36314E-1 1.39093E-1 1.34606E-1 1.13566E-1 1.09058E-1 1.10127E-1 1.08223E-1 1.18552E-1 1.32463E-1 1.53454E-1 1.50919E-1 1.46178E-1 1.47848E-1 1.32411E-1 1.17748E-1 1.20046E-1 1.05999E-1 1.03163E-1 1.11884E-1 1.18994E-1 1.16929E-1 1.3939E-1 1.21321E-1 1.08357E-1 9.9631E-2 9.64257E-2 9.18267E-2 9.77128E-2 9.29996E-2 9.55802E-2 8.2983E-2 7.224E-2 9.31602E-2 1.13649E-1 8.19704E-2 8.75628E-2 9.60592E-2 9.93813E-2 9.46523E-2 7.41839E-2 7.57145E-2 7.40055E-2 8.42076E-2 7.69962E-2 8.6273E-2 8.92872E-2 8.08829E-2 7.84407E-2 7.40568E-2 7.43932E-2 9.73004E-2 1.01567E-1 8.61064E-2 8.99657E-2 1.05565E-1 1.03236E-1 9.80053E-2 1.00407E-1 9.99776E-2 9.92471E-2 9.67511E-2
1.098E-1 1.28834E-1 1.44603E-1 1.34058E-1 1.1923E-1 1.19863E-1 1.2317E-1 1.32224E-1 1.19088E-1 1.21991E-1 1.37842E-1 1.3731E-1 1.32135E-1 1.1727E-1 1.08638E-1 1.41402E-1 1.39759E-1 1.35239E-1 1.37167E-1 1.21525E-1 1.19373E-1 1.24438E-1 1.18897E-1 9.84762E-2 1.04774E-1 1.19781E-1 1.07122E-1 9.71445E-2 9.76911E-2 9.62318E-2 1.05797E-1 9.36166E-2 1.03612E-1 9.68674E-2 7.88033E-2 1.00474E-1 1.0338E-1 1.00737E-1 9.17688E-2 9.36983E-2 1.31929E-1 1.0432E-1 7.58928E-2 9.73235E-2 1.215E-1 1.25394E-1 8.77173E-2 9.56398E-2 1.13498E-1 7.31144E-2 7.48119E-2 1.07655E-1 1.04006E-1 8.79021E-2 1.13713E-1 9.95734E-2 9.48555E-2 9.88774E-2 9.97857E-2 9.50512E-2 9.64634E-2
1.18915E-1 1.24886E-1 1.34807E-1 1.45522E-1 1.4162E-1 1.33582E-1 1.23584E-1 1.2791E-1 1.28259E-1 1.33954E-1 1.46108E-1 1.4178E-1 1.27983E-1 1.27972E-1 1.22562E-1 1.21256E-1 1.22563E-1 1.33094E-1 1.21488E-1 1.20575E-1 1.19942E-1 1.21991E-1 1.231E-1 1.12495E-1 1.1724E-1 1.13599E-1 1.05458E-1 1.10619E-1 1.00842E-1 9.29447E-2 9.58896E-2 8.77211E-2 1.02506E-1 9.57124E-2 8.22952E-2 1.08731E-1 1.19686E-1 9.4877E-2 8.22044E-2 1.0358E-1 1.38465E-1 1.01551E-1 8.88034E-2 1.17145E-1 1.17652E-1 1.12635E-1 9.60673E-2 1.20885E-1 1.04777E-1 8.83828E-2 8.65946E-2 9.95598E-2 1.07306E-1 9.81188E-2 9.54986E-2 1.14448E-1 1.21651E-1 1.23352E-1 1.0706E-1 1.00737E-1 1.00197E-1
1.35708E-1 1.1746E-1 1.07273E-1 1.12566E-1 1.23208E-1 1.49175E-1 1.50426E-1 1.53658E-1 1.44344E-1 1.59741E-1 1.6081E-1 1.29738E-1 1.21131E-1 1.24661E-1 1.22452E-1 1.25459E-1 1.26155E-1 1.50411E-1 1.20279E-1 1.18162E-1 1.24565E-1 1.21147E-1 1.22379E-1 1.24262E-1 1.2931E-1 1.24952E-1 1.18368E-1 1.0439E-1 9.84023E-2 9.20095E-2 8.44156E-2 8.848E-2 9.84211E-2 9.59177E-2 9.02665E-2 9.31014E-2 1.20705E-1 1.16392E-1 1.22819E-1 1.40942E-1 1.16967E-1 9.35382E-2 9.63943E-2 1.04663E-1 1.13983E-1 1.27792E-1 1.0833E-1 9.77215E-2 9.91048E-2 9.24171E-2 8.9777E-2 9.19071E-2 9.94289E-2 1.17717E-1 9.87151E-2 9.78402E-2 1.30911E-1 1.35288E-1 1.09419E-1 9.86113E-2 1.01939E-1
1.40205E-1 1.44305E-1 1.41488E-1 1.40663E-1 1.39105E-1 1.34485E-1 1.28033E-1 1.45152E-1 1.57601E-1 1.65392E-1 1.39465E-1 1.25493E-1 1.10084E-1 1.15799E-1 1.09192E-1 1.13827E-1 1.28218E-1 1.33957E-1 1.54731E-1 1.20689E-1 1.20379E-1 1.1606E-1 1.21533E-1 1.17323E-1 1.37621E-1 1.10748E-1 1.08939E-1 1.13888E-1 1.15911E-1 9.445E-2 9.07442E-2 9.79637E-2 1.07169E-1 1.05462E-1 9.08122E-2 8.22994E-2 1.00841E-1 1.2002E-1 1.17981E-1 8.30897E-2 7.29968E-2 1.11168E-1 1.06114E-1 9.79092E-2 1.09074E-1 9.50087E-2 1.01518E-1 9.50137E-2 9.81533E-2 9.23368E-2 8.96601E-2 9.2062E-2 1.01154E-1 1.18526E-1 1.00145E-1 8.89312E-2 1.12561E-1 1.20201E-1 1.0674E-1 1.07412E-1 1.08596E-1
1.61488E-1 1.55417E-1 1.46206E-1 1.51229E-1 1.54016E-1 1.43918E-1 1.3328E-1 1.33897E-1 1.30251E-1 1.38397E-1 1.23609E-1 1.02473E-1 1.06222E-1 1.03314E-1 1.16625E-1 1.14756E-1 1.0525E-1 1.23629E-1 1.48228E-1 1.38286E-1 1.33758E-1 1.36021E-1 1.29893E-1 1.2666E-1 1.32526E-1 1.13376E-1 9.31847E-2 9.94072E-2 1.00751E-1 9.81806E-2 9.44443E-2 1.04507E-1 9.85767E-2 9.36367E-2 9.95193E-2 8.63495E-2 9.74885E-2 6.98582E-2 6.16471E-2 9.32949E-2 1.16789E-1 1.04784E-1 1.0622E-1 1.17758E-1 1.24985E-1 8.91031E-2 1.00915E-1 9.588E-2 9.38401E-2 9.82232E-2 9.6878E-2 9.25777E-2 9.00489E-2 1.21061E-1 1.22055E-1 1.02183E-1 1.06337E-1 1.0623E-1 1.05558E-1 1.0513E-1 1.07423E-1
1.46924E-1 1.41887E-1 1.48836E-1 1.46506E-1 1.42518E-1 1.41578E-1 1.4508E-1 1.37738E-1 1.34501E-1 1.41473E-1 1.09534E-1 1.02928E-1 9.90076E-2 9.80645E-2 9.75511E-2 1.05766E-1 1.0708E-1 1.22747E-1 1.38634E-1 1.46108E-1 1.37205E-1 1.41309E-1 1.35225E-1 1.40685E-1 1.32603E-1 1.18209E-1 1.05203E-1 9.70254E-2 9.8101E-2 1.00707E-1 1.00357E-1 1.00453E-1 1.03278E-1 9.67036E-2 9.4102E-2 8.17187E-2 9.27737E-2 6.45406E-2 6.74014E-2 1.20905E-1 1.15746E-1 1.31949E-1 1.08711E-1 1.14786E-1 1.04256E-1 9.91846E-2 1.4194E-1 1.30007E-1 9.63569E-2 1.04061E-1 1.07845E-1 1.03628E-1 1.13457E-1 1.2007E-1 1.14427E-1 1.03808E-1 1.20569E-1 1.19549E-1 1.23276E-1 1.30885E-1 1.22256E-1
1.33897E-1 1.33475E-1 1.35118E-1 1.34429E-1 1.33849E-1 1.36324E-1 1.45522E-1 1.30628E-1 1.34651E-1 1.23644E-1 1.11747E-1 1.06125E-1 1.1927E-1 1.28096E-1 1.28601E-1 1.02843E-1 1.16804E-1 1.32006E-1 1.4497E-1 1.40657E-1 1.28778E-1 1.38656E-1 1.25457E-1 1.18738E-1 1.16054E-1 1.08772E-1 1.04176E-1 1.01559E-1 9.62287E-2 9.26154E-2 9.6742E-2 9.30438E-2 9.02685E-2 9.0232E-2 8.20515E-2 7.5659E-2 1.16242E-1 9.05303E-2 7.49736E-2 1.06963E-1 1.11842E-1 1.31285E-1 1.09366E-1 1.03909E-1 9.55829E-2 9.95721E-2 1.1145E-1 1.21981E-1 9.9983E-2 1.23977E-1 1.32401E-1 1.29497E-1 1.19874E-1 1.23537E-1 1.14561E-1 1.16285E-1 1.37436E-1 1.32107E-1 1.39262E-1 1.32156E-1 1.33438E-1
1.23723E-1 1.18876E-1 1.18935E-1 1.16304E-1 1.14801E-1 1.1089E-1 1.2881E-1 1.30256E-1 1.07957E-1 1.07469E-1 1.04989E-1 9.27134E-2 1.18592E-1 1.2604E-1 1.47399E-1 1.44166E-1 1.24024E-1 1.267E-1 1.32436E-1 1.2975E-1 1.18376E-1 1.19135E-1 1.12847E-1 1.08144E-1 1.05103E-1 1.07861E-1 1.08949E-1 1.02533E-1 1.00538E-1 1.0389E-1 1.04549E-1 1.00339E-1 8.62011E-2 9.4892E-2 1.11536E-1 7.63379E-2 8.45692E-2 1.21364E-1 9.2804E-2 9.86515E-2 8.50298E-2 1.07708E-1 1.0423E-1 9.64003E-2 1.0357E-1 1.23164E-1 1.08447E-1 1.11157E-1 1.05026E-1 1.3114E-1 1.16811E-1 9.7892E-2 1.1818E-1 1.08059E-1 1.15974E-1 1.18971E-1 1.14564E-1 1.17484E-1 1.291E-1 1.19996E-1 1.42928E-1
1.06676E-1 9.88595E-2 1.14367E-1 1.19321E-1 1.10015E-1 1.04854E-1 1.29679E-1 1.32517E-1 1.21924E-1 1.16218E-1 9.71138E-2 8.17042E-2 1.04473E-1 1.11107E-1 1.21277E-1 1.28506E-1 1.13562E-1 1.09135E-1 1.22384E-1 1.19257E-1 1.04991E-1 9.59239E-2 1.05325E-1 1.15948E-1 1.05293E-1 1.12885E-1 1.16795E-1 1.06537E-1 1.00715E-1 9.56006E-2 1.00031E-1 1.13782E-1 1.06135E-1 9.85551E-2 1.09142E-1 7.92242E-2 6.75941E-2 9.08032E-2 1.09211E-1 1.02049E-1 9.60397E-2 1.10196E-1 1.06047E-1 1.10386E-1 1.08556E-1 1.03449E-1 1.10067E-1 1.05904E-1 1.1408E-1 1.19303E-1 1.22111E-1 9.50796E-2 9.9762E-2 9.78368E-2 9.95931E-2 1.01734E-1 9.28634E-2 9.4646E-2 8.92599E-2 1.10129E-1 1.33157E-1
