maxent_outputs/red_flowers_troch_bombus_environ/red_290.asc
ncols         426
nrows         180
xllcorner     -130.0
yllcorner     24.0
cellsize      0.16666666666666666
NODATA_value  -9999
[rows 27 to 53 of 180, columns 244 to 304 of 426]
6.20494E-3 6.02279E-3 6.58386E-3 7.25457E-3 7.89376E-3 8.5416E-3 7.84769E-3 6.51348E-3 5.84538E-3 5.66141E-3 5.7208E-3 6.06761E-3 6.32728E-3 6.18876E-3 7.69859E-3 6.84037E-3 7.09857E-3 7.34461E-3 7.41008E-3 7.54366E-3 7.08057E-3 7.08612E-3 7.49341E-3 6.8341E-3 6.74958E-3 7.85217E-3 6.9321E-3 7.02148E-3 7.03707E-3 6.72241E-3 6.77821E-3 6.78063E-3 6.94235E-3 6.99995E-3 7.23767E-3 7.00255E-3 6.78648E-3 6.86718E-3 6.59642E-3 6.51452E-3 6.39958E-3 6.46837E-3 6.96489E-3 7.11411E-3 6.56279E-3 6.45107E-3 6.54669E-3 6.75397E-3 6.79747E-3 6.70165E-3 6.59409E-3 6.63565E-3 6.68411E-3 6.29926E-3 6.22905E-3 5.93396E-3 5.68724E-3 5.5366E-3 5.58908E-3 5.39042E-3 5.29397E-3
6.25105E-3 6.4777E-3 6.88659E-3 6.35761E-3 6.36111E-3 6.84384E-3 6.48033E-3 6.28618E-3 6.02873E-3 5.8126E-3 5.75495E-3 6.40995E-3 6.27926E-3 6.83593E-3 6.68227E-3 6.95571E-3 7.31986E-3 8.42002E-3 7.94998E-3 7.74904E-3 7.51967E-3 7.03184E-3 7.10917E-3 7.41502E-3 7.55512E-3 7.61509E-3 6.90853E-3 6.94089E-3 6.99972E-3 6.78063E-3 6.76548E-3 6.97596E-3 6.82175E-3 7.07163E-3 7.17212E-3 7.20672E-3 7.01468E-3 6.86516E-3 6.37039E-3 6.40589E-3 6.52364E-3 6.55195E-3 6.79859E-3 7.04619E-3 7.11364E-3 7.1986E-3 7.11836E-3 7.08416E-3 7.31874E-3 7.38557E-3 6.93672E-3 6.77888E-3 6.5996E-3 6.36414E-3 6.41488E-3 6.29273E-3 6.0156E-3 5.89415E-3 5.96358E-3 5.71295E-3 5.65646E-3
6.30726E-3 6.39643E-3 7.05835E-3 6.98106E-3 6.78982E-3 6.96954E-3 7.84927E-3 7.36352E-3 6.63917E-3 6.57886E-3 6.95016E-3 7.25766E-3 7.11411E-3 7.74618E-3 7.25746E-3 7.63165E-3 8.719E-3 9.37935E-3 8.85326E-3 8.20578E-3 7.34774E-3 7.31421E-3 7.3846E-3 7.91089E-3 8.29611E-3 7.85637E-3 7.1994E-3 7.54828E-3 7.42128E-3 7.52263E-3 7.65136E-3 7.28075E-3 7.2113E-3 7.38871E-3 7.31042E-3 7.54054E-3 7.45958E-3 7.69726E-3 7.24367E-3 7.05332E-3 7.24502E-3 6.97483E-3 6.87693E-3 7.09175E-3 7.14271E-3 7.40641E-3 7.42888E-3 7.23298E-3 7.39403E-3 7.56556E-3 7.13431E-3 6.92195E-3 6.62298E-3 6.60427E-3 6.55627E-3 6.56783E-3 6.45507E-3 6.4146E-3 6.39982E-3 6.07936E-3 5.89891E-3
6.03969E-3 6.15429E-3 6.91284E-3 7.28616E-3 7.28039E-3 7.48934E-3 9.14252E-3 1.04933E-2 9.63254E-3 1.12362E-2 1.05418E-2 9.30513E-3 8.90141E-3 9.22102E-3 9.81376E-3 9.18177E-3 9.55423E-3 1.01858E-2 9.83476E-3 9.21602E-3 8.13542E-3 8.26679E-3 7.97703E-3 7.82561E-3 7.6619E-3 7.39262E-3 7.85685E-3 7.95137E-3 7.67048E-3 9.56104E-3 8.01158E-3 7.8369E-3 7.70297E-3 7.63961E-3 7.85005E-3 8.24582E-3 7.73806E-3 7.38506E-3 7.50394E-3 7.45353E-3 7.36148E-3 7.48218E-3 7.23223E-3 7.09031E-3 7.11106E-3 7.33618E-3 7.44267E-3 7.26643E-3 7.28276E-3 7.39396E-3 7.18954E-3 7.05357E-3 6.64617E-3 6.89355E-3 6.92339E-3 8.69054E-3 8.82578E-3 7.02776E-3 6.80319E-3 6.30998E-3 6.14903E-3
6.67834E-3 6.41011E-3 6.90985E-3 7.65048E-3 8.65133E-3 1.12402E-2 9.0402E-3 1.03858E-2 1.33155E-2 1.61993E-2 1.91429E-2 2.01774E-2 1.80794E-2 1.64198E-2 1.84214E-2 1.91622E-2 1.66287E-2 1.62135E-2 1.0579E-2 9.16078E-3 8.68668E-3 8.61685E-3 9.40045E-3 8.37681E-3 7.82031E-3 8.06324E-3 8.2193E-3 8.39398E-3 7.84704E-3 8.52569E-3 8.49819E-3 8.31259E-3 8.29817E-3 8.03789E-3 8.26125E-3 8.21708E-3 8.325E-3 7.97065E-3 7.52581E-3 7.65591E-3 7.38028E-3 7.71346E-3 7.49025E-3 7.37882E-3 7.33671E-3 7.32374E-3 7.36884E-3 7.32461E-3 7.3704E-3 7.47063E-3 7.37994E-3 7.02485E-3 7.07272E-3 7.45836E-3 7.86232E-3 9.92165E-3 1.06972E-2 8.36637E-3 9.93348E-3 7.29931E-3 6.74254E-3
8.37782E-3 9.42272E-3 1.09689E-2 1.09891E-2 1.22483E-2 1.2303E-2 1.87594E-2 2.63615E-2 3.25704E-2 3.38458E-2 3.44724E-2 3.47665E-2 3.49082E-2 3.49857E-2 3.57407E-2 3.84027E-2 4.00861E-2 3.8967E-2 1.6963E-2 9.93328E-3 9.62049E-3 9.30838E-3 8.87874E-3 8.71686E-3 8.58395E-3 8.91655E-3 8.57644E-3 8.66641E-3 9.1576E-3 8.80433E-3 9.25008E-3 8.66928E-3 9.02643E-3 9.00532E-3 8.64994E-3 8.63969E-3 8.46091E-3 8.19247E-3 8.13788E-3 7.84454E-3 7.84733E-3 7.67765E-3 7.66935E-3 7.85317E-3 7.98868E-3 7.83153E-3 8.11648E-3 7.62121E-3 7.70453E-3 7.86443E-3 8.51707E-3 7.59869E-3 7.46951E-3 7.70619E-3 7.89244E-3 8.171E-3 8.8658E-3 9.37664E-3 9.73851E-3 8.62582E-3 7.90951E-3
1.14675E-2 1.76341E-2 1.75247E-2 1.47036E-2 1.77009E-2 2.5059E-2 3.1202E-2 3.26373E-2 3.42397E-2 3.47719E-2 3.50015E-2 3.62377E-2 3.70955E-2 3.74968E-2 3.85179E-2 3.85539E-2 3.89478E-2 3.88193E-2 2.83517E-2 1.25643E-2 1.10013E-2 1.04894E-2 9.79354E-3 9.80839E-3 9.72762E-3 9.41679E-3 9.21798E-3 9.3852E-3 9.26038E-3 9.50312E-3 1.06151E-2 1.02866E-2 9.99915E-3 1.11595E-2 1.03662E-2 9.78268E-3 9.25982E-3 8.53873E-3 8.61566E-3 8.43683E-3 8.13867E-3 7.87854E-3 8.16162E-3 8.23766E-3 8.32919E-3 8.47108E-3 8.46774E-3 8.66005E-3 8.66715E-3 8.67404E-3 9.22089E-3 8.4861E-3 8.48864E-3 8.8151E-3 8.58068E-3 8.63553E-3 9.23064E-3 8.96944E-3 9.07611E-3 9.05153E-3 9.57247E-3
1.43309E-2 1.84631E-2 2.36392E-2 2.7641E-2 3.00949E-2 3.00598E-2 3.36146E-2 3.477E-2 3.56804E-2 3.64464E-2 3.75369E-2 3.77008E-2 3.84685E-2 3.87634E-2 3.92755E-2 3.93839E-2 3.85181E-2 3.93415E-2 3.98625E-2 1.73487E-2 1.22021E-2 1.16649E-2 1.13515E-2 1.09574E-2 1.10204E-2 1.06402E-2 1.04909E-2 1.0575E-2 1.0586E-2 1.04927E-2 1.1726E-2 1.20894E-2 1.12534E-2 1.08724E-2 1.03356E-2 1.00167E-2 9.90206E-3 9.09911E-3 8.78564E-3 8.68114E-3 8.97817E-3 8.43135E-3 8.40174E-3 8.49573E-3 8.68626E-3 8.8541E-3 8.92286E-3 9.24374E-3 9.26112E-3 9.22277E-3 9.08139E-3 9.11814E-3 9.90625E-3 9.57395E-3 1.01017E-2 1.04707E-2 1.01621E-2 9.90921E-3 1.01297E-2 1.03574E-2 9.5829E-3
2.34266E-2 2.80741E-2 2.468E-2 2.40703E-2 2.38512E-2 3.27024E-2 3.69613E-2 3.73098E-2 3.69723E-2 3.81377E-2 3.93884E-2 3.9891E-2 3.99193E-2 4.01728E-2 4.06436E-2 4.06425E-2 4.00359E-2 3.92603E-2 4.06962E-2 3.29052E-2 1.78136E-2 1.37406E-2 1.33549E-2 1.32271E-2 1.3106E-2 1.28558E-2 1.29303E-2 1.24419E-2 1.27309E-2 1.29695E-2 1.2318E-2 1.26236E-2 1.2927E-2 1.17591E-2 1.11837E-2 1.12064E-2 1.09854E-2 1.02478E-2 9.46806E-3 9.66603E-3 9.54321E-3 9.46623E-3 9.74811E-3 9.20951E-3 9.29095E-3 9.11271E-3 9.46983E-3 9.58085E-3 9.56865E-3 9.76201E-3 9.99214E-3 1.04528E-2 1.09089E-2 1.01683E-2 1.04743E-2 1.14575E-2 1.13966E-2 1.08302E-2 1.09746E-2 1.0372E-2 1.01168E-2
2.64286E-2 2.09921E-2 2.4042E-2 3.04067E-2 3.65768E-2 3.97781E-2 3.98656E-2 3.95656E-2 3.9327E-2 4.06331E-2 4.1262E-2 4.17211E-2 4.15812E-2 4.22485E-2 4.16604E-2 4.17632E-2 4.18479E-2 4.07262E-2 4.08263E-2 4.2741E-2 4.17834E-2 3.07206E-2 2.86257E-2 2.8095E-2 3.13461E-2 3.59284E-2 2.57034E-2 1.60605E-2 1.58609E-2 1.48352E-2 1.38278E-2 1.29678E-2 1.39303E-2 1.34024E-2 1.24924E-2 1.17709E-2 1.17919E-2 1.0401E-2 1.02557E-2 1.03118E-2 9.95542E-3 9.87088E-3 9.58642E-3 9.38006E-3 9.79812E-3 9.83517E-3 1.02696E-2 1.0441E-2 1.04351E-2 1.05567E-2 1.07683E-2 1.12403E-2 1.13099E-2 1.05815E-2 1.09128E-2 1.0861E-2 1.0388E-2 1.09186E-2 1.06013E-2 1.04263E-2 1.03712E-2
3.27846E-2 3.14347E-2 3.75266E-2 3.90959E-2 4.02427E-2 4.19424E-2 4.25598E-2 4.21634E-2 4.30448E-2 4.28498E-2 4.3389E-2 4.26888E-2 4.35886E-2 4.40806E-2 4.29845E-2 4.28045E-2 4.26459E-2 4.20742E-2 4.21983E-2 4.28825E-2 3.16764E-2 2.64697E-2 3.3947E-2 4.89539E-2 5.16915E-2 5.4339E-2 2.32012E-2 1.83208E-2 1.75261E-2 1.69593E-2 1.6435E-2 1.50865E-2 1.41934E-2 1.34669E-2 1.37495E-2 1.23336E-2 1.18437E-2 1.10549E-2 1.10418E-2 1.10903E-2 1.09714E-2 1.01861E-2 1.06819E-2 1.08279E-2 1.04204E-2 1.02496E-2 1.06796E-2 1.10884E-2 1.06878E-2 1.12367E-2 1.12178E-2 1.1147E-2 1.16103E-2 1.18472E-2 1.15459E-2 1.13342E-2 1.06905E-2 1.0178E-2 1.03235E-2 1.01159E-2 1.0438E-2
3.72839E-2 3.88423E-2 4.07431E-2 4.24238E-2 4.51831E-2 4.35636E-2 4.57445E-2 4.35546E-2 4.25373E-2 4.36586E-2 4.44162E-2 4.58585E-2 4.54854E-2 4.51194E-2 4.48581E-2 4.37111E-2 4.41356E-2 4.4195E-2 4.42097E-2 4.44602E-2 4.4266E-2 4.39476E-2 4.85983E-2 5.01444E-2 5.41895E-2 5.31234E-2 2.51612E-2 2.21084E-2 2.04261E-2 1.94436E-2 1.78057E-2 1.72226E-2 1.52225E-2 1.52547E-2 1.46993E-2 1.31699E-2 1.25126E-2 1.19713E-2 1.16858E-2 1.14583E-2 1.14702E-2 1.10725E-2 1.12784E-2 1.0914E-2 1.07227E-2 1.08434E-2 1.08166E-2 1.10702E-2 1.13627E-2 1.11558E-2 1.15561E-2 1.21714E-2 1.1891E-2 1.24027E-2 1.24244E-2 1.20314E-2 1.18492E-2 1.13023E-2 1.16781E-2 1.13235E-2 1.24884E-2
4.07264E-2 4.24128E-2 4.26543E-2 4.52924E-2 4.53614E-2 3.88956E-2 3.23644E-2 3.23375E-2 3.39607E-2 3.61886E-2 4.11963E-2 4.72692E-2 4.80596E-2 4.71904E-2 4.56806E-2 4.51429E-2 4.54665E-2 4.61367E-2 4.61727E-2 4.62506E-2 4.60806E-2 4.26034E-2 4.9047E-2 5.00918E-2 5.44193E-2 6.00206E-2 5.10941E-2 3.76498E-2 2.51256E-2 2.04419E-2 1.92731E-2 1.91225E-2 1.75818E-2 1.7481E-2 1.63988E-2 1.54924E-2 1.44854E-2 1.45118E-2 1.32578E-2 1.31241E-2 1.29085E-2 1.2016E-2 1.1644E-2 1.16024E-2 1.11167E-2 1.12746E-2 1.11559E-2 1.11666E-2 1.09258E-2 1.10579E-2 1.15312E-2 1.29562E-2 1.32367E-2 1.36616E-2 1.39198E-2 1.39785E-2 1.3171E-2 1.28627E-2 1.46238E-2 1.20046E-2 1.27649E-2
4.33005E-2 4.47772E-2 4.33727E-2 4.1094E-2 3.27463E-2 2.93917E-2 2.85864E-2 3.4325E-2 4.56477E-2 5.20547E-2 5.12166E-2 4.84988E-2 4.78298E-2 4.75988E-2 4.66361E-2 4.70028E-2 4.64987E-2 4.73189E-2 4.76721E-2 4.71584E-2 4.64789E-2 4.66042E-2 4.91546E-2 5.0871E-2 5.4884E-2 5.85843E-2 6.33631E-2 5.37568E-2 3.03896E-2 2.28708E-2 2.15368E-2 1.91302E-2 1.86321E-2 1.8272E-2 1.87477E-2 1.78544E-2 1.71384E-2 1.58187E-2 1.44071E-2 1.39136E-2 1.41578E-2 1.38805E-2 1.47217E-2 1.31747E-2 1.21072E-2 1.17467E-2 1.20636E-2 1.15716E-2 1.18352E-2 1.30164E-2 1.26688E-2 1.35869E-2 1.39712E-2 1.388E-2 1.53251E-2 1.44759E-2 1.42243E-2 1.39103E-2 1.4509E-2 1.50981E-2 1.41566E-2
4.09317E-2 3.77165E-2 3.3042E-2 3.05819E-2 3.03432E-2 3.01425E-2 3.93648E-2 4.95967E-2 5.25231E-2 5.23279E-2 5.02278E-2 4.83858E-2 4.7369E-2 4.79449E-2 4.96607E-2 4.94118E-2 4.83476E-2 4.87486E-2 4.87885E-2 4.82667E-2 4.83284E-2 4.81795E-2 4.99359E-2 5.28852E-2 5.57767E-2 5.99614E-2 6.27402E-2 4.05526E-2 2.63437E-2 2.4377E-2 2.30571E-2 2.15914E-2 2.1804E-2 2.15935E-2 2.07877E-2 1.95097E-2 1.86419E-2 1.70736E-2 1.52173E-2 1.42304E-2 1.52596E-2 1.46765E-2 1.3609E-2 1.36133E-2 1.33015E-2 1.27341E-2 1.31483E-2 1.35753E-2 1.37734E-2 1.3654E-2 1.31326E-2 1.37552E-2 1.45209E-2 1.48092E-2 1.59438E-2 1.74547E-2 1.53647E-2 1.53898E-2 1.56163E-2 1.74412E-2 1.6839E-2
2.69908E-2 2.55825E-2 2.5523E-2 2.54689E-2 2.68185E-2 3.08805E-2 3.46351E-2 3.36164E-2 3.59783E-2 4.19455E-2 4.87232E-2 5.04323E-2 4.78559E-2 4.89703E-2 4.97931E-2 5.13238E-2 5.06047E-2 5.00343E-2 5.06659E-2 4.99326E-2 4.91834E-2 4.99312E-2 5.08008E-2 5.35219E-2 5.85668E-2 6.06756E-2 6.29967E-2 4.86652E-2 3.55889E-2 3.03306E-2 2.6004E-2 2.47812E-2 2.44039E-2 2.40159E-2 2.3487E-2 2.14304E-2 2.15498E-2 2.08472E-2 1.85767E-2 1.62739E-2 1.62861E-2 1.61916E-2 1.45644E-2 1.4973E-2 1.58201E-2 1.49196E-2 1.48481E-2 1.40094E-2 1.41036E-2 1.42875E-2 1.4686E-2 1.55658E-2 1.6503E-2 1.66077E-2 1.77771E-2 1.94831E-2 1.7229E-2 1.60651E-2 1.60422E-2 1.66286E-2 1.9467E-2
2.21968E-2 2.06783E-2 2.08755E-2 2.2598E-2 2.4434E-2 2.61621E-2 2.48319E-2 2.36172E-2 2.48474E-2 2.97519E-2 3.34208E-2 4.9672E-2 5.0904E-2 4.99057E-2 5.06264E-2 5.34329E-2 5.36783E-2 5.41259E-2 5.18161E-2 4.85954E-2 4.19507E-2 4.14899E-2 4.60126E-2 3.96282E-2 3.49307E-2 3.28931E-2 4.80552E-2 5.63411E-2 4.26415E-2 3.18492E-2 2.75211E-2 2.66223E-2 2.79814E-2 2.56451E-2 2.37853E-2 2.26451E-2 2.15922E-2 2.13145E-2 1.99995E-2 2.01271E-2 1.85507E-2 1.74804E-2 1.81649E-2 1.7711E-2 1.73795E-2 1.70836E-2 1.63963E-2 1.56985E-2 1.58575E-2 1.54794E-2 1.62213E-2 2.47818E-2 1.94462E-2 1.88839E-2 1.80102E-2 1.80014E-2 1.848E-2 1.77345E-2 1.66696E-2 1.60028E-2 1.74475E-2
1.85408E-2 1.91595E-2 1.82063E-2 1.93041E-2 1.88281E-2 1.80821E-2 1.76814E-2 1.7946E-2 1.90107E-2 2.29946E-2 2.7762E-2 3.32773E-2 4.7515E-2 4.56625E-2 4.96881E-2 5.18125E-2 5.1439E-2 4.34699E-2 3.26152E-2 2.77143E-2 2.71117E-2 2.60818E-2 2.46147E-2 2.47507E-2 2.53667E-2 2.83583E-2 4.68204E-2 5.19884E-2 4.05107E-2 2.68863E-2 2.68399E-2 2.94956E-2 2.99648E-2 2.70462E-2 2.55331E-2 2.52856E-2 2.38264E-2 2.40092E-2 2.22523E-2 2.26698E-2 2.09795E-2 2.12418E-2 2.0635E-2 2.05464E-2 1.99287E-2 1.92731E-2 1.87209E-2 1.90596E-2 1.77493E-2 1.6705E-2 1.68291E-2 1.92072E-2 2.01373E-2 2.01549E-2 2.03211E-2 2.00031E-2 1.90596E-2 1.82124E-2 1.77294E-2 1.72656E-2 1.68848E-2
1.86359E-2 1.82141E-2 1.76001E-2 1.64433E-2 1.5607E-2 1.5263E-2 1.64747E-2 1.66489E-2 1.70204E-2 1.98301E-2 2.36824E-2 2.43037E-2 2.70947E-2 2.76827E-2 2.96793E-2 3.28834E-2 3.30256E-2 3.053E-2 2.70543E-2 2.42928E-2 2.3575E-2 2.47673E-2 2.31228E-2 2.28195E-2 2.48755E-2 2.61904E-2 2.8776E-2 2.92529E-2 2.77215E-2 2.35039E-2 2.51759E-2 2.80134E-2 2.85204E-2 2.66139E-2 2.45537E-2 2.45413E-2 2.42166E-2 2.43955E-2 2.52228E-2 2.3472E-2 2.47195E-2 2.51659E-2 2.21108E-2 2.15204E-2 2.10305E-2 2.04557E-2 1.99593E-2 2.09951E-2 2.13399E-2 2.1282E-2 2.01545E-2 2.13411E-2 2.24098E-2 2.20478E-2 2.22158E-2 2.29834E-2 2.24252E-2 2.04962E-2 1.83046E-2 1.76835E-2 1.67616E-2
1.69226E-2 1.66295E-2 1.70611E-2 1.62902E-2 1.51985E-2 1.53019E-2 1.6409E-2 1.72373E-2 1.82519E-2 2.03172E-2 2.1589E-2 2.14216E-2 2.34303E-2 2.44833E-2 2.43765E-2 2.60279E-2 2.95428E-2 2.93234E-2 2.58023E-2 2.44919E-2 2.63956E-2 2.94026E-2 2.53951E-2 2.47403E-2 2.63897E-2 2.65527E-2 2.5479E-2 2.50147E-2 2.25348E-2 2.32025E-2 2.53779E-2 2.83451E-2 2.88561E-2 3.2298E-2 3.16634E-2 3.03453E-2 2.80144E-2 2.68876E-2 2.6858E-2 2.77878E-2 2.60722E-2 2.65613E-2 2.50905E-2 2.35997E-2 2.37891E-2 2.35599E-2 2.36694E-2 2.61356E-2 2.71057E-2 2.36821E-2 2.30055E-2 2.36948E-2 2.46722E-2 2.53459E-2 2.60827E-2 2.71956E-2 2.75418E-2 2.70013E-2 2.65047E-2 2.09627E-2 1.72514E-2
1.49912E-2 1.58813E-2 1.61597E-2 1.60471E-2 1.48049E-2 1.57758E-2 1.63875E-2 1.72181E-2 1.91193E-2 2.04063E-2 2.11676E-2 2.11648E-2 2.25438E-2 2.41891E-2 2.47337E-2 2.62588E-2 2.77558E-2 2.81933E-2 2.77526E-2 2.71422E-2 2.78202E-2 2.91533E-2 2.90054E-2 3.11215E-2 3.03663E-2 2.95396E-2 2.86779E-2 2.87193E-2 2.86547E-2 2.63862E-2 2.53455E-2 2.69495E-2 3.0074E-2 3.11623E-2 3.32038E-2 4.10955E-2 4.18038E-2 4.14804E-2 4.16404E-2 4.24169E-2 4.18244E-2 3.88521E-2 3.49548E-2 3.18732E-2 2.8707E-2 2.83361E-2 2.93207E-2 2.90565E-2 2.83997E-2 2.73377E-2 2.69698E-2 2.72146E-2 2.83706E-2 2.82892E-2 2.8473E-2 2.72868E-2 2.57899E-2 2.49428E-2 2.26676E-2 1.91718E-2 1.69241E-2
1.47754E-2 1.54565E-2 1.63324E-2 1.66171E-2 1.64399E-2 1.6707E-2 1.70742E-2 1.7874E-2 1.95719E-2 2.03576E-2 2.09575E-2 2.14438E-2 2.22927E-2 2.4103E-2 2.45906E-2 2.55548E-2 2.72537E-2 2.72628E-2 3.51674E-2 3.9252E-2 3.84096E-2 4.13031E-2 4.48393E-2 4.33317E-2 4.21428E-2 4.10143E-2 3.41285E-2 3.19485E-2 3.38307E-2 3.82955E-2 3.94768E-2 4.11932E-2 4.08988E-2 3.73759E-2 3.47605E-2 3.25679E-2 3.37846E-2 3.4668E-2 3.27305E-2 3.64976E-2 3.41901E-2 3.31429E-2 3.31315E-2 3.68328E-2 3.10988E-2 3.90163E-2 4.5251E-2 5.43319E-2 4.82448E-2 4.2843E-2 4.10722E-2 3.25816E-2 3.20184E-2 3.20832E-2 3.14773E-2 3.06119E-2 2.94003E-2 2.66246E-2 2.37827E-2 2.13258E-2 2.09289E-2
1.44267E-2 1.50536E-2 1.61255E-2 1.6257E-2 1.62877E-2 1.64942E-2 1.7058E-2 1.8154E-2 1.94867E-2 2.06673E-2 2.05204E-2 2.19375E-2 2.30816E-2 2.83419E-2 2.89817E-2 3.06015E-2 3.0425E-2 3.93686E-2 5.11392E-2 5.8198E-2 5.70801E-2 4.95143E-2 3.65581E-2 3.81247E-2 4.67951E-2 4.17393E-2 3.48027E-2 3.24095E-2 3.09648E-2 3.37737E-2 4.92638E-2 5.45366E-2 5.62493E-2 5.6507E-2 5.72084E-2 5.45976E-2 5.44803E-2 4.89907E-2 4.5556E-2 4.77792E-2 4.35727E-2 3.51337E-2 3.48071E-2 3.55815E-2 3.87609E-2 3.83615E-2 5.16517E-2 7.83253E-2 8.03327E-2 8.0693E-2 8.3196E-2 7.25273E-2 3.85527E-2 3.72664E-2 3.76565E-2 3.64093E-2 3.31513E-2 2.96905E-2 2.73545E-2 2.59363E-2 2.516E-2
1.54447E-2 1.53286E-2 1.57105E-2 1.67328E-2 1.66088E-2 1.70846E-2 1.74567E-2 1.82521E-2 1.98692E-2 2.10507E-2 2.1528E-2 2.3621E-2 2.93849E-2 3.83361E-2 3.83781E-2 3.53671E-2 3.93546E-2 5.37825E-2 5.69744E-2 5.81066E-2 5.67725E-2 5.29648E-2 4.08608E-2 4.85284E-2 5.08791E-2 3.92845E-2 3.36093E-2 3.25701E-2 3.21218E-2 3.1588E-2 3.25339E-2 4.14383E-2 5.13932E-2 5.69222E-2 5.7013E-2 5.77403E-2 5.92985E-2 5.98001E-2 5.76112E-2 6.37333E-2 6.64514E-2 6.64352E-2 5.84414E-2 4.76613E-2 4.60912E-2 4.85779E-2 7.45998E-2 7.81364E-2 8.55091E-2 8.84177E-2 9.02948E-2 9.18067E-2 6.93003E-2 4.5194E-2 4.28537E-2 4.18796E-2 3.72801E-2 3.49106E-2 3.20297E-2 2.97045E-2 3.02937E-2
1.6171E-2 1.60998E-2 1.63858E-2 1.67483E-2 1.76468E-2 1.82775E-2 1.83488E-2 1.92675E-2 2.07746E-2 2.21469E-2 2.28204E-2 2.62167E-2 3.64595E-2 3.99464E-2 3.43231E-2 3.93245E-2 4.96972E-2 5.58697E-2 5.78562E-2 5.82392E-2 5.25731E-2 5.14909E-2 5.60932E-2 5.50843E-2 5.04869E-2 4.10584E-2 3.59998E-2 3.42441E-2 3.47489E-2 3.17928E-2 3.3491E-2 3.27513E-2 3.4141E-2 4.02871E-2 4.70319E-2 5.4171E-2 5.76041E-2 5.93368E-2 6.19976E-2 6.37128E-2 6.70801E-2 7.03183E-2 7.3344E-2 7.66978E-2 7.20763E-2 6.38231E-2 7.96581E-2 8.43248E-2 9.00897E-2 9.21681E-2 9.4722E-2 9.44182E-2 9.15102E-2 6.53633E-2 4.48496E-2 4.72583E-2 4.13256E-2 3.83878E-2 3.59787E-2 3.45665E-2 3.55556E-2
1.56567E-2 1.56509E-2 1.67516E-2 1.75061E-2 1.90155E-2 1.99573E-2 2.05271E-2 2.11244E-2 2.22368E-2 2.44537E-2 2.72152E-2 3.46526E-2 3.82337E-2 3.3244E-2 3.91957E-2 4.79599E-2 5.25786E-2 5.57262E-2 5.73414E-2 5.55296E-2 5.6612E-2 5.65519E-2 4.951E-2 4.81821E-2 4.02388E-2 3.79561E-2 3.59725E-2 3.40549E-2 3.24338E-2 3.15178E-2 3.11426E-2 3.12934E-2 3.1433E-2 3.23933E-2 3.55148E-2 4.04414E-2 5.27771E-2 5.83996E-2 6.12075E-2 6.34273E-2 6.62486E-2 7.08436E-2 7.37604E-2 7.71786E-2 8.09322E-2 6.74597E-2 5.97163E-2 6.62641E-2 7.90303E-2 9.12611E-2 9.27992E-2 9.36533E-2 9.35351E-2 8.92629E-2 6.02611E-2 5.16256E-2 4.43328E-2 4.62011E-2 4.42699E-2 4.13197E-2 3.90592E-2
1.62984E-2 1.65042E-2 1.84364E-2 1.98061E-2 2.19056E-2 2.11223E-2 2.1332E-2 2.23577E-2 2.37776E-2 2.83109E-2 3.71082E-2 4.20878E-2 3.27616E-2 3.65052E-2 4.87068E-2 5.18552E-2 5.38601E-2 5.71242E-2 5.86333E-2 4.87892E-2 5.17668E-2 5.09199E-2 4.39894E-2 4.69805E-2 3.87921E-2 3.62944E-2 3.3669E-2 3.12443E-2 3.19761E-2 3.10172E-2 3.1256E-2 3.15868E-2 3.17751E-2 3.35016E-2 3.54022E-2 3.96589E-2 4.62906E-2 5.78201E-2 6.08877E-2 6.31418E-2 6.55447E-2 7.00702E-2 7.34081E-2 7.67335E-2 8.05006E-2 7.95451E-2 6.81536E-2 5.84015E-2 6.77305E-2 8.86054E-2 9.31738E-2 9.58126E-2 9.56317E-2 9.32277E-2 9.2479E-2 6.83157E-2 5.24537E-2 5.0488E-2 5.3079E-2 4.61383E-2 4.03281E-2
