maxent_outputs/red_flowers_troch_bombus_environ/red_35.asc
ncols         426
nrows         180
xllcorner     -130.0
yllcorner     24.0
cellsize      0.16666666666666666
NODATA_value  -9999
[rows 108 to 134 of 180, columns 122 to 182 of 426]
1.97374E-2 2.0147E-2 1.77912E-2 1.68121E-2 1.94346E-2 2.37935E-2 2.16532E-2 2.07276E-2 1.90961E-2 1.79482E-2 1.57846E-2 1.47798E-2 1.47855E-2 1.19294E-2 1.14037E-2 1.1176E-2 1.41102E-2 1.52944E-2 1.60091E-2 1.49875E-2 2.18244E-2 1.99489E-2 2.33147E-2 1.90651E-2 1.59046E-2 2.59534E-2 2.72667E-2 2.76074E-2 3.18864E-2 2.9507E-2 3.65023E-2 4.42956E-2 4.06023E-2 3.39904E-2 4.75497E-2 5.50036E-2 5.09076E-2 5.11643E-2 5.65689E-2 5.73759E-2 5.86651E-2 6.10137E-2 6.4295E-2 6.31395E-2 6.1579E-2 5.96184E-2 6.69184E-2 6.74689E-2 7.22288E-2 8.04272E-2 8.496E-2 8.78665E-2 8.67347E-2 9.54012E-2 1.00314E-1 1.00223E-1 9.65828E-2 9.44359E-2 9.55952E-2 9.37485E-2 9.5012E-2
1.75619E-2 1.60665E-2 1.65059E-2 1.83529E-2 2.18191E-2 1.9686E-2 2.13231E-2 2.1567E-2 1.90506E-2 1.68803E-2 1.47233E-2 1.42901E-2 1.47479E-2 1.67463E-2 1.73132E-2 1.54887E-2 1.91069E-2 2.27633E-2 2.17893E-2 2.38371E-2 2.36192E-2 2.04038E-2 2.5311E-2 2.30624E-2 2.00061E-2 3.0213E-2 2.87351E-2 2.5154E-2 2.70412E-2 3.1514E-2 4.32514E-2 5.4264E-2 5.45882E-2 4.95445E-2 5.58061E-2 5.72008E-2 5.18145E-2 5.12742E-2 5.60054E-2 6.32038E-2 6.39634E-2 6.9311E-2 7.10824E-2 7.07255E-2 6.45403E-2 6.36992E-2 7.4938E-2 8.12677E-2 8.83653E-2 9.31804E-2 9.13509E-2 8.85163E-2 8.62585E-2 8.61861E-2 8.69145E-2 9.5037E-2 9.36309E-2 9.58379E-2 9.51273E-2 9.46526E-2 9.89986E-2
1.79182E-2 1.75922E-2 1.60285E-2 1.76233E-2 1.59691E-2 1.70084E-2 1.90823E-2 1.77614E-2 1.7909E-2 1.95333E-2 1.67355E-2 1.59975E-2 1.60252E-2 1.8868E-2 2.23702E-2 2.12802E-2 2.38731E-2 2.97833E-2 2.61733E-2 2.60871E-2 2.29311E-2 1.91819E-2 2.33996E-2 2.71015E-2 2.7513E-2 3.05298E-2 3.17121E-2 2.55558E-2 2.67209E-2 3.26539E-2 5.06054E-2 5.17385E-2 4.83267E-2 5.1289E-2 6.65513E-2 6.55582E-2 5.61384E-2 5.62157E-2 5.63408E-2 6.41362E-2 6.53603E-2 7.37243E-2 7.68344E-2 7.73841E-2 7.6409E-2 7.62931E-2 8.00045E-2 8.65999E-2 8.42557E-2 8.71111E-2 8.4038E-2 8.72185E-2 8.35683E-2 8.24053E-2 8.0879E-2 8.88159E-2 9.43579E-2 9.60519E-2 9.58737E-2 9.86082E-2 9.89914E-2
2.12189E-2 2.06909E-2 2.02213E-2 2.29121E-2 1.9329E-2 1.73153E-2 1.85556E-2 1.78073E-2 1.82526E-2 1.77864E-2 1.78222E-2 1.82727E-2 1.82609E-2 1.47491E-2 2.47429E-2 2.48989E-2 2.53425E-2 2.73645E-2 2.74592E-2 3.01826E-2 2.62291E-2 2.48666E-2 2.19455E-2 2.35921E-2 2.60833E-2 3.64117E-2 4.21803E-2 4.55898E-2 4.06082E-2 4.69783E-2 5.46766E-2 5.71805E-2 5.85828E-2 6.38759E-2 7.98047E-2 7.62419E-2 6.80359E-2 6.4642E-2 6.19353E-2 6.61668E-2 7.02416E-2 7.46031E-2 7.95394E-2 8.66697E-2 8.92727E-2 8.99675E-2 8.76737E-2 8.35216E-2 7.60715E-2 7.81668E-2 7.8124E-2 7.83892E-2 8.83677E-2 8.91228E-2 9.07517E-2 9.52932E-2 9.69594E-2 9.65015E-2 9.78328E-2 9.91598E-2 1.02748E-1
2.37481E-2 2.24189E-2 2.18004E-2 2.0429E-2 1.78306E-2 1.79276E-2 1.73799E-2 1.82229E-2 1.8614E-2 2.01583E-2 1.79979E-2 2.06243E-2 2.46061E-2 2.38272E-2 2.6312E-2 2.53608E-2 2.50716E-2 2.90663E-2 3.51358E-2 3.15804E-2 2.66816E-2 2.25468E-2 2.16022E-2 2.02574E-2 2.82076E-2 3.91051E-2 4.22269E-2 4.18805E-2 4.1316E-2 4.32731E-2 5.1863E-2 6.0344E-2 6.35162E-2 6.72843E-2 7.77519E-2 7.12199E-2 6.45792E-2 6.40587E-2 6.28349E-2 6.34853E-2 6.67794E-2 6.32797E-2 6.00274E-2 6.41794E-2 7.08081E-2 7.95069E-2 8.98109E-2 7.94946E-2 6.82333E-2 7.11849E-2 7.70624E-2 8.23331E-2 8.9392E-2 9.83772E-2 9.97594E-2 1.02862E-1 1.11276E-1 1.06912E-1 1.01758E-1 1.02154E-1 1.03966E-1
2.35201E-2 2.35822E-2 2.3626E-2 1.9955E-2 1.97971E-2 2.06805E-2 1.85463E-2 1.42604E-2 1.69439E-2 2.001E-2 2.32303E-2 2.32634E-2 2.67686E-2 2.71316E-2 2.5933E-2 2.83592E-2 2.63182E-2 3.45558E-2 4.24416E-2 3.3365E-2 2.31062E-2 2.18885E-2 2.15718E-2 1.96729E-2 2.85988E-2 3.37585E-2 3.80488E-2 3.91603E-2 4.68399E-2 5.00289E-2 5.33404E-2 5.96207E-2 6.48687E-2 6.68017E-2 7.05607E-2 7.04207E-2 6.79074E-2 6.57327E-2 6.19138E-2 6.65127E-2 6.28629E-2 5.57658E-2 5.73993E-2 5.96663E-2 6.17371E-2 6.62916E-2 7.53398E-2 7.69459E-2 7.28283E-2 7.84551E-2 8.37395E-2 9.4047E-2 9.69681E-2 1.0219E-1 1.05951E-1 1.15696E-1 1.21205E-1 1.11372E-1 1.07525E-1 1.00341E-1 1.05876E-1
2.578E-2 2.56121E-2 2.39448E-2 2.21976E-2 2.04641E-2 1.93764E-2 1.79342E-2 1.43165E-2 1.37363E-2 1.86123E-2 2.48189E-2 2.31453E-2 2.54407E-2 2.73525E-2 2.49078E-2 2.85712E-2 2.71326E-2 3.11777E-2 3.02498E-2 3.20585E-2 2.57388E-2 2.20732E-2 2.17461E-2 2.29689E-2 2.52E-2 3.34473E-2 3.89399E-2 4.22165E-2 4.68756E-2 5.66761E-2 5.51355E-2 5.23806E-2 5.22025E-2 5.7264E-2 6.46677E-2 6.59369E-2 6.69387E-2 6.05233E-2 5.82798E-2 5.91282E-2 5.60498E-2 5.75901E-2 5.62925E-2 6.04923E-2 6.27345E-2 7.07186E-2 7.62688E-2 8.1529E-2 1.06074E-1 1.05149E-1 1.03385E-1 1.07323E-1 1.07682E-1 1.13E-1 1.18028E-1 1.23651E-1 1.28836E-1 1.16099E-1 1.17292E-1 1.11596E-1 1.04651E-1
2.56716E-2 2.47263E-2 2.31188E-2 2.33334E-2 2.07979E-2 1.72234E-2 1.45913E-2 1.3592E-2 1.57561E-2 1.59451E-2 1.87687E-2 1.84445E-2 2.09821E-2 2.87474E-2 2.91538E-2 3.21475E-2 2.84286E-2 3.0982E-2 3.07496E-2 3.49823E-2 2.57092E-2 2.14339E-2 2.16082E-2 2.21498E-2 2.46154E-2 2.85127E-2 3.65853E-2 4.09203E-2 4.22268E-2 4.99082E-2 6.12477E-2 5.55981E-2 5.58621E-2 5.35311E-2 4.85704E-2 4.67714E-2 4.70592E-2 4.92992E-2 5.23812E-2 5.42775E-2 5.63349E-2 5.98767E-2 6.13693E-2 6.3531E-2 6.65765E-2 6.76722E-2 7.08866E-2 7.08363E-2 7.96999E-2 1.1031E-1 1.34069E-1 1.20952E-1 1.26105E-1 1.29713E-1 1.37404E-1 1.31095E-1 1.32785E-1 1.36616E-1 1.26781E-1 1.1702E-1 1.05055E-1
2.9175E-2 2.61291E-2 2.44637E-2 2.35597E-2 2.08495E-2 1.96366E-2 1.69337E-2 1.56075E-2 1.48711E-2 1.32942E-2 1.72912E-2 2.22427E-2 2.47597E-2 2.88341E-2 3.1263E-2 3.0793E-2 2.87062E-2 2.81087E-2 3.09068E-2 3.59668E-2 2.52973E-2 2.50475E-2 2.54128E-2 2.44698E-2 2.63072E-2 2.74252E-2 3.22635E-2 3.84336E-2 4.11742E-2 4.80301E-2 5.28398E-2 5.87013E-2 5.81407E-2 5.78025E-2 5.75375E-2 5.18994E-2 5.0022E-2 5.45451E-2 5.74793E-2 5.73064E-2 5.77263E-2 6.06332E-2 6.30261E-2 6.37088E-2 6.65964E-2 7.07961E-2 7.06325E-2 7.8155E-2 8.40768E-2 1.08496E-1 1.3574E-1 1.44625E-1 1.44866E-1 1.4521E-1 1.42524E-1 1.43021E-1 1.46918E-1 1.44673E-1 1.3237E-1 1.19878E-1 1.144E-1
3.04304E-2 3.11519E-2 2.80068E-2 2.34822E-2 2.01814E-2 1.77211E-2 1.75974E-2 1.60596E-2 1.46769E-2 1.40904E-2 2.01819E-2 2.36973E-2 2.67171E-2 2.99967E-2 3.24509E-2 3.64572E-2 3.07604E-2 2.75122E-2 3.3112E-2 3.25596E-2 2.6485E-2 2.43084E-2 2.81798E-2 2.84225E-2 2.97036E-2 3.43246E-2 3.44675E-2 3.64688E-2 4.0635E-2 4.63807E-2 4.86288E-2 5.46576E-2 6.09693E-2 6.0798E-2 6.25384E-2 5.80918E-2 5.50886E-2 5.63114E-2 6.13447E-2 5.92574E-2 5.84158E-2 6.13033E-2 6.36651E-2 6.58955E-2 6.83485E-2 7.50769E-2 7.80604E-2 8.14998E-2 8.55127E-2 9.06631E-2 9.88174E-2 1.40627E-1 1.51498E-1 1.49065E-1 1.48012E-1 1.47974E-1 1.45196E-1 1.34181E-1 1.30516E-1 1.24573E-1 1.17657E-1
2.55567E-2 2.78408E-2 2.59286E-2 2.15046E-2 1.91842E-2 1.67451E-2 1.53151E-2 1.63028E-2 1.45004E-2 1.50724E-2 2.08963E-2 2.12135E-2 2.02249E-2 2.58981E-2 3.3154E-2 3.28796E-2 3.31474E-2 3.01253E-2 3.51284E-2 3.17464E-2 2.95151E-2 2.62863E-2 2.86548E-2 3.14714E-2 3.35029E-2 3.90099E-2 3.80524E-2 3.82327E-2 4.1441E-2 4.83148E-2 5.06406E-2 5.76958E-2 6.31191E-2 6.42117E-2 6.14296E-2 6.43274E-2 6.39348E-2 6.04751E-2 5.92223E-2 5.9293E-2 6.04596E-2 6.34796E-2 6.7175E-2 7.14741E-2 7.59419E-2 8.1423E-2 8.62364E-2 9.28464E-2 9.64986E-2 9.66789E-2 1.0554E-1 1.49183E-1 1.52096E-1 1.46881E-1 1.39632E-1 1.42982E-1 1.53159E-1 1.40716E-1 1.29192E-1 1.24258E-1 1.19911E-1
2.07805E-2 2.40176E-2 2.38136E-2 1.961E-2 1.63655E-2 1.66023E-2 1.7118E-2 1.59302E-2 1.83343E-2 1.69632E-2 1.86344E-2 1.6702E-2 1.71752E-2 2.23386E-2 2.98533E-2 3.65371E-2 3.80078E-2 3.66148E-2 3.55488E-2 2.9622E-2 3.24333E-2 2.87148E-2 2.95248E-2 2.98296E-2 3.32586E-2 4.03834E-2 4.26614E-2 4.29699E-2 4.51325E-2 4.74188E-2 5.23081E-2 5.70571E-2 5.85429E-2 6.0703E-2 6.08747E-2 6.19833E-2 6.53126E-2 6.49484E-2 6.8408E-2 6.93036E-2 6.84759E-2 6.7354E-2 6.90666E-2 7.60263E-2 7.83942E-2 8.5774E-2 9.26038E-2 9.6368E-2 1.02116E-1 1.04151E-1 1.05276E-1 1.27644E-1 1.52254E-1 1.44729E-1 1.4586E-1 1.42062E-1 1.40659E-1 1.31899E-1 1.27789E-1 1.20721E-1 1.25737E-1
2.35928E-2 1.49784E-2 1.7624E-2 2.14017E-2 1.80993E-2 1.77281E-2 1.80957E-2 1.69154E-2 1.61645E-2 1.4693E-2 1.61702E-2 1.75221E-2 2.25957E-2 3.05253E-2 3.76874E-2 4.31818E-2 4.0014E-2 3.58319E-2 3.17558E-2 3.27294E-2 3.51416E-2 3.48772E-2 3.1226E-2 3.37383E-2 3.46766E-2 3.55252E-2 3.94515E-2 4.60302E-2 4.98534E-2 5.06042E-2 5.29267E-2 5.6145E-2 5.798E-2 5.88112E-2 5.85705E-2 6.18154E-2 6.34742E-2 6.38086E-2 6.49698E-2 6.52405E-2 6.63308E-2 6.98803E-2 7.28823E-2 7.84867E-2 8.20174E-2 8.75583E-2 9.95354E-2 1.01312E-1 1.05348E-1 1.06392E-1 1.08812E-1 1.17527E-1 1.35802E-1 1.41413E-1 1.40235E-1 1.42274E-1 1.37496E-1 1.36539E-1 1.29976E-1 1.33558E-1 1.35473E-1
2.71093E-2 2.19897E-2 2.11293E-2 2.42103E-2 2.31602E-2 2.36714E-2 2.0956E-2 1.92955E-2 1.5148E-2 1.67419E-2 1.85592E-2 2.04273E-2 2.46403E-2 3.72856E-2 4.11504E-2 4.19051E-2 3.70397E-2 3.32688E-2 3.16344E-2 4.1847E-2 4.22039E-2 4.00174E-2 3.98142E-2 4.13575E-2 3.86677E-2 4.11395E-2 4.48924E-2 4.91826E-2 5.25344E-2 5.58319E-2 5.75703E-2 5.50184E-2 5.84978E-2 5.89556E-2 5.24159E-2 5.66786E-2 5.85178E-2 5.95582E-2 6.30386E-2 6.64346E-2 7.24784E-2 7.66716E-2 7.95771E-2 8.39593E-2 8.57677E-2 9.50582E-2 1.03379E-1 1.11887E-1 1.1635E-1 1.1E-1 1.15951E-1 1.1805E-1 1.3601E-1 1.3166E-1 1.33942E-1 1.32239E-1 1.31279E-1 1.38433E-1 1.45021E-1 1.41344E-1 1.4582E-1
3.5344E-2 3.44604E-2 3.50104E-2 3.20709E-2 3.1851E-2 2.56698E-2 1.85371E-2 1.54683E-2 1.64096E-2 1.63803E-2 1.52113E-2 2.39177E-2 3.16212E-2 4.70043E-2 4.85647E-2 4.18985E-2 3.8275E-2 3.65374E-2 3.42866E-2 5.12186E-2 4.94258E-2 4.80307E-2 5.04553E-2 4.08685E-2 3.48766E-2 4.29361E-2 4.72278E-2 5.68198E-2 5.9657E-2 6.00629E-2 6.26095E-2 5.43533E-2 5.85501E-2 5.96301E-2 5.77637E-2 5.63501E-2 5.76226E-2 6.11253E-2 6.36157E-2 6.58814E-2 7.67942E-2 8.31486E-2 8.31027E-2 8.51264E-2 9.14177E-2 1.02247E-1 1.3367E-1 1.2765E-1 1.26984E-1 1.18221E-1 1.18915E-1 1.34944E-1 1.33985E-1 1.3161E-1 1.32158E-1 1.29311E-1 1.31248E-1 1.44737E-1 1.44095E-1 1.48856E-1 1.53976E-1
4.4053E-2 4.36511E-2 4.67589E-2 3.96475E-2 3.69561E-2 3.15356E-2 2.14368E-2 1.60452E-2 1.82735E-2 1.87182E-2 1.97167E-2 2.86083E-2 3.95332E-2 5.53898E-2 5.16382E-2 5.3421E-2 4.5189E-2 4.58712E-2 4.78802E-2 6.32696E-2 6.34605E-2 6.18172E-2 5.40636E-2 3.7259E-2 3.80449E-2 4.7252E-2 4.81967E-2 6.03274E-2 6.81255E-2 6.57906E-2 7.07282E-2 6.22074E-2 6.13052E-2 5.95613E-2 6.42307E-2 6.26644E-2 6.19886E-2 6.57389E-2 6.92326E-2 6.9802E-2 7.46405E-2 8.10775E-2 8.66819E-2 8.86205E-2 9.65812E-2 1.0332E-1 1.13324E-1 1.2013E-1 1.28315E-1 1.43529E-1 1.34461E-1 1.34577E-1 1.24198E-1 1.27301E-1 1.40974E-1 1.39138E-1 1.40909E-1 1.48964E-1 1.52469E-1 1.52312E-1 1.56576E-1
5.68087E-2 4.96318E-2 6.15487E-2 5.20226E-2 4.51107E-2 3.66208E-2 2.83043E-2 2.38461E-2 2.34131E-2 2.20361E-2 2.53622E-2 3.46655E-2 4.72869E-2 5.16839E-2 5.74979E-2 5.98219E-2 4.84999E-2 5.19766E-2 6.62988E-2 6.68056E-2 6.50295E-2 6.58482E-2 6.0142E-2 4.06128E-2 3.69331E-2 4.0771E-2 4.76451E-2 5.7111E-2 7.07102E-2 7.26538E-2 7.18742E-2 6.89806E-2 6.67483E-2 6.44821E-2 7.01477E-2 6.27279E-2 6.4029E-2 6.95378E-2 7.37246E-2 7.66125E-2 8.10037E-2 8.56273E-2 8.59106E-2 9.34506E-2 1.02289E-1 1.05607E-1 1.12083E-1 1.15317E-1 1.1614E-1 1.37295E-1 1.40725E-1 1.34741E-1 1.2784E-1 1.36017E-1 1.44023E-1 1.51889E-1 1.57968E-1 1.67246E-1 1.60218E-1 1.59774E-1 1.59157E-1
7.97469E-2 8.14858E-2 7.8667E-2 4.98057E-2 3.6556E-2 3.82288E-2 3.9161E-2 3.60254E-2 3.05443E-2 2.679E-2 2.87089E-2 3.78855E-2 5.12671E-2 5.91279E-2 7.00003E-2 5.78624E-2 5.17652E-2 5.97006E-2 7.66279E-2 6.45918E-2 6.23141E-2 7.11484E-2 6.96349E-2 4.15995E-2 3.64162E-2 4.32171E-2 4.9952E-2 6.17758E-2 7.49966E-2 7.50304E-2 7.37165E-2 6.98195E-2 7.0659E-2 7.26068E-2 7.72386E-2 6.13884E-2 6.4345E-2 7.17219E-2 7.88386E-2 8.2166E-2 8.52286E-2 9.25459E-2 9.18326E-2 9.77811E-2 1.04673E-1 1.05056E-1 1.11492E-1 1.13932E-1 1.23132E-1 1.4916E-1 1.56332E-1 1.50666E-1 1.42497E-1 1.46057E-1 1.55102E-1 1.58306E-1 1.67431E-1 1.72164E-1 1.66512E-1 1.64128E-1 1.77176E-1
1.16668E-1 1.04332E-1 8.29959E-2 6.6861E-2 5.00664E-2 4.84727E-2 4.42697E-2 4.30517E-2 3.69202E-2 3.40748E-2 3.60045E-2 4.40225E-2 5.65602E-2 6.30962E-2 7.28747E-2 6.21347E-2 5.44865E-2 6.20448E-2 8.29333E-2 7.26544E-2 6.33391E-2 6.86952E-2 7.80576E-2 4.12531E-2 4.27313E-2 4.70232E-2 5.54037E-2 6.49696E-2 7.44448E-2 7.87476E-2 7.98625E-2 8.03572E-2 7.58489E-2 7.57695E-2 7.89348E-2 6.6212E-2 6.84277E-2 7.53614E-2 8.51637E-2 8.84643E-2 9.32216E-2 9.27271E-2 9.54411E-2 1.02205E-1 1.07679E-1 1.08677E-1 1.07078E-1 1.17511E-1 1.22181E-1 1.47963E-1 1.55696E-1 1.39848E-1 1.51074E-1 1.55928E-1 1.63098E-1 1.71201E-1 1.80033E-1 1.75728E-1 1.70741E-1 1.75899E-1 1.78345E-1
9.80525E-2 9.65182E-2 8.27208E-2 6.43506E-2 6.54248E-2 6.2481E-2 5.67864E-2 4.40949E-2 4.51284E-2 4.98256E-2 5.09429E-2 5.25393E-2 6.06341E-2 6.43844E-2 6.79496E-2 6.91702E-2 5.72728E-2 5.61356E-2 7.86997E-2 7.66648E-2 6.20635E-2 6.55572E-2 7.25244E-2 4.14092E-2 4.24205E-2 4.4119E-2 5.74345E-2 6.57701E-2 7.69457E-2 8.16296E-2 8.17761E-2 8.0767E-2 8.29184E-2 8.08236E-2 8.27191E-2 7.52447E-2 7.58831E-2 8.41917E-2 9.46046E-2 1.00328E-1 9.62052E-2 9.51144E-2 9.97372E-2 1.03917E-1 1.0639E-1 9.92809E-2 1.07664E-1 1.24879E-1 1.47558E-1 1.48865E-1 1.40448E-1 1.52698E-1 1.59241E-1 1.57053E-1 1.67998E-1 1.68249E-1 1.77944E-1 1.81564E-1 1.74126E-1 1.79045E-1 1.86213E-1
8.61102E-2 9.24481E-2 8.3336E-2 6.49424E-2 5.6794E-2 5.01038E-2 4.9742E-2 4.90087E-2 4.89994E-2 4.94071E-2 5.88834E-2 6.16326E-2 6.69516E-2 6.04213E-2 6.90098E-2 8.01048E-2 6.53691E-2 5.54749E-2 7.01287E-2 8.57101E-2 6.66524E-2 6.8399E-2 7.3086E-2 6.50928E-2 5.23536E-2 4.97025E-2 5.77232E-2 6.32428E-2 7.27562E-2 8.49616E-2 9.50679E-2 9.80179E-2 9.76574E-2 9.34632E-2 9.57914E-2 9.55545E-2 9.57553E-2 9.93039E-2 1.10013E-1 1.06201E-1 1.00855E-1 1.00781E-1 1.04718E-1 1.11652E-1 1.02819E-1 1.04307E-1 1.07772E-1 1.20049E-1 1.46101E-1 1.4911E-1 1.49812E-1 1.53515E-1 1.63454E-1 1.5434E-1 1.5455E-1 1.60321E-1 1.75027E-1 1.81673E-1 1.82405E-1 1.87338E-1 1.8414E-1
8.82801E-2 7.56545E-2 7.59087E-2 7.48084E-2 5.09589E-2 4.86925E-2 5.57404E-2 5.79518E-2 5.60889E-2 5.56848E-2 5.58696E-2 7.92524E-2 7.86123E-2 6.32303E-2 6.91581E-2 6.74049E-2 7.67107E-2 7.48815E-2 7.98381E-2 8.58668E-2 7.16365E-2 7.65842E-2 7.09987E-2 6.05833E-2 6.26462E-2 6.44536E-2 7.31255E-2 6.93488E-2 6.6494E-2 8.68421E-2 1.03708E-1 1.2615E-1 1.2109E-1 1.07086E-1 1.06741E-1 1.03949E-1 9.70844E-2 1.06903E-1 1.17792E-1 1.18581E-1 1.13649E-1 1.17763E-1 1.32867E-1 1.27083E-1 1.23351E-1 1.22227E-1 1.16442E-1 1.15366E-1 1.20632E-1 1.29474E-1 1.48667E-1 1.57561E-1 1.71618E-1 1.59222E-1 1.5019E-1 1.64716E-1 1.69645E-1 1.84736E-1 1.96878E-1 2.09026E-1 1.78248E-1
1.00374E-1 8.79521E-2 7.74114E-2 8.4827E-2 5.97112E-2 6.51662E-2 5.77447E-2 5.86012E-2 5.91204E-2 6.51122E-2 6.37022E-2 7.47151E-2 8.12675E-2 7.24211E-2 6.6321E-2 6.26836E-2 6.62847E-2 8.94938E-2 8.93875E-2 8.84371E-2 7.00819E-2 6.91629E-2 6.51828E-2 6.00177E-2 6.48105E-2 7.05441E-2 8.2735E-2 8.65052E-2 7.45865E-2 8.19484E-2 1.08537E-1 1.23157E-1 1.12141E-1 1.14671E-1 1.1171E-1 1.05279E-1 1.02633E-1 1.13823E-1 1.21337E-1 1.20334E-1 1.1859E-1 1.30396E-1 1.4381E-1 1.42303E-1 1.32003E-1 1.26279E-1 1.18167E-1 1.28106E-1 1.30333E-1 1.4519E-1 1.5621E-1 1.69167E-1 1.72904E-1 1.80531E-1 1.6143E-1 1.5341E-1 1.58739E-1 1.68511E-1 1.829E-1 1.861E-1 1.73528E-1
8.36214E-2 8.127E-2 8.3821E-2 7.57814E-2 6.95021E-2 6.9137E-2 6.69891E-2 5.93697E-2 5.97704E-2 6.5179E-2 6.64537E-2 7.55691E-2 1.13309E-1 8.39325E-2 7.62368E-2 7.81288E-2 6.98426E-2 7.61068E-2 8.6262E-2 7.53527E-2 6.66394E-2 7.3296E-2 6.39125E-2 5.9876E-2 7.15586E-2 7.76442E-2 8.11584E-2 8.58314E-2 7.78028E-2 7.80622E-2 1.13127E-1 1.01414E-1 9.72097E-2 1.01908E-1 1.11898E-1 1.05237E-1 1.07192E-1 1.15344E-1 1.24494E-1 1.24777E-1 1.3152E-1 1.47177E-1 1.58736E-1 1.64891E-1 1.435E-1 1.40946E-1 1.29204E-1 1.33484E-1 1.42058E-1 1.38874E-1 1.55596E-1 1.60872E-1 1.78657E-1 1.86712E-1 1.79329E-1 1.78488E-1 1.88767E-1 1.80355E-1 1.83541E-1 1.81515E-1 1.71088E-1
7.37143E-2 7.61733E-2 6.15539E-2 7.545E-2 7.68245E-2 6.70275E-2 7.56642E-2 7.79024E-2 7.51156E-2 8.23284E-2 8.53374E-2 1.01508E-1 9.73669E-2 8.53431E-2 8.69386E-2 9.31565E-2 7.89445E-2 7.08456E-2 1.02029E-1 1.01241E-1 6.82565E-2 7.33451E-2 6.26405E-2 6.02671E-2 6.72192E-2 8.22351E-2 8.60044E-2 8.94626E-2 9.24989E-2 9.84949E-2 1.02974E-1 9.69317E-2 1.01853E-1 1.02413E-1 1.07067E-1 1.12104E-1 1.11855E-1 1.26187E-1 1.33138E-1 1.35448E-1 1.36451E-1 1.64486E-1 1.7535E-1 1.91376E-1 1.74115E-1 1.64625E-1 1.55642E-1 1.57884E-1 1.49099E-1 1.42985E-1 1.45557E-1 1.52698E-1 1.57221E-1 1.72676E-1 1.97097E-1 2.02995E-1 2E-1 1.9197E-1 1.8444E-1 1.78299E-1 1.66567E-1
9.42759E-2 7.97881E-2 7.55102E-2 7.90455E-2 7.42733E-2 6.44044E-2 8.45972E-2 9.11361E-2 9.4676E-2 9.24815E-2 1.01361E-1 9.70709E-2 1.01895E-1 9.42129E-2 8.97353E-2 7.82567E-2 7.24478E-2 6.65806E-2 8.72916E-2 1.19381E-1 7.92173E-2 6.69924E-2 6.71984E-2 6.04714E-2 6.38486E-2 7.00265E-2 8.34182E-2 8.77463E-2 9.24559E-2 9.90008E-2 1.00486E-1 9.60117E-2 1.03568E-1 1.03396E-1 1.08681E-1 1.139E-1 1.19833E-1 1.25885E-1 1.34963E-1 1.41753E-1 1.43323E-1 1.55956E-1 1.81065E-1 1.8325E-1 1.84314E-1 1.80363E-1 1.70054E-1 1.6025E-1 1.50487E-1 1.49466E-1 1.52262E-1 1.60206E-1 1.6901E-1 1.76437E-1 1.80951E-1 1.99168E-1 2.06273E-1 2.03072E-1 1.87796E-1 1.75249E-1 1.63643E-1
9.82525E-2 1.01523E-1 8.86125E-2 8.10154E-2 6.25536E-2 7.30783E-2 8.83499E-2 9.04744E-2 9.88526E-2 9.31654E-2 1.16277E-1 1.13559E-1 1.09808E-1 9.8568E-2 8.33969E-2 7.84154E-2 7.31722E-2 7.1532E-2 7.28951E-2 8.3565E-2 8.41196E-2 6.503E-2 6.50576E-2 6.32776E-2 6.49437E-2 7.01465E-2 7.86071E-2 9.24746E-2 9.61344E-2 1.06972E-1 9.81628E-2 9.69542E-2 1.04716E-1 1.10886E-1 1.16852E-1 1.22164E-1 1.2611E-1 1.32351E-1 1.32751E-1 1.36E-1 1.39639E-1 1.59211E-1 1.62874E-1 1.69965E-1 1.84167E-1 1.81013E-1 1.69551E-1 1.63444E-1 1.5761E-1 1.58594E-1 1.67348E-1 1.71522E-1 1.77336E-1 1.89299E-1 1.92747E-1 1.95291E-1 1.92004E-1 1.94597E-1 1.92098E-1 1.9543E-1 1.85539E-1
