maxent_outputs/red_flowers_troch_bombus_environ/red_286.asc
ncols         426
nrows         180
xllcorner     -130.0
yllcorner     24.0
cellsize      0.16666666666666666
NODATA_value  -9999
[rows 0 to 26 of 180, columns 305 to 365 of 426]
1.31655E-3 1.34076E-3 1.40814E-3 1.44236E-3 1.53483E-3 1.57375E-3 1.66194E-3 1.71331E-3 1.75745E-3 1.79622E-3 1.87342E-3 1.90469E-3 1.96993E-3 2.01026E-3 2.07916E-3 2.18763E-3 2.26639E-3 2.18317E-3 2.26329E-3 2.26463E-3 2.27444E-3 2.31794E-3 2.36123E-3 2.33509E-3 2.26376E-3 2.22803E-3 2.21995E-3 2.26995E-3 2.23407E-3 2.27858E-3 2.32802E-3 2.32437E-3 2.2831E-3 2.27714E-3 2.40603E-3 2.37292E-3 2.38302E-3 2.31363E-3 2.28759E-3 2.26309E-3 2.32455E-3 2.19287E-3 2.14886E-3 2.15225E-3 2.1547E-3 2.07549E-3 2.05227E-3 2.03829E-3 2.00527E-3 2.03235E-3 2.05847E-3 2.05423E-3 2.06633E-3 2.05174E-3 2.09495E-3 2.14729E-3 2.19936E-3 2.23065E-3 2.19454E-3 2.18227E-3 2.24356E-3
1.35832E-3 1.37857E-3 1.46811E-3 1.50806E-3 1.50763E-3 1.55299E-3 1.64267E-3 1.75778E-3 1.7841E-3 1.90896E-3 1.99528E-3 2.14922E-3 2.27267E-3 2.32557E-3 2.27566E-3 2.2505E-3 2.35947E-3 2.33494E-3 2.42286E-3 2.43938E-3 2.44669E-3 2.51576E-3 2.58888E-3 2.57537E-3 2.56128E-3 2.47746E-3 2.38469E-3 2.33654E-3 2.36784E-3 2.38742E-3 2.38171E-3 2.42581E-3 2.4274E-3 2.38137E-3 2.44794E-3 2.36353E-3 2.35245E-3 2.3146E-3 2.36363E-3 2.40488E-3 2.42482E-3 2.33334E-3 2.23896E-3 2.23776E-3 2.21919E-3 2.13536E-3 2.1229E-3 2.12214E-3 2.0999E-3 2.11091E-3 2.19219E-3 2.13146E-3 2.13165E-3 2.18075E-3 2.15982E-3 2.24481E-3 2.32621E-3 2.28697E-3 2.25288E-3 2.30495E-3 2.31144E-3
1.63998E-3 1.404E-3 1.45014E-3 1.52819E-3 1.57371E-3 1.61469E-3 1.74826E-3 1.76516E-3 1.76874E-3 1.8061E-3 2.02209E-3 2.16087E-3 2.22993E-3 2.30416E-3 2.32897E-3 2.50944E-3 2.47047E-3 2.48684E-3 2.50298E-3 2.62376E-3 2.66722E-3 2.73383E-3 2.66075E-3 2.61406E-3 2.51451E-3 2.5182E-3 2.46572E-3 2.50117E-3 2.49577E-3 2.54689E-3 2.55455E-3 2.53451E-3 2.51581E-3 2.47927E-3 2.44695E-3 2.50801E-3 2.47522E-3 2.39995E-3 2.44518E-3 2.59602E-3 2.48767E-3 2.45284E-3 2.39029E-3 2.34176E-3 2.28238E-3 2.31911E-3 2.25822E-3 2.25088E-3 2.16768E-3 2.20564E-3 2.20796E-3 2.1776E-3 2.24227E-3 2.25939E-3 2.29695E-3 2.35722E-3 2.38361E-3 2.3411E-3 2.36808E-3 2.44753E-3 2.44382E-3
1.44273E-3 1.45033E-3 1.50086E-3 1.54152E-3 1.60323E-3 1.68598E-3 1.81408E-3 1.85583E-3 1.92492E-3 1.94786E-3 1.99575E-3 2.08594E-3 2.09336E-3 2.21118E-3 2.38096E-3 2.54164E-3 2.46422E-3 2.48945E-3 2.57775E-3 2.70178E-3 2.73852E-3 2.77736E-3 2.74671E-3 2.69745E-3 2.63053E-3 2.68034E-3 2.64096E-3 2.63856E-3 2.63882E-3 2.71032E-3 2.73483E-3 2.62194E-3 2.64182E-3 2.61625E-3 2.68772E-3 2.69134E-3 2.59715E-3 2.62716E-3 2.67485E-3 2.7817E-3 2.64265E-3 2.58972E-3 2.49687E-3 2.50016E-3 2.39681E-3 2.38331E-3 2.50995E-3 2.40009E-3 2.28832E-3 2.27766E-3 2.23136E-3 2.26468E-3 2.27996E-3 2.37782E-3 2.46365E-3 2.53017E-3 2.49708E-3 2.5508E-3 2.5836E-3 2.60743E-3 2.57924E-3
2.77833E-3 1.508E-3 1.58834E-3 1.63554E-3 1.70415E-3 1.73153E-3 1.8363E-3 1.90295E-3 2.02739E-3 2.05479E-3 2.10521E-3 2.14429E-3 2.15687E-3 2.32681E-3 2.55996E-3 2.4615E-3 2.5263E-3 2.64149E-3 2.70233E-3 2.75683E-3 2.82936E-3 2.83258E-3 2.83595E-3 2.81546E-3 2.78025E-3 2.86002E-3 2.81981E-3 2.72833E-3 2.79334E-3 2.77391E-3 2.7577E-3 2.81219E-3 2.78471E-3 2.75423E-3 2.72998E-3 2.70799E-3 2.70573E-3 2.69417E-3 2.75002E-3 2.80025E-3 2.80225E-3 2.77686E-3 2.64644E-3 2.64159E-3 2.56521E-3 2.57426E-3 2.57744E-3 2.50512E-3 2.40152E-3 2.46354E-3 2.35266E-3 2.44625E-3 2.51032E-3 2.56372E-3 2.7035E-3 2.69606E-3 2.71525E-3 2.72313E-3 2.81329E-3 2.76242E-3 2.76552E-3
3.19468E-3 1.5249E-3 1.6001E-3 1.6923E-3 1.78865E-3 1.81965E-3 1.91104E-3 2.00155E-3 2.08997E-3 2.17388E-3 2.19879E-3 2.27067E-3 2.2826E-3 2.45829E-3 2.52089E-3 2.5924E-3 2.64461E-3 2.74619E-3 2.80208E-3 2.82514E-3 3.00682E-3 2.97648E-3 2.92318E-3 2.96386E-3 2.94468E-3 2.92084E-3 2.79189E-3 2.86588E-3 2.86039E-3 2.80737E-3 2.89508E-3 2.85427E-3 2.77225E-3 2.82744E-3 2.79719E-3 2.86358E-3 2.83607E-3 2.79624E-3 2.88075E-3 2.92392E-3 2.93389E-3 2.92749E-3 2.94981E-3 2.86429E-3 2.7499E-3 2.65752E-3 2.63332E-3 2.5796E-3 2.5132E-3 2.5036E-3 2.49415E-3 2.48864E-3 2.5594E-3 2.61527E-3 2.8296E-3 2.75302E-3 2.81947E-3 2.91293E-3 2.92585E-3 2.90246E-3 2.96392E-3
1.0791E-2 1.77418E-3 1.59117E-3 1.64081E-3 1.81382E-3 1.89851E-3 1.96018E-3 2.07676E-3 2.14653E-3 2.19703E-3 2.281E-3 2.37644E-3 2.39684E-3 2.50592E-3 2.58705E-3 2.62098E-3 2.69493E-3 2.80729E-3 2.8875E-3 2.94197E-3 3.01718E-3 3.02618E-3 3.02965E-3 3.09524E-3 3.04501E-3 3.14286E-3 3.04854E-3 3.03683E-3 3.1312E-3 3.10393E-3 3.10748E-3 3.07485E-3 2.95089E-3 2.93758E-3 2.99496E-3 3.07709E-3 3.0849E-3 3.05032E-3 3.15408E-3 3.19155E-3 3.19534E-3 3.08463E-3 2.99166E-3 2.93248E-3 2.95452E-3 2.81025E-3 2.72762E-3 2.70827E-3 2.61943E-3 2.62205E-3 2.76352E-3 2.74961E-3 2.65663E-3 2.76632E-3 2.855E-3 2.90635E-3 2.97347E-3 2.9445E-3 2.95201E-3 3.06734E-3 3.12575E-3
1.09434E-2 2.37791E-3 1.64323E-3 1.71586E-3 1.89464E-3 1.90319E-3 2.0056E-3 2.09168E-3 2.19765E-3 2.3679E-3 2.38593E-3 2.3849E-3 2.48878E-3 2.57787E-3 2.70839E-3 2.80399E-3 2.88318E-3 2.94612E-3 2.97614E-3 3.07253E-3 3.20182E-3 3.22718E-3 3.26242E-3 3.23123E-3 3.32118E-3 3.44861E-3 3.21416E-3 3.18802E-3 3.2754E-3 3.30455E-3 3.31115E-3 3.26838E-3 3.17372E-3 3.13711E-3 3.28055E-3 3.39977E-3 3.39725E-3 3.3583E-3 3.30877E-3 3.26941E-3 3.23497E-3 3.14151E-3 3.13215E-3 3.01342E-3 3.02639E-3 2.99417E-3 2.88906E-3 2.83957E-3 2.74249E-3 2.73384E-3 2.77594E-3 2.84001E-3 2.81184E-3 2.83612E-3 2.89338E-3 3.07002E-3 3.07836E-3 3.1462E-3 3.2358E-3 3.18578E-3 3.25252E-3
1.06283E-2 1.06392E-2 1.67482E-3 1.69037E-3 1.89669E-3 1.9865E-3 2.09011E-3 2.10781E-3 2.32522E-3 2.37108E-3 2.44345E-3 2.52111E-3 2.60267E-3 2.63482E-3 2.69524E-3 3.0044E-3 3.04815E-3 3.18089E-3 3.11056E-3 3.19998E-3 3.25769E-3 3.32176E-3 3.32058E-3 3.41134E-3 3.41172E-3 3.39167E-3 3.26913E-3 3.28977E-3 3.45238E-3 3.42894E-3 3.31415E-3 3.36871E-3 3.39935E-3 3.50605E-3 3.54797E-3 3.5806E-3 3.54922E-3 3.48227E-3 3.44514E-3 3.46199E-3 3.46622E-3 3.3408E-3 3.31482E-3 3.23395E-3 3.19993E-3 3.09873E-3 3.02109E-3 2.95389E-3 2.99461E-3 2.89904E-3 3.0926E-3 3.11894E-3 3.00168E-3 3.16409E-3 3.14375E-3 3.12091E-3 3.15195E-3 3.36214E-3 3.42086E-3 3.5124E-3 3.44888E-3
1.06168E-2 -9999 2.24448E-3 1.85738E-3 1.92515E-3 2.09209E-3 2.16444E-3 2.19591E-3 2.34411E-3 2.44412E-3 2.52868E-3 2.59944E-3 2.61954E-3 2.78177E-3 2.94751E-3 3.12712E-3 3.13592E-3 3.15107E-3 3.29029E-3 3.34657E-3 3.45926E-3 3.50428E-3 3.4606E-3 3.43227E-3 3.35509E-3 3.40243E-3 3.52359E-3 3.4561E-3 3.57206E-3 3.59872E-3 3.4865E-3 3.44516E-3 3.57156E-3 3.69063E-3 3.56682E-3 3.60514E-3 3.76412E-3 3.70275E-3 3.67699E-3 3.63367E-3 3.77635E-3 3.70271E-3 3.6304E-3 3.6783E-3 3.46612E-3 3.34051E-3 3.39734E-3 3.30763E-3 3.29648E-3 3.38573E-3 3.57848E-3 3.64496E-3 3.6733E-3 3.69116E-3 3.40173E-3 3.39761E-3 3.36987E-3 3.49569E-3 3.65421E-3 3.77652E-3 3.74109E-3
1.0628E-2 -9999 -9999 1.89692E-3 2.09131E-3 2.1602E-3 2.23185E-3 2.33768E-3 2.49096E-3 2.56488E-3 2.60144E-3 2.68389E-3 2.76093E-3 2.82344E-3 2.95761E-3 3.09163E-3 3.05384E-3 3.16501E-3 3.26522E-3 3.35753E-3 3.4853E-3 3.58238E-3 3.56768E-3 3.46509E-3 3.50171E-3 3.49037E-3 3.56302E-3 3.60138E-3 3.64353E-3 3.6643E-3 3.56127E-3 3.68437E-3 3.67483E-3 3.84453E-3 3.90461E-3 3.86517E-3 3.86052E-3 3.89268E-3 4.11927E-3 4.01815E-3 4.02922E-3 4.05323E-3 3.9819E-3 4.02719E-3 3.86531E-3 3.95714E-3 3.73111E-3 3.55326E-3 3.57979E-3 3.54872E-3 3.69981E-3 3.72764E-3 3.59978E-3 3.59509E-3 3.57063E-3 3.58456E-3 3.54971E-3 3.66152E-3 3.75055E-3 3.87583E-3 3.92852E-3
1.88484E-3 4.2456E-3 2.47911E-3 2.22206E-3 2.27609E-3 2.34869E-3 2.41949E-3 2.59415E-3 2.66095E-3 2.7222E-3 2.7856E-3 2.84765E-3 2.95483E-3 2.91157E-3 2.99162E-3 3.03419E-3 3.08344E-3 3.28682E-3 3.48955E-3 3.58705E-3 3.57684E-3 3.64821E-3 3.64654E-3 3.71787E-3 3.70454E-3 3.681E-3 3.69923E-3 3.81318E-3 3.90199E-3 3.88923E-3 3.87011E-3 3.84678E-3 3.78775E-3 3.94367E-3 3.99671E-3 4.06333E-3 4.13394E-3 4.2672E-3 4.34974E-3 4.62105E-3 4.64259E-3 4.38736E-3 4.30078E-3 4.15084E-3 4.05778E-3 3.91805E-3 3.68456E-3 3.73251E-3 3.69289E-3 3.67567E-3 3.66604E-3 3.6389E-3 3.67099E-3 3.54505E-3 3.81322E-3 3.80106E-3 3.96351E-3 3.95333E-3 3.93662E-3 4.09858E-3 4.16476E-3
1.09549E-2 2.31755E-3 2.50649E-3 2.47919E-3 2.4285E-3 2.49647E-3 2.5192E-3 2.611E-3 2.7086E-3 2.72342E-3 2.89072E-3 2.92962E-3 2.98024E-3 2.94572E-3 3.0036E-3 3.0791E-3 3.17873E-3 3.38993E-3 3.53953E-3 3.65609E-3 3.81108E-3 3.80974E-3 3.79364E-3 3.87506E-3 3.82644E-3 3.93688E-3 4.02892E-3 3.99711E-3 3.97194E-3 3.93324E-3 3.90001E-3 4.0017E-3 3.97716E-3 4.13749E-3 4.03205E-3 4.16394E-3 4.29466E-3 4.47502E-3 4.77218E-3 4.77099E-3 4.77345E-3 4.74874E-3 4.50049E-3 4.30681E-3 4.22036E-3 4.02941E-3 3.76434E-3 3.78668E-3 3.87437E-3 3.7015E-3 3.90998E-3 3.95699E-3 3.79235E-3 3.85558E-3 3.88178E-3 4.07101E-3 4.10167E-3 4.14744E-3 4.0567E-3 4.12455E-3 4.32085E-3
2.99495E-3 2.52353E-3 2.65138E-3 2.64721E-3 2.66336E-3 2.60125E-3 2.70551E-3 2.84012E-3 2.8413E-3 2.89591E-3 2.9832E-3 3.06489E-3 3.11152E-3 3.1055E-3 3.22729E-3 3.30194E-3 3.41779E-3 3.6547E-3 3.77726E-3 3.97881E-3 3.92061E-3 4.01309E-3 3.97118E-3 3.92068E-3 4.01126E-3 4.08497E-3 4.2612E-3 4.25183E-3 4.18526E-3 4.20955E-3 4.282E-3 4.35595E-3 4.37655E-3 4.44376E-3 4.42546E-3 4.3318E-3 4.63326E-3 5.08585E-3 4.94318E-3 4.95962E-3 4.96041E-3 4.67624E-3 4.62883E-3 4.23437E-3 4.09544E-3 4.06319E-3 3.9456E-3 3.87145E-3 3.96718E-3 3.964E-3 3.99432E-3 3.92964E-3 3.8516E-3 3.99267E-3 4.25719E-3 4.09199E-3 4.18192E-3 4.57999E-3 4.53742E-3 4.29363E-3 4.68466E-3
3.30724E-3 2.66108E-3 2.96071E-3 2.74381E-3 2.72012E-3 2.75391E-3 2.84754E-3 2.95355E-3 2.97994E-3 3.04499E-3 3.12771E-3 3.22946E-3 3.23758E-3 3.35206E-3 3.40913E-3 3.46692E-3 3.54147E-3 3.55674E-3 3.79835E-3 3.88794E-3 4.08867E-3 4.13557E-3 4.10122E-3 4.23158E-3 4.13766E-3 4.19976E-3 4.20994E-3 4.17472E-3 4.30992E-3 4.36692E-3 4.43307E-3 4.54258E-3 4.64398E-3 4.81625E-3 4.69091E-3 4.55359E-3 4.92321E-3 4.84463E-3 4.82461E-3 4.92324E-3 4.98652E-3 4.91562E-3 4.79473E-3 4.69978E-3 4.54519E-3 4.4444E-3 4.12188E-3 4.1726E-3 4.17622E-3 4.31502E-3 4.12101E-3 4.15357E-3 4.2616E-3 4.19909E-3 4.32817E-3 4.31822E-3 4.41779E-3 4.67958E-3 4.60613E-3 4.66893E-3 5.43747E-3
2.97766E-3 3.26742E-3 3.1361E-3 3.00964E-3 2.9619E-3 3.00948E-3 3.03822E-3 3.15389E-3 3.21782E-3 3.25085E-3 3.36371E-3 3.35184E-3 3.40187E-3 3.54365E-3 3.55065E-3 3.64044E-3 3.72859E-3 3.78885E-3 3.9332E-3 4.00805E-3 4.1204E-3 4.3094E-3 4.37301E-3 4.57618E-3 4.45573E-3 4.38405E-3 4.33744E-3 4.30132E-3 4.37084E-3 4.32947E-3 4.41993E-3 4.55075E-3 4.67859E-3 4.91894E-3 4.68868E-3 4.70123E-3 4.99142E-3 4.8222E-3 4.94654E-3 5.16496E-3 5.22932E-3 5.04249E-3 5.02622E-3 4.77585E-3 4.81309E-3 4.50751E-3 4.50328E-3 4.35105E-3 4.30798E-3 4.22752E-3 4.38879E-3 4.42848E-3 4.52171E-3 4.31164E-3 4.42086E-3 4.46648E-3 4.4784E-3 4.75748E-3 4.89941E-3 4.95041E-3 5.72513E-3
3.10483E-3 3.29976E-3 3.23027E-3 3.1001E-3 3.16449E-3 3.28074E-3 3.32769E-3 3.28159E-3 3.35898E-3 3.43151E-3 3.46339E-3 3.51706E-3 3.55358E-3 3.65699E-3 3.65479E-3 3.69935E-3 3.83106E-3 3.91549E-3 4.03155E-3 4.20827E-3 4.31307E-3 4.44559E-3 4.55984E-3 4.42907E-3 4.56864E-3 4.57712E-3 4.54531E-3 4.62552E-3 4.63386E-3 4.64978E-3 4.6466E-3 4.61682E-3 4.58169E-3 4.77745E-3 4.96712E-3 5.56168E-3 5.477E-3 5.29323E-3 5.13141E-3 5.07433E-3 5.30788E-3 5.36689E-3 5.30627E-3 5.0567E-3 4.71601E-3 4.62238E-3 4.59765E-3 4.50213E-3 4.44043E-3 4.3017E-3 4.16641E-3 4.5282E-3 4.94217E-3 4.7693E-3 4.73794E-3 4.91859E-3 4.84004E-3 4.87532E-3 5.11758E-3 5.19358E-3 5.66217E-3
3.2412E-3 3.26962E-3 3.27706E-3 3.29009E-3 3.35834E-3 3.49136E-3 3.46203E-3 3.45778E-3 3.58738E-3 3.59791E-3 3.62698E-3 3.59346E-3 3.67095E-3 3.6809E-3 3.74106E-3 3.88202E-3 3.88637E-3 4.04938E-3 4.05832E-3 4.31872E-3 4.43398E-3 4.6072E-3 4.73765E-3 4.63422E-3 4.73742E-3 4.55624E-3 4.65872E-3 4.71143E-3 4.75797E-3 5.01585E-3 4.9306E-3 4.87949E-3 4.72282E-3 5.21138E-3 5.75229E-3 5.5075E-3 5.44422E-3 5.37737E-3 5.48973E-3 5.63989E-3 5.75722E-3 5.76219E-3 5.55906E-3 5.24488E-3 4.99867E-3 4.97001E-3 4.67258E-3 4.5879E-3 4.5546E-3 4.51268E-3 4.24384E-3 4.32179E-3 4.84983E-3 5.00163E-3 5.01371E-3 5.36935E-3 5.58712E-3 5.45564E-3 5.49971E-3 5.3465E-3 5.38234E-3
3.3531E-3 3.3378E-3 3.45335E-3 3.51118E-3 3.57205E-3 3.69126E-3 3.68031E-3 3.77814E-3 3.86095E-3 3.72702E-3 3.85068E-3 3.8784E-3 4.03185E-3 4.12291E-3 3.97738E-3 3.93986E-3 3.98329E-3 4.24123E-3 4.27152E-3 4.42836E-3 4.50907E-3 4.73621E-3 4.86097E-3 4.97003E-3 4.94671E-3 4.78528E-3 4.92813E-3 5.12059E-3 5.18418E-3 5.22956E-3 5.04739E-3 5.20642E-3 5.62482E-3 5.81584E-3 5.56859E-3 5.50106E-3 5.28644E-3 5.59599E-3 5.78697E-3 6.01876E-3 5.80077E-3 5.91682E-3 5.54286E-3 5.4879E-3 5.21802E-3 5.28417E-3 4.82284E-3 4.39182E-3 4.3744E-3 4.38476E-3 4.39679E-3 4.28806E-3 4.86075E-3 4.68295E-3 5.16184E-3 5.53076E-3 6.34238E-3 5.67751E-3 5.53915E-3 5.45394E-3 5.57866E-3
3.42813E-3 3.49166E-3 3.62413E-3 3.70053E-3 3.7388E-3 3.81926E-3 3.83063E-3 3.92073E-3 3.84663E-3 3.87269E-3 3.92196E-3 3.86331E-3 4.09641E-3 4.0562E-3 3.9287E-3 3.97394E-3 4.16433E-3 4.16687E-3 4.27282E-3 4.48583E-3 4.5382E-3 4.74025E-3 4.88954E-3 4.98889E-3 4.95211E-3 5.13445E-3 5.32983E-3 5.49514E-3 5.60387E-3 5.54561E-3 5.38726E-3 5.57363E-3 5.75442E-3 5.6108E-3 5.77881E-3 5.89963E-3 5.86247E-3 5.87328E-3 6.09499E-3 6.00827E-3 6.00038E-3 5.83621E-3 5.71149E-3 5.54888E-3 5.4002E-3 5.26329E-3 5.02966E-3 4.60598E-3 4.6165E-3 4.68046E-3 4.58347E-3 4.5745E-3 4.61569E-3 5.01959E-3 5.46455E-3 6.02944E-3 6.00736E-3 5.70435E-3 5.4993E-3 5.17022E-3 5.36468E-3
3.60089E-3 3.64904E-3 3.77996E-3 3.8687E-3 3.89472E-3 3.9817E-3 4.08047E-3 4.0191E-3 3.97647E-3 4.02175E-3 3.99905E-3 4.01524E-3 4.01858E-3 3.9716E-3 4.0649E-3 4.13204E-3 4.22754E-3 4.31436E-3 4.44652E-3 4.63461E-3 4.65554E-3 4.75203E-3 5.02081E-3 5.37816E-3 5.29089E-3 5.50405E-3 5.59407E-3 5.67091E-3 5.79953E-3 5.78389E-3 5.58692E-3 5.66355E-3 5.56421E-3 5.7941E-3 6.13113E-3 6.28328E-3 6.11944E-3 6.26044E-3 6.56847E-3 6.4015E-3 6.22806E-3 6.05355E-3 5.82968E-3 5.87552E-3 5.57221E-3 5.49424E-3 5.47104E-3 5.1391E-3 5.17669E-3 4.97828E-3 5.06571E-3 4.83797E-3 4.67442E-3 5.01442E-3 5.68872E-3 6.14468E-3 6.35887E-3 5.73312E-3 5.72709E-3 5.26766E-3 5.24329E-3
3.77732E-3 3.82819E-3 3.98715E-3 3.98863E-3 3.9843E-3 4.08572E-3 4.06395E-3 4.14956E-3 4.12019E-3 4.08421E-3 4.04063E-3 4.07977E-3 4.06844E-3 4.19507E-3 4.16121E-3 4.12179E-3 4.24592E-3 4.4348E-3 4.65437E-3 4.62993E-3 4.86847E-3 4.888E-3 5.2181E-3 5.38817E-3 5.43885E-3 5.44564E-3 5.61446E-3 5.85917E-3 5.98761E-3 6.32523E-3 5.842E-3 6.0461E-3 5.80586E-3 6.16054E-3 6.29852E-3 6.39714E-3 6.45714E-3 6.68379E-3 6.84003E-3 6.88734E-3 6.3858E-3 6.2797E-3 6.24204E-3 6.39139E-3 6.11705E-3 6.01185E-3 5.49024E-3 5.34485E-3 5.3704E-3 5.30881E-3 5.27428E-3 5.1112E-3 5.28095E-3 5.45974E-3 5.51079E-3 6.19E-3 6.48771E-3 6.12554E-3 5.91185E-3 5.89494E-3 5.95365E-3
3.95683E-3 3.98664E-3 4.12444E-3 4.05352E-3 4.10454E-3 4.19908E-3 4.1726E-3 4.25253E-3 4.25484E-3 4.28166E-3 4.2181E-3 4.14915E-3 4.17184E-3 4.41581E-3 4.27574E-3 4.14757E-3 4.30089E-3 4.46504E-3 4.53859E-3 4.62548E-3 4.82067E-3 5.04229E-3 5.13353E-3 5.41906E-3 5.47561E-3 5.47149E-3 5.6637E-3 5.76408E-3 6.22141E-3 6.36477E-3 6.16623E-3 6.26344E-3 6.18313E-3 6.31392E-3 6.38932E-3 6.51022E-3 6.7226E-3 6.80023E-3 6.69477E-3 6.66757E-3 7.04433E-3 6.67989E-3 6.41541E-3 6.56277E-3 6.49252E-3 6.13346E-3 6.04375E-3 5.80624E-3 5.73463E-3 5.756E-3 5.59104E-3 5.85802E-3 5.94707E-3 5.95507E-3 6.02976E-3 6.22165E-3 6.71299E-3 6.63491E-3 6.42527E-3 6.79706E-3 6.83207E-3
4.09202E-3 4.09479E-3 4.12887E-3 4.11774E-3 4.22269E-3 4.3802E-3 4.33277E-3 4.41816E-3 4.29754E-3 4.26772E-3 4.3517E-3 4.20885E-3 4.18205E-3 4.40461E-3 4.1899E-3 4.25107E-3 4.23009E-3 4.37323E-3 4.48029E-3 4.58164E-3 4.72027E-3 4.96895E-3 5.05679E-3 5.1877E-3 5.26471E-3 5.47698E-3 5.72631E-3 6.02421E-3 6.26128E-3 6.40393E-3 6.72824E-3 6.6299E-3 6.68815E-3 6.54706E-3 6.72798E-3 6.68616E-3 7.00501E-3 7.25857E-3 7.00178E-3 7.25472E-3 7.50451E-3 7.05978E-3 6.63624E-3 6.52937E-3 6.68412E-3 6.49628E-3 6.53648E-3 6.70072E-3 5.91968E-3 5.85833E-3 5.97782E-3 6.28943E-3 6.3359E-3 6.51772E-3 6.5685E-3 6.41202E-3 6.80251E-3 7.09391E-3 6.96881E-3 7.27206E-3 8.16647E-3
4.26168E-3 4.15844E-3 4.16578E-3 4.2407E-3 4.24465E-3 4.44164E-3 4.61417E-3 4.57492E-3 4.70202E-3 4.60531E-3 4.44281E-3 4.50187E-3 4.28031E-3 4.28241E-3 4.35754E-3 4.47186E-3 4.33617E-3 4.44917E-3 4.6411E-3 4.72604E-3 4.85312E-3 5.09751E-3 5.05843E-3 5.18154E-3 5.41671E-3 5.74823E-3 5.755E-3 6.23886E-3 6.83842E-3 7.14921E-3 7.00284E-3 6.87899E-3 6.81874E-3 6.92174E-3 6.94436E-3 6.90981E-3 7.3807E-3 7.36237E-3 7.23313E-3 7.23622E-3 7.21708E-3 7.22992E-3 6.68481E-3 6.56069E-3 6.45332E-3 6.73363E-3 6.68875E-3 6.8987E-3 6.48734E-3 6.74362E-3 6.38371E-3 6.41591E-3 6.68298E-3 6.86501E-3 6.96003E-3 7.09821E-3 7.46649E-3 7.59604E-3 7.62705E-3 7.80632E-3 9.274E-3
4.33188E-3 4.30644E-3 4.28895E-3 4.29027E-3 4.29624E-3 4.39495E-3 4.50336E-3 4.60664E-3 4.63271E-3 4.59433E-3 4.44521E-3 4.572E-3 4.41559E-3 4.6017E-3 4.72544E-3 4.32795E-3 4.44212E-3 4.56065E-3 4.72076E-3 4.74465E-3 4.8374E-3 4.89593E-3 5.05275E-3 5.16924E-3 5.25841E-3 5.45249E-3 5.91764E-3 6.35903E-3 6.56467E-3 6.95668E-3 7.0735E-3 7.11799E-3 7.2854E-3 7.01309E-3 7.15822E-3 7.60809E-3 7.53561E-3 7.63721E-3 7.24511E-3 7.21371E-3 7.40635E-3 7.1067E-3 6.96905E-3 6.76122E-3 6.78161E-3 6.80107E-3 6.72396E-3 6.89189E-3 6.95292E-3 6.85172E-3 7.23397E-3 7.25002E-3 7.74199E-3 7.91179E-3 7.8196E-3 7.81019E-3 7.87544E-3 8.38219E-3 8.66841E-3 9.24702E-3 9.50086E-3
4.48122E-3 4.38444E-3 4.35882E-3 4.35124E-3 4.37626E-3 4.4821E-3 4.55885E-3 4.65912E-3 4.64628E-3 4.52877E-3 4.4423E-3 4.48221E-3 4.52244E-3 4.6687E-3 4.49545E-3 4.58635E-3 4.90317E-3 4.67345E-3 4.69861E-3 4.94283E-3 4.99696E-3 5.05763E-3 5.14288E-3 5.27935E-3 5.4558E-3 5.61963E-3 5.90826E-3 6.38638E-3 6.74314E-3 7.02642E-3 7.04182E-3 7.28633E-3 7.05178E-3 7.43832E-3 7.3897E-3 7.71505E-3 8.14643E-3 7.39209E-3 7.40032E-3 7.04204E-3 6.87545E-3 6.45022E-3 6.88758E-3 6.7768E-3 7.17215E-3 7.07326E-3 7.3135E-3 7.32232E-3 7.52169E-3 7.91101E-3 8.09793E-3 8.32565E-3 9.37073E-3 9.0355E-3 9.33806E-3 8.7543E-3 8.96987E-3 9.44085E-3 1.00359E-2 1.02471E-2 1.06181E-2
