maxent_outputs/red_flowers_troch_bombus_environ/red_303.asc
ncols         426
nrows         180
xllcorner     -130.0
yllcorner     24.0
cellsize      0.16666666666666666
NODATA_value  -9999
[rows 135 to 161 of 180, columns 183 to 243 of 426]
4.59878E-1 4.54363E-1 4.60066E-1 4.6545E-1 4.74742E-1 4.79604E-1 4.7808E-1 4.78104E-1 4.90061E-1 5.12626E-1 5.36726E-1 5.4779E-1 5.61188E-1 5.8204E-1 6.01196E-1 6.06167E-1 6.0618E-1 5.98973E-1 5.83743E-1 5.77925E-1 5.80638E-1 5.81601E-1 5.83877E-1 5.894E-1 5.94417E-1 5.9885E-1 6.02859E-1 6.14991E-1 6.39304E-1 6.29013E-1 6.31182E-1 6.27952E-1 6.26404E-1 6.51848E-1 7.0497E-1 7.17159E-1 7.23084E-1 7.48156E-1 7.69148E-1 7.73812E-1 8.14937E-1 8.28264E-1 8.23152E-1 7.98509E-1 7.95013E-1 7.97768E-1 8.04057E-1 8.09385E-1 7.98717E-1 7.54301E-1 7.16119E-1 6.82132E-1 6.57309E-1 6.52662E-1 6.56726E-1 6.72925E-1 6.95886E-1 7.00878E-1 7.01482E-1 6.97846E-1 7.05166E-1
4.52146E-1 4.46469E-1 4.51633E-1 4.65958E-1 4.69722E-1 4.7476E-1 4.79412E-1 4.7695E-1 4.89384E-1 5.09024E-1 5.30655E-1 5.50893E-1 5.70342E-1 5.89247E-1 6.12708E-1 6.28426E-1 6.24574E-1 6.217E-1 6.1179E-1 6.00308E-1 6.08485E-1 6.21548E-1 6.24933E-1 6.30663E-1 6.28235E-1 6.44749E-1 6.61776E-1 6.70227E-1 6.73339E-1 6.61532E-1 6.71251E-1 6.83978E-1 6.7305E-1 6.79972E-1 7.19243E-1 7.52443E-1 7.53872E-1 7.71064E-1 7.8783E-1 8.04973E-1 8.38382E-1 8.57247E-1 8.58982E-1 8.24405E-1 8.20883E-1 8.33365E-1 8.33763E-1 8.21072E-1 7.95354E-1 7.45514E-1 7.04178E-1 6.5604E-1 6.51127E-1 6.63731E-1 6.74663E-1 6.80028E-1 6.89398E-1 7.14443E-1 7.24063E-1 7.22836E-1 7.29518E-1
4.39484E-1 4.36801E-1 4.4768E-1 4.64225E-1 4.70173E-1 4.72815E-1 4.7462E-1 4.82054E-1 4.91342E-1 5.02645E-1 5.22474E-1 5.46138E-1 5.78504E-1 5.99156E-1 6.25727E-1 6.37644E-1 6.4185E-1 6.5471E-1 6.40592E-1 6.32737E-1 6.42227E-1 6.69725E-1 6.81071E-1 6.7815E-1 6.75071E-1 6.92962E-1 7.08112E-1 6.97928E-1 6.94963E-1 6.83814E-1 6.74551E-1 6.87001E-1 7.18631E-1 7.14927E-1 7.28896E-1 7.48194E-1 7.74474E-1 8.0159E-1 8.21506E-1 8.38471E-1 8.52382E-1 8.70269E-1 8.68976E-1 8.53829E-1 8.45782E-1 8.61272E-1 8.39081E-1 8.1994E-1 7.7786E-1 7.44103E-1 7.13967E-1 6.77216E-1 6.78956E-1 6.78019E-1 6.86695E-1 6.89768E-1 6.96621E-1 7.12338E-1 7.2515E-1 7.27055E-1 7.27742E-1
4.40551E-1 4.44836E-1 4.55898E-1 4.66623E-1 4.69827E-1 4.83374E-1 4.95288E-1 5.03151E-1 5.23207E-1 5.35005E-1 5.49914E-1 5.58971E-1 5.83991E-1 6.17851E-1 6.42715E-1 6.53444E-1 6.63255E-1 6.65467E-1 6.52645E-1 6.59928E-1 6.78419E-1 6.98928E-1 7.05934E-1 7.18632E-1 7.3625E-1 7.40576E-1 7.23323E-1 7.15905E-1 7.14216E-1 7.05941E-1 7.00151E-1 6.93943E-1 7.19201E-1 7.41861E-1 7.49818E-1 7.75613E-1 7.95668E-1 8.22252E-1 8.31758E-1 8.44452E-1 8.70067E-1 8.93285E-1 8.86009E-1 8.73906E-1 8.79277E-1 8.78202E-1 8.58508E-1 8.33417E-1 7.98688E-1 7.71978E-1 7.57752E-1 7.42415E-1 7.22069E-1 7.23342E-1 7.11288E-1 6.93781E-1 6.98232E-1 7.08811E-1 7.20872E-1 7.35787E-1 7.29568E-1
4.45857E-1 4.46954E-1 4.68159E-1 4.87084E-1 4.93343E-1 5.0883E-1 5.28539E-1 5.39938E-1 5.53683E-1 5.78097E-1 5.9603E-1 5.95019E-1 6.06095E-1 6.2624E-1 6.45678E-1 6.54576E-1 6.55349E-1 6.60751E-1 6.81689E-1 6.81425E-1 6.97008E-1 7.06513E-1 7.07364E-1 7.27319E-1 7.38196E-1 7.66962E-1 7.83849E-1 7.43087E-1 7.30743E-1 7.25201E-1 7.2782E-1 7.19488E-1 7.35163E-1 7.6512E-1 7.89562E-1 8.12297E-1 8.21048E-1 8.15099E-1 8.33027E-1 8.53586E-1 8.76209E-1 9.00436E-1 9.23037E-1 9.13675E-1 9.07542E-1 8.87934E-1 8.72948E-1 8.54763E-1 8.35068E-1 8.09173E-1 7.94583E-1 7.7935E-1 7.64996E-1 7.77278E-1 7.61054E-1 7.14877E-1 7.07531E-1 6.98336E-1 7.02519E-1 7.26124E-1 7.32766E-1
4.62451E-1 4.83531E-1 4.87958E-1 5.21513E-1 5.29654E-1 5.3886E-1 5.51793E-1 5.64706E-1 5.81425E-1 6.00771E-1 6.26405E-1 6.27171E-1 6.24572E-1 6.34741E-1 6.35344E-1 6.33045E-1 6.41159E-1 6.59685E-1 6.85239E-1 6.89628E-1 6.95201E-1 7.12236E-1 7.23644E-1 7.40814E-1 7.61864E-1 7.75314E-1 7.75827E-1 7.66761E-1 7.69663E-1 7.68781E-1 7.74441E-1 7.74292E-1 7.91182E-1 8.13655E-1 8.27942E-1 8.20766E-1 8.13599E-1 8.10536E-1 8.31932E-1 8.56098E-1 8.90439E-1 9.12176E-1 9.30701E-1 9.2658E-1 9.17835E-1 9.08047E-1 8.85058E-1 8.68676E-1 8.56516E-1 8.44222E-1 8.31985E-1 8.06079E-1 7.82148E-1 7.82111E-1 7.75168E-1 7.50516E-1 7.36941E-1 7.15685E-1 6.99198E-1 7.11211E-1 7.28408E-1
4.75057E-1 4.81344E-1 4.95265E-1 5.1767E-1 5.46282E-1 5.59658E-1 5.72473E-1 5.90247E-1 6.08317E-1 6.32326E-1 6.67787E-1 6.65369E-1 6.6472E-1 6.49263E-1 6.29222E-1 6.3202E-1 6.42261E-1 6.57933E-1 6.64581E-1 6.75563E-1 6.91097E-1 7.26251E-1 7.53504E-1 8.04787E-1 7.91558E-1 8.02062E-1 7.92982E-1 8.09725E-1 8.1938E-1 8.18762E-1 8.2887E-1 8.37951E-1 8.51174E-1 8.36915E-1 8.30251E-1 8.17351E-1 8.18058E-1 8.31178E-1 8.44878E-1 8.68048E-1 8.93491E-1 9.0783E-1 9.18731E-1 9.19644E-1 9.21231E-1 9.16811E-1 8.93539E-1 8.84141E-1 8.67386E-1 8.76125E-1 8.88399E-1 8.32497E-1 7.86932E-1 7.75035E-1 7.85737E-1 7.81312E-1 7.76139E-1 7.37802E-1 7.21306E-1 7.2264E-1 7.3646E-1
4.79374E-1 4.77486E-1 4.98918E-1 5.29643E-1 5.54528E-1 5.70256E-1 5.86004E-1 6.04144E-1 6.22056E-1 6.4205E-1 6.9623E-1 6.81711E-1 6.70685E-1 6.56708E-1 6.34972E-1 6.47225E-1 6.55143E-1 6.6431E-1 6.66585E-1 6.73425E-1 6.95921E-1 7.33539E-1 7.69333E-1 7.80165E-1 8.06788E-1 8.06792E-1 8.46343E-1 8.63417E-1 8.73994E-1 8.65342E-1 8.68103E-1 8.66421E-1 8.63222E-1 8.42922E-1 8.44959E-1 8.43047E-1 8.49122E-1 8.76036E-1 8.64654E-1 8.73669E-1 8.92968E-1 8.99878E-1 9.14393E-1 9.2241E-1 9.28178E-1 9.21385E-1 9.13469E-1 8.93676E-1 8.85569E-1 8.81424E-1 8.73258E-1 8.53867E-1 8.25242E-1 8.26801E-1 8.38567E-1 8.94926E-1 8.82787E-1 8.02905E-1 7.99795E-1 7.61421E-1 7.65021E-1
4.90019E-1 4.93106E-1 5.12994E-1 5.40837E-1 5.65009E-1 5.8655E-1 6.01335E-1 6.15833E-1 6.47015E-1 6.64893E-1 6.7711E-1 6.69039E-1 6.56487E-1 6.54228E-1 6.60182E-1 6.7808E-1 6.94129E-1 6.93517E-1 6.88263E-1 6.90044E-1 7.0822E-1 7.44713E-1 7.69288E-1 8.02231E-1 8.27476E-1 8.39684E-1 8.54116E-1 8.85704E-1 8.88752E-1 8.73259E-1 8.79116E-1 8.89433E-1 9.00058E-1 8.76728E-1 8.84517E-1 8.77727E-1 8.86253E-1 8.80312E-1 8.765E-1 8.88451E-1 8.99968E-1 9.05458E-1 9.16497E-1 9.2169E-1 9.23987E-1 9.23534E-1 9.24391E-1 9.13681E-1 8.99741E-1 8.98777E-1 8.93511E-1 8.79746E-1 8.60906E-1 8.4366E-1 8.4997E-1 8.87956E-1 9.01171E-1 8.4471E-1 8.29446E-1 8.37289E-1 8.64857E-1
5.0248E-1 5.16357E-1 5.31499E-1 5.56364E-1 5.76632E-1 5.97777E-1 6.23092E-1 6.55253E-1 6.69419E-1 6.72657E-1 6.77604E-1 6.55717E-1 6.44427E-1 6.48723E-1 6.83302E-1 7.31041E-1 7.47499E-1 7.31872E-1 7.24079E-1 7.21473E-1 7.3685E-1 7.38588E-1 7.73826E-1 8.3366E-1 8.53399E-1 8.47006E-1 8.59617E-1 8.75245E-1 8.76887E-1 8.65821E-1 8.76856E-1 8.78421E-1 8.75692E-1 9.02957E-1 8.90567E-1 8.9462E-1 9.00941E-1 9.00199E-1 8.97449E-1 9.04051E-1 9.18295E-1 9.19642E-1 9.26342E-1 9.35419E-1 9.34482E-1 9.32449E-1 9.24533E-1 9.22107E-1 9.08626E-1 9.14244E-1 9.05919E-1 8.92717E-1 8.77586E-1 8.78075E-1 8.54981E-1 8.47718E-1 8.85143E-1 8.47876E-1 8.63315E-1 8.68387E-1 8.85046E-1
5.32699E-1 5.5347E-1 5.66795E-1 5.86976E-1 5.98364E-1 6.21188E-1 6.50625E-1 6.69929E-1 6.95014E-1 6.94502E-1 6.70607E-1 6.5443E-1 6.44018E-1 6.69328E-1 7.07809E-1 7.49841E-1 7.69976E-1 7.65384E-1 7.5018E-1 7.48185E-1 7.344E-1 7.3877E-1 7.88998E-1 8.43607E-1 8.78307E-1 8.88826E-1 8.96366E-1 8.81778E-1 8.79946E-1 8.59009E-1 8.67064E-1 8.6625E-1 8.69268E-1 8.69763E-1 8.6924E-1 8.85299E-1 8.98992E-1 8.91043E-1 8.85962E-1 9.00671E-1 9.11624E-1 9.26823E-1 9.35005E-1 9.34772E-1 9.44245E-1 9.33546E-1 9.2255E-1 9.13633E-1 9.15278E-1 9.17243E-1 9.13452E-1 8.97282E-1 8.92679E-1 8.76956E-1 8.73476E-1 8.91134E-1 8.73927E-1 8.88043E-1 9.00862E-1 8.95066E-1 9.02517E-1
5.85864E-1 5.91369E-1 6.05512E-1 6.18545E-1 6.42503E-1 7.02573E-1 7.20857E-1 7.08496E-1 7.13031E-1 7.11881E-1 6.87684E-1 6.73122E-1 6.84381E-1 7.06153E-1 7.35321E-1 7.62838E-1 7.75626E-1 7.57344E-1 7.66259E-1 7.58401E-1 7.52161E-1 7.53927E-1 7.79606E-1 8.16583E-1 8.28648E-1 8.69313E-1 8.98811E-1 8.90657E-1 8.80818E-1 8.78905E-1 8.76365E-1 8.64716E-1 8.60774E-1 -9999 -9999 -9999 -9999 -9999 -9999 9.05111E-1 9.14291E-1 9.18384E-1 9.28458E-1 9.32842E-1 9.38321E-1 9.45927E-1 9.44453E-1 9.23407E-1 9.16628E-1 9.20112E-1 9.22639E-1 9.1501E-1 8.9169E-1 8.92768E-1 8.92208E-1 9.01177E-1 9.17995E-1 9.19779E-1 9.21377E-1 9.29714E-1 9.18965E-1
6.19943E-1 6.36807E-1 6.59808E-1 6.56052E-1 6.79937E-1 7.4463E-1 7.34745E-1 6.99563E-1 6.97289E-1 7.06803E-1 7.12206E-1 7.14745E-1 7.20693E-1 7.50492E-1 7.71216E-1 7.95028E-1 7.71147E-1 7.70899E-1 7.85592E-1 7.80702E-1 7.77042E-1 7.74974E-1 7.87617E-1 8.03357E-1 8.30254E-1 8.5595E-1 8.87742E-1 9.15099E-1 8.96064E-1 8.88783E-1 -9999 -9999 -9999 -9999 -9999 -9999 -9999 -9999 -9999 -9999 -9999 -9999 -9999 -9999 -9999 9.42405E-1 9.42153E-1 -9999 9.36908E-1 9.24957E-1 9.31836E-1 9.29028E-1 9.24916E-1 9.32394E-1 9.33381E-1 9.30047E-1 9.4057E-1 9.39489E-1 9.38984E-1 9.36969E-1 9.30311E-1
6.59637E-1 6.69844E-1 6.78979E-1 6.65121E-1 6.74837E-1 6.8998E-1 6.87783E-1 6.89215E-1 6.8194E-1 7.0303E-1 7.20416E-1 7.314E-1 7.44499E-1 7.53076E-1 7.68854E-1 7.71273E-1 7.72732E-1 7.79335E-1 7.96287E-1 8.1162E-1 8.12587E-1 7.9718E-1 8.1141E-1 8.52442E-1 8.70501E-1 8.90435E-1 8.96121E-1 9.102E-1 9.19424E-1 -9999 -9999 -9999 -9999 -9999 -9999 -9999 -9999 -9999 -9999 -9999 -9999 -9999 -9999 -9999 -9999 -9999 -9999 -9999 9.49544E-1 9.49609E-1 9.46776E-1 9.47874E-1 9.40493E-1 9.44574E-1 9.41819E-1 9.48763E-1 9.57076E-1 9.60424E-1 9.55145E-1 9.56215E-1 9.5193E-1
6.58229E-1 6.547E-1 6.58395E-1 6.62752E-1 6.6873E-1 6.759E-1 6.77159E-1 6.77678E-1 6.86363E-1 7.08399E-1 7.21599E-1 7.29237E-1 7.44379E-1 7.54991E-1 7.63167E-1 7.63221E-1 7.70313E-1 7.95784E-1 8.26375E-1 8.45079E-1 8.4201E-1 8.31641E-1 8.49561E-1 8.79133E-1 9.02674E-1 9.05903E-1 9.05674E-1 -9999 -9999 -9999 -9999 -9999 -9999 -9999 -9999 -9999 -9999 -9999 -9999 -9999 -9999 -9999 -9999 -9999 -9999 -9999 -9999 -9999 -9999 -9999 -9999 9.54449E-1 9.6103E-1 9.76508E-1 9.80532E-1 9.60889E-1 9.60924E-1 -9999 -9999 -9999 9.43226E-1
6.60133E-1 6.42729E-1 6.4803E-1 6.50605E-1 6.7414E-1 6.76627E-1 6.83992E-1 6.95705E-1 7.00982E-1 7.17649E-1 7.14792E-1 7.29834E-1 7.43723E-1 7.55955E-1 7.62845E-1 7.67419E-1 7.84891E-1 8.18697E-1 8.40571E-1 8.55858E-1 8.64012E-1 8.61235E-1 8.70773E-1 8.87843E-1 9.09968E-1 9.20166E-1 -9999 -9999 -9999 -9999 -9999 -9999 -9999 -9999 -9999 -9999 -9999 -9999 -9999 -9999 -9999 -9999 -9999 -9999 -9999 -9999 -9999 -9999 -9999 -9999 -9999 -9999 -9999 -9999 -9999 -9999 -9999 -9999 -9999 -9999 9.54961E-1
6.79651E-1 6.56863E-1 6.53377E-1 6.49252E-1 6.58885E-1 6.75286E-1 6.80185E-1 7.11064E-1 7.23277E-1 7.34812E-1 7.3433E-1 7.46729E-1 7.59815E-1 7.69959E-1 7.80546E-1 7.92045E-1 8.04835E-1 8.30319E-1 8.49159E-1 8.71405E-1 8.90774E-1 8.78315E-1 8.90027E-1 8.9344E-1 -9999 -9999 -9999 -9999 -9999 -9999 -9999 -9999 -9999 -9999 -9999 -9999 -9999 -9999 -9999 -9999 -9999 -9999 -9999 -9999 -9999 -9999 -9999 -9999 -9999 -9999 -9999 -9999 -9999 -9999 -9999 -9999 -9999 -9999 -9999 -9999 -9999
6.9515E-1 6.70148E-1 6.55803E-1 6.53921E-1 6.68408E-1 6.82296E-1 7.04939E-1 7.23702E-1 7.45877E-1 7.46917E-1 7.61066E-1 7.74297E-1 7.80097E-1 7.73717E-1 7.8376E-1 8.02016E-1 8.23299E-1 8.50067E-1 8.55138E-1 8.84562E-1 8.96913E-1 8.918E-1 8.94249E-1 -9999 -9999 -9999 -9999 -9999 -9999 -9999 -9999 -9999 -9999 -9999 -9999 -9999 -9999 -9999 -9999 -9999 -9999 -9999 -9999 -9999 -9999 -9999 -9999 -9999 -9999 -9999 -9999 -9999 -9999 -9999 -9999 -9999 -9999 -9999 -9999 -9999 -9999
6.99925E-1 6.77125E-1 6.75952E-1 6.83334E-1 6.83037E-1 7.02256E-1 7.2615E-1 7.41144E-1 7.62096E-1 7.79925E-1 8.02863E-1 7.99464E-1 7.97755E-1 7.94698E-1 8.01761E-1 8.2099E-1 8.35277E-1 8.43829E-1 8.72433E-1 9.1354E-1 -9999 -9999 -9999 -9999 -9999 -9999 -9999 -9999 -9999 -9999 -9999 -9999 -9999 -9999 -9999 -9999 -9999 -9999 -9999 -9999 -9999 -9999 -9999 -9999 -9999 -9999 -9999 -9999 -9999 -9999 -9999 -9999 -9999 -9999 -9999 -9999 -9999 -9999 -9999 -9999 -9999
7.17691E-1 7.03054E-1 7.02357E-1 7.07148E-1 6.98826E-1 7.12322E-1 7.34234E-1 7.4933E-1 7.67425E-1 7.90533E-1 8.21856E-1 8.17617E-1 8.19936E-1 8.14285E-1 8.09716E-1 8.29757E-1 8.47829E-1 8.65186E-1 8.68475E-1 -9999 -9999 -9999 -9999 -9999 -9999 -9999 -9999 -9999 -9999 -9999 -9999 -9999 -9999 -9999 -9999 -9999 -9999 -9999 -9999 -9999 -9999 -9999 -9999 -9999 -9999 -9999 -9999 -9999 -9999 -9999 -9999 -9999 -9999 -9999 -9999 -9999 -9999 -9999 -9999 -9999 -9999
7.27862E-1 7.29274E-1 7.31808E-1 7.16127E-1 7.24779E-1 7.27838E-1 7.29144E-1 7.43405E-1 7.67177E-1 7.99658E-1 8.31327E-1 8.49071E-1 8.36628E-1 8.54457E-1 8.64629E-1 8.63635E-1 8.63574E-1 -9999 -9999 -9999 -9999 -9999 -9999 -9999 -9999 -9999 -9999 -9999 -9999 -9999 -9999 -9999 -9999 -9999 -9999 -9999 -9999 -9999 -9999 -9999 -9999 -9999 -9999 -9999 -9999 -9999 -9999 -9999 -9999 -9999 -9999 -9999 -9999 -9999 -9999 -9999 -9999 -9999 -9999 -9999 -9999
7.39159E-1 7.42911E-1 7.53561E-1 7.40842E-1 7.35252E-1 7.29169E-1 7.22162E-1 7.52738E-1 7.84007E-1 8.16343E-1 8.33952E-1 8.62123E-1 8.67169E-1 8.72737E-1 8.62742E-1 8.59668E-1 -9999 -9999 -9999 -9999 -9999 -9999 -9999 -9999 -9999 -9999 -9999 -9999 -9999 -9999 -9999 -9999 -9999 -9999 -9999 -9999 -9999 -9999 -9999 -9999 -9999 -9999 -9999 -9999 -9999 -9999 -9999 -9999 -9999 -9999 -9999 -9999 -9999 -9999 -9999 -9999 -9999 -9999 -9999 -9999 -9999
7.53869E-1 7.61002E-1 7.59664E-1 7.5602E-1 7.3556E-1 7.19392E-1 7.29065E-1 7.61077E-1 8.07016E-1 8.24967E-1 8.33646E-1 8.58718E-1 8.92656E-1 8.60371E-1 8.54234E-1 -9999 -9999 -9999 -9999 -9999 -9999 -9999 -9999 -9999 -9999 -9999 -9999 -9999 -9999 -9999 -9999 -9999 -9999 -9999 -9999 -9999 -9999 -9999 -9999 -9999 -9999 -9999 -9999 -9999 -9999 -9999 -9999 -9999 -9999 -9999 -9999 -9999 -9999 -9999 -9999 -9999 -9999 -9999 -9999 -9999 -9999
7.73356E-1 7.67137E-1 7.73194E-1 7.55669E-1 7.32473E-1 7.24613E-1 7.29683E-1 7.61408E-1 7.83851E-1 7.8769E-1 8.15458E-1 8.25054E-1 8.26223E-1 8.39961E-1 -9999 -9999 -9999 -9999 -9999 -9999 -9999 -9999 -9999 -9999 -9999 -9999 -9999 -9999 -9999 -9999 -9999 -9999 -9999 -9999 -9999 -9999 -9999 -9999 -9999 -9999 -9999 -9999 -9999 -9999 -9999 -9999 -9999 -9999 -9999 -9999 -9999 -9999 -9999 -9999 -9999 -9999 -9999 -9999 -9999 -9999 -9999
7.99529E-1 7.82486E-1 7.85067E-1 7.62841E-1 7.41985E-1 7.41355E-1 7.4803E-1 7.67052E-1 7.68184E-1 7.69668E-1 7.82193E-1 7.94771E-1 8.0731E-1 8.14461E-1 -9999 -9999 -9999 -9999 -9999 -9999 -9999 -9999 -9999 -9999 -9999 -9999 -9999 -9999 -9999 -9999 -9999 -9999 -9999 -9999 -9999 -9999 -9999 -9999 -9999 -9999 -9999 -9999 -9999 -9999 -9999 -9999 -9999 -9999 -9999 -9999 -9999 -9999 -9999 -9999 -9999 -9999 -9999 -9999 -9999 -9999 -9999
8.13699E-1 8.06591E-1 7.97893E-1 7.82311E-1 7.73225E-1 7.63751E-1 7.67693E-1 7.74135E-1 7.79601E-1 7.67281E-1 7.70653E-1 7.82118E-1 8.00774E-1 -9999 -9999 -9999 -9999 -9999 -9999 -9999 -9999 -9999 -9999 -9999 -9999 -9999 -9999 -9999 -9999 -9999 -9999 -9999 -9999 -9999 -9999 -9999 -9999 -9999 -9999 -9999 -9999 -9999 -9999 -9999 -9999 -9999 -9999 -9999 -9999 -9999 -9999 -9999 -9999 -9999 -9999 -9999 -9999 -9999 -9999 -9999 -9999
8.23125E-1 8.26715E-1 8.18403E-1 8.05873E-1 7.79616E-1 7.8199E-1 7.8046E-1 7.76658E-1 7.76487E-1 7.65326E-1 7.73442E-1 8.05029E-1 8.1868E-1 -9999 -9999 -9999 -9999 -9999 -9999 -9999 -9999 -9999 -9999 -9999 -9999 -9999 -9999 -9999 -9999 -9999 -9999 -9999 -9999 -9999 -9999 -9999 -9999 -9999 -9999 -9999 -9999 -9999 -9999 -9999 -9999 -9999 -9999 -9999 -9999 -9999 -9999 -9999 -9999 -9999 -9999 -9999 -9999 -9999 -9999 -9999 -9999
