maxent_outputs/red_flowers_troch_bombus_environ/red_49.asc
ncols         426
nrows         180
xllcorner     -130.0
yllcorner     24.0
cellsize      0.16666666666666666
NODATA_value  -9999
[rows 81 to 107 of 180, columns 244 to 304 of 426]
5.22554E-2 5.2981E-2 5.2594E-2 5.21327E-2 5.17246E-2 5.25652E-2 5.17795E-2 5.1618E-2 5.18319E-2 5.22944E-2 5.35575E-2 5.37149E-2 5.56378E-2 5.74501E-2 5.82738E-2 5.65991E-2 5.49384E-2 5.32015E-2 5.16739E-2 5.14717E-2 5.10601E-2 5.07571E-2 5.1439E-2 5.18803E-2 5.10524E-2 5.19189E-2 5.28485E-2 5.32788E-2 5.36891E-2 5.46075E-2 5.41693E-2 5.40089E-2 5.44884E-2 5.46114E-2 5.38522E-2 5.49473E-2 5.53555E-2 5.62035E-2 5.49294E-2 5.35736E-2 5.23009E-2 5.22689E-2 5.37309E-2 5.65261E-2 5.74088E-2 5.56455E-2 5.58455E-2 5.75409E-2 5.85555E-2 5.69962E-2 5.57203E-2 5.69249E-2 6.00733E-2 5.75578E-2 5.71552E-2 6.12277E-2 6.28324E-2 5.84582E-2 5.54169E-2 5.47444E-2 5.42916E-2
5.36568E-2 5.33722E-2 5.31486E-2 5.41459E-2 5.31676E-2 5.38566E-2 5.29244E-2 5.19672E-2 5.25803E-2 5.4062E-2 5.45888E-2 5.56916E-2 5.68312E-2 5.45476E-2 5.47491E-2 5.42435E-2 5.32853E-2 5.19242E-2 5.10473E-2 5.16887E-2 5.13928E-2 5.21017E-2 5.22694E-2 5.25602E-2 5.23366E-2 5.20598E-2 5.20277E-2 5.21051E-2 5.28391E-2 5.4277E-2 5.5445E-2 5.42348E-2 5.47956E-2 5.46409E-2 5.50171E-2 5.60516E-2 5.713E-2 5.80993E-2 5.88389E-2 5.44751E-2 5.32063E-2 5.33347E-2 5.46291E-2 5.62118E-2 5.85075E-2 5.78099E-2 5.78302E-2 5.77497E-2 5.93661E-2 5.76481E-2 5.65916E-2 5.87008E-2 6.05053E-2 5.82358E-2 5.83633E-2 5.9429E-2 6.12586E-2 5.90688E-2 5.67206E-2 5.4675E-2 5.3913E-2
5.49504E-2 5.41681E-2 5.5469E-2 5.49849E-2 5.41575E-2 5.45527E-2 5.48763E-2 5.40838E-2 5.39111E-2 5.53925E-2 5.63432E-2 5.6674E-2 5.63897E-2 5.4848E-2 5.43087E-2 5.37158E-2 5.32581E-2 5.22428E-2 5.2423E-2 5.38989E-2 5.40709E-2 5.38056E-2 5.3815E-2 5.27056E-2 5.23207E-2 5.14002E-2 5.1212E-2 5.19524E-2 5.30957E-2 5.47332E-2 5.65443E-2 5.607E-2 5.63069E-2 5.67072E-2 5.57035E-2 5.61355E-2 5.7584E-2 6.07643E-2 6.08383E-2 5.64862E-2 5.59286E-2 5.64815E-2 5.72897E-2 5.8104E-2 5.83088E-2 5.88177E-2 5.97533E-2 5.91641E-2 5.86629E-2 5.76999E-2 5.75219E-2 6.05785E-2 5.86494E-2 5.80778E-2 5.87154E-2 5.95989E-2 6.11391E-2 5.94992E-2 5.64453E-2 5.29049E-2 5.10974E-2
5.46838E-2 5.46927E-2 5.56455E-2 5.54885E-2 5.46499E-2 5.52553E-2 5.51114E-2 5.46308E-2 5.44E-2 5.44132E-2 5.50745E-2 5.76858E-2 5.73953E-2 5.63609E-2 5.4664E-2 5.42581E-2 5.33011E-2 5.33369E-2 5.56006E-2 5.70114E-2 5.54471E-2 5.44321E-2 5.3096E-2 5.28284E-2 5.18602E-2 5.24488E-2 5.28843E-2 5.28031E-2 5.31066E-2 5.44884E-2 5.83399E-2 5.98262E-2 5.93049E-2 5.83386E-2 5.59437E-2 5.7746E-2 5.9074E-2 6.15855E-2 6.20935E-2 5.92658E-2 5.78686E-2 5.76851E-2 5.73796E-2 5.85212E-2 5.96465E-2 5.93055E-2 6.00759E-2 6.14362E-2 5.88916E-2 5.7868E-2 5.91012E-2 6.09354E-2 5.85472E-2 5.86166E-2 5.90849E-2 6.04603E-2 6.12232E-2 5.95027E-2 5.55529E-2 5.33552E-2 5.06005E-2
5.59739E-2 5.54143E-2 5.57368E-2 5.52583E-2 5.58344E-2 5.58067E-2 5.55613E-2 5.61612E-2 5.51077E-2 5.47393E-2 5.59213E-2 5.74402E-2 5.78749E-2 5.81648E-2 5.64147E-2 5.57792E-2 5.50503E-2 5.54731E-2 5.66813E-2 5.66897E-2 5.57293E-2 5.54454E-2 5.46958E-2 5.26531E-2 5.24701E-2 5.37742E-2 5.3561E-2 5.25453E-2 5.4343E-2 5.59795E-2 5.99028E-2 6.06584E-2 6.02051E-2 5.7524E-2 5.59041E-2 5.70667E-2 5.89103E-2 6.0736E-2 6.14956E-2 5.96596E-2 5.92783E-2 5.84653E-2 5.78236E-2 5.86346E-2 5.98536E-2 6.00248E-2 6.06704E-2 6.04931E-2 6.01335E-2 5.93071E-2 6.09478E-2 5.99404E-2 5.86733E-2 5.87921E-2 5.94216E-2 6.13645E-2 6.29083E-2 5.80463E-2 5.37457E-2 5.33803E-2 5.09185E-2
5.71549E-2 5.63351E-2 5.5572E-2 5.74952E-2 5.82302E-2 5.70438E-2 5.63982E-2 5.76433E-2 5.62359E-2 5.64789E-2 5.69789E-2 5.91614E-2 5.85575E-2 5.88207E-2 5.87164E-2 5.73759E-2 5.65577E-2 5.82898E-2 5.75038E-2 5.58727E-2 5.62723E-2 5.64764E-2 5.53845E-2 5.41866E-2 5.49689E-2 5.5501E-2 5.44839E-2 5.52226E-2 5.63557E-2 5.83015E-2 5.94582E-2 6.00571E-2 5.96352E-2 5.68807E-2 5.67028E-2 5.78141E-2 5.89446E-2 6.04186E-2 6.06579E-2 5.92057E-2 6.10023E-2 6.02054E-2 5.9578E-2 5.99201E-2 5.93787E-2 6.06307E-2 6.13127E-2 6.14534E-2 6.14748E-2 6.14831E-2 6.15363E-2 6.05762E-2 5.95033E-2 5.96199E-2 6.04346E-2 6.15197E-2 6.13331E-2 5.75363E-2 5.38949E-2 5.1974E-2 4.99545E-2
5.81187E-2 5.71479E-2 5.74852E-2 5.84218E-2 5.85354E-2 5.84661E-2 5.81666E-2 5.90018E-2 5.86093E-2 5.9628E-2 5.99552E-2 5.99631E-2 5.93076E-2 5.96527E-2 6.0715E-2 5.97741E-2 5.98901E-2 6.08593E-2 5.90043E-2 5.78821E-2 5.79167E-2 5.76805E-2 5.77514E-2 5.66806E-2 5.78085E-2 5.81175E-2 5.71497E-2 5.78367E-2 5.9494E-2 5.94069E-2 5.99774E-2 6.05938E-2 6.01925E-2 5.89148E-2 5.76831E-2 5.83394E-2 5.91781E-2 6.06466E-2 6.066E-2 6.09815E-2 6.0981E-2 6.04365E-2 6.07962E-2 6.0709E-2 6.05522E-2 6.0664E-2 6.15978E-2 6.32456E-2 6.27366E-2 6.22904E-2 6.0623E-2 6.0722E-2 6.02214E-2 6.01851E-2 6.09496E-2 6.09949E-2 5.91655E-2 5.73175E-2 5.46302E-2 5.12615E-2 5.17327E-2
5.92969E-2 5.96495E-2 5.959E-2 5.97151E-2 5.90661E-2 5.98297E-2 6.05577E-2 6.05819E-2 6.05666E-2 6.0453E-2 6.07489E-2 6.02206E-2 6.08118E-2 6.11796E-2 6.15714E-2 6.13007E-2 6.07579E-2 6.22048E-2 6.16056E-2 6.09595E-2 5.9769E-2 5.93475E-2 5.97057E-2 6.00597E-2 5.99127E-2 5.95149E-2 6.03678E-2 6.1761E-2 6.23229E-2 6.20876E-2 6.17473E-2 6.08758E-2 6.00406E-2 5.92558E-2 5.85958E-2 5.96528E-2 6.10255E-2 6.09203E-2 6.12046E-2 6.11236E-2 6.12066E-2 6.12227E-2 6.12285E-2 6.10733E-2 6.09859E-2 6.16631E-2 6.29747E-2 6.26341E-2 6.24095E-2 6.15057E-2 6.06726E-2 6.06745E-2 6.05551E-2 6.04461E-2 6.04908E-2 6.06232E-2 5.96847E-2 5.78618E-2 5.52088E-2 5.07855E-2 5.14598E-2
6.18013E-2 6.22657E-2 6.1893E-2 6.06611E-2 6.15022E-2 6.08767E-2 6.12098E-2 6.14396E-2 6.09855E-2 6.09558E-2 6.18654E-2 6.13291E-2 6.33673E-2 6.19898E-2 6.29833E-2 6.21199E-2 6.13451E-2 6.46299E-2 6.34398E-2 6.28518E-2 6.19179E-2 6.22252E-2 6.28363E-2 6.29541E-2 6.20125E-2 6.2332E-2 6.3556E-2 6.37493E-2 6.47529E-2 6.53526E-2 6.29621E-2 6.24037E-2 6.05679E-2 5.99814E-2 6.00483E-2 6.01417E-2 6.11419E-2 6.07094E-2 6.0773E-2 6.10078E-2 6.13335E-2 6.21055E-2 6.25357E-2 6.27283E-2 6.20042E-2 6.31882E-2 6.2883E-2 6.25239E-2 6.22172E-2 6.18912E-2 6.1853E-2 6.16874E-2 6.16134E-2 6.08756E-2 6.02722E-2 5.9091E-2 5.79819E-2 5.72439E-2 5.46209E-2 4.85085E-2 5.49942E-2
6.4581E-2 6.47214E-2 6.3574E-2 6.28872E-2 6.39654E-2 6.28901E-2 6.22022E-2 6.15724E-2 6.17294E-2 6.24117E-2 6.22381E-2 6.18314E-2 6.34941E-2 6.25044E-2 6.34031E-2 6.33177E-2 6.2158E-2 6.26665E-2 6.34449E-2 6.38924E-2 6.31093E-2 6.41579E-2 6.47838E-2 6.42996E-2 6.39754E-2 6.44699E-2 6.5466E-2 6.55913E-2 6.40354E-2 6.51783E-2 6.49048E-2 6.34703E-2 6.23563E-2 6.12117E-2 6.08458E-2 6.08449E-2 6.1731E-2 6.21031E-2 6.23987E-2 6.17918E-2 6.17911E-2 6.32658E-2 6.33474E-2 6.48412E-2 6.4031E-2 6.39421E-2 6.35712E-2 6.30226E-2 6.27733E-2 6.31301E-2 6.37297E-2 6.35795E-2 6.34285E-2 6.26078E-2 5.90582E-2 5.75003E-2 5.69027E-2 5.4844E-2 5.3709E-2 5.40007E-2 6.40016E-2
7.08125E-2 6.71688E-2 6.62798E-2 6.58515E-2 6.51408E-2 6.45877E-2 6.38243E-2 6.32775E-2 6.3045E-2 6.39288E-2 6.39685E-2 6.34777E-2 6.37683E-2 6.3598E-2 6.35645E-2 6.45376E-2 6.38339E-2 6.28216E-2 6.41847E-2 6.58555E-2 6.6377E-2 6.56534E-2 6.61018E-2 6.61798E-2 6.73811E-2 6.70559E-2 6.71938E-2 6.68147E-2 6.5631E-2 6.60898E-2 6.62762E-2 6.55034E-2 6.46104E-2 6.40461E-2 6.31967E-2 6.40708E-2 6.35624E-2 6.45728E-2 6.50575E-2 6.36189E-2 6.3799E-2 6.41301E-2 6.5491E-2 6.61398E-2 6.48673E-2 6.48567E-2 6.46976E-2 6.41104E-2 6.40941E-2 6.47725E-2 6.51988E-2 6.53327E-2 6.42087E-2 6.14643E-2 5.77275E-2 5.57619E-2 5.51375E-2 5.17377E-2 5.07949E-2 5.77933E-2 6.33073E-2
6.92144E-2 6.87702E-2 6.77534E-2 6.71308E-2 6.61258E-2 6.60871E-2 6.58408E-2 6.49053E-2 6.44753E-2 6.44655E-2 6.45816E-2 6.44952E-2 6.54111E-2 6.57292E-2 6.49359E-2 6.5313E-2 6.47005E-2 6.37284E-2 6.41027E-2 6.55578E-2 6.76499E-2 6.8161E-2 6.71924E-2 6.8306E-2 6.72913E-2 6.74061E-2 6.68611E-2 6.66625E-2 6.68498E-2 6.70029E-2 6.69716E-2 6.63204E-2 6.48681E-2 6.40561E-2 6.4149E-2 6.50578E-2 6.48433E-2 6.42619E-2 6.46607E-2 6.55828E-2 6.48382E-2 6.48877E-2 6.65196E-2 6.63115E-2 6.76052E-2 6.69125E-2 6.73487E-2 6.68024E-2 6.62929E-2 6.63769E-2 6.65021E-2 6.54716E-2 6.34178E-2 6.06502E-2 5.60954E-2 5.44904E-2 5.16378E-2 5.16243E-2 5.28191E-2 5.79193E-2 6.16304E-2
6.83674E-2 6.76951E-2 6.67925E-2 6.58613E-2 6.54238E-2 6.67402E-2 6.73751E-2 6.62434E-2 6.56305E-2 6.74849E-2 6.64798E-2 6.66962E-2 6.74522E-2 6.65577E-2 6.64176E-2 6.6317E-2 6.7368E-2 6.67987E-2 6.75287E-2 6.82157E-2 7.02272E-2 6.98631E-2 6.99771E-2 6.86656E-2 6.70925E-2 6.71597E-2 6.90654E-2 6.86978E-2 6.85703E-2 6.78093E-2 6.68346E-2 6.70192E-2 6.66402E-2 6.44117E-2 6.52598E-2 6.51845E-2 6.4732E-2 6.40119E-2 6.47563E-2 6.52732E-2 6.72611E-2 6.77134E-2 6.77706E-2 6.77734E-2 6.99921E-2 7.17256E-2 7.17539E-2 6.9864E-2 6.82703E-2 6.72717E-2 6.5815E-2 6.19885E-2 5.91194E-2 5.71953E-2 5.38446E-2 5.2627E-2 5.25645E-2 5.22879E-2 5.35944E-2 5.80504E-2 6.05642E-2
6.78458E-2 6.70551E-2 6.74499E-2 6.54864E-2 6.50783E-2 6.63635E-2 6.70505E-2 6.72347E-2 6.82269E-2 6.66452E-2 6.66125E-2 6.76192E-2 6.91475E-2 6.83721E-2 6.72287E-2 6.80443E-2 6.91202E-2 6.98539E-2 7.20826E-2 7.16167E-2 7.40183E-2 7.59324E-2 7.33923E-2 7.02803E-2 6.82181E-2 6.84247E-2 7.05151E-2 6.98497E-2 6.92401E-2 6.83544E-2 6.77155E-2 6.74839E-2 6.70764E-2 6.63727E-2 6.59174E-2 6.59622E-2 6.48475E-2 6.54225E-2 6.5836E-2 6.71168E-2 6.83701E-2 6.91423E-2 6.94164E-2 6.94836E-2 7.05346E-2 7.18109E-2 7.28493E-2 7.06487E-2 6.83321E-2 6.79637E-2 6.42323E-2 5.98116E-2 5.68595E-2 5.37865E-2 5.27723E-2 5.41963E-2 5.43174E-2 5.62689E-2 6.01728E-2 6.25024E-2 6.60992E-2
6.92688E-2 6.71624E-2 6.93586E-2 6.53876E-2 6.55263E-2 6.58683E-2 6.7244E-2 6.73064E-2 6.89713E-2 6.78594E-2 6.89585E-2 6.90441E-2 6.92364E-2 6.9467E-2 6.94285E-2 7.02706E-2 7.17117E-2 7.27519E-2 7.51602E-2 7.52903E-2 7.85643E-2 7.75534E-2 7.47572E-2 7.32914E-2 7.2233E-2 7.2028E-2 7.2019E-2 7.17702E-2 7.17306E-2 7.08086E-2 6.95175E-2 6.91243E-2 6.79164E-2 6.78559E-2 6.86566E-2 6.87194E-2 6.58704E-2 6.65131E-2 6.73873E-2 6.94122E-2 7.04902E-2 7.11935E-2 7.07832E-2 7.1335E-2 7.07718E-2 7.15084E-2 7.02743E-2 6.9275E-2 6.88242E-2 6.55171E-2 6.15384E-2 5.74501E-2 5.39608E-2 5.48216E-2 5.64502E-2 5.61897E-2 5.90423E-2 6.17087E-2 6.53612E-2 6.74219E-2 6.73128E-2
6.95455E-2 6.89938E-2 6.81938E-2 6.71175E-2 6.6987E-2 6.71222E-2 6.80579E-2 7.0534E-2 7.11042E-2 7.08378E-2 7.24788E-2 7.15257E-2 7.02759E-2 7.00724E-2 7.09821E-2 7.26638E-2 7.35528E-2 7.32324E-2 7.36497E-2 7.77958E-2 8.13065E-2 8.0365E-2 7.89193E-2 7.55385E-2 7.51067E-2 7.50218E-2 7.41336E-2 7.47186E-2 7.36618E-2 7.33553E-2 7.24711E-2 7.21866E-2 7.17375E-2 7.06431E-2 6.85574E-2 6.70194E-2 6.72443E-2 6.85599E-2 6.9578E-2 7.08058E-2 7.24519E-2 7.31971E-2 7.2039E-2 7.28707E-2 7.19164E-2 6.98692E-2 6.87177E-2 6.67952E-2 6.52108E-2 6.48092E-2 5.9976E-2 5.80679E-2 5.83423E-2 5.82586E-2 5.93014E-2 6.14737E-2 6.37769E-2 6.87051E-2 6.89603E-2 7.17038E-2 6.85401E-2
7.18511E-2 7.1479E-2 6.92867E-2 6.88122E-2 6.86743E-2 6.95619E-2 7.11051E-2 7.42942E-2 7.43649E-2 7.32803E-2 7.28012E-2 7.27081E-2 7.16715E-2 7.17221E-2 7.22347E-2 7.30545E-2 7.2725E-2 7.24291E-2 7.42313E-2 7.68408E-2 7.81961E-2 8.00706E-2 8.07531E-2 7.84512E-2 7.62976E-2 7.60789E-2 7.53329E-2 7.61498E-2 7.72865E-2 7.57058E-2 7.34603E-2 7.41898E-2 7.46107E-2 7.23316E-2 7.05235E-2 6.96194E-2 7.04074E-2 7.09677E-2 7.2531E-2 7.33844E-2 7.2975E-2 7.40631E-2 7.45188E-2 7.28942E-2 7.21356E-2 7.02922E-2 6.81526E-2 6.62648E-2 6.42985E-2 6.2163E-2 6.3818E-2 6.27545E-2 6.28261E-2 6.02588E-2 6.23142E-2 6.77291E-2 7.01453E-2 7.33744E-2 7.31389E-2 7.47936E-2 7.4028E-2
7.21062E-2 7.17961E-2 7.16667E-2 7.1772E-2 7.31806E-2 7.46112E-2 7.62371E-2 7.77455E-2 7.61559E-2 7.60384E-2 7.61076E-2 7.5876E-2 7.51067E-2 7.4381E-2 7.48987E-2 7.42987E-2 7.3766E-2 7.37101E-2 7.43585E-2 7.69395E-2 7.76371E-2 7.77109E-2 8.01428E-2 7.90039E-2 7.77488E-2 7.80502E-2 7.8281E-2 7.68519E-2 7.77211E-2 7.63752E-2 7.56304E-2 7.57189E-2 7.48115E-2 7.3061E-2 7.30285E-2 7.32392E-2 7.26689E-2 7.23765E-2 7.38385E-2 7.50887E-2 7.57359E-2 7.57429E-2 7.57358E-2 7.3962E-2 7.2386E-2 7.16088E-2 6.91269E-2 6.74175E-2 6.52629E-2 6.34016E-2 6.69809E-2 6.65233E-2 6.4627E-2 6.19291E-2 6.53532E-2 7.03537E-2 7.68938E-2 7.68692E-2 7.82179E-2 7.95102E-2 7.95764E-2
7.16677E-2 7.09352E-2 7.34428E-2 7.45015E-2 7.54106E-2 7.74792E-2 7.8107E-2 7.92275E-2 7.88487E-2 7.8418E-2 7.81981E-2 7.75267E-2 7.78732E-2 7.83869E-2 7.74461E-2 7.66957E-2 7.59223E-2 7.48557E-2 7.57448E-2 7.8753E-2 8.03685E-2 7.99783E-2 8.00224E-2 7.95959E-2 8.00398E-2 8.0611E-2 8.01849E-2 7.97302E-2 7.90666E-2 7.78142E-2 7.68214E-2 7.5438E-2 7.36118E-2 7.44582E-2 7.59081E-2 7.56304E-2 7.4012E-2 7.40293E-2 7.61211E-2 7.70969E-2 7.74103E-2 7.69242E-2 7.55437E-2 7.40476E-2 7.24415E-2 7.14613E-2 6.98518E-2 6.82894E-2 6.57648E-2 6.57325E-2 6.87458E-2 6.88699E-2 6.37995E-2 6.61138E-2 6.86094E-2 7.57661E-2 7.95037E-2 8.01756E-2 8.01847E-2 8.01176E-2 8.08708E-2
7.32037E-2 7.34451E-2 7.56361E-2 7.60609E-2 7.81201E-2 7.9454E-2 7.95854E-2 7.94269E-2 8.07521E-2 8.05484E-2 7.96656E-2 8.03715E-2 8.02955E-2 8.01599E-2 7.97618E-2 7.84666E-2 7.79606E-2 7.78631E-2 7.91844E-2 8.16902E-2 8.26673E-2 8.179E-2 8.11851E-2 8.0781E-2 8.41221E-2 8.24343E-2 8.23469E-2 8.09176E-2 7.89273E-2 7.90705E-2 7.97185E-2 7.66176E-2 7.54532E-2 7.63082E-2 7.65996E-2 7.69858E-2 7.57251E-2 7.64316E-2 7.68572E-2 7.72121E-2 7.7011E-2 7.67073E-2 7.51161E-2 7.37216E-2 7.17228E-2 7.04262E-2 7.00734E-2 6.77475E-2 6.6896E-2 6.82682E-2 6.90921E-2 7.08337E-2 7.12473E-2 7.09188E-2 7.58754E-2 8.09226E-2 8.27569E-2 8.23106E-2 8.04904E-2 7.94892E-2 7.94385E-2
7.63553E-2 7.74377E-2 7.57192E-2 7.87584E-2 8.11855E-2 8.21341E-2 8.30333E-2 8.4054E-2 8.1781E-2 8.06799E-2 7.99278E-2 7.99494E-2 8.08837E-2 8.02824E-2 8.01658E-2 7.98959E-2 7.98567E-2 7.93402E-2 7.97951E-2 8.22801E-2 8.37073E-2 8.33269E-2 8.42478E-2 8.38425E-2 8.32325E-2 8.31584E-2 8.35068E-2 8.31138E-2 8.20805E-2 8.17657E-2 8.15732E-2 7.80964E-2 7.69025E-2 7.73329E-2 7.67851E-2 7.64722E-2 7.63402E-2 7.75984E-2 7.77877E-2 7.53828E-2 7.50774E-2 7.54313E-2 7.51058E-2 7.33717E-2 7.11582E-2 6.98096E-2 6.81088E-2 6.56497E-2 6.58476E-2 6.76253E-2 7.10714E-2 7.20458E-2 7.30937E-2 7.09632E-2 7.22003E-2 7.63629E-2 8.1175E-2 8.32634E-2 8.72303E-2 8.25896E-2 8.06591E-2
7.47894E-2 7.7895E-2 7.74962E-2 7.87671E-2 8.03655E-2 8.16613E-2 8.63699E-2 8.66106E-2 8.40336E-2 7.8777E-2 7.80068E-2 7.83799E-2 7.99409E-2 8.04298E-2 7.97502E-2 8.0092E-2 8.02056E-2 8.01254E-2 8.23461E-2 8.60871E-2 8.58733E-2 8.63879E-2 8.69591E-2 8.73114E-2 8.67655E-2 9.02029E-2 9.10667E-2 8.63974E-2 8.52377E-2 8.33067E-2 8.28081E-2 7.96244E-2 7.84236E-2 7.78915E-2 7.69196E-2 7.64019E-2 7.6747E-2 7.61218E-2 7.52039E-2 7.5932E-2 7.41631E-2 7.58891E-2 7.49154E-2 7.28964E-2 7.15861E-2 7.06686E-2 7.07196E-2 6.88704E-2 6.73326E-2 6.97442E-2 7.2028E-2 7.33372E-2 7.14613E-2 7.12512E-2 7.48261E-2 8.13888E-2 8.19988E-2 8.22573E-2 8.17994E-2 8.11416E-2 8.09707E-2
7.60556E-2 7.85774E-2 7.7579E-2 7.87748E-2 8.01601E-2 8.08998E-2 8.25084E-2 8.54563E-2 8.38211E-2 7.87647E-2 7.737E-2 7.76916E-2 7.89992E-2 8.03057E-2 8.01465E-2 8.11319E-2 8.26924E-2 8.34819E-2 8.57118E-2 8.71738E-2 8.6565E-2 8.69231E-2 8.83735E-2 8.83704E-2 8.8106E-2 8.85323E-2 8.75033E-2 8.56634E-2 8.39018E-2 8.17402E-2 8.09842E-2 7.99932E-2 7.90555E-2 7.86091E-2 7.74194E-2 7.72577E-2 7.71919E-2 7.69417E-2 7.79513E-2 7.84346E-2 7.83505E-2 7.62625E-2 7.61249E-2 7.43141E-2 7.25193E-2 7.10512E-2 7.007E-2 6.90363E-2 6.88417E-2 7.12474E-2 7.26633E-2 7.12331E-2 7.14245E-2 7.23559E-2 8.32592E-2 8.38936E-2 8.29375E-2 8.34863E-2 8.1809E-2 8.27243E-2 8.36104E-2
7.89431E-2 7.85731E-2 7.77138E-2 7.91372E-2 8.04674E-2 8.12695E-2 8.14493E-2 8.54793E-2 8.30177E-2 8.01607E-2 7.94344E-2 7.92462E-2 8.02109E-2 8.12269E-2 8.20647E-2 8.32038E-2 8.41686E-2 8.52831E-2 8.74211E-2 8.75812E-2 8.74636E-2 8.77809E-2 8.98823E-2 9.2897E-2 9.31872E-2 8.87853E-2 8.71554E-2 8.40733E-2 8.1551E-2 8.07042E-2 8.09413E-2 7.97584E-2 7.86329E-2 7.79814E-2 7.73871E-2 7.77051E-2 7.80324E-2 7.9608E-2 8.05478E-2 8.14267E-2 8.24393E-2 8.09286E-2 7.8342E-2 7.69947E-2 7.39276E-2 7.25139E-2 6.86401E-2 6.97716E-2 7.0714E-2 7.17495E-2 7.41258E-2 7.7515E-2 7.97341E-2 8.17927E-2 8.39109E-2 8.35381E-2 8.45391E-2 8.51174E-2 8.55763E-2 8.71947E-2 8.66239E-2
8.06047E-2 7.95764E-2 7.96548E-2 8.14354E-2 8.22132E-2 8.18508E-2 8.21654E-2 8.69803E-2 8.29861E-2 8.12559E-2 8.0905E-2 8.11772E-2 8.17141E-2 8.22533E-2 8.3499E-2 8.49935E-2 8.58678E-2 8.62053E-2 8.66993E-2 8.80696E-2 8.9536E-2 9.03723E-2 9.10749E-2 9.08713E-2 9.03529E-2 8.92536E-2 8.49106E-2 8.25502E-2 8.09111E-2 8.00344E-2 7.98992E-2 8.0811E-2 8.27419E-2 8.07412E-2 8.037E-2 8.19325E-2 8.37885E-2 8.44409E-2 8.43585E-2 8.45432E-2 8.1338E-2 8.3909E-2 8.17028E-2 7.75023E-2 7.41461E-2 7.15938E-2 7.14032E-2 7.21337E-2 7.51649E-2 7.90129E-2 8.05877E-2 8.07035E-2 8.22662E-2 8.39648E-2 8.6434E-2 8.60573E-2 8.71359E-2 8.89638E-2 8.90983E-2 8.97464E-2 8.93661E-2
8.22184E-2 8.1808E-2 8.15548E-2 8.37421E-2 8.35048E-2 8.31112E-2 8.25227E-2 8.44636E-2 8.54819E-2 8.1875E-2 8.21411E-2 8.27067E-2 8.30313E-2 8.39806E-2 8.58553E-2 8.9553E-2 9.11954E-2 8.73365E-2 8.68338E-2 8.75811E-2 8.93734E-2 9.05151E-2 8.9784E-2 8.99475E-2 8.96073E-2 8.64372E-2 8.40602E-2 8.258E-2 8.1958E-2 8.05168E-2 8.1835E-2 8.6306E-2 8.71362E-2 8.43784E-2 8.41083E-2 8.98722E-2 9.09946E-2 8.63638E-2 8.57248E-2 8.36629E-2 8.19063E-2 8.33868E-2 8.06663E-2 7.67665E-2 7.40194E-2 7.22897E-2 7.35223E-2 7.94525E-2 8.20671E-2 8.12026E-2 8.27768E-2 8.40022E-2 8.59933E-2 8.80646E-2 8.99263E-2 9.20382E-2 9.08991E-2 9.17978E-2 9.15095E-2 9.12937E-2 9.05367E-2
8.65256E-2 8.53351E-2 8.53688E-2 8.56711E-2 8.47402E-2 8.34435E-2 8.28156E-2 8.37293E-2 8.72863E-2 8.32421E-2 8.38254E-2 8.36459E-2 8.36635E-2 8.39035E-2 8.8593E-2 9.37095E-2 9.3248E-2 8.70059E-2 8.72664E-2 8.7632E-2 8.90289E-2 9.15656E-2 8.88322E-2 9.019E-2 8.76304E-2 8.50578E-2 8.39321E-2 8.34099E-2 8.36635E-2 8.37909E-2 8.6154E-2 8.65822E-2 8.76716E-2 8.65827E-2 8.75687E-2 9.1693E-2 9.30268E-2 9.07968E-2 8.81878E-2 8.60031E-2 8.26385E-2 8.16891E-2 7.63951E-2 7.35486E-2 7.18553E-2 7.98697E-2 8.33273E-2 8.46165E-2 8.41281E-2 8.46314E-2 8.49227E-2 8.65136E-2 8.90062E-2 9.2047E-2 9.65731E-2 9.42036E-2 9.61402E-2 9.63112E-2 9.39442E-2 9.41847E-2 9.39556E-2
