maxent_outputs/red_flowers_troch_bombus_environ/red_99.asc
ncols         426
nrows         180
xllcorner     -130.0
yllcorner     24.0
cellsize      0.16666666666666666
NODATA_value  -9999
[rows 0 to 26 of 180, columns 305 to 365 of 426]
2.44893E-2 2.25336E-2 2.25253E-2 2.16107E-2 2.22526E-2 2.28017E-2 2.38595E-2 2.50245E-2 2.57935E-2 2.60959E-2 2.65319E-2 2.67722E-2 2.70323E-2 2.85467E-2 3.07457E-2 3.69536E-2 3.89546E-2 3.35955E-2 3.25979E-2 3.15335E-2 3.29174E-2 3.74189E-2 4.01828E-2 3.9253E-2 3.66631E-2 3.12495E-2 3.0915E-2 3.22202E-2 3.40234E-2 3.11622E-2 3.00726E-2 3.153E-2 2.93232E-2 3.02148E-2 3.94243E-2 3.74258E-2 3.58958E-2 2.98078E-2 2.91497E-2 2.99399E-2 2.95283E-2 2.8672E-2 2.89942E-2 3.0283E-2 2.98594E-2 2.83015E-2 2.80553E-2 2.88595E-2 2.81525E-2 2.88453E-2 2.94269E-2 2.97978E-2 2.97117E-2 3.11283E-2 3.13867E-2 3.09387E-2 3.42549E-2 3.25913E-2 3.11885E-2 3.18453E-2 3.31439E-2
2.55855E-2 2.21928E-2 2.33756E-2 2.2139E-2 2.18063E-2 2.22737E-2 2.40384E-2 2.53555E-2 2.60092E-2 2.96146E-2 3.58797E-2 4.39489E-2 4.41837E-2 4.74258E-2 4.31137E-2 3.6409E-2 3.67785E-2 3.32103E-2 3.31724E-2 3.426E-2 3.93573E-2 4.55504E-2 4.89062E-2 4.30216E-2 3.99753E-2 3.96821E-2 3.558E-2 3.23116E-2 3.11822E-2 3.11104E-2 3.01491E-2 3.0147E-2 2.91985E-2 2.88913E-2 2.95895E-2 2.95358E-2 2.88662E-2 2.87263E-2 2.92114E-2 2.94815E-2 2.90734E-2 2.93339E-2 2.92512E-2 3.00555E-2 3.00543E-2 2.93739E-2 2.90783E-2 2.96071E-2 2.88851E-2 2.94988E-2 2.95721E-2 3.03395E-2 3.07516E-2 3.13811E-2 3.09903E-2 3.0834E-2 3.10012E-2 3.11165E-2 3.1096E-2 3.20866E-2 3.31201E-2
3.47231E-2 2.3466E-2 2.18437E-2 2.18781E-2 2.28818E-2 2.36501E-2 2.5516E-2 2.5852E-2 2.58543E-2 2.59806E-2 3.54219E-2 3.96444E-2 4.19738E-2 4.06776E-2 3.85068E-2 4.33869E-2 4.05734E-2 3.61015E-2 3.31139E-2 3.5763E-2 4.30087E-2 3.95071E-2 3.75295E-2 3.43911E-2 3.31054E-2 3.3569E-2 3.27219E-2 3.20531E-2 3.13423E-2 3.19477E-2 3.0869E-2 2.98107E-2 3.04337E-2 3.07798E-2 3.09379E-2 2.97232E-2 2.90573E-2 2.88713E-2 2.89337E-2 2.94715E-2 2.90562E-2 2.93163E-2 2.95181E-2 3.04554E-2 3.05957E-2 2.93921E-2 2.9426E-2 2.94561E-2 3.00451E-2 3.01381E-2 2.93832E-2 2.96408E-2 2.97033E-2 3.00489E-2 3.14336E-2 3.14157E-2 3.1898E-2 3.22088E-2 3.21974E-2 3.32396E-2 3.33347E-2
2.69944E-2 2.36341E-2 2.22751E-2 2.21878E-2 2.28516E-2 2.41684E-2 2.56922E-2 2.6547E-2 2.62484E-2 2.66524E-2 2.72449E-2 2.7582E-2 2.85161E-2 3.08863E-2 3.38401E-2 3.89287E-2 3.47625E-2 3.32991E-2 3.35571E-2 3.70655E-2 3.65723E-2 3.3575E-2 3.3812E-2 3.18843E-2 3.2425E-2 3.21005E-2 3.19634E-2 3.22871E-2 3.12301E-2 3.14876E-2 3.19761E-2 3.11202E-2 3.03478E-2 3.10197E-2 3.05684E-2 3.09721E-2 3.11019E-2 3.24575E-2 3.04646E-2 3.04712E-2 3.08522E-2 3.04065E-2 2.95422E-2 3.06757E-2 3.03002E-2 2.94822E-2 3.08626E-2 3.01272E-2 3.02184E-2 3.10068E-2 2.9198E-2 2.88926E-2 2.98995E-2 3.06676E-2 3.18374E-2 3.29301E-2 3.2726E-2 3.34159E-2 3.36581E-2 3.38332E-2 3.47583E-2
7.45173E-2 2.46296E-2 2.33483E-2 2.33068E-2 2.39E-2 2.39881E-2 2.47882E-2 2.62014E-2 2.7096E-2 2.762E-2 2.76111E-2 2.77197E-2 2.85002E-2 3.23253E-2 3.92494E-2 3.4103E-2 3.2547E-2 3.21093E-2 3.18564E-2 3.21617E-2 3.16357E-2 3.19707E-2 3.37652E-2 3.23573E-2 3.27381E-2 3.32069E-2 3.51628E-2 3.14115E-2 3.145E-2 3.13309E-2 3.136E-2 3.16997E-2 3.21293E-2 3.17212E-2 3.13919E-2 3.07004E-2 3.09938E-2 3.112E-2 3.08594E-2 3.08472E-2 3.08108E-2 3.0264E-2 3.01944E-2 3.04102E-2 3.01792E-2 3.03631E-2 3.08311E-2 3.04198E-2 3.00292E-2 3.19726E-2 2.92033E-2 3.02047E-2 3.12096E-2 3.20382E-2 3.32026E-2 3.34787E-2 3.34575E-2 3.43611E-2 3.50337E-2 3.59142E-2 3.58156E-2
7.79056E-2 2.59812E-2 2.45443E-2 2.37527E-2 2.44022E-2 2.50244E-2 2.50039E-2 2.66126E-2 2.73888E-2 2.78109E-2 2.85011E-2 2.87427E-2 2.84937E-2 3.25496E-2 3.51941E-2 3.26343E-2 3.10628E-2 3.1117E-2 3.1042E-2 3.19409E-2 3.30153E-2 3.27372E-2 3.25811E-2 3.30554E-2 3.27787E-2 3.20226E-2 3.20857E-2 3.18316E-2 3.20963E-2 3.11997E-2 3.05771E-2 3.07103E-2 3.08839E-2 3.06401E-2 3.06277E-2 3.09414E-2 3.07112E-2 3.01435E-2 3.05835E-2 3.0659E-2 3.05812E-2 3.04776E-2 3.11542E-2 3.14001E-2 3.11227E-2 3.03486E-2 3.0759E-2 3.103E-2 3.21435E-2 3.29105E-2 3.12883E-2 3.09804E-2 3.13109E-2 3.1716E-2 3.36503E-2 3.45929E-2 3.41941E-2 3.43449E-2 3.45046E-2 3.4927E-2 3.6144E-2
3.4052E-1 3.32477E-2 2.47623E-2 2.39587E-2 2.40652E-2 2.47154E-2 2.55498E-2 2.66007E-2 2.71766E-2 2.79316E-2 2.87617E-2 2.94026E-2 2.99583E-2 3.2898E-2 3.46519E-2 3.25378E-2 3.2238E-2 3.25568E-2 3.31139E-2 3.1661E-2 3.18083E-2 3.2908E-2 3.30064E-2 3.22526E-2 3.15863E-2 3.17504E-2 3.2016E-2 3.24047E-2 3.29857E-2 3.25116E-2 3.18804E-2 3.22112E-2 3.21848E-2 3.21843E-2 3.22486E-2 3.23592E-2 3.17449E-2 3.1371E-2 3.15678E-2 3.1977E-2 3.19342E-2 3.12813E-2 3.20158E-2 3.15478E-2 3.12473E-2 3.16186E-2 3.06475E-2 3.11707E-2 3.13708E-2 3.12862E-2 3.42705E-2 3.73413E-2 3.1525E-2 3.22028E-2 3.35693E-2 3.47246E-2 3.45606E-2 3.47082E-2 3.45416E-2 3.47001E-2 3.63192E-2
4.02188E-1 4.92134E-2 2.57227E-2 2.46798E-2 2.46027E-2 2.45916E-2 2.51843E-2 2.6169E-2 2.74914E-2 3.08746E-2 3.03204E-2 2.95345E-2 3.05393E-2 3.1696E-2 3.33339E-2 3.50598E-2 3.41376E-2 3.41444E-2 3.51652E-2 3.17202E-2 3.24937E-2 3.29491E-2 3.32643E-2 3.32173E-2 3.25923E-2 3.34901E-2 3.35491E-2 3.37981E-2 3.26541E-2 3.3062E-2 3.33345E-2 3.39264E-2 3.34082E-2 3.30043E-2 3.31306E-2 3.36454E-2 3.31171E-2 3.29387E-2 3.23728E-2 3.19361E-2 3.19376E-2 3.18426E-2 3.16972E-2 3.1011E-2 3.0994E-2 3.14658E-2 3.109E-2 3.11538E-2 3.06838E-2 3.16787E-2 3.32127E-2 3.46917E-2 3.2279E-2 3.21704E-2 3.22941E-2 3.39863E-2 3.42686E-2 3.46546E-2 3.51642E-2 3.53452E-2 3.63498E-2
3.8649E-1 4.02701E-1 2.71705E-2 2.57044E-2 2.73711E-2 2.64113E-2 2.66777E-2 2.66252E-2 2.84832E-2 2.89628E-2 2.93865E-2 2.96792E-2 3.06374E-2 2.96128E-2 3.04043E-2 3.99076E-2 3.80547E-2 4.25268E-2 3.8426E-2 3.37296E-2 3.32498E-2 3.52741E-2 3.54078E-2 3.50177E-2 3.49508E-2 3.51631E-2 3.52661E-2 3.48739E-2 3.45841E-2 3.45331E-2 3.45335E-2 3.35468E-2 3.27707E-2 3.34938E-2 3.42315E-2 3.42369E-2 3.38523E-2 3.39776E-2 3.37047E-2 3.25495E-2 3.25436E-2 3.30292E-2 3.28092E-2 3.20727E-2 3.16289E-2 3.11279E-2 3.05038E-2 3.09912E-2 3.1572E-2 3.09494E-2 3.32818E-2 3.40797E-2 3.29075E-2 3.35717E-2 3.35567E-2 3.34122E-2 3.31616E-2 3.46237E-2 3.50525E-2 3.61327E-2 3.60491E-2
4.01635E-1 -9999 4.37682E-2 3.15958E-2 2.95137E-2 3.00676E-2 3.03241E-2 2.85952E-2 2.99158E-2 3.14105E-2 3.2207E-2 3.01957E-2 3.17392E-2 3.16905E-2 3.43938E-2 3.99733E-2 3.92857E-2 3.69367E-2 3.42035E-2 3.31752E-2 3.35078E-2 3.4032E-2 3.40082E-2 3.43566E-2 3.46379E-2 3.41874E-2 3.4258E-2 3.46488E-2 3.5577E-2 3.51752E-2 3.50279E-2 3.38115E-2 3.37301E-2 3.50118E-2 3.43838E-2 3.4633E-2 3.50706E-2 3.40567E-2 3.35347E-2 3.27882E-2 3.33781E-2 3.34848E-2 3.41256E-2 3.47507E-2 3.32502E-2 3.3177E-2 3.3757E-2 3.2571E-2 3.26619E-2 3.44137E-2 3.56944E-2 3.72955E-2 3.67149E-2 3.70724E-2 3.50651E-2 3.47197E-2 3.35603E-2 3.47639E-2 3.61052E-2 3.76576E-2 3.89403E-2
4.02675E-1 -9999 -9999 3.07519E-2 3.21292E-2 3.05182E-2 2.89494E-2 2.99812E-2 3.23175E-2 3.2499E-2 3.23188E-2 3.18213E-2 3.12779E-2 3.1678E-2 3.23773E-2 3.57117E-2 3.53118E-2 3.32701E-2 3.31435E-2 3.31869E-2 3.37775E-2 3.49624E-2 3.55675E-2 3.55184E-2 3.47278E-2 3.43975E-2 3.52606E-2 3.5299E-2 3.4542E-2 3.45777E-2 3.40093E-2 3.46031E-2 3.47903E-2 3.48173E-2 3.51605E-2 3.53559E-2 3.50303E-2 3.42176E-2 3.49508E-2 3.47937E-2 3.50805E-2 3.48612E-2 3.49796E-2 3.58851E-2 3.54695E-2 3.64595E-2 3.45935E-2 3.47553E-2 3.46045E-2 3.46123E-2 3.60406E-2 3.76916E-2 3.56316E-2 3.52777E-2 3.48086E-2 3.43545E-2 3.33895E-2 3.4075E-2 3.56981E-2 3.75978E-2 3.88537E-2
3.1598E-2 9.69172E-2 4.47038E-2 3.35826E-2 3.33647E-2 3.2585E-2 3.1557E-2 3.38585E-2 3.33272E-2 3.25248E-2 3.32793E-2 3.33531E-2 3.49977E-2 3.44042E-2 3.40248E-2 3.35627E-2 3.25103E-2 3.34651E-2 3.66144E-2 3.88995E-2 3.77674E-2 3.53745E-2 3.4228E-2 3.41562E-2 3.45944E-2 3.59264E-2 3.58263E-2 3.52452E-2 3.47004E-2 3.42811E-2 3.51108E-2 3.49629E-2 3.51413E-2 3.52964E-2 3.50744E-2 3.51894E-2 3.6465E-2 3.67002E-2 3.649E-2 3.68717E-2 3.80452E-2 3.69227E-2 3.82672E-2 3.75279E-2 3.6037E-2 3.55269E-2 3.35404E-2 3.45788E-2 3.45822E-2 3.44433E-2 3.51488E-2 3.52154E-2 3.50524E-2 3.35238E-2 3.60468E-2 3.57928E-2 3.69289E-2 3.66192E-2 3.57484E-2 3.64468E-2 3.66983E-2
4.08495E-1 3.81362E-2 3.808E-2 3.52372E-2 3.30825E-2 3.2128E-2 3.20296E-2 3.20367E-2 3.14211E-2 3.16474E-2 3.29089E-2 3.25129E-2 3.25023E-2 3.24274E-2 3.25484E-2 3.29352E-2 3.26585E-2 3.29698E-2 3.39142E-2 3.6215E-2 3.62755E-2 3.58279E-2 3.61122E-2 3.61745E-2 3.62131E-2 3.62751E-2 3.63847E-2 3.62218E-2 3.55211E-2 3.54126E-2 3.43326E-2 3.48722E-2 3.48976E-2 3.59712E-2 3.54897E-2 3.60232E-2 3.66484E-2 3.71321E-2 3.94535E-2 3.90088E-2 3.78414E-2 3.94735E-2 3.86046E-2 3.74022E-2 3.64011E-2 3.56188E-2 3.31313E-2 3.37256E-2 3.56096E-2 3.34928E-2 3.70755E-2 3.77896E-2 3.52751E-2 3.5725E-2 3.51056E-2 3.72981E-2 3.70207E-2 3.66399E-2 3.51305E-2 3.57328E-2 3.75342E-2
5.58149E-2 3.77103E-2 3.91167E-2 3.57416E-2 3.44884E-2 3.2568E-2 3.24485E-2 3.45935E-2 3.42105E-2 3.33757E-2 3.26453E-2 3.29272E-2 3.57107E-2 3.4908E-2 3.32147E-2 3.27252E-2 3.30416E-2 3.43901E-2 3.4749E-2 3.61282E-2 3.55145E-2 3.55919E-2 3.53321E-2 3.70745E-2 3.70844E-2 3.5973E-2 3.62305E-2 3.64393E-2 3.62946E-2 3.53383E-2 3.54502E-2 3.69423E-2 3.70754E-2 3.75567E-2 3.66585E-2 3.62555E-2 3.67718E-2 4.0111E-2 4.39917E-2 4.17772E-2 3.96211E-2 3.78816E-2 3.76124E-2 3.55521E-2 3.50813E-2 3.48947E-2 3.40974E-2 3.49406E-2 3.46589E-2 3.62067E-2 3.64436E-2 3.5155E-2 3.44309E-2 3.70461E-2 4.41382E-2 3.58603E-2 3.63732E-2 3.84553E-2 3.80469E-2 3.73793E-2 4.14573E-2
5.47945E-2 4.07705E-2 4.50017E-2 3.44515E-2 3.38866E-2 3.27985E-2 3.31228E-2 3.6661E-2 3.56334E-2 3.41969E-2 3.47138E-2 3.59343E-2 3.67086E-2 3.57469E-2 3.49188E-2 3.48968E-2 3.51837E-2 3.42323E-2 3.50678E-2 3.64693E-2 3.56172E-2 3.60577E-2 3.63847E-2 3.71263E-2 3.7297E-2 3.69519E-2 3.66685E-2 3.68008E-2 3.70291E-2 3.64416E-2 3.67335E-2 3.70357E-2 3.74636E-2 3.77424E-2 3.74469E-2 3.62586E-2 3.71646E-2 3.89053E-2 3.77001E-2 3.68476E-2 3.72083E-2 3.74419E-2 3.71532E-2 3.70726E-2 3.65727E-2 3.69727E-2 3.62323E-2 3.59856E-2 3.61466E-2 3.70635E-2 3.53802E-2 3.6296E-2 3.6595E-2 3.63665E-2 4.04862E-2 3.71642E-2 3.7032E-2 3.84201E-2 3.81784E-2 4.00989E-2 5.02032E-2
4.09335E-2 4.97402E-2 4.3887E-2 3.7408E-2 3.62165E-2 3.59347E-2 3.66058E-2 3.76041E-2 3.68829E-2 3.52164E-2 3.64087E-2 3.71757E-2 3.63021E-2 3.70036E-2 3.85348E-2 3.57999E-2 3.68403E-2 3.57467E-2 3.61337E-2 3.74064E-2 3.82688E-2 3.83813E-2 3.91511E-2 4.04107E-2 4.01296E-2 3.97762E-2 3.90028E-2 3.77987E-2 3.74633E-2 3.70068E-2 3.6493E-2 3.69251E-2 3.707E-2 3.85007E-2 3.71015E-2 3.64883E-2 3.81686E-2 3.73401E-2 3.6154E-2 3.70838E-2 3.76195E-2 3.73005E-2 3.77018E-2 3.6611E-2 3.73939E-2 3.58644E-2 3.71342E-2 3.58996E-2 3.7025E-2 3.75533E-2 3.7921E-2 3.8262E-2 3.86399E-2 3.73235E-2 3.79359E-2 3.79498E-2 3.72808E-2 3.9181E-2 3.98532E-2 4.02566E-2 5.17697E-2
4.07462E-2 4.60367E-2 4.32373E-2 3.66651E-2 3.75893E-2 3.866E-2 3.79223E-2 3.62573E-2 3.89558E-2 4.19376E-2 3.97487E-2 3.87736E-2 3.94578E-2 3.94159E-2 3.63333E-2 3.61474E-2 3.79545E-2 3.80501E-2 3.79433E-2 3.88791E-2 3.92151E-2 3.96021E-2 3.96425E-2 3.95298E-2 3.89922E-2 3.81739E-2 3.861E-2 3.88452E-2 3.89634E-2 3.74942E-2 3.75882E-2 3.7006E-2 3.63892E-2 3.69912E-2 4.11757E-2 5.54248E-2 5.4341E-2 4.61226E-2 3.96528E-2 3.58181E-2 3.73508E-2 3.79184E-2 3.78046E-2 3.84109E-2 3.68243E-2 3.59227E-2 3.64364E-2 3.65076E-2 3.72626E-2 3.75998E-2 3.51904E-2 3.77807E-2 4.28651E-2 4.16006E-2 3.76457E-2 3.908E-2 3.97163E-2 3.90179E-2 4.00212E-2 3.97744E-2 4.41939E-2
4.07808E-2 3.92528E-2 4.00884E-2 3.77835E-2 4.03691E-2 4.1039E-2 3.80526E-2 3.87941E-2 4.03438E-2 4.31345E-2 4.02292E-2 3.96768E-2 4.03765E-2 3.91255E-2 3.67482E-2 3.82004E-2 3.94581E-2 3.93619E-2 3.73296E-2 3.87592E-2 3.84371E-2 3.91673E-2 4.07685E-2 3.84361E-2 3.78071E-2 3.7803E-2 3.8079E-2 3.86345E-2 3.85174E-2 3.88451E-2 3.90386E-2 3.85464E-2 3.67213E-2 4.72E-2 6.77895E-2 5.19575E-2 4.54917E-2 4.23511E-2 3.77085E-2 3.77381E-2 3.87395E-2 3.86681E-2 3.85614E-2 3.81904E-2 3.76907E-2 3.8161E-2 3.68322E-2 3.69494E-2 3.68256E-2 3.71199E-2 3.51782E-2 3.5781E-2 3.97597E-2 4.23725E-2 4.0045E-2 4.13609E-2 4.25689E-2 4.11917E-2 4.37E-2 4.06584E-2 4.18701E-2
3.93384E-2 3.75383E-2 3.81671E-2 3.9042E-2 4.21468E-2 4.35002E-2 4.43049E-2 4.47554E-2 4.55618E-2 4.36954E-2 4.31551E-2 4.37643E-2 4.63635E-2 4.77808E-2 4.33215E-2 4.02213E-2 3.93844E-2 4.14557E-2 4.07735E-2 3.91429E-2 3.89967E-2 3.88999E-2 3.98409E-2 3.97239E-2 3.8967E-2 3.8704E-2 3.87942E-2 4.12119E-2 4.03828E-2 4.06834E-2 3.86666E-2 4.03257E-2 6.42721E-2 6.46507E-2 4.84317E-2 4.39847E-2 3.7256E-2 3.7747E-2 3.89179E-2 4.13492E-2 3.81825E-2 3.92573E-2 3.82254E-2 3.84034E-2 3.78613E-2 3.93239E-2 3.74479E-2 3.48129E-2 3.49624E-2 3.54339E-2 3.58197E-2 3.53017E-2 3.99425E-2 3.95818E-2 4.06317E-2 4.37898E-2 4.5288E-2 4.23271E-2 4.18072E-2 4.18319E-2 4.27169E-2
3.69177E-2 3.81449E-2 3.89788E-2 4.14571E-2 4.26671E-2 4.39711E-2 4.44191E-2 4.43969E-2 4.30183E-2 4.13553E-2 4.17591E-2 4.21707E-2 4.35394E-2 4.51794E-2 4.10737E-2 4.01014E-2 4.19966E-2 4.0441E-2 3.90656E-2 3.88098E-2 3.7683E-2 3.78454E-2 3.82938E-2 3.91346E-2 3.87495E-2 3.93958E-2 4.04494E-2 4.13523E-2 4.07983E-2 4.05982E-2 3.93845E-2 4.73186E-2 5.9188E-2 4.36874E-2 3.99005E-2 3.96442E-2 3.91278E-2 3.90773E-2 4.04424E-2 3.96973E-2 3.91352E-2 3.89055E-2 3.85571E-2 3.82052E-2 3.88159E-2 3.82557E-2 3.81971E-2 3.58355E-2 3.6748E-2 3.96416E-2 4.11099E-2 3.7256E-2 3.66779E-2 4.08261E-2 4.21836E-2 4.58708E-2 4.37153E-2 4.27452E-2 4.2204E-2 4.05051E-2 4.31277E-2
3.74214E-2 3.866E-2 3.79531E-2 4.2537E-2 4.35173E-2 4.42763E-2 4.40649E-2 4.37499E-2 4.34314E-2 4.14357E-2 4.0271E-2 4.07315E-2 4.15523E-2 4.07468E-2 4.06589E-2 4.22119E-2 4.17485E-2 3.99377E-2 4.11845E-2 4.15351E-2 3.9332E-2 3.9578E-2 4.00743E-2 4.15073E-2 4.03982E-2 4.13681E-2 4.14388E-2 4.08913E-2 4.12439E-2 4.07036E-2 4.02029E-2 5.16929E-2 4.30497E-2 4.03942E-2 4.1651E-2 4.19358E-2 3.99531E-2 3.96775E-2 4.12209E-2 4.05751E-2 3.99386E-2 3.94515E-2 3.86355E-2 3.89296E-2 3.87341E-2 3.91845E-2 3.9491E-2 3.83052E-2 3.88241E-2 3.84437E-2 4.21601E-2 3.97401E-2 3.69774E-2 3.88568E-2 4.15391E-2 4.63793E-2 4.86088E-2 4.42616E-2 4.40411E-2 4.14334E-2 4.11282E-2
3.80684E-2 3.8365E-2 3.8925E-2 4.14486E-2 4.28069E-2 4.26157E-2 4.24888E-2 4.30939E-2 4.25366E-2 4.06319E-2 3.95243E-2 4.11905E-2 4.11768E-2 4.14826E-2 4.06261E-2 3.92703E-2 3.99193E-2 4.00047E-2 4.13258E-2 4.16656E-2 3.97877E-2 3.94418E-2 4.11657E-2 4.18991E-2 4.05728E-2 4.24446E-2 4.08084E-2 4.11808E-2 4.10933E-2 4.25423E-2 4.08888E-2 4.49501E-2 4.2156E-2 4.17776E-2 4.21364E-2 4.14387E-2 4.05239E-2 4.19181E-2 4.18435E-2 4.18109E-2 3.99643E-2 4.00667E-2 3.94668E-2 4.11885E-2 4.04838E-2 4.01887E-2 3.89188E-2 3.84427E-2 3.87727E-2 3.89676E-2 3.88471E-2 3.86161E-2 3.8697E-2 4.00628E-2 3.92337E-2 4.33079E-2 4.60443E-2 4.40612E-2 4.3701E-2 4.48333E-2 4.37865E-2
3.97882E-2 3.95181E-2 4.05046E-2 4.11494E-2 4.06397E-2 4.18186E-2 4.14851E-2 4.11471E-2 4.06758E-2 4.12219E-2 4.38903E-2 4.08663E-2 4.06168E-2 4.30867E-2 4.18538E-2 3.90363E-2 3.93688E-2 3.96766E-2 3.96113E-2 3.98426E-2 3.97776E-2 4.02536E-2 3.99194E-2 4.08244E-2 4.04287E-2 4.03743E-2 4.02981E-2 4.03029E-2 4.06945E-2 4.17361E-2 4.14613E-2 4.30237E-2 4.21928E-2 4.23869E-2 4.17059E-2 4.13229E-2 4.14553E-2 4.20741E-2 4.0572E-2 4.00195E-2 4.17903E-2 4.0844E-2 3.9782E-2 4.10946E-2 4.17603E-2 4.0912E-2 4.06216E-2 4.05535E-2 4.01763E-2 4.07892E-2 3.90995E-2 4.04464E-2 4.0964E-2 4.17147E-2 4.1397E-2 4.31533E-2 4.77498E-2 4.93755E-2 4.62085E-2 5.00074E-2 4.73016E-2
4.02709E-2 4.0084E-2 3.97874E-2 4.03889E-2 4.02416E-2 4.05823E-2 3.99935E-2 4.0128E-2 4.05637E-2 3.98254E-2 4.22691E-2 4.07643E-2 4.03948E-2 4.27884E-2 4.03992E-2 3.94038E-2 3.87171E-2 3.92467E-2 3.91127E-2 3.91404E-2 3.93638E-2 3.9919E-2 4.02436E-2 3.99387E-2 3.98455E-2 3.92416E-2 3.97023E-2 4.14946E-2 4.20239E-2 4.18007E-2 4.36014E-2 4.36597E-2 4.33634E-2 4.25705E-2 4.21715E-2 4.1734E-2 4.30467E-2 4.35306E-2 4.21381E-2 4.25933E-2 4.38174E-2 4.23807E-2 4.08748E-2 4.11656E-2 4.17336E-2 4.18872E-2 4.25533E-2 4.5427E-2 3.98298E-2 3.9861E-2 4.02128E-2 4.31376E-2 4.27187E-2 4.42061E-2 4.5921E-2 4.39803E-2 4.67748E-2 5.18066E-2 4.96586E-2 5.03248E-2 5.49638E-2
3.82965E-2 3.84356E-2 3.87961E-2 3.90853E-2 3.93119E-2 4.05341E-2 4.29725E-2 4.02042E-2 4.18054E-2 4.25919E-2 4.22653E-2 4.25362E-2 3.96922E-2 3.97304E-2 4.044E-2 4.10522E-2 3.86843E-2 3.91336E-2 4.02081E-2 4.00423E-2 4.00253E-2 4.22441E-2 4.04046E-2 4.05257E-2 4.11048E-2 4.29258E-2 4.15013E-2 4.24317E-2 4.41432E-2 4.65209E-2 4.5603E-2 4.42402E-2 4.34928E-2 4.27271E-2 4.26859E-2 4.21546E-2 4.30114E-2 4.30623E-2 4.27961E-2 4.27762E-2 4.31874E-2 4.32086E-2 4.18089E-2 4.16862E-2 4.1075E-2 4.26783E-2 4.26359E-2 4.56788E-2 4.25224E-2 4.36179E-2 4.29987E-2 4.39327E-2 4.54137E-2 4.75212E-2 4.71151E-2 4.76792E-2 4.8446E-2 5.13908E-2 5.32982E-2 5.13826E-2 5.95295E-2
3.84929E-2 3.87252E-2 3.88781E-2 3.88979E-2 3.9179E-2 3.95876E-2 3.99249E-2 3.99602E-2 4.02994E-2 4.02867E-2 3.97725E-2 4.2112E-2 4.03293E-2 4.23494E-2 4.81757E-2 3.85913E-2 3.9209E-2 3.96071E-2 3.98285E-2 4.0193E-2 3.98523E-2 3.97616E-2 4.02852E-2 4.04712E-2 4.0035E-2 4.08487E-2 4.22671E-2 4.29714E-2 4.35313E-2 4.50309E-2 4.44326E-2 4.482E-2 4.51738E-2 4.40246E-2 4.31746E-2 4.3995E-2 4.30421E-2 4.34864E-2 4.2348E-2 4.20958E-2 4.37672E-2 4.31308E-2 4.28137E-2 4.2041E-2 4.24331E-2 4.32219E-2 4.30933E-2 4.40351E-2 4.44276E-2 4.53815E-2 4.72615E-2 4.79579E-2 5.05455E-2 5.18926E-2 5.21238E-2 5.07178E-2 5.08615E-2 5.33509E-2 5.69485E-2 5.6854E-2 5.93052E-2
3.8864E-2 3.85732E-2 3.88659E-2 3.87195E-2 3.88114E-2 3.89672E-2 3.93128E-2 3.96582E-2 3.97835E-2 3.94606E-2 3.8766E-2 3.88955E-2 3.9665E-2 4.07957E-2 3.94431E-2 4.13562E-2 4.66217E-2 4.00793E-2 4.00455E-2 4.25218E-2 4.15073E-2 4.1041E-2 4.04805E-2 4.06924E-2 4.16651E-2 4.2524E-2 4.21358E-2 4.38168E-2 4.46133E-2 4.43505E-2 4.46425E-2 4.54036E-2 4.44178E-2 4.51407E-2 4.43611E-2 4.37617E-2 4.54305E-2 4.30093E-2 4.27584E-2 4.20991E-2 4.20626E-2 4.10719E-2 4.22151E-2 4.27653E-2 4.44997E-2 4.45447E-2 4.50091E-2 4.53478E-2 4.69049E-2 4.76513E-2 5.00793E-2 5.31028E-2 6.66421E-2 5.77215E-2 6.44193E-2 5.51494E-2 5.69598E-2 5.84E-2 6.44109E-2 6.35751E-2 6.49591E-2
