maxent_outputs/red_flowers_troch_bombus_environ/red_304.asc
ncols         426
nrows         180
xllcorner     -130.0
yllcorner     24.0
cellsize      0.16666666666666666
NODATA_value  -9999
[rows 108 to 134 of 180, columns 244 to 304 of 426]
3.00445E-1 3.01607E-1 2.89337E-1 2.85385E-1 2.94467E-1 3.01001E-1 2.90093E-1 2.7674E-1 2.73075E-1 2.65651E-1 2.65209E-1 2.72502E-1 2.78119E-1 2.75594E-1 2.70061E-1 2.75731E-1 2.89481E-1 3.09017E-1 3.21441E-1 3.3346E-1 3.20677E-1 3.0476E-1 3.06368E-1 3.1029E-1 3.13844E-1 3.14591E-1 3.05824E-1 3.00088E-1 2.89233E-1 2.70226E-1 2.53918E-1 2.50224E-1 2.43894E-1 2.27169E-1 2.17879E-1 2.11087E-1 1.99785E-1 1.9517E-1 1.9618E-1 1.95746E-1 2.22952E-1 2.4461E-1 2.72081E-1 2.68194E-1 2.7947E-1 3.29057E-1 3.41397E-1 3.47741E-1 3.44685E-1 3.29461E-1 3.16583E-1 3.04995E-1 3.04816E-1 3.14182E-1 3.26209E-1 3.22252E-1 3.19932E-1 3.21006E-1 3.21532E-1 3.24364E-1 3.23819E-1
3.01689E-1 3.03825E-1 3.10797E-1 3.04903E-1 2.96632E-1 2.91314E-1 2.97206E-1 2.85941E-1 2.79027E-1 2.7155E-1 2.74254E-1 2.78477E-1 2.9524E-1 3.05001E-1 2.99519E-1 3.08215E-1 3.25217E-1 3.35205E-1 3.49022E-1 3.49023E-1 3.33329E-1 3.14006E-1 3.21771E-1 3.23864E-1 3.27176E-1 3.23686E-1 3.19997E-1 3.21373E-1 3.05467E-1 2.84988E-1 2.74815E-1 2.6483E-1 2.56201E-1 2.40237E-1 2.30122E-1 2.27059E-1 2.5426E-1 2.22323E-1 2.31404E-1 2.13377E-1 2.2005E-1 3.01316E-1 3.25757E-1 3.39166E-1 3.6577E-1 3.79792E-1 3.86921E-1 3.77531E-1 3.61263E-1 3.43478E-1 3.36172E-1 3.24641E-1 3.23218E-1 3.39197E-1 3.56898E-1 3.47102E-1 3.37447E-1 3.36864E-1 3.3281E-1 3.39717E-1 3.37598E-1
3.07283E-1 3.14694E-1 3.18847E-1 3.04466E-1 2.94474E-1 2.93725E-1 3.0629E-1 2.99101E-1 2.94359E-1 2.87326E-1 2.93478E-1 2.99328E-1 3.16373E-1 3.24151E-1 3.20409E-1 3.24733E-1 3.35153E-1 3.51546E-1 3.63302E-1 3.71554E-1 3.49127E-1 3.40316E-1 3.48194E-1 3.3904E-1 3.29291E-1 3.29371E-1 3.24605E-1 3.26152E-1 3.16911E-1 3.04044E-1 2.97266E-1 2.85776E-1 2.75592E-1 2.80575E-1 2.99676E-1 3.33193E-1 3.16728E-1 2.91811E-1 2.50027E-1 2.68926E-1 2.77052E-1 3.34609E-1 3.67343E-1 3.96882E-1 4.13916E-1 4.12636E-1 3.96861E-1 3.73328E-1 3.5805E-1 3.53879E-1 3.55363E-1 3.44198E-1 3.50906E-1 3.56821E-1 3.66708E-1 3.59645E-1 3.57789E-1 3.47953E-1 3.5079E-1 3.48043E-1 3.52778E-1
3.15568E-1 3.15374E-1 3.25834E-1 3.11951E-1 3.00232E-1 3.05669E-1 3.14154E-1 3.23743E-1 3.18122E-1 3.18097E-1 3.20872E-1 3.25957E-1 3.40987E-1 3.32256E-1 3.21378E-1 3.16856E-1 3.27117E-1 3.39622E-1 3.51115E-1 3.67123E-1 3.78813E-1 3.83531E-1 3.66759E-1 3.51639E-1 3.42102E-1 3.31117E-1 3.36354E-1 3.39519E-1 3.34886E-1 3.16779E-1 3.02588E-1 3.02251E-1 2.99772E-1 2.95584E-1 3.03476E-1 3.1745E-1 3.14108E-1 4.06398E-1 4.17099E-1 4.30593E-1 3.75364E-1 4.09994E-1 4.35172E-1 4.30695E-1 4.17294E-1 4.02896E-1 3.83412E-1 3.73056E-1 3.59464E-1 3.55692E-1 3.59826E-1 3.58479E-1 3.59226E-1 3.63388E-1 3.72666E-1 3.78757E-1 3.68037E-1 3.60351E-1 3.62548E-1 3.64607E-1 3.62818E-1
3.28641E-1 3.22929E-1 3.3015E-1 3.14315E-1 3.028E-1 3.19193E-1 3.30635E-1 3.30921E-1 3.30455E-1 3.33638E-1 3.39855E-1 3.47965E-1 3.51497E-1 3.4663E-1 3.36523E-1 3.24041E-1 3.29968E-1 3.39317E-1 3.49491E-1 3.65597E-1 3.77989E-1 3.94133E-1 3.75524E-1 3.59142E-1 3.52839E-1 3.43203E-1 3.47285E-1 3.45872E-1 3.432E-1 3.1956E-1 3.00311E-1 3.24473E-1 3.32456E-1 3.54012E-1 3.90026E-1 3.7616E-1 4.31705E-1 4.94244E-1 5.95985E-1 5.45929E-1 5.09528E-1 4.80893E-1 4.63429E-1 4.31853E-1 4.1551E-1 4.01314E-1 3.84556E-1 3.74889E-1 3.64175E-1 3.68905E-1 3.70553E-1 3.72956E-1 3.61594E-1 3.67337E-1 3.72329E-1 3.70252E-1 3.69024E-1 3.67842E-1 3.68098E-1 3.72511E-1 3.76278E-1
3.41011E-1 3.4035E-1 3.45091E-1 3.28146E-1 3.20407E-1 3.29523E-1 3.4301E-1 3.4103E-1 3.42684E-1 3.4085E-1 3.49131E-1 3.53696E-1 3.56635E-1 3.60528E-1 3.50207E-1 3.38459E-1 3.34962E-1 3.43105E-1 3.54755E-1 3.70732E-1 3.81324E-1 3.87824E-1 3.68765E-1 3.68601E-1 3.56147E-1 3.54822E-1 3.59511E-1 3.59302E-1 3.53132E-1 3.26492E-1 3.14792E-1 3.07696E-1 3.27958E-1 3.94351E-1 4.81182E-1 4.90118E-1 6.08148E-1 6.55111E-1 6.20759E-1 6.26973E-1 5.66923E-1 5.23089E-1 4.67908E-1 4.34707E-1 4.18022E-1 3.99536E-1 3.83873E-1 3.74027E-1 3.7958E-1 3.876E-1 3.8387E-1 3.7844E-1 3.72811E-1 3.69548E-1 3.64221E-1 3.61902E-1 3.64045E-1 3.66002E-1 3.66797E-1 3.75983E-1 3.84724E-1
3.71672E-1 3.59617E-1 3.5613E-1 3.4746E-1 3.43897E-1 3.44153E-1 3.55108E-1 3.56399E-1 3.55883E-1 3.51484E-1 3.56817E-1 3.6376E-1 3.69083E-1 3.64649E-1 3.64979E-1 3.54912E-1 3.54685E-1 3.53012E-1 3.62424E-1 3.73072E-1 3.85425E-1 3.84343E-1 3.77353E-1 3.70616E-1 3.6105E-1 3.69243E-1 3.77632E-1 3.82347E-1 3.7593E-1 3.51831E-1 3.42713E-1 3.45085E-1 3.6646E-1 4.42161E-1 5.16869E-1 5.83853E-1 6.35085E-1 6.05736E-1 5.68418E-1 5.63059E-1 5.45745E-1 5.18992E-1 4.70674E-1 4.38904E-1 4.2239E-1 4.01529E-1 3.88008E-1 3.85625E-1 3.93842E-1 4.00936E-1 4.01631E-1 3.92784E-1 3.83338E-1 3.83684E-1 3.74348E-1 3.65342E-1 3.70016E-1 3.72674E-1 3.76823E-1 3.86486E-1 3.91996E-1
3.84033E-1 3.7164E-1 3.69719E-1 3.67592E-1 3.6887E-1 3.63339E-1 3.66067E-1 3.65327E-1 3.66958E-1 3.68686E-1 3.65422E-1 3.7294E-1 3.83199E-1 3.84178E-1 3.77981E-1 3.81938E-1 3.74745E-1 3.64241E-1 3.67357E-1 3.75466E-1 3.81377E-1 3.75464E-1 3.67947E-1 3.70291E-1 3.71045E-1 3.79624E-1 3.90982E-1 3.92323E-1 4.0978E-1 4.13297E-1 3.99343E-1 4.15334E-1 4.41229E-1 4.98551E-1 5.52231E-1 6.14085E-1 6.04869E-1 5.70788E-1 5.58166E-1 5.36492E-1 5.22753E-1 4.91771E-1 4.64872E-1 4.34612E-1 4.17799E-1 3.99678E-1 3.91694E-1 3.9707E-1 4.08598E-1 4.10518E-1 4.05104E-1 4.05969E-1 4.04712E-1 4.05748E-1 3.94992E-1 3.86352E-1 3.84561E-1 3.84477E-1 3.89128E-1 3.94023E-1 4.00821E-1
3.89713E-1 3.82792E-1 3.79951E-1 3.771E-1 3.83027E-1 3.87016E-1 3.86048E-1 3.82085E-1 3.78183E-1 3.73389E-1 3.78274E-1 3.88808E-1 3.96403E-1 3.93038E-1 3.95521E-1 3.78243E-1 3.7263E-1 3.679E-1 3.70368E-1 3.81094E-1 3.68646E-1 3.64123E-1 3.65096E-1 3.65459E-1 3.7191E-1 3.80911E-1 3.81103E-1 3.92884E-1 4.28406E-1 4.40214E-1 4.48516E-1 4.83307E-1 5.17079E-1 5.4169E-1 5.71335E-1 5.90598E-1 5.62833E-1 5.66957E-1 5.35348E-1 5.1292E-1 4.93542E-1 4.78276E-1 4.55592E-1 4.38125E-1 4.19058E-1 4.08933E-1 3.99002E-1 4.02989E-1 4.11869E-1 4.12407E-1 4.08851E-1 4.15895E-1 4.30891E-1 4.20939E-1 4.12289E-1 4.0615E-1 4.06399E-1 4.06518E-1 4.05321E-1 4.14948E-1 4.08957E-1
3.81965E-1 3.84463E-1 3.81737E-1 3.87899E-1 3.97846E-1 4.0691E-1 4.04677E-1 3.94547E-1 3.80797E-1 3.73823E-1 3.82546E-1 3.99734E-1 4.04222E-1 4.00755E-1 3.92366E-1 3.85122E-1 3.65654E-1 3.53508E-1 3.60132E-1 3.45918E-1 3.46564E-1 3.57459E-1 3.61484E-1 3.69912E-1 3.7802E-1 3.80927E-1 3.73263E-1 3.7765E-1 4.22749E-1 4.55679E-1 4.77963E-1 5.08591E-1 5.23988E-1 5.50998E-1 5.5017E-1 5.26386E-1 5.16295E-1 5.19264E-1 5.32021E-1 5.10117E-1 4.80432E-1 4.61861E-1 4.49492E-1 4.41135E-1 4.39918E-1 4.24918E-1 4.11806E-1 4.10206E-1 4.15014E-1 4.19487E-1 4.20835E-1 4.2599E-1 4.33253E-1 4.27623E-1 4.25289E-1 4.21149E-1 4.22056E-1 4.23257E-1 4.24749E-1 4.29111E-1 4.22541E-1
3.6967E-1 3.77201E-1 3.88714E-1 3.93843E-1 4.13343E-1 4.23628E-1 4.19764E-1 3.98744E-1 3.83926E-1 3.83585E-1 3.97684E-1 4.05317E-1 4.07868E-1 4.06246E-1 3.96595E-1 3.9011E-1 3.72456E-1 3.49912E-1 3.35206E-1 3.28981E-1 3.43782E-1 3.67674E-1 3.87058E-1 3.86049E-1 3.96071E-1 3.91449E-1 3.78282E-1 3.9062E-1 4.36797E-1 4.65993E-1 4.79744E-1 5.10833E-1 5.33788E-1 5.42655E-1 5.13315E-1 5.01229E-1 4.80371E-1 4.70629E-1 4.77544E-1 4.92374E-1 4.75047E-1 4.63693E-1 4.54676E-1 4.60081E-1 4.60853E-1 4.49651E-1 4.26293E-1 4.24554E-1 4.29786E-1 4.3357E-1 4.33232E-1 4.27195E-1 4.29398E-1 4.3561E-1 4.36136E-1 4.36681E-1 4.33513E-1 4.34578E-1 4.32044E-1 4.42729E-1 4.39222E-1
3.67405E-1 3.78601E-1 3.90051E-1 3.95863E-1 4.12316E-1 4.20584E-1 4.25575E-1 4.06151E-1 3.92493E-1 3.94238E-1 4.02469E-1 4.06191E-1 4.12992E-1 4.22627E-1 4.08719E-1 4.03512E-1 3.81908E-1 3.51677E-1 3.31698E-1 3.43696E-1 3.60536E-1 3.81963E-1 3.92499E-1 3.85842E-1 3.86952E-1 3.92588E-1 3.95831E-1 4.08227E-1 4.48941E-1 4.75997E-1 5.06642E-1 5.18849E-1 5.3355E-1 5.0466E-1 4.90588E-1 4.88227E-1 4.8031E-1 4.59725E-1 4.58356E-1 4.69503E-1 4.72916E-1 4.77391E-1 4.59718E-1 4.52184E-1 4.43222E-1 4.51106E-1 4.4708E-1 4.54488E-1 4.61407E-1 4.6096E-1 4.55062E-1 4.44291E-1 4.43765E-1 4.46158E-1 4.45794E-1 4.30808E-1 4.26863E-1 4.25247E-1 4.37391E-1 4.53029E-1 4.52101E-1
3.75585E-1 3.85338E-1 3.98242E-1 4.05051E-1 4.11013E-1 4.20903E-1 4.29311E-1 4.17058E-1 4.04579E-1 4.07303E-1 4.13141E-1 4.19465E-1 4.16705E-1 4.16753E-1 4.17805E-1 4.12144E-1 3.98389E-1 3.71745E-1 3.57838E-1 3.66886E-1 3.7465E-1 3.83102E-1 3.96792E-1 3.85381E-1 3.86337E-1 3.93041E-1 4.08316E-1 4.26054E-1 4.44391E-1 4.87809E-1 5.20254E-1 5.38474E-1 5.31977E-1 4.87729E-1 4.82004E-1 4.91565E-1 4.59524E-1 4.51476E-1 4.5283E-1 4.65007E-1 4.86814E-1 4.78194E-1 4.45605E-1 4.27354E-1 4.24292E-1 4.42759E-1 4.53236E-1 4.55843E-1 4.64257E-1 4.7964E-1 4.69374E-1 4.5843E-1 4.57572E-1 4.5077E-1 4.41771E-1 4.31095E-1 4.31395E-1 4.34818E-1 4.47714E-1 4.65769E-1 4.65071E-1
3.94298E-1 3.99568E-1 4.10096E-1 4.22051E-1 4.27272E-1 4.37845E-1 4.43282E-1 4.30828E-1 4.19198E-1 4.26494E-1 4.31126E-1 4.31482E-1 4.32295E-1 4.1884E-1 4.14585E-1 4.1763E-1 4.07496E-1 3.97388E-1 3.90204E-1 3.88199E-1 3.82564E-1 3.96823E-1 3.9882E-1 4.02201E-1 4.04765E-1 4.07664E-1 4.17767E-1 4.25312E-1 4.52309E-1 4.93019E-1 5.15501E-1 5.17323E-1 5.08242E-1 4.88724E-1 4.72083E-1 4.60542E-1 4.43159E-1 4.36678E-1 4.56579E-1 4.82681E-1 4.74259E-1 4.59848E-1 4.53355E-1 4.1937E-1 4.20279E-1 4.4017E-1 4.51904E-1 4.58573E-1 4.7183E-1 4.75115E-1 4.77636E-1 4.67195E-1 4.56807E-1 4.46306E-1 4.40435E-1 4.34436E-1 4.41038E-1 4.51078E-1 4.68801E-1 4.81689E-1 4.95523E-1
4.10385E-1 4.19675E-1 4.34934E-1 4.51928E-1 4.60935E-1 4.74781E-1 4.69728E-1 4.41878E-1 4.34968E-1 4.43822E-1 4.57637E-1 4.58003E-1 4.49758E-1 4.2465E-1 4.29625E-1 4.60825E-1 4.29703E-1 4.26887E-1 4.33159E-1 4.17698E-1 4.00332E-1 4.03532E-1 4.1535E-1 4.23539E-1 4.25806E-1 4.27406E-1 4.24257E-1 4.29932E-1 4.51056E-1 4.86693E-1 4.91302E-1 4.90761E-1 4.95366E-1 4.79019E-1 4.6474E-1 4.52911E-1 4.40008E-1 4.27219E-1 4.44896E-1 4.69197E-1 4.70201E-1 4.55923E-1 4.35856E-1 4.3543E-1 4.30697E-1 4.47231E-1 4.5355E-1 4.64558E-1 4.75831E-1 4.79675E-1 4.85418E-1 4.67921E-1 4.59253E-1 4.63364E-1 4.54333E-1 4.41219E-1 4.53601E-1 4.69826E-1 4.93352E-1 5.14153E-1 5.14535E-1
4.36188E-1 4.45065E-1 4.63001E-1 4.8296E-1 4.77184E-1 4.87347E-1 4.57128E-1 4.39966E-1 4.47887E-1 4.65249E-1 4.87191E-1 4.7338E-1 4.39343E-1 4.23964E-1 4.40914E-1 4.61154E-1 4.44573E-1 4.48707E-1 4.59038E-1 4.5483E-1 4.33998E-1 4.26924E-1 4.39362E-1 4.33269E-1 4.35453E-1 4.34006E-1 4.35759E-1 4.38755E-1 4.48792E-1 4.64403E-1 4.67976E-1 4.69143E-1 4.69175E-1 4.69021E-1 4.53862E-1 4.53428E-1 4.52622E-1 4.3433E-1 4.3373E-1 4.55818E-1 4.64315E-1 4.54615E-1 4.45693E-1 4.54455E-1 4.47616E-1 4.47086E-1 4.53993E-1 4.65722E-1 4.79169E-1 4.87399E-1 4.84562E-1 4.66617E-1 4.51048E-1 4.53534E-1 4.88294E-1 4.81225E-1 4.77402E-1 4.93724E-1 5.23767E-1 5.27219E-1 5.4181E-1
4.58079E-1 4.65708E-1 4.83365E-1 4.71429E-1 4.57751E-1 4.53907E-1 4.36415E-1 4.41839E-1 4.64455E-1 4.93824E-1 5.2838E-1 4.80273E-1 4.28509E-1 4.3102E-1 4.25324E-1 4.35543E-1 4.42702E-1 4.61916E-1 4.73046E-1 4.56409E-1 4.53242E-1 4.57869E-1 4.56039E-1 4.36403E-1 4.3292E-1 4.44851E-1 4.43858E-1 4.4019E-1 4.49324E-1 4.55637E-1 4.56175E-1 4.50046E-1 4.53723E-1 4.61025E-1 4.64283E-1 4.73445E-1 4.76169E-1 4.51759E-1 4.43084E-1 4.50303E-1 4.71373E-1 4.62374E-1 4.51988E-1 4.44711E-1 4.49897E-1 4.56018E-1 4.65959E-1 4.74498E-1 4.84109E-1 4.91036E-1 4.74873E-1 4.57323E-1 4.59712E-1 4.64651E-1 4.68341E-1 5.183E-1 4.97975E-1 5.21928E-1 5.55374E-1 5.54831E-1 5.73136E-1
4.82488E-1 4.81118E-1 4.87533E-1 4.71778E-1 4.60261E-1 4.54718E-1 4.52193E-1 4.65356E-1 4.7834E-1 5.08057E-1 5.25263E-1 4.87446E-1 4.5653E-1 4.50444E-1 4.31768E-1 4.2422E-1 4.47417E-1 4.62086E-1 4.61999E-1 4.53027E-1 4.54666E-1 4.5782E-1 4.53578E-1 4.44131E-1 4.53261E-1 4.71549E-1 4.53254E-1 4.4564E-1 4.55346E-1 4.53498E-1 4.39927E-1 4.37006E-1 4.5152E-1 4.76608E-1 4.7501E-1 4.90478E-1 5.12322E-1 4.76472E-1 4.52216E-1 4.5259E-1 4.70763E-1 4.82874E-1 4.7164E-1 4.67103E-1 4.64286E-1 4.713E-1 4.79433E-1 4.84722E-1 4.93347E-1 4.90771E-1 4.79785E-1 4.71177E-1 4.8026E-1 4.86893E-1 5.04176E-1 5.16358E-1 5.27837E-1 5.49547E-1 5.7655E-1 5.92798E-1 5.91611E-1
5.15349E-1 5.04338E-1 4.95266E-1 4.72847E-1 4.70048E-1 4.71736E-1 4.83896E-1 4.90629E-1 5.00619E-1 5.24313E-1 5.15129E-1 4.91367E-1 4.75511E-1 4.62594E-1 4.42964E-1 4.49493E-1 4.67548E-1 4.75344E-1 4.65817E-1 4.51717E-1 4.64284E-1 4.58928E-1 4.59856E-1 4.63364E-1 4.74446E-1 4.65157E-1 4.53315E-1 4.53728E-1 4.66098E-1 4.57685E-1 4.39066E-1 4.36346E-1 4.47788E-1 4.84471E-1 4.91633E-1 4.86848E-1 4.9317E-1 4.76062E-1 4.58679E-1 4.57919E-1 4.69891E-1 4.98971E-1 4.95424E-1 4.89318E-1 4.80048E-1 4.89706E-1 4.96643E-1 5.01032E-1 5.01625E-1 4.99246E-1 4.97767E-1 4.95866E-1 5.05264E-1 5.21359E-1 5.36185E-1 5.53524E-1 5.77209E-1 5.9066E-1 6.13808E-1 -9999 -9999
5.15048E-1 5.15772E-1 5.0068E-1 4.77775E-1 4.72425E-1 4.91696E-1 5.15827E-1 5.26026E-1 5.3611E-1 5.33245E-1 5.25491E-1 4.92102E-1 4.76953E-1 4.66E-1 4.64269E-1 4.70312E-1 4.80832E-1 4.81771E-1 4.71279E-1 4.69957E-1 4.94263E-1 4.7661E-1 4.73009E-1 4.74838E-1 4.74403E-1 4.60886E-1 4.46126E-1 4.51503E-1 4.65205E-1 4.61955E-1 4.47447E-1 4.3911E-1 4.53765E-1 4.88926E-1 4.94753E-1 4.76602E-1 4.70609E-1 4.67824E-1 4.67897E-1 4.67913E-1 4.7408E-1 4.84941E-1 4.99309E-1 5.09612E-1 5.03678E-1 5.06466E-1 5.12373E-1 5.13795E-1 5.19544E-1 5.12606E-1 5.12125E-1 5.23375E-1 5.36324E-1 5.51475E-1 5.67307E-1 5.80813E-1 6.22505E-1 6.27222E-1 -9999 -9999 -9999
5.29864E-1 5.26346E-1 5.14629E-1 5.08109E-1 5.0554E-1 5.21421E-1 5.33411E-1 5.4438E-1 5.41607E-1 5.3998E-1 5.33456E-1 4.94152E-1 4.79837E-1 4.75153E-1 4.80345E-1 4.82946E-1 4.86905E-1 4.92997E-1 4.99376E-1 4.78345E-1 4.90184E-1 4.86713E-1 4.86696E-1 4.95246E-1 4.70796E-1 4.55487E-1 4.50064E-1 4.46015E-1 4.56974E-1 4.60233E-1 4.50717E-1 4.47556E-1 4.53523E-1 4.811E-1 4.96989E-1 4.75585E-1 4.72038E-1 4.77697E-1 4.84973E-1 4.78329E-1 4.82605E-1 4.89555E-1 5.09403E-1 5.36125E-1 5.30422E-1 5.32109E-1 5.21299E-1 5.24062E-1 5.33378E-1 5.27892E-1 5.40158E-1 5.63093E-1 5.89597E-1 6.06823E-1 6.18484E-1 6.10783E-1 6.3302E-1 -9999 -9999 -9999 -9999
5.58007E-1 5.39663E-1 5.40173E-1 5.5428E-1 5.42408E-1 5.43358E-1 5.5271E-1 5.41371E-1 5.34721E-1 5.13166E-1 4.94563E-1 4.89515E-1 4.81149E-1 4.9387E-1 5.02754E-1 5.06793E-1 5.11642E-1 5.24697E-1 5.33342E-1 5.11082E-1 5.06175E-1 5.10536E-1 5.01691E-1 4.86647E-1 4.63921E-1 4.494E-1 4.54006E-1 4.44013E-1 4.4362E-1 4.401E-1 4.34644E-1 4.42986E-1 4.49931E-1 4.75927E-1 4.89188E-1 5.02673E-1 5.06489E-1 5.08694E-1 5.0184E-1 4.93689E-1 4.98983E-1 5.10629E-1 5.38857E-1 5.6207E-1 5.57505E-1 5.64172E-1 5.50333E-1 5.47725E-1 5.53945E-1 5.584E-1 5.78877E-1 6.11304E-1 6.21361E-1 6.43282E-1 6.46324E-1 -9999 -9999 -9999 -9999 -9999 -9999
5.71426E-1 5.47677E-1 5.34791E-1 5.40484E-1 5.42719E-1 5.55099E-1 5.49774E-1 5.41198E-1 5.23166E-1 4.94768E-1 4.77012E-1 4.74085E-1 4.8444E-1 4.919E-1 4.92295E-1 5.034E-1 5.10495E-1 5.15761E-1 5.15978E-1 5.1729E-1 5.22206E-1 5.22911E-1 5.07892E-1 4.89571E-1 4.65445E-1 4.46854E-1 4.4542E-1 4.30991E-1 4.25627E-1 4.265E-1 4.30449E-1 4.46242E-1 4.58891E-1 4.78418E-1 5.06773E-1 5.36141E-1 5.42038E-1 5.30339E-1 5.07838E-1 5.01615E-1 5.1082E-1 5.40243E-1 5.67917E-1 5.76988E-1 5.79687E-1 5.74815E-1 5.70139E-1 5.66826E-1 5.7237E-1 5.87254E-1 6.06856E-1 6.3445E-1 6.44836E-1 6.58571E-1 -9999 -9999 -9999 -9999 -9999 -9999 -9999
5.82035E-1 5.4565E-1 5.30181E-1 5.12536E-1 5.37523E-1 5.6206E-1 5.57976E-1 5.38994E-1 5.06929E-1 4.82383E-1 4.75218E-1 4.85255E-1 4.93793E-1 4.82483E-1 4.87361E-1 4.90217E-1 4.99802E-1 5.10369E-1 5.16017E-1 5.29368E-1 5.36804E-1 5.41069E-1 5.09481E-1 4.89481E-1 4.75846E-1 4.69168E-1 4.45521E-1 4.29662E-1 4.36327E-1 4.32894E-1 4.4765E-1 4.5884E-1 4.69454E-1 4.7774E-1 4.99661E-1 5.22757E-1 5.38487E-1 5.34656E-1 5.23797E-1 5.13956E-1 5.27604E-1 5.55578E-1 5.79467E-1 5.89267E-1 5.96667E-1 5.9315E-1 5.87961E-1 5.89654E-1 6.09701E-1 6.41462E-1 6.42269E-1 6.46819E-1 -9999 -9999 -9999 -9999 -9999 -9999 -9999 -9999 -9999
5.9797E-1 5.65161E-1 5.39601E-1 5.25454E-1 5.42048E-1 5.6036E-1 5.52425E-1 5.44393E-1 5.11417E-1 4.87443E-1 4.84584E-1 4.92878E-1 4.78904E-1 4.86287E-1 4.8621E-1 4.86544E-1 4.87733E-1 5.06213E-1 5.21966E-1 5.43056E-1 5.51463E-1 5.48353E-1 5.18541E-1 4.92472E-1 4.8387E-1 4.8827E-1 4.61552E-1 4.54751E-1 4.66697E-1 4.77594E-1 4.79195E-1 4.84474E-1 4.86361E-1 4.93169E-1 5.03468E-1 5.14096E-1 5.28858E-1 5.34586E-1 5.3714E-1 5.41543E-1 5.58225E-1 5.71233E-1 5.89706E-1 6.04771E-1 6.17936E-1 6.06692E-1 6.24289E-1 6.19698E-1 6.38228E-1 6.64546E-1 6.78762E-1 -9999 -9999 -9999 -9999 -9999 -9999 -9999 -9999 -9999 -9999
6.22312E-1 6.0529E-1 5.65386E-1 5.50177E-1 5.58861E-1 5.60004E-1 5.65357E-1 5.58221E-1 5.30618E-1 5.16779E-1 5.14114E-1 5.06968E-1 4.98584E-1 4.9236E-1 4.96329E-1 5.01543E-1 5.11886E-1 5.28308E-1 5.52137E-1 5.69437E-1 5.77041E-1 5.59367E-1 5.31694E-1 5.08637E-1 5.04108E-1 5.18093E-1 4.86822E-1 5.00943E-1 5.13753E-1 5.22321E-1 5.17412E-1 5.15517E-1 5.09824E-1 5.03198E-1 5.20414E-1 5.34318E-1 5.48948E-1 5.43342E-1 5.54818E-1 5.55885E-1 5.63002E-1 5.84547E-1 5.90674E-1 6.0118E-1 6.29783E-1 6.20475E-1 6.30993E-1 6.49418E-1 6.78953E-1 6.81122E-1 -9999 -9999 -9999 -9999 -9999 -9999 -9999 -9999 -9999 -9999 -9999
6.41829E-1 6.14963E-1 5.80444E-1 5.64994E-1 5.71367E-1 5.74063E-1 5.74767E-1 5.79826E-1 5.70234E-1 5.54372E-1 5.48508E-1 5.30968E-1 5.178E-1 5.07267E-1 5.08635E-1 5.30688E-1 5.43432E-1 5.53831E-1 5.81575E-1 6.03799E-1 6.01923E-1 5.74782E-1 5.47879E-1 5.29288E-1 5.24379E-1 5.31903E-1 5.29214E-1 5.29926E-1 5.33075E-1 5.35692E-1 5.52866E-1 5.55217E-1 5.35362E-1 5.39965E-1 5.58214E-1 5.66863E-1 5.74033E-1 5.65005E-1 5.68545E-1 5.69488E-1 5.76247E-1 5.98363E-1 6.21898E-1 6.2429E-1 6.30792E-1 6.40488E-1 6.46149E-1 6.69559E-1 7.08081E-1 7.0224E-1 -9999 -9999 -9999 -9999 -9999 -9999 -9999 -9999 -9999 -9999 -9999
