maxent_outputs/red_flowers_troch_bombus_environ/red_47.asc
ncols         426
nrows         180
xllcorner     -130.0
yllcorner     24.0
cellsize      0.16666666666666666
NODATA_value  -9999
[rows 54 to 80 of 180, columns 61 to 121 of 426]
7.69038E-2 7.44673E-2 8.01343E-2 8.00082E-2 7.37568E-2 6.74854E-2 6.71002E-2 5.79979E-2 5.12597E-2 4.67994E-2 4.77612E-2 3.60148E-2 4.4181E-2 4.80442E-2 4.75543E-2 4.78515E-2 4.28351E-2 5.40309E-2 5.05023E-2 3.79653E-2 4.19857E-2 3.64093E-2 3.07981E-2 3.26445E-2 3.89716E-2 3.49871E-2 3.04552E-2 3.09317E-2 3.05653E-2 3.08853E-2 2.94895E-2 2.89158E-2 2.99839E-2 3.04886E-2 2.92115E-2 2.93902E-2 2.39487E-2 2.09443E-2 2.84157E-2 2.42036E-2 3.16068E-2 3.07326E-2 3.0186E-2 2.10172E-2 2.60394E-2 2.25886E-2 2.38238E-2 1.92288E-2 2.31973E-2 2.18544E-2 1.92407E-2 1.79862E-2 1.62062E-2 1.6188E-2 1.61548E-2 1.50102E-2 1.39459E-2 1.4491E-2 1.63141E-2 1.73464E-2 1.99533E-2
7.96332E-2 8.49282E-2 8.21018E-2 6.96786E-2 6.66935E-2 6.92356E-2 5.92936E-2 4.95695E-2 4.98088E-2 4.92023E-2 4.50518E-2 4.60177E-2 4.28495E-2 4.4213E-2 4.59881E-2 5.29799E-2 5.98883E-2 5.4831E-2 4.39035E-2 4.20916E-2 3.69373E-2 4.02091E-2 2.75404E-2 3.39791E-2 3.3593E-2 3.11886E-2 3.14892E-2 2.94291E-2 2.88951E-2 3.02287E-2 3.01041E-2 2.99788E-2 3.11509E-2 2.31319E-2 2.15478E-2 2.65781E-2 2.47466E-2 2.12173E-2 2.45003E-2 2.31456E-2 2.73958E-2 2.43907E-2 2.35881E-2 2.08263E-2 1.88721E-2 1.90902E-2 1.7075E-2 1.5234E-2 1.63885E-2 1.63017E-2 1.655E-2 1.57327E-2 1.29976E-2 1.42081E-2 1.50093E-2 1.54345E-2 1.61479E-2 1.62493E-2 1.57408E-2 1.69632E-2 2.1656E-2
6.84116E-2 8.14794E-2 7.4378E-2 6.38797E-2 6.84066E-2 6.71429E-2 6.78462E-2 5.52109E-2 4.72403E-2 4.12458E-2 3.94144E-2 4.61007E-2 4.15507E-2 4.17153E-2 4.71672E-2 5.21105E-2 5.61623E-2 4.859E-2 3.91453E-2 3.16115E-2 3.42681E-2 4.25606E-2 3.3574E-2 3.54664E-2 3.41789E-2 3.08016E-2 2.96321E-2 2.85769E-2 2.96119E-2 2.92987E-2 2.78031E-2 2.87141E-2 2.88434E-2 2.40366E-2 2.28932E-2 2.13034E-2 2.35744E-2 2.70229E-2 2.32151E-2 1.97082E-2 2.40664E-2 1.87237E-2 1.96991E-2 2.18216E-2 1.60371E-2 1.41029E-2 1.53975E-2 1.74044E-2 1.71661E-2 1.69675E-2 1.73111E-2 1.59245E-2 1.49065E-2 1.50388E-2 1.53588E-2 1.61175E-2 1.54304E-2 1.40818E-2 1.68686E-2 1.9365E-2 2.1942E-2
6.09512E-2 7.24167E-2 7.62631E-2 7.51579E-2 7.4716E-2 6.88388E-2 6.30761E-2 6.38321E-2 5.0248E-2 3.80912E-2 3.49352E-2 3.76907E-2 3.52789E-2 3.95591E-2 4.14767E-2 6.04913E-2 5.03021E-2 4.76329E-2 4.39856E-2 3.32303E-2 3.59955E-2 4.26537E-2 3.27104E-2 3.62608E-2 3.83917E-2 3.01769E-2 2.55722E-2 2.63099E-2 2.4501E-2 2.60213E-2 2.63567E-2 2.63803E-2 2.79799E-2 2.63928E-2 2.65669E-2 2.41271E-2 1.98645E-2 2.33065E-2 2.53784E-2 2.23071E-2 1.84318E-2 2.44093E-2 2.18027E-2 1.80159E-2 1.84807E-2 1.83586E-2 1.79999E-2 1.52859E-2 1.47153E-2 1.53397E-2 1.68588E-2 1.72366E-2 1.54863E-2 1.54713E-2 1.64073E-2 1.50466E-2 1.50627E-2 1.53748E-2 1.93668E-2 2.24931E-2 2.4638E-2
4.56394E-2 5.63531E-2 6.50129E-2 5.98179E-2 4.5625E-2 5.55772E-2 4.98569E-2 4.49129E-2 4.59208E-2 4.2582E-2 4.22367E-2 3.64283E-2 3.77468E-2 4.43952E-2 4.86471E-2 5.82216E-2 5.83627E-2 6.0018E-2 6.15288E-2 4.60532E-2 4.25433E-2 3.91643E-2 4.07491E-2 4.36094E-2 3.72928E-2 3.33646E-2 2.94289E-2 3.04179E-2 2.5054E-2 2.10152E-2 2.68675E-2 2.66579E-2 2.47622E-2 2.1631E-2 2.12995E-2 2.31856E-2 2.27199E-2 2.05607E-2 1.84779E-2 2.10951E-2 1.96519E-2 1.98725E-2 2.182E-2 1.9187E-2 1.92846E-2 1.79154E-2 1.67505E-2 1.48422E-2 1.506E-2 1.8121E-2 1.77522E-2 1.85006E-2 1.77394E-2 1.87164E-2 1.82491E-2 1.42392E-2 1.46233E-2 1.4487E-2 1.55475E-2 1.68387E-2 2.13549E-2
4.79122E-2 4.98968E-2 5.50417E-2 5.30582E-2 4.19202E-2 3.6318E-2 5.01964E-2 3.99817E-2 4.21461E-2 3.98828E-2 4.02262E-2 3.87625E-2 4.42775E-2 4.82704E-2 5.04256E-2 5.25419E-2 5.48496E-2 6.02563E-2 5.9049E-2 5.91388E-2 5.56161E-2 4.74715E-2 4.73557E-2 4.14756E-2 4.13381E-2 3.6921E-2 3.30347E-2 3.14968E-2 2.80238E-2 2.47627E-2 2.50155E-2 2.55884E-2 2.52018E-2 2.37214E-2 2.28834E-2 1.78079E-2 2.52813E-2 2.57753E-2 2.08447E-2 2.02937E-2 2.76536E-2 2.17929E-2 2.3938E-2 1.77568E-2 1.68774E-2 1.62317E-2 1.7059E-2 1.68793E-2 1.57848E-2 1.51984E-2 1.85909E-2 1.79483E-2 2.09299E-2 2.0083E-2 1.61251E-2 1.58319E-2 1.58139E-2 1.49977E-2 1.53736E-2 1.63986E-2 1.91724E-2
4.41681E-2 4.5334E-2 4.78005E-2 4.39127E-2 4.61851E-2 4.17423E-2 4.64469E-2 3.88304E-2 4.24273E-2 4.12782E-2 4.59313E-2 4.72285E-2 4.98015E-2 5.06693E-2 4.92654E-2 4.96509E-2 5.84032E-2 6.20203E-2 5.74663E-2 6.34784E-2 6.58061E-2 5.30179E-2 4.76821E-2 3.83738E-2 4.15084E-2 3.57905E-2 3.14689E-2 3.00372E-2 2.72751E-2 2.49491E-2 2.41603E-2 2.52001E-2 2.53312E-2 2.53964E-2 2.3083E-2 2.19687E-2 2.26794E-2 2.2186E-2 2.24546E-2 2.58814E-2 2.38165E-2 2.72006E-2 1.98866E-2 1.63017E-2 1.63181E-2 1.56242E-2 1.64357E-2 1.67802E-2 1.77094E-2 1.77633E-2 1.79943E-2 1.4725E-2 1.78704E-2 2.33246E-2 2.1071E-2 1.55891E-2 1.55709E-2 1.56764E-2 1.79601E-2 1.8939E-2 1.8401E-2
3.9162E-2 3.66805E-2 3.80356E-2 3.72668E-2 3.86594E-2 5.00279E-2 4.88939E-2 4.19208E-2 4.06951E-2 4.64775E-2 5.44871E-2 5.50645E-2 5.60168E-2 5.18744E-2 5.0846E-2 5.44093E-2 6.50832E-2 6.50389E-2 6.18372E-2 5.93977E-2 6.40641E-2 6.44312E-2 5.26734E-2 4.20316E-2 4.30396E-2 3.90397E-2 3.75525E-2 3.36725E-2 2.9235E-2 2.54392E-2 2.67438E-2 2.67582E-2 2.5658E-2 2.54653E-2 2.61219E-2 2.4146E-2 2.32557E-2 2.06926E-2 1.89753E-2 2.45914E-2 2.42458E-2 1.79063E-2 1.84014E-2 1.86941E-2 1.72938E-2 1.66956E-2 1.7785E-2 1.83181E-2 1.90281E-2 2.11371E-2 2.20809E-2 1.65322E-2 1.40924E-2 2.24363E-2 1.78143E-2 1.32425E-2 1.73206E-2 1.97137E-2 1.73551E-2 2.14371E-2 2.23364E-2
4.34454E-2 4.3214E-2 4.08797E-2 4.07147E-2 4.2442E-2 3.79736E-2 3.88329E-2 4.38184E-2 4.74584E-2 5.63035E-2 5.1795E-2 4.36276E-2 4.47061E-2 4.70584E-2 5.89046E-2 6.50646E-2 6.19803E-2 6.63033E-2 7.12247E-2 6.71329E-2 6.25388E-2 7.34353E-2 6.37659E-2 4.67632E-2 4.12441E-2 3.73644E-2 3.77942E-2 3.61543E-2 3.12236E-2 2.84872E-2 2.62052E-2 2.83563E-2 2.45427E-2 2.24569E-2 2.28634E-2 2.2521E-2 2.14732E-2 1.97785E-2 1.69655E-2 1.79595E-2 1.99379E-2 1.88978E-2 1.98133E-2 2.00291E-2 1.9776E-2 1.92237E-2 1.94643E-2 2.14822E-2 2.33677E-2 2.23512E-2 2.24749E-2 2.23468E-2 1.92447E-2 2.14216E-2 1.26804E-2 1.52866E-2 1.83204E-2 1.72604E-2 1.72924E-2 2.06323E-2 2.21363E-2
4.90812E-2 4.85665E-2 4.77122E-2 4.73266E-2 4.71242E-2 4.62169E-2 5.28653E-2 4.94716E-2 4.94768E-2 5.00003E-2 4.76705E-2 4.60578E-2 4.21767E-2 4.46581E-2 6.08892E-2 6.31122E-2 5.07641E-2 4.92793E-2 6.48102E-2 6.35572E-2 5.32713E-2 5.1138E-2 4.90066E-2 5.02474E-2 4.51285E-2 3.65898E-2 3.47413E-2 2.69324E-2 2.58496E-2 2.29667E-2 2.08023E-2 2.18281E-2 2.19847E-2 2.00557E-2 2.19645E-2 1.9128E-2 2.28709E-2 2.27295E-2 2.23966E-2 1.87194E-2 1.96616E-2 2.23257E-2 2.22835E-2 2.15784E-2 2.37749E-2 2.41117E-2 2.35836E-2 2.3912E-2 2.117E-2 2.06884E-2 2.08875E-2 2.19182E-2 2.19379E-2 1.93844E-2 1.61096E-2 2.04793E-2 1.67439E-2 1.6969E-2 1.6425E-2 1.55093E-2 1.91613E-2
5.0751E-2 5.19481E-2 5.44831E-2 5.58605E-2 5.54635E-2 5.41995E-2 5.8132E-2 5.16388E-2 5.12454E-2 5.12574E-2 4.48946E-2 4.01084E-2 4.49887E-2 5.49525E-2 5.60209E-2 4.87003E-2 4.50925E-2 4.5153E-2 5.37493E-2 6.48039E-2 6.00961E-2 5.21291E-2 4.82693E-2 5.08438E-2 5.26251E-2 4.9774E-2 3.68187E-2 2.67023E-2 2.41508E-2 2.34405E-2 2.13508E-2 2.20884E-2 2.50479E-2 2.52715E-2 2.5815E-2 2.46834E-2 2.68539E-2 2.60589E-2 2.67062E-2 2.16736E-2 2.15019E-2 2.46986E-2 2.39699E-2 2.28872E-2 2.53871E-2 2.59428E-2 2.53016E-2 2.59134E-2 1.90747E-2 1.66685E-2 2.01781E-2 2.1985E-2 2.1873E-2 2.13888E-2 1.96364E-2 2.02414E-2 1.49937E-2 1.78649E-2 1.71995E-2 1.68843E-2 1.92413E-2
5.03613E-2 4.92503E-2 5.05109E-2 5.03353E-2 5.49723E-2 5.6796E-2 5.69026E-2 5.46027E-2 5.45607E-2 5.10655E-2 4.61505E-2 4.41246E-2 5.34824E-2 4.49685E-2 4.18941E-2 3.96611E-2 4.04782E-2 4.28661E-2 4.33549E-2 5.99983E-2 6.3646E-2 6.19389E-2 5.94091E-2 5.42311E-2 5.39316E-2 5.39017E-2 5.38089E-2 5.19691E-2 4.88829E-2 4.6158E-2 4.16461E-2 3.9766E-2 3.53485E-2 2.91185E-2 2.85471E-2 2.9321E-2 2.96084E-2 3.05749E-2 2.96445E-2 2.58167E-2 2.55926E-2 2.54647E-2 2.52501E-2 2.74327E-2 2.67807E-2 2.61872E-2 2.39042E-2 1.8412E-2 1.68278E-2 1.38271E-2 1.53474E-2 2.08558E-2 1.82504E-2 1.96484E-2 1.92419E-2 1.93744E-2 1.66728E-2 1.39533E-2 1.22928E-2 1.76903E-2 1.92309E-2
5.33118E-2 5.47466E-2 5.06067E-2 4.91343E-2 5.07922E-2 5.64496E-2 5.59746E-2 5.36432E-2 4.95828E-2 5.22654E-2 5.05708E-2 5.06055E-2 5.23251E-2 4.59088E-2 4.45852E-2 4.1122E-2 4.2074E-2 4.28405E-2 4.454E-2 4.6315E-2 5.82729E-2 6.07659E-2 6.5899E-2 7.14164E-2 6.65487E-2 5.89207E-2 5.63944E-2 5.84857E-2 5.09024E-2 4.70094E-2 4.37334E-2 4.17256E-2 3.81454E-2 3.43086E-2 3.38077E-2 3.32877E-2 3.1465E-2 3.04818E-2 2.97345E-2 3.0373E-2 2.54252E-2 2.66576E-2 3.58238E-2 3.31259E-2 2.82371E-2 2.56272E-2 2.40098E-2 1.713E-2 1.59117E-2 1.45669E-2 1.5169E-2 1.84211E-2 1.84723E-2 1.59636E-2 2.03795E-2 1.94277E-2 1.96135E-2 1.17502E-2 1.11811E-2 1.17156E-2 1.6052E-2
6.06233E-2 5.6855E-2 5.12983E-2 5.15753E-2 4.95973E-2 5.49554E-2 5.19776E-2 4.73321E-2 5.43439E-2 5.95635E-2 5.67578E-2 5.26472E-2 4.39877E-2 4.35363E-2 4.51462E-2 4.21899E-2 4.26148E-2 4.5336E-2 4.43641E-2 3.9123E-2 3.89672E-2 4.99157E-2 6.02159E-2 5.87944E-2 5.38378E-2 4.88802E-2 4.73419E-2 4.84805E-2 4.42727E-2 5.078E-2 4.99044E-2 4.63729E-2 4.24166E-2 3.63521E-2 3.51221E-2 3.30131E-2 3.15043E-2 3.22581E-2 3.06184E-2 3.23847E-2 2.72272E-2 2.8537E-2 2.84109E-2 2.69981E-2 2.67595E-2 2.31141E-2 2.52067E-2 1.60641E-2 1.69016E-2 1.44464E-2 1.50443E-2 2.02699E-2 1.7159E-2 1.45226E-2 2.04702E-2 2.03134E-2 1.84978E-2 1.44292E-2 1.22729E-2 1.17635E-2 1.12311E-2
5.85076E-2 5.93956E-2 5.60346E-2 5.49012E-2 4.95497E-2 5.40202E-2 4.75298E-2 5.04678E-2 5.07615E-2 5.31935E-2 4.76366E-2 4.58224E-2 4.78443E-2 4.58991E-2 4.58073E-2 4.35143E-2 4.25952E-2 4.20356E-2 4.03721E-2 3.61292E-2 3.17161E-2 3.46565E-2 4.6365E-2 5.20712E-2 4.88527E-2 4.87975E-2 4.58121E-2 4.55903E-2 4.72657E-2 4.80144E-2 5.09662E-2 5.01097E-2 4.71682E-2 4.44461E-2 3.98995E-2 3.80365E-2 4.04514E-2 3.76588E-2 3.15338E-2 3.04088E-2 2.9858E-2 2.86626E-2 3.00189E-2 2.48077E-2 2.22695E-2 2.06965E-2 2.16693E-2 2.28717E-2 1.78181E-2 2.09386E-2 1.92212E-2 2.18256E-2 1.78772E-2 1.96057E-2 1.86176E-2 2.09323E-2 1.88089E-2 1.34969E-2 1.07303E-2 1.05804E-2 1.085E-2
5.50554E-2 5.19427E-2 5.80786E-2 5.99922E-2 5.55534E-2 5.42658E-2 5.18593E-2 5.45915E-2 5.19375E-2 4.97501E-2 4.95245E-2 5.17306E-2 5.17071E-2 5.1238E-2 4.85845E-2 4.73035E-2 4.38222E-2 4.71924E-2 3.95718E-2 3.86243E-2 3.7068E-2 3.34887E-2 3.61204E-2 4.54037E-2 4.99214E-2 5.08727E-2 4.61001E-2 4.47226E-2 4.50315E-2 4.42326E-2 4.30502E-2 4.20394E-2 4.3867E-2 4.2619E-2 4.12001E-2 3.85058E-2 3.81694E-2 3.4977E-2 3.44116E-2 3.28028E-2 2.95072E-2 2.72745E-2 2.6601E-2 2.26646E-2 1.98643E-2 2.27451E-2 2.15107E-2 2.41907E-2 1.90606E-2 2.5545E-2 1.66476E-2 1.94313E-2 1.58418E-2 1.60155E-2 2.07722E-2 2.06595E-2 2.02565E-2 1.59195E-2 1.23084E-2 1.21861E-2 1.05733E-2
6.31406E-2 4.9714E-2 5.10912E-2 5.53556E-2 5.65017E-2 5.30578E-2 5.65355E-2 5.68767E-2 5.78712E-2 5.31593E-2 5.25845E-2 4.88442E-2 4.83448E-2 4.79226E-2 4.73451E-2 4.63242E-2 4.02151E-2 4.10545E-2 3.81102E-2 3.89812E-2 3.93688E-2 3.57589E-2 3.40499E-2 3.91294E-2 4.90503E-2 4.89685E-2 3.91659E-2 3.7811E-2 3.49561E-2 3.77478E-2 4.19353E-2 3.93191E-2 3.12644E-2 2.97067E-2 3.1285E-2 3.76423E-2 3.15624E-2 3.02416E-2 3.46084E-2 3.33046E-2 2.47669E-2 2.30886E-2 2.22231E-2 2.29429E-2 2.30579E-2 2.12387E-2 2.28563E-2 2.03246E-2 2.15026E-2 2.53511E-2 1.7124E-2 1.58863E-2 1.11739E-2 1.59216E-2 2.04413E-2 2.04228E-2 1.82393E-2 1.59047E-2 1.55763E-2 1.4634E-2 1.26878E-2
6.07577E-2 5.16875E-2 5.00067E-2 4.80706E-2 5.27361E-2 5.42205E-2 5.55124E-2 5.46547E-2 5.69698E-2 4.89006E-2 4.65251E-2 4.82817E-2 4.56162E-2 4.59423E-2 4.40577E-2 4.32117E-2 4.15572E-2 4.19919E-2 4.02129E-2 3.73881E-2 3.90942E-2 3.88798E-2 3.81793E-2 3.87316E-2 4.26124E-2 4.18309E-2 3.82741E-2 3.38869E-2 3.2149E-2 3.11117E-2 4.1122E-2 3.08535E-2 2.46985E-2 2.54901E-2 2.78932E-2 2.94613E-2 2.80255E-2 3.19726E-2 3.24949E-2 3.11988E-2 2.63957E-2 2.26918E-2 2.2285E-2 2.15273E-2 2.02678E-2 2.11613E-2 2.24034E-2 2.03304E-2 2.24927E-2 2.54598E-2 2.53744E-2 2.50765E-2 1.4536E-2 1.22342E-2 1.64865E-2 1.77658E-2 1.70902E-2 1.55063E-2 1.56554E-2 1.49409E-2 1.45417E-2
5.29109E-2 5.14288E-2 4.95588E-2 5.11722E-2 5.278E-2 5.65562E-2 5.60827E-2 5.39089E-2 5.358E-2 4.76299E-2 4.54347E-2 4.77605E-2 4.48739E-2 4.5803E-2 4.66587E-2 4.55974E-2 4.43064E-2 4.22794E-2 4.17086E-2 3.93588E-2 3.82053E-2 3.84314E-2 3.72652E-2 3.32406E-2 3.71951E-2 3.86084E-2 3.61569E-2 3.25955E-2 3.07193E-2 2.726E-2 3.72006E-2 3.13508E-2 2.71486E-2 2.66036E-2 2.57391E-2 2.6403E-2 2.61748E-2 2.96248E-2 2.8434E-2 2.65001E-2 2.47275E-2 2.16171E-2 2.30057E-2 2.20816E-2 2.15377E-2 2.25221E-2 2.29493E-2 2.08435E-2 2.45491E-2 2.50944E-2 2.79999E-2 2.46408E-2 1.581E-2 1.35946E-2 1.70031E-2 1.65388E-2 1.64836E-2 1.46316E-2 1.43424E-2 1.44298E-2 1.50305E-2
4.55306E-2 4.77886E-2 4.69489E-2 4.97498E-2 5.48341E-2 5.7104E-2 5.20858E-2 5.25517E-2 5.3931E-2 4.50104E-2 4.75731E-2 4.53261E-2 4.53538E-2 4.69126E-2 4.23162E-2 4.42647E-2 4.30963E-2 4.02321E-2 3.96442E-2 3.84507E-2 3.72568E-2 3.7422E-2 3.73629E-2 3.06465E-2 2.71239E-2 3.09479E-2 3.22592E-2 3.04109E-2 2.69461E-2 3.05259E-2 3.32967E-2 2.97632E-2 2.6849E-2 2.62881E-2 2.67282E-2 2.54681E-2 2.68649E-2 2.60135E-2 2.47712E-2 2.49844E-2 3.09355E-2 3.04359E-2 3.54482E-2 2.6105E-2 2.36569E-2 2.51007E-2 2.48078E-2 2.22325E-2 2.62161E-2 2.37265E-2 2.11468E-2 1.72207E-2 1.58592E-2 1.66715E-2 1.65651E-2 1.68654E-2 1.6625E-2 1.51083E-2 1.49602E-2 1.4926E-2 1.49591E-2
4.68203E-2 4.69153E-2 4.66034E-2 4.49927E-2 4.5109E-2 5.2762E-2 5.83301E-2 5.50452E-2 4.92927E-2 4.90846E-2 4.85855E-2 4.60991E-2 4.93748E-2 4.8489E-2 4.78463E-2 4.36495E-2 4.19897E-2 3.98656E-2 3.85199E-2 3.72696E-2 3.82664E-2 3.81517E-2 3.24964E-2 3.02577E-2 2.58572E-2 2.62714E-2 2.56688E-2 2.57024E-2 2.83962E-2 2.93399E-2 2.82067E-2 2.86167E-2 2.60047E-2 2.65862E-2 2.71163E-2 2.57662E-2 2.87972E-2 2.81317E-2 3.03133E-2 3.11439E-2 4.27914E-2 6.49024E-2 5.08779E-2 3.24102E-2 3.29399E-2 3.38326E-2 2.92162E-2 2.35498E-2 2.42666E-2 2.12739E-2 2.23781E-2 1.69077E-2 1.59112E-2 1.78598E-2 1.82249E-2 1.81425E-2 1.74827E-2 1.60948E-2 1.60942E-2 1.67503E-2 1.70706E-2
4.95898E-2 5.09802E-2 4.93421E-2 5.44153E-2 5.84831E-2 5.92475E-2 5.41874E-2 4.96128E-2 5.65428E-2 4.69928E-2 4.61656E-2 4.49918E-2 4.96514E-2 4.55278E-2 4.56206E-2 4.25948E-2 4.40871E-2 4.42745E-2 4.10804E-2 4.09516E-2 3.98193E-2 3.66185E-2 3.03724E-2 3.03171E-2 2.88067E-2 2.73095E-2 2.74009E-2 2.6834E-2 2.68267E-2 2.76309E-2 2.66309E-2 2.47743E-2 2.56648E-2 2.68205E-2 2.84026E-2 3.06111E-2 3.64042E-2 3.79948E-2 3.97031E-2 3.90276E-2 4.19371E-2 6.90404E-2 7.73354E-2 5.49131E-2 3.92888E-2 4.11116E-2 4.1376E-2 2.42467E-2 2.40567E-2 2.09213E-2 2.28013E-2 1.80856E-2 1.55049E-2 1.82659E-2 1.96393E-2 1.95141E-2 1.93529E-2 1.83711E-2 1.8023E-2 1.91428E-2 1.87282E-2
5.21133E-2 4.98375E-2 5.29887E-2 6.42179E-2 6.45319E-2 5.86033E-2 4.90739E-2 5.45324E-2 5.47603E-2 4.76071E-2 4.96657E-2 5.10589E-2 5.0538E-2 4.2411E-2 4.74504E-2 4.61208E-2 4.58088E-2 4.39756E-2 3.82735E-2 3.42757E-2 3.58383E-2 3.35569E-2 3.23159E-2 2.92391E-2 2.63342E-2 2.8709E-2 2.91561E-2 2.47489E-2 2.27602E-2 2.71437E-2 2.72099E-2 2.54296E-2 2.66421E-2 2.73889E-2 2.62158E-2 3.30824E-2 3.3899E-2 4.33495E-2 4.7395E-2 4.26635E-2 4.5885E-2 5.98025E-2 7.88249E-2 8.18509E-2 5.65559E-2 5.95318E-2 3.50066E-2 3.3551E-2 2.17102E-2 2.14398E-2 2.09707E-2 1.74201E-2 1.62067E-2 1.70319E-2 1.90101E-2 2.01535E-2 2.01798E-2 2.03182E-2 1.83089E-2 2.04544E-2 1.97733E-2
6.69854E-2 5.2496E-2 6.25735E-2 6.76481E-2 6.18709E-2 5.74151E-2 4.74693E-2 5.55834E-2 5.06632E-2 4.74372E-2 4.9788E-2 4.92523E-2 4.90494E-2 4.30158E-2 5.06106E-2 4.43551E-2 4.0159E-2 4.67324E-2 3.69652E-2 3.56556E-2 3.73593E-2 3.75894E-2 3.19182E-2 2.90503E-2 3.15086E-2 3.02013E-2 2.64119E-2 2.33914E-2 2.73895E-2 2.89869E-2 2.75265E-2 2.86079E-2 2.50485E-2 3.0477E-2 3.25283E-2 4.92765E-2 4.50706E-2 5.57401E-2 5.44417E-2 5.47235E-2 4.16703E-2 3.83128E-2 6.05165E-2 8.43058E-2 9.85981E-2 7.90445E-2 4.93042E-2 3.69414E-2 2.25425E-2 2.23272E-2 2.07523E-2 1.96593E-2 1.86382E-2 1.7817E-2 2.03766E-2 2.37761E-2 2.22217E-2 2.15326E-2 2.06944E-2 2.12987E-2 2.06753E-2
6.47E-2 6.11611E-2 6.87129E-2 6.80267E-2 5.20491E-2 5.18979E-2 5.12614E-2 5.36188E-2 5.1458E-2 4.66993E-2 5.18047E-2 4.92169E-2 4.92767E-2 4.9615E-2 5.06136E-2 4.28861E-2 3.92237E-2 4.38507E-2 3.45791E-2 3.53636E-2 3.76363E-2 3.15704E-2 3.13254E-2 3.06088E-2 3.27854E-2 2.83748E-2 2.38649E-2 2.84713E-2 2.9022E-2 2.81945E-2 2.70125E-2 2.95385E-2 2.4422E-2 3.42823E-2 3.96411E-2 4.07918E-2 4.796E-2 6.04643E-2 6.66101E-2 5.07957E-2 4.10624E-2 3.38664E-2 4.57515E-2 6.51369E-2 9.51578E-2 8.03047E-2 5.16938E-2 4.31429E-2 2.70718E-2 2.20769E-2 2.03435E-2 2.11641E-2 2.39189E-2 2.41953E-2 2.61186E-2 2.79166E-2 2.72554E-2 2.56316E-2 2.43832E-2 2.19427E-2 1.99624E-2
6.86732E-2 6.60401E-2 6.59686E-2 6.01104E-2 5.70678E-2 5.79168E-2 5.79196E-2 5.47804E-2 5.3567E-2 5.402E-2 5.11167E-2 5.35572E-2 4.77191E-2 5.20054E-2 5.03635E-2 4.92999E-2 4.4602E-2 4.38153E-2 3.96439E-2 3.46742E-2 3.23529E-2 3.35576E-2 2.83996E-2 3.00416E-2 2.93499E-2 2.64982E-2 2.95491E-2 3.01076E-2 3.10106E-2 2.76777E-2 2.57764E-2 2.69935E-2 2.28411E-2 3.53143E-2 4.13982E-2 5.06598E-2 5.35119E-2 5.62982E-2 5.60178E-2 4.80844E-2 3.71615E-2 4.0484E-2 4.33649E-2 5.59537E-2 6.4951E-2 8.39998E-2 4.57345E-2 4.77748E-2 3.27207E-2 2.43487E-2 1.97443E-2 2.3815E-2 2.97489E-2 2.71497E-2 2.36479E-2 2.17812E-2 1.95603E-2 2.38434E-2 2.4139E-2 2.43403E-2 2.39354E-2
7.79913E-2 7.15295E-2 6.82492E-2 6.64979E-2 6.25237E-2 5.92299E-2 5.9324E-2 5.80047E-2 5.47403E-2 4.93701E-2 5.03959E-2 5.61404E-2 4.77764E-2 4.86449E-2 5.22562E-2 5.18247E-2 5.48801E-2 3.9276E-2 4.28771E-2 4.10358E-2 3.28433E-2 3.46841E-2 3.32352E-2 3.09886E-2 2.79971E-2 3.03958E-2 3.29641E-2 2.70296E-2 2.9644E-2 3.07502E-2 3.13159E-2 3.00547E-2 2.26672E-2 3.52916E-2 3.96059E-2 4.76546E-2 4.9895E-2 4.79294E-2 4.32611E-2 3.94288E-2 3.76692E-2 4.08981E-2 3.79504E-2 4.21765E-2 3.82779E-2 3.6065E-2 3.61537E-2 4.28372E-2 3.4092E-2 2.86061E-2 1.98853E-2 2.09668E-2 2.71772E-2 2.78873E-2 2.90733E-2 3.06796E-2 2.85955E-2 2.47405E-2 2.31595E-2 2.17762E-2 1.97148E-2
