maxent_outputs/red_flowers_troch_bombus_environ/red_77.asc
ncols         426
nrows         180
xllcorner     -130.0
yllcorner     24.0
cellsize      0.16666666666666666
NODATA_value  -9999
[rows 54 to 80 of 180, columns 61 to 121 of 426]
1.20568E-1 1.1546E-1 1.26021E-1 1.27974E-1 1.23682E-1 1.15647E-1 1.18766E-1 1.1607E-1 1.15442E-1 1.23914E-1 1.03278E-1 7.20475E-2 9.8883E-2 1.0266E-1 1.00702E-1 9.73125E-2 8.26233E-2 1.02924E-1 1.20939E-1 1.01866E-1 9.96339E-2 9.32876E-2 8.54365E-2 1.08229E-1 1.05846E-1 1.12576E-1 1.03613E-1 1.14772E-1 1.09442E-1 1.15812E-1 1.01185E-1 1.04962E-1 1.0541E-1 1.1861E-1 1.02153E-1 9.7864E-2 8.86787E-2 7.54803E-2 1.06314E-1 8.85316E-2 1.10041E-1 1.03743E-1 1.12533E-1 9.31704E-2 1.00122E-1 9.43891E-2 1.06649E-1 9.61692E-2 1.151E-1 9.50938E-2 1.10219E-1 1.03282E-1 9.30627E-2 9.51926E-2 8.61962E-2 8.19162E-2 7.63088E-2 8.11927E-2 9.11513E-2 9.87824E-2 9.85802E-2
1.27396E-1 1.33176E-1 1.3204E-1 1.28629E-1 1.2929E-1 1.29094E-1 1.25765E-1 1.18853E-1 1.11323E-1 1.09272E-1 1.04795E-1 9.42638E-2 1.03378E-1 1.03783E-1 1.09651E-1 1.11815E-1 1.10873E-1 1.20027E-1 1.21034E-1 1.01301E-1 8.97473E-2 1.14285E-1 7.63905E-2 9.9652E-2 1.08369E-1 1.10936E-1 1.15532E-1 1.11933E-1 1.0112E-1 1.06072E-1 1.08056E-1 1.11546E-1 1.15462E-1 9.07176E-2 7.50971E-2 1.06048E-1 1.01995E-1 8.22897E-2 9.32659E-2 9.62464E-2 1.12434E-1 1.03035E-1 8.70835E-2 8.32633E-2 8.60588E-2 8.9498E-2 8.48922E-2 7.95042E-2 8.54245E-2 8.00335E-2 9.08439E-2 7.71834E-2 7.63294E-2 8.36147E-2 8.49709E-2 8.95044E-2 9.22362E-2 9.46007E-2 8.92531E-2 9.87856E-2 1.14004E-1
1.2537E-1 1.44713E-1 1.3513E-1 1.25048E-1 1.35848E-1 1.33082E-1 1.35304E-1 1.16528E-1 1.06293E-1 9.37239E-2 9.7573E-2 1.07728E-1 9.95271E-2 1.01427E-1 1.08383E-1 1.24138E-1 1.21247E-1 1.22941E-1 9.16381E-2 7.46953E-2 8.42872E-2 1.17132E-1 8.12019E-2 9.9404E-2 1.05874E-1 1.10464E-1 1.1324E-1 1.03122E-1 1.09465E-1 1.11342E-1 1.07436E-1 1.14141E-1 1.14475E-1 8.51368E-2 8.5325E-2 7.37351E-2 9.68308E-2 1.2538E-1 9.42833E-2 7.94452E-2 1.12365E-1 8.72178E-2 8.78182E-2 9.31338E-2 7.32263E-2 6.91038E-2 7.52537E-2 8.17111E-2 7.94209E-2 8.48903E-2 8.54816E-2 8.27621E-2 8.26674E-2 8.81128E-2 8.9224E-2 9.65356E-2 8.32445E-2 8.04852E-2 9.77946E-2 1.11811E-1 1.2118E-1
1.17601E-1 1.24027E-1 1.38999E-1 1.34885E-1 1.34664E-1 1.36128E-1 1.3636E-1 1.41723E-1 1.15422E-1 9.28705E-2 9.37847E-2 9.56948E-2 9.07236E-2 1.01164E-1 1.02453E-1 1.15089E-1 1.16306E-1 1.06311E-1 9.50338E-2 8.05043E-2 9.15174E-2 1.11434E-1 9.30358E-2 9.64081E-2 1.0897E-1 9.94055E-2 9.57568E-2 1.01365E-1 9.59662E-2 1.07967E-1 1.10756E-1 1.09886E-1 1.18658E-1 9.84667E-2 1.02351E-1 1.05436E-1 7.46201E-2 1.0503E-1 1.18858E-1 1.00707E-1 8.78822E-2 1.19263E-1 1.01444E-1 8.47809E-2 8.78532E-2 8.04891E-2 7.81358E-2 7.15574E-2 7.33297E-2 7.77962E-2 7.96228E-2 8.68769E-2 9.15448E-2 9.22734E-2 9.30416E-2 8.54866E-2 7.30393E-2 8.13369E-2 1.15474E-1 1.1379E-1 1.16718E-1
9.80225E-2 1.13943E-1 1.28925E-1 1.25054E-1 1.02002E-1 1.19271E-1 1.23064E-1 1.16069E-1 1.15772E-1 1.11709E-1 1.13993E-1 1.00759E-1 1.04866E-1 9.99284E-2 1.0409E-1 1.19957E-1 1.06789E-1 1.00533E-1 1.16517E-1 1.07588E-1 1.13672E-1 1.02999E-1 9.9387E-2 9.51835E-2 1.14426E-1 1.0179E-1 1.04931E-1 1.11661E-1 9.70182E-2 8.40928E-2 1.07061E-1 1.05754E-1 1.04224E-1 9.01128E-2 9.9176E-2 1.11726E-1 1.08637E-1 9.92577E-2 8.38292E-2 1.0011E-1 9.66466E-2 9.59398E-2 1.01505E-1 7.87623E-2 7.05593E-2 6.69444E-2 6.64769E-2 6.64874E-2 6.93668E-2 7.88064E-2 8.05108E-2 8.70065E-2 9.90823E-2 1.06387E-1 1.06019E-1 8.28906E-2 8.66428E-2 8.37008E-2 9.08401E-2 1.01158E-1 1.21401E-1
1.03416E-1 1.08219E-1 1.17855E-1 1.20465E-1 9.98884E-2 9.02811E-2 1.19301E-1 1.04208E-1 1.07323E-1 1.09848E-1 1.14254E-1 9.99498E-2 1.08636E-1 1.17699E-1 1.02845E-1 1.07484E-1 1.06766E-1 9.97765E-2 1.11752E-1 1.24397E-1 1.34098E-1 1.16062E-1 1.11454E-1 8.58656E-2 1.08266E-1 1.02334E-1 1.05455E-1 1.14397E-1 1.14903E-1 1.04216E-1 1.15198E-1 1.26357E-1 1.1273E-1 1.08444E-1 1.14299E-1 8.22588E-2 1.2926E-1 1.34938E-1 9.78011E-2 8.3304E-2 1.3167E-1 9.08219E-2 9.25797E-2 6.23895E-2 6.03792E-2 5.97746E-2 6.37216E-2 6.8486E-2 6.38196E-2 6.09805E-2 7.24865E-2 7.51779E-2 9.16018E-2 1.02725E-1 9.2044E-2 9.41775E-2 9.68013E-2 8.89059E-2 9.00933E-2 9.47159E-2 1.12329E-1
1.0358E-1 1.0781E-1 1.11917E-1 1.04404E-1 1.10257E-1 1.01181E-1 1.14796E-1 1.04051E-1 1.16001E-1 1.06528E-1 1.19782E-1 1.25258E-1 1.10376E-1 1.04016E-1 1.03665E-1 1.02872E-1 1.04498E-1 1.0741E-1 1.04156E-1 1.10592E-1 1.17403E-1 1.13082E-1 1.23615E-1 8.99374E-2 1.12494E-1 1.06304E-1 1.04174E-1 1.14094E-1 1.16939E-1 1.1352E-1 1.1115E-1 1.23774E-1 1.26646E-1 1.2446E-1 1.11438E-1 1.11215E-1 1.09544E-1 1.00519E-1 1.01284E-1 1.09453E-1 8.54588E-2 1.05398E-1 7.48364E-2 6.05856E-2 5.8334E-2 5.8668E-2 6.24252E-2 6.28251E-2 6.22681E-2 6.53356E-2 7.30705E-2 7.00884E-2 8.88437E-2 1.27731E-1 1.08848E-1 7.94371E-2 9.01121E-2 9.3234E-2 1.11468E-1 1.10482E-1 1.06154E-1
9.19006E-2 9.25517E-2 9.48004E-2 9.56435E-2 1.0257E-1 1.25266E-1 1.213E-1 1.11216E-1 1.00341E-1 1.12702E-1 1.20842E-1 1.31062E-1 1.20832E-1 1.17981E-1 1.14775E-1 1.13334E-1 1.11561E-1 1.09461E-1 1.05733E-1 1.06011E-1 1.17076E-1 1.31842E-1 1.31515E-1 1.03431E-1 1.13103E-1 1.08397E-1 1.17623E-1 1.18617E-1 1.20198E-1 1.08616E-1 1.19058E-1 1.19151E-1 1.08443E-1 1.18106E-1 1.38042E-1 1.25559E-1 1.19308E-1 9.84933E-2 7.86743E-2 1.03885E-1 9.4504E-2 6.67738E-2 7.41667E-2 7.49033E-2 6.42456E-2 6.29503E-2 6.25477E-2 6.029E-2 6.44317E-2 8.19829E-2 1.00353E-1 7.9353E-2 7.13416E-2 1.26371E-1 1.01947E-1 7.90338E-2 1.02289E-1 1.20552E-1 1.0251E-1 1.20778E-1 1.26887E-1
1.06235E-1 1.05601E-1 1.05601E-1 1.0863E-1 1.07889E-1 9.4847E-2 1.0024E-1 1.18046E-1 1.2931E-1 1.30521E-1 1.27074E-1 1.2218E-1 1.17755E-1 1.22394E-1 1.2595E-1 1.35507E-1 1.171E-1 1.10479E-1 1.12111E-1 1.09949E-1 1.08265E-1 1.22785E-1 1.30406E-1 1.12424E-1 1.05341E-1 1.22923E-1 1.2976E-1 1.07078E-1 1.1435E-1 1.08924E-1 1.07291E-1 1.20038E-1 9.98705E-2 9.72066E-2 9.99089E-2 1.08597E-1 1.05171E-1 9.02309E-2 7.01499E-2 7.32068E-2 8.00693E-2 7.66317E-2 8.03006E-2 8.02109E-2 7.42819E-2 6.37224E-2 6.28014E-2 6.90144E-2 7.99797E-2 8.81278E-2 9.78117E-2 1.00689E-1 9.26358E-2 1.24046E-1 6.6777E-2 9.14812E-2 1.0914E-1 1.07099E-1 1.08976E-1 1.18467E-1 1.07597E-1
1.20378E-1 1.18865E-1 1.1479E-1 1.20252E-1 1.1788E-1 1.111E-1 1.1679E-1 1.23215E-1 1.30376E-1 1.2034E-1 1.30348E-1 1.3366E-1 1.14877E-1 1.18763E-1 1.33945E-1 1.30123E-1 1.19002E-1 1.07499E-1 1.14734E-1 1.05185E-1 1.00895E-1 1.04482E-1 1.13183E-1 1.20886E-1 1.19799E-1 1.05421E-1 1.02572E-1 9.14612E-2 9.65944E-2 9.20997E-2 8.53059E-2 8.83956E-2 8.90232E-2 7.49771E-2 8.74318E-2 7.80822E-2 9.34407E-2 9.72603E-2 9.27064E-2 7.88512E-2 7.84989E-2 8.50601E-2 8.38009E-2 7.74613E-2 8.18123E-2 7.69367E-2 7.28473E-2 8.52991E-2 8.65459E-2 9.28693E-2 9.03503E-2 9.57133E-2 1.14179E-1 9.59155E-2 7.95042E-2 1.23706E-1 1.07156E-1 1.07501E-1 1.03011E-1 9.63381E-2 1.17367E-1
1.2716E-1 1.28873E-1 1.29727E-1 1.31678E-1 1.32106E-1 1.25155E-1 1.33368E-1 1.27957E-1 1.30257E-1 1.34709E-1 1.31052E-1 1.07311E-1 1.21666E-1 1.341E-1 1.28219E-1 1.3418E-1 1.21986E-1 1.37317E-1 1.28177E-1 1.2321E-1 1.15925E-1 1.16874E-1 1.16558E-1 1.18389E-1 1.30042E-1 1.29627E-1 1.19299E-1 9.74794E-2 8.87784E-2 8.62736E-2 8.01234E-2 8.41676E-2 9.10519E-2 8.88969E-2 8.95438E-2 8.19044E-2 9.28217E-2 9.71096E-2 9.65842E-2 8.54039E-2 8.46074E-2 9.14385E-2 8.35737E-2 7.10072E-2 7.6367E-2 7.85844E-2 8.48531E-2 1.04308E-1 8.92106E-2 8.38087E-2 9.91609E-2 1.04004E-1 9.53697E-2 1.12043E-1 9.45281E-2 1.04844E-1 8.1772E-2 1.06327E-1 1.06716E-1 1.09683E-1 1.20588E-1
1.27254E-1 1.26852E-1 1.31064E-1 1.33392E-1 1.40527E-1 1.39142E-1 1.38491E-1 1.39826E-1 1.51496E-1 1.37499E-1 1.21178E-1 1.16231E-1 1.38289E-1 1.20198E-1 1.18609E-1 1.12386E-1 1.16916E-1 1.43063E-1 1.34179E-1 1.31957E-1 1.27745E-1 1.21636E-1 1.23522E-1 1.22354E-1 1.19828E-1 1.19988E-1 1.28868E-1 1.28526E-1 1.23814E-1 1.18851E-1 1.07645E-1 1.03263E-1 9.79605E-2 8.59574E-2 8.9875E-2 1.00161E-1 9.90173E-2 9.96568E-2 9.94474E-2 9.71591E-2 9.74047E-2 8.83717E-2 7.87662E-2 8.12991E-2 8.09471E-2 9.20158E-2 9.19539E-2 8.11256E-2 8.53412E-2 7.59984E-2 8.19568E-2 1.05927E-1 8.59269E-2 1.0172E-1 1.04208E-1 1.21216E-1 9.66962E-2 8.26184E-2 7.48818E-2 1.0653E-1 1.16841E-1
1.41773E-1 1.43814E-1 1.38281E-1 1.32714E-1 1.39894E-1 1.44862E-1 1.4794E-1 1.58156E-1 1.51713E-1 1.41309E-1 1.42282E-1 1.27669E-1 1.39877E-1 1.20981E-1 1.20856E-1 1.14064E-1 1.2132E-1 1.34765E-1 1.46698E-1 1.40123E-1 1.32023E-1 1.33015E-1 1.23826E-1 1.25719E-1 1.21825E-1 1.18688E-1 1.1838E-1 1.19683E-1 1.15154E-1 9.98024E-2 9.26974E-2 9.46005E-2 9.26611E-2 9.46739E-2 1.06522E-1 1.02765E-1 9.72564E-2 9.70356E-2 9.97544E-2 1.03587E-1 8.60037E-2 7.97018E-2 9.48516E-2 9.59913E-2 9.27982E-2 9.6229E-2 1.0328E-1 7.72317E-2 7.96796E-2 7.43246E-2 8.32053E-2 9.85415E-2 9.31427E-2 8.97716E-2 1.13967E-1 1.23565E-1 1.13993E-1 7.25845E-2 6.9086E-2 7.09956E-2 8.80456E-2
1.55675E-1 1.42805E-1 1.35436E-1 1.34394E-1 1.30749E-1 1.48746E-1 1.54627E-1 1.54197E-1 1.43558E-1 1.54927E-1 1.55724E-1 1.41066E-1 1.1941E-1 1.22571E-1 1.23538E-1 1.19801E-1 1.31127E-1 1.53202E-1 1.44227E-1 1.32422E-1 1.30063E-1 1.30699E-1 1.39038E-1 1.26535E-1 1.22577E-1 1.22269E-1 1.20799E-1 1.19676E-1 1.14753E-1 1.06101E-1 9.99211E-2 9.95622E-2 9.83464E-2 9.92914E-2 1.01588E-1 9.31079E-2 8.65883E-2 8.80982E-2 8.80129E-2 9.91509E-2 8.56776E-2 8.1853E-2 9.28566E-2 9.8048E-2 1.02499E-1 8.63941E-2 1.08763E-1 7.17294E-2 7.83704E-2 7.31626E-2 8.17676E-2 1.08855E-1 9.34364E-2 8.33214E-2 1.25604E-1 1.27435E-1 1.10337E-1 8.71477E-2 7.48208E-2 7.40061E-2 6.90882E-2
1.46205E-1 1.58177E-1 1.45061E-1 1.4083E-1 1.27112E-1 1.53646E-1 1.5029E-1 1.54347E-1 1.27758E-1 1.40301E-1 1.27111E-1 1.24961E-1 1.33324E-1 1.30246E-1 1.29736E-1 1.27599E-1 1.27926E-1 1.39819E-1 1.39046E-1 1.28069E-1 1.18018E-1 1.25606E-1 1.31246E-1 1.38036E-1 1.28668E-1 1.262E-1 1.31187E-1 1.29275E-1 1.26628E-1 1.08027E-1 1.05406E-1 1.06755E-1 1.04042E-1 1.03306E-1 9.87793E-2 9.7652E-2 1.00984E-1 9.84E-2 9.24114E-2 8.95673E-2 9.67493E-2 9.65054E-2 1.11999E-1 9.40474E-2 9.29603E-2 8.09433E-2 8.7356E-2 9.9317E-2 7.36516E-2 9.55232E-2 9.86203E-2 1.193E-1 1.00039E-1 1.10392E-1 1.22363E-1 1.32178E-1 1.07583E-1 7.68486E-2 6.53979E-2 6.62913E-2 7.18184E-2
1.57656E-1 1.50632E-1 1.55023E-1 1.63154E-1 1.44446E-1 1.40431E-1 1.57576E-1 1.35325E-1 1.33369E-1 1.28255E-1 1.34796E-1 1.43875E-1 1.46569E-1 1.50745E-1 1.46736E-1 1.40857E-1 1.34926E-1 1.54218E-1 1.31708E-1 1.30495E-1 1.35034E-1 1.23411E-1 1.30051E-1 1.38617E-1 1.40381E-1 1.38063E-1 1.37655E-1 1.34855E-1 1.38152E-1 1.24159E-1 1.17608E-1 1.10054E-1 1.10341E-1 1.09515E-1 1.10042E-1 1.04302E-1 1.049E-1 1.0987E-1 1.04512E-1 9.38712E-2 1.09208E-1 1.06508E-1 1.10859E-1 9.32189E-2 8.75689E-2 9.62233E-2 8.82125E-2 1.11078E-1 7.84007E-2 1.26607E-1 8.52249E-2 1.06494E-1 8.85951E-2 9.06849E-2 1.25102E-1 1.26304E-1 1.20901E-1 8.90512E-2 7.1776E-2 7.59086E-2 6.9403E-2
1.6373E-1 1.4619E-1 1.4756E-1 1.59257E-1 1.53304E-1 1.49679E-1 1.59497E-1 1.41583E-1 1.55245E-1 1.46403E-1 1.7598E-1 1.54426E-1 1.50805E-1 1.69054E-1 1.59563E-1 1.50414E-1 1.35777E-1 1.29453E-1 1.2495E-1 1.26176E-1 1.35913E-1 1.2802E-1 1.22503E-1 1.31069E-1 1.45074E-1 1.43828E-1 1.29242E-1 1.24978E-1 1.17136E-1 1.16841E-1 1.22584E-1 1.18174E-1 1.16328E-1 1.20963E-1 1.25541E-1 1.09992E-1 1.21212E-1 1.27699E-1 1.12456E-1 1.06216E-1 9.86235E-2 9.9728E-2 9.76247E-2 9.95054E-2 9.98414E-2 9.11102E-2 1.0073E-1 8.43944E-2 8.94435E-2 1.32843E-1 8.49992E-2 8.02369E-2 6.42196E-2 8.93513E-2 1.22556E-1 1.23191E-1 1.02987E-1 8.49878E-2 8.53655E-2 8.47494E-2 7.74739E-2
1.61683E-1 1.47896E-1 1.50717E-1 1.4984E-1 1.62353E-1 1.55242E-1 1.68851E-1 1.46871E-1 1.67379E-1 1.74604E-1 1.61952E-1 1.62572E-1 1.34837E-1 1.62552E-1 1.65344E-1 1.54499E-1 1.41515E-1 1.36806E-1 1.31894E-1 1.25933E-1 1.33561E-1 1.38421E-1 1.41674E-1 1.43633E-1 1.42637E-1 1.3844E-1 1.3074E-1 1.21304E-1 1.24487E-1 1.29115E-1 1.3191E-1 1.18612E-1 1.03091E-1 1.17698E-1 1.16882E-1 1.13392E-1 1.26718E-1 1.22439E-1 1.1667E-1 1.10404E-1 1.17785E-1 9.01992E-2 9.05569E-2 9.60224E-2 9.23725E-2 8.64824E-2 9.80903E-2 7.78326E-2 9.1761E-2 1.41189E-1 1.04004E-1 9.81103E-2 8.21565E-2 6.85588E-2 9.5048E-2 1.0304E-1 9.29348E-2 8.26601E-2 7.84002E-2 8.49217E-2 8.4309E-2
1.5254E-1 1.51521E-1 1.57161E-1 1.60107E-1 1.58602E-1 1.55373E-1 1.50447E-1 1.46781E-1 1.83979E-1 1.53416E-1 1.606E-1 1.49808E-1 1.30327E-1 1.50776E-1 1.75683E-1 1.70146E-1 1.51391E-1 1.40504E-1 1.3979E-1 1.33047E-1 1.35652E-1 1.41423E-1 1.41839E-1 1.36376E-1 1.47177E-1 1.50185E-1 1.5473E-1 1.44051E-1 1.37422E-1 1.17761E-1 1.36827E-1 1.21158E-1 1.20908E-1 1.12411E-1 1.03136E-1 1.19148E-1 1.19629E-1 1.31294E-1 1.38843E-1 1.14709E-1 1.0124E-1 8.6017E-2 9.36674E-2 9.43605E-2 9.61908E-2 9.51773E-2 9.72193E-2 7.93523E-2 1.09635E-1 1.3939E-1 1.10909E-1 1.00964E-1 8.68523E-2 7.5238E-2 9.60762E-2 9.29222E-2 8.97179E-2 7.98353E-2 7.94908E-2 7.98957E-2 8.25257E-2
1.39972E-1 1.53058E-1 1.52066E-1 1.64744E-1 1.68167E-1 1.63892E-1 1.56319E-1 1.57688E-1 1.69724E-1 1.29172E-1 1.57857E-1 1.38286E-1 1.321E-1 1.75085E-1 1.59062E-1 1.6866E-1 1.53522E-1 1.37032E-1 1.3508E-1 1.32173E-1 1.31301E-1 1.34047E-1 1.62484E-1 1.2889E-1 1.19936E-1 1.41203E-1 1.56209E-1 1.44417E-1 1.13767E-1 1.32533E-1 1.34734E-1 1.29882E-1 1.15803E-1 1.14256E-1 1.22758E-1 1.09838E-1 1.2851E-1 1.08878E-1 9.92846E-2 9.77621E-2 1.12606E-1 1.13273E-1 1.28592E-1 1.09551E-1 9.90431E-2 9.84251E-2 9.70986E-2 8.42067E-2 1.17567E-1 1.15297E-1 1.08826E-1 9.22514E-2 8.241E-2 9.18654E-2 9.13182E-2 9.1678E-2 8.66255E-2 8.29754E-2 7.98986E-2 8.08551E-2 7.8623E-2
1.45528E-1 1.52281E-1 1.53459E-1 1.54707E-1 1.55301E-1 1.68726E-1 1.88598E-1 1.60593E-1 1.38046E-1 1.46452E-1 1.47954E-1 1.34663E-1 1.57326E-1 1.73199E-1 1.65529E-1 1.57576E-1 1.46099E-1 1.39213E-1 1.38597E-1 1.35172E-1 1.37578E-1 1.43296E-1 1.38275E-1 1.37826E-1 1.14522E-1 1.17435E-1 1.18192E-1 1.13001E-1 1.35953E-1 1.26005E-1 1.20289E-1 1.28506E-1 1.03246E-1 1.13001E-1 1.13616E-1 1.02672E-1 1.2326E-1 1.13209E-1 1.23383E-1 1.27918E-1 1.41928E-1 1.6517E-1 1.5343E-1 1.36103E-1 1.17086E-1 1.15177E-1 1.05614E-1 9.69077E-2 1.07901E-1 1.04468E-1 1.22404E-1 9.10508E-2 8.32797E-2 9.98638E-2 9.75568E-2 9.27412E-2 8.77639E-2 8.59018E-2 8.42475E-2 8.67232E-2 8.79936E-2
1.55844E-1 1.65247E-1 1.57469E-1 1.70106E-1 1.86338E-1 1.92821E-1 1.55555E-1 1.41591E-1 1.69813E-1 1.38231E-1 1.36609E-1 1.33465E-1 1.66266E-1 1.45428E-1 1.42437E-1 1.3978E-1 1.47133E-1 1.63965E-1 1.56862E-1 1.64472E-1 1.67249E-1 1.51155E-1 1.27305E-1 1.37277E-1 1.25606E-1 1.20347E-1 1.28558E-1 1.16087E-1 1.23368E-1 1.27379E-1 1.13612E-1 1.04286E-1 1.0873E-1 1.05948E-1 1.11787E-1 1.23443E-1 1.41038E-1 1.35361E-1 1.3888E-1 1.53295E-1 1.50039E-1 1.68E-1 1.66626E-1 1.63003E-1 1.39033E-1 1.33607E-1 1.29586E-1 1.13851E-1 1.21007E-1 1.16245E-1 1.30112E-1 9.6688E-2 8.12037E-2 9.89822E-2 1.00251E-1 9.76141E-2 9.64599E-2 9.22219E-2 9.52461E-2 9.91331E-2 9.84693E-2
1.64743E-1 1.58482E-1 1.6724E-1 1.9334E-1 1.98999E-1 1.74699E-1 1.45436E-1 1.67244E-1 1.78369E-1 1.42092E-1 1.52062E-1 1.61079E-1 1.65496E-1 1.32862E-1 1.54896E-1 1.55209E-1 1.56797E-1 1.80993E-1 1.49174E-1 1.32267E-1 1.50817E-1 1.42042E-1 1.42542E-1 1.29418E-1 1.12771E-1 1.2355E-1 1.27939E-1 1.06415E-1 1.01035E-1 1.20773E-1 1.24051E-1 1.11751E-1 1.21024E-1 1.12696E-1 1.12863E-1 1.27713E-1 1.30341E-1 1.41181E-1 1.5431E-1 1.41227E-1 1.47642E-1 1.68299E-1 1.70796E-1 1.78659E-1 1.75064E-1 1.75754E-1 1.19421E-1 1.33195E-1 9.46314E-2 1.08952E-1 1.10268E-1 9.55828E-2 8.97317E-2 9.24264E-2 1.00571E-1 1.05225E-1 9.75147E-2 9.90856E-2 9.90165E-2 1.08186E-1 1.05181E-1
2.03361E-1 1.66868E-1 2.01587E-1 2.19717E-1 1.78917E-1 1.70526E-1 1.41572E-1 1.7644E-1 1.54364E-1 1.49363E-1 1.57049E-1 1.56218E-1 1.58611E-1 1.38381E-1 1.6704E-1 1.49832E-1 1.38042E-1 1.59882E-1 1.38795E-1 1.39463E-1 1.44916E-1 1.72779E-1 1.38458E-1 1.30827E-1 1.41224E-1 1.25947E-1 1.14416E-1 9.66718E-2 1.19195E-1 1.23215E-1 1.1982E-1 1.3202E-1 1.13846E-1 1.29663E-1 1.38897E-1 1.62425E-1 1.57648E-1 1.70669E-1 1.76999E-1 1.6913E-1 1.50734E-1 1.5318E-1 1.63089E-1 1.88506E-1 2.02238E-1 1.90868E-1 1.44292E-1 1.44185E-1 1.01527E-1 1.08297E-1 1.01888E-1 9.91458E-2 1.01516E-1 9.91243E-2 1.14205E-1 1.33437E-1 1.24386E-1 1.18234E-1 1.14841E-1 1.13638E-1 1.10863E-1
1.96279E-1 1.89163E-1 2.08124E-1 1.97265E-1 1.54472E-1 1.54407E-1 1.57496E-1 1.73029E-1 1.59438E-1 1.47329E-1 1.67512E-1 1.60413E-1 1.58604E-1 1.79125E-1 1.60207E-1 1.40984E-1 1.36582E-1 1.50636E-1 1.29728E-1 1.3413E-1 1.32751E-1 1.292E-1 1.37826E-1 1.32245E-1 1.34457E-1 1.18404E-1 9.9712E-2 1.26626E-1 1.41888E-1 1.21609E-1 1.19312E-1 1.34071E-1 1.11891E-1 1.40964E-1 1.49248E-1 1.48503E-1 1.73953E-1 1.81454E-1 1.88768E-1 1.64523E-1 1.69062E-1 1.47232E-1 1.67111E-1 1.8747E-1 2.01798E-1 1.97336E-1 1.59586E-1 1.48297E-1 1.30672E-1 1.07344E-1 9.98223E-2 1.08969E-1 1.35649E-1 1.42544E-1 1.62733E-1 1.76848E-1 1.75003E-1 1.60513E-1 1.48942E-1 1.30286E-1 1.04827E-1
2.08235E-1 1.94144E-1 1.95875E-1 1.7111E-1 1.71566E-1 1.80462E-1 1.85991E-1 1.85895E-1 1.7075E-1 1.73711E-1 1.64246E-1 1.85327E-1 1.57349E-1 2.02872E-1 1.69493E-1 1.66204E-1 1.51633E-1 1.49831E-1 1.46541E-1 1.23847E-1 1.17869E-1 1.36479E-1 1.14692E-1 1.21364E-1 1.20224E-1 1.15959E-1 1.32526E-1 1.46371E-1 1.34644E-1 1.18414E-1 1.12083E-1 1.19513E-1 1.05503E-1 1.49523E-1 1.54162E-1 1.59063E-1 1.67842E-1 1.83408E-1 1.76051E-1 1.69349E-1 1.58586E-1 1.73377E-1 1.60251E-1 1.86625E-1 1.82359E-1 2.07196E-1 1.60012E-1 1.71512E-1 1.49455E-1 1.24398E-1 1.05083E-1 1.28119E-1 1.81056E-1 1.80667E-1 1.78861E-1 1.79864E-1 1.74388E-1 1.82469E-1 1.81339E-1 1.75401E-1 1.54316E-1
2.22403E-1 2.09868E-1 1.9829E-1 2.0378E-1 2.01907E-1 1.98507E-1 2.05734E-1 1.98386E-1 1.76304E-1 1.58099E-1 1.70941E-1 2.10476E-1 1.66586E-1 1.71622E-1 2.01484E-1 1.95449E-1 1.95297E-1 1.34323E-1 1.5224E-1 1.46675E-1 1.20322E-1 1.35055E-1 1.374E-1 1.28985E-1 1.18637E-1 1.39818E-1 1.89156E-1 1.25544E-1 1.39111E-1 1.3987E-1 1.46331E-1 1.37347E-1 1.08194E-1 1.52637E-1 1.4035E-1 1.42707E-1 1.59749E-1 1.6589E-1 1.58475E-1 1.53019E-1 1.61387E-1 1.75784E-1 1.50584E-1 1.8827E-1 1.49556E-1 1.60146E-1 1.55721E-1 1.56823E-1 1.75477E-1 1.64583E-1 1.06133E-1 1.16858E-1 1.58973E-1 1.77874E-1 1.9192E-1 1.92401E-1 1.78742E-1 1.61874E-1 1.42657E-1 1.31836E-1 1.21689E-1
