maxent_outputs/red_flowers_troch_bombus_environ/red_234.asc
ncols         426
nrows         180
xllcorner     -130.0
yllcorner     24.0
cellsize      0.16666666666666666
NODATA_value  -9999
[rows 54 to 80 of 180, columns 122 to 182 of 426]
3.15513E-1 3.1656E-1 2.13463E-1 1.81808E-1 1.90819E-1 1.72344E-1 1.58267E-1 1.61953E-1 1.75538E-1 2.19737E-1 2.74514E-1 2.90671E-1 2.79881E-1 2.47233E-1 1.93455E-1 1.76866E-1 1.58844E-1 1.68185E-1 1.80067E-1 1.73563E-1 1.70465E-1 1.62386E-1 1.53514E-1 1.53463E-1 1.53793E-1 1.52914E-1 1.51258E-1 1.53949E-1 1.53802E-1 1.52101E-1 1.60234E-1 1.63236E-1 1.62527E-1 1.5818E-1 1.63138E-1 1.79974E-1 2.11492E-1 2.26637E-1 1.94324E-1 1.5214E-1 1.32194E-1 1.21837E-1 1.18358E-1 1.18615E-1 1.1819E-1 1.18332E-1 1.16338E-1 1.17919E-1 1.17269E-1 1.18047E-1 1.19994E-1 1.2003E-1 1.19543E-1 1.2226E-1 1.20977E-1 1.30039E-1 1.17945E-1 1.19344E-1 1.14083E-1 1.11485E-1 1.10366E-1
3.25835E-1 2.75323E-1 2.22085E-1 2.0856E-1 1.88562E-1 1.7287E-1 1.63584E-1 1.65773E-1 1.7823E-1 1.89935E-1 2.44288E-1 2.94915E-1 3.12881E-1 3.11202E-1 2.56213E-1 1.84908E-1 1.67409E-1 1.69027E-1 1.82928E-1 1.77181E-1 1.66606E-1 1.57697E-1 1.58387E-1 1.56067E-1 1.52944E-1 1.53398E-1 1.54271E-1 1.546E-1 1.57692E-1 1.67424E-1 1.66461E-1 1.73232E-1 1.70362E-1 1.61864E-1 1.67395E-1 1.92809E-1 2.40319E-1 3.09977E-1 2.29135E-1 1.7264E-1 1.44619E-1 1.32998E-1 1.25102E-1 1.19985E-1 1.19107E-1 1.18251E-1 1.18769E-1 1.19628E-1 1.17803E-1 1.19512E-1 1.20492E-1 1.23807E-1 1.29219E-1 1.37445E-1 1.43237E-1 1.22136E-1 1.21689E-1 1.19232E-1 1.14336E-1 1.12667E-1 1.14115E-1
3.53503E-1 3.02286E-1 2.45365E-1 2.04857E-1 1.9106E-1 1.873E-1 1.73298E-1 1.69281E-1 1.63296E-1 1.69265E-1 1.8437E-1 2.25717E-1 2.77998E-1 2.9836E-1 3.0451E-1 2.49764E-1 2.19251E-1 1.82293E-1 1.77651E-1 1.73663E-1 1.7188E-1 1.63889E-1 1.60923E-1 1.60162E-1 1.57943E-1 1.6016E-1 1.54447E-1 1.57465E-1 1.55844E-1 1.58564E-1 1.70651E-1 1.86189E-1 1.72375E-1 1.6708E-1 1.67826E-1 1.77695E-1 2.16039E-1 2.53615E-1 2.15121E-1 1.75224E-1 1.50903E-1 1.36528E-1 1.33614E-1 1.29615E-1 1.28936E-1 1.27116E-1 1.24883E-1 1.2562E-1 1.22329E-1 1.24357E-1 1.27926E-1 1.26291E-1 1.26335E-1 1.29149E-1 1.42505E-1 1.25287E-1 1.19618E-1 1.19346E-1 1.14752E-1 1.15153E-1 1.15683E-1
3.07709E-1 2.53633E-1 2.24325E-1 2.05664E-1 1.89573E-1 1.81892E-1 1.80215E-1 1.68561E-1 1.60125E-1 1.57343E-1 1.65918E-1 2.02289E-1 2.48343E-1 2.81211E-1 3.02206E-1 3.06768E-1 2.44891E-1 1.84871E-1 1.76296E-1 1.71467E-1 1.65305E-1 1.64547E-1 1.62637E-1 1.61406E-1 1.62535E-1 1.59195E-1 1.62645E-1 1.56857E-1 1.55025E-1 1.57342E-1 1.68143E-1 1.72169E-1 1.67012E-1 1.93732E-1 2.00019E-1 1.9857E-1 1.8981E-1 1.74887E-1 1.78092E-1 1.70114E-1 1.54211E-1 1.39115E-1 1.35803E-1 1.34613E-1 1.31994E-1 1.35065E-1 1.31476E-1 1.27268E-1 1.24717E-1 1.27306E-1 1.28774E-1 1.23751E-1 1.24316E-1 1.25571E-1 1.3048E-1 1.29201E-1 1.23502E-1 1.21203E-1 1.17299E-1 1.18588E-1 1.18814E-1
3.22089E-1 2.91481E-1 2.91383E-1 1.95736E-1 1.7447E-1 1.76924E-1 1.79276E-1 1.75088E-1 1.71373E-1 1.60997E-1 1.59725E-1 1.71127E-1 1.97493E-1 2.35218E-1 2.75339E-1 2.94055E-1 2.5075E-1 1.94527E-1 1.73414E-1 1.67028E-1 1.67078E-1 1.59761E-1 1.60751E-1 1.62923E-1 1.65236E-1 1.62705E-1 1.64201E-1 1.56652E-1 1.56501E-1 1.5063E-1 1.54693E-1 1.60588E-1 1.73558E-1 1.82339E-1 1.89721E-1 1.93045E-1 1.87491E-1 1.67808E-1 1.55038E-1 1.5667E-1 1.53644E-1 1.46779E-1 1.41122E-1 1.35785E-1 1.39508E-1 1.34817E-1 1.34519E-1 1.30399E-1 1.26952E-1 1.26618E-1 1.25053E-1 1.26153E-1 1.26762E-1 1.26724E-1 1.26868E-1 1.27482E-1 1.27965E-1 1.28884E-1 1.25958E-1 1.24555E-1 1.21734E-1
3.27819E-1 3.1772E-1 2.45417E-1 1.82421E-1 1.76483E-1 1.77011E-1 1.79406E-1 1.72042E-1 1.60504E-1 1.60822E-1 1.5779E-1 1.67704E-1 1.76385E-1 1.93196E-1 2.38238E-1 2.55383E-1 2.43713E-1 1.79944E-1 1.67413E-1 1.6623E-1 1.65469E-1 1.66081E-1 1.62431E-1 1.64854E-1 1.63347E-1 1.61677E-1 1.62625E-1 1.57655E-1 1.56886E-1 1.55385E-1 1.53331E-1 1.63088E-1 1.71732E-1 1.75194E-1 1.81561E-1 1.85066E-1 1.81119E-1 1.66675E-1 1.48646E-1 1.5178E-1 1.53682E-1 1.47831E-1 1.41658E-1 1.39019E-1 1.36341E-1 1.34626E-1 1.33336E-1 1.30889E-1 1.26184E-1 1.25737E-1 1.278E-1 1.28516E-1 1.31409E-1 1.30153E-1 1.32055E-1 1.29626E-1 1.30176E-1 1.28546E-1 1.28154E-1 1.26319E-1 1.30163E-1
3.54607E-1 3.52928E-1 3.29224E-1 2.28945E-1 1.90419E-1 1.80966E-1 1.80337E-1 1.77352E-1 1.75502E-1 1.6332E-1 1.59758E-1 1.70582E-1 1.84721E-1 1.77768E-1 2.01872E-1 2.23213E-1 2.33309E-1 1.86436E-1 1.75601E-1 1.7075E-1 1.69935E-1 1.7174E-1 1.74701E-1 1.69227E-1 1.63315E-1 1.63368E-1 1.61265E-1 1.63969E-1 1.55148E-1 1.55164E-1 1.54706E-1 1.57175E-1 1.76622E-1 1.8259E-1 1.70307E-1 1.76773E-1 1.76825E-1 1.71372E-1 1.48885E-1 1.45294E-1 1.44276E-1 1.40409E-1 1.40449E-1 1.39119E-1 1.40906E-1 1.32492E-1 1.31982E-1 1.30635E-1 1.29252E-1 1.30879E-1 1.30949E-1 1.29772E-1 1.31088E-1 1.33975E-1 1.36677E-1 1.3434E-1 1.34008E-1 1.28957E-1 1.2444E-1 1.24129E-1 1.22054E-1
2.84341E-1 2.91931E-1 3.18208E-1 2.81977E-1 1.97305E-1 1.78812E-1 1.75848E-1 1.7199E-1 1.64802E-1 1.65505E-1 1.69061E-1 1.73375E-1 1.8564E-1 1.82371E-1 1.95833E-1 2.18358E-1 2.09879E-1 1.8435E-1 1.72296E-1 1.7155E-1 1.73865E-1 1.75889E-1 1.75571E-1 1.73098E-1 1.67386E-1 1.63524E-1 1.64448E-1 1.58234E-1 1.51237E-1 1.48981E-1 1.52088E-1 1.50894E-1 1.5518E-1 1.67666E-1 1.67307E-1 1.71267E-1 1.66251E-1 1.6304E-1 1.48006E-1 1.40544E-1 1.41643E-1 1.3791E-1 1.40289E-1 1.36931E-1 1.35826E-1 1.3576E-1 1.38139E-1 1.32478E-1 1.27793E-1 1.2787E-1 1.27946E-1 1.26772E-1 1.27272E-1 1.31496E-1 1.36698E-1 1.3442E-1 1.29292E-1 1.28623E-1 1.29729E-1 1.30313E-1 1.29265E-1
2.2108E-1 2.07955E-1 2.53143E-1 2.24528E-1 1.97744E-1 2.05031E-1 1.98216E-1 1.83187E-1 1.82783E-1 1.9188E-1 1.94577E-1 1.94371E-1 1.97214E-1 2.0258E-1 2.11077E-1 2.26376E-1 2.00212E-1 1.87366E-1 1.80709E-1 1.83997E-1 1.81201E-1 1.8262E-1 1.78203E-1 1.71299E-1 1.70446E-1 1.65421E-1 1.64474E-1 1.62927E-1 1.49721E-1 1.47801E-1 1.48406E-1 1.5419E-1 1.51512E-1 1.56017E-1 1.57832E-1 1.59826E-1 1.61575E-1 1.5869E-1 1.47234E-1 1.43852E-1 1.39645E-1 1.40536E-1 1.37696E-1 1.3346E-1 1.36274E-1 1.37985E-1 1.41211E-1 1.35938E-1 1.33412E-1 1.29499E-1 1.29232E-1 1.27899E-1 1.27239E-1 1.34093E-1 1.37607E-1 1.34292E-1 1.33312E-1 1.32755E-1 1.32311E-1 1.36047E-1 1.3358E-1
3.00161E-1 2.16078E-1 2.10519E-1 2.05552E-1 1.95347E-1 1.75846E-1 1.70888E-1 1.78767E-1 1.87374E-1 1.97478E-1 2.06196E-1 1.85288E-1 1.93761E-1 2.09703E-1 2.2887E-1 2.22547E-1 2.04472E-1 1.92231E-1 1.85551E-1 1.85729E-1 1.82346E-1 1.89706E-1 1.7936E-1 1.75523E-1 1.77946E-1 1.70635E-1 1.66629E-1 1.60774E-1 1.59471E-1 1.57092E-1 1.53953E-1 1.49916E-1 1.46973E-1 1.49798E-1 1.505E-1 1.56579E-1 1.57697E-1 1.56292E-1 1.46534E-1 1.43526E-1 1.4044E-1 1.33105E-1 1.30998E-1 1.36092E-1 1.37126E-1 1.36755E-1 1.35994E-1 1.32276E-1 1.31377E-1 1.28975E-1 1.30008E-1 1.2958E-1 1.30162E-1 1.37546E-1 1.34169E-1 1.37385E-1 1.36055E-1 1.36945E-1 1.39028E-1 1.36623E-1 1.37167E-1
3.80077E-1 3.04428E-1 2.05759E-1 1.93912E-1 1.8026E-1 1.69289E-1 1.66211E-1 1.59872E-1 1.60338E-1 1.65982E-1 1.72063E-1 1.81093E-1 1.82918E-1 1.94212E-1 2.03254E-1 2.027E-1 1.9644E-1 1.95243E-1 1.94561E-1 1.93735E-1 1.92412E-1 1.92617E-1 1.90437E-1 1.86449E-1 1.83278E-1 1.77943E-1 1.68544E-1 1.65434E-1 1.63754E-1 1.59218E-1 1.55958E-1 1.49627E-1 1.53719E-1 1.54511E-1 1.4906E-1 1.51698E-1 1.49753E-1 1.4963E-1 1.46872E-1 1.46821E-1 1.39242E-1 1.35598E-1 1.40056E-1 1.37555E-1 1.33533E-1 1.34364E-1 1.33045E-1 1.36213E-1 1.27828E-1 1.24827E-1 1.31113E-1 1.31696E-1 1.34804E-1 1.31979E-1 1.31732E-1 1.30764E-1 1.36682E-1 1.36742E-1 1.38728E-1 1.40844E-1 1.40334E-1
3.94941E-1 3.29929E-1 2.97443E-1 2.02773E-1 1.78289E-1 1.65606E-1 1.61541E-1 1.60973E-1 1.62301E-1 1.67095E-1 1.74118E-1 1.82257E-1 1.95309E-1 1.99359E-1 1.99601E-1 1.96071E-1 1.9458E-1 1.96069E-1 1.94437E-1 2.00544E-1 1.95832E-1 1.93876E-1 1.92802E-1 1.88993E-1 1.91339E-1 1.89582E-1 1.80337E-1 1.7381E-1 1.66957E-1 1.63369E-1 1.5969E-1 1.60175E-1 1.59943E-1 1.59211E-1 1.55758E-1 1.50976E-1 1.46968E-1 1.53935E-1 1.51751E-1 1.53567E-1 1.47037E-1 1.43487E-1 1.40198E-1 1.37846E-1 1.34983E-1 1.34681E-1 1.33751E-1 1.34837E-1 1.35237E-1 1.33014E-1 1.32237E-1 1.33107E-1 1.29374E-1 1.28927E-1 1.28822E-1 1.33571E-1 1.36163E-1 1.36449E-1 1.35223E-1 1.37937E-1 1.40339E-1
2.74553E-1 3.43316E-1 3.44848E-1 2.92745E-1 1.95322E-1 1.67609E-1 1.62123E-1 1.63157E-1 1.69423E-1 1.8273E-1 1.87319E-1 1.97018E-1 2.05768E-1 2.1022E-1 2.01373E-1 1.96383E-1 1.97903E-1 1.98311E-1 2.06399E-1 2.0699E-1 2.08685E-1 1.95942E-1 1.94459E-1 1.92598E-1 1.85092E-1 1.86192E-1 1.81097E-1 1.78666E-1 1.75987E-1 1.74463E-1 1.76564E-1 1.70374E-1 1.65508E-1 1.62334E-1 1.54605E-1 1.49096E-1 1.50558E-1 1.56885E-1 1.5495E-1 1.4787E-1 1.4567E-1 1.46164E-1 1.44243E-1 1.41369E-1 1.38452E-1 1.36638E-1 1.37522E-1 1.35873E-1 1.36128E-1 1.35942E-1 1.34785E-1 1.361E-1 1.34421E-1 1.30405E-1 1.32975E-1 1.34658E-1 1.35471E-1 1.4016E-1 1.39324E-1 1.38244E-1 1.41059E-1
1.90392E-1 2.6373E-1 3.2346E-1 3.38928E-1 2.9571E-1 2.0566E-1 1.78426E-1 1.8165E-1 1.87276E-1 2.01137E-1 1.96882E-1 2.02562E-1 1.98866E-1 2.0475E-1 2.10041E-1 2.03372E-1 2.01549E-1 2.04941E-1 2.05717E-1 2.21087E-1 2.29952E-1 2.12563E-1 2.1066E-1 2.03242E-1 1.92785E-1 1.84351E-1 1.76826E-1 1.73509E-1 1.7186E-1 1.73089E-1 1.85736E-1 1.78306E-1 1.66577E-1 1.57835E-1 1.54437E-1 1.5697E-1 1.59343E-1 1.62995E-1 1.62873E-1 1.6315E-1 1.59317E-1 1.5088E-1 1.42163E-1 1.39998E-1 1.38338E-1 1.38289E-1 1.37643E-1 1.37891E-1 1.42182E-1 1.42328E-1 1.40862E-1 1.35343E-1 1.35355E-1 1.33467E-1 1.31857E-1 1.35071E-1 1.39361E-1 1.3925E-1 1.4295E-1 1.4181E-1 1.4144E-1
1.83897E-1 1.9101E-1 2.43449E-1 2.88756E-1 3.17583E-1 2.62909E-1 2.20598E-1 2.05209E-1 1.97714E-1 1.94395E-1 2.01722E-1 1.98042E-1 2.01014E-1 2.01206E-1 2.03917E-1 1.97606E-1 1.96683E-1 2.06786E-1 2.07924E-1 2.15852E-1 2.23317E-1 2.23048E-1 2.28296E-1 2.13635E-1 2.03986E-1 1.88766E-1 1.8076E-1 1.76569E-1 1.70973E-1 1.74625E-1 1.84002E-1 1.77448E-1 1.62845E-1 1.54895E-1 1.45779E-1 1.51389E-1 1.57245E-1 1.63558E-1 1.62292E-1 1.56247E-1 1.5388E-1 1.44596E-1 1.41656E-1 1.4377E-1 1.43703E-1 1.4335E-1 1.42165E-1 1.46052E-1 1.45667E-1 1.44881E-1 1.43835E-1 1.41734E-1 1.41465E-1 1.33527E-1 1.32578E-1 1.38115E-1 1.37767E-1 1.42927E-1 1.43474E-1 1.42514E-1 1.40165E-1
1.77452E-1 1.80947E-1 1.91053E-1 2.09103E-1 2.20681E-1 2.2109E-1 2.27335E-1 2.19687E-1 2.02558E-1 2.08995E-1 2.15204E-1 2.20875E-1 2.12642E-1 2.05595E-1 2.08268E-1 2.05833E-1 2.1004E-1 2.22539E-1 2.25609E-1 2.29793E-1 2.12515E-1 2.01044E-1 2.16896E-1 2.24516E-1 2.2534E-1 2.03951E-1 1.91498E-1 1.79931E-1 1.76575E-1 1.75914E-1 1.73865E-1 1.64018E-1 1.59524E-1 1.54752E-1 1.51979E-1 1.51511E-1 1.54363E-1 1.56552E-1 1.56252E-1 1.51963E-1 1.53551E-1 1.44139E-1 1.44539E-1 1.43057E-1 1.46274E-1 1.46581E-1 1.442E-1 1.46584E-1 1.45146E-1 1.46559E-1 1.45913E-1 1.43873E-1 1.42193E-1 1.36328E-1 1.37801E-1 1.35767E-1 1.39392E-1 1.43649E-1 1.45641E-1 1.44434E-1 1.4033E-1
1.74807E-1 1.7926E-1 1.80466E-1 1.96159E-1 2.1738E-1 2.31993E-1 2.22142E-1 2.06619E-1 2.04998E-1 1.95305E-1 1.89194E-1 1.97897E-1 2.23822E-1 2.1501E-1 2.30173E-1 2.20221E-1 2.26415E-1 2.3188E-1 2.48209E-1 2.44525E-1 2.26361E-1 2.12187E-1 2.00455E-1 2.07666E-1 2.147E-1 2.15783E-1 1.95819E-1 1.87142E-1 1.75999E-1 1.77833E-1 1.75472E-1 1.7344E-1 1.63909E-1 1.61661E-1 1.57716E-1 1.61275E-1 1.60123E-1 1.58685E-1 1.54965E-1 1.55744E-1 1.55234E-1 1.49112E-1 1.44976E-1 1.43931E-1 1.4441E-1 1.45644E-1 1.42423E-1 1.43912E-1 1.47845E-1 1.51032E-1 1.52042E-1 1.46008E-1 1.45455E-1 1.40616E-1 1.40127E-1 1.35516E-1 1.37211E-1 1.39926E-1 1.44993E-1 1.44905E-1 1.43477E-1
1.83115E-1 1.85634E-1 1.92844E-1 2.19201E-1 2.2534E-1 2.20306E-1 2.02983E-1 1.94233E-1 1.89555E-1 1.90709E-1 1.92358E-1 1.9862E-1 2.0615E-1 2.07405E-1 2.09677E-1 2.24174E-1 2.26927E-1 2.29499E-1 2.51715E-1 2.47566E-1 2.45558E-1 2.24846E-1 2.13985E-1 2.04129E-1 2.10582E-1 2.12944E-1 2.02823E-1 1.86262E-1 1.82541E-1 1.86267E-1 1.85243E-1 1.73768E-1 1.64673E-1 1.63657E-1 1.62986E-1 1.61097E-1 1.66425E-1 1.64651E-1 1.59438E-1 1.54615E-1 1.51812E-1 1.51402E-1 1.46395E-1 1.43499E-1 1.43281E-1 1.49298E-1 1.49376E-1 1.48716E-1 1.5958E-1 1.64889E-1 1.61094E-1 1.54654E-1 1.47432E-1 1.41937E-1 1.42253E-1 1.4276E-1 1.38299E-1 1.38166E-1 1.42178E-1 1.42559E-1 1.40004E-1
1.89396E-1 1.93627E-1 2.06364E-1 2.16278E-1 2.23649E-1 2.10379E-1 2.02436E-1 1.97747E-1 1.96539E-1 1.94454E-1 1.98832E-1 2.05589E-1 2.13353E-1 2.244E-1 2.37877E-1 2.40614E-1 2.33411E-1 2.34853E-1 2.45136E-1 2.47332E-1 2.4751E-1 2.37598E-1 2.21386E-1 2.09496E-1 2.11363E-1 2.15072E-1 2.10256E-1 1.96817E-1 1.97751E-1 1.93663E-1 1.85872E-1 1.72835E-1 1.64965E-1 1.65479E-1 1.65734E-1 1.65633E-1 1.66773E-1 1.67255E-1 1.66968E-1 1.61412E-1 1.55158E-1 1.51331E-1 1.45229E-1 1.43092E-1 1.48844E-1 1.56876E-1 1.68515E-1 1.72179E-1 1.84245E-1 1.85899E-1 1.7547E-1 1.61626E-1 1.47893E-1 1.4588E-1 1.45995E-1 1.49006E-1 1.46568E-1 1.41639E-1 1.41111E-1 1.38899E-1 1.37604E-1
1.92443E-1 1.95586E-1 2.07569E-1 2.14736E-1 2.23072E-1 2.17317E-1 2.14076E-1 2.00696E-1 2.04625E-1 1.94388E-1 1.99839E-1 2.19446E-1 2.2247E-1 2.27247E-1 2.45514E-1 2.40907E-1 2.34302E-1 2.34701E-1 2.62549E-1 2.77304E-1 2.77472E-1 2.59536E-1 2.34777E-1 2.16975E-1 2.1239E-1 2.18816E-1 2.11754E-1 2.12875E-1 2.12109E-1 2.03311E-1 1.90586E-1 1.80191E-1 1.80346E-1 1.80186E-1 1.73137E-1 1.80483E-1 1.81792E-1 1.70111E-1 1.62581E-1 1.60958E-1 1.60335E-1 1.53479E-1 1.45104E-1 1.42491E-1 1.53495E-1 1.74097E-1 2.02293E-1 2.33214E-1 2.41193E-1 2.11064E-1 1.82189E-1 1.59456E-1 1.44163E-1 1.41849E-1 1.42124E-1 1.45676E-1 1.48183E-1 1.40991E-1 1.40158E-1 1.39629E-1 1.38669E-1
1.9793E-1 2.06421E-1 2.11517E-1 2.1118E-1 2.17377E-1 2.17816E-1 2.12931E-1 2.11558E-1 2.15894E-1 2.06192E-1 2.01509E-1 2.17984E-1 2.3228E-1 2.62314E-1 2.53462E-1 2.4725E-1 2.37586E-1 2.32009E-1 2.91186E-1 2.86177E-1 3.14373E-1 2.78125E-1 2.39772E-1 2.18416E-1 2.13601E-1 2.21276E-1 2.25239E-1 2.22076E-1 2.12843E-1 2.01749E-1 1.9728E-1 1.88819E-1 1.8722E-1 1.83508E-1 1.78715E-1 1.77273E-1 1.76235E-1 1.73862E-1 1.70936E-1 1.63178E-1 1.55684E-1 1.51062E-1 1.50928E-1 1.51327E-1 1.61519E-1 1.87125E-1 2.28111E-1 2.77404E-1 2.74679E-1 2.21233E-1 1.77958E-1 1.52843E-1 1.3665E-1 1.36927E-1 1.41207E-1 1.4046E-1 1.40333E-1 1.38071E-1 1.3552E-1 1.35917E-1 1.36531E-1
1.98147E-1 2.10105E-1 2.16594E-1 2.36415E-1 2.23593E-1 2.23599E-1 2.28997E-1 2.17472E-1 2.18039E-1 2.15631E-1 2.13387E-1 2.19969E-1 2.35073E-1 2.64532E-1 2.72881E-1 2.75471E-1 2.49292E-1 2.39719E-1 2.96705E-1 3.60052E-1 3.7612E-1 3.18395E-1 2.57988E-1 2.22932E-1 2.09011E-1 2.24614E-1 2.25352E-1 2.16926E-1 2.14358E-1 2.04946E-1 1.948E-1 1.95935E-1 1.91915E-1 1.85615E-1 1.77439E-1 1.71366E-1 1.69993E-1 1.69326E-1 1.65744E-1 1.63912E-1 1.62603E-1 1.58563E-1 1.57427E-1 1.5658E-1 1.66496E-1 1.81464E-1 2.10904E-1 2.44102E-1 2.41412E-1 2.00895E-1 1.7016E-1 1.50236E-1 1.40239E-1 1.38311E-1 1.36148E-1 1.36068E-1 1.36256E-1 1.37148E-1 1.36756E-1 1.34546E-1 1.36154E-1
2.13959E-1 2.15072E-1 2.30023E-1 2.39781E-1 2.3037E-1 2.29249E-1 2.38531E-1 2.25631E-1 2.19289E-1 2.17239E-1 2.3439E-1 2.35766E-1 2.50053E-1 2.68788E-1 2.94595E-1 3.96073E-1 3.31317E-1 2.67227E-1 2.85199E-1 3.54184E-1 3.85165E-1 3.18696E-1 2.80122E-1 2.34925E-1 2.12957E-1 2.31551E-1 2.24811E-1 2.14762E-1 2.1063E-1 2.03694E-1 1.95497E-1 1.90815E-1 1.85058E-1 1.78875E-1 1.73719E-1 1.69786E-1 1.64538E-1 1.61363E-1 1.59024E-1 1.57127E-1 1.59297E-1 1.5767E-1 1.57824E-1 1.6063E-1 1.61483E-1 1.69124E-1 1.79359E-1 1.86518E-1 1.76145E-1 1.67105E-1 1.54654E-1 1.47719E-1 1.39937E-1 1.41804E-1 1.39691E-1 1.37257E-1 1.357E-1 1.35972E-1 1.34069E-1 1.32455E-1 1.31969E-1
2.23673E-1 2.26614E-1 2.40906E-1 2.4597E-1 2.52439E-1 2.2963E-1 2.30111E-1 2.29841E-1 2.32572E-1 2.37972E-1 2.3128E-1 2.42262E-1 2.50769E-1 2.7061E-1 3.08427E-1 3.59826E-1 4.13365E-1 4.1054E-1 3.6597E-1 3.40976E-1 3.91068E-1 3.47628E-1 2.93156E-1 2.53275E-1 2.35238E-1 2.28117E-1 2.25429E-1 2.22892E-1 2.17546E-1 2.06176E-1 1.98088E-1 1.85539E-1 1.81175E-1 1.72023E-1 1.72386E-1 1.6606E-1 1.65247E-1 1.61341E-1 1.61655E-1 1.56514E-1 1.57614E-1 1.62374E-1 1.62397E-1 1.58114E-1 1.55231E-1 1.55815E-1 1.54294E-1 1.50398E-1 1.50766E-1 1.4723E-1 1.4231E-1 1.46095E-1 1.4303E-1 1.47053E-1 1.44931E-1 1.39337E-1 1.36812E-1 1.34817E-1 1.35053E-1 1.32807E-1 1.31014E-1
2.49558E-1 2.45254E-1 2.38337E-1 2.49198E-1 2.63685E-1 2.39702E-1 2.32418E-1 2.395E-1 2.38664E-1 2.34214E-1 2.53312E-1 2.62718E-1 2.69294E-1 3.3604E-1 3.40564E-1 3.69586E-1 4.1932E-1 4.57403E-1 4.58903E-1 4.03724E-1 3.89856E-1 3.96097E-1 3.27191E-1 3.29222E-1 2.84248E-1 2.47757E-1 2.38654E-1 2.3082E-1 2.1269E-1 2.05392E-1 1.97095E-1 1.80557E-1 1.71542E-1 1.72739E-1 1.70958E-1 1.68329E-1 1.67023E-1 1.5905E-1 1.61478E-1 1.60823E-1 1.629E-1 1.60666E-1 1.62699E-1 1.60214E-1 1.53518E-1 1.52106E-1 1.51363E-1 1.52588E-1 1.55023E-1 1.51325E-1 1.43091E-1 1.46763E-1 1.44554E-1 1.46289E-1 1.53011E-1 1.50689E-1 1.43676E-1 1.34999E-1 1.33451E-1 1.34334E-1 1.30034E-1
3.11099E-1 2.63899E-1 2.47804E-1 2.6321E-1 2.42789E-1 2.42729E-1 2.4856E-1 2.24341E-1 2.36008E-1 2.48974E-1 2.75466E-1 2.8702E-1 2.9074E-1 3.82995E-1 4.15883E-1 4.30632E-1 4.09373E-1 4.45648E-1 4.75165E-1 4.31495E-1 4.09118E-1 3.78238E-1 4.11831E-1 3.76527E-1 2.96342E-1 2.65184E-1 2.34533E-1 2.12881E-1 2.00961E-1 1.91607E-1 1.87584E-1 1.81867E-1 1.69907E-1 1.67832E-1 1.64067E-1 1.59674E-1 1.55678E-1 1.54028E-1 1.54585E-1 1.5616E-1 1.61707E-1 1.61606E-1 1.58008E-1 1.59562E-1 1.54118E-1 1.48898E-1 1.49205E-1 1.55099E-1 1.56354E-1 1.49305E-1 1.46483E-1 1.47109E-1 1.4809E-1 1.4741E-1 1.45259E-1 1.43477E-1 1.43418E-1 1.40985E-1 1.37318E-1 1.34606E-1 1.32932E-1
2.47156E-1 2.23371E-1 2.31454E-1 2.46442E-1 2.71426E-1 2.61268E-1 2.54267E-1 2.39451E-1 2.41216E-1 2.47048E-1 2.71969E-1 2.87861E-1 2.95442E-1 3.00526E-1 3.35259E-1 3.86599E-1 3.65147E-1 4.6856E-1 4.66865E-1 4.22188E-1 4.02209E-1 3.86486E-1 4.31904E-1 4.18441E-1 3.72411E-1 3.12321E-1 2.55218E-1 2.04292E-1 1.93325E-1 1.8894E-1 1.84727E-1 1.77521E-1 1.7246E-1 1.65117E-1 1.60564E-1 1.56385E-1 1.56094E-1 1.54035E-1 1.53043E-1 1.58422E-1 1.60974E-1 1.59883E-1 1.58088E-1 1.58208E-1 1.5629E-1 1.52382E-1 1.49212E-1 1.54008E-1 1.56992E-1 1.54911E-1 1.483E-1 1.49233E-1 1.47199E-1 1.52321E-1 1.46851E-1 1.40679E-1 1.36827E-1 1.35871E-1 1.41983E-1 1.39865E-1 1.36791E-1
