maxent_outputs/red_flowers_troch_bombus_environ/red_134.asc
ncols         426
nrows         180
xllcorner     -130.0
yllcorner     24.0
cellsize      0.16666666666666666
NODATA_value  -9999
[rows 54 to 80 of 180, columns 244 to 304 of 426]
3.63202E-1 3.68424E-1 3.95332E-1 3.95273E-1 4.11175E-1 4.10062E-1 4.21725E-1 4.46245E-1 4.60877E-1 5.58261E-1 5.73097E-1 5.55114E-1 5.16439E-1 6.20857E-1 6.18686E-1 6.17553E-1 6.10614E-1 6.03484E-1 6.04039E-1 5.76802E-1 5.33381E-1 5.09917E-1 5.02493E-1 4.94136E-1 4.81556E-1 4.44853E-1 4.40733E-1 4.6784E-1 4.56603E-1 4.48374E-1 4.4289E-1 4.47879E-1 4.51882E-1 4.69883E-1 4.89421E-1 5.3618E-1 6.34104E-1 6.65034E-1 6.69268E-1 6.76778E-1 6.81659E-1 6.93654E-1 6.9755E-1 7.03486E-1 7.03211E-1 7.08469E-1 7.20807E-1 6.77647E-1 6.14218E-1 6.39848E-1 6.826E-1 7.32355E-1 7.34856E-1 7.35826E-1 6.95187E-1 6.73075E-1 6.16423E-1 5.88209E-1 5.69847E-1 5.7516E-1 5.46586E-1
3.8503E-1 3.92895E-1 3.94737E-1 3.99449E-1 4.09474E-1 4.2719E-1 4.3609E-1 4.56583E-1 5.12733E-1 5.6198E-1 5.05647E-1 5.01961E-1 5.92979E-1 6.28546E-1 6.27549E-1 6.17225E-1 6.10286E-1 6.06971E-1 6.0476E-1 5.43061E-1 4.97498E-1 4.80597E-1 4.78161E-1 4.67522E-1 4.50741E-1 4.28495E-1 4.40816E-1 4.52057E-1 4.39637E-1 4.36486E-1 4.30027E-1 4.27648E-1 4.39959E-1 4.66975E-1 5.06303E-1 5.13792E-1 5.83298E-1 6.68685E-1 6.75415E-1 6.82129E-1 6.90437E-1 6.98052E-1 7.00164E-1 6.99024E-1 7.03272E-1 7.15846E-1 7.26411E-1 7.21986E-1 6.33925E-1 6.27981E-1 6.71947E-1 6.96419E-1 7.17651E-1 7.49496E-1 7.26109E-1 6.45302E-1 6.03901E-1 5.9323E-1 5.5994E-1 5.6139E-1 5.59542E-1
3.94632E-1 4.10395E-1 4.07071E-1 4.12759E-1 4.28392E-1 4.28117E-1 4.35821E-1 4.66167E-1 5.01219E-1 4.86867E-1 5.02668E-1 5.58835E-1 6.30658E-1 6.3878E-1 6.25218E-1 6.15619E-1 6.04672E-1 6.02391E-1 5.86457E-1 5.06364E-1 4.87109E-1 4.7115E-1 4.43605E-1 4.41643E-1 4.30825E-1 4.3697E-1 4.34035E-1 4.44499E-1 4.40212E-1 4.41947E-1 4.27186E-1 4.30876E-1 4.56822E-1 4.75546E-1 4.93853E-1 5.15251E-1 6.14471E-1 6.68483E-1 6.77477E-1 6.84234E-1 6.94707E-1 7.00124E-1 7.06735E-1 7.06236E-1 7.09193E-1 7.15577E-1 7.22872E-1 7.12648E-1 6.32103E-1 6.14476E-1 6.25412E-1 6.11618E-1 6.09636E-1 6.78563E-1 7.15576E-1 7.08267E-1 5.93445E-1 5.73869E-1 5.62984E-1 6.04498E-1 6.13671E-1
3.98394E-1 4.14753E-1 4.19998E-1 4.16259E-1 4.21909E-1 4.26698E-1 4.33564E-1 4.47814E-1 4.57985E-1 4.79848E-1 5.06588E-1 6.17744E-1 6.3676E-1 6.35586E-1 6.29764E-1 6.21421E-1 6.17001E-1 6.17017E-1 5.68453E-1 4.89557E-1 4.7758E-1 4.65623E-1 4.60985E-1 4.33124E-1 4.31639E-1 4.34E-1 4.36992E-1 4.74351E-1 4.46124E-1 4.39081E-1 4.39112E-1 4.47347E-1 4.64685E-1 4.76566E-1 5.01032E-1 5.29153E-1 6.15104E-1 6.70784E-1 6.79597E-1 6.86128E-1 6.91402E-1 7.06743E-1 7.13513E-1 7.17522E-1 7.20126E-1 7.30974E-1 7.06965E-1 6.19125E-1 5.92614E-1 6.01943E-1 6.1939E-1 6.0834E-1 5.88589E-1 6.10195E-1 6.27181E-1 6.0105E-1 5.77164E-1 5.51998E-1 5.79195E-1 6.51168E-1 6.4032E-1
4.05828E-1 4.22155E-1 4.25881E-1 4.17518E-1 4.21178E-1 4.45417E-1 4.4956E-1 4.50115E-1 4.69786E-1 4.89103E-1 5.06813E-1 6.30698E-1 6.42218E-1 6.46326E-1 6.36905E-1 6.3129E-1 6.27239E-1 6.17631E-1 5.38296E-1 5.04278E-1 4.92241E-1 4.79085E-1 4.51407E-1 4.32877E-1 4.25222E-1 4.18908E-1 4.3628E-1 4.54441E-1 4.49689E-1 4.40447E-1 4.36336E-1 4.4595E-1 4.57648E-1 4.76497E-1 5.15117E-1 5.97748E-1 6.50132E-1 6.69901E-1 6.79085E-1 6.86539E-1 6.92029E-1 7.04516E-1 7.18387E-1 7.21401E-1 7.31143E-1 7.20386E-1 6.5224E-1 5.69669E-1 5.764E-1 5.98754E-1 6.35814E-1 6.38234E-1 6.1122E-1 6.12992E-1 5.98135E-1 5.96977E-1 5.73876E-1 5.57905E-1 5.77191E-1 5.97571E-1 5.8227E-1
4.1135E-1 4.28372E-1 4.38132E-1 4.38221E-1 4.2957E-1 4.84728E-1 4.57912E-1 4.59724E-1 4.75715E-1 4.9378E-1 5.66227E-1 6.48254E-1 6.56025E-1 6.51641E-1 6.44461E-1 6.36796E-1 6.29635E-1 5.6986E-1 5.09372E-1 5.01596E-1 4.9253E-1 4.75016E-1 4.63697E-1 4.38E-1 4.35126E-1 4.3153E-1 4.46153E-1 4.58464E-1 4.54054E-1 4.46442E-1 4.49137E-1 4.55058E-1 4.6698E-1 4.94098E-1 5.57942E-1 6.38373E-1 6.42054E-1 6.29595E-1 6.17738E-1 6.56397E-1 6.96654E-1 7.05732E-1 7.19558E-1 7.2862E-1 7.28731E-1 6.93393E-1 6.13708E-1 5.79996E-1 5.90515E-1 6.23585E-1 6.22992E-1 6.10752E-1 6.0058E-1 5.82852E-1 5.73535E-1 5.81263E-1 5.77284E-1 5.58444E-1 5.58165E-1 5.67841E-1 5.72762E-1
4.1262E-1 4.26938E-1 4.32209E-1 4.31962E-1 4.25008E-1 4.68198E-1 4.57986E-1 4.63135E-1 4.85484E-1 5.28669E-1 6.46714E-1 6.53356E-1 6.53748E-1 6.49893E-1 6.47539E-1 6.40052E-1 6.40101E-1 5.63469E-1 5.11138E-1 5.06495E-1 4.98539E-1 4.87331E-1 4.77283E-1 4.61834E-1 4.5395E-1 4.64534E-1 4.7494E-1 4.6786E-1 4.65868E-1 4.68032E-1 4.71416E-1 4.74399E-1 4.94467E-1 5.73356E-1 5.91993E-1 5.73748E-1 5.30657E-1 5.34803E-1 5.47101E-1 5.68973E-1 6.73288E-1 7.05461E-1 7.19903E-1 7.30222E-1 7.37163E-1 6.85698E-1 6.23036E-1 5.9362E-1 6.06577E-1 6.35064E-1 6.23822E-1 6.02953E-1 5.86781E-1 5.67957E-1 5.46067E-1 5.70568E-1 5.87312E-1 5.77062E-1 5.79242E-1 5.89474E-1 5.84077E-1
4.26793E-1 4.35696E-1 4.2329E-1 4.24658E-1 4.31155E-1 4.34665E-1 4.48203E-1 4.60669E-1 4.73977E-1 5.17312E-1 6.43841E-1 6.545E-1 6.51745E-1 6.56546E-1 6.49674E-1 6.48969E-1 6.33241E-1 5.57085E-1 5.12889E-1 5.07346E-1 5.12662E-1 5.03578E-1 5.03709E-1 4.92755E-1 4.86144E-1 4.75116E-1 4.81896E-1 4.77647E-1 4.82382E-1 4.86717E-1 4.83863E-1 4.79918E-1 5.17941E-1 5.84377E-1 5.5394E-1 4.89219E-1 4.87834E-1 5.1768E-1 5.33631E-1 5.49765E-1 6.33121E-1 7.00171E-1 7.19511E-1 7.35333E-1 7.42748E-1 6.9902E-1 6.35559E-1 6.00262E-1 6.16229E-1 6.31263E-1 6.20299E-1 6.10275E-1 5.86651E-1 5.68426E-1 5.62634E-1 5.82378E-1 6.02273E-1 5.91595E-1 6.0898E-1 6.21719E-1 6.25142E-1
4.36785E-1 4.34552E-1 4.24042E-1 4.15273E-1 4.283E-1 4.25263E-1 4.40411E-1 4.55414E-1 4.71983E-1 5.60801E-1 6.52237E-1 6.59191E-1 6.61439E-1 6.58913E-1 6.53973E-1 6.50053E-1 6.21317E-1 5.32661E-1 5.0896E-1 5.10071E-1 5.15276E-1 5.13166E-1 5.20972E-1 5.11295E-1 5.0135E-1 4.96932E-1 5.00111E-1 5.00361E-1 5.01779E-1 4.98295E-1 4.87651E-1 4.73612E-1 4.86215E-1 4.84562E-1 4.69345E-1 4.57414E-1 4.7947E-1 5.12084E-1 5.27374E-1 5.37944E-1 6.1752E-1 7.01818E-1 7.15406E-1 7.29827E-1 7.36E-1 7.1286E-1 6.42619E-1 6.16406E-1 6.17772E-1 6.16416E-1 6.06763E-1 6.09051E-1 6.06777E-1 5.89845E-1 5.9103E-1 6.01562E-1 6.1751E-1 6.23952E-1 6.67263E-1 7.14952E-1 7.27838E-1
4.29E-1 4.39447E-1 4.36237E-1 4.21586E-1 4.26178E-1 4.33893E-1 4.45492E-1 4.57537E-1 4.89807E-1 6.34552E-1 6.5784E-1 6.57999E-1 6.62876E-1 6.60723E-1 6.5565E-1 6.5322E-1 6.52412E-1 5.83069E-1 5.39732E-1 5.26343E-1 5.15626E-1 5.23565E-1 5.28886E-1 5.07363E-1 4.99976E-1 4.99612E-1 5.09048E-1 5.0138E-1 4.92304E-1 4.71498E-1 4.72499E-1 4.80248E-1 4.83449E-1 4.62648E-1 4.6048E-1 4.72703E-1 4.91126E-1 5.08974E-1 5.15511E-1 5.32041E-1 5.71864E-1 6.94994E-1 7.18103E-1 7.28053E-1 7.35196E-1 6.92275E-1 6.01639E-1 5.8471E-1 6.00658E-1 6.16981E-1 6.15398E-1 6.1128E-1 5.94422E-1 5.8362E-1 5.84254E-1 6.15563E-1 6.41726E-1 6.76155E-1 7.58236E-1 7.62141E-1 7.58788E-1
4.19298E-1 4.34916E-1 4.48686E-1 4.46954E-1 4.49282E-1 4.52708E-1 4.55631E-1 4.69722E-1 5.15057E-1 6.604E-1 6.6878E-1 6.68971E-1 6.6899E-1 6.645E-1 6.6456E-1 6.62222E-1 6.56691E-1 6.25392E-1 5.62783E-1 5.32212E-1 5.13468E-1 5.1301E-1 5.17344E-1 5.20618E-1 5.14067E-1 5.10551E-1 5.06438E-1 4.99217E-1 4.90617E-1 4.83789E-1 4.86182E-1 4.84202E-1 4.83454E-1 4.78888E-1 4.75004E-1 4.85584E-1 4.99681E-1 5.14062E-1 5.26504E-1 5.39406E-1 5.66647E-1 6.928E-1 7.14919E-1 7.13886E-1 6.73697E-1 6.29237E-1 6.13194E-1 6.02009E-1 6.12339E-1 6.29532E-1 6.27598E-1 6.25328E-1 6.07364E-1 5.80918E-1 5.81077E-1 6.14912E-1 6.54996E-1 6.8313E-1 7.2002E-1 7.32992E-1 7.20588E-1
4.23131E-1 4.34239E-1 4.44575E-1 4.43282E-1 4.503E-1 4.69029E-1 4.80351E-1 5.01732E-1 5.18831E-1 6.74499E-1 6.8314E-1 6.84135E-1 6.82386E-1 6.75837E-1 6.69339E-1 6.65043E-1 6.60841E-1 6.52872E-1 5.94916E-1 5.46915E-1 5.26525E-1 5.30903E-1 5.40655E-1 5.35817E-1 5.3024E-1 5.22041E-1 5.13101E-1 5.08594E-1 5.03045E-1 4.98004E-1 4.92847E-1 4.95259E-1 4.945E-1 5.04935E-1 5.02298E-1 5.19587E-1 5.32613E-1 5.39656E-1 5.41334E-1 5.53366E-1 5.66275E-1 6.45586E-1 6.75432E-1 6.28422E-1 6.16192E-1 6.33751E-1 6.47733E-1 6.39442E-1 6.46756E-1 6.50928E-1 6.42036E-1 6.39429E-1 6.35636E-1 6.25595E-1 6.08997E-1 6.25871E-1 6.48266E-1 6.44802E-1 6.51669E-1 6.63705E-1 6.66772E-1
4.3328E-1 4.41149E-1 4.47505E-1 4.4558E-1 4.56677E-1 4.67022E-1 4.83182E-1 5.08174E-1 5.23787E-1 6.64878E-1 6.90365E-1 6.91363E-1 6.91524E-1 6.8882E-1 6.81588E-1 6.75863E-1 6.7213E-1 6.65191E-1 6.32908E-1 5.60166E-1 5.53363E-1 5.60243E-1 5.58654E-1 5.5005E-1 5.37738E-1 5.30741E-1 5.27615E-1 5.19501E-1 5.18926E-1 5.20768E-1 5.19527E-1 5.21101E-1 5.18044E-1 5.33403E-1 5.39899E-1 5.45351E-1 5.49278E-1 5.61871E-1 5.67957E-1 5.68391E-1 5.79484E-1 5.8582E-1 5.79021E-1 5.9647E-1 6.14012E-1 6.33918E-1 6.44308E-1 6.54396E-1 6.61525E-1 6.53181E-1 6.46849E-1 6.44212E-1 6.3899E-1 6.46788E-1 6.54149E-1 6.56067E-1 6.59802E-1 6.67165E-1 6.74408E-1 6.79862E-1 6.81237E-1
4.34799E-1 4.46713E-1 4.52196E-1 4.57946E-1 4.66649E-1 4.70681E-1 4.86345E-1 5.05463E-1 5.2472E-1 6.22449E-1 6.95106E-1 7.03916E-1 6.98918E-1 6.99115E-1 6.93221E-1 6.89888E-1 6.84331E-1 6.80254E-1 6.53988E-1 5.75523E-1 5.63638E-1 5.7063E-1 5.61644E-1 5.55034E-1 5.39738E-1 5.39396E-1 5.36529E-1 5.35603E-1 5.42328E-1 5.4567E-1 5.40354E-1 5.34661E-1 5.40841E-1 5.56399E-1 5.55194E-1 5.58597E-1 5.59226E-1 5.83316E-1 5.95196E-1 5.95182E-1 5.97987E-1 5.85737E-1 5.80301E-1 5.94632E-1 6.17949E-1 6.41445E-1 6.53829E-1 6.58748E-1 6.60055E-1 6.60204E-1 6.61245E-1 6.58008E-1 6.55953E-1 6.72601E-1 7.11738E-1 7.46917E-1 7.52063E-1 7.68045E-1 7.68575E-1 7.60834E-1 7.5336E-1
4.41005E-1 4.53358E-1 4.56505E-1 4.67333E-1 4.84117E-1 4.93548E-1 4.91465E-1 5.19665E-1 5.34127E-1 6.56752E-1 7.03809E-1 7.13443E-1 7.11406E-1 7.08892E-1 7.00655E-1 6.97259E-1 6.95584E-1 6.90379E-1 6.43172E-1 5.91152E-1 5.97131E-1 5.86993E-1 5.70208E-1 5.79085E-1 5.58206E-1 5.48759E-1 5.42523E-1 5.37562E-1 5.41882E-1 5.34449E-1 5.32013E-1 5.4249E-1 5.55759E-1 5.59082E-1 5.67709E-1 5.78774E-1 5.8172E-1 6.04683E-1 6.222E-1 6.68823E-1 6.55706E-1 6.1232E-1 5.84548E-1 5.97041E-1 6.26491E-1 6.48474E-1 6.72506E-1 7.31155E-1 7.59793E-1 7.5945E-1 7.51737E-1 7.38417E-1 7.14644E-1 7.24742E-1 7.47757E-1 7.5873E-1 7.76383E-1 7.74207E-1 7.67385E-1 7.5422E-1 7.17367E-1
4.52869E-1 4.6885E-1 4.69776E-1 4.74056E-1 4.82708E-1 5.01658E-1 5.11211E-1 5.3244E-1 5.37241E-1 6.52782E-1 7.15509E-1 7.25322E-1 7.2321E-1 7.19146E-1 7.1603E-1 7.10849E-1 7.04496E-1 6.93721E-1 6.21842E-1 5.84749E-1 5.90123E-1 5.87318E-1 5.80085E-1 5.80139E-1 5.73469E-1 5.70764E-1 5.6399E-1 5.53745E-1 5.49654E-1 5.36145E-1 5.42606E-1 5.60114E-1 5.74876E-1 5.85915E-1 5.80681E-1 5.83497E-1 6.08483E-1 6.30384E-1 6.47681E-1 7.15343E-1 7.01083E-1 6.42739E-1 6.11221E-1 6.25309E-1 6.49721E-1 6.93639E-1 7.70464E-1 7.91806E-1 7.85909E-1 7.84618E-1 7.81945E-1 7.83086E-1 7.86691E-1 7.85178E-1 7.82973E-1 7.73881E-1 7.75692E-1 7.62787E-1 7.34018E-1 6.75499E-1 6.47975E-1
4.59219E-1 4.69967E-1 4.73098E-1 4.76333E-1 4.84437E-1 4.99532E-1 5.17618E-1 5.2624E-1 5.45157E-1 6.48689E-1 7.1464E-1 7.29714E-1 7.33689E-1 7.30322E-1 7.26145E-1 7.2107E-1 7.09353E-1 6.58297E-1 5.97639E-1 5.82083E-1 5.81844E-1 5.83338E-1 5.85616E-1 5.89498E-1 5.90591E-1 5.90118E-1 5.71634E-1 5.57106E-1 5.53286E-1 5.47432E-1 5.51311E-1 5.56128E-1 5.74779E-1 5.99069E-1 5.98792E-1 5.96155E-1 6.15667E-1 6.40183E-1 6.32687E-1 6.33958E-1 6.34877E-1 6.2698E-1 6.38954E-1 6.9939E-1 7.48331E-1 7.89209E-1 7.93827E-1 7.91767E-1 7.87198E-1 7.86245E-1 7.85736E-1 7.89775E-1 7.86511E-1 7.80349E-1 7.7443E-1 7.60179E-1 7.23614E-1 6.75599E-1 6.65296E-1 6.66875E-1 6.50452E-1
4.65851E-1 4.68286E-1 4.75926E-1 4.81345E-1 4.83501E-1 4.98267E-1 5.20326E-1 5.29355E-1 5.3501E-1 5.79109E-1 6.9085E-1 7.33233E-1 7.43037E-1 7.39886E-1 7.37113E-1 7.31386E-1 6.92767E-1 6.06032E-1 5.96613E-1 5.89944E-1 5.92763E-1 5.99897E-1 5.94974E-1 5.95575E-1 5.9676E-1 5.93248E-1 5.76652E-1 5.61906E-1 5.53272E-1 5.53506E-1 5.60381E-1 5.70803E-1 5.73043E-1 5.77478E-1 5.90323E-1 6.05929E-1 6.32529E-1 6.60429E-1 6.48087E-1 6.52801E-1 6.54701E-1 6.99879E-1 7.59568E-1 7.80998E-1 7.87613E-1 7.91233E-1 7.93272E-1 7.90528E-1 7.88935E-1 7.89035E-1 7.88741E-1 7.91342E-1 7.85044E-1 7.58669E-1 7.10078E-1 6.75689E-1 6.7412E-1 6.74341E-1 6.71363E-1 6.79634E-1 6.50679E-1
4.67844E-1 4.7586E-1 4.85238E-1 4.88656E-1 4.94151E-1 5.09075E-1 5.28205E-1 5.38409E-1 5.47986E-1 5.67549E-1 6.59838E-1 7.19248E-1 7.29048E-1 7.33071E-1 7.3023E-1 7.24048E-1 6.54004E-1 6.23173E-1 6.15911E-1 6.14461E-1 6.18176E-1 6.09371E-1 5.85801E-1 5.93578E-1 5.92389E-1 5.87096E-1 5.84771E-1 5.70569E-1 5.61324E-1 5.58212E-1 5.6446E-1 5.64921E-1 5.64216E-1 5.70433E-1 5.84646E-1 6.04276E-1 6.81716E-1 7.41573E-1 7.24246E-1 7.44227E-1 7.39058E-1 7.70715E-1 7.80719E-1 7.84609E-1 7.89553E-1 7.90594E-1 7.89287E-1 7.88486E-1 7.91088E-1 7.87162E-1 7.65865E-1 7.34952E-1 6.98791E-1 6.92904E-1 6.77832E-1 6.74749E-1 6.73889E-1 6.70097E-1 6.65286E-1 6.58368E-1 6.38478E-1
4.7161E-1 4.8199E-1 4.95037E-1 4.95335E-1 5.06961E-1 5.20907E-1 5.3162E-1 5.56802E-1 5.76697E-1 5.76382E-1 5.94331E-1 6.57863E-1 6.95165E-1 6.76872E-1 6.49193E-1 6.31723E-1 6.14685E-1 6.10148E-1 6.23921E-1 6.19074E-1 6.07091E-1 5.97823E-1 5.93208E-1 5.98115E-1 5.94712E-1 5.9285E-1 5.85821E-1 5.77097E-1 5.72816E-1 5.6739E-1 5.63178E-1 5.574E-1 5.55042E-1 5.69537E-1 5.91299E-1 6.24316E-1 6.89141E-1 7.30443E-1 7.34637E-1 7.31902E-1 7.51305E-1 7.66844E-1 7.7341E-1 7.78128E-1 7.79659E-1 7.84927E-1 7.83854E-1 7.50387E-1 7.32532E-1 7.14177E-1 6.86935E-1 6.69086E-1 6.58374E-1 6.59164E-1 6.61102E-1 6.57671E-1 6.61134E-1 6.54753E-1 6.52045E-1 6.46648E-1 6.34809E-1
4.80866E-1 4.89501E-1 4.97411E-1 5.0793E-1 5.19164E-1 5.25418E-1 5.36436E-1 5.57191E-1 5.56743E-1 5.67624E-1 5.77317E-1 5.7605E-1 5.7851E-1 5.84159E-1 5.82329E-1 5.83141E-1 5.9065E-1 5.9098E-1 6.04813E-1 5.98393E-1 5.89522E-1 5.83607E-1 5.84682E-1 5.95618E-1 5.93418E-1 5.86668E-1 5.80203E-1 5.79675E-1 5.81724E-1 5.74519E-1 5.69943E-1 5.60533E-1 5.62638E-1 5.7392E-1 5.8413E-1 5.77135E-1 5.91588E-1 6.37119E-1 6.78638E-1 6.72874E-1 7.30126E-1 7.41222E-1 7.49537E-1 7.45164E-1 7.51036E-1 7.60455E-1 7.34349E-1 7.09128E-1 7.08989E-1 6.88285E-1 6.6749E-1 6.50664E-1 6.45107E-1 6.46974E-1 6.42299E-1 6.42544E-1 6.39254E-1 6.38009E-1 6.42471E-1 6.39933E-1 6.30463E-1
4.98855E-1 5.01894E-1 5.07388E-1 5.2455E-1 5.29355E-1 5.43186E-1 5.6769E-1 5.52643E-1 5.36094E-1 5.4287E-1 5.60463E-1 5.74367E-1 5.62178E-1 5.52042E-1 5.49591E-1 5.59254E-1 5.65392E-1 5.79243E-1 5.83192E-1 5.83137E-1 5.77559E-1 5.8935E-1 5.87307E-1 5.86083E-1 5.83334E-1 5.73969E-1 5.74162E-1 5.7905E-1 5.75292E-1 5.79826E-1 5.81631E-1 5.81542E-1 5.71308E-1 5.67968E-1 5.72512E-1 5.80219E-1 5.78879E-1 5.90101E-1 6.04221E-1 6.08667E-1 6.48874E-1 6.63997E-1 6.54021E-1 6.56966E-1 6.73373E-1 6.85996E-1 6.95123E-1 6.98308E-1 6.95448E-1 6.73793E-1 6.55802E-1 6.53141E-1 6.29168E-1 6.20146E-1 6.19269E-1 6.24334E-1 6.31472E-1 6.31514E-1 6.36752E-1 6.25921E-1 6.20503E-1
5.29345E-1 5.27075E-1 5.3217E-1 5.37744E-1 5.56621E-1 5.52217E-1 5.73832E-1 5.54521E-1 5.42385E-1 5.43375E-1 5.58887E-1 5.75477E-1 5.57671E-1 5.39283E-1 5.45973E-1 5.57278E-1 5.71894E-1 5.81294E-1 5.81251E-1 5.84979E-1 5.88354E-1 5.94156E-1 5.85385E-1 5.80862E-1 5.75821E-1 5.75941E-1 5.74094E-1 5.73312E-1 5.78415E-1 5.83142E-1 5.79333E-1 5.77837E-1 5.69602E-1 5.69597E-1 5.74903E-1 5.76696E-1 5.75598E-1 5.81193E-1 5.80948E-1 5.79909E-1 5.95794E-1 6.04959E-1 6.14002E-1 6.29941E-1 6.51262E-1 6.64067E-1 6.77206E-1 6.74457E-1 6.76673E-1 6.69076E-1 6.44797E-1 6.32471E-1 6.27035E-1 6.18597E-1 6.08603E-1 6.06548E-1 6.18394E-1 6.26864E-1 6.18638E-1 6.16816E-1 6.23031E-1
5.42584E-1 5.39308E-1 5.47281E-1 5.42439E-1 5.40187E-1 5.48054E-1 5.49441E-1 5.50419E-1 5.56808E-1 5.61349E-1 5.64965E-1 5.68407E-1 5.55835E-1 5.44382E-1 5.47008E-1 5.51844E-1 5.69089E-1 5.8008E-1 5.91452E-1 5.97857E-1 6.02287E-1 5.95142E-1 5.86834E-1 5.78189E-1 5.8224E-1 5.82675E-1 5.70785E-1 5.73698E-1 5.76199E-1 5.84621E-1 5.93801E-1 5.86865E-1 5.85379E-1 5.84447E-1 5.83532E-1 5.79979E-1 5.81971E-1 5.86926E-1 5.87145E-1 5.90903E-1 5.99504E-1 6.09272E-1 6.1974E-1 6.26649E-1 6.35822E-1 6.35479E-1 6.45481E-1 6.44088E-1 6.41292E-1 6.4347E-1 6.32113E-1 6.21E-1 6.22063E-1 6.14422E-1 6.04362E-1 6.03468E-1 6.11793E-1 6.22646E-1 6.23694E-1 6.22788E-1 6.2789E-1
5.41602E-1 5.31077E-1 5.43688E-1 5.48849E-1 5.43079E-1 5.42581E-1 5.41919E-1 5.46948E-1 5.64653E-1 5.69363E-1 5.67403E-1 5.60436E-1 5.58546E-1 5.575E-1 5.59212E-1 5.70252E-1 5.79604E-1 5.9525E-1 5.99532E-1 5.9978E-1 6.05557E-1 6.03739E-1 5.94979E-1 5.84141E-1 5.79008E-1 5.78033E-1 5.79683E-1 5.838E-1 5.82559E-1 5.90486E-1 5.99365E-1 5.98326E-1 5.99928E-1 5.91867E-1 5.90447E-1 5.88474E-1 5.98724E-1 5.93626E-1 5.91328E-1 6.01922E-1 6.15703E-1 6.25287E-1 6.22352E-1 6.25552E-1 6.26883E-1 6.17384E-1 6.16859E-1 6.12923E-1 6.15634E-1 6.24066E-1 6.19826E-1 6.12068E-1 6.11878E-1 6.11928E-1 6.15203E-1 6.24643E-1 6.20895E-1 6.28014E-1 6.35077E-1 6.44539E-1 6.48951E-1
5.4481E-1 5.43753E-1 5.42254E-1 5.49914E-1 5.53073E-1 5.47251E-1 5.40973E-1 5.51295E-1 5.69102E-1 5.80641E-1 5.71864E-1 5.60109E-1 5.60773E-1 5.63742E-1 5.68855E-1 5.87249E-1 5.97832E-1 6.03008E-1 5.90614E-1 5.82888E-1 5.91445E-1 5.92295E-1 6.01072E-1 5.90774E-1 5.84617E-1 5.80166E-1 5.81516E-1 5.8891E-1 5.9728E-1 5.96581E-1 6.02785E-1 6.14049E-1 6.05957E-1 5.89099E-1 5.87585E-1 5.82319E-1 5.85486E-1 5.92501E-1 5.94373E-1 6.17094E-1 6.27695E-1 6.34777E-1 6.29184E-1 6.23804E-1 6.24091E-1 6.1159E-1 5.99132E-1 6.07682E-1 6.16073E-1 6.20264E-1 6.1625E-1 6.1478E-1 6.21171E-1 6.28982E-1 6.25256E-1 6.32496E-1 6.42186E-1 6.41117E-1 6.38985E-1 6.43005E-1 6.5438E-1
5.5839E-1 5.57129E-1 5.5769E-1 5.51105E-1 5.56352E-1 5.5341E-1 5.49622E-1 5.57498E-1 5.62948E-1 5.68611E-1 5.70383E-1 5.65462E-1 5.65197E-1 5.67596E-1 5.7972E-1 5.99866E-1 6.00894E-1 6.02924E-1 5.8264E-1 5.72726E-1 5.81165E-1 5.76451E-1 5.81183E-1 5.95453E-1 5.88512E-1 5.85329E-1 5.86359E-1 5.95337E-1 6.13807E-1 6.06617E-1 6.00512E-1 5.99924E-1 5.97495E-1 5.86159E-1 5.85901E-1 5.89479E-1 5.92933E-1 5.94694E-1 5.93969E-1 6.11418E-1 6.23132E-1 6.31656E-1 6.37022E-1 6.30773E-1 6.22803E-1 6.12908E-1 6.00619E-1 6.11522E-1 6.29708E-1 6.27859E-1 6.21556E-1 6.26967E-1 6.32569E-1 6.40875E-1 6.41785E-1 6.52691E-1 6.59118E-1 6.54976E-1 6.46655E-1 6.44583E-1 6.53519E-1
