maxent_outputs/red_flowers_troch_bombus_environ/red_131.asc
ncols         426
nrows         180
xllcorner     -130.0
yllcorner     24.0
cellsize      0.16666666666666666
NODATA_value  -9999
[rows 54 to 80 of 180, columns 183 to 243 of 426]
2.57182E-1 2.70917E-1 2.8218E-1 2.76268E-1 2.69922E-1 2.61903E-1 2.56444E-1 2.50675E-1 2.49181E-1 2.48189E-1 2.50572E-1 2.53832E-1 2.5411E-1 2.49813E-1 2.42903E-1 2.52696E-1 2.72053E-1 2.77566E-1 2.79456E-1 2.76345E-1 2.72483E-1 2.70341E-1 2.7295E-1 2.75434E-1 2.74447E-1 2.76585E-1 2.60506E-1 2.55084E-1 2.52757E-1 2.55726E-1 2.63721E-1 2.70368E-1 2.88875E-1 2.92902E-1 3.0648E-1 3.25895E-1 3.26771E-1 3.1934E-1 3.20343E-1 3.13439E-1 3.21622E-1 3.08365E-1 3.05308E-1 3.02281E-1 3.0902E-1 3.16852E-1 3.25351E-1 3.12556E-1 3.11564E-1 3.12526E-1 3.16342E-1 3.14731E-1 3.18143E-1 3.19922E-1 3.24575E-1 3.28575E-1 3.28163E-1 3.2818E-1 3.41106E-1 3.48403E-1 3.38055E-1
2.61986E-1 2.69731E-1 2.73395E-1 2.7164E-1 2.67352E-1 2.66291E-1 2.59027E-1 2.53564E-1 2.52522E-1 2.51389E-1 2.52338E-1 2.59777E-1 2.52159E-1 2.46844E-1 2.41995E-1 2.49517E-1 2.66215E-1 2.75676E-1 2.84227E-1 2.85189E-1 2.82046E-1 2.77579E-1 2.76993E-1 2.8967E-1 2.93986E-1 2.83638E-1 2.71475E-1 2.65623E-1 2.65487E-1 2.71769E-1 2.7394E-1 2.75591E-1 2.81282E-1 2.90429E-1 3.02067E-1 3.16781E-1 3.32456E-1 3.36796E-1 3.2812E-1 3.33221E-1 3.39342E-1 3.3887E-1 3.31396E-1 3.2238E-1 3.28225E-1 3.34998E-1 3.42369E-1 3.43688E-1 3.31905E-1 3.24696E-1 3.33995E-1 3.42148E-1 3.3495E-1 3.33036E-1 3.34125E-1 3.44411E-1 3.47044E-1 3.51191E-1 3.6182E-1 3.62089E-1 3.59877E-1
2.79882E-1 2.82914E-1 2.84026E-1 2.79833E-1 2.74947E-1 2.72773E-1 2.68569E-1 2.6161E-1 2.5868E-1 2.56836E-1 2.57988E-1 2.5947E-1 2.60137E-1 2.51838E-1 2.55457E-1 2.4789E-1 2.52651E-1 2.62955E-1 2.75284E-1 2.85481E-1 2.93171E-1 2.92575E-1 2.93862E-1 2.99746E-1 3.00137E-1 2.98442E-1 2.9829E-1 2.88121E-1 2.80973E-1 2.81332E-1 2.8119E-1 2.79406E-1 2.83348E-1 2.97614E-1 3.01299E-1 3.11955E-1 3.21651E-1 3.34388E-1 3.39749E-1 3.38396E-1 3.39982E-1 3.45335E-1 3.50754E-1 3.42868E-1 3.47162E-1 3.54044E-1 3.55652E-1 3.57767E-1 3.46798E-1 3.35723E-1 3.36859E-1 3.42064E-1 3.44244E-1 3.35914E-1 3.37152E-1 3.48594E-1 3.50784E-1 3.46515E-1 3.52891E-1 3.61968E-1 3.60883E-1
2.79862E-1 2.78773E-1 2.84123E-1 2.81004E-1 2.8305E-1 2.77275E-1 2.73551E-1 2.75188E-1 2.69505E-1 2.65284E-1 2.59982E-1 2.59773E-1 2.59863E-1 2.57778E-1 2.52029E-1 2.49015E-1 2.48116E-1 2.57552E-1 2.68042E-1 2.77428E-1 2.88577E-1 2.97458E-1 3.0058E-1 3.04209E-1 3.0621E-1 3.06367E-1 3.04442E-1 3.00368E-1 2.98237E-1 2.9669E-1 2.8903E-1 2.85488E-1 2.79397E-1 2.90056E-1 2.9823E-1 3.11466E-1 3.22941E-1 3.32608E-1 3.39327E-1 3.43345E-1 3.45436E-1 3.39116E-1 3.31957E-1 3.35788E-1 3.49115E-1 3.55621E-1 3.53985E-1 3.56992E-1 3.50362E-1 3.40747E-1 3.43382E-1 3.39661E-1 3.47732E-1 3.52563E-1 3.52045E-1 3.49794E-1 3.56652E-1 3.58053E-1 3.6332E-1 3.57335E-1 3.60721E-1
2.75907E-1 2.72508E-1 2.74855E-1 2.77742E-1 2.8388E-1 2.88553E-1 2.8034E-1 2.82192E-1 2.81814E-1 2.76301E-1 2.68949E-1 2.70626E-1 2.80834E-1 2.674E-1 2.62506E-1 2.50922E-1 2.49954E-1 2.56385E-1 2.65902E-1 2.78388E-1 2.88646E-1 2.97995E-1 3.06768E-1 3.16046E-1 3.0992E-1 3.08587E-1 3.12931E-1 3.14055E-1 3.08802E-1 3.00222E-1 2.98349E-1 2.98475E-1 2.88798E-1 2.96601E-1 3.12667E-1 3.17836E-1 3.23663E-1 3.31758E-1 3.31866E-1 3.3649E-1 3.46595E-1 3.40869E-1 3.33402E-1 3.27399E-1 3.3373E-1 3.52739E-1 3.52249E-1 3.59038E-1 3.56896E-1 3.47632E-1 3.49339E-1 3.50751E-1 3.51251E-1 3.62853E-1 3.59182E-1 3.53294E-1 3.626E-1 3.7524E-1 3.70806E-1 3.63343E-1 3.67474E-1
2.90157E-1 2.81666E-1 2.77349E-1 2.75789E-1 2.78373E-1 2.95432E-1 2.9211E-1 2.92807E-1 2.9422E-1 2.90367E-1 2.82747E-1 2.79051E-1 2.79322E-1 2.79386E-1 2.73664E-1 2.64241E-1 2.62409E-1 2.66272E-1 2.69808E-1 2.77753E-1 2.90547E-1 2.98855E-1 3.14529E-1 3.14658E-1 3.16113E-1 3.13423E-1 3.1622E-1 3.15732E-1 3.14069E-1 3.10826E-1 3.05911E-1 3.01147E-1 3.0254E-1 2.99468E-1 3.06267E-1 3.12502E-1 3.2088E-1 3.27226E-1 3.31045E-1 3.34021E-1 3.41643E-1 3.38507E-1 3.33827E-1 3.27483E-1 3.37925E-1 3.50519E-1 3.67494E-1 3.79215E-1 3.65291E-1 3.56322E-1 3.60693E-1 3.562E-1 3.56654E-1 3.68974E-1 3.6999E-1 3.64549E-1 3.70858E-1 3.81557E-1 3.74451E-1 3.70912E-1 3.78491E-1
2.99706E-1 2.98913E-1 2.88776E-1 2.85661E-1 2.86197E-1 2.90097E-1 2.98427E-1 2.99482E-1 3.03776E-1 2.99155E-1 2.97107E-1 2.87502E-1 2.84516E-1 2.86272E-1 2.9037E-1 2.84755E-1 2.81572E-1 2.81089E-1 2.80485E-1 2.86004E-1 2.94273E-1 2.97624E-1 3.08295E-1 3.07433E-1 3.10954E-1 3.08817E-1 3.12893E-1 3.10063E-1 3.12479E-1 3.13873E-1 3.12127E-1 3.08889E-1 3.07763E-1 3.02124E-1 3.02009E-1 3.1285E-1 3.23832E-1 3.25765E-1 3.2524E-1 3.28415E-1 3.32521E-1 3.38251E-1 3.37017E-1 3.39167E-1 3.46445E-1 3.5416E-1 3.64411E-1 3.75943E-1 3.85196E-1 3.7841E-1 3.70142E-1 3.64508E-1 3.61118E-1 3.61935E-1 3.70026E-1 3.69817E-1 3.73276E-1 3.86988E-1 3.81208E-1 3.8116E-1 3.94611E-1
3.21471E-1 3.06776E-1 3.0059E-1 2.97573E-1 2.93762E-1 2.93974E-1 3.00999E-1 3.02518E-1 3.09564E-1 3.08529E-1 2.99939E-1 2.96934E-1 2.91649E-1 2.87381E-1 2.936E-1 2.89445E-1 2.95066E-1 2.92946E-1 2.88997E-1 2.9404E-1 3.00996E-1 3.02759E-1 3.02453E-1 3.02512E-1 3.0118E-1 3.11321E-1 3.08834E-1 3.02554E-1 3.105E-1 3.19081E-1 3.26631E-1 3.19845E-1 3.14215E-1 3.00549E-1 2.99946E-1 3.12648E-1 3.25885E-1 3.35054E-1 3.2853E-1 3.33082E-1 3.34217E-1 3.34442E-1 3.44799E-1 3.56793E-1 3.63483E-1 3.64719E-1 3.70776E-1 3.84383E-1 3.86294E-1 4.01129E-1 3.81363E-1 3.63043E-1 3.60825E-1 3.6973E-1 3.73491E-1 3.73777E-1 3.75665E-1 3.84781E-1 3.82929E-1 3.86196E-1 4.02665E-1
3.35919E-1 3.22143E-1 3.1006E-1 3.03446E-1 3.0074E-1 2.96864E-1 2.98986E-1 3.02864E-1 3.09111E-1 3.10949E-1 3.08792E-1 2.99105E-1 2.98871E-1 2.95971E-1 3.00624E-1 3.00313E-1 3.0691E-1 3.07857E-1 2.98531E-1 2.98914E-1 2.996E-1 3.0349E-1 3.05004E-1 3.06196E-1 3.01605E-1 3.02325E-1 3.03759E-1 3.0091E-1 3.05284E-1 3.24028E-1 3.31622E-1 3.25628E-1 3.18622E-1 3.05868E-1 3.06421E-1 3.14953E-1 3.35574E-1 3.46664E-1 3.40476E-1 3.41298E-1 3.39176E-1 3.38226E-1 3.4233E-1 3.51615E-1 3.55484E-1 3.54309E-1 3.62929E-1 3.74109E-1 3.80659E-1 4.10281E-1 3.90559E-1 3.54932E-1 3.65191E-1 3.82025E-1 3.86279E-1 3.80962E-1 3.84993E-1 3.86804E-1 3.82069E-1 3.89267E-1 4.104E-1
3.39148E-1 3.48105E-1 3.30723E-1 3.22667E-1 3.04728E-1 2.97031E-1 2.9462E-1 3.01761E-1 3.12037E-1 3.13577E-1 3.13519E-1 3.04857E-1 3.0365E-1 3.01672E-1 3.00792E-1 2.99194E-1 3.02081E-1 3.03431E-1 2.98596E-1 2.9539E-1 2.98551E-1 3.04061E-1 3.09355E-1 3.07583E-1 3.03445E-1 3.10906E-1 3.22466E-1 3.02466E-1 3.07179E-1 3.17067E-1 3.24337E-1 3.24623E-1 3.21722E-1 3.16392E-1 3.11416E-1 3.2011E-1 3.31829E-1 3.47693E-1 3.4998E-1 3.55448E-1 3.50389E-1 3.52338E-1 3.52011E-1 3.5093E-1 3.57889E-1 3.67107E-1 3.79035E-1 3.82783E-1 3.88885E-1 4.09719E-1 4.0645E-1 3.80807E-1 3.81203E-1 3.91686E-1 4.05382E-1 4.03008E-1 3.99007E-1 4.01623E-1 3.89179E-1 3.96073E-1 4.01078E-1
3.36649E-1 3.39959E-1 3.44742E-1 3.47772E-1 3.1951E-1 3.03273E-1 3.02866E-1 3.10846E-1 3.18706E-1 3.25487E-1 3.2361E-1 3.20281E-1 3.17573E-1 3.15007E-1 3.03902E-1 2.97204E-1 2.98701E-1 3.05002E-1 3.02984E-1 3.00495E-1 3.00231E-1 3.09948E-1 3.11499E-1 3.10923E-1 3.11856E-1 3.18582E-1 3.2031E-1 3.17982E-1 3.20038E-1 3.16109E-1 3.19291E-1 3.2088E-1 3.2469E-1 3.24135E-1 3.17489E-1 3.20436E-1 3.31306E-1 3.42386E-1 3.49211E-1 3.52846E-1 3.60982E-1 3.63188E-1 3.6695E-1 3.65551E-1 3.67592E-1 3.74129E-1 3.82826E-1 3.78015E-1 3.81475E-1 3.96822E-1 4.16334E-1 3.92758E-1 3.95557E-1 4.01448E-1 4.14772E-1 3.89938E-1 3.87397E-1 4.07635E-1 3.93124E-1 3.89542E-1 3.90314E-1
3.38305E-1 3.40884E-1 3.38491E-1 3.40555E-1 3.32312E-1 3.22418E-1 3.20369E-1 3.26926E-1 3.25774E-1 3.30613E-1 3.38879E-1 3.41446E-1 3.32384E-1 3.21507E-1 3.10165E-1 3.02259E-1 3.01545E-1 3.02856E-1 3.08173E-1 3.00472E-1 3.01338E-1 3.0607E-1 3.05695E-1 3.05627E-1 3.17294E-1 3.27385E-1 3.33291E-1 3.31968E-1 3.31958E-1 3.25707E-1 3.13969E-1 3.10776E-1 3.154E-1 3.19255E-1 3.18918E-1 3.20357E-1 3.33275E-1 3.38935E-1 3.46908E-1 3.4642E-1 3.43624E-1 3.55295E-1 3.69986E-1 3.72485E-1 3.70895E-1 3.74722E-1 3.80721E-1 3.82161E-1 3.8576E-1 4.01029E-1 4.01434E-1 4.03899E-1 3.99201E-1 4.02123E-1 4.14566E-1 4.08603E-1 4.13967E-1 4.11613E-1 4.01662E-1 3.93247E-1 4.15583E-1
3.45183E-1 3.43795E-1 3.38137E-1 3.28627E-1 3.21063E-1 3.21898E-1 3.2512E-1 3.30476E-1 3.33257E-1 3.41118E-1 3.62665E-1 3.62418E-1 3.53922E-1 3.34044E-1 3.22485E-1 3.18788E-1 3.14711E-1 3.14915E-1 3.12247E-1 3.09663E-1 3.08853E-1 3.08812E-1 3.07523E-1 3.10416E-1 3.21378E-1 3.25365E-1 3.31312E-1 3.30748E-1 3.34001E-1 3.26691E-1 3.16848E-1 3.11991E-1 3.13418E-1 3.16323E-1 3.15562E-1 3.24939E-1 3.28788E-1 3.36928E-1 3.43631E-1 3.45708E-1 3.4315E-1 3.51363E-1 3.75324E-1 3.83128E-1 3.7513E-1 3.70856E-1 3.78785E-1 3.84713E-1 3.86169E-1 3.94157E-1 4.00775E-1 3.87496E-1 3.87493E-1 3.92369E-1 3.97596E-1 4.09913E-1 4.02681E-1 4.04195E-1 3.99461E-1 4.00494E-1 4.06031E-1
3.51466E-1 3.45348E-1 3.41967E-1 3.29347E-1 3.21775E-1 3.23091E-1 3.25235E-1 3.29556E-1 3.36362E-1 3.54328E-1 3.49081E-1 3.49086E-1 3.62295E-1 3.49386E-1 3.4803E-1 3.49911E-1 3.33303E-1 3.30203E-1 3.24329E-1 3.21659E-1 3.20582E-1 3.15481E-1 3.11707E-1 3.14572E-1 3.18424E-1 3.28334E-1 3.32985E-1 3.40748E-1 3.39547E-1 3.31613E-1 3.24954E-1 3.18861E-1 3.19929E-1 3.25639E-1 3.23617E-1 3.2422E-1 3.28137E-1 3.38223E-1 3.43922E-1 3.42123E-1 3.49781E-1 3.6284E-1 3.71448E-1 3.78834E-1 3.89039E-1 3.74881E-1 3.70778E-1 3.83079E-1 3.9003E-1 3.94588E-1 4.08105E-1 4.04987E-1 3.98845E-1 3.99359E-1 3.95279E-1 4.00893E-1 4.10323E-1 4.12478E-1 4.10474E-1 4.13203E-1 4.12958E-1
3.46906E-1 3.46185E-1 3.42366E-1 3.3269E-1 3.22427E-1 3.21288E-1 3.18452E-1 3.22685E-1 3.32158E-1 3.50814E-1 3.45261E-1 3.3835E-1 3.56002E-1 3.45316E-1 3.40455E-1 3.45815E-1 3.50123E-1 3.44316E-1 3.49497E-1 3.33351E-1 3.27114E-1 3.24882E-1 3.28222E-1 3.26615E-1 3.22418E-1 3.27462E-1 3.36437E-1 3.41272E-1 3.41779E-1 3.39446E-1 3.34612E-1 3.33717E-1 3.29268E-1 3.33418E-1 3.29177E-1 3.23528E-1 3.22192E-1 3.28656E-1 3.41622E-1 3.52063E-1 3.58914E-1 3.66157E-1 3.72402E-1 3.79599E-1 3.9505E-1 3.91682E-1 3.83344E-1 3.8158E-1 3.85884E-1 3.92132E-1 3.97726E-1 4.0676E-1 4.22792E-1 4.15237E-1 4.04185E-1 4.06358E-1 4.11592E-1 4.21689E-1 4.22956E-1 4.19863E-1 4.13667E-1
3.42095E-1 3.43616E-1 3.46903E-1 3.35683E-1 3.26212E-1 3.18012E-1 3.14875E-1 3.2015E-1 3.32281E-1 3.41928E-1 3.52566E-1 3.46565E-1 3.43301E-1 3.41519E-1 3.32288E-1 3.39937E-1 3.51157E-1 3.58282E-1 3.64134E-1 3.46048E-1 3.41032E-1 3.37789E-1 3.41439E-1 3.33995E-1 3.31611E-1 3.34029E-1 3.42552E-1 3.47884E-1 3.47258E-1 3.47636E-1 3.41292E-1 3.37575E-1 3.40618E-1 3.35032E-1 3.25918E-1 3.20711E-1 3.21338E-1 3.28814E-1 3.45038E-1 3.53828E-1 3.63406E-1 3.7248E-1 3.84203E-1 3.98606E-1 3.99705E-1 3.97793E-1 3.99983E-1 3.94888E-1 3.98222E-1 4.03329E-1 4.02046E-1 4.08721E-1 4.19922E-1 4.37417E-1 4.29561E-1 4.29702E-1 4.34124E-1 4.30224E-1 4.34696E-1 4.31182E-1 4.24845E-1
3.34649E-1 3.36702E-1 3.35381E-1 3.30622E-1 3.22555E-1 3.15628E-1 3.12899E-1 3.19567E-1 3.28718E-1 3.40754E-1 3.47884E-1 3.4533E-1 3.38441E-1 3.37037E-1 3.318E-1 3.40452E-1 3.43746E-1 3.52111E-1 3.76926E-1 3.58001E-1 3.49718E-1 3.60992E-1 3.49004E-1 3.4692E-1 3.46579E-1 3.42516E-1 3.52581E-1 3.60724E-1 3.61027E-1 3.58222E-1 3.53351E-1 3.39957E-1 3.36256E-1 3.3982E-1 3.23569E-1 3.25871E-1 3.31139E-1 3.40723E-1 3.52898E-1 3.59959E-1 3.69902E-1 3.76274E-1 3.89928E-1 3.96552E-1 4.02582E-1 4.0659E-1 4.025E-1 4.03993E-1 4.02006E-1 3.99414E-1 4.03939E-1 4.15887E-1 4.2254E-1 4.25565E-1 4.35253E-1 4.365E-1 4.40982E-1 4.41434E-1 4.40472E-1 4.40738E-1 4.34123E-1
3.2932E-1 3.29817E-1 3.33157E-1 3.30155E-1 3.28016E-1 3.2181E-1 3.20743E-1 3.25099E-1 3.38921E-1 3.48188E-1 3.4784E-1 3.47141E-1 3.43815E-1 3.37838E-1 3.30164E-1 3.33204E-1 3.40764E-1 3.43792E-1 3.59899E-1 3.69132E-1 3.60377E-1 3.71899E-1 3.64749E-1 3.62497E-1 3.62761E-1 3.62071E-1 3.57703E-1 3.63191E-1 3.65262E-1 3.64214E-1 3.56572E-1 3.45041E-1 3.35976E-1 3.44556E-1 3.31833E-1 3.38537E-1 3.44127E-1 3.55947E-1 3.65414E-1 3.79689E-1 3.8029E-1 3.81594E-1 3.97328E-1 4.01723E-1 4.07471E-1 4.08149E-1 4.14991E-1 4.04429E-1 4.06901E-1 4.1542E-1 4.14264E-1 4.23131E-1 4.25215E-1 4.2703E-1 4.28754E-1 4.36979E-1 4.44585E-1 4.3681E-1 4.3764E-1 4.36887E-1 4.43579E-1
3.30982E-1 3.3219E-1 3.36478E-1 3.39921E-1 3.36283E-1 3.34032E-1 3.32058E-1 3.36359E-1 3.46114E-1 3.48698E-1 3.46396E-1 3.47006E-1 3.40428E-1 3.37725E-1 3.28938E-1 3.34103E-1 3.41584E-1 3.44885E-1 3.58121E-1 3.79603E-1 3.794E-1 3.8766E-1 3.80282E-1 3.81755E-1 3.82445E-1 3.75016E-1 3.75005E-1 3.76872E-1 3.75808E-1 3.72824E-1 3.65694E-1 3.57131E-1 3.45244E-1 3.49462E-1 3.48658E-1 3.59409E-1 3.69793E-1 3.74318E-1 3.80462E-1 3.8678E-1 3.88239E-1 3.99752E-1 4.16067E-1 4.19701E-1 4.2108E-1 4.15602E-1 4.16551E-1 4.30225E-1 4.30058E-1 4.35326E-1 4.32621E-1 4.33534E-1 4.32649E-1 4.30094E-1 4.28818E-1 4.30471E-1 4.49748E-1 4.44406E-1 4.4233E-1 4.36593E-1 4.50712E-1
3.32851E-1 3.41098E-1 3.46679E-1 3.51019E-1 3.52526E-1 3.46231E-1 3.42494E-1 3.46122E-1 3.56122E-1 3.51597E-1 3.49E-1 3.47081E-1 3.42043E-1 3.3982E-1 3.38393E-1 3.36898E-1 3.42245E-1 3.53183E-1 3.67108E-1 3.84025E-1 3.83735E-1 3.94031E-1 3.95187E-1 3.91673E-1 3.88536E-1 3.86781E-1 3.94019E-1 3.93546E-1 3.94805E-1 3.94487E-1 3.85909E-1 3.68641E-1 3.61379E-1 3.63374E-1 3.82519E-1 3.91462E-1 3.94942E-1 4.05817E-1 4.0439E-1 4.02066E-1 4.02661E-1 4.14443E-1 4.26218E-1 4.32558E-1 4.34312E-1 4.34984E-1 4.40923E-1 4.5337E-1 4.56688E-1 4.66952E-1 4.61279E-1 4.52928E-1 4.59181E-1 4.57031E-1 4.5729E-1 4.52855E-1 4.60187E-1 4.5618E-1 4.51908E-1 4.43053E-1 4.47167E-1
3.39568E-1 3.50779E-1 3.53373E-1 3.5696E-1 3.6082E-1 3.56151E-1 3.55515E-1 3.60427E-1 3.57978E-1 3.57164E-1 3.5521E-1 3.54748E-1 3.48842E-1 3.45323E-1 3.47687E-1 3.50188E-1 3.55126E-1 3.62175E-1 3.72847E-1 3.80519E-1 3.86702E-1 3.89081E-1 3.96378E-1 3.99476E-1 3.96955E-1 3.99357E-1 4.03827E-1 4.13188E-1 4.1116E-1 4.10222E-1 4.01489E-1 3.91625E-1 3.8764E-1 3.92621E-1 4.13446E-1 4.31733E-1 4.31578E-1 4.37526E-1 4.35379E-1 4.21975E-1 4.29643E-1 4.47697E-1 4.43872E-1 4.5043E-1 4.58969E-1 4.54382E-1 4.58591E-1 4.68259E-1 4.70402E-1 4.82574E-1 4.90496E-1 4.81201E-1 4.77761E-1 4.80215E-1 5.00796E-1 4.94101E-1 4.77317E-1 4.66119E-1 4.62286E-1 4.58601E-1 4.61706E-1
3.3648E-1 3.47272E-1 3.59011E-1 3.69759E-1 3.68745E-1 3.61962E-1 3.57261E-1 3.59397E-1 3.63732E-1 3.63926E-1 3.70449E-1 3.66651E-1 3.66796E-1 3.64116E-1 3.65597E-1 3.73196E-1 3.73852E-1 3.79589E-1 3.82706E-1 3.72836E-1 3.85267E-1 4.05345E-1 4.02628E-1 4.01954E-1 4.03026E-1 4.05456E-1 4.16527E-1 4.19222E-1 4.16988E-1 4.13249E-1 4.10423E-1 3.99563E-1 3.97469E-1 4.05945E-1 4.21965E-1 4.35034E-1 4.59653E-1 4.9755E-1 5.14845E-1 4.65609E-1 4.64926E-1 4.66757E-1 4.5557E-1 4.56838E-1 4.64143E-1 4.71026E-1 4.75982E-1 4.85492E-1 4.9757E-1 5.06001E-1 5.06373E-1 5.03164E-1 4.89188E-1 4.85056E-1 4.86681E-1 4.97689E-1 5.00461E-1 4.87947E-1 4.82075E-1 4.78855E-1 4.84242E-1
3.29784E-1 3.40349E-1 3.59652E-1 3.71047E-1 3.64485E-1 3.5234E-1 3.52037E-1 3.62177E-1 3.6256E-1 3.64134E-1 3.68414E-1 3.69202E-1 3.65508E-1 3.65326E-1 3.68723E-1 3.76618E-1 3.786E-1 3.72932E-1 3.73602E-1 3.79369E-1 3.93023E-1 4.19897E-1 4.05407E-1 4.04502E-1 4.07014E-1 4.13477E-1 4.21784E-1 4.28158E-1 4.3033E-1 4.35074E-1 4.27946E-1 4.27152E-1 4.21004E-1 4.25627E-1 4.36631E-1 4.53357E-1 4.70755E-1 5.16957E-1 5.30685E-1 5.08566E-1 4.90586E-1 4.74289E-1 4.59477E-1 4.60555E-1 4.70581E-1 4.7672E-1 4.79376E-1 4.93162E-1 5.11838E-1 5.12522E-1 5.14342E-1 5.0176E-1 4.94768E-1 4.94315E-1 4.95946E-1 5.02816E-1 5.0418E-1 5.00108E-1 4.94902E-1 4.98151E-1 5.20356E-1
3.27327E-1 3.35823E-1 3.49458E-1 3.55578E-1 3.63106E-1 3.53976E-1 3.56982E-1 3.62132E-1 3.69334E-1 3.68567E-1 3.58819E-1 3.58173E-1 3.57491E-1 3.574E-1 3.59667E-1 3.79849E-1 3.85946E-1 3.72425E-1 3.64078E-1 3.77782E-1 3.95971E-1 4.11751E-1 4.12446E-1 4.1455E-1 4.14693E-1 4.21019E-1 4.30579E-1 4.41429E-1 4.47617E-1 4.46314E-1 4.51545E-1 4.53253E-1 4.47139E-1 4.48162E-1 4.52701E-1 4.62198E-1 4.73878E-1 4.98001E-1 5.02284E-1 4.92591E-1 4.72841E-1 4.6615E-1 4.58211E-1 4.63676E-1 4.71981E-1 4.82993E-1 4.92872E-1 4.95536E-1 5.07992E-1 5.08885E-1 5.22537E-1 5.2312E-1 5.13832E-1 5.09478E-1 5.09876E-1 5.15195E-1 5.1989E-1 5.11175E-1 5.12802E-1 5.14079E-1 5.41633E-1
3.28038E-1 3.40475E-1 3.52184E-1 3.58047E-1 3.5643E-1 3.50659E-1 3.61154E-1 3.71223E-1 3.68967E-1 3.71001E-1 3.62955E-1 3.58891E-1 3.54651E-1 3.55577E-1 3.57593E-1 3.78454E-1 3.86377E-1 3.85596E-1 3.76858E-1 3.81731E-1 3.95579E-1 4.13575E-1 4.39608E-1 4.33661E-1 4.29167E-1 4.33753E-1 4.45874E-1 4.55238E-1 4.54875E-1 4.55085E-1 4.53389E-1 4.58954E-1 4.69836E-1 4.75048E-1 4.74084E-1 4.7103E-1 4.75002E-1 4.84202E-1 4.82624E-1 4.78995E-1 4.71234E-1 4.75491E-1 4.80439E-1 4.79228E-1 4.80349E-1 4.9076E-1 4.98334E-1 5.02028E-1 5.15313E-1 5.15056E-1 5.34246E-1 5.34506E-1 5.28801E-1 5.21339E-1 5.14877E-1 5.26996E-1 5.41901E-1 5.3159E-1 5.36173E-1 5.43278E-1 5.61421E-1
3.45964E-1 3.52747E-1 3.53554E-1 3.53278E-1 3.51035E-1 3.49654E-1 3.55868E-1 3.58279E-1 3.66489E-1 3.69815E-1 3.67328E-1 3.63626E-1 3.64776E-1 3.61438E-1 3.61916E-1 3.78771E-1 4.01569E-1 4.18848E-1 4.06238E-1 3.97733E-1 4.10115E-1 4.36725E-1 4.4662E-1 4.48477E-1 4.45801E-1 4.47327E-1 4.4993E-1 4.56017E-1 4.63555E-1 4.66393E-1 4.63104E-1 4.68006E-1 4.80353E-1 4.91528E-1 4.90957E-1 4.97456E-1 4.88068E-1 4.81319E-1 4.80713E-1 4.78321E-1 4.78958E-1 4.86349E-1 4.92029E-1 4.89804E-1 4.92548E-1 4.95614E-1 5.01093E-1 5.07357E-1 5.25981E-1 5.2534E-1 5.44405E-1 5.37776E-1 5.30814E-1 5.20958E-1 5.12771E-1 5.24992E-1 5.46573E-1 5.53433E-1 5.5064E-1 5.58274E-1 5.52573E-1
3.4569E-1 3.47931E-1 3.48941E-1 3.49752E-1 3.48228E-1 3.4538E-1 3.46743E-1 3.61152E-1 3.69529E-1 3.73965E-1 3.70435E-1 3.70214E-1 3.7055E-1 3.74676E-1 3.74557E-1 3.80367E-1 4.07071E-1 4.28163E-1 4.28307E-1 4.19399E-1 4.21429E-1 4.30034E-1 4.40685E-1 4.51014E-1 4.55777E-1 4.57318E-1 4.58966E-1 4.61208E-1 4.7018E-1 4.77948E-1 4.84856E-1 4.89066E-1 4.94881E-1 4.98193E-1 4.97446E-1 5.01807E-1 5.13176E-1 5.07139E-1 4.96445E-1 4.99172E-1 5.07618E-1 5.03658E-1 5.04407E-1 4.97401E-1 4.96155E-1 5.03968E-1 5.15307E-1 5.23808E-1 5.36139E-1 5.36242E-1 5.45173E-1 5.42473E-1 5.36796E-1 5.3009E-1 5.31534E-1 5.44586E-1 5.59538E-1 5.69527E-1 5.59373E-1 5.56208E-1 5.5154E-1
