maxent_outputs/red_flowers_troch_bombus_environ/red_212.asc
ncols         426
nrows         180
xllcorner     -130.0
yllcorner     24.0
cellsize      0.16666666666666666
NODATA_value  -9999
[rows 81 to 107 of 180, columns 122 to 182 of 426]
2.63535E-1 2.49232E-1 2.71579E-1 3.22353E-1 3.1434E-1 3.24594E-1 3.09935E-1 2.98946E-1 3.10071E-1 3.28263E-1 3.18791E-1 3.47039E-1 3.78024E-1 4.11888E-1 3.95155E-1 3.84846E-1 3.95529E-1 5.46743E-1 5.56296E-1 5.60069E-1 5.71247E-1 5.35001E-1 5.43545E-1 5.5415E-1 5.15436E-1 4.05725E-1 3.1743E-1 2.48556E-1 2.34013E-1 2.30826E-1 2.24955E-1 2.14218E-1 2.06808E-1 2.0664E-1 2.02416E-1 1.97874E-1 1.96609E-1 1.92027E-1 1.88895E-1 1.9623E-1 1.96913E-1 1.99154E-1 1.98395E-1 2.03516E-1 2.03082E-1 1.98144E-1 1.95858E-1 1.96385E-1 2.0371E-1 2.05091E-1 1.98986E-1 1.91344E-1 1.97694E-1 2.00478E-1 2.01793E-1 1.97025E-1 1.87879E-1 1.90998E-1 1.94114E-1 1.98604E-1 1.97689E-1
2.42532E-1 2.47177E-1 2.5418E-1 2.67682E-1 2.92941E-1 2.8893E-1 2.74751E-1 2.87447E-1 3.08711E-1 3.71702E-1 4.02315E-1 3.89044E-1 4.39017E-1 4.81288E-1 5.06141E-1 5.19288E-1 4.59443E-1 5.37936E-1 4.96951E-1 3.97203E-1 5.14576E-1 5.19002E-1 4.82615E-1 5.23106E-1 5.53251E-1 4.21565E-1 3.06943E-1 2.50169E-1 2.37564E-1 2.28165E-1 2.20917E-1 2.10166E-1 2.0605E-1 2.00822E-1 2.00831E-1 2.01196E-1 1.959E-1 1.91505E-1 1.98277E-1 1.93911E-1 1.9228E-1 1.99697E-1 2.02231E-1 2.05827E-1 2.04063E-1 2.02783E-1 1.98131E-1 1.97803E-1 1.96242E-1 2.00877E-1 2.02319E-1 1.98473E-1 1.9935E-1 2.06848E-1 2.08987E-1 2.02556E-1 1.91951E-1 1.92686E-1 2.05233E-1 2.08143E-1 1.9859E-1
2.3787E-1 2.4784E-1 2.54364E-1 2.60435E-1 2.62044E-1 2.83845E-1 3.29657E-1 3.1146E-1 3.07815E-1 3.47878E-1 3.5988E-1 3.97424E-1 4.81675E-1 5.12139E-1 5.54217E-1 5.77441E-1 4.13102E-1 4.57536E-1 4.93049E-1 3.21059E-1 3.24297E-1 4.14715E-1 3.62213E-1 4.83426E-1 5.47534E-1 4.22264E-1 2.98853E-1 2.62796E-1 2.43856E-1 2.34389E-1 2.29398E-1 2.20828E-1 2.11992E-1 2.0477E-1 2.06187E-1 1.93769E-1 1.89109E-1 1.97463E-1 2.01076E-1 1.98307E-1 1.9954E-1 2.05871E-1 2.07852E-1 2.09364E-1 2.09377E-1 2.06866E-1 2.03722E-1 2.01242E-1 1.97035E-1 1.97744E-1 1.96257E-1 2.0403E-1 2.1094E-1 2.16132E-1 2.1897E-1 2.12599E-1 2.04062E-1 2.03877E-1 2.12403E-1 2.16737E-1 2.06566E-1
2.72136E-1 2.89131E-1 2.89971E-1 3.15381E-1 3.23537E-1 3.45215E-1 3.85431E-1 3.39275E-1 3.45374E-1 3.74941E-1 3.87363E-1 4.07089E-1 4.67184E-1 5.06647E-1 4.99433E-1 5.1472E-1 3.87756E-1 3.53652E-1 3.91645E-1 4.13359E-1 3.95702E-1 4.25523E-1 4.69669E-1 4.68096E-1 5.26247E-1 4.30265E-1 3.26276E-1 2.99612E-1 2.77986E-1 2.51799E-1 2.39881E-1 2.27987E-1 2.25146E-1 2.10562E-1 2.18443E-1 2.05447E-1 1.96902E-1 2.01587E-1 2.03961E-1 2.07698E-1 2.04929E-1 2.10195E-1 2.07944E-1 2.03087E-1 2.08263E-1 2.09583E-1 2.13488E-1 2.07161E-1 2.04328E-1 2.01715E-1 1.97957E-1 2.04312E-1 2.09206E-1 2.14011E-1 2.16251E-1 2.11936E-1 2.09E-1 2.07865E-1 2.1254E-1 2.15047E-1 2.10766E-1
3.10224E-1 3.2054E-1 3.32864E-1 3.55262E-1 3.83948E-1 3.85222E-1 3.93174E-1 3.80546E-1 3.71801E-1 3.69167E-1 3.96236E-1 4.17819E-1 4.24417E-1 4.42618E-1 4.63704E-1 3.88256E-1 3.79011E-1 3.6663E-1 3.97274E-1 5.06863E-1 4.91926E-1 4.46656E-1 5.27775E-1 5.34947E-1 4.97824E-1 3.99974E-1 3.11938E-1 3.05762E-1 2.96731E-1 2.69832E-1 2.52958E-1 2.44938E-1 2.33903E-1 2.1979E-1 2.23553E-1 2.13761E-1 2.16793E-1 2.13231E-1 2.0757E-1 2.09591E-1 2.12342E-1 2.11951E-1 2.08618E-1 2.09676E-1 2.04258E-1 1.99771E-1 2.0535E-1 2.05711E-1 1.96653E-1 1.92033E-1 1.96054E-1 1.99488E-1 2.06583E-1 2.12871E-1 2.13607E-1 2.11569E-1 2.0892E-1 2.09472E-1 2.07298E-1 2.0967E-1 2.09723E-1
3.56743E-1 3.63479E-1 3.78514E-1 3.92644E-1 4.00723E-1 4.00445E-1 4.04564E-1 3.6702E-1 3.64106E-1 3.59954E-1 3.89241E-1 3.77429E-1 4.10707E-1 4.25167E-1 4.1934E-1 3.7409E-1 3.63983E-1 3.76951E-1 4.35826E-1 4.22195E-1 4.83365E-1 4.17493E-1 4.93991E-1 5.31222E-1 5.3795E-1 3.74947E-1 3.08894E-1 2.92238E-1 2.92762E-1 2.72657E-1 2.54868E-1 2.51862E-1 2.38834E-1 2.31704E-1 2.34333E-1 2.23529E-1 2.29238E-1 2.20185E-1 2.14987E-1 2.13533E-1 2.15506E-1 2.19004E-1 2.15234E-1 2.10264E-1 2.03899E-1 1.97317E-1 2.04591E-1 2.02722E-1 1.95532E-1 1.88808E-1 1.90411E-1 1.91548E-1 2.02387E-1 2.05943E-1 2.09927E-1 2.09159E-1 2.08856E-1 2.06688E-1 2.05667E-1 2.03137E-1 2.07287E-1
3.63642E-1 3.80522E-1 4.08123E-1 3.88488E-1 3.7316E-1 3.9301E-1 4.18671E-1 3.9958E-1 3.83863E-1 3.69246E-1 3.99321E-1 3.72954E-1 3.81757E-1 3.86736E-1 3.70368E-1 3.62663E-1 4.52516E-1 4.55806E-1 4.89885E-1 4.66093E-1 4.53972E-1 5.04186E-1 4.65123E-1 3.75583E-1 4.15836E-1 2.83673E-1 2.70338E-1 2.93871E-1 2.70964E-1 2.60361E-1 2.48303E-1 2.52743E-1 2.46649E-1 2.41102E-1 2.35593E-1 2.32066E-1 2.22688E-1 2.20398E-1 2.16071E-1 2.18398E-1 2.20818E-1 2.2103E-1 2.19976E-1 2.1801E-1 2.12945E-1 2.05856E-1 2.03062E-1 1.99558E-1 1.9339E-1 1.90532E-1 1.87973E-1 1.92295E-1 2.00986E-1 2.08227E-1 2.09611E-1 2.0879E-1 2.05803E-1 2.03327E-1 1.99946E-1 2.00394E-1 2.07846E-1
3.86817E-1 3.90134E-1 3.48375E-1 3.05731E-1 3.07224E-1 3.17117E-1 3.66514E-1 3.97995E-1 3.5012E-1 3.79204E-1 3.73865E-1 3.42802E-1 3.38922E-1 3.64879E-1 3.85161E-1 4.03913E-1 3.70074E-1 4.41273E-1 4.45822E-1 4.2829E-1 4.24107E-1 4.60904E-1 2.98447E-1 2.34356E-1 3.22498E-1 3.49772E-1 2.51673E-1 2.7982E-1 2.65379E-1 2.34477E-1 2.23104E-1 2.37806E-1 2.33207E-1 2.31142E-1 2.23124E-1 2.20567E-1 2.15437E-1 2.16699E-1 2.13895E-1 2.17944E-1 2.22772E-1 2.20334E-1 2.23204E-1 2.2098E-1 2.18744E-1 2.10753E-1 2.03374E-1 2.02784E-1 1.97448E-1 1.91517E-1 1.94275E-1 1.97644E-1 2.0729E-1 2.0918E-1 2.0814E-1 2.05411E-1 2.05772E-1 2.09048E-1 2.09149E-1 2.10237E-1 2.19294E-1
3.61693E-1 3.11427E-1 2.85134E-1 3.15645E-1 3.59455E-1 3.47924E-1 3.26376E-1 3.46717E-1 3.87187E-1 3.81847E-1 3.85561E-1 3.71354E-1 3.3781E-1 3.20955E-1 3.82964E-1 4.05563E-1 4.20471E-1 4.21566E-1 4.37141E-1 4.41146E-1 3.84977E-1 3.79433E-1 2.10924E-1 1.908E-1 2.43131E-1 2.28174E-1 2.28901E-1 2.48694E-1 2.65445E-1 2.32785E-1 2.23468E-1 2.27017E-1 2.24483E-1 2.22864E-1 2.21547E-1 2.16914E-1 2.15191E-1 2.09684E-1 2.13805E-1 2.16558E-1 2.19577E-1 2.17095E-1 2.15644E-1 2.14996E-1 2.14384E-1 2.05694E-1 2.0469E-1 2.02361E-1 1.96508E-1 1.97546E-1 1.9959E-1 2.04767E-1 2.12879E-1 2.14106E-1 2.05824E-1 2.04247E-1 2.09244E-1 2.17318E-1 2.24455E-1 2.24284E-1 2.17628E-1
2.78859E-1 2.76651E-1 2.82492E-1 3.65211E-1 3.65268E-1 3.73765E-1 3.74433E-1 3.26667E-1 3.73522E-1 3.82209E-1 3.67277E-1 3.62924E-1 3.69065E-1 3.49197E-1 3.502E-1 3.74918E-1 3.52815E-1 3.99227E-1 3.63461E-1 4.40814E-1 4.11485E-1 3.21175E-1 2.15785E-1 1.88222E-1 2.07445E-1 2.16334E-1 2.18483E-1 2.85582E-1 2.69339E-1 2.45531E-1 2.25847E-1 2.19827E-1 2.18563E-1 2.15579E-1 2.12401E-1 2.16722E-1 2.13611E-1 2.14742E-1 2.06916E-1 2.09678E-1 2.09411E-1 2.04007E-1 2.08419E-1 2.13587E-1 2.12157E-1 2.11233E-1 2.14393E-1 2.03964E-1 2.04141E-1 2.03892E-1 2.05037E-1 2.12747E-1 2.20988E-1 2.17738E-1 2.09427E-1 2.07672E-1 2.16512E-1 2.26046E-1 2.3678E-1 2.26179E-1 2.20878E-1
2.94871E-1 3.07366E-1 3.32435E-1 3.64628E-1 4.00705E-1 3.83546E-1 3.54444E-1 3.6954E-1 3.26171E-1 3.11169E-1 3.28942E-1 3.47979E-1 3.54033E-1 3.66159E-1 3.77989E-1 3.50254E-1 3.02581E-1 3.44981E-1 3.86987E-1 4.26207E-1 4.15999E-1 2.43553E-1 2.52283E-1 2.31388E-1 2.32124E-1 2.17942E-1 2.2615E-1 3.04841E-1 3.0399E-1 2.4555E-1 2.31818E-1 2.28215E-1 2.21434E-1 2.12248E-1 2.1112E-1 2.06117E-1 2.15295E-1 2.16656E-1 2.08177E-1 2.06886E-1 1.98751E-1 1.96E-1 2.05504E-1 2.11911E-1 2.12425E-1 2.14636E-1 2.15677E-1 2.14487E-1 2.11204E-1 2.12261E-1 2.18495E-1 2.25748E-1 2.2841E-1 2.32714E-1 2.25808E-1 2.25962E-1 2.32784E-1 2.34901E-1 2.35402E-1 2.27574E-1 2.22809E-1
3.08669E-1 3.36936E-1 3.95018E-1 3.74236E-1 3.85644E-1 3.98986E-1 3.84104E-1 3.80052E-1 3.60075E-1 3.25559E-1 3.26677E-1 3.42148E-1 3.10767E-1 3.37395E-1 3.29926E-1 3.0643E-1 2.34893E-1 2.81515E-1 3.42337E-1 4.04273E-1 4.32808E-1 2.62226E-1 2.75255E-1 2.76287E-1 2.53443E-1 2.53759E-1 2.73875E-1 2.90397E-1 2.79422E-1 2.44981E-1 2.35864E-1 2.31894E-1 2.27727E-1 2.22419E-1 2.15377E-1 2.05973E-1 2.14818E-1 2.11342E-1 2.04876E-1 2.02647E-1 2.02935E-1 2.00114E-1 1.98999E-1 2.08217E-1 2.1201E-1 2.14354E-1 2.19051E-1 2.19864E-1 2.18001E-1 2.15466E-1 2.21484E-1 2.30552E-1 2.42167E-1 2.39491E-1 2.38783E-1 2.39835E-1 2.36895E-1 2.35006E-1 2.28229E-1 2.20849E-1 2.15698E-1
3.21708E-1 3.35375E-1 4.11319E-1 3.70847E-1 3.61008E-1 3.55535E-1 3.85292E-1 3.93529E-1 3.97951E-1 3.57896E-1 3.27835E-1 3.257E-1 2.96869E-1 2.76761E-1 2.44108E-1 2.23573E-1 2.3614E-1 2.26529E-1 2.51298E-1 3.01807E-1 4.25339E-1 3.11024E-1 3.27995E-1 2.75468E-1 2.76894E-1 2.79477E-1 2.94209E-1 2.79037E-1 2.63476E-1 2.50808E-1 2.41224E-1 2.35792E-1 2.32273E-1 2.22277E-1 2.15591E-1 2.08392E-1 2.11385E-1 2.05294E-1 2.04828E-1 2.03778E-1 1.995E-1 1.99982E-1 1.99081E-1 2.00421E-1 2.12689E-1 2.17289E-1 2.19003E-1 2.19116E-1 2.21571E-1 2.20846E-1 2.22546E-1 2.32223E-1 2.4074E-1 2.43673E-1 2.38464E-1 2.39048E-1 2.38031E-1 2.37183E-1 2.32357E-1 2.23163E-1 2.17189E-1
3.20417E-1 3.15461E-1 3.39261E-1 3.59421E-1 3.57061E-1 3.49067E-1 3.39735E-1 3.64264E-1 3.9066E-1 3.79624E-1 3.57989E-1 3.37954E-1 3.6945E-1 3.63925E-1 2.78763E-1 2.63061E-1 3.09018E-1 2.60496E-1 3.44691E-1 3.41188E-1 3.53045E-1 3.17535E-1 2.25628E-1 3.55488E-1 2.48867E-1 2.41805E-1 2.67612E-1 2.77724E-1 2.60691E-1 2.52304E-1 2.51252E-1 2.36758E-1 2.31095E-1 2.25265E-1 2.15374E-1 2.10684E-1 2.12326E-1 2.12995E-1 2.12486E-1 2.11665E-1 2.05128E-1 2.02054E-1 1.99375E-1 2.02061E-1 2.1287E-1 2.15269E-1 2.21449E-1 2.21326E-1 2.26746E-1 2.28424E-1 2.28414E-1 2.34342E-1 2.379E-1 2.4118E-1 2.38032E-1 2.32797E-1 2.37226E-1 2.41389E-1 2.49696E-1 2.37433E-1 2.25941E-1
3.37505E-1 3.22511E-1 3.33216E-1 3.41798E-1 3.51195E-1 3.38616E-1 3.45763E-1 3.63034E-1 3.69549E-1 3.74464E-1 3.74327E-1 3.75023E-1 4.20194E-1 4.13874E-1 3.49998E-1 3.24337E-1 3.74483E-1 3.10458E-1 3.23347E-1 2.94683E-1 2.61846E-1 2.25148E-1 2.01782E-1 2.9368E-1 3.52647E-1 2.42481E-1 2.82517E-1 3.29272E-1 2.76186E-1 2.56247E-1 2.46613E-1 2.41978E-1 2.38124E-1 2.23345E-1 2.25308E-1 2.20092E-1 2.17593E-1 2.17758E-1 2.20292E-1 2.14523E-1 2.03443E-1 2.05303E-1 2.07655E-1 2.08293E-1 2.13953E-1 2.16771E-1 2.2424E-1 2.28112E-1 2.27296E-1 2.29901E-1 2.31069E-1 2.33141E-1 2.35065E-1 2.3132E-1 2.28137E-1 2.31684E-1 2.32476E-1 2.44263E-1 2.53597E-1 2.42539E-1 2.38475E-1
3.87837E-1 3.62417E-1 2.96929E-1 3.02813E-1 3.47459E-1 3.56181E-1 3.60886E-1 3.79798E-1 4.01073E-1 4.16287E-1 4.09301E-1 4.1823E-1 3.97922E-1 4.22462E-1 3.63564E-1 3.94531E-1 4.02802E-1 4.04076E-1 4.33438E-1 3.67238E-1 2.42528E-1 1.9812E-1 1.92767E-1 2.03163E-1 3.54889E-1 2.8994E-1 2.54942E-1 3.39459E-1 2.87635E-1 2.58561E-1 2.66754E-1 2.729E-1 2.62684E-1 2.37422E-1 2.32584E-1 2.2271E-1 2.27309E-1 2.3465E-1 2.25912E-1 2.25339E-1 2.183E-1 2.17982E-1 2.15494E-1 2.23126E-1 2.20027E-1 2.24036E-1 2.31745E-1 2.34694E-1 2.2816E-1 2.28083E-1 2.31958E-1 2.33267E-1 2.3363E-1 2.26998E-1 2.26781E-1 2.30271E-1 2.36221E-1 2.46722E-1 2.50269E-1 2.46284E-1 2.39869E-1
3.90037E-1 3.72102E-1 3.369E-1 2.9845E-1 3.05842E-1 3.72871E-1 3.63937E-1 3.62975E-1 3.99783E-1 4.511E-1 4.52405E-1 4.21451E-1 4.14406E-1 3.98529E-1 3.43347E-1 2.96638E-1 3.34534E-1 3.51453E-1 3.35608E-1 2.68081E-1 2.21674E-1 2.13364E-1 2.04885E-1 1.95861E-1 2.28937E-1 3.14225E-1 2.73448E-1 2.7912E-1 2.94006E-1 2.7714E-1 2.76356E-1 2.83743E-1 2.84994E-1 2.65503E-1 2.50678E-1 2.47322E-1 2.47335E-1 2.55395E-1 2.45217E-1 2.35075E-1 2.38118E-1 2.33309E-1 2.31533E-1 2.2705E-1 2.29435E-1 2.29202E-1 2.31981E-1 2.31904E-1 2.30562E-1 2.27548E-1 2.33307E-1 2.32028E-1 2.29616E-1 2.26028E-1 2.26904E-1 2.32912E-1 2.39123E-1 2.45817E-1 2.47038E-1 2.38793E-1 2.34611E-1
3.40215E-1 3.28339E-1 3.30801E-1 3.38367E-1 3.32032E-1 3.29203E-1 3.70687E-1 3.74318E-1 4.09909E-1 4.49096E-1 4.38911E-1 4.20145E-1 4.43051E-1 4.44664E-1 4.06813E-1 4.36732E-1 4.52037E-1 4.23401E-1 4.14564E-1 3.45451E-1 2.31077E-1 2.05728E-1 1.98277E-1 1.96895E-1 2.64342E-1 3.70332E-1 2.82675E-1 2.81813E-1 2.80824E-1 2.90861E-1 2.8454E-1 2.93098E-1 2.73659E-1 2.76E-1 2.63537E-1 2.72135E-1 2.76591E-1 2.81996E-1 2.68363E-1 2.62346E-1 2.43114E-1 2.37058E-1 2.31884E-1 2.29172E-1 2.32812E-1 2.31011E-1 2.38374E-1 2.3432E-1 2.29816E-1 2.2997E-1 2.31818E-1 2.28781E-1 2.28176E-1 2.29176E-1 2.31815E-1 2.33039E-1 2.38839E-1 2.42546E-1 2.41386E-1 2.30811E-1 2.29538E-1
3.08481E-1 3.03939E-1 2.98804E-1 3.13353E-1 3.39244E-1 3.4808E-1 3.37057E-1 3.48475E-1 3.70056E-1 4.49578E-1 4.13913E-1 3.75883E-1 3.74537E-1 4.06515E-1 3.34063E-1 3.51711E-1 3.89529E-1 4.39348E-1 4.7286E-1 4.73545E-1 3.20368E-1 2.15331E-1 2.01094E-1 1.98079E-1 2.11924E-1 2.32675E-1 3.15329E-1 3.35911E-1 3.27942E-1 2.94504E-1 2.82401E-1 2.66967E-1 2.68451E-1 2.55509E-1 2.51406E-1 2.71252E-1 2.77231E-1 2.74844E-1 2.54257E-1 2.52263E-1 2.43627E-1 2.46516E-1 2.45952E-1 2.37544E-1 2.33747E-1 2.38889E-1 2.39831E-1 2.38431E-1 2.3559E-1 2.35478E-1 2.37035E-1 2.38943E-1 2.38945E-1 2.36221E-1 2.41684E-1 2.43052E-1 2.41145E-1 2.448E-1 2.453E-1 2.37692E-1 2.35585E-1
2.87263E-1 2.88659E-1 2.94768E-1 3.04071E-1 3.29913E-1 3.67055E-1 3.57852E-1 3.52416E-1 3.55633E-1 3.47238E-1 3.38139E-1 3.22517E-1 3.16559E-1 3.44513E-1 3.42467E-1 2.93527E-1 3.19403E-1 4.34302E-1 4.74021E-1 4.22281E-1 3.01125E-1 2.24801E-1 2.15225E-1 2.20922E-1 2.15877E-1 2.37423E-1 3.61514E-1 3.68578E-1 3.0618E-1 2.85432E-1 2.97432E-1 2.71668E-1 2.57742E-1 2.5107E-1 2.55896E-1 2.60781E-1 2.51603E-1 2.45053E-1 2.48108E-1 2.45596E-1 2.43834E-1 2.45133E-1 2.45263E-1 2.43482E-1 2.40133E-1 2.40532E-1 2.45599E-1 2.41293E-1 2.37964E-1 2.34358E-1 2.34993E-1 2.45263E-1 2.50687E-1 2.50842E-1 2.49823E-1 2.50186E-1 2.48318E-1 2.55103E-1 2.49265E-1 2.4433E-1 2.44148E-1
2.90163E-1 2.94799E-1 3.00645E-1 2.96817E-1 2.88341E-1 2.98308E-1 3.46374E-1 3.38537E-1 3.25207E-1 3.17047E-1 3.29696E-1 3.09676E-1 2.93872E-1 3.27416E-1 3.14906E-1 3.11994E-1 3.13031E-1 3.71752E-1 4.70412E-1 4.14605E-1 3.4169E-1 2.57071E-1 2.28015E-1 2.28059E-1 2.19337E-1 2.48114E-1 3.86989E-1 3.36595E-1 3.00302E-1 2.80673E-1 2.82148E-1 2.81249E-1 2.66276E-1 2.57123E-1 2.55932E-1 2.55661E-1 2.7192E-1 2.63473E-1 2.63468E-1 2.64274E-1 2.51592E-1 2.47233E-1 2.48336E-1 2.52728E-1 2.49644E-1 2.52065E-1 2.60253E-1 2.53933E-1 2.47952E-1 2.43249E-1 2.42681E-1 2.53658E-1 2.60468E-1 2.61944E-1 2.63922E-1 2.63255E-1 2.65916E-1 2.64592E-1 2.50304E-1 2.4787E-1 2.48913E-1
3.00139E-1 3.1367E-1 3.24406E-1 3.32126E-1 2.91906E-1 2.81007E-1 2.97759E-1 3.25243E-1 3.15378E-1 3.07165E-1 3.17744E-1 3.17208E-1 3.23007E-1 3.0823E-1 3.04643E-1 3.08119E-1 3.01721E-1 3.13721E-1 3.34741E-1 4.08714E-1 3.59703E-1 2.86062E-1 2.37961E-1 2.22439E-1 2.50645E-1 3.54037E-1 3.93248E-1 3.18523E-1 2.92905E-1 2.85795E-1 2.78487E-1 2.47841E-1 2.44572E-1 2.46422E-1 2.67528E-1 2.7936E-1 2.62987E-1 2.6318E-1 2.65511E-1 2.62321E-1 2.5752E-1 2.59418E-1 2.63688E-1 2.60282E-1 2.62664E-1 2.67899E-1 2.68697E-1 2.59027E-1 2.49887E-1 2.50472E-1 2.52708E-1 2.5864E-1 2.6665E-1 2.64794E-1 2.62885E-1 2.71498E-1 2.7819E-1 2.77621E-1 2.67542E-1 2.59109E-1 2.51236E-1
3.05011E-1 3.18411E-1 3.64714E-1 3.46541E-1 2.99862E-1 2.77578E-1 2.80648E-1 2.91595E-1 3.0474E-1 3.06566E-1 3.12123E-1 3.06796E-1 3.16317E-1 2.89036E-1 2.95973E-1 2.8712E-1 3.2186E-1 3.11337E-1 2.89813E-1 4.00914E-1 3.63035E-1 3.1201E-1 2.47551E-1 2.43453E-1 2.96583E-1 4.13932E-1 3.49138E-1 3.13778E-1 2.76574E-1 2.62126E-1 2.53353E-1 2.20406E-1 2.27423E-1 2.27742E-1 2.4325E-1 2.51479E-1 2.44789E-1 2.50164E-1 2.55484E-1 2.61068E-1 2.61777E-1 2.67554E-1 2.63012E-1 2.6154E-1 2.64089E-1 2.64745E-1 2.61453E-1 2.53452E-1 2.52018E-1 2.54899E-1 2.59653E-1 2.63591E-1 2.62714E-1 2.65992E-1 2.64034E-1 2.67462E-1 2.77108E-1 2.79352E-1 2.75052E-1 2.71343E-1 2.61825E-1
2.87306E-1 3.08872E-1 3.53302E-1 3.16664E-1 3.05286E-1 2.73054E-1 2.75889E-1 2.90444E-1 3.0632E-1 3.02464E-1 3.1269E-1 3.12854E-1 3.08275E-1 2.84963E-1 2.91047E-1 2.71452E-1 2.92919E-1 2.91326E-1 2.70528E-1 3.42903E-1 3.78714E-1 3.29694E-1 2.56933E-1 2.4608E-1 3.30059E-1 4.5272E-1 3.25105E-1 3.2653E-1 2.75194E-1 2.39501E-1 2.14196E-1 2.23495E-1 2.36807E-1 2.36139E-1 2.2906E-1 2.34334E-1 2.38401E-1 2.52726E-1 2.65544E-1 2.64442E-1 2.62116E-1 2.62289E-1 2.6299E-1 2.74681E-1 2.70513E-1 2.7274E-1 2.66032E-1 2.55362E-1 2.47666E-1 2.52677E-1 2.67649E-1 2.67534E-1 2.65299E-1 2.62434E-1 2.54882E-1 2.61157E-1 2.71747E-1 2.77573E-1 2.80674E-1 2.77387E-1 2.73544E-1
2.86877E-1 3.0735E-1 3.19828E-1 3.72615E-1 3.31885E-1 2.88078E-1 2.76942E-1 2.84168E-1 2.95744E-1 2.98978E-1 3.01764E-1 3.01817E-1 2.95093E-1 2.66298E-1 2.73708E-1 2.78801E-1 3.10275E-1 3.2062E-1 2.87133E-1 3.29238E-1 3.59724E-1 3.05239E-1 2.65121E-1 2.41985E-1 2.76575E-1 3.5665E-1 3.15519E-1 3.38857E-1 2.53003E-1 2.26487E-1 2.10411E-1 2.14347E-1 2.23622E-1 2.27913E-1 2.26138E-1 2.34614E-1 2.4132E-1 2.5123E-1 2.5639E-1 2.66402E-1 2.68146E-1 2.66153E-1 2.71435E-1 2.75683E-1 2.77728E-1 2.75871E-1 2.64524E-1 2.61169E-1 2.62536E-1 2.65127E-1 2.71943E-1 2.75094E-1 2.62738E-1 2.54832E-1 2.43046E-1 2.46121E-1 2.55902E-1 2.63563E-1 2.82431E-1 2.89628E-1 2.77512E-1
2.91487E-1 3.06823E-1 3.10293E-1 3.28197E-1 3.34204E-1 2.92951E-1 2.74868E-1 2.83753E-1 2.86628E-1 2.87148E-1 2.96494E-1 2.80167E-1 2.70623E-1 2.50817E-1 2.47593E-1 2.61746E-1 2.82314E-1 3.49303E-1 2.90471E-1 2.72603E-1 2.74684E-1 2.6766E-1 2.69217E-1 2.94573E-1 3.28299E-1 3.77685E-1 3.22744E-1 3.00975E-1 2.65775E-1 2.43256E-1 2.21379E-1 2.15747E-1 2.14091E-1 2.22569E-1 2.31137E-1 2.29315E-1 2.41797E-1 2.51853E-1 2.5507E-1 2.58582E-1 2.56536E-1 2.57498E-1 2.63489E-1 2.72194E-1 2.78837E-1 2.75607E-1 2.73326E-1 2.71968E-1 2.7286E-1 2.71576E-1 2.79036E-1 2.75169E-1 2.6779E-1 2.58074E-1 2.46783E-1 2.40871E-1 2.39397E-1 2.55714E-1 2.74706E-1 2.8862E-1 2.83612E-1
2.81989E-1 3.10768E-1 3.1047E-1 2.89356E-1 3.3062E-1 3.09329E-1 2.78385E-1 2.85113E-1 2.88555E-1 2.92029E-1 2.8969E-1 2.75892E-1 2.57847E-1 2.48581E-1 2.40991E-1 2.52843E-1 3.35162E-1 3.80164E-1 3.67797E-1 3.78746E-1 3.07446E-1 2.7059E-1 2.96661E-1 3.0708E-1 3.96651E-1 3.31534E-1 3.02861E-1 2.67163E-1 2.52566E-1 2.41003E-1 2.37237E-1 2.44359E-1 2.31354E-1 2.31593E-1 2.37733E-1 2.54156E-1 2.48125E-1 2.47842E-1 2.54804E-1 2.45822E-1 2.56361E-1 2.57375E-1 2.56614E-1 2.61454E-1 2.73848E-1 2.84432E-1 2.74757E-1 2.79074E-1 2.72874E-1 2.7456E-1 2.74595E-1 2.77608E-1 2.74568E-1 2.66446E-1 2.56556E-1 2.46379E-1 2.47622E-1 2.55383E-1 2.64285E-1 2.69002E-1 2.66941E-1
