maxent_outputs/red_flowers_troch_bombus_environ/red_48.asc
ncols         426
nrows         180
xllcorner     -130.0
yllcorner     24.0
cellsize      0.16666666666666666
NODATA_value  -9999
[rows 0 to 26 of 180, columns 61 to 121 of 426]
3.226E-2 3.38453E-2 4.29368E-2 4.42558E-2 4.07798E-2 4.09954E-2 3.99354E-2 3.80695E-2 3.71856E-2 3.62024E-2 3.43179E-2 3.10398E-2 3.02428E-2 2.99324E-2 2.77409E-2 2.70154E-2 2.78492E-2 2.75775E-2 2.80216E-2 2.60775E-2 2.53313E-2 2.48394E-2 2.40057E-2 2.17943E-2 2.28181E-2 2.36595E-2 2.22091E-2 1.72771E-2 1.60932E-2 1.50148E-2 1.489E-2 1.57948E-2 1.79862E-2 1.70009E-2 1.71752E-2 1.6105E-2 1.59501E-2 1.47738E-2 1.55657E-2 1.59518E-2 1.50594E-2 1.59669E-2 1.56108E-2 1.61406E-2 1.62039E-2 1.59374E-2 1.63531E-2 1.6108E-2 1.58297E-2 1.5194E-2 1.46232E-2 1.52264E-2 1.46033E-2 1.43432E-2 1.44232E-2 1.38848E-2 1.39151E-2 1.36906E-2 1.39251E-2 1.35082E-2 1.45122E-2
3.16265E-2 3.25618E-2 3.9003E-2 3.74514E-2 3.81744E-2 4.07607E-2 4.01133E-2 3.9737E-2 3.72655E-2 3.6401E-2 3.54365E-2 3.38553E-2 3.26309E-2 3.1733E-2 3.04476E-2 2.96576E-2 2.86587E-2 2.75556E-2 2.67923E-2 2.683E-2 2.57083E-2 2.2038E-2 1.91106E-2 1.75421E-2 1.74576E-2 1.70642E-2 2.02571E-2 1.72485E-2 1.69702E-2 1.78074E-2 1.94155E-2 1.98008E-2 2.09329E-2 1.77984E-2 1.96975E-2 1.87168E-2 1.51323E-2 1.56171E-2 1.55556E-2 1.64924E-2 1.77176E-2 1.87282E-2 2.01101E-2 1.74653E-2 1.75137E-2 1.71819E-2 1.60574E-2 1.61055E-2 1.57687E-2 1.55606E-2 1.53542E-2 1.50572E-2 1.46552E-2 1.42505E-2 1.41326E-2 1.38281E-2 1.32277E-2 1.31796E-2 1.3038E-2 1.26005E-2 1.28839E-2
3.13873E-2 3.1293E-2 3.28399E-2 3.4493E-2 3.23858E-2 3.36808E-2 3.52454E-2 3.60418E-2 3.72497E-2 3.76761E-2 3.33614E-2 3.39025E-2 3.31535E-2 3.27724E-2 2.70443E-2 2.73734E-2 2.88244E-2 2.84552E-2 2.73247E-2 2.42453E-2 2.29326E-2 2.18577E-2 2.11105E-2 2.12227E-2 2.00492E-2 2.05039E-2 1.9825E-2 1.6719E-2 1.60323E-2 1.68322E-2 2.02537E-2 2.20176E-2 2.15447E-2 2.03649E-2 2.13591E-2 2.04865E-2 1.86076E-2 2.24616E-2 2.29748E-2 2.11529E-2 1.99492E-2 2.1088E-2 2.05831E-2 1.79388E-2 1.6664E-2 1.74586E-2 1.65757E-2 1.58969E-2 1.63262E-2 1.58912E-2 1.56272E-2 1.53233E-2 1.55055E-2 1.46993E-2 1.4133E-2 1.3766E-2 1.33504E-2 1.32574E-2 1.29619E-2 1.2311E-2 1.18109E-2
3.00368E-2 3.14075E-2 3.17452E-2 3.17495E-2 3.2328E-2 3.11245E-2 3.15864E-2 3.37076E-2 3.52436E-2 3.88124E-2 3.62954E-2 3.0613E-2 2.90901E-2 2.63861E-2 2.65472E-2 2.72521E-2 2.83726E-2 2.74277E-2 2.66565E-2 2.4323E-2 2.62694E-2 2.60637E-2 2.42668E-2 2.38184E-2 2.36752E-2 2.2936E-2 2.29688E-2 2.05646E-2 1.98338E-2 1.78562E-2 1.67107E-2 1.87626E-2 2.26617E-2 1.95872E-2 1.94229E-2 1.72356E-2 1.90276E-2 1.99321E-2 2.01999E-2 1.92964E-2 2.17059E-2 2.17429E-2 2.16386E-2 2.11372E-2 1.71321E-2 1.66685E-2 1.66241E-2 1.58391E-2 1.60022E-2 1.61757E-2 1.62058E-2 1.60458E-2 1.54119E-2 1.45977E-2 1.42255E-2 1.39322E-2 1.35427E-2 1.40928E-2 1.36323E-2 1.29332E-2 1.22489E-2
3.4638E-2 3.22034E-2 3.02651E-2 3.24325E-2 3.01239E-2 2.90297E-2 3.16414E-2 3.32078E-2 3.63461E-2 3.45561E-2 3.62876E-2 3.14435E-2 2.95461E-2 2.82846E-2 2.75371E-2 2.91121E-2 2.8911E-2 2.81855E-2 2.78544E-2 2.47951E-2 2.62764E-2 2.64121E-2 2.59148E-2 2.4886E-2 2.26291E-2 2.21418E-2 2.06319E-2 2.01594E-2 1.81728E-2 1.8706E-2 1.90116E-2 2.03891E-2 2.16922E-2 2.20355E-2 2.1476E-2 2.05027E-2 2.02301E-2 1.98159E-2 1.87937E-2 1.74778E-2 1.79747E-2 1.9986E-2 2.04567E-2 2.01734E-2 1.91949E-2 1.85805E-2 1.79835E-2 1.65564E-2 1.64396E-2 1.71186E-2 1.67891E-2 1.73156E-2 1.59677E-2 1.55489E-2 1.51086E-2 1.47866E-2 1.46302E-2 1.46559E-2 1.44184E-2 1.38201E-2 1.2815E-2
3.3627E-2 3.37384E-2 3.3423E-2 3.04872E-2 3.34851E-2 2.7477E-2 2.80136E-2 2.93671E-2 3.05434E-2 3.34639E-2 3.33531E-2 3.39083E-2 3.39174E-2 3.31294E-2 3.15432E-2 2.94457E-2 2.98767E-2 3.03218E-2 2.86525E-2 2.75229E-2 2.75492E-2 2.65117E-2 2.59594E-2 2.55355E-2 2.44175E-2 2.29658E-2 2.38506E-2 2.26072E-2 2.18735E-2 2.08099E-2 2.12294E-2 2.16989E-2 2.20573E-2 2.30435E-2 2.47508E-2 2.40082E-2 2.29838E-2 2.15796E-2 2.00117E-2 1.89854E-2 1.85336E-2 1.70377E-2 1.72781E-2 1.84941E-2 1.79714E-2 1.74078E-2 1.74937E-2 1.63876E-2 1.64927E-2 1.75168E-2 1.74369E-2 1.70945E-2 1.51907E-2 1.48237E-2 1.49399E-2 1.48856E-2 1.48327E-2 1.42548E-2 1.3953E-2 1.33992E-2 1.31756E-2
3.47695E-2 3.38873E-2 3.2882E-2 3.52369E-2 3.4426E-2 3.11543E-2 3.02389E-2 3.02975E-2 3.10438E-2 3.34337E-2 3.04628E-2 3.38262E-2 3.13892E-2 3.12264E-2 3.12478E-2 3.31767E-2 3.10846E-2 2.96467E-2 2.83977E-2 2.83537E-2 2.75106E-2 2.59757E-2 2.55702E-2 2.58697E-2 2.46906E-2 2.31463E-2 2.43221E-2 2.4907E-2 2.5302E-2 2.04795E-2 2.2883E-2 2.17181E-2 2.19878E-2 2.16672E-2 2.3454E-2 2.24014E-2 2.16639E-2 2.21218E-2 2.10651E-2 1.99685E-2 1.99357E-2 1.84618E-2 1.86101E-2 1.74943E-2 1.61846E-2 1.60716E-2 1.65914E-2 1.58164E-2 1.56181E-2 1.71991E-2 1.76135E-2 1.70782E-2 1.54859E-2 1.50719E-2 1.49045E-2 1.42978E-2 1.48707E-2 1.35023E-2 1.28736E-2 1.29699E-2 1.2886E-2
3.46405E-2 3.64668E-2 3.5836E-2 3.29467E-2 3.3823E-2 3.28641E-2 3.30275E-2 3.41625E-2 3.50621E-2 3.04742E-2 3.14503E-2 2.9703E-2 2.8994E-2 2.74461E-2 3.03398E-2 3.29516E-2 3.30911E-2 3.07195E-2 2.87264E-2 2.7173E-2 2.59119E-2 2.61826E-2 2.57632E-2 2.59683E-2 2.52783E-2 2.55501E-2 2.54346E-2 2.54048E-2 2.55276E-2 2.5044E-2 2.45397E-2 2.14966E-2 1.99363E-2 1.88934E-2 2.20212E-2 2.23195E-2 2.08695E-2 2.13895E-2 2.15386E-2 2.18095E-2 2.19494E-2 2.04586E-2 2.02593E-2 2.07442E-2 1.93423E-2 1.83346E-2 1.7832E-2 1.68007E-2 1.68358E-2 1.61085E-2 1.60971E-2 1.65734E-2 1.55591E-2 1.49323E-2 1.46164E-2 1.53885E-2 1.46194E-2 1.33428E-2 1.35412E-2 1.29715E-2 1.34937E-2
3.19178E-2 3.25775E-2 3.37236E-2 3.67907E-2 3.38815E-2 3.17847E-2 3.21188E-2 3.23805E-2 2.76638E-2 2.61776E-2 3.10465E-2 2.76024E-2 2.77727E-2 2.63231E-2 2.42391E-2 2.51751E-2 2.89229E-2 2.89127E-2 3.05028E-2 3.0714E-2 2.84435E-2 2.73557E-2 2.6094E-2 2.51282E-2 2.52669E-2 2.44569E-2 2.55561E-2 2.60347E-2 2.49166E-2 2.45759E-2 2.33238E-2 2.11644E-2 1.74116E-2 1.97617E-2 2.19726E-2 2.29981E-2 2.08419E-2 2.21395E-2 2.2593E-2 2.25221E-2 2.25237E-2 2.23356E-2 2.13209E-2 2.12938E-2 2.03376E-2 2.03447E-2 1.91449E-2 1.7786E-2 1.71677E-2 1.78075E-2 1.77087E-2 1.7915E-2 1.73816E-2 1.62022E-2 1.5732E-2 1.59626E-2 1.57021E-2 1.47579E-2 1.56908E-2 1.54032E-2 1.49728E-2
3.42113E-2 3.58652E-2 3.58968E-2 3.30775E-2 3.32773E-2 3.44865E-2 3.27356E-2 3.41533E-2 3.27546E-2 2.63365E-2 2.62952E-2 2.41289E-2 2.6219E-2 2.6048E-2 2.43851E-2 2.37266E-2 2.53626E-2 2.98894E-2 2.81718E-2 3.14943E-2 2.94049E-2 2.69475E-2 2.61796E-2 2.57725E-2 2.54777E-2 2.51676E-2 2.58462E-2 2.61871E-2 2.60805E-2 2.2381E-2 1.69343E-2 1.81549E-2 1.85692E-2 2.14841E-2 2.1539E-2 2.13751E-2 2.11085E-2 2.2373E-2 2.25222E-2 2.28472E-2 2.2532E-2 2.4273E-2 2.24515E-2 2.13992E-2 1.99951E-2 2.04852E-2 2.1831E-2 2.01399E-2 1.86286E-2 1.7004E-2 1.74067E-2 1.73318E-2 1.71145E-2 1.64819E-2 1.53759E-2 1.58853E-2 1.46195E-2 1.46129E-2 1.41974E-2 1.39794E-2 1.49179E-2
3.38624E-2 3.52398E-2 3.516E-2 3.19804E-2 3.5881E-2 3.24719E-2 3.33943E-2 3.40499E-2 3.21308E-2 2.60337E-2 2.75115E-2 2.40377E-2 2.49233E-2 2.50282E-2 2.47166E-2 2.43984E-2 2.37913E-2 2.36898E-2 2.60287E-2 3.01742E-2 2.90184E-2 2.86704E-2 2.82397E-2 2.75648E-2 2.62265E-2 2.60663E-2 2.61908E-2 2.62105E-2 2.53668E-2 2.34416E-2 2.11022E-2 1.97657E-2 1.81801E-2 1.54858E-2 1.99811E-2 2.03899E-2 2.24727E-2 2.35862E-2 2.33057E-2 2.28587E-2 2.2759E-2 2.25307E-2 2.21313E-2 2.19091E-2 2.10473E-2 1.97186E-2 1.98965E-2 2.03965E-2 2.06209E-2 1.86035E-2 1.54922E-2 1.64304E-2 1.7486E-2 1.69329E-2 1.67877E-2 1.6682E-2 1.62545E-2 1.56161E-2 1.55747E-2 1.49874E-2 1.59172E-2
3.29061E-2 3.26164E-2 3.20236E-2 3.12664E-2 3.39729E-2 3.31262E-2 2.93379E-2 3.19862E-2 3.31596E-2 3.06766E-2 3.04246E-2 2.47063E-2 2.47484E-2 2.45206E-2 2.40519E-2 2.44072E-2 2.46624E-2 2.49057E-2 2.61605E-2 2.76576E-2 2.94349E-2 2.92833E-2 2.9606E-2 2.8735E-2 2.68864E-2 2.67999E-2 2.6556E-2 2.52305E-2 2.4532E-2 2.4581E-2 2.40719E-2 2.35396E-2 2.2339E-2 2.05995E-2 2.00678E-2 2.21402E-2 2.26961E-2 2.297E-2 2.33779E-2 2.27311E-2 2.28928E-2 2.26447E-2 2.23678E-2 2.16328E-2 1.97926E-2 1.91996E-2 2.09331E-2 1.73845E-2 1.60893E-2 1.63328E-2 1.58686E-2 1.42886E-2 1.54118E-2 1.58629E-2 1.4988E-2 1.56544E-2 1.57465E-2 1.61465E-2 1.62034E-2 1.65937E-2 1.67964E-2
3.48518E-2 3.22155E-2 3.23587E-2 3.24241E-2 3.19756E-2 3.28201E-2 3.11373E-2 3.28932E-2 3.27125E-2 3.20945E-2 3.05524E-2 3.10034E-2 2.61044E-2 2.41714E-2 2.11679E-2 2.36622E-2 2.35951E-2 2.48762E-2 2.44929E-2 2.75546E-2 2.62308E-2 2.53859E-2 2.8521E-2 2.97923E-2 2.85015E-2 2.81956E-2 2.84307E-2 2.7875E-2 2.55114E-2 2.48075E-2 2.48553E-2 2.37425E-2 2.43017E-2 2.41545E-2 2.39202E-2 2.31574E-2 2.17028E-2 2.1205E-2 2.01961E-2 1.97924E-2 2.08342E-2 2.10977E-2 1.86198E-2 2.12431E-2 1.96564E-2 1.80366E-2 1.98371E-2 1.84084E-2 1.81697E-2 1.49178E-2 1.31591E-2 1.30358E-2 1.34889E-2 1.1682E-2 1.32393E-2 1.44258E-2 1.36652E-2 1.39046E-2 1.44495E-2 1.53635E-2 1.56878E-2
3.20412E-2 3.29511E-2 3.1831E-2 3.22739E-2 3.37243E-2 3.58171E-2 3.16714E-2 3.3206E-2 3.34785E-2 2.96296E-2 2.79122E-2 2.83109E-2 2.79883E-2 2.65056E-2 2.49993E-2 2.36598E-2 2.21049E-2 2.34911E-2 2.32876E-2 2.43073E-2 2.36344E-2 2.35739E-2 2.86876E-2 2.9151E-2 2.94854E-2 2.8897E-2 2.89987E-2 2.87815E-2 2.68223E-2 2.65271E-2 2.55379E-2 2.51295E-2 2.3927E-2 2.3111E-2 2.30236E-2 2.12174E-2 2.15933E-2 2.06758E-2 2.08456E-2 1.99298E-2 1.88636E-2 2.05714E-2 1.83138E-2 1.91089E-2 2.00054E-2 1.97343E-2 1.87658E-2 1.87446E-2 2.00222E-2 1.5867E-2 1.35621E-2 1.28594E-2 1.40686E-2 1.29945E-2 1.25548E-2 1.51342E-2 1.5107E-2 1.35751E-2 1.30272E-2 1.35859E-2 1.342E-2
3.3639E-2 3.42091E-2 3.52997E-2 3.24604E-2 3.42696E-2 3.46464E-2 3.55069E-2 3.23461E-2 3.49097E-2 3.33589E-2 3.21964E-2 2.85661E-2 3.06716E-2 3.01561E-2 2.77714E-2 2.43634E-2 2.47982E-2 2.16472E-2 2.08265E-2 2.2718E-2 2.22324E-2 2.21908E-2 2.21506E-2 2.83792E-2 2.88483E-2 2.87616E-2 2.99436E-2 2.93845E-2 2.90454E-2 2.70302E-2 2.73611E-2 2.63526E-2 2.53655E-2 2.4191E-2 2.52493E-2 2.36647E-2 2.2566E-2 2.14007E-2 2.11973E-2 2.09648E-2 2.07065E-2 2.02178E-2 1.82534E-2 1.74385E-2 2.06775E-2 2.27522E-2 2.25863E-2 1.92406E-2 2.02252E-2 1.8165E-2 1.45423E-2 1.40017E-2 1.32577E-2 1.42674E-2 1.43303E-2 1.46412E-2 1.46727E-2 1.41765E-2 1.45868E-2 1.42954E-2 1.34536E-2
3.45384E-2 3.38519E-2 3.84286E-2 3.34085E-2 3.37105E-2 3.29493E-2 3.41568E-2 3.58339E-2 3.54204E-2 3.6912E-2 3.2783E-2 3.14332E-2 3.13265E-2 3.07247E-2 3.00874E-2 2.97431E-2 2.6426E-2 2.6991E-2 2.43593E-2 2.14527E-2 2.29143E-2 2.39967E-2 2.33975E-2 2.35805E-2 2.58447E-2 2.81921E-2 3.0886E-2 3.00797E-2 3.0795E-2 2.97258E-2 2.91553E-2 2.80147E-2 2.6597E-2 2.65296E-2 2.65415E-2 2.64688E-2 2.35653E-2 2.1871E-2 2.08554E-2 2.06858E-2 2.09211E-2 2.14507E-2 2.1173E-2 1.94264E-2 1.8593E-2 2.14496E-2 2.27232E-2 2.17199E-2 1.96529E-2 1.81123E-2 1.42766E-2 1.48322E-2 1.54937E-2 1.57708E-2 1.43154E-2 1.51641E-2 1.53557E-2 1.45274E-2 1.40626E-2 1.44213E-2 1.44403E-2
3.50905E-2 3.78869E-2 3.83873E-2 3.6951E-2 3.35687E-2 3.8958E-2 3.61287E-2 4.04031E-2 3.54542E-2 3.53649E-2 3.58087E-2 3.42376E-2 3.24403E-2 3.26897E-2 2.98274E-2 3.01788E-2 2.98073E-2 2.80216E-2 2.83279E-2 2.46332E-2 2.38351E-2 2.21536E-2 2.30168E-2 2.49418E-2 2.53446E-2 2.63709E-2 2.93827E-2 3.05974E-2 3.06672E-2 3.16766E-2 3.12267E-2 2.97068E-2 2.77802E-2 2.72329E-2 2.69338E-2 2.75185E-2 2.72431E-2 2.52765E-2 2.35318E-2 2.23018E-2 2.09856E-2 2.16761E-2 2.19071E-2 2.23285E-2 2.25745E-2 2.14591E-2 2.08951E-2 1.92878E-2 1.63222E-2 1.41278E-2 1.31472E-2 1.37701E-2 1.55673E-2 1.74252E-2 1.48202E-2 1.54093E-2 1.54661E-2 1.33998E-2 1.42272E-2 1.47063E-2 1.44647E-2
4.07003E-2 4.30597E-2 3.3583E-2 3.41912E-2 3.75089E-2 4.51964E-2 3.54814E-2 3.49754E-2 3.87764E-2 3.48524E-2 3.56705E-2 3.4963E-2 3.56785E-2 3.00126E-2 3.08267E-2 2.96031E-2 2.99435E-2 2.92121E-2 2.66746E-2 2.54797E-2 2.26961E-2 2.24318E-2 2.13277E-2 2.29866E-2 2.44148E-2 2.79327E-2 2.85846E-2 2.85222E-2 3.06748E-2 3.32997E-2 3.22743E-2 2.99449E-2 2.73663E-2 3.04609E-2 3.38055E-2 2.9593E-2 2.61393E-2 2.43113E-2 2.43483E-2 2.42644E-2 2.20523E-2 2.09776E-2 2.02439E-2 2.17842E-2 2.28185E-2 2.20325E-2 1.99963E-2 1.61418E-2 1.43945E-2 1.40809E-2 1.23627E-2 1.20974E-2 1.18148E-2 1.3219E-2 1.47153E-2 1.58306E-2 1.75353E-2 1.44273E-2 1.32147E-2 1.3663E-2 1.44945E-2
3.78582E-2 4.64875E-2 4.95382E-2 4.69993E-2 4.76396E-2 4.22667E-2 3.68134E-2 3.58814E-2 3.74778E-2 3.6968E-2 3.88324E-2 3.66244E-2 3.45587E-2 3.24521E-2 3.37364E-2 2.96229E-2 3.18191E-2 2.95871E-2 2.96205E-2 2.48595E-2 2.50285E-2 2.63322E-2 2.32022E-2 2.26046E-2 2.37806E-2 2.267E-2 2.58524E-2 2.96224E-2 2.96349E-2 3.19133E-2 3.20767E-2 3.12069E-2 3.02786E-2 2.73271E-2 2.89208E-2 2.64068E-2 2.30828E-2 2.33205E-2 2.41877E-2 2.32832E-2 2.31085E-2 2.22892E-2 2.2498E-2 2.26683E-2 2.33388E-2 2.28324E-2 2.13462E-2 1.88619E-2 1.85846E-2 1.73468E-2 1.65646E-2 1.86312E-2 1.96627E-2 1.83235E-2 1.67979E-2 1.78259E-2 1.88509E-2 1.59195E-2 1.55631E-2 1.59785E-2 1.50424E-2
4.13431E-2 3.78645E-2 4.01217E-2 5.08454E-2 4.7242E-2 4.22791E-2 3.9742E-2 4.05037E-2 3.90588E-2 3.96183E-2 3.62208E-2 4.22088E-2 3.92719E-2 3.57875E-2 3.3931E-2 3.17941E-2 3.02332E-2 3.18057E-2 2.87793E-2 3.05874E-2 2.69542E-2 2.5707E-2 2.80366E-2 2.53278E-2 2.36224E-2 2.38267E-2 2.34664E-2 2.73397E-2 2.95666E-2 3.20592E-2 3.34801E-2 3.27714E-2 2.98421E-2 2.64321E-2 2.68203E-2 2.72829E-2 2.50183E-2 2.46911E-2 2.57544E-2 2.4218E-2 2.48657E-2 2.48143E-2 2.37558E-2 2.44781E-2 2.41917E-2 2.3845E-2 2.32842E-2 2.36382E-2 2.29344E-2 2.32794E-2 2.28379E-2 2.25902E-2 2.20684E-2 2.07489E-2 2.09383E-2 1.92311E-2 1.62951E-2 1.67664E-2 1.86827E-2 1.71457E-2 1.65343E-2
3.66229E-2 3.56254E-2 3.85148E-2 4.24214E-2 4.36502E-2 4.18748E-2 4.71905E-2 4.09659E-2 3.60967E-2 4.00591E-2 3.74755E-2 4.55402E-2 3.97941E-2 3.71259E-2 3.62834E-2 3.44675E-2 2.965E-2 3.14116E-2 2.77603E-2 2.97511E-2 3.05841E-2 2.66529E-2 2.7215E-2 2.81682E-2 2.5227E-2 2.45892E-2 2.36274E-2 2.54248E-2 2.5027E-2 3.01431E-2 3.40215E-2 3.2554E-2 3.14256E-2 2.87587E-2 2.91784E-2 2.8106E-2 2.47034E-2 2.26147E-2 2.27559E-2 2.38461E-2 2.58088E-2 2.62453E-2 2.5016E-2 2.49083E-2 2.52681E-2 2.45398E-2 2.3463E-2 2.39243E-2 2.38334E-2 2.26254E-2 2.00022E-2 2.09578E-2 2.23847E-2 2.16086E-2 2.08915E-2 1.91025E-2 1.84889E-2 1.92677E-2 1.87748E-2 1.76727E-2 1.67753E-2
3.77556E-2 3.73817E-2 4.33574E-2 4.62524E-2 3.95251E-2 3.99996E-2 4.45579E-2 3.79997E-2 3.90328E-2 3.85074E-2 3.62291E-2 4.93921E-2 3.92407E-2 3.94444E-2 3.71006E-2 3.407E-2 3.15112E-2 3.6332E-2 3.35198E-2 3.00845E-2 3.27073E-2 2.96795E-2 2.80997E-2 2.74551E-2 2.85098E-2 2.63377E-2 2.61924E-2 2.27343E-2 2.49117E-2 2.41006E-2 2.98262E-2 3.14787E-2 3.07978E-2 3.0506E-2 3.10075E-2 3.18719E-2 2.90824E-2 2.55726E-2 2.39108E-2 2.41863E-2 2.54204E-2 2.66182E-2 2.56278E-2 2.6022E-2 2.6577E-2 2.46524E-2 2.38339E-2 2.46412E-2 2.33646E-2 2.26292E-2 2.17408E-2 2.17464E-2 2.12335E-2 2.07618E-2 2.02069E-2 1.93359E-2 1.89407E-2 1.90007E-2 1.91657E-2 1.89142E-2 1.85187E-2
3.99482E-2 3.94297E-2 6.31794E-2 5.21252E-2 4.06107E-2 4.37099E-2 4.0117E-2 4.0321E-2 3.86592E-2 4.06562E-2 3.66201E-2 4.39457E-2 4.35404E-2 3.6749E-2 3.68932E-2 3.59987E-2 3.4856E-2 3.82513E-2 3.67107E-2 3.09925E-2 3.12075E-2 3.27654E-2 2.92988E-2 2.79691E-2 2.79737E-2 2.73326E-2 2.53301E-2 2.16447E-2 2.49096E-2 2.19195E-2 2.84926E-2 3.25657E-2 3.18956E-2 3.11171E-2 3.12771E-2 3.45714E-2 3.36131E-2 2.99983E-2 2.75799E-2 2.5886E-2 2.49777E-2 2.68876E-2 2.8387E-2 2.83186E-2 2.84433E-2 2.71008E-2 2.5516E-2 2.4055E-2 2.49672E-2 2.27535E-2 2.19038E-2 2.16823E-2 2.1027E-2 2.06556E-2 2.04293E-2 2.07353E-2 1.92159E-2 1.858E-2 1.8657E-2 1.89186E-2 1.8376E-2
3.64452E-2 4.03862E-2 6.57875E-2 3.60272E-2 3.40682E-2 3.8358E-2 3.83648E-2 3.50421E-2 3.7148E-2 3.82889E-2 3.89136E-2 4.30748E-2 3.92852E-2 3.89518E-2 4.11267E-2 3.82303E-2 3.66618E-2 4.13729E-2 3.59653E-2 3.17977E-2 3.23783E-2 3.52108E-2 3.04599E-2 2.68399E-2 2.87187E-2 2.62705E-2 2.59139E-2 2.66742E-2 2.53516E-2 2.13359E-2 2.50859E-2 3.30413E-2 3.29687E-2 3.25508E-2 3.46506E-2 3.45182E-2 3.38246E-2 3.2687E-2 3.11402E-2 2.86855E-2 2.76739E-2 2.89779E-2 3.01328E-2 2.93285E-2 2.83979E-2 2.87518E-2 2.80011E-2 2.56287E-2 2.58578E-2 2.43604E-2 2.24205E-2 2.25758E-2 2.2739E-2 2.31282E-2 2.38138E-2 2.27877E-2 2.008E-2 2.01281E-2 2.11802E-2 2.02862E-2 1.91505E-2
3.88611E-2 4.81062E-2 6.5751E-2 3.74694E-2 3.58335E-2 3.89887E-2 3.67467E-2 3.66929E-2 4.09465E-2 4.01435E-2 4.91724E-2 4.50322E-2 4.16865E-2 4.03956E-2 4.50427E-2 4.18858E-2 3.89788E-2 4.34057E-2 3.86554E-2 3.13348E-2 3.19006E-2 3.18143E-2 3.39969E-2 2.75032E-2 2.87546E-2 3.01205E-2 2.74762E-2 2.5991E-2 2.61776E-2 2.32032E-2 2.47497E-2 3.08043E-2 3.07563E-2 3.33294E-2 3.38036E-2 3.52551E-2 3.48186E-2 3.29696E-2 3.19921E-2 3.13989E-2 3.17334E-2 3.25877E-2 3.38092E-2 3.29339E-2 3.09616E-2 2.97484E-2 2.99851E-2 2.67087E-2 2.66045E-2 2.49998E-2 2.54836E-2 2.46146E-2 2.41205E-2 2.51709E-2 2.57566E-2 2.3416E-2 2.26576E-2 2.29533E-2 2.23936E-2 2.15465E-2 2.14652E-2
6.20498E-2 5.02615E-2 4.0513E-2 3.68784E-2 3.48573E-2 3.79507E-2 3.18883E-2 3.91288E-2 4.12253E-2 3.9337E-2 4.98186E-2 4.24607E-2 4.34876E-2 4.13316E-2 4.47193E-2 3.95218E-2 3.92092E-2 4.66117E-2 4.12327E-2 3.5459E-2 3.32351E-2 3.47967E-2 3.32752E-2 2.57146E-2 2.84809E-2 3.06E-2 2.87618E-2 2.56306E-2 2.56282E-2 2.53044E-2 2.50305E-2 2.9718E-2 3.1313E-2 3.2472E-2 3.03779E-2 3.63636E-2 3.50297E-2 3.68431E-2 3.57901E-2 3.45975E-2 3.42561E-2 3.67653E-2 3.68742E-2 3.55394E-2 3.52113E-2 3.4023E-2 3.37156E-2 2.99481E-2 2.85856E-2 2.70476E-2 2.6087E-2 2.39907E-2 2.3308E-2 2.39347E-2 2.38367E-2 2.32795E-2 2.36731E-2 2.3512E-2 2.31133E-2 2.32902E-2 2.28555E-2
4.82652E-2 6.35034E-2 4.17744E-2 3.48806E-2 3.29409E-2 3.23463E-2 3.41268E-2 4.04023E-2 3.84676E-2 4.13146E-2 5.44169E-2 4.30786E-2 4.32959E-2 4.70606E-2 4.39343E-2 4.36949E-2 4.60307E-2 4.8499E-2 5.05185E-2 3.72161E-2 3.4707E-2 3.32193E-2 3.10702E-2 2.66769E-2 2.83099E-2 2.92004E-2 2.79759E-2 2.57419E-2 2.58978E-2 2.66008E-2 2.62529E-2 2.81333E-2 3.09083E-2 3.45884E-2 3.50089E-2 3.5882E-2 3.64816E-2 3.48745E-2 3.61444E-2 3.62512E-2 3.47303E-2 3.58978E-2 3.5083E-2 3.52455E-2 3.48829E-2 3.46117E-2 3.40863E-2 3.18874E-2 2.8435E-2 2.77946E-2 2.60209E-2 2.49607E-2 2.35773E-2 2.19928E-2 2.09844E-2 1.91957E-2 1.97989E-2 2.07629E-2 2.23252E-2 2.24048E-2 2.21823E-2
