maxent_outputs/red_flowers_troch_bombus_environ/red_215.asc
ncols         426
nrows         180
xllcorner     -130.0
yllcorner     24.0
cellsize      0.16666666666666666
NODATA_value  -9999
[rows 54 to 80 of 180, columns 183 to 243 of 426]
1.61265E-1 1.66289E-1 1.69669E-1 1.6564E-1 1.62541E-1 1.61006E-1 1.58098E-1 1.57143E-1 1.59851E-1 1.60777E-1 1.61219E-1 1.61622E-1 1.59517E-1 1.57857E-1 1.51781E-1 1.59247E-1 1.68694E-1 1.72953E-1 1.78775E-1 1.80232E-1 1.73519E-1 1.72467E-1 1.83284E-1 1.99162E-1 1.95211E-1 1.92023E-1 1.75648E-1 1.67403E-1 1.65302E-1 1.70611E-1 1.75097E-1 1.8049E-1 1.82878E-1 1.86392E-1 1.9029E-1 1.98566E-1 1.98246E-1 1.99195E-1 2.00314E-1 1.95232E-1 1.98465E-1 1.91577E-1 1.95381E-1 1.93649E-1 1.95052E-1 1.91634E-1 1.92067E-1 1.8312E-1 1.79065E-1 1.83341E-1 1.88732E-1 1.87452E-1 1.91613E-1 1.96169E-1 2.02533E-1 2.03022E-1 2.05005E-1 2.05881E-1 2.13269E-1 2.14314E-1 2.14335E-1
1.60273E-1 1.62775E-1 1.64349E-1 1.63609E-1 1.61925E-1 1.63251E-1 1.58604E-1 1.60756E-1 1.60251E-1 1.61392E-1 1.62124E-1 1.63334E-1 1.60407E-1 1.55333E-1 1.53509E-1 1.5942E-1 1.68123E-1 1.74706E-1 1.84238E-1 1.86932E-1 1.85142E-1 1.82554E-1 1.86688E-1 1.97269E-1 2.00466E-1 1.8783E-1 1.775E-1 1.6751E-1 1.71855E-1 1.80075E-1 1.80161E-1 1.76773E-1 1.77759E-1 1.83157E-1 1.82235E-1 1.86236E-1 1.974E-1 1.99686E-1 1.96008E-1 2.00539E-1 2.0179E-1 2.05666E-1 2.00206E-1 1.98544E-1 1.9871E-1 1.95758E-1 1.99443E-1 1.95067E-1 1.90407E-1 1.92571E-1 2.0076E-1 2.09125E-1 2.07761E-1 2.03841E-1 2.04291E-1 2.08219E-1 2.0918E-1 2.14515E-1 2.2079E-1 2.27148E-1 2.28172E-1
1.67491E-1 1.66375E-1 1.67379E-1 1.64947E-1 1.65839E-1 1.64846E-1 1.64339E-1 1.6316E-1 1.65148E-1 1.62978E-1 1.64282E-1 1.66173E-1 1.65471E-1 1.58942E-1 1.61366E-1 1.57377E-1 1.61925E-1 1.70495E-1 1.78177E-1 1.81509E-1 1.88587E-1 1.91421E-1 1.94033E-1 1.95166E-1 1.95031E-1 1.91958E-1 1.87176E-1 1.79053E-1 1.78107E-1 1.78671E-1 1.80374E-1 1.75756E-1 1.77119E-1 1.8051E-1 1.81532E-1 1.88929E-1 1.95165E-1 1.98626E-1 2.00951E-1 2.02318E-1 2.04206E-1 2.05155E-1 2.07838E-1 2.04656E-1 2.05789E-1 2.05648E-1 2.08836E-1 2.08131E-1 2.03816E-1 1.98113E-1 2.02273E-1 2.08385E-1 2.15643E-1 2.07517E-1 2.08278E-1 2.11328E-1 2.12032E-1 2.16745E-1 2.25702E-1 2.29168E-1 2.29674E-1
1.65173E-1 1.64678E-1 1.67821E-1 1.66723E-1 1.67058E-1 1.66725E-1 1.65223E-1 1.65914E-1 1.6787E-1 1.65553E-1 1.65505E-1 1.68982E-1 1.67853E-1 1.63802E-1 1.59213E-1 1.55008E-1 1.54555E-1 1.60276E-1 1.685E-1 1.71514E-1 1.79243E-1 1.85972E-1 1.89642E-1 1.92907E-1 1.92873E-1 1.9429E-1 1.89729E-1 1.87008E-1 1.838E-1 1.83334E-1 1.77948E-1 1.72784E-1 1.66284E-1 1.70687E-1 1.81026E-1 1.89034E-1 1.99699E-1 2.01659E-1 2.00447E-1 2.02018E-1 2.00418E-1 1.97622E-1 1.98135E-1 2.02821E-1 2.03818E-1 2.03378E-1 2.07906E-1 2.12132E-1 2.07532E-1 2.03234E-1 2.07481E-1 2.099E-1 2.18941E-1 2.22039E-1 2.1874E-1 2.17165E-1 2.20613E-1 2.25703E-1 2.29372E-1 2.26008E-1 2.26988E-1
1.59286E-1 1.59134E-1 1.59313E-1 1.64255E-1 1.67664E-1 1.70645E-1 1.70487E-1 1.70408E-1 1.70246E-1 1.67807E-1 1.67211E-1 1.72574E-1 1.77278E-1 1.67306E-1 1.63276E-1 1.5216E-1 1.52226E-1 1.55398E-1 1.61916E-1 1.70432E-1 1.74947E-1 1.81398E-1 1.88202E-1 1.90992E-1 1.92428E-1 1.91551E-1 1.8889E-1 1.87876E-1 1.83924E-1 1.80663E-1 1.77138E-1 1.73454E-1 1.70323E-1 1.72265E-1 1.83003E-1 1.91495E-1 1.96203E-1 2.01063E-1 1.98888E-1 1.95422E-1 1.9891E-1 1.96872E-1 1.9542E-1 1.97556E-1 1.98509E-1 2.01471E-1 2.06981E-1 2.11971E-1 2.08452E-1 2.10628E-1 2.11652E-1 2.1574E-1 2.22024E-1 2.27269E-1 2.18825E-1 2.2363E-1 2.32108E-1 2.34086E-1 2.32425E-1 2.29488E-1 2.31267E-1
1.66096E-1 1.58719E-1 1.56438E-1 1.58334E-1 1.6289E-1 1.7475E-1 1.70536E-1 1.72468E-1 1.72318E-1 1.70548E-1 1.69845E-1 1.69839E-1 1.73083E-1 1.71544E-1 1.66663E-1 1.60269E-1 1.58346E-1 1.58168E-1 1.60618E-1 1.66243E-1 1.72108E-1 1.79156E-1 1.85442E-1 1.89157E-1 1.89365E-1 1.88139E-1 1.89232E-1 1.88114E-1 1.82755E-1 1.82754E-1 1.77507E-1 1.74125E-1 1.74992E-1 1.74033E-1 1.80754E-1 1.86758E-1 1.91907E-1 1.96237E-1 1.98294E-1 1.92667E-1 1.95409E-1 1.93949E-1 1.95429E-1 1.96927E-1 2.02951E-1 2.093E-1 2.14196E-1 2.2133E-1 2.13773E-1 2.13354E-1 2.2119E-1 2.18008E-1 2.20601E-1 2.23714E-1 2.23965E-1 2.30777E-1 2.3534E-1 2.38432E-1 2.35739E-1 2.35993E-1 2.37748E-1
1.72778E-1 1.71998E-1 1.64407E-1 1.61978E-1 1.65084E-1 1.69878E-1 1.71341E-1 1.74869E-1 1.75521E-1 1.72759E-1 1.74356E-1 1.73252E-1 1.74921E-1 1.77873E-1 1.76489E-1 1.70034E-1 1.67378E-1 1.657E-1 1.66628E-1 1.66728E-1 1.73255E-1 1.76552E-1 1.81464E-1 1.80459E-1 1.84514E-1 1.83775E-1 1.85373E-1 1.85225E-1 1.85572E-1 1.84412E-1 1.78178E-1 1.78817E-1 1.75969E-1 1.75017E-1 1.76106E-1 1.81861E-1 1.87891E-1 1.9061E-1 1.92679E-1 1.8991E-1 1.89824E-1 1.92558E-1 1.95108E-1 2.01354E-1 2.05526E-1 2.09782E-1 2.17298E-1 2.27149E-1 2.329E-1 2.24599E-1 2.27484E-1 2.23553E-1 2.1823E-1 2.22605E-1 2.32623E-1 2.33943E-1 2.35327E-1 2.40885E-1 2.42914E-1 2.42591E-1 2.54786E-1
1.83403E-1 1.75508E-1 1.6994E-1 1.67001E-1 1.65889E-1 1.69817E-1 1.75932E-1 1.76095E-1 1.76807E-1 1.76214E-1 1.72958E-1 1.77807E-1 1.75134E-1 1.74962E-1 1.77517E-1 1.75548E-1 1.74315E-1 1.71074E-1 1.70723E-1 1.72566E-1 1.73541E-1 1.75404E-1 1.76585E-1 1.77314E-1 1.76471E-1 1.83806E-1 1.83118E-1 1.79714E-1 1.81944E-1 1.82067E-1 1.85077E-1 1.81204E-1 1.80617E-1 1.77071E-1 1.75424E-1 1.82107E-1 1.87748E-1 1.93643E-1 1.95778E-1 1.95114E-1 1.89653E-1 1.87992E-1 1.96832E-1 2.08085E-1 2.14273E-1 2.18135E-1 2.21691E-1 2.31125E-1 2.38435E-1 2.46152E-1 2.342E-1 2.24028E-1 2.19491E-1 2.28841E-1 2.29551E-1 2.29771E-1 2.34317E-1 2.4427E-1 2.42273E-1 2.4876E-1 2.61794E-1
1.91646E-1 1.86099E-1 1.79371E-1 1.72225E-1 1.7026E-1 1.73197E-1 1.74567E-1 1.80408E-1 1.79644E-1 1.77363E-1 1.77382E-1 1.75947E-1 1.78858E-1 1.81151E-1 1.79774E-1 1.80154E-1 1.8207E-1 1.77971E-1 1.74153E-1 1.70689E-1 1.72797E-1 1.74234E-1 1.7559E-1 1.76674E-1 1.76308E-1 1.75628E-1 1.79336E-1 1.74279E-1 1.74049E-1 1.84862E-1 1.93148E-1 1.91609E-1 1.86629E-1 1.81444E-1 1.8271E-1 1.84503E-1 1.90083E-1 1.97683E-1 1.9864E-1 2.02836E-1 1.9785E-1 1.9247E-1 1.94439E-1 2.05311E-1 2.15874E-1 2.14451E-1 2.10469E-1 2.21528E-1 2.39869E-1 2.6249E-1 2.50546E-1 2.13584E-1 2.23804E-1 2.36394E-1 2.35851E-1 2.38553E-1 2.46584E-1 2.46785E-1 2.42976E-1 2.55896E-1 2.72621E-1
1.9176E-1 1.97756E-1 1.85507E-1 1.80741E-1 1.70953E-1 1.72372E-1 1.741E-1 1.80619E-1 1.8172E-1 1.8143E-1 1.77977E-1 1.80154E-1 1.82743E-1 1.7944E-1 1.78563E-1 1.75653E-1 1.76937E-1 1.73661E-1 1.71101E-1 1.70267E-1 1.72939E-1 1.78416E-1 1.77464E-1 1.77126E-1 1.76065E-1 1.77773E-1 1.81092E-1 1.74077E-1 1.74816E-1 1.82753E-1 1.93252E-1 1.93102E-1 1.88006E-1 1.88916E-1 1.8591E-1 1.8716E-1 1.90625E-1 1.99467E-1 2.03558E-1 2.05518E-1 2.03779E-1 2.02463E-1 2.00621E-1 2.05284E-1 2.16728E-1 2.17367E-1 2.17206E-1 2.29308E-1 2.51927E-1 2.87876E-1 2.74035E-1 2.43023E-1 2.42451E-1 2.44589E-1 2.53032E-1 2.54764E-1 2.60418E-1 2.64079E-1 2.56724E-1 2.6195E-1 2.70974E-1
1.89746E-1 1.86281E-1 1.87218E-1 1.88532E-1 1.75996E-1 1.7408E-1 1.80567E-1 1.81034E-1 1.87774E-1 1.86728E-1 1.82476E-1 1.82472E-1 1.85281E-1 1.82198E-1 1.76105E-1 1.74219E-1 1.72175E-1 1.70952E-1 1.7281E-1 1.73305E-1 1.78944E-1 1.85752E-1 1.82193E-1 1.75383E-1 1.73755E-1 1.75182E-1 1.79469E-1 1.81957E-1 1.89548E-1 1.91426E-1 1.9185E-1 1.88719E-1 1.85714E-1 1.92192E-1 1.91584E-1 1.90049E-1 1.91912E-1 1.98533E-1 2.05047E-1 2.05578E-1 2.05869E-1 2.08224E-1 2.06927E-1 2.11152E-1 2.1657E-1 2.21011E-1 2.24915E-1 2.28463E-1 2.50324E-1 2.79124E-1 2.82092E-1 2.59213E-1 2.4776E-1 2.54513E-1 2.6451E-1 2.57793E-1 2.57364E-1 2.68363E-1 2.59042E-1 2.65398E-1 2.65981E-1
1.86198E-1 1.85674E-1 1.76954E-1 1.769E-1 1.84852E-1 1.8232E-1 1.84023E-1 1.89673E-1 1.88917E-1 1.88331E-1 1.91712E-1 1.94144E-1 1.88848E-1 1.86694E-1 1.78845E-1 1.71354E-1 1.70474E-1 1.68886E-1 1.73682E-1 1.7706E-1 1.84161E-1 1.85134E-1 1.79507E-1 1.70826E-1 1.74256E-1 1.77195E-1 1.78915E-1 1.85253E-1 1.92027E-1 1.92993E-1 1.88216E-1 1.8385E-1 1.85255E-1 1.90123E-1 1.96426E-1 1.93895E-1 1.94985E-1 1.94823E-1 1.98739E-1 2.02051E-1 1.99612E-1 2.04456E-1 2.15021E-1 2.1643E-1 2.25279E-1 2.27102E-1 2.33833E-1 2.3601E-1 2.43332E-1 2.59422E-1 2.57822E-1 2.51102E-1 2.47207E-1 2.52981E-1 2.64221E-1 2.71071E-1 2.74552E-1 2.71585E-1 2.71718E-1 2.69317E-1 2.85264E-1
1.86025E-1 1.838E-1 1.78231E-1 1.76971E-1 1.78235E-1 1.80543E-1 1.87621E-1 1.8802E-1 1.86863E-1 1.95203E-1 2.13488E-1 2.21922E-1 2.03909E-1 1.87728E-1 1.78347E-1 1.75687E-1 1.73119E-1 1.75545E-1 1.77442E-1 1.83694E-1 1.87269E-1 1.81981E-1 1.75874E-1 1.71619E-1 1.70131E-1 1.70888E-1 1.76298E-1 1.83228E-1 1.91836E-1 1.91455E-1 1.875E-1 1.85096E-1 1.8592E-1 1.84116E-1 1.82684E-1 1.89921E-1 1.90904E-1 1.92415E-1 1.97053E-1 1.94286E-1 1.99157E-1 2.03396E-1 2.18864E-1 2.26364E-1 2.25478E-1 2.30791E-1 2.39173E-1 2.40345E-1 2.42516E-1 2.43513E-1 2.46686E-1 2.35591E-1 2.32326E-1 2.38646E-1 2.51974E-1 2.70026E-1 2.7246E-1 2.74246E-1 2.69588E-1 2.70624E-1 2.73208E-1
1.9109E-1 1.85888E-1 1.84812E-1 1.82136E-1 1.83373E-1 1.8485E-1 1.88833E-1 1.87267E-1 1.89745E-1 2.09852E-1 2.27609E-1 2.36628E-1 2.18614E-1 1.9713E-1 1.87643E-1 1.8277E-1 1.8349E-1 1.85952E-1 1.86352E-1 1.90019E-1 1.88821E-1 1.83952E-1 1.77114E-1 1.72322E-1 1.69948E-1 1.72124E-1 1.73608E-1 1.83998E-1 1.88332E-1 1.92652E-1 1.92525E-1 1.88932E-1 1.88611E-1 1.87792E-1 1.86893E-1 1.87935E-1 1.9358E-1 1.99685E-1 1.95725E-1 1.9378E-1 1.99374E-1 2.05048E-1 2.1507E-1 2.22028E-1 2.31551E-1 2.31181E-1 2.2912E-1 2.36877E-1 2.37881E-1 2.42863E-1 2.44883E-1 2.42086E-1 2.37907E-1 2.46351E-1 2.48681E-1 2.63564E-1 2.72845E-1 2.70243E-1 2.69121E-1 2.75716E-1 2.79584E-1
1.91806E-1 1.8939E-1 1.86225E-1 1.81074E-1 1.84229E-1 1.8537E-1 1.85085E-1 1.84825E-1 1.9096E-1 2.06825E-1 2.31984E-1 2.43551E-1 2.23818E-1 1.93464E-1 1.85012E-1 1.85818E-1 1.91657E-1 1.90474E-1 1.96105E-1 1.9354E-1 1.90226E-1 1.8785E-1 1.87285E-1 1.82329E-1 1.73292E-1 1.72412E-1 1.75533E-1 1.82107E-1 1.91932E-1 1.93897E-1 1.93549E-1 1.90422E-1 1.9311E-1 1.93447E-1 1.8742E-1 1.90929E-1 1.94627E-1 2.03984E-1 2.01674E-1 2.03918E-1 2.06024E-1 2.06676E-1 2.11732E-1 2.19108E-1 2.31256E-1 2.34628E-1 2.29768E-1 2.31385E-1 2.30177E-1 2.36764E-1 2.40917E-1 2.51102E-1 2.6237E-1 2.57249E-1 2.58371E-1 2.70086E-1 2.71958E-1 2.73145E-1 2.74999E-1 2.76167E-1 2.8353E-1
1.91122E-1 1.90565E-1 1.90335E-1 1.8664E-1 1.84387E-1 1.82437E-1 1.81767E-1 1.85623E-1 1.86693E-1 1.93684E-1 2.11068E-1 2.08539E-1 2.07315E-1 1.94687E-1 1.8739E-1 1.87815E-1 1.92723E-1 1.98062E-1 2.0087E-1 1.9826E-1 1.95762E-1 1.92449E-1 1.91161E-1 1.87759E-1 1.83802E-1 1.83244E-1 1.84828E-1 1.9152E-1 1.91909E-1 1.91609E-1 1.90536E-1 1.95054E-1 1.97565E-1 1.94809E-1 1.89873E-1 1.88313E-1 1.98195E-1 2.03539E-1 2.06979E-1 2.07373E-1 2.11113E-1 2.13576E-1 2.16441E-1 2.2737E-1 2.35258E-1 2.34343E-1 2.39466E-1 2.36607E-1 2.34364E-1 2.45497E-1 2.52298E-1 2.60657E-1 2.69265E-1 2.78058E-1 2.75125E-1 2.78892E-1 2.87049E-1 2.80616E-1 2.78265E-1 2.81786E-1 2.82192E-1
1.86743E-1 1.83728E-1 1.84334E-1 1.83987E-1 1.81721E-1 1.8102E-1 1.79561E-1 1.81471E-1 1.84969E-1 1.90092E-1 1.93721E-1 1.91129E-1 1.92387E-1 1.93693E-1 1.90968E-1 1.95282E-1 1.90817E-1 1.9261E-1 2.05055E-1 2.00976E-1 1.97158E-1 2.01986E-1 1.93886E-1 1.94332E-1 1.94644E-1 1.9143E-1 1.98263E-1 2.00346E-1 1.98642E-1 1.97173E-1 1.99153E-1 1.97132E-1 1.99828E-1 1.97696E-1 1.91616E-1 1.90589E-1 1.94075E-1 2.00902E-1 2.10547E-1 2.13587E-1 2.17392E-1 2.18995E-1 2.28047E-1 2.32451E-1 2.37863E-1 2.39893E-1 2.4172E-1 2.46E-1 2.46438E-1 2.47376E-1 2.64737E-1 2.75035E-1 2.80496E-1 2.81374E-1 2.8141E-1 2.84001E-1 2.98804E-1 2.98351E-1 2.94373E-1 2.88853E-1 2.85405E-1
1.79577E-1 1.8091E-1 1.83792E-1 1.83701E-1 1.82575E-1 1.79771E-1 1.76729E-1 1.80513E-1 1.83322E-1 1.86668E-1 1.87237E-1 1.86612E-1 1.87663E-1 1.89925E-1 1.86976E-1 1.90528E-1 1.91353E-1 1.92062E-1 1.95384E-1 2.03122E-1 1.9872E-1 2.04208E-1 2.02701E-1 2.03231E-1 2.06692E-1 2.09232E-1 2.03971E-1 2.04036E-1 2.07544E-1 2.10406E-1 2.13942E-1 2.04343E-1 1.99534E-1 2.00854E-1 1.92543E-1 1.95338E-1 1.96992E-1 2.04521E-1 2.12259E-1 2.26207E-1 2.2452E-1 2.27385E-1 2.3334E-1 2.37461E-1 2.39392E-1 2.46157E-1 2.44105E-1 2.42268E-1 2.52504E-1 2.62007E-1 2.69306E-1 2.73767E-1 2.7374E-1 2.74337E-1 2.79861E-1 2.962E-1 3.06006E-1 3.05486E-1 3.03144E-1 2.93992E-1 2.90288E-1
1.80376E-1 1.79062E-1 1.80723E-1 1.84515E-1 1.86393E-1 1.80759E-1 1.79266E-1 1.78318E-1 1.8356E-1 1.83271E-1 1.82608E-1 1.82718E-1 1.84188E-1 1.83524E-1 1.85328E-1 1.86065E-1 1.90933E-1 1.96089E-1 2.00003E-1 2.08475E-1 2.10697E-1 2.14022E-1 2.09369E-1 2.12811E-1 2.13644E-1 2.13285E-1 2.12799E-1 2.14638E-1 2.13978E-1 2.16231E-1 2.16103E-1 2.09446E-1 1.94626E-1 1.9785E-1 1.97928E-1 2.07803E-1 2.11453E-1 2.17816E-1 2.18572E-1 2.28565E-1 2.31309E-1 2.39289E-1 2.44421E-1 2.46207E-1 2.45348E-1 2.3984E-1 2.42681E-1 2.53199E-1 2.65187E-1 2.77846E-1 2.78419E-1 2.75026E-1 2.77141E-1 2.74124E-1 2.85781E-1 3.03337E-1 3.14452E-1 3.13785E-1 3.08886E-1 3.01185E-1 2.97795E-1
1.86348E-1 1.84696E-1 1.85581E-1 1.87973E-1 1.91221E-1 1.87505E-1 1.80249E-1 1.79628E-1 1.80918E-1 1.82084E-1 1.80918E-1 1.849E-1 1.83744E-1 1.86773E-1 1.84742E-1 1.88182E-1 1.92667E-1 1.96024E-1 2.05053E-1 2.15519E-1 2.12436E-1 2.16676E-1 2.18904E-1 2.12427E-1 2.10577E-1 2.13847E-1 2.19601E-1 2.20418E-1 2.23651E-1 2.27315E-1 2.21187E-1 2.11368E-1 2.04701E-1 2.08473E-1 2.20511E-1 2.27814E-1 2.38988E-1 2.42885E-1 2.38925E-1 2.35617E-1 2.46438E-1 2.45546E-1 2.44419E-1 2.46696E-1 2.42391E-1 2.44737E-1 2.54388E-1 2.70156E-1 2.75079E-1 2.90636E-1 2.88818E-1 2.82917E-1 2.82669E-1 2.8707E-1 2.99432E-1 3.12415E-1 3.17622E-1 3.18813E-1 3.12392E-1 3.04134E-1 2.95016E-1
1.84743E-1 1.88243E-1 1.87307E-1 1.90777E-1 1.91511E-1 1.88922E-1 1.82468E-1 1.82421E-1 1.80163E-1 1.83217E-1 1.85752E-1 1.86497E-1 1.86038E-1 1.83679E-1 1.86058E-1 1.89781E-1 1.94578E-1 2.01286E-1 2.10125E-1 2.13285E-1 2.14461E-1 2.17354E-1 2.17198E-1 2.17196E-1 2.11122E-1 2.12305E-1 2.22092E-1 2.29069E-1 2.2986E-1 2.33533E-1 2.30139E-1 2.23125E-1 2.22881E-1 2.25098E-1 2.34867E-1 2.56933E-1 2.77118E-1 3.02674E-1 2.92239E-1 2.58865E-1 2.53881E-1 2.54552E-1 2.46618E-1 2.44382E-1 2.46715E-1 2.52042E-1 2.5989E-1 2.74828E-1 2.81866E-1 2.86425E-1 2.92037E-1 2.89572E-1 2.90287E-1 2.89167E-1 3.06887E-1 3.15122E-1 3.18143E-1 3.12603E-1 3.12758E-1 3.07257E-1 3.02904E-1
1.82132E-1 1.85044E-1 1.90659E-1 1.93745E-1 1.92573E-1 1.86186E-1 1.8484E-1 1.84238E-1 1.87881E-1 1.89236E-1 1.93916E-1 1.89856E-1 1.86871E-1 1.89502E-1 1.91704E-1 1.96932E-1 1.93666E-1 2.03896E-1 2.11215E-1 2.08437E-1 2.20307E-1 2.26937E-1 2.20834E-1 2.1719E-1 2.11769E-1 2.17699E-1 2.22684E-1 2.27788E-1 2.31998E-1 2.34035E-1 2.32951E-1 2.29786E-1 2.31392E-1 2.35088E-1 2.4408E-1 2.57667E-1 3.16872E-1 4.25708E-1 4.5389E-1 3.13728E-1 2.7827E-1 2.62107E-1 2.48034E-1 2.44213E-1 2.51878E-1 2.60081E-1 2.71882E-1 2.81746E-1 2.86075E-1 2.91242E-1 2.94921E-1 3.02856E-1 2.96149E-1 2.96268E-1 3.01982E-1 3.13918E-1 3.22942E-1 3.251E-1 3.23633E-1 3.10515E-1 3.09418E-1
1.78941E-1 1.7987E-1 1.87765E-1 1.9119E-1 1.85067E-1 1.82306E-1 1.84505E-1 1.90652E-1 1.91968E-1 1.94128E-1 1.95375E-1 1.91392E-1 1.90398E-1 1.93121E-1 1.96362E-1 1.94291E-1 1.88137E-1 1.86478E-1 2.01093E-1 2.10193E-1 2.20745E-1 2.33147E-1 2.23807E-1 2.13069E-1 2.13045E-1 2.19135E-1 2.2717E-1 2.34014E-1 2.3673E-1 2.40872E-1 2.38639E-1 2.39627E-1 2.38917E-1 2.41675E-1 2.43852E-1 2.62528E-1 3.17361E-1 4.71576E-1 5.66502E-1 3.89451E-1 3.03501E-1 2.6296E-1 2.50823E-1 2.45742E-1 2.58573E-1 2.70971E-1 2.78777E-1 2.8953E-1 2.89506E-1 2.94808E-1 3.03413E-1 3.08874E-1 3.15695E-1 3.17831E-1 3.20045E-1 3.28881E-1 3.36778E-1 3.37317E-1 3.29732E-1 3.26106E-1 3.30178E-1
1.74375E-1 1.74844E-1 1.76051E-1 1.77489E-1 1.85163E-1 1.82908E-1 1.86677E-1 1.91903E-1 1.97725E-1 1.98886E-1 1.97151E-1 1.96038E-1 1.94782E-1 1.9458E-1 1.94636E-1 1.96768E-1 1.94132E-1 1.92453E-1 2.00914E-1 2.14145E-1 2.21328E-1 2.24274E-1 2.2031E-1 2.14554E-1 2.17458E-1 2.19438E-1 2.3083E-1 2.38197E-1 2.4516E-1 2.43617E-1 2.41247E-1 2.49297E-1 2.47262E-1 2.4722E-1 2.42163E-1 2.53402E-1 2.81608E-1 3.5307E-1 3.98444E-1 3.43663E-1 2.86439E-1 2.65746E-1 2.48833E-1 2.55044E-1 2.67353E-1 2.82814E-1 2.95814E-1 2.96668E-1 2.96348E-1 3.03513E-1 3.2055E-1 3.32909E-1 3.36801E-1 3.45445E-1 3.43087E-1 3.43562E-1 3.55144E-1 3.44214E-1 3.40392E-1 3.41974E-1 3.54498E-1
1.72302E-1 1.77158E-1 1.77671E-1 1.78458E-1 1.77038E-1 1.78427E-1 1.89371E-1 1.9846E-1 1.94812E-1 1.96891E-1 2.0076E-1 2.02888E-1 1.97607E-1 1.94934E-1 1.96026E-1 2.02703E-1 2.05722E-1 2.04871E-1 2.05325E-1 2.15446E-1 2.18842E-1 2.22294E-1 2.30349E-1 2.17894E-1 2.15522E-1 2.25244E-1 2.32196E-1 2.44859E-1 2.44684E-1 2.40549E-1 2.4188E-1 2.39774E-1 2.49506E-1 2.49556E-1 2.52968E-1 2.55333E-1 2.59733E-1 2.90212E-1 3.0853E-1 2.96815E-1 2.77238E-1 2.63583E-1 2.61377E-1 2.66473E-1 2.74132E-1 2.90429E-1 3.0238E-1 3.1149E-1 3.145E-1 3.1269E-1 3.31291E-1 3.49832E-1 3.63274E-1 3.65117E-1 3.47242E-1 3.52505E-1 3.60601E-1 3.6432E-1 3.62152E-1 3.66186E-1 3.77944E-1
1.79239E-1 1.80644E-1 1.78292E-1 1.76166E-1 1.78275E-1 1.80663E-1 1.87009E-1 1.88196E-1 1.91714E-1 1.95642E-1 1.97591E-1 2.03727E-1 1.96492E-1 1.92589E-1 1.96923E-1 2.03013E-1 2.10847E-1 2.22357E-1 2.18674E-1 2.14882E-1 2.2285E-1 2.31128E-1 2.28429E-1 2.22289E-1 2.2004E-1 2.2843E-1 2.36442E-1 2.44071E-1 2.44078E-1 2.40932E-1 2.42651E-1 2.39217E-1 2.45828E-1 2.58074E-1 2.63005E-1 2.69107E-1 2.69546E-1 2.7888E-1 2.85066E-1 2.68267E-1 2.63149E-1 2.65634E-1 2.67022E-1 2.72794E-1 2.79496E-1 2.93125E-1 3.00697E-1 3.04283E-1 3.17557E-1 3.2194E-1 3.48188E-1 3.60114E-1 3.62911E-1 3.50874E-1 3.35578E-1 3.4779E-1 3.70371E-1 3.90914E-1 3.93286E-1 3.99612E-1 3.99817E-1
1.79821E-1 1.78154E-1 1.78833E-1 1.78511E-1 1.76151E-1 1.76696E-1 1.80641E-1 1.83779E-1 1.87575E-1 1.88925E-1 1.93698E-1 1.96111E-1 1.9281E-1 1.92409E-1 1.96211E-1 2.01168E-1 2.06929E-1 2.14945E-1 2.23082E-1 2.23162E-1 2.26794E-1 2.28205E-1 2.31871E-1 2.29659E-1 2.28836E-1 2.33606E-1 2.43565E-1 2.4394E-1 2.47858E-1 2.46343E-1 2.5056E-1 2.51385E-1 2.54525E-1 2.6332E-1 2.68384E-1 2.86557E-1 2.98962E-1 3.06793E-1 2.98077E-1 2.84513E-1 2.89463E-1 2.8136E-1 2.82673E-1 2.75426E-1 2.8073E-1 2.95192E-1 3.06616E-1 3.11378E-1 3.2091E-1 3.344E-1 3.59396E-1 3.70839E-1 3.5641E-1 3.49201E-1 3.52727E-1 3.72739E-1 3.90782E-1 4.07929E-1 4.07898E-1 4.15719E-1 4.05718E-1
