maxent_outputs/red_flowers_troch_bombus_environ/red_192.asc
ncols         426
nrows         180
xllcorner     -130.0
yllcorner     24.0
cellsize      0.16666666666666666
NODATA_value  -9999
[rows 0 to 26 of 180, columns 244 to 304 of 426]
1.45851E-1 1.45514E-1 1.45777E-1 1.45486E-1 1.4666E-1 1.47648E-1 1.46722E-1 1.45853E-1 1.47433E-1 1.48457E-1 1.49838E-1 1.5117E-1 1.49618E-1 1.50115E-1 1.50662E-1 1.51734E-1 1.53942E-1 1.62291E-1 1.62907E-1 1.58651E-1 1.5759E-1 1.58307E-1 1.61942E-1 1.59239E-1 1.59617E-1 1.58773E-1 1.57875E-1 1.58975E-1 1.59827E-1 1.68487E-1 1.62338E-1 1.65906E-1 1.59161E-1 1.56307E-1 1.58126E-1 1.55589E-1 1.56427E-1 1.58574E-1 1.57993E-1 1.59835E-1 1.61811E-1 1.61512E-1 1.67937E-1 1.74943E-1 -9999 -9999 -9999 -9999 -9999 -9999 -9999 -9999 -9999 -9999 -9999 -9999 9.72807E-1 -9999 -9999 -9999 9.82748E-1
1.51143E-1 1.48569E-1 1.50485E-1 1.48696E-1 1.48737E-1 1.48846E-1 1.49948E-1 1.49241E-1 1.51892E-1 1.50256E-1 1.48485E-1 1.48944E-1 1.50497E-1 1.52441E-1 1.53003E-1 1.54883E-1 1.55007E-1 1.54825E-1 1.56308E-1 1.56305E-1 1.58541E-1 1.57914E-1 1.59793E-1 1.60114E-1 1.59526E-1 1.59854E-1 1.57169E-1 1.56237E-1 1.58559E-1 1.57277E-1 1.5565E-1 1.57871E-1 1.56559E-1 1.54072E-1 1.56967E-1 1.56241E-1 1.59522E-1 1.63291E-1 1.57641E-1 1.58878E-1 1.57112E-1 1.59125E-1 1.65078E-1 1.72901E-1 -9999 -9999 -9999 -9999 -9999 -9999 -9999 -9999 -9999 -9999 -9999 -9999 -9999 -9999 -9999 -9999 9.63645E-1
1.4915E-1 1.50366E-1 1.50523E-1 1.49471E-1 1.51829E-1 1.51851E-1 1.558E-1 1.55891E-1 1.55544E-1 1.52472E-1 1.50404E-1 1.51095E-1 1.51337E-1 1.52054E-1 1.51892E-1 1.52729E-1 1.54514E-1 1.56287E-1 1.58355E-1 1.57825E-1 1.58691E-1 1.58968E-1 1.60031E-1 1.60681E-1 1.60267E-1 1.60568E-1 1.58096E-1 1.58753E-1 1.58742E-1 1.59974E-1 1.61007E-1 1.5922E-1 1.5877E-1 1.59351E-1 1.59003E-1 1.58693E-1 1.55791E-1 1.54614E-1 1.57155E-1 1.58159E-1 1.572E-1 1.6051E-1 1.67218E-1 -9999 -9999 -9999 -9999 -9999 -9999 -9999 -9999 -9999 -9999 -9999 -9999 -9999 -9999 3.59542E-1 -9999 -9999 9.6328E-1
1.48889E-1 1.50147E-1 1.48876E-1 1.47512E-1 1.47154E-1 1.48008E-1 1.50571E-1 1.51739E-1 1.51157E-1 1.51483E-1 1.55722E-1 1.54652E-1 1.52514E-1 1.5319E-1 1.55496E-1 1.55737E-1 1.54501E-1 1.5534E-1 1.57085E-1 1.61056E-1 1.60824E-1 1.62691E-1 1.64671E-1 1.69989E-1 1.67133E-1 1.63852E-1 1.61264E-1 1.62115E-1 1.60397E-1 1.60325E-1 1.60514E-1 1.60131E-1 1.60364E-1 1.60191E-1 1.59413E-1 1.57191E-1 1.57411E-1 1.56396E-1 1.58016E-1 1.60587E-1 1.58161E-1 1.55792E-1 1.5943E-1 1.64329E-1 -9999 -9999 -9999 -9999 -9999 -9999 -9999 -9999 -9999 -9999 -9999 2.35202E-1 2.36153E-1 4.97679E-1 -9999 -9999 -9999
1.49456E-1 1.4907E-1 1.49838E-1 1.49946E-1 1.48182E-1 1.5135E-1 1.5167E-1 1.5109E-1 1.51359E-1 1.52402E-1 1.55267E-1 1.55956E-1 1.57125E-1 1.56424E-1 1.55658E-1 1.55786E-1 1.57734E-1 1.57638E-1 1.59238E-1 1.59119E-1 1.61781E-1 1.63982E-1 1.67633E-1 1.70842E-1 1.64652E-1 1.64446E-1 1.61563E-1 1.62155E-1 1.62191E-1 1.61229E-1 1.60596E-1 1.59153E-1 1.57725E-1 1.57828E-1 1.57669E-1 1.57745E-1 1.56739E-1 1.60561E-1 1.56511E-1 1.58181E-1 1.5737E-1 1.59002E-1 1.56669E-1 1.85279E-1 -9999 1.64279E-1 1.63757E-1 1.66991E-1 1.73544E-1 1.74677E-1 -9999 -9999 -9999 -9999 -9999 2.35483E-1 3.53273E-1 8.2572E-1 9.62349E-1 -9999 -9999
1.52333E-1 1.53576E-1 1.5076E-1 1.56654E-1 1.53844E-1 1.52801E-1 1.5425E-1 1.54506E-1 1.55111E-1 1.57674E-1 1.61382E-1 1.64052E-1 1.62735E-1 1.59253E-1 1.58797E-1 1.59164E-1 1.5685E-1 1.57342E-1 1.59893E-1 1.60686E-1 1.61929E-1 1.63989E-1 1.67432E-1 1.65645E-1 1.66148E-1 1.62786E-1 1.63505E-1 1.60914E-1 1.61348E-1 1.6056E-1 1.5871E-1 1.58208E-1 1.56838E-1 1.56905E-1 1.54631E-1 1.5447E-1 1.54378E-1 1.5478E-1 1.58187E-1 1.59057E-1 1.59999E-1 1.61285E-1 1.72254E-1 1.8204E-1 1.58518E-1 1.54725E-1 1.56998E-1 1.59103E-1 1.63079E-1 1.62109E-1 1.708E-1 4.47392E-1 -9999 -9999 -9999 -9999 2.56612E-1 2.21272E-1 -9999 -9999 -9999
1.61313E-1 1.62512E-1 1.53934E-1 1.52612E-1 1.55727E-1 1.55416E-1 1.57915E-1 1.57262E-1 1.62295E-1 1.61725E-1 1.62914E-1 1.70949E-1 1.66232E-1 1.60655E-1 1.61034E-1 1.60418E-1 1.58279E-1 1.59488E-1 1.60637E-1 1.61645E-1 1.6328E-1 1.63722E-1 1.61755E-1 1.65202E-1 1.65468E-1 1.65103E-1 1.62446E-1 1.62913E-1 1.61966E-1 1.5953E-1 1.59422E-1 1.59638E-1 1.57637E-1 1.59002E-1 1.55836E-1 1.54521E-1 1.55595E-1 1.54331E-1 1.57311E-1 1.558E-1 1.58347E-1 1.60244E-1 1.64125E-1 1.63513E-1 1.66264E-1 1.65097E-1 1.69259E-1 1.66544E-1 1.66748E-1 1.67174E-1 1.66678E-1 1.76839E-1 -9999 -9999 -9999 -9999 -9999 -9999 -9999 -9999 9.81194E-1
1.5399E-1 1.53609E-1 1.52939E-1 1.54786E-1 1.57281E-1 1.54886E-1 1.55102E-1 1.57217E-1 1.57484E-1 1.60257E-1 1.61625E-1 1.63372E-1 1.61421E-1 1.60973E-1 1.60525E-1 1.59982E-1 1.59516E-1 1.61657E-1 1.63345E-1 1.64634E-1 1.63908E-1 1.63582E-1 1.63547E-1 1.663E-1 1.65922E-1 1.63678E-1 1.63368E-1 1.65454E-1 1.63725E-1 1.61373E-1 1.58043E-1 1.56657E-1 1.56893E-1 1.57929E-1 1.5576E-1 1.55954E-1 1.55771E-1 1.51348E-1 1.53103E-1 1.54258E-1 1.56529E-1 1.56893E-1 1.57186E-1 1.61704E-1 1.74245E-1 -9999 -9999 -9999 1.79361E-1 1.76152E-1 1.72417E-1 1.77813E-1 -9999 -9999 -9999 -9999 -9999 -9999 -9999 -9999 9.74737E-1
1.54137E-1 1.54383E-1 1.53597E-1 1.5468E-1 1.55312E-1 1.54837E-1 1.5847E-1 1.60888E-1 1.63793E-1 1.62032E-1 1.64102E-1 1.64999E-1 1.64685E-1 1.61787E-1 1.63057E-1 1.64934E-1 1.62185E-1 1.6464E-1 1.65281E-1 1.66303E-1 1.651E-1 1.66622E-1 1.65934E-1 1.70944E-1 1.65959E-1 1.67871E-1 1.66111E-1 1.66377E-1 1.66547E-1 1.63918E-1 1.6215E-1 1.6095E-1 1.59161E-1 1.61126E-1 1.60613E-1 1.54706E-1 1.56818E-1 1.52652E-1 1.52469E-1 1.53154E-1 1.53805E-1 1.54635E-1 1.51027E-1 1.53955E-1 1.60427E-1 1.63631E-1 1.63251E-1 -9999 -9999 -9999 -9999 -9999 -9999 -9999 -9999 -9999 -9999 -9999 4.56405E-1 -9999 9.76562E-1
1.52354E-1 1.55614E-1 1.55967E-1 1.57783E-1 1.5646E-1 1.57568E-1 1.59474E-1 1.61335E-1 1.61849E-1 1.62779E-1 1.63318E-1 1.6328E-1 1.62331E-1 1.62451E-1 1.63078E-1 1.65993E-1 1.68977E-1 1.69838E-1 1.68595E-1 1.68834E-1 1.67028E-1 1.6586E-1 1.67928E-1 1.69513E-1 1.79068E-1 1.73503E-1 1.69341E-1 1.69767E-1 1.67685E-1 1.67057E-1 1.64163E-1 1.62237E-1 1.60932E-1 1.62776E-1 1.61115E-1 1.60319E-1 1.59674E-1 1.57305E-1 1.5387E-1 1.52898E-1 1.52931E-1 1.48831E-1 1.47298E-1 1.51386E-1 1.5208E-1 1.54839E-1 1.61627E-1 -9999 -9999 -9999 -9999 -9999 -9999 -9999 9.79086E-1 -9999 -9999 -9999 -9999 -9999 9.8127E-1
1.53565E-1 1.5573E-1 1.56151E-1 1.56416E-1 1.54932E-1 1.5819E-1 1.59825E-1 1.61286E-1 1.65955E-1 1.64833E-1 1.6579E-1 1.66253E-1 1.64604E-1 1.65675E-1 1.6678E-1 1.67985E-1 1.66469E-1 1.68029E-1 1.70444E-1 1.71333E-1 1.69569E-1 1.70628E-1 1.71062E-1 1.70069E-1 1.84303E-1 1.8802E-1 1.73429E-1 1.71369E-1 1.70164E-1 1.6919E-1 1.65847E-1 1.6347E-1 1.63736E-1 1.62007E-1 1.64283E-1 1.62115E-1 1.58813E-1 1.57345E-1 1.55372E-1 1.54897E-1 1.53897E-1 1.53524E-1 1.49873E-1 1.48073E-1 1.52793E-1 1.55936E-1 1.62444E-1 3.21411E-1 -9999 -9999 -9999 -9999 -9999 -9999 -9999 -9999 -9999 -9999 3.46896E-1 2.34993E-1 -9999
1.58129E-1 1.58511E-1 1.56875E-1 1.57376E-1 1.59402E-1 1.61712E-1 1.61115E-1 1.61448E-1 1.59941E-1 1.61901E-1 1.63848E-1 1.63553E-1 1.66101E-1 1.67877E-1 1.70092E-1 1.69374E-1 1.70093E-1 1.70651E-1 1.70801E-1 1.70537E-1 1.70867E-1 1.7118E-1 1.71515E-1 1.72395E-1 1.73721E-1 1.73854E-1 1.70841E-1 1.69509E-1 1.7073E-1 1.70334E-1 1.70502E-1 1.68561E-1 1.65838E-1 1.63486E-1 1.62735E-1 1.61913E-1 1.61979E-1 1.587E-1 1.5407E-1 1.57107E-1 1.53287E-1 1.50458E-1 1.50192E-1 1.49028E-1 1.4898E-1 1.47199E-1 1.53649E-1 1.61649E-1 1.65837E-1 1.73435E-1 1.77478E-1 -9999 -9999 -9999 -9999 -9999 -9999 -9999 2.08714E-1 2.03118E-1 2.10825E-1
1.56413E-1 1.57462E-1 1.57971E-1 1.62105E-1 1.64043E-1 1.61713E-1 1.63008E-1 1.63994E-1 1.61438E-1 1.62243E-1 1.64472E-1 1.67529E-1 1.68501E-1 1.69686E-1 1.70401E-1 1.73757E-1 1.71128E-1 1.7299E-1 1.73101E-1 1.73213E-1 1.72316E-1 1.73073E-1 1.74155E-1 1.7667E-1 1.77174E-1 1.73285E-1 1.73731E-1 1.72604E-1 1.72058E-1 1.71851E-1 1.69791E-1 1.66678E-1 1.6804E-1 1.66025E-1 1.65169E-1 1.65051E-1 1.62618E-1 1.59377E-1 1.5934E-1 1.60893E-1 1.57703E-1 1.53135E-1 1.5155E-1 1.50004E-1 1.4907E-1 1.49317E-1 1.51136E-1 1.54519E-1 1.5788E-1 1.64397E-1 1.72832E-1 1.83209E-1 -9999 -9999 -9999 -9999 -9999 -9999 2.01404E-1 1.92443E-1 2.43613E-1
1.61025E-1 1.60905E-1 1.63378E-1 1.65872E-1 1.64718E-1 1.64773E-1 1.64736E-1 1.66508E-1 1.67629E-1 1.70143E-1 1.69337E-1 1.71109E-1 1.70945E-1 1.70647E-1 1.74182E-1 1.74519E-1 1.77487E-1 1.7609E-1 1.75412E-1 1.75258E-1 1.75524E-1 1.76099E-1 1.75295E-1 1.76396E-1 1.75524E-1 1.74866E-1 1.76441E-1 1.76733E-1 1.77039E-1 1.75768E-1 1.73431E-1 1.71322E-1 1.71192E-1 1.68227E-1 1.67771E-1 1.67283E-1 1.64339E-1 1.65076E-1 1.61193E-1 1.5984E-1 1.57479E-1 1.5574E-1 1.53808E-1 1.51964E-1 1.53179E-1 1.54062E-1 1.54568E-1 1.54889E-1 1.58477E-1 1.62322E-1 1.66578E-1 1.72172E-1 1.80319E-1 -9999 -9999 -9999 -9999 -9999 -9999 -9999 2.86932E-1
1.61761E-1 1.62972E-1 1.67206E-1 1.68767E-1 1.6889E-1 1.66411E-1 1.65705E-1 1.66619E-1 1.69767E-1 1.71093E-1 1.69831E-1 1.72466E-1 1.72544E-1 1.74651E-1 1.75127E-1 1.78864E-1 1.81562E-1 1.78382E-1 1.78607E-1 1.78652E-1 1.79239E-1 1.80459E-1 1.82436E-1 1.79972E-1 1.7797E-1 1.81813E-1 1.80604E-1 1.8033E-1 1.77492E-1 1.77546E-1 1.7629E-1 1.72676E-1 1.72043E-1 1.75076E-1 1.71186E-1 1.70613E-1 1.70018E-1 1.66534E-1 1.62879E-1 1.62196E-1 1.61565E-1 1.59683E-1 1.57697E-1 1.5584E-1 1.56925E-1 1.58111E-1 1.58958E-1 1.59888E-1 1.61714E-1 1.64173E-1 1.6854E-1 1.72354E-1 1.79899E-1 1.85024E-1 -9999 -9999 -9999 -9999 2.00165E-1 2.03213E-1 2.0367E-1
1.62531E-1 1.66363E-1 1.70364E-1 1.70677E-1 1.70035E-1 1.71344E-1 1.70788E-1 1.70111E-1 1.73437E-1 1.75629E-1 1.73083E-1 1.76079E-1 1.76452E-1 1.81061E-1 1.80688E-1 1.82236E-1 1.83956E-1 1.83118E-1 1.81081E-1 1.79088E-1 1.7883E-1 1.82231E-1 1.91014E-1 1.85261E-1 1.82082E-1 1.83721E-1 1.83236E-1 1.83298E-1 1.80254E-1 1.80682E-1 1.82325E-1 1.78318E-1 1.78202E-1 1.75711E-1 1.73921E-1 1.73325E-1 1.69495E-1 1.66984E-1 1.66813E-1 1.63399E-1 1.6402E-1 1.61163E-1 1.59431E-1 1.59205E-1 1.57968E-1 1.61919E-1 1.64469E-1 1.67911E-1 1.67972E-1 1.70331E-1 1.77141E-1 1.8363E-1 1.81517E-1 1.88963E-1 -9999 -9999 -9999 1.99174E-1 1.98203E-1 1.93657E-1 1.98173E-1
1.68385E-1 1.70432E-1 1.72474E-1 1.74396E-1 1.73646E-1 1.72776E-1 1.76429E-1 1.77634E-1 1.78858E-1 1.82225E-1 1.83665E-1 1.83802E-1 1.83188E-1 1.84068E-1 1.83273E-1 1.84556E-1 1.81878E-1 1.83782E-1 1.8543E-1 1.86307E-1 1.83704E-1 1.84029E-1 1.85622E-1 1.8715E-1 1.89635E-1 1.9086E-1 1.84267E-1 1.84743E-1 1.85027E-1 1.84115E-1 1.82754E-1 1.81287E-1 1.78444E-1 1.79178E-1 1.76681E-1 1.75427E-1 1.73279E-1 1.73862E-1 1.70633E-1 1.66909E-1 1.70487E-1 1.67345E-1 1.64705E-1 1.62812E-1 1.63145E-1 1.64461E-1 1.69214E-1 1.72953E-1 1.72361E-1 1.7618E-1 1.81098E-1 1.83379E-1 1.89546E-1 1.89546E-1 1.86237E-1 1.87458E-1 1.98626E-1 1.988E-1 1.98993E-1 1.96328E-1 1.96636E-1
1.72598E-1 1.72136E-1 1.73679E-1 1.76743E-1 1.76914E-1 1.79452E-1 1.80224E-1 1.818E-1 1.85169E-1 1.85401E-1 1.86543E-1 1.85969E-1 1.86183E-1 1.84978E-1 1.85391E-1 1.84337E-1 1.86584E-1 1.87482E-1 1.88264E-1 1.91535E-1 1.90012E-1 1.89725E-1 1.90133E-1 1.90183E-1 1.90465E-1 1.87765E-1 1.88921E-1 1.87435E-1 1.88953E-1 1.87516E-1 1.85082E-1 1.85324E-1 1.83492E-1 1.81968E-1 1.80162E-1 1.8001E-1 1.7869E-1 1.78455E-1 1.79586E-1 1.77291E-1 1.7156E-1 1.67323E-1 1.66164E-1 1.64704E-1 1.6498E-1 1.73942E-1 1.78612E-1 1.76709E-1 1.76864E-1 1.80854E-1 1.82791E-1 1.84353E-1 1.8122E-1 1.8306E-1 1.77731E-1 1.80865E-1 1.96721E-1 2.03878E-1 1.98793E-1 1.94409E-1 1.97411E-1
1.76024E-1 1.79526E-1 1.80894E-1 1.82551E-1 1.85686E-1 1.8677E-1 1.88056E-1 1.85274E-1 1.8506E-1 1.87603E-1 1.88123E-1 1.86699E-1 1.89561E-1 1.91695E-1 1.88599E-1 1.90149E-1 1.94912E-1 2.00859E-1 2.01891E-1 1.96986E-1 1.9484E-1 1.94418E-1 1.93971E-1 1.93431E-1 1.93933E-1 1.97008E-1 1.92912E-1 1.91198E-1 1.92942E-1 1.87798E-1 1.85513E-1 1.88255E-1 1.85499E-1 1.90868E-1 1.84616E-1 1.8162E-1 1.81561E-1 1.81087E-1 1.803E-1 1.77891E-1 1.75652E-1 1.75192E-1 1.71909E-1 1.714E-1 1.74727E-1 1.74935E-1 1.75366E-1 1.8216E-1 1.77122E-1 1.75159E-1 1.79502E-1 1.82477E-1 1.78644E-1 1.79028E-1 1.8038E-1 1.80104E-1 1.85919E-1 1.891E-1 1.8827E-1 1.88067E-1 1.92444E-1
1.78345E-1 1.8351E-1 1.82258E-1 1.84827E-1 1.89025E-1 1.87795E-1 1.94542E-1 1.91597E-1 1.87668E-1 1.84432E-1 1.85399E-1 1.85652E-1 1.89832E-1 1.96764E-1 1.96164E-1 1.95331E-1 2.03213E-1 2.01785E-1 2.0959E-1 2.09809E-1 2.05822E-1 2.02341E-1 2.02207E-1 1.98664E-1 2.00308E-1 2.02965E-1 2.02149E-1 2.00451E-1 1.98469E-1 1.9421E-1 1.89436E-1 1.9078E-1 1.91747E-1 1.92398E-1 1.90135E-1 1.88978E-1 1.86536E-1 1.84452E-1 1.83913E-1 1.83584E-1 1.81861E-1 1.82279E-1 1.7824E-1 1.7576E-1 1.75829E-1 1.74864E-1 1.74754E-1 1.77847E-1 1.75615E-1 1.7194E-1 1.76251E-1 1.76317E-1 1.80779E-1 1.84519E-1 1.87057E-1 1.90109E-1 1.85263E-1 1.85059E-1 1.84226E-1 1.85447E-1 1.9E-1
1.81343E-1 1.85112E-1 1.88496E-1 1.88666E-1 1.92613E-1 1.9431E-1 1.97269E-1 1.92602E-1 1.8836E-1 1.91137E-1 1.95747E-1 1.98157E-1 1.90662E-1 1.95811E-1 1.94439E-1 1.95976E-1 2.05803E-1 2.06363E-1 2.07311E-1 2.1015E-1 2.10386E-1 2.05208E-1 2.04862E-1 2.07377E-1 2.05241E-1 2.02078E-1 2.00567E-1 2.04191E-1 2.05883E-1 1.97567E-1 1.95272E-1 1.95379E-1 1.92439E-1 1.94298E-1 1.93285E-1 1.8982E-1 1.90392E-1 1.90662E-1 1.87967E-1 1.89943E-1 1.89934E-1 1.83714E-1 1.79855E-1 1.79499E-1 1.83312E-1 1.81088E-1 1.79868E-1 1.82669E-1 1.8418E-1 1.82749E-1 1.83014E-1 1.84675E-1 1.87324E-1 1.88282E-1 1.94945E-1 1.96774E-1 1.94461E-1 1.90924E-1 1.88632E-1 1.89481E-1 1.91851E-1
1.86316E-1 1.93938E-1 1.90716E-1 1.9127E-1 1.91842E-1 1.95956E-1 1.95597E-1 1.98708E-1 1.94874E-1 1.96723E-1 1.92817E-1 1.97952E-1 2.01798E-1 2.03177E-1 2.02711E-1 2.05483E-1 2.07551E-1 2.09308E-1 2.06158E-1 2.11191E-1 2.1355E-1 2.12436E-1 2.06346E-1 2.07492E-1 2.08318E-1 2.07829E-1 2.09289E-1 2.07201E-1 2.10748E-1 2.06495E-1 1.98013E-1 1.96764E-1 1.98862E-1 2.02322E-1 1.99321E-1 1.98155E-1 1.9898E-1 1.95502E-1 1.94874E-1 1.96743E-1 1.9387E-1 1.86847E-1 1.84873E-1 1.87001E-1 1.84518E-1 1.87292E-1 1.85298E-1 1.85811E-1 1.86879E-1 1.9018E-1 1.91115E-1 1.91625E-1 1.9369E-1 2.02226E-1 2.21398E-1 2.05613E-1 2.00849E-1 1.95705E-1 1.95749E-1 1.94895E-1 1.93017E-1
1.92578E-1 1.95727E-1 1.985E-1 2.1478E-1 2.40163E-1 2.30363E-1 2.11036E-1 2.02035E-1 1.99567E-1 1.97661E-1 1.92282E-1 1.92232E-1 1.97872E-1 1.9614E-1 2.04263E-1 2.08005E-1 2.2242E-1 2.14371E-1 2.16866E-1 2.14385E-1 2.19399E-1 2.21242E-1 2.18993E-1 2.18269E-1 2.17118E-1 2.16529E-1 2.13198E-1 2.11777E-1 2.08885E-1 2.08742E-1 2.06377E-1 2.07558E-1 2.06818E-1 2.0883E-1 2.09042E-1 2.09885E-1 2.10001E-1 2.02369E-1 1.98895E-1 1.98378E-1 1.97637E-1 1.93824E-1 1.90202E-1 1.93252E-1 1.89992E-1 1.90924E-1 1.96889E-1 1.9218E-1 1.91154E-1 1.96616E-1 1.98785E-1 1.98462E-1 2.05818E-1 2.10641E-1 2.13926E-1 2.04706E-1 2.02336E-1 2.04287E-1 2.04098E-1 1.98647E-1 1.98616E-1
1.96502E-1 2.03819E-1 2.28205E-1 2.78908E-1 2.64788E-1 2.75501E-1 2.66487E-1 2.22941E-1 2.06399E-1 2.00177E-1 1.96655E-1 2.07971E-1 1.95238E-1 1.93245E-1 2.03015E-1 2.04213E-1 2.16505E-1 2.11009E-1 2.19478E-1 2.23466E-1 2.22196E-1 2.27145E-1 2.28441E-1 2.32628E-1 2.27855E-1 2.25362E-1 2.15276E-1 2.16626E-1 2.16678E-1 2.1202E-1 2.14515E-1 2.18415E-1 2.14901E-1 2.15056E-1 2.1677E-1 2.16903E-1 2.19356E-1 2.20112E-1 2.15041E-1 2.09019E-1 2.05427E-1 2.03737E-1 2.06557E-1 2.07998E-1 2.05411E-1 2.03262E-1 2.00518E-1 1.96979E-1 2.00716E-1 2.017E-1 2.05042E-1 2.04941E-1 2.07095E-1 2.03748E-1 2.0595E-1 2.00347E-1 2.04163E-1 2.05876E-1 2.04491E-1 2.02193E-1 2.03181E-1
2.03864E-1 2.07596E-1 2.65077E-1 3.11814E-1 3.05547E-1 3.41787E-1 3.51502E-1 3.08783E-1 2.15322E-1 2.02069E-1 2.11088E-1 2.17698E-1 1.94638E-1 1.97553E-1 2.0122E-1 2.10161E-1 2.18548E-1 2.25873E-1 2.51455E-1 2.40114E-1 2.2868E-1 2.29595E-1 2.36059E-1 2.33624E-1 2.32357E-1 2.27992E-1 2.28006E-1 2.29493E-1 2.28259E-1 2.28121E-1 2.25005E-1 2.30766E-1 2.30007E-1 2.25665E-1 2.26478E-1 2.27659E-1 2.25468E-1 2.22612E-1 2.25295E-1 2.15206E-1 2.14744E-1 2.08446E-1 2.12657E-1 2.16396E-1 2.12817E-1 2.1511E-1 2.13049E-1 2.13005E-1 2.11188E-1 2.09479E-1 2.09325E-1 2.09062E-1 2.09218E-1 2.09933E-1 2.06971E-1 2.09462E-1 2.0779E-1 2.10887E-1 2.08407E-1 2.00614E-1 1.97522E-1
2.05867E-1 2.20526E-1 3.15959E-1 3.47307E-1 3.60318E-1 3.66655E-1 3.69754E-1 2.97124E-1 2.21541E-1 2.10811E-1 2.15106E-1 2.05799E-1 2.10434E-1 2.06203E-1 2.05906E-1 2.13669E-1 2.39894E-1 2.21809E-1 2.36359E-1 2.61341E-1 2.41021E-1 2.33707E-1 2.3207E-1 2.38817E-1 2.35489E-1 2.33814E-1 2.32393E-1 2.31276E-1 2.30459E-1 2.30306E-1 2.36733E-1 2.38586E-1 2.35938E-1 2.29267E-1 2.28502E-1 2.33669E-1 2.28536E-1 2.2461E-1 2.23975E-1 2.20102E-1 2.14368E-1 2.17043E-1 2.18991E-1 2.17761E-1 2.10359E-1 2.03184E-1 2.04778E-1 2.09171E-1 2.12156E-1 2.17491E-1 2.22535E-1 2.22323E-1 2.23832E-1 2.14094E-1 2.16752E-1 2.15615E-1 2.12752E-1 2.15776E-1 2.08927E-1 2.02789E-1 1.97002E-1
2.04737E-1 2.08416E-1 2.86156E-1 3.21607E-1 3.21591E-1 3.48071E-1 3.57407E-1 2.54999E-1 2.15065E-1 2.16079E-1 2.12819E-1 2.1047E-1 2.13787E-1 2.18099E-1 2.34496E-1 2.69639E-1 2.56051E-1 2.50179E-1 2.36745E-1 2.42442E-1 2.36717E-1 2.36753E-1 2.41443E-1 2.40022E-1 2.34379E-1 2.32383E-1 2.32449E-1 2.35793E-1 2.42495E-1 2.33072E-1 2.36864E-1 2.33592E-1 2.37142E-1 2.37715E-1 2.40148E-1 2.37017E-1 2.34177E-1 2.34066E-1 2.31084E-1 2.24339E-1 2.17984E-1 2.21483E-1 2.25368E-1 2.21412E-1 2.09743E-1 2.10583E-1 2.11419E-1 2.19114E-1 2.22494E-1 2.30165E-1 2.30512E-1 2.28625E-1 2.14299E-1 2.21256E-1 2.21351E-1 2.1624E-1 2.15458E-1 2.09748E-1 2.01633E-1 2.00782E-1 2.00697E-1
