maxent_outputs/red_flowers_troch_bombus_environ/red_233.asc
ncols         426
nrows         180
xllcorner     -130.0
yllcorner     24.0
cellsize      0.16666666666666666
NODATA_value  -9999
[rows 135 to 161 of 180, columns 122 to 182 of 426]
2.48874E-1 2.59693E-1 2.576E-1 2.48842E-1 2.14739E-1 2.31407E-1 2.49024E-1 2.591E-1 2.72278E-1 2.73844E-1 2.90251E-1 3.01577E-1 2.95366E-1 2.87192E-1 2.91307E-1 2.98637E-1 2.9438E-1 2.99962E-1 3.04169E-1 2.98235E-1 2.93362E-1 2.7558E-1 2.66515E-1 2.82245E-1 2.84561E-1 2.84758E-1 2.84393E-1 2.87726E-1 3.09256E-1 2.91014E-1 3.05272E-1 3.00872E-1 3.05514E-1 3.074E-1 3.13037E-1 3.25065E-1 3.36519E-1 3.44217E-1 3.51436E-1 3.48225E-1 3.49772E-1 3.5473E-1 3.66317E-1 3.92082E-1 4.04982E-1 4.03148E-1 3.9724E-1 3.82272E-1 3.81778E-1 3.67963E-1 3.6898E-1 3.84849E-1 3.96791E-1 4.2229E-1 4.40606E-1 4.57817E-1 4.68228E-1 4.89107E-1 5.02971E-1 5.3315E-1 5.54859E-1
2.48004E-1 2.6288E-1 2.81197E-1 2.68712E-1 2.36846E-1 2.26323E-1 2.44501E-1 2.55399E-1 2.67274E-1 2.76229E-1 2.81641E-1 2.88296E-1 3.00898E-1 2.92771E-1 3.1126E-1 2.98122E-1 2.96852E-1 2.9412E-1 3.04295E-1 2.90963E-1 2.92987E-1 2.80235E-1 2.85215E-1 2.87503E-1 2.97031E-1 2.93823E-1 2.84904E-1 2.93044E-1 3.05737E-1 3.06452E-1 3.02128E-1 3.08155E-1 3.14368E-1 3.1451E-1 3.1798E-1 3.22396E-1 3.2894E-1 3.41764E-1 3.47089E-1 3.4969E-1 3.53315E-1 3.47023E-1 3.67919E-1 3.92484E-1 4.10872E-1 4.09359E-1 4.01186E-1 3.9814E-1 3.91198E-1 3.88721E-1 3.93235E-1 4.02805E-1 4.23553E-1 4.41896E-1 4.64728E-1 4.75487E-1 5.03658E-1 5.08792E-1 5.26683E-1 5.3799E-1 5.42196E-1
2.4019E-1 2.75506E-1 2.81564E-1 2.39043E-1 2.07675E-1 2.42123E-1 2.51121E-1 2.53527E-1 2.65749E-1 2.73333E-1 2.77306E-1 2.87907E-1 3.11397E-1 3.14857E-1 3.26786E-1 3.27502E-1 3.00775E-1 3.03948E-1 3.23439E-1 3.04105E-1 2.9468E-1 2.67633E-1 2.95723E-1 2.94973E-1 3.12028E-1 3.08758E-1 2.98354E-1 2.96668E-1 3.26087E-1 3.07053E-1 2.93101E-1 3.01307E-1 3.09446E-1 3.28531E-1 3.20276E-1 3.16645E-1 3.14766E-1 3.23035E-1 3.41257E-1 3.52E-1 3.58633E-1 3.67636E-1 3.7739E-1 3.9221E-1 4.11152E-1 4.17881E-1 4.02938E-1 3.95541E-1 3.89142E-1 3.87238E-1 3.92072E-1 4.04015E-1 4.38058E-1 4.47953E-1 4.78774E-1 4.94533E-1 5.06345E-1 5.1609E-1 5.36188E-1 5.48138E-1 5.45661E-1
2.20503E-1 2.39462E-1 2.90798E-1 2.36525E-1 2.24887E-1 2.30872E-1 2.3566E-1 2.47128E-1 2.6731E-1 2.85788E-1 2.88176E-1 2.87358E-1 3.13784E-1 3.15152E-1 3.20041E-1 3.33269E-1 3.06683E-1 3.13457E-1 3.37002E-1 3.14359E-1 3.02934E-1 2.88448E-1 2.80775E-1 2.97671E-1 3.1417E-1 3.36151E-1 3.20283E-1 3.25397E-1 3.07516E-1 3.07254E-1 3.07052E-1 3.14376E-1 3.24048E-1 3.33135E-1 3.30677E-1 3.26594E-1 3.24242E-1 3.33917E-1 3.39144E-1 3.58243E-1 3.67581E-1 3.77539E-1 3.87641E-1 3.90956E-1 3.95462E-1 4.07687E-1 4.08756E-1 4.08236E-1 3.99065E-1 3.97578E-1 4.08357E-1 4.16632E-1 4.35313E-1 4.53274E-1 4.83753E-1 5.05641E-1 5.194E-1 5.32424E-1 5.40283E-1 5.44872E-1 5.51782E-1
2.04595E-1 2.52254E-1 2.66046E-1 2.62956E-1 2.2746E-1 2.26208E-1 2.43381E-1 2.46435E-1 2.58067E-1 2.73291E-1 2.77485E-1 2.84897E-1 3.02212E-1 3.05822E-1 2.99782E-1 3.10224E-1 2.89683E-1 3.25916E-1 3.17202E-1 3.11301E-1 3.14697E-1 2.90969E-1 2.85368E-1 2.95973E-1 3.03699E-1 3.27116E-1 3.35472E-1 3.44486E-1 3.36556E-1 3.02905E-1 3.01677E-1 3.19713E-1 3.06711E-1 2.9671E-1 3.33592E-1 3.47339E-1 3.38728E-1 3.33534E-1 3.34845E-1 3.43752E-1 3.62866E-1 3.72243E-1 3.75252E-1 3.71596E-1 3.84867E-1 3.95673E-1 4.08546E-1 4.20057E-1 4.10949E-1 4.11905E-1 4.10461E-1 4.20573E-1 4.40449E-1 4.60602E-1 4.80336E-1 5.08695E-1 5.31891E-1 5.55035E-1 5.55247E-1 5.49792E-1 5.50987E-1
1.82496E-1 2.62853E-1 2.22032E-1 2.1543E-1 2.46117E-1 2.265E-1 2.1872E-1 2.45607E-1 2.5355E-1 2.71245E-1 2.75261E-1 2.9548E-1 2.99297E-1 2.82289E-1 2.76969E-1 2.97529E-1 2.98785E-1 3.13261E-1 3.20057E-1 3.22292E-1 3.23512E-1 3.15058E-1 3.03782E-1 3.05658E-1 3.02203E-1 3.02602E-1 3.26141E-1 3.26788E-1 3.40749E-1 3.31851E-1 2.90258E-1 3.03634E-1 3.07035E-1 2.95751E-1 3.18035E-1 3.4126E-1 3.33934E-1 3.25303E-1 3.38773E-1 3.45906E-1 3.63786E-1 3.67961E-1 3.69631E-1 3.74973E-1 3.82477E-1 3.95401E-1 4.14442E-1 4.16146E-1 4.21373E-1 4.25135E-1 4.26216E-1 4.2795E-1 4.51274E-1 4.70033E-1 4.928E-1 5.21615E-1 5.41692E-1 5.38102E-1 5.46475E-1 5.46025E-1 5.54161E-1
1.8091E-1 2.68539E-1 2.31789E-1 1.98413E-1 2.31054E-1 2.2661E-1 2.15083E-1 2.21766E-1 2.47466E-1 2.70109E-1 2.70454E-1 2.89055E-1 2.89697E-1 2.76596E-1 2.72637E-1 2.72542E-1 2.93578E-1 2.98356E-1 2.90394E-1 2.82093E-1 2.96269E-1 3.07184E-1 3.10075E-1 3.09425E-1 3.12607E-1 3.05009E-1 3.16552E-1 3.09576E-1 3.3526E-1 3.43015E-1 3.11188E-1 2.9506E-1 3.05812E-1 3.02803E-1 3.1271E-1 3.31637E-1 3.24346E-1 3.35654E-1 3.38528E-1 3.43252E-1 3.42104E-1 3.60721E-1 3.82032E-1 3.89663E-1 3.93981E-1 4.04979E-1 4.13413E-1 4.23457E-1 4.17692E-1 4.24565E-1 4.30671E-1 4.45155E-1 4.583E-1 4.91564E-1 5.17203E-1 5.32851E-1 5.46321E-1 5.44078E-1 5.47778E-1 5.60378E-1 5.80946E-1
1.74465E-1 2.40789E-1 2.39736E-1 1.9437E-1 2.20162E-1 2.07297E-1 2.00079E-1 2.07116E-1 2.30796E-1 2.67909E-1 2.79103E-1 2.78232E-1 2.66929E-1 2.72116E-1 2.74457E-1 2.80018E-1 2.92418E-1 2.94555E-1 2.49693E-1 2.24989E-1 2.48782E-1 2.76505E-1 2.88722E-1 2.94634E-1 2.94846E-1 3.05271E-1 3.0771E-1 3.07703E-1 3.33748E-1 3.39932E-1 3.32734E-1 3.02127E-1 2.96836E-1 2.89315E-1 3.03068E-1 3.2355E-1 3.28084E-1 3.30291E-1 3.13834E-1 3.23914E-1 3.52238E-1 3.68084E-1 3.85895E-1 3.99502E-1 4.11091E-1 4.18798E-1 4.30399E-1 4.31337E-1 4.28379E-1 4.33401E-1 4.46871E-1 4.618E-1 4.82305E-1 5.07303E-1 5.31695E-1 5.41717E-1 5.56606E-1 5.51979E-1 5.59477E-1 5.62819E-1 5.80087E-1
1.64127E-1 2.30146E-1 2.57312E-1 1.84192E-1 1.72097E-1 1.80185E-1 1.89591E-1 2.04369E-1 1.97011E-1 2.34688E-1 2.45312E-1 2.71867E-1 2.65889E-1 2.68709E-1 2.77423E-1 2.87337E-1 3.02153E-1 2.84635E-1 2.53095E-1 2.20395E-1 2.22599E-1 2.62517E-1 2.68811E-1 2.81172E-1 2.86099E-1 2.91621E-1 3.0238E-1 2.94326E-1 3.11516E-1 3.4642E-1 3.47342E-1 3.1308E-1 3.07627E-1 3.12072E-1 3.19589E-1 3.23267E-1 3.26182E-1 3.37528E-1 3.39207E-1 3.54198E-1 3.68003E-1 3.85756E-1 4.05534E-1 4.35157E-1 4.3759E-1 4.44802E-1 4.56398E-1 4.51361E-1 4.55573E-1 4.69141E-1 4.81733E-1 4.98531E-1 5.14202E-1 5.26915E-1 5.52178E-1 5.57768E-1 5.70887E-1 5.75614E-1 5.8581E-1 5.8975E-1 5.96209E-1
1.72644E-1 2.09367E-1 2.28512E-1 1.96285E-1 1.65438E-1 1.53586E-1 1.7413E-1 1.78456E-1 1.74426E-1 2.15647E-1 2.17736E-1 2.23134E-1 2.59456E-1 2.66187E-1 2.72315E-1 2.95629E-1 2.96895E-1 2.79463E-1 2.52786E-1 2.29981E-1 2.37392E-1 2.44061E-1 2.55241E-1 2.64517E-1 2.79154E-1 2.76293E-1 2.80682E-1 2.98191E-1 3.05878E-1 3.54379E-1 3.66698E-1 3.47911E-1 3.31784E-1 3.44071E-1 3.47122E-1 3.42833E-1 3.35688E-1 3.45005E-1 3.75797E-1 3.85958E-1 3.95184E-1 4.15096E-1 4.30824E-1 4.62093E-1 4.68859E-1 4.73113E-1 4.77916E-1 4.80767E-1 4.98792E-1 4.99909E-1 5.07727E-1 5.22474E-1 5.33897E-1 5.51302E-1 5.68436E-1 5.69749E-1 5.80945E-1 5.95211E-1 5.99492E-1 6.03551E-1 6.16218E-1
2.00038E-1 1.81238E-1 2.28284E-1 1.99956E-1 1.85157E-1 1.43113E-1 1.51359E-1 1.62419E-1 1.58146E-1 1.90757E-1 2.13713E-1 2.09878E-1 2.30684E-1 2.59981E-1 2.49664E-1 2.77053E-1 2.60423E-1 2.72956E-1 2.57039E-1 2.33438E-1 2.37846E-1 2.37966E-1 2.48528E-1 2.6641E-1 2.6771E-1 2.69675E-1 2.54913E-1 2.93883E-1 3.16215E-1 3.40327E-1 3.76281E-1 4.05509E-1 3.89814E-1 3.7453E-1 3.67931E-1 3.52861E-1 3.50218E-1 3.70413E-1 4.01638E-1 4.17696E-1 4.363E-1 4.65881E-1 4.79831E-1 4.91909E-1 4.96744E-1 4.9275E-1 5.06422E-1 5.14546E-1 5.33009E-1 5.43493E-1 5.46838E-1 5.47035E-1 5.56869E-1 5.67062E-1 5.8487E-1 5.97141E-1 6.06406E-1 6.18549E-1 6.32956E-1 6.47991E-1 6.62472E-1
2.11964E-1 1.86745E-1 2.08659E-1 2.01806E-1 1.95343E-1 1.82618E-1 1.52841E-1 1.37128E-1 1.52583E-1 1.61278E-1 1.84477E-1 2.06397E-1 2.11552E-1 2.50203E-1 2.33357E-1 2.49194E-1 2.14602E-1 2.17099E-1 2.44565E-1 2.4842E-1 2.42554E-1 2.50185E-1 2.68313E-1 2.6734E-1 2.55863E-1 2.63784E-1 2.68781E-1 3.13359E-1 3.36764E-1 3.57932E-1 3.6989E-1 4.25955E-1 4.48239E-1 4.31087E-1 3.75811E-1 3.78656E-1 3.89636E-1 4.0536E-1 4.24313E-1 4.43544E-1 4.7571E-1 5.03807E-1 4.99677E-1 5.02462E-1 5.20297E-1 4.97547E-1 5.16443E-1 5.30712E-1 5.59031E-1 5.48165E-1 5.74975E-1 5.73913E-1 5.81286E-1 5.93432E-1 6.15065E-1 6.19531E-1 6.25285E-1 6.43136E-1 6.55093E-1 6.78743E-1 6.88218E-1
2.12473E-1 1.62719E-1 2.2127E-1 2.13262E-1 2.07782E-1 1.87151E-1 1.52902E-1 1.56207E-1 1.58084E-1 1.50235E-1 1.67981E-1 1.85289E-1 2.01136E-1 2.412E-1 2.28912E-1 2.21753E-1 2.022E-1 1.89662E-1 2.04203E-1 2.45838E-1 2.45716E-1 2.70421E-1 2.87965E-1 2.97255E-1 2.85557E-1 2.79132E-1 2.85569E-1 3.25796E-1 3.52406E-1 3.69411E-1 3.86684E-1 4.39584E-1 4.68453E-1 4.67678E-1 4.12516E-1 4.12549E-1 4.28455E-1 4.47173E-1 4.60256E-1 4.7024E-1 4.99088E-1 5.20365E-1 5.04941E-1 5.27584E-1 5.29632E-1 5.66314E-1 5.4121E-1 5.57779E-1 5.7461E-1 5.63468E-1 5.65715E-1 5.72604E-1 5.74736E-1 5.9469E-1 6.23587E-1 6.33317E-1 6.38983E-1 6.6371E-1 6.87229E-1 6.75888E-1 6.91326E-1
2.13102E-1 1.83837E-1 2.23442E-1 1.75443E-1 1.77987E-1 1.55236E-1 1.57588E-1 1.39254E-1 1.4249E-1 1.42164E-1 1.53721E-1 1.70486E-1 1.99065E-1 2.31703E-1 2.19041E-1 2.04235E-1 1.96368E-1 1.85444E-1 1.79519E-1 2.27659E-1 2.39422E-1 2.69494E-1 2.93602E-1 3.00419E-1 3.02629E-1 3.05032E-1 3.28859E-1 3.50928E-1 3.65849E-1 3.61253E-1 3.58848E-1 4.06245E-1 4.30196E-1 4.14893E-1 4.57346E-1 4.5496E-1 4.60861E-1 4.85744E-1 4.59956E-1 5.19278E-1 5.39322E-1 4.82236E-1 4.90944E-1 5.06154E-1 5.16114E-1 5.38507E-1 5.71826E-1 5.89381E-1 5.80808E-1 5.61159E-1 5.42189E-1 5.3372E-1 5.59701E-1 5.89247E-1 6.2624E-1 6.39255E-1 6.47906E-1 6.69978E-1 6.75997E-1 6.93075E-1 6.87484E-1
1.83998E-1 2.17422E-1 2.338E-1 1.59252E-1 1.38009E-1 1.65465E-1 1.50556E-1 1.3793E-1 1.43476E-1 1.39515E-1 1.57908E-1 1.73514E-1 1.94116E-1 2.2131E-1 2.07113E-1 2.0372E-1 1.94897E-1 1.79454E-1 1.76153E-1 2.20727E-1 2.424E-1 2.62475E-1 3.00687E-1 3.07239E-1 3.07176E-1 3.17018E-1 3.49497E-1 3.51345E-1 3.45772E-1 3.36523E-1 3.53852E-1 3.84455E-1 3.73688E-1 3.62131E-1 4.29533E-1 4.59413E-1 4.79109E-1 5.17625E-1 5.38688E-1 5.48759E-1 5.33131E-1 4.76686E-1 4.35862E-1 4.93025E-1 4.84886E-1 4.535E-1 5.27574E-1 5.63101E-1 5.66472E-1 5.56168E-1 5.05602E-1 4.91715E-1 5.25318E-1 5.85987E-1 6.26724E-1 6.35467E-1 6.55595E-1 6.85632E-1 6.74999E-1 6.76037E-1 6.79436E-1
1.81371E-1 1.63641E-1 1.69857E-1 1.50514E-1 1.24164E-1 1.51329E-1 1.39663E-1 1.29165E-1 1.18745E-1 1.40846E-1 1.51543E-1 1.68374E-1 1.91355E-1 2.14484E-1 2.07641E-1 2.00002E-1 1.8686E-1 1.74909E-1 1.67838E-1 1.97524E-1 2.40984E-1 2.6331E-1 3.29944E-1 3.25534E-1 3.25107E-1 3.37904E-1 3.53249E-1 3.32929E-1 3.31686E-1 3.38689E-1 3.54811E-1 3.66576E-1 3.5086E-1 3.54206E-1 4.15552E-1 4.55001E-1 4.9854E-1 5.37496E-1 5.42889E-1 5.28179E-1 5.17786E-1 5.15112E-1 4.31663E-1 4.75383E-1 4.64545E-1 4.61909E-1 5.15443E-1 5.35948E-1 5.46004E-1 5.30809E-1 4.83237E-1 4.6758E-1 5.09078E-1 5.63792E-1 6.17545E-1 6.33735E-1 6.53803E-1 6.55889E-1 6.67656E-1 6.74691E-1 6.72285E-1
2.19264E-1 1.34376E-1 1.29716E-1 1.31544E-1 1.06714E-1 1.26984E-1 1.13554E-1 1.13334E-1 1.05703E-1 1.3632E-1 1.57488E-1 1.63447E-1 1.84768E-1 1.91711E-1 2.05975E-1 1.95338E-1 1.881E-1 1.86352E-1 1.7552E-1 1.86589E-1 2.26915E-1 2.80248E-1 3.17101E-1 3.36883E-1 3.4272E-1 3.41454E-1 3.19779E-1 3.13618E-1 3.37125E-1 3.41637E-1 3.37408E-1 3.48338E-1 3.53979E-1 3.5264E-1 3.87362E-1 4.25164E-1 4.79615E-1 5.3142E-1 5.44962E-1 5.46647E-1 5.19585E-1 4.86003E-1 4.82642E-1 4.82297E-1 5.13432E-1 4.93388E-1 5.22426E-1 5.21171E-1 5.2074E-1 4.88245E-1 4.44365E-1 4.4818E-1 4.88634E-1 5.39371E-1 6.11893E-1 6.4218E-1 6.55489E-1 6.5452E-1 6.7407E-1 6.83075E-1 6.87853E-1
2.38444E-1 1.5433E-1 1.1934E-1 1.25507E-1 9.9195E-2 1.0822E-1 9.36778E-2 1.01731E-1 1.00738E-1 1.15357E-1 1.47015E-1 1.63173E-1 1.77587E-1 1.95704E-1 1.90866E-1 1.9718E-1 1.94248E-1 2.05266E-1 1.96735E-1 1.84665E-1 2.15604E-1 2.61853E-1 2.65274E-1 3.26342E-1 3.29589E-1 3.3313E-1 3.20174E-1 3.09658E-1 3.0956E-1 3.16489E-1 3.16391E-1 3.27949E-1 3.53155E-1 3.78526E-1 3.88006E-1 4.09514E-1 4.35488E-1 5.10429E-1 5.10179E-1 5.34429E-1 5.5164E-1 5.16037E-1 4.55583E-1 4.47237E-1 4.73216E-1 5.16894E-1 5.09573E-1 4.89601E-1 4.71184E-1 4.38185E-1 3.93829E-1 4.17656E-1 4.5139E-1 4.9647E-1 5.73903E-1 5.98918E-1 6.23643E-1 6.62419E-1 6.77922E-1 7.08476E-1 7.06669E-1
2.50652E-1 1.64148E-1 1.53096E-1 1.13305E-1 9.04503E-2 1.01745E-1 9.76605E-2 9.56956E-2 9.89602E-2 1.10531E-1 1.37528E-1 1.66991E-1 1.70734E-1 1.9066E-1 1.89057E-1 1.85647E-1 1.93985E-1 1.98997E-1 1.9746E-1 2.1085E-1 2.14555E-1 2.12489E-1 2.68097E-1 3.20724E-1 3.29949E-1 3.36063E-1 3.39821E-1 3.34396E-1 3.06019E-1 2.83128E-1 2.89268E-1 3.06158E-1 3.3435E-1 3.78228E-1 4.12316E-1 4.30222E-1 4.6612E-1 4.8758E-1 4.85406E-1 4.96259E-1 5.42004E-1 5.28641E-1 4.55279E-1 4.52479E-1 4.64948E-1 4.94894E-1 4.9372E-1 4.48227E-1 4.2677E-1 3.93362E-1 3.62791E-1 3.96703E-1 4.26956E-1 4.56067E-1 5.02588E-1 5.36839E-1 5.79373E-1 6.41585E-1 6.84114E-1 7.18771E-1 7.25972E-1
2.38188E-1 2.00086E-1 1.77908E-1 1.06679E-1 1.01209E-1 9.4471E-2 1.30821E-1 1.18223E-1 9.02155E-2 1.06157E-1 1.29161E-1 1.44361E-1 1.53142E-1 1.77614E-1 1.77801E-1 1.76735E-1 1.80414E-1 2.03215E-1 2.07774E-1 2.10763E-1 2.24594E-1 2.26504E-1 2.73111E-1 3.15411E-1 3.42353E-1 3.38409E-1 3.57936E-1 3.39083E-1 3.33088E-1 3.00796E-1 2.90957E-1 3.014E-1 3.40219E-1 3.76866E-1 4.30252E-1 4.45216E-1 4.73529E-1 4.70727E-1 4.89304E-1 4.3604E-1 5.09527E-1 4.99191E-1 4.82682E-1 4.51223E-1 4.72256E-1 4.84227E-1 4.74799E-1 4.50564E-1 4.26183E-1 4.1211E-1 3.97291E-1 4.08926E-1 4.30104E-1 4.48187E-1 4.69615E-1 4.99682E-1 5.50255E-1 6.15574E-1 6.67097E-1 7.07214E-1 7.25228E-1
2.51112E-1 1.97394E-1 1.70793E-1 1.20222E-1 1.17839E-1 1.48125E-1 1.64239E-1 1.75494E-1 1.11635E-1 1.11636E-1 1.26802E-1 1.38938E-1 1.47708E-1 1.62651E-1 1.67511E-1 1.70828E-1 1.70572E-1 1.95989E-1 1.97408E-1 2.09759E-1 2.23276E-1 2.33548E-1 2.73735E-1 3.27101E-1 3.45148E-1 3.39181E-1 3.52771E-1 3.46841E-1 3.5224E-1 3.32846E-1 3.22334E-1 3.34276E-1 3.52185E-1 4.08144E-1 4.35942E-1 4.60098E-1 4.70285E-1 4.68725E-1 4.98244E-1 4.60744E-1 4.54332E-1 4.63963E-1 4.67219E-1 4.77216E-1 4.74473E-1 4.84368E-1 4.67315E-1 4.45294E-1 4.52383E-1 4.71445E-1 4.71321E-1 4.6818E-1 4.65573E-1 4.69543E-1 4.68421E-1 5.06951E-1 5.58256E-1 5.99207E-1 6.47853E-1 6.82418E-1 7.07335E-1
2.40325E-1 1.87464E-1 1.68508E-1 1.46172E-1 1.41117E-1 1.80721E-1 1.64733E-1 1.83199E-1 1.32266E-1 1.36538E-1 1.42856E-1 1.37981E-1 1.48443E-1 1.51499E-1 1.61923E-1 1.6537E-1 1.7624E-1 1.96483E-1 2.00594E-1 2.08566E-1 2.21013E-1 2.40121E-1 2.80692E-1 3.10693E-1 3.26147E-1 3.39597E-1 3.50097E-1 3.55541E-1 3.55862E-1 3.4379E-1 3.47709E-1 3.50194E-1 3.5109E-1 3.90219E-1 4.29409E-1 4.4864E-1 4.68882E-1 4.78277E-1 5.09428E-1 5.013E-1 4.94458E-1 4.49957E-1 4.67682E-1 4.76152E-1 4.69168E-1 4.6914E-1 4.85912E-1 4.81127E-1 4.77038E-1 5.08724E-1 5.30042E-1 5.34965E-1 5.29488E-1 5.17865E-1 5.17114E-1 5.36072E-1 5.84316E-1 6.03082E-1 6.24758E-1 6.6164E-1 6.93446E-1
2.40777E-1 1.92547E-1 1.69243E-1 1.66565E-1 1.72294E-1 1.74635E-1 1.2013E-1 1.41114E-1 1.45369E-1 1.51733E-1 1.45078E-1 1.46151E-1 1.539E-1 1.58291E-1 1.64534E-1 1.70933E-1 1.67788E-1 1.89402E-1 1.96015E-1 2.01243E-1 2.2674E-1 2.39588E-1 2.54814E-1 2.94275E-1 3.24616E-1 3.33269E-1 3.46896E-1 3.52126E-1 3.55994E-1 3.62174E-1 3.51168E-1 3.5049E-1 3.47434E-1 3.78053E-1 4.20042E-1 4.58027E-1 4.67479E-1 4.93514E-1 5.02818E-1 5.04662E-1 5.11217E-1 4.41684E-1 4.55802E-1 4.76544E-1 4.73678E-1 4.796E-1 4.91525E-1 5.0326E-1 5.18043E-1 5.33906E-1 5.48731E-1 5.61072E-1 5.736E-1 5.81205E-1 5.84174E-1 5.85284E-1 6.0717E-1 6.22498E-1 6.18275E-1 6.45092E-1 6.70938E-1
2.64675E-1 2.16604E-1 1.92632E-1 1.81545E-1 1.9472E-1 1.70321E-1 1.58142E-1 1.8315E-1 1.38209E-1 1.31767E-1 1.41987E-1 1.62472E-1 1.5608E-1 1.62187E-1 1.70387E-1 1.733E-1 1.88295E-1 2.07527E-1 2.14985E-1 2.08765E-1 2.22107E-1 2.34868E-1 2.82461E-1 3.23873E-1 3.46262E-1 3.61341E-1 3.47433E-1 3.61752E-1 3.70512E-1 3.71448E-1 3.32631E-1 3.37887E-1 3.76699E-1 4.03914E-1 3.94125E-1 4.57312E-1 4.73738E-1 4.945E-1 5.05499E-1 4.9106E-1 4.9969E-1 4.41783E-1 4.35644E-1 4.77743E-1 4.88194E-1 4.89002E-1 5.06971E-1 4.98413E-1 5.31286E-1 5.47248E-1 5.60524E-1 5.76106E-1 5.96544E-1 6.12771E-1 6.18284E-1 6.11669E-1 6.326E-1 6.65498E-1 6.84735E-1 6.80592E-1 6.77411E-1
3.00709E-1 2.50868E-1 2.30607E-1 2.3503E-1 2.21536E-1 1.92071E-1 1.71212E-1 1.7982E-1 1.47599E-1 1.29754E-1 1.39934E-1 1.6513E-1 1.60878E-1 1.62755E-1 1.63064E-1 1.64306E-1 1.7813E-1 2.08451E-1 1.99578E-1 2.36229E-1 2.50619E-1 2.69036E-1 2.82174E-1 2.98292E-1 3.09832E-1 3.4104E-1 3.3983E-1 3.54613E-1 3.77651E-1 3.50066E-1 3.44221E-1 3.3399E-1 3.86038E-1 3.75372E-1 4.38542E-1 4.33316E-1 4.63979E-1 5.15437E-1 5.14033E-1 5.10864E-1 5.12216E-1 4.69934E-1 4.16397E-1 4.96861E-1 5.25655E-1 4.98136E-1 4.99783E-1 5.20385E-1 5.38831E-1 5.63621E-1 5.67094E-1 5.73614E-1 5.79904E-1 6.00425E-1 5.85606E-1 5.8689E-1 6.24359E-1 6.84275E-1 7.07871E-1 6.98524E-1 7.13944E-1
3.48295E-1 3.12498E-1 2.96279E-1 3.07334E-1 2.66233E-1 1.91686E-1 1.36608E-1 1.73532E-1 1.345E-1 1.16233E-1 1.68346E-1 1.51591E-1 1.50265E-1 1.55044E-1 1.5947E-1 1.66778E-1 1.68326E-1 1.84181E-1 1.65746E-1 2.30251E-1 2.45928E-1 2.37284E-1 2.58889E-1 2.44575E-1 2.66781E-1 2.9886E-1 3.23851E-1 3.28589E-1 3.53397E-1 3.54341E-1 3.29318E-1 3.47748E-1 3.69328E-1 3.23962E-1 4.37739E-1 4.05873E-1 4.57854E-1 5.19923E-1 5.12358E-1 5.25721E-1 5.38679E-1 5.0512E-1 4.41981E-1 5.18186E-1 5.30818E-1 5.02711E-1 5.08249E-1 5.41213E-1 5.49759E-1 5.60257E-1 5.69507E-1 5.79203E-1 5.5963E-1 5.47405E-1 5.38927E-1 5.13743E-1 5.89009E-1 6.83029E-1 7.14114E-1 7.04361E-1 7.16868E-1
3.60716E-1 3.48014E-1 3.38441E-1 3.03193E-1 2.78608E-1 2.11055E-1 1.69071E-1 1.75285E-1 1.57812E-1 1.38904E-1 1.77707E-1 1.87727E-1 1.53593E-1 1.47572E-1 1.50809E-1 1.55558E-1 1.54508E-1 1.55565E-1 1.5587E-1 2.21482E-1 2.25199E-1 2.03013E-1 2.27989E-1 2.2259E-1 2.45699E-1 2.72821E-1 3.04371E-1 3.19158E-1 3.43001E-1 3.42046E-1 3.33975E-1 3.66869E-1 3.58927E-1 4.11077E-1 4.82511E-1 5.09012E-1 5.28163E-1 5.28807E-1 5.12114E-1 5.35632E-1 5.29637E-1 5.10327E-1 4.56739E-1 4.5776E-1 5.34179E-1 5.49371E-1 5.56856E-1 5.74704E-1 5.59568E-1 5.57524E-1 5.68074E-1 5.68876E-1 5.47628E-1 5.25594E-1 5.03614E-1 4.90235E-1 5.60495E-1 6.52416E-1 6.88054E-1 7.06843E-1 7.1296E-1
