maxent_outputs/red_flowers_troch_bombus_environ/red_33.asc
ncols         426
nrows         180
xllcorner     -130.0
yllcorner     24.0
cellsize      0.16666666666666666
NODATA_value  -9999
[rows 108 to 134 of 180, columns 183 to 243 of 426]
9.12766E-2 9.23509E-2 9.19448E-2 8.91141E-2 9.50027E-2 1.00993E-1 9.99099E-2 8.63299E-2 8.36128E-2 8.21145E-2 8.42554E-2 8.70528E-2 8.73963E-2 9.23189E-2 9.85036E-2 1.00251E-1 1.00539E-1 9.574E-2 9.37465E-2 8.88625E-2 7.97612E-2 6.92827E-2 6.46394E-2 6.34497E-2 6.59872E-2 6.85579E-2 6.44018E-2 6.39535E-2 6.94303E-2 6.41512E-2 6.31573E-2 6.1887E-2 6.07433E-2 5.93562E-2 5.99151E-2 6.08934E-2 6.03548E-2 5.8853E-2 5.72324E-2 5.75579E-2 5.49103E-2 5.38232E-2 5.14842E-2 4.88754E-2 4.86492E-2 4.70631E-2 4.44113E-2 4.27794E-2 3.97522E-2 4.09145E-2 4.20188E-2 4.35807E-2 4.41503E-2 4.31283E-2 4.31368E-2 4.24883E-2 4.54573E-2 4.45118E-2 4.58625E-2 4.59102E-2 4.5094E-2
8.76745E-2 9.05944E-2 8.89893E-2 9.08365E-2 8.91375E-2 9.70793E-2 9.95067E-2 9.72765E-2 8.65411E-2 8.2469E-2 8.24467E-2 8.62413E-2 9.29578E-2 9.4615E-2 1.0041E-1 1.02609E-1 1.02282E-1 9.94261E-2 9.28819E-2 8.88609E-2 8.1582E-2 7.44935E-2 6.68629E-2 6.62748E-2 6.6878E-2 6.67173E-2 6.70847E-2 7.19002E-2 7.7435E-2 6.94758E-2 6.34075E-2 6.19527E-2 6.16949E-2 6.15123E-2 6.00559E-2 5.94379E-2 5.96901E-2 5.92166E-2 6.05614E-2 5.9615E-2 5.99001E-2 5.71651E-2 5.35731E-2 5.12895E-2 4.92935E-2 4.90411E-2 4.74385E-2 4.39844E-2 4.16813E-2 4.18005E-2 4.417E-2 4.63605E-2 4.83738E-2 4.58135E-2 4.51213E-2 4.55637E-2 4.66251E-2 4.88797E-2 4.87514E-2 4.64962E-2 4.6347E-2
9.31053E-2 9.95587E-2 9.05632E-2 8.92717E-2 8.67756E-2 9.02074E-2 9.67326E-2 9.91346E-2 8.95793E-2 8.84131E-2 8.59992E-2 9.25718E-2 9.41142E-2 9.97709E-2 1.06381E-1 1.07937E-1 1.05191E-1 9.87316E-2 9.5958E-2 9.07226E-2 8.44912E-2 7.53727E-2 7.29812E-2 7.03887E-2 6.822E-2 6.56978E-2 6.84835E-2 7.25518E-2 7.21524E-2 6.56216E-2 5.9909E-2 5.70274E-2 5.48688E-2 5.38556E-2 5.62966E-2 5.65719E-2 5.79355E-2 5.87244E-2 5.89191E-2 5.9405E-2 5.83588E-2 5.48644E-2 5.24903E-2 5.33532E-2 5.15093E-2 4.78649E-2 4.548E-2 4.49959E-2 4.37375E-2 4.36408E-2 4.59894E-2 4.8806E-2 4.99151E-2 4.74111E-2 4.75309E-2 4.78108E-2 4.87459E-2 5.24197E-2 5.09064E-2 4.89831E-2 4.89898E-2
9.91906E-2 1.03105E-1 9.38116E-2 8.40455E-2 8.23158E-2 8.54635E-2 8.91298E-2 9.40314E-2 8.58713E-2 7.92802E-2 8.51853E-2 9.24126E-2 9.65993E-2 9.71181E-2 1.03879E-1 1.06364E-1 1.03583E-1 9.71918E-2 9.49763E-2 8.95012E-2 8.50827E-2 8.1265E-2 8.14146E-2 8.30527E-2 7.30927E-2 6.48739E-2 6.48446E-2 7.15979E-2 6.7431E-2 6.11191E-2 5.80203E-2 5.23052E-2 5.14944E-2 5.13285E-2 4.96983E-2 5.05476E-2 5.35916E-2 5.36414E-2 5.43601E-2 5.4797E-2 5.29593E-2 5.04125E-2 4.97065E-2 4.83664E-2 4.95042E-2 4.55048E-2 4.35353E-2 4.46569E-2 4.58904E-2 4.49825E-2 4.74521E-2 4.97981E-2 5.07019E-2 4.83818E-2 4.81803E-2 4.9864E-2 5.32062E-2 5.29754E-2 5.28385E-2 5.14317E-2 5.13577E-2
9.51781E-2 9.85E-2 9.26738E-2 8.07668E-2 7.97141E-2 7.91915E-2 8.81649E-2 8.83401E-2 8.89269E-2 8.48353E-2 9.24677E-2 9.33029E-2 9.18654E-2 9.58136E-2 9.66359E-2 9.87193E-2 9.37897E-2 9.36851E-2 9.27169E-2 8.74981E-2 8.35516E-2 7.94758E-2 7.90267E-2 8.03216E-2 7.46641E-2 6.73287E-2 6.75238E-2 6.859E-2 6.31532E-2 5.99333E-2 5.66888E-2 5.37433E-2 5.37804E-2 5.23517E-2 5.26513E-2 5.67348E-2 5.66369E-2 5.7616E-2 5.37767E-2 5.22637E-2 5.0816E-2 4.9722E-2 4.87814E-2 4.68506E-2 4.63692E-2 4.54939E-2 4.55768E-2 4.4971E-2 4.77445E-2 4.68661E-2 4.94838E-2 5.061E-2 4.97234E-2 4.8017E-2 4.90065E-2 5.00746E-2 5.61998E-2 5.72889E-2 5.60026E-2 5.35743E-2 5.2718E-2
9.56054E-2 9.14842E-2 8.79198E-2 8.38886E-2 7.93801E-2 8.00818E-2 8.46635E-2 9.49548E-2 9.55538E-2 9.73741E-2 1.03719E-1 1.01337E-1 9.45383E-2 9.2828E-2 9.21665E-2 9.17696E-2 9.12689E-2 9.18961E-2 9.04152E-2 8.97167E-2 8.4664E-2 7.78341E-2 7.64656E-2 7.58134E-2 7.39396E-2 7.2447E-2 7.15327E-2 6.95211E-2 6.64591E-2 5.86461E-2 5.94155E-2 5.70235E-2 5.6539E-2 5.65815E-2 5.88654E-2 5.74447E-2 5.46364E-2 5.35853E-2 5.13913E-2 5.28402E-2 5.04818E-2 4.99274E-2 5.01411E-2 4.7872E-2 4.65902E-2 4.58551E-2 4.74356E-2 4.88057E-2 5.00766E-2 4.92059E-2 5.04279E-2 4.94845E-2 4.87824E-2 4.81902E-2 5.04484E-2 5.29091E-2 5.91122E-2 6.12167E-2 5.728E-2 5.35664E-2 5.19278E-2
9.07335E-2 9.57099E-2 8.95425E-2 8.82443E-2 8.78104E-2 8.63695E-2 8.46302E-2 9.46365E-2 1.00353E-1 1.01277E-1 1.03739E-1 9.78609E-2 9.25944E-2 9.02089E-2 8.82596E-2 8.84055E-2 8.4912E-2 8.76916E-2 8.81421E-2 8.39805E-2 8.04995E-2 7.39725E-2 7.3058E-2 7.39298E-2 7.42296E-2 7.61125E-2 7.28976E-2 6.97321E-2 6.49249E-2 6.14546E-2 6.24613E-2 6.33555E-2 6.07199E-2 6.34371E-2 6.10197E-2 5.75477E-2 5.68089E-2 5.63379E-2 5.43132E-2 5.33953E-2 5.21622E-2 5.3268E-2 5.30774E-2 5.06773E-2 5.08399E-2 5.03551E-2 5.05519E-2 5.14963E-2 5.28554E-2 5.26268E-2 5.23716E-2 4.9876E-2 4.89475E-2 4.93344E-2 5.16276E-2 5.52511E-2 5.63971E-2 5.60711E-2 5.44476E-2 5.28069E-2 5.1559E-2
8.67485E-2 9.35512E-2 9.51739E-2 8.9801E-2 8.88936E-2 9.02732E-2 8.98127E-2 9.37915E-2 1.04334E-1 1.05936E-1 1.01479E-1 9.51571E-2 8.84917E-2 8.27659E-2 8.80319E-2 8.70638E-2 8.40543E-2 8.31181E-2 8.21948E-2 7.90963E-2 7.43987E-2 7.11429E-2 7.08638E-2 7.45239E-2 7.83672E-2 7.85372E-2 7.4783E-2 7.0256E-2 6.9222E-2 6.58007E-2 6.40997E-2 6.32579E-2 6.31392E-2 6.26326E-2 6.13186E-2 5.82713E-2 5.63176E-2 5.64974E-2 5.62278E-2 5.46614E-2 5.27291E-2 5.20566E-2 5.64609E-2 5.64524E-2 5.33742E-2 5.49845E-2 5.43133E-2 5.61253E-2 5.67896E-2 5.6728E-2 5.55689E-2 5.33581E-2 5.29874E-2 5.4995E-2 5.60709E-2 5.57362E-2 5.86989E-2 5.57346E-2 5.38325E-2 5.19776E-2 5.13202E-2
9.25663E-2 9.32716E-2 9.82258E-2 8.93148E-2 8.66209E-2 8.71751E-2 8.92539E-2 9.12389E-2 1.00636E-1 1.08468E-1 1.01637E-1 9.40434E-2 9.08878E-2 8.85509E-2 9.20967E-2 9.37502E-2 8.71061E-2 8.67861E-2 8.45791E-2 7.91166E-2 7.36977E-2 7.17742E-2 7.03956E-2 7.42921E-2 8.07122E-2 7.97353E-2 7.43949E-2 6.99786E-2 6.46533E-2 6.31396E-2 5.9278E-2 6.13537E-2 5.7413E-2 5.90442E-2 5.72819E-2 5.56943E-2 6.05036E-2 5.85391E-2 5.3859E-2 5.3664E-2 5.30109E-2 5.3104E-2 5.37415E-2 5.32915E-2 5.51544E-2 5.4964E-2 5.91931E-2 5.95248E-2 6.12004E-2 5.97966E-2 5.94792E-2 5.6865E-2 5.46628E-2 5.82503E-2 5.74874E-2 5.70562E-2 5.47729E-2 5.44864E-2 5.36586E-2 5.2765E-2 5.15176E-2
1.0322E-1 1.01407E-1 1.01317E-1 9.71467E-2 8.81487E-2 8.40028E-2 8.41146E-2 8.80285E-2 9.68336E-2 1.01864E-1 1.03128E-1 9.71134E-2 9.05889E-2 9.11548E-2 9.54057E-2 9.80053E-2 9.64345E-2 9.20756E-2 8.71849E-2 7.70516E-2 7.21483E-2 7.19871E-2 7.22079E-2 7.49652E-2 7.66509E-2 7.64546E-2 7.22577E-2 6.47828E-2 6.2044E-2 5.7005E-2 5.83366E-2 6.11317E-2 6.03577E-2 5.88571E-2 5.61879E-2 5.47236E-2 5.33693E-2 5.13129E-2 5.41625E-2 5.23704E-2 5.27997E-2 5.34405E-2 5.34877E-2 5.38507E-2 5.67464E-2 5.55401E-2 6.05023E-2 6.38186E-2 6.48867E-2 6.39181E-2 6.41134E-2 6.14033E-2 6.04057E-2 6.11875E-2 6.0487E-2 5.98133E-2 5.63787E-2 5.5845E-2 5.90138E-2 5.61955E-2 5.33589E-2
1.11523E-1 1.09832E-1 1.05023E-1 9.70102E-2 9.43483E-2 8.84559E-2 8.67355E-2 8.84916E-2 9.7711E-2 1.02545E-1 9.91293E-2 9.89757E-2 9.14854E-2 8.79545E-2 9.37881E-2 9.8945E-2 1.0366E-1 1.01379E-1 8.83145E-2 8.00709E-2 7.43897E-2 7.16987E-2 7.25278E-2 7.51319E-2 7.55283E-2 7.26139E-2 6.98212E-2 6.64409E-2 6.58043E-2 6.17906E-2 5.83965E-2 5.90177E-2 5.66339E-2 5.55837E-2 5.62575E-2 5.34103E-2 5.24243E-2 5.26214E-2 5.35226E-2 5.31494E-2 5.49574E-2 5.52871E-2 5.54172E-2 5.46206E-2 5.67018E-2 5.83174E-2 6.0271E-2 6.47548E-2 6.76126E-2 6.68723E-2 6.75022E-2 6.49622E-2 6.41912E-2 6.44745E-2 6.24676E-2 6.29356E-2 6.08998E-2 5.95037E-2 5.69664E-2 5.49601E-2 5.50711E-2
1.17525E-1 1.15377E-1 1.06638E-1 1.00241E-1 1.01359E-1 1.00798E-1 9.8729E-2 9.86348E-2 1.03256E-1 1.02341E-1 1.00925E-1 9.96973E-2 9.48785E-2 9.58358E-2 9.8864E-2 1.06242E-1 1.06611E-1 1.06977E-1 9.04036E-2 8.21457E-2 7.64892E-2 7.49794E-2 7.41266E-2 7.34067E-2 7.70635E-2 7.19214E-2 6.95157E-2 6.38141E-2 5.97839E-2 5.69764E-2 6.05553E-2 5.9908E-2 5.80867E-2 5.89143E-2 5.64567E-2 5.45495E-2 5.3798E-2 5.28336E-2 5.41519E-2 5.47674E-2 5.5995E-2 5.65238E-2 5.73137E-2 5.57796E-2 5.46551E-2 5.49025E-2 5.84033E-2 6.37106E-2 6.96017E-2 7.0601E-2 7.08366E-2 6.863E-2 6.83396E-2 6.75867E-2 6.54338E-2 6.72625E-2 6.29769E-2 6.00053E-2 5.93626E-2 5.66037E-2 5.89975E-2
1.14937E-1 1.21947E-1 1.17179E-1 1.14642E-1 1.14651E-1 1.23882E-1 1.0915E-1 1.03548E-1 1.05118E-1 1.07605E-1 1.04569E-1 1.01515E-1 9.67405E-2 1.03554E-1 1.097E-1 1.14008E-1 1.13187E-1 1.07375E-1 8.98411E-2 8.55782E-2 8.12301E-2 7.64403E-2 7.51585E-2 7.45597E-2 7.40373E-2 7.27671E-2 7.02265E-2 6.51945E-2 6.09356E-2 6.22353E-2 6.49653E-2 6.3289E-2 6.00846E-2 5.94156E-2 5.71308E-2 5.41443E-2 5.57976E-2 5.52817E-2 5.46043E-2 5.6478E-2 5.7707E-2 5.86097E-2 5.86225E-2 5.77098E-2 5.57651E-2 5.44497E-2 5.78025E-2 6.25892E-2 6.9603E-2 7.3235E-2 7.38623E-2 7.06304E-2 7.01771E-2 7.02275E-2 7.22023E-2 7.22499E-2 6.50083E-2 5.91186E-2 6.32956E-2 6.19112E-2 6.24403E-2
1.29006E-1 1.35258E-1 1.32169E-1 1.33331E-1 1.23201E-1 1.24249E-1 1.16387E-1 1.10496E-1 1.08713E-1 1.11374E-1 1.13154E-1 1.0923E-1 9.72629E-2 9.52289E-2 1.03215E-1 1.03702E-1 1.06396E-1 1.03891E-1 9.31275E-2 8.89557E-2 8.31857E-2 8.02091E-2 7.79674E-2 7.8158E-2 7.79909E-2 7.43323E-2 7.60556E-2 7.34975E-2 7.02675E-2 6.62745E-2 6.59164E-2 6.25566E-2 6.52924E-2 6.37419E-2 5.75422E-2 5.6477E-2 5.67641E-2 5.72401E-2 5.79428E-2 5.82798E-2 5.92939E-2 6.07377E-2 6.03084E-2 5.86507E-2 5.65031E-2 5.56502E-2 5.6594E-2 6.3146E-2 7.02789E-2 7.51131E-2 7.72494E-2 7.472E-2 7.21757E-2 7.4008E-2 7.75994E-2 7.62498E-2 6.83884E-2 6.08976E-2 6.67436E-2 6.47243E-2 6.39185E-2
1.31363E-1 1.32659E-1 1.36544E-1 1.35503E-1 1.34477E-1 1.33964E-1 1.2186E-1 1.21729E-1 1.234E-1 1.20154E-1 1.15121E-1 1.11454E-1 9.36392E-2 8.68424E-2 9.04947E-2 9.33232E-2 9.93358E-2 9.98407E-2 9.37517E-2 8.66996E-2 8.41842E-2 7.95249E-2 7.94999E-2 8.00785E-2 7.96355E-2 8.55142E-2 8.83219E-2 8.23882E-2 7.40412E-2 6.96167E-2 6.7862E-2 6.5129E-2 6.44252E-2 6.13889E-2 5.93185E-2 5.84329E-2 5.90825E-2 5.89902E-2 5.98606E-2 6.1601E-2 6.14469E-2 6.01346E-2 5.99113E-2 5.87459E-2 5.80605E-2 5.67485E-2 5.74157E-2 6.13893E-2 7.03686E-2 7.78414E-2 7.92372E-2 7.93223E-2 7.7459E-2 8.17062E-2 8.37303E-2 7.75675E-2 7.0039E-2 6.15413E-2 5.95898E-2 5.92842E-2 6.04474E-2
1.3719E-1 1.39436E-1 1.33629E-1 1.33349E-1 1.27728E-1 1.30873E-1 1.26934E-1 1.2937E-1 1.31401E-1 1.27881E-1 1.16516E-1 1.15267E-1 1.03862E-1 9.2156E-2 9.11639E-2 9.06049E-2 1.02079E-1 9.58434E-2 8.82418E-2 8.29574E-2 8.19103E-2 8.50468E-2 8.52075E-2 8.67911E-2 8.96733E-2 9.43942E-2 9.29505E-2 8.74747E-2 7.82353E-2 7.25888E-2 6.92372E-2 6.76808E-2 7.11921E-2 6.68971E-2 6.12408E-2 6.12549E-2 6.05323E-2 6.17355E-2 6.15542E-2 6.19458E-2 6.30994E-2 6.2885E-2 6.02178E-2 5.87833E-2 5.85725E-2 5.86306E-2 5.95117E-2 6.45267E-2 7.50881E-2 8.01395E-2 8.75998E-2 8.56192E-2 8.14141E-2 8.20231E-2 8.18165E-2 7.71702E-2 6.95814E-2 6.08664E-2 5.99161E-2 5.84149E-2 5.93536E-2
1.38909E-1 1.34181E-1 1.34643E-1 1.2789E-1 1.27274E-1 1.26067E-1 1.3027E-1 1.32386E-1 1.27665E-1 1.25708E-1 1.15034E-1 1.1359E-1 1.06767E-1 9.94217E-2 9.73132E-2 9.36128E-2 1.03204E-1 9.56024E-2 8.86543E-2 8.84207E-2 8.73587E-2 8.89965E-2 9.55717E-2 9.3444E-2 9.63802E-2 9.90262E-2 9.56758E-2 9.0633E-2 8.56449E-2 7.92959E-2 7.4427E-2 7.72826E-2 6.8514E-2 6.34378E-2 6.32673E-2 6.34879E-2 6.52385E-2 6.51615E-2 6.4917E-2 6.48882E-2 6.45054E-2 6.47334E-2 6.18189E-2 6.16681E-2 6.16986E-2 6.08061E-2 6.37348E-2 6.89553E-2 7.89367E-2 8.12755E-2 8.55997E-2 8.73138E-2 8.45013E-2 8.13218E-2 7.68658E-2 7.55116E-2 6.53276E-2 6.05718E-2 5.94034E-2 5.82152E-2 5.86168E-2
1.53315E-1 1.51438E-1 1.39763E-1 1.34687E-1 1.28816E-1 1.24847E-1 1.22898E-1 1.21424E-1 1.23364E-1 1.23268E-1 1.15087E-1 1.11108E-1 1.0763E-1 1.04072E-1 1.05673E-1 1.05573E-1 1.08528E-1 9.74856E-2 9.73378E-2 9.50081E-2 9.9041E-2 9.86851E-2 9.68435E-2 9.93593E-2 9.99156E-2 1.03823E-1 1.05502E-1 1.00248E-1 9.42368E-2 8.34825E-2 7.75913E-2 7.48864E-2 7.22437E-2 6.82449E-2 6.6163E-2 6.68799E-2 6.79369E-2 6.94893E-2 6.79196E-2 6.65257E-2 6.4589E-2 6.34237E-2 6.23563E-2 6.30548E-2 6.65073E-2 6.20537E-2 6.66172E-2 7.41982E-2 7.99338E-2 8.16799E-2 8.29131E-2 8.51262E-2 8.22233E-2 8.08178E-2 8.10539E-2 8.0203E-2 6.8902E-2 6.39817E-2 6.15362E-2 6.05602E-2 5.90116E-2
1.66603E-1 1.56606E-1 1.41744E-1 1.27874E-1 1.22022E-1 1.22263E-1 1.20983E-1 1.15542E-1 1.18041E-1 1.21359E-1 1.18158E-1 1.1741E-1 1.11287E-1 1.11953E-1 1.15223E-1 1.20065E-1 1.19548E-1 1.05536E-1 1.00157E-1 1.04616E-1 1.13973E-1 1.19486E-1 1.12253E-1 1.14395E-1 1.06262E-1 1.04145E-1 1.0512E-1 1.07903E-1 1.06477E-1 9.46E-2 8.41364E-2 8.09972E-2 7.64107E-2 7.34079E-2 6.92187E-2 6.76502E-2 7.19412E-2 7.31269E-2 7.37682E-2 7.04906E-2 6.68698E-2 6.37212E-2 6.37297E-2 6.44703E-2 6.97068E-2 6.85551E-2 7.31084E-2 8.04294E-2 7.87228E-2 8.14965E-2 8.12846E-2 8.31465E-2 8.1388E-2 8.34306E-2 8.74266E-2 7.80433E-2 7.07963E-2 6.77338E-2 6.48374E-2 6.26276E-2 6.12925E-2
1.63176E-1 1.56318E-1 1.46025E-1 1.29271E-1 1.25339E-1 1.21266E-1 1.19815E-1 1.22794E-1 1.21727E-1 1.21831E-1 1.23697E-1 1.14891E-1 1.24834E-1 1.24298E-1 1.27455E-1 1.25248E-1 1.22466E-1 1.04897E-1 1.04579E-1 1.12345E-1 1.20432E-1 1.28217E-1 1.26244E-1 1.29639E-1 1.22523E-1 1.17958E-1 1.15007E-1 1.11967E-1 1.08204E-1 1.07937E-1 9.35545E-2 8.85969E-2 8.96526E-2 8.14145E-2 7.62606E-2 7.46281E-2 7.65589E-2 7.83967E-2 7.73416E-2 7.59207E-2 7.01318E-2 6.83418E-2 7.22933E-2 6.95016E-2 7.19996E-2 7.37027E-2 7.83309E-2 8.03784E-2 7.9764E-2 8.16645E-2 8.14706E-2 8.08565E-2 8.24971E-2 8.61813E-2 8.42152E-2 7.83627E-2 7.62888E-2 6.95565E-2 6.64043E-2 6.55516E-2 6.37205E-2
1.64838E-1 1.55842E-1 1.42795E-1 1.38544E-1 1.29412E-1 1.228E-1 1.2216E-1 1.30887E-1 1.25982E-1 1.15681E-1 1.13452E-1 1.10789E-1 1.1476E-1 1.1634E-1 1.18797E-1 1.19898E-1 1.06642E-1 1.09084E-1 1.1241E-1 1.20979E-1 1.30758E-1 1.41391E-1 1.42609E-1 1.43184E-1 1.40992E-1 1.3245E-1 1.27886E-1 1.22128E-1 1.18109E-1 1.06733E-1 1.00425E-1 9.30098E-2 9.1888E-2 9.09438E-2 9.32943E-2 8.68121E-2 8.38984E-2 8.38129E-2 7.79943E-2 7.5797E-2 7.35613E-2 7.33392E-2 7.25108E-2 7.88895E-2 8.35925E-2 7.9381E-2 7.78101E-2 8.08649E-2 8.2939E-2 8.3053E-2 8.3812E-2 8.37605E-2 8.51208E-2 8.35291E-2 8.02274E-2 7.98929E-2 7.92347E-2 7.45026E-2 6.91461E-2 6.67303E-2 6.58499E-2
1.54245E-1 1.52053E-1 1.5162E-1 1.41603E-1 1.2937E-1 1.30511E-1 1.29343E-1 1.29318E-1 1.22203E-1 1.1284E-1 1.11424E-1 1.04613E-1 1.09089E-1 1.16259E-1 1.16346E-1 1.15299E-1 1.08416E-1 1.12304E-1 1.17149E-1 1.27027E-1 1.35528E-1 1.42699E-1 1.44453E-1 1.42102E-1 1.46772E-1 1.47021E-1 1.37613E-1 1.33181E-1 1.27499E-1 1.13687E-1 1.03677E-1 9.51369E-2 9.19477E-2 9.3721E-2 1.01751E-1 9.40454E-2 9.77748E-2 8.48315E-2 7.89431E-2 7.63521E-2 7.41014E-2 7.33036E-2 7.43683E-2 7.89634E-2 8.37107E-2 8.3818E-2 7.89827E-2 8.20594E-2 8.38037E-2 8.26878E-2 8.29358E-2 8.53073E-2 8.40606E-2 8.41072E-2 8.01674E-2 8.023E-2 8.26837E-2 7.25943E-2 6.85318E-2 6.83913E-2 6.63104E-2
1.47722E-1 1.55648E-1 1.4867E-1 1.39665E-1 1.32871E-1 1.28153E-1 1.19165E-1 1.15563E-1 1.1923E-1 1.10991E-1 1.13132E-1 1.10339E-1 1.06428E-1 1.13646E-1 1.19331E-1 1.1359E-1 1.15171E-1 1.17219E-1 1.17899E-1 1.22898E-1 1.37556E-1 1.4234E-1 1.40046E-1 1.41834E-1 1.51191E-1 1.47086E-1 1.42693E-1 1.3608E-1 1.22556E-1 1.18712E-1 1.02553E-1 9.48712E-2 9.00322E-2 9.04971E-2 9.27264E-2 9.59328E-2 9.3307E-2 8.42365E-2 7.99551E-2 7.57034E-2 7.61313E-2 7.57131E-2 7.50779E-2 7.652E-2 8.34945E-2 8.4349E-2 7.94732E-2 8.37175E-2 8.57755E-2 8.45438E-2 8.48493E-2 8.29267E-2 8.20023E-2 8.34782E-2 8.16826E-2 8.02336E-2 7.80348E-2 7.31731E-2 6.92075E-2 6.73966E-2 6.70885E-2
1.47262E-1 1.54718E-1 1.52693E-1 1.42153E-1 1.41865E-1 1.34961E-1 1.2394E-1 1.20187E-1 1.17141E-1 1.17545E-1 1.14322E-1 1.13438E-1 1.10028E-1 1.15491E-1 1.20683E-1 1.18507E-1 1.20096E-1 1.18741E-1 1.25768E-1 1.33641E-1 1.30707E-1 1.3257E-1 1.35861E-1 1.38165E-1 1.44054E-1 1.41809E-1 1.4312E-1 1.31568E-1 1.20914E-1 1.10006E-1 1.01209E-1 9.32509E-2 8.85465E-2 8.76846E-2 9.25653E-2 9.32497E-2 8.97942E-2 8.3483E-2 7.83069E-2 7.85827E-2 7.52533E-2 7.30506E-2 7.45462E-2 7.72892E-2 8.17058E-2 8.52223E-2 8.27724E-2 8.53554E-2 8.75083E-2 8.55073E-2 8.57923E-2 8.09774E-2 8.15836E-2 7.98562E-2 7.83891E-2 7.72696E-2 7.57752E-2 7.41615E-2 7.13722E-2 7.20692E-2 7.07387E-2
1.55565E-1 1.57782E-1 1.49866E-1 1.46586E-1 1.47229E-1 1.44416E-1 1.3073E-1 1.26682E-1 1.27781E-1 1.30117E-1 1.23394E-1 1.1845E-1 1.19175E-1 1.21916E-1 1.21023E-1 1.22979E-1 1.28595E-1 1.25236E-1 1.3843E-1 1.42979E-1 1.35708E-1 1.29564E-1 1.29236E-1 1.28706E-1 1.31166E-1 1.3928E-1 1.42649E-1 1.3749E-1 1.21932E-1 1.10324E-1 9.97196E-2 9.21945E-2 8.93913E-2 9.25913E-2 9.16459E-2 9.15765E-2 8.62857E-2 8.28583E-2 8.07511E-2 8.00355E-2 7.79598E-2 7.59033E-2 7.66139E-2 7.87135E-2 8.01051E-2 8.33227E-2 8.52984E-2 8.59812E-2 8.59932E-2 8.73648E-2 8.16822E-2 7.85076E-2 7.89189E-2 7.79818E-2 7.70806E-2 7.65914E-2 7.72625E-2 7.75805E-2 7.66937E-2 7.71047E-2 7.65785E-2
1.50242E-1 1.54811E-1 1.5219E-1 1.55028E-1 1.53247E-1 1.598E-1 1.49775E-1 1.43229E-1 1.39132E-1 1.36328E-1 1.30542E-1 1.2155E-1 1.14702E-1 1.2444E-1 1.24951E-1 1.26595E-1 1.25466E-1 1.28655E-1 1.40001E-1 1.41403E-1 1.38914E-1 1.29426E-1 1.30829E-1 1.27351E-1 1.36221E-1 1.4086E-1 1.47455E-1 1.37241E-1 1.23082E-1 1.10299E-1 1.00247E-1 9.31557E-2 9.00538E-2 9.34835E-2 9.79123E-2 8.57534E-2 8.21209E-2 7.98635E-2 7.93851E-2 7.70083E-2 7.60254E-2 7.87814E-2 8.0144E-2 8.02819E-2 8.10085E-2 8.19708E-2 8.54441E-2 8.40317E-2 8.58314E-2 8.39615E-2 7.91096E-2 7.7116E-2 7.73193E-2 7.86177E-2 7.83057E-2 7.86432E-2 8.01808E-2 7.80431E-2 7.82974E-2 8.12093E-2 8.10033E-2
1.63205E-1 1.60067E-1 1.60476E-1 1.72005E-1 1.73569E-1 1.73605E-1 1.56669E-1 1.4728E-1 1.40018E-1 1.33648E-1 1.282E-1 1.18895E-1 1.24985E-1 1.32254E-1 1.35104E-1 1.33037E-1 1.28793E-1 1.34521E-1 1.41038E-1 1.44745E-1 1.31906E-1 1.35343E-1 1.34881E-1 1.37115E-1 1.39338E-1 1.47744E-1 1.49436E-1 1.30833E-1 1.20706E-1 1.08936E-1 9.82495E-2 9.10808E-2 8.78991E-2 9.07122E-2 1.01059E-1 8.45113E-2 8.09437E-2 7.87011E-2 7.83235E-2 7.75905E-2 7.97963E-2 8.04689E-2 8.00495E-2 8.12657E-2 8.55063E-2 8.38512E-2 8.47755E-2 8.35381E-2 8.46745E-2 7.9949E-2 7.78555E-2 7.97157E-2 8.20836E-2 8.38294E-2 8.49077E-2 8.18984E-2 8.03747E-2 8.13795E-2 8.1324E-2 8.26548E-2 8.41523E-2
