maxent_outputs/red_flowers_troch_bombus_environ/red_97.asc
ncols         426
nrows         180
xllcorner     -130.0
yllcorner     24.0
cellsize      0.16666666666666666
NODATA_value  -9999
[rows 0 to 26 of 180, columns 305 to 365 of 426]
2.22333E-2 2.06258E-2 2.06684E-2 1.99384E-2 2.05338E-2 2.10349E-2 2.19769E-2 2.29909E-2 2.36664E-2 2.39473E-2 2.43585E-2 2.45938E-2 2.48399E-2 2.61173E-2 2.79759E-2 3.31442E-2 3.48313E-2 3.03889E-2 2.96193E-2 2.8783E-2 2.99197E-2 3.36557E-2 3.59527E-2 3.51837E-2 3.30101E-2 2.85575E-2 2.82727E-2 2.93834E-2 3.08345E-2 2.85333E-2 2.76776E-2 2.88828E-2 2.70401E-2 2.77591E-2 3.54192E-2 3.37601E-2 3.24941E-2 2.74442E-2 2.69044E-2 2.75502E-2 2.72615E-2 2.65014E-2 2.67146E-2 2.77758E-2 2.74332E-2 2.61279E-2 2.59391E-2 2.66037E-2 2.59983E-2 2.66157E-2 2.70925E-2 2.74055E-2 2.73614E-2 2.85071E-2 2.87373E-2 2.84221E-2 3.11329E-2 2.979E-2 2.86442E-2 2.91696E-2 3.02513E-2
2.31969E-2 2.03844E-2 2.14412E-2 2.04283E-2 2.01543E-2 2.05853E-2 2.21221E-2 2.32983E-2 2.38622E-2 2.69227E-2 3.21586E-2 3.88418E-2 3.91405E-2 4.17839E-2 3.82377E-2 3.27372E-2 3.31043E-2 3.01756E-2 3.02168E-2 3.1151E-2 3.53447E-2 4.04325E-2 4.32213E-2 3.84592E-2 3.59346E-2 3.56573E-2 3.22096E-2 2.94931E-2 2.85774E-2 2.85272E-2 2.77331E-2 2.77406E-2 2.69692E-2 2.67151E-2 2.7352E-2 2.72537E-2 2.66947E-2 2.65491E-2 2.69657E-2 2.72282E-2 2.6931E-2 2.70948E-2 2.69865E-2 2.76588E-2 2.76566E-2 2.70649E-2 2.68274E-2 2.72616E-2 2.66869E-2 2.72067E-2 2.73241E-2 2.79058E-2 2.82593E-2 2.88005E-2 2.84737E-2 2.84088E-2 2.86048E-2 2.86564E-2 2.86259E-2 2.94544E-2 3.03183E-2
3.09964E-2 2.14642E-2 2.0157E-2 2.02289E-2 2.11133E-2 2.17914E-2 2.34302E-2 2.37301E-2 2.37455E-2 2.38781E-2 3.18081E-2 3.53457E-2 3.72986E-2 3.62823E-2 3.45245E-2 3.86068E-2 3.62908E-2 3.26355E-2 3.01969E-2 3.24613E-2 3.84483E-2 3.56041E-2 3.39391E-2 3.13396E-2 3.02435E-2 3.06224E-2 2.98897E-2 2.93652E-2 2.87956E-2 2.93252E-2 2.84578E-2 2.75835E-2 2.80956E-2 2.83825E-2 2.84923E-2 2.75093E-2 2.69289E-2 2.67479E-2 2.68065E-2 2.73234E-2 2.69331E-2 2.71338E-2 2.72984E-2 2.80412E-2 2.81477E-2 2.71859E-2 2.72049E-2 2.72206E-2 2.7681E-2 2.77727E-2 2.71753E-2 2.73905E-2 2.74946E-2 2.77568E-2 2.89256E-2 2.8956E-2 2.9407E-2 2.96466E-2 2.96162E-2 3.05207E-2 3.05964E-2
2.44319E-2 2.16497E-2 2.05527E-2 2.0512E-2 2.11037E-2 2.22763E-2 2.36215E-2 2.43732E-2 2.41572E-2 2.45136E-2 2.50475E-2 2.53916E-2 2.6167E-2 2.81836E-2 3.07122E-2 3.49801E-2 3.152E-2 3.03448E-2 3.06147E-2 3.35777E-2 3.31925E-2 3.07485E-2 3.09365E-2 2.93343E-2 2.97739E-2 2.95285E-2 2.93582E-2 2.96314E-2 2.87917E-2 2.90505E-2 2.9458E-2 2.86741E-2 2.8088E-2 2.86485E-2 2.83049E-2 2.86573E-2 2.87399E-2 2.98452E-2 2.82104E-2 2.82733E-2 2.85173E-2 2.81282E-2 2.73959E-2 2.8318E-2 2.79752E-2 2.73126E-2 2.85466E-2 2.78933E-2 2.78951E-2 2.85414E-2 2.7048E-2 2.68136E-2 2.76922E-2 2.83845E-2 2.94037E-2 3.03349E-2 3.01575E-2 3.07541E-2 3.09547E-2 3.11193E-2 3.18348E-2
6.50644E-2 2.25302E-2 2.15129E-2 2.15163E-2 2.20499E-2 2.21496E-2 2.2884E-2 2.41215E-2 2.49366E-2 2.53931E-2 2.54174E-2 2.55562E-2 2.62002E-2 2.94625E-2 3.52953E-2 3.10024E-2 2.97477E-2 2.94557E-2 2.92765E-2 2.95565E-2 2.91716E-2 2.94706E-2 3.09615E-2 2.98021E-2 3.0122E-2 3.05678E-2 3.21617E-2 2.90095E-2 2.90743E-2 2.89782E-2 2.90031E-2 2.93098E-2 2.96836E-2 2.93141E-2 2.90245E-2 2.84385E-2 2.86943E-2 2.88147E-2 2.8609E-2 2.85947E-2 2.85841E-2 2.81438E-2 2.80155E-2 2.8199E-2 2.80043E-2 2.81626E-2 2.85782E-2 2.81947E-2 2.78146E-2 2.94668E-2 2.71159E-2 2.80083E-2 2.89081E-2 2.9669E-2 3.0711E-2 3.09682E-2 3.08973E-2 3.16624E-2 3.22515E-2 3.29154E-2 3.28471E-2
6.83588E-2 2.36851E-2 2.25331E-2 2.19277E-2 2.25222E-2 2.3074E-2 2.31212E-2 2.45349E-2 2.52388E-2 2.56374E-2 2.62394E-2 2.64828E-2 2.62842E-2 2.97362E-2 3.1954E-2 2.9878E-2 2.8592E-2 2.87052E-2 2.8662E-2 2.94185E-2 3.04147E-2 3.01911E-2 3.00282E-2 3.04806E-2 3.02716E-2 2.96421E-2 2.96211E-2 2.94412E-2 2.96591E-2 2.8876E-2 2.84028E-2 2.84841E-2 2.86117E-2 2.84432E-2 2.84149E-2 2.87107E-2 2.85135E-2 2.80204E-2 2.84122E-2 2.84813E-2 2.84241E-2 2.83565E-2 2.89596E-2 2.91424E-2 2.89076E-2 2.82354E-2 2.85493E-2 2.87567E-2 2.96439E-2 3.02736E-2 2.8925E-2 2.87038E-2 2.90417E-2 2.9418E-2 3.1158E-2 3.19564E-2 3.16715E-2 3.18634E-2 3.19556E-2 3.22252E-2 3.3253E-2
3.10959E-1 2.99772E-2 2.27237E-2 2.20723E-2 2.22635E-2 2.28605E-2 2.361E-2 2.4565E-2 2.50995E-2 2.57614E-2 2.65067E-2 2.71003E-2 2.75867E-2 3.00631E-2 3.15636E-2 2.98183E-2 2.96076E-2 2.99394E-2 3.04266E-2 2.92343E-2 2.94027E-2 3.03473E-2 3.0458E-2 2.98757E-2 2.93083E-2 2.94952E-2 2.96778E-2 2.99992E-2 3.05366E-2 3.01415E-2 2.96307E-2 2.98836E-2 2.97972E-2 2.97906E-2 2.98819E-2 3.00283E-2 2.94887E-2 2.917E-2 2.93638E-2 2.97325E-2 2.96844E-2 2.91404E-2 2.97578E-2 2.93319E-2 2.91451E-2 2.93889E-2 2.85424E-2 2.89455E-2 2.90828E-2 2.90166E-2 3.15473E-2 3.40648E-2 2.92347E-2 2.98714E-2 3.11048E-2 3.20855E-2 3.2016E-2 3.21123E-2 3.19633E-2 3.21853E-2 3.35039E-2
3.7529E-1 4.37651E-2 2.35701E-2 2.27211E-2 2.27635E-2 2.2768E-2 2.3328E-2 2.42085E-2 2.53945E-2 2.83128E-2 2.78579E-2 2.72294E-2 2.81309E-2 2.91347E-2 3.05516E-2 3.20206E-2 3.13013E-2 3.13199E-2 3.21876E-2 2.93531E-2 3.00546E-2 3.04634E-2 3.07396E-2 3.07093E-2 3.02326E-2 3.10596E-2 3.10302E-2 3.12303E-2 3.03254E-2 3.07004E-2 3.09631E-2 3.14223E-2 3.0904E-2 3.05561E-2 3.07406E-2 3.12353E-2 3.0785E-2 3.06315E-2 3.01287E-2 2.97346E-2 2.97195E-2 2.96161E-2 2.95051E-2 2.89084E-2 2.89283E-2 2.93145E-2 2.8962E-2 2.90031E-2 2.86011E-2 2.94046E-2 3.07008E-2 3.19447E-2 2.99404E-2 2.9905E-2 3.0053E-2 3.15095E-2 3.17951E-2 3.21236E-2 3.26265E-2 3.27231E-2 3.35775E-2
3.58866E-1 3.75692E-1 2.48344E-2 2.35934E-2 2.50927E-2 2.43487E-2 2.4637E-2 2.46219E-2 2.62941E-2 2.67432E-2 2.71455E-2 2.74283E-2 2.82495E-2 2.74033E-2 2.81145E-2 3.61443E-2 3.46343E-2 3.83864E-2 3.49677E-2 3.1106E-2 3.07271E-2 3.24517E-2 3.25918E-2 3.23032E-2 3.22803E-2 3.24763E-2 3.25023E-2 3.21997E-2 3.20225E-2 3.19809E-2 3.19509E-2 3.11378E-2 3.05179E-2 3.11483E-2 3.17678E-2 3.17767E-2 3.14555E-2 3.15272E-2 3.12941E-2 3.03284E-2 3.02749E-2 3.06496E-2 3.04605E-2 2.98545E-2 2.94903E-2 2.9063E-2 2.85268E-2 2.89362E-2 2.94303E-2 2.88926E-2 3.09324E-2 3.16325E-2 3.05969E-2 3.12491E-2 3.12128E-2 3.10381E-2 3.08117E-2 3.21533E-2 3.25998E-2 3.35499E-2 3.3422E-2
3.74762E-1 -9999 3.90655E-2 2.8616E-2 2.69142E-2 2.74798E-2 2.77376E-2 2.63266E-2 2.75281E-2 2.88262E-2 2.95282E-2 2.78948E-2 2.91849E-2 2.92251E-2 3.15571E-2 3.62712E-2 3.57186E-2 3.37773E-2 3.15761E-2 3.07343E-2 3.10643E-2 3.15124E-2 3.14666E-2 3.17517E-2 3.19991E-2 3.16338E-2 3.17433E-2 3.2077E-2 3.29119E-2 3.25772E-2 3.24152E-2 3.13844E-2 3.13856E-2 3.25173E-2 3.19139E-2 3.21177E-2 3.25504E-2 3.16743E-2 3.12231E-2 3.05537E-2 3.11005E-2 3.11838E-2 3.17145E-2 3.22726E-2 3.09512E-2 3.08638E-2 3.14444E-2 3.04305E-2 3.05716E-2 3.21046E-2 3.33167E-2 3.47719E-2 3.42426E-2 3.45524E-2 3.25905E-2 3.2295E-2 3.12414E-2 3.23787E-2 3.35862E-2 3.48988E-2 3.59913E-2
3.75845E-1 -9999 -9999 2.79527E-2 2.91764E-2 2.78877E-2 2.66307E-2 2.75617E-2 2.96038E-2 2.97994E-2 2.96664E-2 2.93015E-2 2.88889E-2 2.92464E-2 2.9893E-2 3.27264E-2 3.23853E-2 3.07226E-2 3.06573E-2 3.07299E-2 3.12938E-2 3.23323E-2 3.28297E-2 3.27624E-2 3.21092E-2 3.18386E-2 3.25905E-2 3.26465E-2 3.20516E-2 3.20667E-2 3.15757E-2 3.21427E-2 3.22855E-2 3.23799E-2 3.2655E-2 3.27884E-2 3.25247E-2 3.18255E-2 3.25446E-2 3.2386E-2 3.26465E-2 3.25326E-2 3.26538E-2 3.35191E-2 3.31227E-2 3.40523E-2 3.24266E-2 3.24855E-2 3.24134E-2 3.24682E-2 3.38053E-2 3.51856E-2 3.32921E-2 3.29422E-2 3.25326E-2 3.20964E-2 3.12195E-2 3.18006E-2 3.32586E-2 3.48797E-2 3.59156E-2
2.86625E-2 8.52543E-2 3.98645E-2 3.04821E-2 3.03218E-2 2.97252E-2 2.89218E-2 3.09485E-2 3.05509E-2 2.99225E-2 3.05921E-2 3.06904E-2 3.21077E-2 3.15976E-2 3.13047E-2 3.09244E-2 3.00645E-2 3.09849E-2 3.36812E-2 3.56147E-2 3.46744E-2 3.26993E-2 3.17566E-2 3.17271E-2 3.21037E-2 3.32073E-2 3.31392E-2 3.26953E-2 3.22634E-2 3.19207E-2 3.26288E-2 3.25082E-2 3.26196E-2 3.28075E-2 3.26132E-2 3.27251E-2 3.38316E-2 3.40814E-2 3.39134E-2 3.43461E-2 3.5426E-2 3.45181E-2 3.57186E-2 3.50401E-2 3.36589E-2 3.32965E-2 3.15507E-2 3.2515E-2 3.24643E-2 3.23581E-2 3.3009E-2 3.30021E-2 3.28021E-2 3.14234E-2 3.37352E-2 3.34841E-2 3.44586E-2 3.41065E-2 3.32859E-2 3.39307E-2 3.41272E-2
3.81549E-1 3.43567E-2 3.43687E-2 3.19971E-2 3.01893E-2 2.94375E-2 2.93826E-2 2.94553E-2 2.89922E-2 2.92115E-2 3.03559E-2 3.00399E-2 3.00441E-2 2.99705E-2 3.00766E-2 3.04296E-2 3.02525E-2 3.0589E-2 3.14627E-2 3.3438E-2 3.35251E-2 3.31582E-2 3.33902E-2 3.34939E-2 3.35275E-2 3.36247E-2 3.3748E-2 3.36162E-2 3.30085E-2 3.28964E-2 3.19803E-2 3.24562E-2 3.24801E-2 3.34414E-2 3.29906E-2 3.34843E-2 3.40358E-2 3.45127E-2 3.66988E-2 3.63461E-2 3.53869E-2 3.68572E-2 3.60675E-2 3.48701E-2 3.40425E-2 3.33754E-2 3.11963E-2 3.16944E-2 3.33214E-2 3.15283E-2 3.46532E-2 3.52254E-2 3.29653E-2 3.33372E-2 3.2815E-2 3.47964E-2 3.44679E-2 3.4162E-2 3.27392E-2 3.32585E-2 3.48664E-2
4.97594E-2 3.40925E-2 3.53226E-2 3.25402E-2 3.15055E-2 2.98795E-2 2.98474E-2 3.17102E-2 3.14015E-2 3.07339E-2 3.01692E-2 3.04347E-2 3.27872E-2 3.21289E-2 3.07494E-2 3.03666E-2 3.06852E-2 3.18944E-2 3.22596E-2 3.34806E-2 3.29392E-2 3.30388E-2 3.28089E-2 3.42837E-2 3.43291E-2 3.34212E-2 3.37219E-2 3.39055E-2 3.3751E-2 3.2932E-2 3.30649E-2 3.43377E-2 3.44573E-2 3.49101E-2 3.41188E-2 3.37485E-2 3.42864E-2 3.7411E-2 4.06988E-2 3.88133E-2 3.69785E-2 3.54331E-2 3.51439E-2 3.32455E-2 3.28026E-2 3.26666E-2 3.20042E-2 3.26883E-2 3.25261E-2 3.38162E-2 3.40706E-2 3.29346E-2 3.22283E-2 3.44218E-2 4.03842E-2 3.34908E-2 3.39121E-2 3.58513E-2 3.53945E-2 3.46914E-2 3.82806E-2
4.89185E-2 3.66889E-2 4.03623E-2 3.1526E-2 3.10595E-2 3.01648E-2 3.04875E-2 3.35098E-2 3.26796E-2 3.15195E-2 3.1998E-2 3.30555E-2 3.37124E-2 3.29646E-2 3.2295E-2 3.22922E-2 3.2549E-2 3.17394E-2 3.25435E-2 3.37577E-2 3.30921E-2 3.34911E-2 3.37573E-2 3.44334E-2 3.45863E-2 3.43067E-2 3.40804E-2 3.41919E-2 3.44424E-2 3.39534E-2 3.42356E-2 3.45038E-2 3.49063E-2 3.51988E-2 3.49242E-2 3.38486E-2 3.48077E-2 3.62882E-2 3.52097E-2 3.45229E-2 3.48122E-2 3.49294E-2 3.47022E-2 3.46944E-2 3.42257E-2 3.45107E-2 3.37758E-2 3.36332E-2 3.3829E-2 3.47393E-2 3.32062E-2 3.40106E-2 3.42655E-2 3.39691E-2 3.74049E-2 3.46095E-2 3.4529E-2 3.57907E-2 3.55206E-2 3.7109E-2 4.58284E-2
3.70322E-2 4.45551E-2 3.95758E-2 3.41481E-2 3.31363E-2 3.29236E-2 3.35121E-2 3.43977E-2 3.38535E-2 3.2482E-2 3.35403E-2 3.41777E-2 3.34501E-2 3.41045E-2 3.53906E-2 3.31238E-2 3.40283E-2 3.31265E-2 3.35164E-2 3.46091E-2 3.53602E-2 3.54927E-2 3.61955E-2 3.73474E-2 3.70755E-2 3.67546E-2 3.61001E-2 3.50885E-2 3.48288E-2 3.44308E-2 3.40226E-2 3.4426E-2 3.46096E-2 3.59225E-2 3.46521E-2 3.41145E-2 3.56334E-2 3.48321E-2 3.38387E-2 3.47172E-2 3.51789E-2 3.48442E-2 3.53054E-2 3.43376E-2 3.50354E-2 3.36563E-2 3.46961E-2 3.35968E-2 3.45674E-2 3.50386E-2 3.54543E-2 3.58002E-2 3.61346E-2 3.48196E-2 3.5357E-2 3.53261E-2 3.47111E-2 3.64103E-2 3.70269E-2 3.73231E-2 4.72376E-2
3.69439E-2 4.14383E-2 3.91023E-2 3.35864E-2 3.44063E-2 3.53609E-2 3.47763E-2 3.33846E-2 3.56765E-2 3.82169E-2 3.63957E-2 3.56007E-2 3.61852E-2 3.61959E-2 3.36141E-2 3.348E-2 3.50416E-2 3.51368E-2 3.51083E-2 3.59557E-2 3.6259E-2 3.65957E-2 3.66631E-2 3.65593E-2 3.61562E-2 3.54926E-2 3.58583E-2 3.60731E-2 3.61976E-2 3.49566E-2 3.50435E-2 3.45546E-2 3.40169E-2 3.45914E-2 3.82048E-2 5.04152E-2 4.94295E-2 4.24145E-2 3.68706E-2 3.35712E-2 3.49642E-2 3.54665E-2 3.54371E-2 3.59566E-2 3.45216E-2 3.3734E-2 3.41206E-2 3.42163E-2 3.48171E-2 3.5066E-2 3.30038E-2 3.54361E-2 3.99627E-2 3.86834E-2 3.52722E-2 3.65171E-2 3.69013E-2 3.63109E-2 3.72078E-2 3.69743E-2 4.08367E-2
3.70377E-2 3.58152E-2 3.65251E-2 3.4614E-2 3.68151E-2 3.74548E-2 3.49588E-2 3.56023E-2 3.69661E-2 3.93043E-2 3.68933E-2 3.64178E-2 3.70203E-2 3.59792E-2 3.40047E-2 3.52893E-2 3.6333E-2 3.63179E-2 3.45957E-2 3.58775E-2 3.56428E-2 3.62982E-2 3.7686E-2 3.57058E-2 3.52167E-2 3.51816E-2 3.54447E-2 3.59544E-2 3.58668E-2 3.62197E-2 3.6394E-2 3.59612E-2 3.43682E-2 4.34216E-2 6.08456E-2 4.7427E-2 4.1967E-2 3.92843E-2 3.53855E-2 3.54608E-2 3.63548E-2 3.62916E-2 3.62156E-2 3.5834E-2 3.53229E-2 3.57084E-2 3.44605E-2 3.46304E-2 3.4528E-2 3.4797E-2 3.30342E-2 3.35245E-2 3.72123E-2 3.94577E-2 3.7416E-2 3.86826E-2 3.96653E-2 3.83469E-2 4.04761E-2 3.7831E-2 3.88981E-2
3.59081E-2 3.44225E-2 3.50003E-2 3.57811E-2 3.84128E-2 3.96077E-2 4.03009E-2 4.07355E-2 4.14622E-2 3.98576E-2 3.94621E-2 3.99565E-2 4.21963E-2 4.33984E-2 3.96118E-2 3.70064E-2 3.63118E-2 3.81599E-2 3.75888E-2 3.62638E-2 3.61558E-2 3.6128E-2 3.6971E-2 3.69218E-2 3.62863E-2 3.602E-2 3.61661E-2 3.8288E-2 3.75981E-2 3.789E-2 3.61209E-2 3.76E-2 5.79811E-2 5.83034E-2 4.45252E-2 4.07224E-2 3.49617E-2 3.54525E-2 3.65081E-2 3.86667E-2 3.58722E-2 3.68736E-2 3.5914E-2 3.60937E-2 3.55664E-2 3.68444E-2 3.50885E-2 3.27072E-2 3.28462E-2 3.32901E-2 3.36503E-2 3.31163E-2 3.72923E-2 3.68514E-2 3.79484E-2 4.07988E-2 4.23783E-2 3.9442E-2 3.89138E-2 3.88778E-2 3.97126E-2
3.39344E-2 3.49981E-2 3.5774E-2 3.79061E-2 3.89568E-2 4.00798E-2 4.04875E-2 4.0507E-2 3.93454E-2 3.79658E-2 3.83291E-2 3.86395E-2 3.9881E-2 4.12333E-2 3.77474E-2 3.69357E-2 3.85957E-2 3.72679E-2 3.6164E-2 3.6009E-2 3.50549E-2 3.52295E-2 3.56523E-2 3.63999E-2 3.60997E-2 3.67365E-2 3.76906E-2 3.85208E-2 3.80779E-2 3.78921E-2 3.68332E-2 4.37402E-2 5.37704E-2 4.05455E-2 3.73553E-2 3.71953E-2 3.67523E-2 3.67318E-2 3.79377E-2 3.72392E-2 3.67694E-2 3.65481E-2 3.62268E-2 3.59151E-2 3.64059E-2 3.59006E-2 3.57748E-2 3.36013E-2 3.44655E-2 3.69114E-2 3.80907E-2 3.48309E-2 3.43731E-2 3.80087E-2 3.93854E-2 4.26965E-2 4.08096E-2 3.98185E-2 3.92452E-2 3.76211E-2 4.00239E-2
3.44311E-2 3.55136E-2 3.501E-2 3.89028E-2 3.97593E-2 4.04386E-2 4.03077E-2 4.00214E-2 3.97495E-2 3.81084E-2 3.71242E-2 3.75235E-2 3.82184E-2 3.75239E-2 3.74664E-2 3.87958E-2 3.84286E-2 3.69382E-2 3.80461E-2 3.83952E-2 3.65182E-2 3.67383E-2 3.72381E-2 3.8557E-2 3.76296E-2 3.85508E-2 3.86147E-2 3.81917E-2 3.85477E-2 3.81064E-2 3.76555E-2 4.74698E-2 4.00498E-2 3.78166E-2 3.89789E-2 3.92789E-2 3.75158E-2 3.72962E-2 3.87142E-2 3.80783E-2 3.75208E-2 3.70445E-2 3.6279E-2 3.65993E-2 3.63473E-2 3.67731E-2 3.70893E-2 3.59306E-2 3.65055E-2 3.60797E-2 3.91618E-2 3.70245E-2 3.46197E-2 3.63057E-2 3.88431E-2 4.31313E-2 4.49779E-2 4.11082E-2 4.09117E-2 3.84599E-2 3.82913E-2
3.50796E-2 3.53656E-2 3.59311E-2 3.80705E-2 3.92173E-2 3.91076E-2 3.90003E-2 3.9535E-2 3.90703E-2 3.74802E-2 3.65182E-2 3.79422E-2 3.79337E-2 3.82418E-2 3.74872E-2 3.63429E-2 3.6923E-2 3.70694E-2 3.82485E-2 3.85248E-2 3.70134E-2 3.66941E-2 3.82483E-2 3.89129E-2 3.77999E-2 3.94062E-2 3.8069E-2 3.84551E-2 3.84469E-2 3.9832E-2 3.83026E-2 4.18187E-2 3.93687E-2 3.91334E-2 3.94501E-2 3.88676E-2 3.80658E-2 3.93506E-2 3.92676E-2 3.9224E-2 3.75654E-2 3.76211E-2 3.70847E-2 3.87625E-2 3.80542E-2 3.78378E-2 3.65518E-2 3.60905E-2 3.64731E-2 3.66208E-2 3.64663E-2 3.61922E-2 3.63007E-2 3.74635E-2 3.67883E-2 4.04869E-2 4.28142E-2 4.09829E-2 4.05528E-2 4.15122E-2 4.07352E-2
3.66393E-2 3.64334E-2 3.73308E-2 3.78459E-2 3.74671E-2 3.849E-2 3.82112E-2 3.79426E-2 3.75628E-2 3.80333E-2 4.02568E-2 3.76973E-2 3.75166E-2 3.96785E-2 3.85739E-2 3.61536E-2 3.64922E-2 3.68322E-2 3.67949E-2 3.69725E-2 3.69928E-2 3.74325E-2 3.71748E-2 3.80152E-2 3.76812E-2 3.76711E-2 3.76392E-2 3.76812E-2 3.81261E-2 3.9104E-2 3.88748E-2 4.02467E-2 3.95268E-2 3.97075E-2 3.91107E-2 3.87853E-2 3.89331E-2 3.94941E-2 3.81245E-2 3.76381E-2 3.92519E-2 3.83589E-2 3.74221E-2 3.86665E-2 3.92961E-2 3.8462E-2 3.81425E-2 3.79918E-2 3.76955E-2 3.82443E-2 3.67369E-2 3.80105E-2 3.85211E-2 3.90694E-2 3.8733E-2 4.02451E-2 4.41966E-2 4.55298E-2 4.28031E-2 4.62032E-2 4.39146E-2
3.71003E-2 3.69454E-2 3.67441E-2 3.72539E-2 3.7165E-2 3.7508E-2 3.70075E-2 3.71514E-2 3.74963E-2 3.68686E-2 3.89625E-2 3.76527E-2 3.73355E-2 3.94198E-2 3.73421E-2 3.65143E-2 3.59312E-2 3.6421E-2 3.63358E-2 3.63769E-2 3.66086E-2 3.7148E-2 3.74314E-2 3.72274E-2 3.71488E-2 3.66778E-2 3.71361E-2 3.87703E-2 3.92738E-2 3.914E-2 4.07975E-2 4.08423E-2 4.06264E-2 3.9887E-2 3.9547E-2 3.91404E-2 4.03509E-2 4.08122E-2 3.95262E-2 4.00302E-2 4.11958E-2 3.98336E-2 3.84742E-2 3.86613E-2 3.92531E-2 3.93585E-2 3.99238E-2 4.23616E-2 3.73837E-2 3.73495E-2 3.774E-2 4.03183E-2 4.00122E-2 4.13391E-2 4.27086E-2 4.0934E-2 4.33737E-2 4.77222E-2 4.58679E-2 4.65565E-2 5.08423E-2
3.54941E-2 3.56013E-2 3.59244E-2 3.61953E-2 3.64161E-2 3.7513E-2 3.96321E-2 3.72825E-2 3.86988E-2 3.93335E-2 3.9004E-2 3.92635E-2 3.6791E-2 3.68295E-2 3.7447E-2 3.79882E-2 3.59476E-2 3.63436E-2 3.73281E-2 3.72107E-2 3.72201E-2 3.91684E-2 3.75838E-2 3.77084E-2 3.82832E-2 3.98933E-2 3.86964E-2 3.96104E-2 4.12188E-2 4.3377E-2 4.25627E-2 4.13916E-2 4.0743E-2 4.00528E-2 4.00187E-2 3.95398E-2 4.03802E-2 4.04041E-2 4.01491E-2 4.0193E-2 4.05893E-2 4.05918E-2 3.92626E-2 3.90993E-2 3.85501E-2 4.00302E-2 3.99782E-2 4.26175E-2 3.98019E-2 4.08067E-2 4.01578E-2 4.09452E-2 4.22898E-2 4.41264E-2 4.37439E-2 4.42095E-2 4.49555E-2 4.74946E-2 4.91253E-2 4.75232E-2 5.49696E-2
3.5707E-2 3.59064E-2 3.60509E-2 3.60764E-2 3.63264E-2 3.66993E-2 3.70412E-2 3.7113E-2 3.74198E-2 3.74105E-2 3.69327E-2 3.89429E-2 3.73963E-2 3.91671E-2 4.40818E-2 3.58937E-2 3.64392E-2 3.679E-2 3.70452E-2 3.73495E-2 3.70945E-2 3.70161E-2 3.75009E-2 3.76876E-2 3.73263E-2 3.80794E-2 3.93918E-2 4.00871E-2 4.06405E-2 4.20384E-2 4.1564E-2 4.19199E-2 4.22502E-2 4.11782E-2 4.04687E-2 4.126E-2 4.04517E-2 4.08679E-2 3.97819E-2 3.95623E-2 4.10741E-2 4.04481E-2 4.01537E-2 3.94346E-2 3.98169E-2 4.04709E-2 4.03042E-2 4.11463E-2 4.1497E-2 4.22652E-2 4.39704E-2 4.45874E-2 4.69108E-2 4.81151E-2 4.82264E-2 4.70034E-2 4.71071E-2 4.93767E-2 5.24343E-2 5.24811E-2 5.46452E-2
3.60811E-2 3.58191E-2 3.60743E-2 3.59544E-2 3.60574E-2 3.62291E-2 3.65545E-2 3.6879E-2 3.69865E-2 3.66847E-2 3.60863E-2 3.62138E-2 3.69227E-2 3.79505E-2 3.66946E-2 3.83232E-2 4.28431E-2 3.72369E-2 3.72289E-2 3.93779E-2 3.85333E-2 3.81546E-2 3.77133E-2 3.79223E-2 3.87812E-2 3.95446E-2 3.92902E-2 4.08254E-2 4.15948E-2 4.1449E-2 4.17224E-2 4.24285E-2 4.15524E-2 4.21999E-2 4.1499E-2 4.10725E-2 4.26707E-2 4.03902E-2 4.01434E-2 3.95284E-2 3.94708E-2 3.84867E-2 3.95544E-2 4.00092E-2 4.16644E-2 4.16483E-2 4.20925E-2 4.23531E-2 4.37182E-2 4.44721E-2 4.65825E-2 4.92294E-2 6.10882E-2 5.33459E-2 5.90767E-2 5.10256E-2 5.25515E-2 5.38728E-2 5.90408E-2 5.84261E-2 5.97019E-2
