maxent_outputs/red_flowers_troch_bombus_environ/red_68.asc
ncols         426
nrows         180
xllcorner     -130.0
yllcorner     24.0
cellsize      0.16666666666666666
NODATA_value  -9999
[rows 81 to 107 of 180, columns 122 to 182 of 426]
3.80166E-2 3.11996E-2 4.093E-2 5.2696E-2 4.82306E-2 5.30089E-2 4.95316E-2 4.29759E-2 4.28726E-2 4.3567E-2 3.87033E-2 4.09367E-2 4.2994E-2 4.42275E-2 4.004E-2 3.39685E-2 2.91993E-2 4.30326E-2 4.11472E-2 4.18066E-2 4.94307E-2 4.90046E-2 5.29024E-2 5.62602E-2 7.21494E-2 9.23967E-2 1.03083E-1 9.64787E-2 8.89391E-2 9.46968E-2 9.19307E-2 9.64109E-2 1.00848E-1 1.01988E-1 1.10769E-1 1.08705E-1 1.07921E-1 1.05948E-1 1.07479E-1 1.05462E-1 1.0761E-1 1.11652E-1 1.13865E-1 1.13368E-1 1.16568E-1 1.1271E-1 1.13169E-1 1.11357E-1 1.07808E-1 1.05251E-1 1.08703E-1 1.12783E-1 1.12686E-1 1.11596E-1 1.09511E-1 1.10681E-1 1.14578E-1 1.13064E-1 1.1167E-1 1.09112E-1 1.08089E-1
3.11271E-2 3.40533E-2 3.76934E-2 4.4247E-2 5.17082E-2 4.58679E-2 3.71592E-2 3.88443E-2 4.08937E-2 5.50689E-2 5.42026E-2 4.70137E-2 4.947E-2 5.07315E-2 5.00328E-2 4.84511E-2 4.25401E-2 5.19529E-2 4.05601E-2 3.26927E-2 4.5276E-2 5.12933E-2 4.47375E-2 5.51565E-2 6.54197E-2 9.01365E-2 1.12644E-1 9.80529E-2 9.06501E-2 9.10491E-2 8.95625E-2 9.46887E-2 9.34005E-2 9.39735E-2 9.85492E-2 1.01139E-1 1.03821E-1 1.08132E-1 1.11793E-1 1.09662E-1 1.08876E-1 1.09943E-1 1.10436E-1 1.15439E-1 1.15493E-1 1.12447E-1 1.12151E-1 1.07365E-1 1.06116E-1 1.09001E-1 1.12734E-1 1.14521E-1 1.13479E-1 1.1256E-1 1.15047E-1 1.15844E-1 1.18614E-1 1.17526E-1 1.14868E-1 1.14317E-1 1.15183E-1
2.85518E-2 3.46891E-2 3.78303E-2 4.01186E-2 4.1024E-2 4.57585E-2 5.62E-2 4.55072E-2 4.29827E-2 4.83368E-2 4.19171E-2 4.34589E-2 5.09156E-2 5.18242E-2 5.20053E-2 5.24025E-2 3.84436E-2 4.43853E-2 4.44594E-2 3.09487E-2 3.07014E-2 3.84836E-2 3.13773E-2 4.95607E-2 6.33022E-2 8.55324E-2 1.17601E-1 1.06413E-1 9.70117E-2 9.77876E-2 9.63367E-2 9.47096E-2 9.89795E-2 1.00147E-1 1.05846E-1 1.04636E-1 1.05059E-1 1.10057E-1 1.11831E-1 1.10591E-1 1.12811E-1 1.10289E-1 1.10404E-1 1.11498E-1 1.19204E-1 1.18367E-1 1.18262E-1 1.1653E-1 1.12025E-1 1.19694E-1 1.19386E-1 1.1715E-1 1.17186E-1 1.19145E-1 1.20181E-1 1.18693E-1 1.19073E-1 1.18208E-1 1.16094E-1 1.15907E-1 1.16593E-1
3.72139E-2 4.32029E-2 4.65744E-2 5.74538E-2 6.08886E-2 6.36344E-2 7.43091E-2 4.77427E-2 4.74466E-2 5.40819E-2 4.4631E-2 4.19369E-2 4.92592E-2 5.02519E-2 4.56076E-2 4.56622E-2 4.10029E-2 4.27049E-2 4.30073E-2 3.86896E-2 3.7162E-2 4.23765E-2 4.96303E-2 5.08632E-2 6.73924E-2 8.09002E-2 1.12832E-1 1.316E-1 1.26894E-1 1.14533E-1 1.08808E-1 1.0394E-1 1.04098E-1 1.02815E-1 1.09291E-1 1.09684E-1 1.10588E-1 1.13447E-1 1.13387E-1 1.12204E-1 1.15029E-1 1.16393E-1 1.12221E-1 1.10667E-1 1.1519E-1 1.22861E-1 1.20729E-1 1.21513E-1 1.24643E-1 1.23108E-1 1.18244E-1 1.16685E-1 1.22415E-1 1.2389E-1 1.25475E-1 1.24317E-1 1.22334E-1 1.20035E-1 1.18402E-1 1.17778E-1 1.17143E-1
4.79463E-2 5.28077E-2 5.9233E-2 7.38469E-2 8.27796E-2 7.82065E-2 6.65787E-2 5.89606E-2 5.59604E-2 5.29991E-2 4.94863E-2 4.53542E-2 4.59005E-2 4.43543E-2 4.12761E-2 4.18837E-2 4.34056E-2 3.5538E-2 3.92949E-2 5.10088E-2 4.90956E-2 4.59457E-2 5.28904E-2 5.709E-2 7.96188E-2 9.15003E-2 1.13636E-1 1.4606E-1 1.52962E-1 1.30025E-1 1.12644E-1 1.09348E-1 1.05714E-1 1.03752E-1 1.14467E-1 1.16649E-1 1.18721E-1 1.166E-1 1.14774E-1 1.15021E-1 1.16485E-1 1.18052E-1 1.14465E-1 1.14319E-1 1.10381E-1 1.12097E-1 1.18673E-1 1.20064E-1 1.21456E-1 1.23512E-1 1.25245E-1 1.22249E-1 1.22415E-1 1.26408E-1 1.28666E-1 1.29034E-1 1.28258E-1 1.26247E-1 1.24268E-1 1.22325E-1 1.21202E-1
7.34059E-2 7.91361E-2 8.46705E-2 9.07825E-2 8.57197E-2 7.55372E-2 6.10947E-2 5.50779E-2 5.044E-2 5.1641E-2 5.29828E-2 4.78935E-2 4.54365E-2 4.53168E-2 4.23794E-2 3.8201E-2 3.98323E-2 3.81276E-2 4.37835E-2 4.53094E-2 4.94702E-2 4.70801E-2 5.21062E-2 5.01909E-2 6.44571E-2 8.16111E-2 9.24883E-2 1.27873E-1 1.38185E-1 1.26106E-1 1.0841E-1 1.02393E-1 1.05165E-1 1.04461E-1 1.10936E-1 1.21577E-1 1.16984E-1 1.11817E-1 1.11364E-1 1.12363E-1 1.13466E-1 1.13217E-1 1.11599E-1 1.14133E-1 1.13476E-1 1.10649E-1 1.16906E-1 1.186E-1 1.22138E-1 1.2632E-1 1.26712E-1 1.23636E-1 1.25331E-1 1.27286E-1 1.3026E-1 1.33069E-1 1.32928E-1 1.31463E-1 1.31106E-1 1.30476E-1 1.28073E-1
8.37637E-2 9.66919E-2 1.06588E-1 8.64289E-2 7.77851E-2 8.0435E-2 8.18883E-2 6.87155E-2 6.27006E-2 5.96735E-2 5.59684E-2 4.97811E-2 4.6058E-2 4.65923E-2 3.68001E-2 3.54264E-2 4.65089E-2 4.52954E-2 4.72805E-2 4.6608E-2 4.4737E-2 4.99328E-2 5.21377E-2 5.17229E-2 5.97531E-2 6.83548E-2 7.91405E-2 1.02523E-1 1.106E-1 1.08357E-1 1.00354E-1 9.8134E-2 9.92208E-2 9.68568E-2 9.9629E-2 1.08135E-1 1.08348E-1 1.11205E-1 1.14209E-1 1.12334E-1 1.12133E-1 1.14188E-1 1.15286E-1 1.17552E-1 1.20204E-1 1.18661E-1 1.2296E-1 1.27377E-1 1.28284E-1 1.26515E-1 1.25661E-1 1.23527E-1 1.24416E-1 1.26893E-1 1.32297E-1 1.37173E-1 1.37859E-1 1.37971E-1 1.38026E-1 1.38757E-1 1.34964E-1
8.72265E-2 8.70053E-2 7.15295E-2 5.31384E-2 5.60991E-2 5.29661E-2 7.16173E-2 7.26645E-2 6.63469E-2 6.13041E-2 4.90594E-2 4.56502E-2 4.43497E-2 4.51622E-2 4.28081E-2 3.77911E-2 3.21487E-2 4.3599E-2 4.31208E-2 4.17883E-2 4.20535E-2 4.96991E-2 4.91587E-2 4.64682E-2 5.44664E-2 6.42947E-2 8.1963E-2 8.49406E-2 9.4278E-2 8.22829E-2 8.27563E-2 9.50409E-2 9.47919E-2 9.28933E-2 9.80464E-2 1.01049E-1 1.06812E-1 1.12453E-1 1.15698E-1 1.14681E-1 1.14049E-1 1.15773E-1 1.19038E-1 1.21912E-1 1.23866E-1 1.24206E-1 1.26136E-1 1.30288E-1 1.31997E-1 1.30935E-1 1.27724E-1 1.24374E-1 1.29184E-1 1.32591E-1 1.36619E-1 1.41312E-1 1.4024E-1 1.38379E-1 1.38575E-1 1.40499E-1 1.38428E-1
8.26997E-2 6.44559E-2 4.93056E-2 6.23341E-2 7.61183E-2 7.28597E-2 7.15296E-2 7.99744E-2 7.54833E-2 5.87839E-2 5.54116E-2 4.76174E-2 4.38195E-2 3.54595E-2 4.21186E-2 4.03555E-2 4.1746E-2 4.08955E-2 4.13384E-2 4.29566E-2 4.08133E-2 4.55672E-2 4.13419E-2 4.38794E-2 5.29044E-2 5.82485E-2 6.11862E-2 6.1334E-2 7.93577E-2 8.37037E-2 8.3202E-2 9.49157E-2 9.23502E-2 9.28163E-2 9.76166E-2 1.07058E-1 1.15261E-1 1.1991E-1 1.17528E-1 1.1459E-1 1.1483E-1 1.15468E-1 1.18891E-1 1.2369E-1 1.23783E-1 1.2931E-1 1.40875E-1 1.42535E-1 1.4513E-1 1.39239E-1 1.32114E-1 1.31047E-1 1.35992E-1 1.38649E-1 1.39774E-1 1.43042E-1 1.42419E-1 1.41663E-1 1.39415E-1 1.40941E-1 1.4083E-1
5.62992E-2 5.33301E-2 5.60037E-2 8.17097E-2 7.46933E-2 7.24467E-2 8.47993E-2 8.49259E-2 8.85058E-2 7.38197E-2 6.57495E-2 5.78092E-2 5.15968E-2 4.11418E-2 3.79134E-2 3.64468E-2 3.06333E-2 3.58122E-2 3.0487E-2 3.85707E-2 4.66817E-2 4.97238E-2 3.97218E-2 4.30398E-2 4.61302E-2 5.03658E-2 5.20548E-2 5.01893E-2 8.64283E-2 1.16336E-1 1.06733E-1 1.09176E-1 9.86347E-2 1.02903E-1 1.13866E-1 1.23955E-1 1.27412E-1 1.26153E-1 1.2381E-1 1.26355E-1 1.20702E-1 1.18598E-1 1.16514E-1 1.19323E-1 1.25549E-1 1.33519E-1 1.43034E-1 1.50269E-1 1.48475E-1 1.43407E-1 1.4365E-1 1.42444E-1 1.40261E-1 1.41141E-1 1.43913E-1 1.46912E-1 1.45413E-1 1.44014E-1 1.3982E-1 1.38787E-1 1.38419E-1
7.34135E-2 7.60844E-2 8.18273E-2 8.86613E-2 9.73332E-2 7.38677E-2 6.62339E-2 9.03536E-2 9.07952E-2 7.92213E-2 7.45984E-2 6.35451E-2 5.19844E-2 4.4925E-2 3.97758E-2 3.20283E-2 2.45196E-2 3.00941E-2 3.39536E-2 3.61088E-2 4.53732E-2 5.87354E-2 4.1679E-2 4.15504E-2 5.22136E-2 5.6276E-2 6.60188E-2 5.30047E-2 7.73269E-2 1.26056E-1 1.30188E-1 1.24535E-1 1.27427E-1 1.24753E-1 1.24613E-1 1.31102E-1 1.32281E-1 1.26947E-1 1.22034E-1 1.22825E-1 1.20305E-1 1.12921E-1 1.10189E-1 1.16322E-1 1.23882E-1 1.30205E-1 1.31621E-1 1.33754E-1 1.36494E-1 1.39393E-1 1.4017E-1 1.44722E-1 1.46969E-1 1.46311E-1 1.47066E-1 1.48782E-1 1.4883E-1 1.45997E-1 1.42863E-1 1.4168E-1 1.39957E-1
9.09687E-2 9.19289E-2 9.58285E-2 8.4545E-2 9.21751E-2 8.68964E-2 6.54111E-2 7.36182E-2 8.0054E-2 7.44621E-2 6.79641E-2 6.16786E-2 4.13219E-2 3.74723E-2 3.31769E-2 2.89745E-2 1.80178E-2 2.43713E-2 3.17079E-2 3.56604E-2 4.32092E-2 6.22642E-2 5.81908E-2 4.82622E-2 5.69681E-2 8.44731E-2 1.03358E-1 1.04725E-1 1.19852E-1 1.26327E-1 1.28824E-1 1.21929E-1 1.24645E-1 1.21504E-1 1.26328E-1 1.33297E-1 1.32238E-1 1.29284E-1 1.23124E-1 1.12721E-1 1.10935E-1 1.09664E-1 1.11468E-1 1.18528E-1 1.23318E-1 1.2839E-1 1.28539E-1 1.30301E-1 1.3315E-1 1.34448E-1 1.37826E-1 1.38124E-1 1.39814E-1 1.39086E-1 1.41999E-1 1.4307E-1 1.43129E-1 1.41675E-1 1.4E-1 1.40951E-1 1.43852E-1
9.04372E-2 8.58075E-2 8.99443E-2 7.79768E-2 8.87116E-2 8.73585E-2 8.08139E-2 6.59284E-2 6.58645E-2 6.53067E-2 6.53642E-2 5.7204E-2 3.89473E-2 2.82395E-2 2.41981E-2 2.17669E-2 2.34632E-2 2.25136E-2 2.26242E-2 2.74937E-2 3.9785E-2 4.0248E-2 5.63505E-2 7.78272E-2 9.50668E-2 1.0595E-1 1.29669E-1 1.49279E-1 1.42018E-1 1.32924E-1 1.27882E-1 1.22038E-1 1.22537E-1 1.21465E-1 1.24019E-1 1.28876E-1 1.27381E-1 1.26251E-1 1.22725E-1 1.1762E-1 1.15177E-1 1.12398E-1 1.13342E-1 1.16809E-1 1.18237E-1 1.26307E-1 1.28671E-1 1.29632E-1 1.31422E-1 1.35221E-1 1.36779E-1 1.3579E-1 1.40386E-1 1.37579E-1 1.40105E-1 1.41434E-1 1.42758E-1 1.41164E-1 1.42833E-1 1.46923E-1 1.49519E-1
7.91018E-2 7.18831E-2 7.19843E-2 8.30719E-2 9.11178E-2 8.13878E-2 7.69935E-2 7.11743E-2 6.55569E-2 5.49852E-2 5.15643E-2 5.70667E-2 5.05466E-2 4.17093E-2 3.07151E-2 2.85894E-2 2.95097E-2 2.43126E-2 3.2595E-2 3.76914E-2 4.14104E-2 4.16798E-2 4.1473E-2 4.93238E-2 5.79593E-2 6.89067E-2 7.04647E-2 1.11132E-1 1.29893E-1 1.28069E-1 1.37402E-1 1.2334E-1 1.23283E-1 1.23775E-1 1.23073E-1 1.22479E-1 1.19029E-1 1.16833E-1 1.16671E-1 1.19309E-1 1.15966E-1 1.13149E-1 1.15986E-1 1.18809E-1 1.2159E-1 1.25339E-1 1.29172E-1 1.29872E-1 1.32448E-1 1.35095E-1 1.35906E-1 1.41204E-1 1.45177E-1 1.41589E-1 1.4294E-1 1.46497E-1 1.44866E-1 1.45246E-1 1.43504E-1 1.50955E-1 1.57513E-1
8.60544E-2 7.05109E-2 6.93567E-2 6.92883E-2 8.87221E-2 7.89626E-2 7.04296E-2 6.56472E-2 6.01276E-2 5.82109E-2 5.008E-2 5.38418E-2 5.21694E-2 4.32879E-2 3.44821E-2 3.17341E-2 3.44538E-2 2.78873E-2 3.36688E-2 3.41717E-2 4.09295E-2 3.90139E-2 3.71005E-2 4.73E-2 4.50972E-2 5.33762E-2 4.98687E-2 7.2095E-2 1.1448E-1 1.27384E-1 1.24445E-1 1.205E-1 1.1882E-1 1.15556E-1 1.19693E-1 1.20801E-1 1.24118E-1 1.28847E-1 1.267E-1 1.17026E-1 1.13756E-1 1.16335E-1 1.2093E-1 1.24364E-1 1.27462E-1 1.29918E-1 1.32672E-1 1.33239E-1 1.3637E-1 1.38404E-1 1.40841E-1 1.49453E-1 1.52167E-1 1.4649E-1 1.49724E-1 1.49742E-1 1.49915E-1 1.48747E-1 1.48237E-1 1.56317E-1 1.58415E-1
9.1051E-2 7.52164E-2 4.66311E-2 5.01133E-2 6.61147E-2 8.09339E-2 7.68391E-2 6.25878E-2 5.84816E-2 5.4863E-2 5.33053E-2 4.82376E-2 4.44969E-2 4.33559E-2 3.31276E-2 3.36293E-2 3.70848E-2 3.41991E-2 3.6252E-2 3.88147E-2 3.91789E-2 3.10218E-2 3.42664E-2 3.94886E-2 4.38893E-2 4.71734E-2 5.64825E-2 5.93055E-2 9.74343E-2 1.23497E-1 1.35878E-1 1.40772E-1 1.3229E-1 1.22353E-1 1.22999E-1 1.25171E-1 1.30189E-1 1.35789E-1 1.28925E-1 1.23186E-1 1.23754E-1 1.22589E-1 1.30041E-1 1.33909E-1 1.40055E-1 1.38829E-1 1.39717E-1 1.42903E-1 1.46816E-1 1.47368E-1 1.54536E-1 1.59374E-1 1.58712E-1 1.53925E-1 1.51967E-1 1.54134E-1 1.53278E-1 1.53532E-1 1.55299E-1 1.59406E-1 1.64184E-1
8.53565E-2 7.69248E-2 6.76205E-2 5.51075E-2 5.59257E-2 7.12981E-2 6.43617E-2 5.66844E-2 6.14335E-2 6.34216E-2 5.60813E-2 5.06624E-2 4.60082E-2 3.93479E-2 3.31015E-2 2.83791E-2 3.28304E-2 3.40909E-2 3.68428E-2 3.70643E-2 3.22812E-2 2.71906E-2 3.18467E-2 4.11175E-2 5.42191E-2 4.80942E-2 6.85629E-2 8.93599E-2 1.19253E-1 1.33448E-1 1.36347E-1 1.39383E-1 1.46321E-1 1.39037E-1 1.31764E-1 1.35534E-1 1.4493E-1 1.57054E-1 1.45356E-1 1.40048E-1 1.3373E-1 1.34939E-1 1.33783E-1 1.35097E-1 1.44635E-1 1.48064E-1 1.4506E-1 1.47699E-1 1.50583E-1 1.54426E-1 1.54402E-1 1.57159E-1 1.64841E-1 1.64403E-1 1.62987E-1 1.62029E-1 1.6171E-1 1.63087E-1 1.63863E-1 1.67726E-1 1.73202E-1
8.64631E-2 8.04935E-2 8.54771E-2 8.37766E-2 7.16675E-2 6.2407E-2 6.91835E-2 6.2819E-2 6.70098E-2 6.98637E-2 6.67609E-2 5.85819E-2 5.08573E-2 5.1699E-2 4.77102E-2 4.58079E-2 4.54667E-2 4.62511E-2 4.29492E-2 3.91316E-2 3.31334E-2 2.72079E-2 3.19013E-2 3.85391E-2 4.65032E-2 4.20227E-2 3.80183E-2 6.66763E-2 1.02422E-1 1.27134E-1 1.36208E-1 1.50802E-1 1.43854E-1 1.4125E-1 1.38452E-1 1.5559E-1 1.697E-1 1.69168E-1 1.60736E-1 1.58948E-1 1.40259E-1 1.37085E-1 1.40896E-1 1.44038E-1 1.51769E-1 1.6052E-1 1.59455E-1 1.58258E-1 1.6018E-1 1.63673E-1 1.59333E-1 1.59777E-1 1.66814E-1 1.69372E-1 1.70789E-1 1.64568E-1 1.63836E-1 1.69259E-1 1.70313E-1 1.72959E-1 1.74532E-1
9.15452E-2 8.55746E-2 8.14498E-2 8.03404E-2 8.77743E-2 8.05742E-2 6.33148E-2 6.7315E-2 6.22775E-2 7.03902E-2 7.23559E-2 5.34453E-2 5.04114E-2 5.51782E-2 4.26713E-2 4.09743E-2 4.97851E-2 4.98469E-2 4.41596E-2 4.51643E-2 3.96075E-2 2.90669E-2 3.27771E-2 3.87826E-2 4.22863E-2 4.4546E-2 4.31527E-2 5.2417E-2 7.41903E-2 1.05663E-1 1.31589E-1 1.2993E-1 1.31868E-1 1.32052E-1 1.37875E-1 1.56021E-1 1.57522E-1 1.51965E-1 1.47639E-1 1.50538E-1 1.4637E-1 1.45484E-1 1.50276E-1 1.52496E-1 1.5808E-1 1.6361E-1 1.65946E-1 1.67264E-1 1.67871E-1 1.68609E-1 1.71458E-1 1.70304E-1 1.72159E-1 1.74093E-1 1.75848E-1 1.76543E-1 1.80854E-1 1.75993E-1 1.71174E-1 1.75583E-1 1.77998E-1
8.70951E-2 8.55179E-2 8.73533E-2 8.51164E-2 8.93356E-2 9.10706E-2 8.33391E-2 7.75607E-2 7.10738E-2 5.69816E-2 6.14683E-2 5.30712E-2 4.97121E-2 5.47557E-2 5.12889E-2 4.05369E-2 4.08963E-2 5.15239E-2 4.42589E-2 3.89369E-2 3.53966E-2 3.45484E-2 3.46359E-2 4.50061E-2 4.10416E-2 4.35455E-2 4.03181E-2 4.65035E-2 8.34374E-2 1.01713E-1 1.25233E-1 1.37565E-1 1.29724E-1 1.31021E-1 1.39444E-1 1.41944E-1 1.36832E-1 1.36515E-1 1.50551E-1 1.55313E-1 1.52821E-1 1.54493E-1 1.57681E-1 1.61574E-1 1.62604E-1 1.70122E-1 1.74692E-1 1.74629E-1 1.76083E-1 1.7717E-1 1.7893E-1 1.78108E-1 1.80651E-1 1.81199E-1 1.8293E-1 1.84003E-1 1.85212E-1 1.84561E-1 1.82799E-1 1.81892E-1 1.9007E-1
8.32235E-2 8.11974E-2 8.81985E-2 8.80487E-2 7.69534E-2 8.04761E-2 9.614E-2 8.19254E-2 6.80435E-2 6.77952E-2 7.25069E-2 6.06519E-2 5.42182E-2 6.56704E-2 5.75948E-2 4.99084E-2 4.37566E-2 4.45873E-2 4.9495E-2 3.85829E-2 3.54815E-2 3.9239E-2 3.81871E-2 4.27502E-2 3.83705E-2 4.20966E-2 3.94009E-2 5.41172E-2 8.36198E-2 9.89425E-2 1.08557E-1 9.50209E-2 1.24293E-1 1.36799E-1 1.35852E-1 1.36279E-1 1.45241E-1 1.66361E-1 1.83124E-1 1.87084E-1 1.89105E-1 1.82016E-1 1.79348E-1 1.7843E-1 1.84708E-1 1.83633E-1 1.82372E-1 1.81332E-1 1.80939E-1 1.90628E-1 1.85633E-1 1.86321E-1 1.88002E-1 1.86249E-1 1.88383E-1 1.91892E-1 1.95655E-1 1.98466E-1 2.02117E-1 2.00511E-1 2.00347E-1
8.45172E-2 9.02708E-2 9.19835E-2 1.00602E-1 8.63573E-2 7.87928E-2 8.437E-2 8.92563E-2 8.02487E-2 7.49325E-2 7.98767E-2 8.03633E-2 7.66298E-2 6.79494E-2 6.06268E-2 5.15651E-2 4.45036E-2 4.01566E-2 4.07464E-2 3.64761E-2 3.48284E-2 3.81646E-2 3.89018E-2 3.60394E-2 4.09384E-2 4.33055E-2 3.68288E-2 6.4157E-2 7.67544E-2 8.24472E-2 9.24064E-2 9.69381E-2 8.30542E-2 9.72442E-2 1.22764E-1 1.45312E-1 1.57122E-1 1.80386E-1 1.9173E-1 1.98719E-1 2.04588E-1 1.88473E-1 1.88521E-1 1.83246E-1 1.7911E-1 1.79003E-1 1.79229E-1 1.77557E-1 1.82116E-1 1.88349E-1 1.82808E-1 1.84865E-1 1.87498E-1 1.85526E-1 1.91427E-1 1.94484E-1 2.00321E-1 2.08595E-1 2.0664E-1 2.03808E-1 2.03477E-1
8.89999E-2 9.11809E-2 9.4241E-2 9.7351E-2 9.35765E-2 7.81197E-2 7.90148E-2 8.28485E-2 8.33379E-2 8.15279E-2 8.13539E-2 8.14357E-2 8.16558E-2 6.51862E-2 5.87093E-2 4.86664E-2 4.84267E-2 4.58941E-2 3.9842E-2 4.34689E-2 3.43334E-2 3.71018E-2 3.86698E-2 4.07018E-2 4.40303E-2 4.1784E-2 3.9637E-2 7.03529E-2 8.99865E-2 9.88839E-2 1.08528E-1 1.10748E-1 1.08025E-1 9.79489E-2 1.06698E-1 1.33269E-1 1.4291E-1 1.5825E-1 1.66379E-1 1.84434E-1 1.81331E-1 1.74902E-1 1.73904E-1 1.70516E-1 1.7197E-1 1.7556E-1 1.76783E-1 1.80953E-1 1.85964E-1 1.85684E-1 1.85554E-1 1.86138E-1 1.92286E-1 1.94069E-1 1.94651E-1 2.00149E-1 2.03633E-1 2.09306E-1 2.10025E-1 2.06161E-1 2.09398E-1
9.65177E-2 9.32179E-2 8.8979E-2 8.36547E-2 8.86342E-2 7.84777E-2 8.2136E-2 8.37818E-2 7.79188E-2 7.95826E-2 8.07431E-2 8.24889E-2 7.97949E-2 6.25575E-2 5.9858E-2 4.8916E-2 4.72468E-2 4.82517E-2 4.27089E-2 4.66374E-2 4.25784E-2 4.68051E-2 4.47515E-2 4.78015E-2 4.97137E-2 4.37829E-2 4.5198E-2 7.34396E-2 1.04929E-1 1.09298E-1 1.02665E-1 1.10911E-1 1.0889E-1 1.04867E-1 1.15772E-1 1.28608E-1 1.42664E-1 1.52369E-1 1.66542E-1 1.72529E-1 1.69728E-1 1.76568E-1 1.78971E-1 1.76346E-1 1.78542E-1 1.77826E-1 1.80935E-1 1.85791E-1 1.86728E-1 1.90961E-1 1.89855E-1 1.96529E-1 1.9335E-1 1.86082E-1 1.91451E-1 1.97723E-1 2.02354E-1 2.08521E-1 2.09773E-1 2.1203E-1 2.14258E-1
1.01263E-1 9.17264E-2 7.86911E-2 7.85113E-2 8.9903E-2 8.943E-2 9.08045E-2 8.85448E-2 8.65324E-2 8.23684E-2 6.95621E-2 6.95256E-2 7.44802E-2 5.764E-2 5.78913E-2 4.9999E-2 5.08031E-2 5.40042E-2 5.00479E-2 5.60988E-2 5.73619E-2 6.89118E-2 5.91316E-2 5.52562E-2 5.8765E-2 4.75183E-2 4.34944E-2 6.13541E-2 1.06923E-1 1.07247E-1 1.05788E-1 1.11672E-1 1.16734E-1 1.2323E-1 1.28646E-1 1.3583E-1 1.48233E-1 1.59782E-1 1.66815E-1 1.6734E-1 1.62588E-1 1.74994E-1 1.80093E-1 1.77578E-1 1.73376E-1 1.71505E-1 1.76236E-1 1.83384E-1 1.89152E-1 1.95602E-1 2.0143E-1 2.00913E-1 1.93689E-1 1.9135E-1 1.94334E-1 2.01761E-1 2.06105E-1 2.09708E-1 2.1219E-1 2.12635E-1 2.2061E-1
9.69465E-2 8.38147E-2 6.47784E-2 6.17105E-2 7.69498E-2 9.56076E-2 9.26965E-2 8.92626E-2 8.76157E-2 8.14325E-2 7.13443E-2 6.34558E-2 6.8211E-2 5.41016E-2 4.83847E-2 4.84569E-2 4.54462E-2 5.15381E-2 6.63715E-2 7.45614E-2 8.343E-2 7.6782E-2 7.12439E-2 6.69284E-2 5.73326E-2 4.49673E-2 5.4965E-2 7.27433E-2 1.03393E-1 1.1016E-1 1.08099E-1 1.12046E-1 1.1485E-1 1.21538E-1 1.3778E-1 1.45833E-1 1.65169E-1 1.6699E-1 1.65002E-1 1.62352E-1 1.65347E-1 1.74431E-1 1.77076E-1 1.81358E-1 1.76746E-1 1.72218E-1 1.80243E-1 1.86534E-1 1.9768E-1 2.03587E-1 2.08657E-1 2.0945E-1 2.02827E-1 2.05315E-1 2.11977E-1 2.13706E-1 2.16883E-1 2.18757E-1 2.20616E-1 2.1902E-1 2.16894E-1
9.36604E-2 8.53103E-2 6.74338E-2 5.84215E-2 6.39721E-2 8.32541E-2 9.59192E-2 9.31851E-2 9.07325E-2 8.39957E-2 7.32515E-2 6.24638E-2 5.31381E-2 5.28159E-2 4.76153E-2 4.9736E-2 5.27035E-2 4.87545E-2 5.30934E-2 5.94025E-2 8.33507E-2 8.71699E-2 8.09484E-2 6.31444E-2 4.6487E-2 5.86063E-2 8.20527E-2 9.23052E-2 9.9726E-2 1.04761E-1 1.11986E-1 1.25305E-1 1.18488E-1 1.25275E-1 1.45251E-1 1.67322E-1 1.81273E-1 1.69858E-1 1.706E-1 1.74151E-1 1.72569E-1 1.75409E-1 1.83852E-1 1.8269E-1 1.79226E-1 1.7063E-1 1.81823E-1 1.87305E-1 2.00122E-1 2.05981E-1 2.14547E-1 2.16478E-1 2.1749E-1 2.19095E-1 2.21445E-1 2.20064E-1 2.20561E-1 2.21178E-1 2.23061E-1 2.23396E-1 2.26077E-1
