maxent_outputs/red_flowers_troch_bombus_environ/red_19.asc
ncols         426
nrows         180
xllcorner     -130.0
yllcorner     24.0
cellsize      0.16666666666666666
NODATA_value  -9999
[rows 108 to 134 of 180, columns 122 to 182 of 426]
1.00109E-2 1.05357E-2 1.02386E-2 9.53806E-3 1.07415E-2 1.252E-2 1.1281E-2 1.07687E-2 1.00327E-2 9.51085E-3 8.6554E-3 8.28389E-3 8.41976E-3 7.08954E-3 6.68924E-3 6.52724E-3 7.73453E-3 8.87759E-3 9.16361E-3 8.57789E-3 1.03962E-2 1.00196E-2 1.12917E-2 1.07448E-2 9.90743E-3 1.32849E-2 1.34347E-2 1.32092E-2 1.51203E-2 1.43409E-2 1.7535E-2 2.18483E-2 2.0054E-2 1.66414E-2 2.33473E-2 2.76432E-2 2.58099E-2 2.56691E-2 2.92232E-2 2.99034E-2 3.0558E-2 3.21367E-2 3.3623E-2 3.38998E-2 3.37217E-2 3.19425E-2 3.59214E-2 3.62322E-2 3.91818E-2 4.42989E-2 4.73427E-2 5.02396E-2 4.94513E-2 5.62674E-2 6.06303E-2 6.14219E-2 5.88199E-2 5.68375E-2 5.75555E-2 5.58936E-2 5.63425E-2
9.19447E-3 8.76035E-3 9.43126E-3 1.01009E-2 1.15591E-2 1.04162E-2 1.12538E-2 1.13452E-2 1.01337E-2 9.12144E-3 8.21848E-3 8.09375E-3 8.22868E-3 9.00137E-3 9.02788E-3 8.00887E-3 9.20154E-3 1.08059E-2 1.06558E-2 1.11374E-2 1.10591E-2 9.76839E-3 1.19429E-2 1.20844E-2 1.09641E-2 1.49036E-2 1.39837E-2 1.23165E-2 1.31362E-2 1.51164E-2 2.07051E-2 2.68509E-2 2.70419E-2 2.43088E-2 2.75282E-2 2.88041E-2 2.58238E-2 2.56656E-2 2.83845E-2 3.26558E-2 3.33155E-2 3.67235E-2 3.78593E-2 3.81364E-2 3.43014E-2 3.37131E-2 3.99511E-2 4.42567E-2 4.92037E-2 5.22558E-2 5.13071E-2 4.9038E-2 4.77401E-2 4.76931E-2 4.79562E-2 5.55166E-2 5.49209E-2 5.67802E-2 5.58479E-2 5.51326E-2 5.84885E-2
9.34172E-3 9.60711E-3 9.13151E-3 9.6128E-3 8.79817E-3 9.26006E-3 1.03352E-2 9.80687E-3 9.93204E-3 1.06433E-2 9.21958E-3 8.79554E-3 8.59451E-3 9.74331E-3 1.10144E-2 1.01237E-2 1.08177E-2 1.31555E-2 1.13537E-2 1.19579E-2 1.06984E-2 9.15904E-3 1.09478E-2 1.30692E-2 1.34244E-2 1.47234E-2 1.56186E-2 1.24614E-2 1.28525E-2 1.53992E-2 2.39827E-2 2.5126E-2 2.38105E-2 2.55536E-2 3.37669E-2 3.31208E-2 2.80228E-2 2.77417E-2 2.79807E-2 3.26264E-2 3.33881E-2 3.88826E-2 4.13793E-2 4.18003E-2 4.12907E-2 4.09526E-2 4.28001E-2 4.70727E-2 4.5071E-2 4.6485E-2 4.47412E-2 4.78181E-2 4.5513E-2 4.43767E-2 4.31422E-2 4.96812E-2 5.45426E-2 5.56714E-2 5.49139E-2 5.67802E-2 5.70077E-2
1.06434E-2 1.06077E-2 1.07665E-2 1.1916E-2 1.03334E-2 9.47366E-3 1.01192E-2 9.95567E-3 1.00725E-2 9.72497E-3 9.61127E-3 9.75686E-3 9.70645E-3 8.2092E-3 1.18171E-2 1.15061E-2 1.1274E-2 1.19547E-2 1.22274E-2 1.38306E-2 1.19254E-2 1.16855E-2 1.06201E-2 1.1328E-2 1.26474E-2 1.72756E-2 2.02441E-2 2.1552E-2 1.87305E-2 2.17628E-2 2.55688E-2 2.73411E-2 2.84882E-2 3.19852E-2 4.09133E-2 3.88606E-2 3.42469E-2 3.23126E-2 3.05408E-2 3.35175E-2 3.63536E-2 3.85217E-2 4.18655E-2 4.69632E-2 4.85957E-2 4.96118E-2 4.74361E-2 4.39275E-2 3.94029E-2 4.07093E-2 4.07933E-2 4.13958E-2 4.83131E-2 4.85316E-2 5.02762E-2 5.44501E-2 5.58373E-2 5.55607E-2 5.57453E-2 5.59948E-2 5.8256E-2
1.16554E-2 1.11407E-2 1.10104E-2 1.05533E-2 9.57571E-3 9.76047E-3 9.58913E-3 1.02133E-2 1.05393E-2 1.0981E-2 9.50735E-3 1.06841E-2 1.28742E-2 1.18063E-2 1.22734E-2 1.16824E-2 1.1266E-2 1.26226E-2 1.57715E-2 1.36E-2 1.18352E-2 1.05488E-2 1.05179E-2 1.00391E-2 1.36388E-2 1.85775E-2 2.01008E-2 1.90442E-2 1.86994E-2 1.95957E-2 2.37005E-2 2.8251E-2 3.00015E-2 3.24122E-2 3.85987E-2 3.53574E-2 3.09743E-2 3.08173E-2 2.99309E-2 3.07406E-2 3.28027E-2 3.11437E-2 2.9809E-2 3.25019E-2 3.65436E-2 4.17972E-2 4.76968E-2 4.07308E-2 3.43705E-2 3.64931E-2 4.0242E-2 4.3675E-2 4.79522E-2 5.47326E-2 5.62261E-2 5.93101E-2 6.70331E-2 6.28966E-2 5.76537E-2 5.74694E-2 5.86252E-2
1.15915E-2 1.16796E-2 1.16877E-2 1.02419E-2 1.01693E-2 1.07215E-2 1.00262E-2 7.92078E-3 9.36498E-3 1.09707E-2 1.18953E-2 1.15776E-2 1.29692E-2 1.28794E-2 1.21053E-2 1.29597E-2 1.18453E-2 1.52296E-2 1.87398E-2 1.4072E-2 1.0456E-2 1.049E-2 1.06238E-2 9.85489E-3 1.36971E-2 1.59924E-2 1.78237E-2 1.77149E-2 2.07543E-2 2.23175E-2 2.42622E-2 2.74243E-2 3.04008E-2 3.15989E-2 3.37883E-2 3.38091E-2 3.22668E-2 3.07491E-2 2.84441E-2 3.17382E-2 3.00826E-2 2.6971E-2 2.85466E-2 3.01786E-2 3.13866E-2 3.3956E-2 3.91806E-2 3.97286E-2 3.72463E-2 4.12406E-2 4.42548E-2 5.15017E-2 5.33099E-2 5.76211E-2 6.12048E-2 7.0052E-2 7.45791E-2 6.57382E-2 6.15087E-2 5.50374E-2 5.93349E-2
1.23521E-2 1.24585E-2 1.17998E-2 1.11947E-2 1.03255E-2 1.01723E-2 9.62507E-3 7.91434E-3 7.71329E-3 9.89151E-3 1.23951E-2 1.15299E-2 1.23485E-2 1.29667E-2 1.1692E-2 1.32703E-2 1.24382E-2 1.43849E-2 1.35355E-2 1.37775E-2 1.18355E-2 1.05151E-2 1.06344E-2 1.11348E-2 1.21716E-2 1.57531E-2 1.80927E-2 1.90663E-2 2.06453E-2 2.54821E-2 2.47375E-2 2.36079E-2 2.34687E-2 2.5956E-2 2.99985E-2 3.08978E-2 3.11963E-2 2.78026E-2 2.66536E-2 2.74108E-2 2.63716E-2 2.79042E-2 2.77662E-2 3.09079E-2 3.20263E-2 3.66221E-2 3.93275E-2 4.22781E-2 5.91911E-2 5.87672E-2 5.71425E-2 6.07854E-2 6.05538E-2 6.53281E-2 7.02216E-2 7.53339E-2 8.01485E-2 6.8968E-2 6.94053E-2 6.38074E-2 5.75006E-2
1.22154E-2 1.18561E-2 1.12212E-2 1.1563E-2 1.05107E-2 8.95804E-3 7.90118E-3 7.52083E-3 8.50726E-3 8.46236E-3 9.86392E-3 9.61831E-3 1.04768E-2 1.36226E-2 1.3504E-2 1.49205E-2 1.31962E-2 1.47574E-2 1.39398E-2 1.52602E-2 1.1752E-2 1.00705E-2 1.05756E-2 1.0904E-2 1.19652E-2 1.35924E-2 1.69083E-2 1.85344E-2 1.87059E-2 2.19367E-2 2.77457E-2 2.53555E-2 2.5399E-2 2.40503E-2 2.19191E-2 2.12479E-2 2.13541E-2 2.25778E-2 2.40916E-2 2.53115E-2 2.68084E-2 2.93324E-2 3.09278E-2 3.23889E-2 3.42931E-2 3.42726E-2 3.6127E-2 3.58957E-2 4.12342E-2 6.18594E-2 8.09729E-2 7.13606E-2 7.60298E-2 7.83635E-2 8.70342E-2 8.17857E-2 8.32109E-2 8.66358E-2 7.75897E-2 6.84013E-2 5.75174E-2
1.35418E-2 1.23533E-2 1.17472E-2 1.15416E-2 1.04535E-2 1.00172E-2 8.90434E-3 8.40767E-3 8.12469E-3 7.38806E-3 9.21685E-3 1.12138E-2 1.21131E-2 1.36129E-2 1.4557E-2 1.42713E-2 1.32917E-2 1.31718E-2 1.38891E-2 1.58999E-2 1.15543E-2 1.15234E-2 1.19043E-2 1.16298E-2 1.27431E-2 1.31231E-2 1.49616E-2 1.74976E-2 1.8288E-2 2.11063E-2 2.35079E-2 2.7004E-2 2.66835E-2 2.61953E-2 2.63698E-2 2.37871E-2 2.29413E-2 2.53522E-2 2.70312E-2 2.74106E-2 2.77771E-2 3.00089E-2 3.20319E-2 3.24601E-2 3.40247E-2 3.60527E-2 3.55411E-2 4.00453E-2 4.36449E-2 6.02765E-2 8.16573E-2 9.01337E-2 9.17858E-2 9.35329E-2 9.18225E-2 9.2609E-2 9.5957E-2 9.38263E-2 8.20235E-2 7.04661E-2 6.49028E-2
1.37803E-2 1.44234E-2 1.34136E-2 1.16095E-2 1.02757E-2 9.09339E-3 9.2027E-3 8.64252E-3 7.99838E-3 7.74493E-3 1.03399E-2 1.19091E-2 1.30403E-2 1.43707E-2 1.51926E-2 1.68039E-2 1.43008E-2 1.28098E-2 1.47784E-2 1.44247E-2 1.1806E-2 1.09266E-2 1.26306E-2 1.29582E-2 1.3804E-2 1.55427E-2 1.5686E-2 1.65126E-2 1.79795E-2 2.03863E-2 2.14711E-2 2.46798E-2 2.84913E-2 2.83193E-2 2.92908E-2 2.69019E-2 2.54199E-2 2.62203E-2 2.8947E-2 2.85499E-2 2.87771E-2 3.07107E-2 3.24611E-2 3.43126E-2 3.58849E-2 3.94479E-2 4.018E-2 4.14845E-2 4.39427E-2 4.76629E-2 5.29743E-2 8.46424E-2 9.53528E-2 9.45559E-2 9.42919E-2 9.57369E-2 9.25649E-2 8.2748E-2 7.8912E-2 7.3294E-2 6.65155E-2
1.20781E-2 1.30496E-2 1.25704E-2 1.08625E-2 9.83493E-3 8.76183E-3 8.26102E-3 8.86718E-3 8.03893E-3 8.27506E-3 1.08773E-2 1.08363E-2 1.03699E-2 1.26438E-2 1.54565E-2 1.53218E-2 1.53971E-2 1.38402E-2 1.57283E-2 1.40625E-2 1.29903E-2 1.14942E-2 1.24134E-2 1.37289E-2 1.46468E-2 1.71061E-2 1.68881E-2 1.72324E-2 1.85466E-2 2.14625E-2 2.2692E-2 2.67561E-2 3.00235E-2 3.01597E-2 2.82462E-2 2.99008E-2 3.01645E-2 2.83193E-2 2.81719E-2 2.86707E-2 2.95837E-2 3.17627E-2 3.41884E-2 3.68923E-2 3.97783E-2 4.29619E-2 4.50346E-2 4.84015E-2 5.11084E-2 5.12004E-2 5.7169E-2 9.15544E-2 9.54205E-2 9.17946E-2 8.58162E-2 9.00935E-2 1.00302E-1 8.81015E-2 7.67103E-2 7.13088E-2 6.75074E-2
1.09455E-2 1.19681E-2 1.2074E-2 1.01703E-2 8.78042E-3 8.96601E-3 9.41387E-3 8.94668E-3 9.94886E-3 9.13121E-3 9.79264E-3 9.02149E-3 9.21427E-3 1.11555E-2 1.42256E-2 1.70498E-2 1.76061E-2 1.68351E-2 1.59633E-2 1.34568E-2 1.41152E-2 1.24772E-2 1.27498E-2 1.2955E-2 1.42679E-2 1.75089E-2 1.88602E-2 1.93666E-2 2.04052E-2 2.12815E-2 2.40935E-2 2.68588E-2 2.77043E-2 2.84065E-2 2.80605E-2 2.8587E-2 3.05996E-2 3.03076E-2 3.26319E-2 3.35909E-2 3.33004E-2 3.31693E-2 3.46444E-2 3.91848E-2 4.06365E-2 4.51731E-2 4.88202E-2 5.07933E-2 5.49569E-2 5.64007E-2 5.70807E-2 7.2381E-2 9.32828E-2 8.78801E-2 8.9894E-2 8.8078E-2 8.67296E-2 7.89788E-2 7.40889E-2 6.8406E-2 7.24335E-2
1.23695E-2 8.51341E-3 9.60554E-3 1.11977E-2 9.73513E-3 9.5164E-3 9.73689E-3 9.14681E-3 8.77449E-3 8.12769E-3 8.73762E-3 9.35305E-3 1.16366E-2 1.47767E-2 1.73754E-2 1.98616E-2 1.85444E-2 1.63651E-2 1.44539E-2 1.46697E-2 1.50956E-2 1.49412E-2 1.36748E-2 1.43604E-2 1.44246E-2 1.50737E-2 1.70581E-2 2.05594E-2 2.26834E-2 2.32177E-2 2.42519E-2 2.62952E-2 2.7742E-2 2.72802E-2 2.68717E-2 2.83027E-2 2.93368E-2 2.97505E-2 3.08676E-2 3.1102E-2 3.21516E-2 3.45247E-2 3.66515E-2 4.0269E-2 4.23659E-2 4.56606E-2 5.35183E-2 5.42538E-2 5.71095E-2 5.77202E-2 5.87874E-2 6.40493E-2 7.79341E-2 8.42307E-2 8.40976E-2 8.62725E-2 8.32278E-2 8.20108E-2 7.57553E-2 7.87188E-2 8.0543E-2
1.32716E-2 1.1341E-2 1.10782E-2 1.23872E-2 1.19663E-2 1.19453E-2 1.09079E-2 1.02536E-2 8.2412E-3 8.88574E-3 9.68777E-3 1.05052E-2 1.24073E-2 1.7684E-2 1.90587E-2 1.92787E-2 1.70674E-2 1.52912E-2 1.44766E-2 1.82614E-2 1.82082E-2 1.74164E-2 1.73691E-2 1.67094E-2 1.56597E-2 1.68746E-2 1.89329E-2 2.16144E-2 2.3548E-2 2.58637E-2 2.72162E-2 2.60364E-2 2.77079E-2 2.74922E-2 2.40066E-2 2.58038E-2 2.68243E-2 2.77154E-2 3.00656E-2 3.2319E-2 3.59865E-2 3.82229E-2 4.04018E-2 4.28342E-2 4.40501E-2 5.03787E-2 5.56304E-2 6.13729E-2 6.50549E-2 5.97758E-2 6.2996E-2 6.37077E-2 7.68344E-2 7.4987E-2 7.67083E-2 7.72934E-2 7.65548E-2 8.21547E-2 8.78067E-2 8.39865E-2 8.8117E-2
1.60415E-2 1.57998E-2 1.61996E-2 1.5169E-2 1.50291E-2 1.28385E-2 9.96407E-3 8.45257E-3 8.52915E-3 8.51188E-3 8.25641E-3 1.19791E-2 1.50281E-2 2.12626E-2 2.25425E-2 1.97199E-2 1.75278E-2 1.65386E-2 1.56201E-2 2.24194E-2 2.19501E-2 2.12892E-2 2.13109E-2 1.64831E-2 1.39346E-2 1.69831E-2 1.90202E-2 2.47725E-2 2.71401E-2 2.78715E-2 2.99534E-2 2.58877E-2 2.73447E-2 2.79287E-2 2.69386E-2 2.59335E-2 2.65952E-2 2.88481E-2 3.06278E-2 3.18275E-2 3.82105E-2 4.18615E-2 4.19463E-2 4.28891E-2 4.67874E-2 5.42305E-2 7.64152E-2 7.27326E-2 7.24343E-2 6.50804E-2 6.3907E-2 7.6105E-2 7.65985E-2 7.59615E-2 7.62104E-2 7.51248E-2 7.64857E-2 8.64626E-2 8.56798E-2 8.9838E-2 9.39046E-2
1.88579E-2 1.87742E-2 2.0763E-2 1.75961E-2 1.62367E-2 1.49165E-2 1.12907E-2 8.47432E-3 9.5392E-3 9.66476E-3 1.03264E-2 1.39475E-2 1.82491E-2 2.56858E-2 2.3794E-2 2.5064E-2 2.06894E-2 2.07979E-2 2.1482E-2 2.96075E-2 2.9921E-2 2.79012E-2 2.12364E-2 1.54296E-2 1.50154E-2 1.85136E-2 1.94354E-2 2.58146E-2 3.12199E-2 3.0502E-2 3.40554E-2 3.01491E-2 2.89556E-2 2.78141E-2 2.99445E-2 2.8791E-2 2.88743E-2 3.12806E-2 3.35641E-2 3.406E-2 3.73661E-2 4.0575E-2 4.38683E-2 4.48486E-2 5.03859E-2 5.48023E-2 6.16287E-2 6.67605E-2 7.23263E-2 8.43226E-2 7.72543E-2 7.74205E-2 6.97865E-2 7.28169E-2 8.35866E-2 8.20433E-2 8.3114E-2 8.91733E-2 9.26174E-2 9.12882E-2 9.47071E-2
2.42012E-2 2.09587E-2 2.70007E-2 2.24754E-2 1.9629E-2 1.64731E-2 1.37551E-2 1.19038E-2 1.13729E-2 1.07958E-2 1.27156E-2 1.63115E-2 2.15365E-2 2.33217E-2 2.66721E-2 2.77998E-2 2.16869E-2 2.25943E-2 3.01344E-2 3.25567E-2 3.13201E-2 3.05041E-2 2.4508E-2 1.63735E-2 1.47771E-2 1.5557E-2 1.84863E-2 2.37459E-2 3.19239E-2 3.39245E-2 3.41516E-2 3.39531E-2 3.21076E-2 3.02244E-2 3.2904E-2 2.85444E-2 2.97557E-2 3.31527E-2 3.58618E-2 3.76263E-2 4.07678E-2 4.34241E-2 4.34573E-2 4.83316E-2 5.39511E-2 5.65729E-2 6.02877E-2 6.21793E-2 6.22886E-2 7.76316E-2 8.21935E-2 7.77925E-2 7.28904E-2 7.9686E-2 8.58501E-2 9.19897E-2 9.76825E-2 1.05153E-1 9.79735E-2 9.64304E-2 9.63263E-2
3.51608E-2 3.63968E-2 3.47092E-2 2.11045E-2 1.56881E-2 1.65726E-2 1.73341E-2 1.64845E-2 1.43546E-2 1.26594E-2 1.38379E-2 1.74938E-2 2.2976E-2 2.70545E-2 3.3159E-2 2.63233E-2 2.35975E-2 2.64228E-2 3.71343E-2 3.20018E-2 3.03649E-2 3.37699E-2 2.92944E-2 1.67191E-2 1.45239E-2 1.65215E-2 1.93581E-2 2.61531E-2 3.43614E-2 3.52509E-2 3.52719E-2 3.42259E-2 3.41894E-2 3.45955E-2 3.62789E-2 2.72754E-2 2.95124E-2 3.38978E-2 3.85928E-2 4.06303E-2 4.24685E-2 4.73491E-2 4.70581E-2 5.09612E-2 5.56392E-2 5.56653E-2 5.92879E-2 6.04361E-2 6.62086E-2 8.63063E-2 9.41685E-2 8.96238E-2 8.29852E-2 8.54379E-2 9.31256E-2 9.54547E-2 1.04002E-1 1.07703E-1 1.02262E-1 9.98077E-2 1.12578E-1
5.81761E-2 4.98232E-2 3.87007E-2 2.97237E-2 2.11569E-2 2.07815E-2 2.00885E-2 1.92947E-2 1.69443E-2 1.57828E-2 1.62146E-2 2.00835E-2 2.49765E-2 2.90165E-2 3.46106E-2 2.85103E-2 2.53878E-2 2.8249E-2 3.93027E-2 3.77595E-2 3.2825E-2 3.31609E-2 3.40814E-2 1.66985E-2 1.69273E-2 1.80084E-2 2.20283E-2 2.80804E-2 3.37501E-2 3.70036E-2 3.91202E-2 4.09332E-2 3.7484E-2 3.63486E-2 3.69978E-2 2.92595E-2 3.10923E-2 3.54001E-2 4.16871E-2 4.39852E-2 4.67558E-2 4.65771E-2 4.87651E-2 5.41872E-2 5.76984E-2 5.80096E-2 5.59927E-2 6.20358E-2 6.47567E-2 8.40903E-2 9.00673E-2 7.77891E-2 8.71395E-2 9.21726E-2 9.72728E-2 1.04327E-1 1.12013E-1 1.0787E-1 1.02673E-1 1.08163E-1 1.10659E-1
5.08281E-2 4.70735E-2 3.84948E-2 3.00173E-2 2.94809E-2 2.84451E-2 2.55657E-2 1.95202E-2 1.96749E-2 2.17101E-2 2.21474E-2 2.3092E-2 2.69466E-2 2.95114E-2 3.24058E-2 3.29545E-2 2.67606E-2 2.59122E-2 3.62974E-2 3.8721E-2 3.00489E-2 3.16248E-2 3.14953E-2 1.65884E-2 1.67498E-2 1.68928E-2 2.26977E-2 2.82515E-2 3.53086E-2 3.89238E-2 4.00637E-2 4.07085E-2 4.12925E-2 3.91111E-2 3.9452E-2 3.47524E-2 3.48333E-2 4.0397E-2 4.65689E-2 5.06063E-2 4.84917E-2 4.69607E-2 5.0311E-2 5.43907E-2 5.54808E-2 5.07362E-2 5.58765E-2 6.68226E-2 8.30011E-2 8.38103E-2 7.86703E-2 8.79783E-2 9.3766E-2 9.01188E-2 9.8801E-2 9.83609E-2 1.07035E-1 1.09582E-1 1.02053E-1 1.08004E-1 1.16212E-1
4.19046E-2 4.52211E-2 3.84708E-2 2.99139E-2 2.59762E-2 2.26687E-2 2.17949E-2 2.14683E-2 2.17336E-2 2.20596E-2 2.64104E-2 2.68969E-2 3.0191E-2 2.73369E-2 3.16844E-2 3.8127E-2 3.08771E-2 2.593E-2 3.14386E-2 4.18134E-2 3.1947E-2 3.22681E-2 3.35272E-2 2.62355E-2 2.05775E-2 1.92378E-2 2.34932E-2 2.59407E-2 3.18526E-2 3.9995E-2 4.78814E-2 5.11848E-2 5.07099E-2 4.75891E-2 4.72483E-2 4.64513E-2 4.67855E-2 4.91672E-2 5.63927E-2 5.33411E-2 5.03435E-2 4.99114E-2 5.19514E-2 5.77948E-2 5.20173E-2 5.32492E-2 5.56286E-2 6.34622E-2 8.19521E-2 8.40332E-2 8.60509E-2 8.90004E-2 9.69269E-2 8.53342E-2 8.38894E-2 8.8309E-2 1.0136E-1 1.07977E-1 1.0935E-1 1.15722E-1 1.11829E-1
4.13929E-2 3.59245E-2 3.55886E-2 3.36479E-2 2.30779E-2 2.20036E-2 2.45609E-2 2.55598E-2 2.51353E-2 2.51222E-2 2.51013E-2 3.64848E-2 3.67775E-2 2.84282E-2 3.12469E-2 3.04215E-2 3.67306E-2 3.55557E-2 3.58511E-2 4.21529E-2 3.40726E-2 3.57981E-2 3.18964E-2 2.57812E-2 2.68174E-2 2.74559E-2 3.30129E-2 2.95167E-2 2.77075E-2 4.02192E-2 5.07641E-2 6.76638E-2 6.5954E-2 5.54093E-2 5.41283E-2 5.06819E-2 4.65687E-2 5.38133E-2 6.11349E-2 6.18083E-2 5.80721E-2 6.02358E-2 7.06485E-2 6.68078E-2 6.41907E-2 6.41392E-2 6.00279E-2 6.0414E-2 6.31941E-2 6.81814E-2 8.32617E-2 9.14453E-2 1.0295E-1 8.87228E-2 7.79673E-2 9.0041E-2 9.34389E-2 1.08153E-1 1.20909E-1 1.35304E-1 1.04124E-1
4.4874E-2 4.13727E-2 3.71483E-2 4.06292E-2 2.75615E-2 2.98814E-2 2.66673E-2 2.65439E-2 2.70202E-2 3.03876E-2 2.93718E-2 3.46255E-2 3.81491E-2 3.35931E-2 3.02778E-2 2.81014E-2 3.0569E-2 4.45796E-2 4.07029E-2 4.28671E-2 3.28794E-2 3.15192E-2 2.83202E-2 2.53645E-2 2.84699E-2 3.22595E-2 3.91936E-2 4.30484E-2 3.22531E-2 3.51105E-2 5.14148E-2 6.26808E-2 5.84029E-2 6.12284E-2 5.67041E-2 5.10752E-2 4.98578E-2 5.86771E-2 6.40866E-2 6.34453E-2 6.21913E-2 6.9948E-2 7.8906E-2 7.77918E-2 7.06022E-2 6.65499E-2 6.06848E-2 6.87317E-2 7.06174E-2 8.01735E-2 8.88481E-2 9.97346E-2 1.02771E-1 1.06963E-1 8.70043E-2 8.03062E-2 8.45468E-2 9.22455E-2 1.05474E-1 1.09668E-1 9.78193E-2
3.6353E-2 3.38261E-2 3.73445E-2 3.55537E-2 3.21851E-2 3.12498E-2 3.07773E-2 2.71327E-2 2.71813E-2 2.99379E-2 3.08335E-2 3.50865E-2 5.60042E-2 3.99608E-2 3.49993E-2 3.56561E-2 3.19286E-2 3.58417E-2 4.17568E-2 3.5582E-2 3.07116E-2 3.36382E-2 2.74897E-2 2.53272E-2 3.1182E-2 3.60079E-2 3.91706E-2 4.25511E-2 3.37905E-2 3.17981E-2 5.34487E-2 4.92958E-2 4.78813E-2 5.19852E-2 5.7053E-2 5.15358E-2 5.31958E-2 5.98277E-2 6.75494E-2 6.83351E-2 7.12509E-2 8.22587E-2 9.12773E-2 9.62766E-2 7.92092E-2 7.71527E-2 6.90018E-2 7.29045E-2 8.0239E-2 7.4341E-2 8.68595E-2 9.08285E-2 1.05693E-1 1.1335E-1 1.03184E-1 1.03233E-1 1.13908E-1 1.05777E-1 1.07841E-1 1.05033E-1 9.48215E-2
3.18861E-2 3.11206E-2 2.54988E-2 3.4129E-2 3.52179E-2 3.02141E-2 3.55789E-2 3.60074E-2 3.46605E-2 3.76507E-2 4.04921E-2 4.95318E-2 4.76147E-2 4.07652E-2 4.02353E-2 4.38646E-2 3.69236E-2 3.27157E-2 5.06258E-2 4.91394E-2 3.12872E-2 3.35277E-2 2.67623E-2 2.6016E-2 2.97545E-2 3.86073E-2 4.28233E-2 4.50374E-2 4.19091E-2 4.34297E-2 4.83869E-2 4.60781E-2 4.96342E-2 5.07462E-2 5.47479E-2 5.75901E-2 5.76968E-2 6.73684E-2 7.50999E-2 7.71462E-2 7.66501E-2 9.55387E-2 1.05161E-1 1.19307E-1 1.04409E-1 9.66877E-2 8.97236E-2 9.25948E-2 8.47837E-2 7.85979E-2 7.9194E-2 8.40145E-2 8.60856E-2 9.85722E-2 1.23167E-1 1.28704E-1 1.25885E-1 1.16935E-1 1.09847E-1 1.0077E-1 8.9435E-2
4.18029E-2 3.21409E-2 3.09722E-2 3.59436E-2 3.22914E-2 2.82157E-2 3.99025E-2 4.372E-2 4.53683E-2 4.40064E-2 4.95282E-2 4.67131E-2 5.01724E-2 4.59174E-2 4.32474E-2 3.66214E-2 3.32374E-2 3.03427E-2 4.14916E-2 6.15601E-2 3.764E-2 3.08583E-2 2.99352E-2 2.65893E-2 2.87966E-2 3.22089E-2 4.04423E-2 4.35762E-2 4.55476E-2 4.54066E-2 4.66767E-2 4.43263E-2 4.9618E-2 5.10606E-2 5.50081E-2 5.96548E-2 6.42242E-2 6.92641E-2 7.70353E-2 8.25224E-2 8.26768E-2 9.1457E-2 1.11693E-1 1.11963E-1 1.12692E-1 1.09136E-1 1.00878E-1 9.30743E-2 8.5994E-2 8.41377E-2 8.55176E-2 9.10641E-2 9.78333E-2 1.03395E-1 1.06361E-1 1.22694E-1 1.31749E-1 1.29742E-1 1.14709E-1 9.93322E-2 8.76784E-2
4.46426E-2 4.41513E-2 3.88908E-2 3.51115E-2 2.63081E-2 3.0824E-2 4.05698E-2 4.26806E-2 4.84337E-2 4.52327E-2 5.83428E-2 5.66521E-2 5.46115E-2 4.85411E-2 3.99016E-2 3.71029E-2 3.41638E-2 3.2991E-2 3.35304E-2 4.00194E-2 4.17846E-2 3.03472E-2 3.01975E-2 2.81558E-2 2.88529E-2 3.1968E-2 3.67486E-2 4.44391E-2 4.80309E-2 5.14413E-2 4.44867E-2 4.49629E-2 5.0297E-2 5.53984E-2 5.97109E-2 6.48395E-2 6.93581E-2 7.44014E-2 7.50376E-2 7.80557E-2 7.99145E-2 9.51794E-2 9.68747E-2 1.02198E-1 1.11315E-1 1.08614E-1 9.97987E-2 9.62367E-2 9.11416E-2 9.23149E-2 9.97626E-2 1.00691E-1 1.04361E-1 1.15292E-1 1.19158E-1 1.19982E-1 1.17823E-1 1.1967E-1 1.16008E-1 1.19326E-1 1.09147E-1
