maxent_outputs/red_flowers_troch_bombus_environ/red_177.asc
ncols         426
nrows         180
xllcorner     -130.0
yllcorner     24.0
cellsize      0.16666666666666666
NODATA_value  -9999
[rows 135 to 161 of 180, columns 183 to 243 of 426]
6.19869E-1 6.37558E-1 6.392E-1 6.43506E-1 6.59416E-1 6.75576E-1 6.65754E-1 6.47981E-1 6.56705E-1 6.49654E-1 6.59998E-1 6.64175E-1 6.66495E-1 6.74878E-1 6.67852E-1 6.74833E-1 6.7959E-1 6.93646E-1 7.25561E-1 7.39329E-1 7.49559E-1 7.6202E-1 7.6377E-1 7.78645E-1 7.81251E-1 7.88438E-1 7.81023E-1 7.72386E-1 7.77145E-1 7.72586E-1 7.78264E-1 7.71654E-1 7.59482E-1 7.68773E-1 8.00051E-1 7.82608E-1 7.67379E-1 7.66293E-1 7.65234E-1 7.71206E-1 7.78224E-1 7.85247E-1 8.02835E-1 8.03278E-1 8.0966E-1 8.08442E-1 8.0774E-1 8.15943E-1 8.18898E-1 8.12403E-1 8.12308E-1 8.21573E-1 8.26186E-1 8.28431E-1 8.28986E-1 8.23917E-1 8.18488E-1 8.15696E-1 8.20437E-1 8.20364E-1 8.18919E-1
6.46701E-1 6.52169E-1 6.47211E-1 6.44603E-1 6.46562E-1 6.50498E-1 6.65064E-1 6.47722E-1 6.48083E-1 6.52905E-1 6.67287E-1 6.89598E-1 6.88485E-1 6.85582E-1 6.82426E-1 6.90263E-1 6.97632E-1 7.2024E-1 7.30653E-1 7.451E-1 7.5929E-1 7.54832E-1 7.59938E-1 7.7326E-1 7.75664E-1 7.77268E-1 7.7018E-1 7.69428E-1 7.70506E-1 7.68438E-1 7.93644E-1 8.07534E-1 7.82668E-1 7.78549E-1 7.93199E-1 7.96345E-1 7.79222E-1 7.70943E-1 7.70573E-1 7.75024E-1 7.85219E-1 8.01301E-1 8.06287E-1 8.05174E-1 8.06011E-1 8.04546E-1 8.08893E-1 8.24659E-1 8.36599E-1 8.31844E-1 8.36774E-1 8.37661E-1 8.38858E-1 8.43435E-1 8.47452E-1 8.4281E-1 8.41682E-1 8.40083E-1 8.37801E-1 8.36563E-1 8.36597E-1
6.45057E-1 6.38415E-1 6.47676E-1 6.65057E-1 6.69013E-1 6.56556E-1 6.60835E-1 6.53464E-1 6.41219E-1 6.59823E-1 6.70815E-1 7.01364E-1 6.96387E-1 6.93456E-1 6.97658E-1 7.01738E-1 7.16593E-1 7.34701E-1 7.46825E-1 7.55305E-1 7.58365E-1 7.54128E-1 7.53151E-1 7.61499E-1 7.62127E-1 7.60532E-1 7.64253E-1 7.62654E-1 7.68073E-1 7.71573E-1 7.73373E-1 7.9437E-1 8.11118E-1 7.92213E-1 7.88736E-1 7.80393E-1 7.77841E-1 7.81898E-1 7.92053E-1 7.83158E-1 7.82252E-1 8.00302E-1 8.10809E-1 8.20349E-1 8.12185E-1 8.05291E-1 8.16834E-1 8.37505E-1 8.51256E-1 8.51441E-1 8.52005E-1 8.47657E-1 8.54059E-1 8.577E-1 8.61018E-1 8.57867E-1 8.61231E-1 8.57145E-1 8.51589E-1 8.50542E-1 8.47988E-1
6.45387E-1 6.55755E-1 6.58889E-1 6.60818E-1 6.49799E-1 6.55704E-1 6.65711E-1 6.70022E-1 6.56762E-1 6.65676E-1 6.8877E-1 6.93902E-1 6.92591E-1 6.99806E-1 7.12561E-1 7.22014E-1 7.30581E-1 7.43663E-1 7.55793E-1 7.56413E-1 7.56365E-1 7.5431E-1 7.60428E-1 7.59173E-1 7.61093E-1 7.69841E-1 7.54212E-1 7.65732E-1 7.78742E-1 7.80429E-1 7.85822E-1 7.84287E-1 7.93345E-1 7.96574E-1 7.93169E-1 7.88786E-1 7.91253E-1 7.89127E-1 7.93552E-1 7.89284E-1 7.88117E-1 7.95459E-1 8.10876E-1 8.26193E-1 8.23607E-1 8.17737E-1 8.23615E-1 8.43275E-1 8.55059E-1 8.61785E-1 8.59897E-1 8.59445E-1 8.652E-1 8.66578E-1 8.71228E-1 8.72526E-1 8.76405E-1 8.73239E-1 8.67822E-1 8.61024E-1 8.59985E-1
6.44544E-1 6.44133E-1 6.32045E-1 6.29193E-1 6.29482E-1 6.34844E-1 6.6225E-1 6.73151E-1 6.71452E-1 6.7301E-1 6.97525E-1 7.0402E-1 7.12144E-1 7.13152E-1 7.21017E-1 7.43411E-1 7.48197E-1 7.46622E-1 7.62689E-1 7.61785E-1 7.64559E-1 7.69173E-1 7.71883E-1 7.78803E-1 7.76526E-1 7.81956E-1 8.06398E-1 7.73855E-1 7.81874E-1 7.87114E-1 7.94884E-1 8.00135E-1 8.07442E-1 8.11283E-1 8.03046E-1 8.04322E-1 8.12143E-1 8.14919E-1 8.19951E-1 8.13828E-1 8.1167E-1 8.09879E-1 8.13056E-1 8.24375E-1 8.24059E-1 8.29818E-1 8.38709E-1 8.51244E-1 8.60744E-1 8.6312E-1 8.63545E-1 8.71074E-1 8.69184E-1 8.66457E-1 8.70454E-1 8.80494E-1 8.81965E-1 8.82733E-1 8.8216E-1 8.76782E-1 8.73383E-1
6.67098E-1 6.73522E-1 6.76304E-1 6.81015E-1 6.76525E-1 6.76954E-1 6.5716E-1 6.60378E-1 6.93175E-1 6.94273E-1 6.9877E-1 6.99089E-1 7.09916E-1 7.15044E-1 7.35849E-1 7.45476E-1 7.55256E-1 7.53656E-1 7.6292E-1 7.67957E-1 7.72753E-1 7.71662E-1 7.82267E-1 7.86534E-1 7.77761E-1 7.77151E-1 7.94728E-1 7.83374E-1 7.92409E-1 7.95003E-1 8.0184E-1 8.12225E-1 8.19761E-1 8.21319E-1 8.23438E-1 8.30642E-1 8.39207E-1 8.44447E-1 8.43118E-1 8.4379E-1 8.42307E-1 8.36404E-1 8.35989E-1 8.33186E-1 8.28417E-1 8.38988E-1 8.53481E-1 8.58583E-1 8.63688E-1 8.70224E-1 8.68362E-1 8.66917E-1 8.63737E-1 8.64028E-1 8.69771E-1 8.73224E-1 8.76765E-1 8.83271E-1 8.88147E-1 8.89243E-1 8.90636E-1
6.91737E-1 7.14175E-1 7.23535E-1 7.34357E-1 7.26264E-1 7.07439E-1 6.93826E-1 6.75029E-1 6.86718E-1 7.10285E-1 7.18832E-1 6.94524E-1 7.05129E-1 7.27003E-1 7.34822E-1 7.38558E-1 7.47348E-1 7.59683E-1 7.63193E-1 7.70651E-1 7.63206E-1 7.77018E-1 7.79561E-1 8.06243E-1 7.8777E-1 7.83848E-1 8.00513E-1 8.08096E-1 8.14754E-1 8.09672E-1 8.13045E-1 8.16137E-1 8.22649E-1 8.30279E-1 8.52122E-1 8.5938E-1 8.65461E-1 8.66289E-1 8.66287E-1 8.69974E-1 8.67689E-1 8.5859E-1 8.56134E-1 8.50168E-1 8.3447E-1 8.43418E-1 8.58382E-1 8.57558E-1 8.57626E-1 8.65248E-1 8.74276E-1 8.68086E-1 8.62599E-1 8.70415E-1 8.80189E-1 8.8016E-1 8.85724E-1 8.80796E-1 8.9147E-1 8.97393E-1 9.05281E-1
7.01962E-1 7.18286E-1 7.26154E-1 7.27013E-1 7.25059E-1 7.22647E-1 7.04949E-1 6.93647E-1 7.03328E-1 7.04793E-1 7.11406E-1 6.95652E-1 7.02499E-1 7.26519E-1 7.31124E-1 7.35612E-1 7.49328E-1 7.7856E-1 7.71709E-1 7.71181E-1 7.65626E-1 7.81816E-1 7.89335E-1 8.04791E-1 8.17899E-1 8.12641E-1 8.2008E-1 8.22418E-1 8.23535E-1 8.22367E-1 8.26987E-1 8.34342E-1 8.44943E-1 8.5134E-1 8.69767E-1 8.72925E-1 8.77089E-1 8.8703E-1 8.78632E-1 8.77705E-1 8.75202E-1 8.69709E-1 8.59727E-1 8.48984E-1 8.41867E-1 8.41646E-1 8.52121E-1 8.55283E-1 8.60229E-1 8.61736E-1 8.64855E-1 8.69563E-1 8.77281E-1 8.9903E-1 9.12158E-1 9.3942E-1 9.40132E-1 9.10105E-1 9.12426E-1 9.0983E-1 9.17778E-1
7.19756E-1 7.28855E-1 7.431E-1 7.49624E-1 7.50667E-1 7.55293E-1 7.25713E-1 7.15895E-1 7.1406E-1 6.93544E-1 6.84663E-1 6.96873E-1 6.99705E-1 7.13236E-1 7.15498E-1 7.35454E-1 7.52734E-1 7.57524E-1 7.69457E-1 7.73703E-1 7.72642E-1 7.73456E-1 7.98874E-1 8.28436E-1 8.4388E-1 8.45852E-1 8.38998E-1 8.34263E-1 8.38813E-1 8.4573E-1 8.48742E-1 8.56905E-1 8.79043E-1 8.79832E-1 8.82052E-1 8.86226E-1 8.97533E-1 8.90542E-1 8.79645E-1 8.85942E-1 8.84154E-1 8.71416E-1 8.59186E-1 8.46744E-1 8.35312E-1 8.31645E-1 8.39018E-1 8.5963E-1 8.63487E-1 8.64971E-1 8.64143E-1 8.73062E-1 8.84349E-1 8.94796E-1 9.12477E-1 9.34343E-1 9.40998E-1 9.2146E-1 9.1892E-1 9.26297E-1 9.35641E-1
7.35782E-1 7.46962E-1 7.37261E-1 7.49237E-1 7.3546E-1 7.3208E-1 7.35735E-1 7.35954E-1 7.22709E-1 7.00122E-1 6.87206E-1 6.93947E-1 7.13897E-1 7.1623E-1 7.22478E-1 7.458E-1 7.60513E-1 7.53353E-1 7.67988E-1 7.72825E-1 7.75939E-1 7.83563E-1 8.0631E-1 8.46298E-1 8.55812E-1 8.52806E-1 8.55477E-1 8.49676E-1 8.59145E-1 8.5835E-1 8.59017E-1 8.68606E-1 8.80226E-1 8.99363E-1 9.00984E-1 8.94332E-1 8.94836E-1 9.02539E-1 8.9408E-1 8.8952E-1 8.95587E-1 8.71418E-1 8.56014E-1 8.39358E-1 8.29581E-1 8.26988E-1 8.32159E-1 8.62313E-1 8.70406E-1 8.74612E-1 8.69338E-1 8.71807E-1 8.82968E-1 9.00681E-1 8.99346E-1 9.10992E-1 9.19033E-1 9.15231E-1 9.16919E-1 9.24153E-1 9.2999E-1
7.58994E-1 7.34238E-1 7.1989E-1 7.59286E-1 7.67375E-1 7.50479E-1 7.53774E-1 7.46947E-1 7.09137E-1 6.95552E-1 6.90062E-1 6.98347E-1 7.19278E-1 7.31843E-1 7.4292E-1 7.41079E-1 7.44652E-1 7.4435E-1 7.55547E-1 7.72528E-1 7.96317E-1 8.04521E-1 8.25758E-1 8.58619E-1 8.70814E-1 8.67919E-1 8.81552E-1 8.73857E-1 8.73828E-1 8.59907E-1 8.68292E-1 8.73156E-1 8.88403E-1 8.96676E-1 8.92669E-1 8.88845E-1 8.91055E-1 8.89298E-1 8.81485E-1 8.83181E-1 8.76296E-1 8.75374E-1 8.61667E-1 8.35626E-1 8.39953E-1 8.39081E-1 8.4187E-1 8.53733E-1 8.64276E-1 8.7172E-1 8.72835E-1 8.73617E-1 8.77473E-1 8.83908E-1 8.90339E-1 9.16575E-1 9.11556E-1 9.20817E-1 9.25963E-1 9.22976E-1 9.27334E-1
7.52409E-1 7.38792E-1 7.44873E-1 7.62889E-1 7.67626E-1 7.74644E-1 7.62472E-1 7.3791E-1 7.22708E-1 7.23296E-1 7.28881E-1 7.20881E-1 7.30058E-1 7.48546E-1 7.49511E-1 7.46528E-1 7.53839E-1 7.57606E-1 7.71298E-1 7.92033E-1 8.01328E-1 8.05115E-1 8.18738E-1 8.43355E-1 8.56175E-1 8.69681E-1 8.83885E-1 8.8134E-1 8.75626E-1 8.75358E-1 8.77545E-1 8.79555E-1 8.87727E-1 -9999 -9999 -9999 -9999 -9999 -9999 8.85765E-1 8.79646E-1 8.70857E-1 8.62533E-1 8.46332E-1 8.46108E-1 8.4709E-1 8.59488E-1 8.61886E-1 8.61282E-1 8.66727E-1 8.7269E-1 8.81456E-1 8.8178E-1 8.86723E-1 8.94343E-1 9.071E-1 9.21141E-1 9.2064E-1 9.22562E-1 9.29365E-1 9.29981E-1
7.27533E-1 7.11845E-1 7.15597E-1 7.38524E-1 7.53209E-1 7.69532E-1 7.62578E-1 7.46446E-1 7.42966E-1 7.61984E-1 7.52045E-1 7.42215E-1 7.48207E-1 7.57112E-1 7.56211E-1 7.63753E-1 7.69144E-1 7.77689E-1 7.86547E-1 7.9998E-1 8.00718E-1 8.05642E-1 8.08491E-1 8.29536E-1 8.46327E-1 8.52895E-1 8.62081E-1 8.76535E-1 8.85276E-1 8.86338E-1 -9999 -9999 -9999 -9999 -9999 -9999 -9999 -9999 -9999 -9999 -9999 -9999 -9999 -9999 -9999 8.51042E-1 8.5286E-1 -9999 8.83295E-1 8.70944E-1 8.79659E-1 8.89138E-1 8.96854E-1 9.09449E-1 9.13499E-1 9.11888E-1 9.21646E-1 9.25944E-1 9.2467E-1 9.18829E-1 9.08985E-1
7.27389E-1 7.2259E-1 7.2346E-1 7.42067E-1 7.46209E-1 7.55919E-1 7.61224E-1 7.65011E-1 7.5641E-1 7.62703E-1 7.60274E-1 7.61202E-1 7.63621E-1 7.72541E-1 7.7519E-1 7.83461E-1 7.92394E-1 7.97171E-1 8.06547E-1 8.03918E-1 8.10492E-1 8.10422E-1 8.2327E-1 8.46563E-1 8.52369E-1 8.59489E-1 8.62782E-1 8.82929E-1 8.89767E-1 -9999 -9999 -9999 -9999 -9999 -9999 -9999 -9999 -9999 -9999 -9999 -9999 -9999 -9999 -9999 -9999 -9999 -9999 -9999 8.9269E-1 8.85238E-1 8.92611E-1 9.01874E-1 9.0461E-1 9.10851E-1 9.16201E-1 9.18196E-1 9.26175E-1 9.37848E-1 9.27141E-1 9.236E-1 9.16096E-1
7.26114E-1 7.19705E-1 7.25361E-1 7.28763E-1 7.43754E-1 7.51745E-1 7.52746E-1 7.55626E-1 7.46534E-1 7.52726E-1 7.64281E-1 7.67914E-1 7.61642E-1 7.67729E-1 7.8349E-1 7.94253E-1 8.0296E-1 8.08435E-1 8.14079E-1 8.2031E-1 8.25184E-1 8.24708E-1 8.38557E-1 8.56352E-1 8.67928E-1 8.74418E-1 8.9784E-1 -9999 -9999 -9999 -9999 -9999 -9999 -9999 -9999 -9999 -9999 -9999 -9999 -9999 -9999 -9999 -9999 -9999 -9999 -9999 -9999 -9999 -9999 -9999 -9999 9.09441E-1 9.14914E-1 9.28795E-1 9.41544E-1 9.21476E-1 9.23677E-1 -9999 -9999 -9999 9.06444E-1
7.33938E-1 7.24436E-1 7.2197E-1 7.22632E-1 7.35516E-1 7.44788E-1 7.55202E-1 7.52169E-1 7.51156E-1 7.54621E-1 7.65784E-1 7.7762E-1 7.74697E-1 7.75691E-1 7.8511E-1 7.91798E-1 7.97491E-1 8.13162E-1 8.21564E-1 8.3013E-1 8.34881E-1 8.34588E-1 8.48071E-1 8.61442E-1 8.6827E-1 8.84787E-1 -9999 -9999 -9999 -9999 -9999 -9999 -9999 -9999 -9999 -9999 -9999 -9999 -9999 -9999 -9999 -9999 -9999 -9999 -9999 -9999 -9999 -9999 -9999 -9999 -9999 -9999 -9999 -9999 -9999 -9999 -9999 -9999 -9999 -9999 9.12778E-1
7.35978E-1 7.26612E-1 7.20168E-1 7.21291E-1 7.26918E-1 7.40633E-1 7.37095E-1 7.50948E-1 7.57812E-1 7.73164E-1 7.80998E-1 7.903E-1 7.96796E-1 7.96725E-1 8.01855E-1 8.03147E-1 8.04911E-1 8.24055E-1 8.25604E-1 8.3297E-1 8.55673E-1 8.47611E-1 8.63924E-1 8.63651E-1 -9999 -9999 -9999 -9999 -9999 -9999 -9999 -9999 -9999 -9999 -9999 -9999 -9999 -9999 -9999 -9999 -9999 -9999 -9999 -9999 -9999 -9999 -9999 -9999 -9999 -9999 -9999 -9999 -9999 -9999 -9999 -9999 -9999 -9999 -9999 -9999 -9999
7.37168E-1 7.22326E-1 7.1007E-1 7.05002E-1 7.05179E-1 7.22098E-1 7.4084E-1 7.53275E-1 7.63602E-1 7.82139E-1 7.93201E-1 8.00266E-1 7.97561E-1 7.92238E-1 8.02493E-1 8.14001E-1 8.12935E-1 8.30579E-1 8.45133E-1 8.66773E-1 8.68151E-1 8.77487E-1 8.83859E-1 -9999 -9999 -9999 -9999 -9999 -9999 -9999 -9999 -9999 -9999 -9999 -9999 -9999 -9999 -9999 -9999 -9999 -9999 -9999 -9999 -9999 -9999 -9999 -9999 -9999 -9999 -9999 -9999 -9999 -9999 -9999 -9999 -9999 -9999 -9999 -9999 -9999 -9999
7.20805E-1 6.98169E-1 6.88364E-1 6.8381E-1 6.85586E-1 7.09129E-1 7.33293E-1 7.56546E-1 7.62062E-1 7.81507E-1 7.96196E-1 8.01385E-1 7.91659E-1 7.87873E-1 7.97817E-1 8.16055E-1 8.45794E-1 8.32195E-1 8.6999E-1 9.00427E-1 -9999 -9999 -9999 -9999 -9999 -9999 -9999 -9999 -9999 -9999 -9999 -9999 -9999 -9999 -9999 -9999 -9999 -9999 -9999 -9999 -9999 -9999 -9999 -9999 -9999 -9999 -9999 -9999 -9999 -9999 -9999 -9999 -9999 -9999 -9999 -9999 -9999 -9999 -9999 -9999 -9999
7.11645E-1 6.9404E-1 6.82092E-1 6.82154E-1 6.81043E-1 7.04141E-1 7.28056E-1 7.46614E-1 7.57689E-1 7.78306E-1 7.8446E-1 7.90944E-1 7.84318E-1 7.85347E-1 7.99348E-1 8.27259E-1 8.60746E-1 8.81245E-1 8.69199E-1 -9999 -9999 -9999 -9999 -9999 -9999 -9999 -9999 -9999 -9999 -9999 -9999 -9999 -9999 -9999 -9999 -9999 -9999 -9999 -9999 -9999 -9999 -9999 -9999 -9999 -9999 -9999 -9999 -9999 -9999 -9999 -9999 -9999 -9999 -9999 -9999 -9999 -9999 -9999 -9999 -9999 -9999
7.12752E-1 6.93997E-1 6.76965E-1 6.72955E-1 6.83679E-1 7.087E-1 7.2207E-1 7.31665E-1 7.51315E-1 7.85485E-1 7.81838E-1 7.89477E-1 7.92522E-1 7.98986E-1 8.37744E-1 8.5851E-1 8.65752E-1 -9999 -9999 -9999 -9999 -9999 -9999 -9999 -9999 -9999 -9999 -9999 -9999 -9999 -9999 -9999 -9999 -9999 -9999 -9999 -9999 -9999 -9999 -9999 -9999 -9999 -9999 -9999 -9999 -9999 -9999 -9999 -9999 -9999 -9999 -9999 -9999 -9999 -9999 -9999 -9999 -9999 -9999 -9999 -9999
7.15358E-1 6.98564E-1 6.85554E-1 6.77406E-1 6.90841E-1 7.00473E-1 7.07161E-1 7.3025E-1 7.5301E-1 7.68846E-1 7.81697E-1 8.07059E-1 8.15682E-1 8.19135E-1 8.42818E-1 8.5502E-1 -9999 -9999 -9999 -9999 -9999 -9999 -9999 -9999 -9999 -9999 -9999 -9999 -9999 -9999 -9999 -9999 -9999 -9999 -9999 -9999 -9999 -9999 -9999 -9999 -9999 -9999 -9999 -9999 -9999 -9999 -9999 -9999 -9999 -9999 -9999 -9999 -9999 -9999 -9999 -9999 -9999 -9999 -9999 -9999 -9999
7.2425E-1 7.09483E-1 7.01975E-1 6.98606E-1 6.96114E-1 6.94073E-1 6.97744E-1 7.23136E-1 7.59387E-1 7.71344E-1 7.85787E-1 8.04028E-1 8.30253E-1 8.48491E-1 8.59037E-1 -9999 -9999 -9999 -9999 -9999 -9999 -9999 -9999 -9999 -9999 -9999 -9999 -9999 -9999 -9999 -9999 -9999 -9999 -9999 -9999 -9999 -9999 -9999 -9999 -9999 -9999 -9999 -9999 -9999 -9999 -9999 -9999 -9999 -9999 -9999 -9999 -9999 -9999 -9999 -9999 -9999 -9999 -9999 -9999 -9999 -9999
7.37287E-1 7.24273E-1 7.22202E-1 7.20997E-1 7.08116E-1 6.9644E-1 6.92677E-1 7.25034E-1 7.60865E-1 7.85073E-1 7.95532E-1 8.01096E-1 8.07852E-1 8.44251E-1 -9999 -9999 -9999 -9999 -9999 -9999 -9999 -9999 -9999 -9999 -9999 -9999 -9999 -9999 -9999 -9999 -9999 -9999 -9999 -9999 -9999 -9999 -9999 -9999 -9999 -9999 -9999 -9999 -9999 -9999 -9999 -9999 -9999 -9999 -9999 -9999 -9999 -9999 -9999 -9999 -9999 -9999 -9999 -9999 -9999 -9999 -9999
7.39595E-1 7.26196E-1 7.32739E-1 7.25048E-1 7.14027E-1 7.08546E-1 7.15415E-1 7.36978E-1 7.64472E-1 7.85943E-1 7.9916E-1 8.08053E-1 8.15125E-1 8.40176E-1 -9999 -9999 -9999 -9999 -9999 -9999 -9999 -9999 -9999 -9999 -9999 -9999 -9999 -9999 -9999 -9999 -9999 -9999 -9999 -9999 -9999 -9999 -9999 -9999 -9999 -9999 -9999 -9999 -9999 -9999 -9999 -9999 -9999 -9999 -9999 -9999 -9999 -9999 -9999 -9999 -9999 -9999 -9999 -9999 -9999 -9999 -9999
7.33498E-1 7.26507E-1 7.32223E-1 7.34083E-1 7.17189E-1 7.1349E-1 7.22953E-1 7.41382E-1 7.72796E-1 7.82111E-1 7.95374E-1 8.11179E-1 8.29065E-1 -9999 -9999 -9999 -9999 -9999 -9999 -9999 -9999 -9999 -9999 -9999 -9999 -9999 -9999 -9999 -9999 -9999 -9999 -9999 -9999 -9999 -9999 -9999 -9999 -9999 -9999 -9999 -9999 -9999 -9999 -9999 -9999 -9999 -9999 -9999 -9999 -9999 -9999 -9999 -9999 -9999 -9999 -9999 -9999 -9999 -9999 -9999 -9999
7.28148E-1 7.09153E-1 7.16546E-1 7.34148E-1 7.20697E-1 7.17253E-1 7.29779E-1 7.57097E-1 7.64021E-1 7.71167E-1 7.83423E-1 8.05002E-1 8.35038E-1 -9999 -9999 -9999 -9999 -9999 -9999 -9999 -9999 -9999 -9999 -9999 -9999 -9999 -9999 -9999 -9999 -9999 -9999 -9999 -9999 -9999 -9999 -9999 -9999 -9999 -9999 -9999 -9999 -9999 -9999 -9999 -9999 -9999 -9999 -9999 -9999 -9999 -9999 -9999 -9999 -9999 -9999 -9999 -9999 -9999 -9999 -9999 -9999
