X,Y,Test or train,Raw prediction,Cumulative prediction,Cloglog prediction
-98.4774883333,29.4539366667,train,3.5515469899945456E-4,68.93580806552998,0.8269052101263287
-100.526517,25.853971,train,2.537748027907764E-4,47.40674308536766,0.7144264719706872
-100.460315,25.65012,train,2.337051857085299E-4,44.500935863659834,0.6846722854740074
-100.723214,24.927019,train,1.707929882217516E-4,33.52508597887417,0.5697778979519507
-100.476218,25.667631,train,2.7316138604471086E-4,51.164048435622355,0.7404992103878092
-98.229918,26.176497,train,3.335075585662302E-4,64.80383436209466,0.8073754770383745
-95.405417,29.046518,train,6.925121710910941E-4,90.39800923779757,0.967285635208252
-99.135282,24.001622,train,3.205001707885532E-4,61.76018301688587,0.7945959054920098
-97.772999,30.269844,train,3.483807334161674E-4,67.83720219299659,0.8210167376666447
-104.717361,24.114061,train,1.395585203948289E-4,28.950092793919882,0.49802433509684385
-100.927405,28.730636,train,2.0079214797271336E-4,38.88125411692884,0.6290185519776623
-99.98207,25.357841,train,2.9353489182572614E-4,55.5467444869983,0.7653380236837417
-97.0401,30.921,train,3.212290896757332E-4,61.975936495087964,0.7953339763640666
-96.7882957969,32.9964541042,train,2.593195749504953E-4,48.55880279016008,0.7221401297141226
-97.00634454,32.68818055,train,2.5079654473890667E-4,46.71590534998554,0.7101952170504409
-98.5291666725,29.5527318958,train,3.4607210374298843E-4,67.50680270139478,0.8189644607543242
-96.7081145571,33.0947110663,train,2.2923697616945897E-4,43.760089201997346,0.6776369101232806
-96.7050761172,32.7032080014,train,2.7159598399557005E-4,50.82785002449396,0.7384853212444284
-95.6193152,29.8602932,train,5.844492107531215E-4,85.76526301671466,0.9442164811063204
-100.18616787,25.42845676,train,2.2871006178080643E-4,43.674453679758344,0.6767969827349866
-97.9005666667,29.9407883333,train,3.3761306312995293E-4,65.9267525129344,0.8112415863506094
-100.1014408842,25.4104402666,train,2.514119014320831E-4,46.85713268107913,0.7110745714835394
-99.58048839,29.8197674,train,2.2505313660300543E-4,43.083168699336085,0.6709070522164284
-97.47594,32.84746,train,2.220313266617734E-4,42.51919916029812,0.6659591459914903
-103.301908671,29.2743690743,train,1.6823623020223205E-4,33.07618487088396,0.56431128621152
-103.390558362,29.3246172672,train,1.8582571083226203E-4,36.46821848173904,0.600560166270332
-103.395062,29.335484,train,1.6864004943125196E-4,33.15666597258313,0.5651792898323262
-101.0598617,34.4369909,train,7.886979038940442E-5,19.1918763220981,0.32260112769056104
-104.62558,29.862273,train,1.531626521985773E-4,31.107110875103366,0.5306408594419354
-103.181074,29.380441,train,1.7042044585800355E-4,33.45970724006549,0.5689856535975863
-99.8292338,25.1869786,train,2.9212546418572654E-4,55.14376859829412,0.7636989856942563
-100.3594071,25.87034491,train,2.550278742807029E-4,47.69580100716657,0.7161882124531123
-97.6882611216,30.4005094338,train,3.3421478142836645E-4,65.01099153343009,0.8080470618820144
-99.6524366667,24.7776366667,train,2.9821074431973316E-4,56.56670675123374,0.7706946348865018
-100.3556137085,25.2385292053,train,1.5970886644592266E-4,32.00930359619786,0.5455717472806394
-98.888514,29.588969,train,2.868108556685902E-4,53.901021518002906,0.757414933664077
-97.1716207266,30.0894491644,train,3.373529531716536E-4,65.8319013381693,0.8109989625134872
-97.6397795231,30.2339733392,train,3.4898620561013013E-4,67.89943726900007,0.8215511158229081
-106.6011111111,32.2877777778,train,9.65029649337796E-5,22.182051024753285,0.37909405325685586
-95.4949879646,30.2361457705,train,6.07954818056611E-4,86.76244649448715,0.9503302024153714
-106.695586,32.259593,train,9.245490057275875E-5,21.48308252971379,0.36655650275290375
-106.4800057468,35.136255892,train,8.12733207994307E-5,19.598582822008343,0.3305941378528853
-98.2615255472,26.0966787162,train,3.1693645704216434E-4,60.77214452764277,0.7909489509924447
-105.6462197845,26.9350192789,train,1.2735572293057622E-4,27.005278705436695,0.4668437022627663
-97.4178314209,25.8523493219,train,3.460881919271559E-4,67.51068959105103,0.8189788436000051
-98.3798623458,26.1860574223,train,3.110741478108195E-4,59.568654479200866,0.7848083055488398
-102.0986008924,32.0239250734,train,1.2253730251852852E-4,26.419107514667232,0.45400480204738813
-106.602419,32.336748,train,9.074322873502709E-5,21.174335350646597,0.3611792997359362
-100.9953642792,25.2382161679,train,1.5626659783361194E-4,31.491679954722112,0.5377806629059021
-95.5702216667,30.1531583333,train,5.721212924289461E-4,85.38874710320776,0.9407148205506293
-99.920543991,26.7154735632,train,2.952948843301396E-4,55.92938055850998,0.7673687843657309
-97.1714555556,26.1210305556,train,3.24958697170674E-4,62.76424974523429,0.7990691147463523
-95.41184645,30.09370486,train,6.056098318941831E-4,86.67579017418963,0.9497516522751919
-97.3479080556,26.2287563889,train,3.213631308683648E-4,62.01561149053842,0.7954694115490291
-97.8913807869,30.3363058218,train,3.0870127745491444E-4,59.020248820641854,0.7822717883873972
-102.1619309085,31.9908423753,train,1.250792084884057E-4,26.740142179168558,0.46081589003434387
-98.5774557551,25.9653280572,train,3.67671837208022E-4,70.49527411103183,0.8372811240632265
-101.0031458154,29.9041867333,train,1.8858729646991742E-4,37.10942910485765,0.6059707361424642
-100.2814524314,24.4907195709,train,1.9878284215248763E-4,38.58123255947686,0.6253190271720876
-97.3652359843,31.8660224929,train,2.529600571261169E-4,47.2342596681952,0.7132751276773868
-106.969807148,25.6319939838,train,1.0349831115479846E-4,23.40698529397003,0.40017772368010873
-101.005847472,29.7560319469,train,2.011699940954526E-4,38.964481763061855,0.629710149195482
-97.9195440655,28.1223811163,train,3.6303076364764043E-4,69.67433916202921,0.8335085823082129
-101.68908922,31.88301691,train,1.1806062514935372E-4,25.755695708398495,0.4417995899234328
-96.1080166667,29.8205138889,train,4.364423083294082E-4,76.51462184687648,0.8841375088775076
-97.7888999565,32.4402310949,train,2.0906401024654308E-4,40.29381430500238,0.6438678653604314
-99.9949683333,25.099155,train,2.7802664673594443E-4,52.1055200016923,0.7466598964685376
-96.422924,36.846143,train,6.885895765166092E-5,17.651878857093692,0.28827020755077937
-103.6461111,25.6597222,train,2.5580658557746615E-4,47.871468208501284,0.717277552093085
-98.1377509292,26.0775868644,train,3.05915774159681E-4,58.22301681731402,0.7792560052655466
-101.0053225035,25.2694741398,train,1.876903866855147E-4,36.9459096830825,0.6042215717849455
-98.82147092,30.49953646,train,2.3699332265757835E-4,44.88539562910606,0.6897513287068167
-99.251075,27.6355083333,train,2.959414647129437E-4,56.04928518325757,0.7681104164808372
-99.5012820645,29.6636081733,train,2.4279506744106344E-4,45.62726595662645,0.6985143321064666
-106.5060729722,31.76984975,train,1.0380253655894385E-4,23.455862390578876,0.4010782223370061
-103.935643,29.113182,train,1.7641001934253877E-4,34.71858725216791,0.5815480243967226
-97.6527491545,27.8697588223,train,4.114947010196704E-4,74.32045454920541,0.86894635647493
-97.94241593,30.74016407,train,2.736950906185222E-4,51.27157591700902,0.7411822700015478
-95.3806118667,33.6569875562,train,2.2724638704793755E-4,43.43655816713241,0.6744523126860458
-95.4569867626,32.6326090749,train,2.2902214040221755E-4,43.72517352400574,0.6772947152447546
-98.5685313587,29.2593148258,train,3.080970369745398E-4,58.74104013225603,0.7816211137808363
-99.7296527222,29.5754657074,train,2.3502781289819284E-4,44.74143826642438,0.6867252111051978
-98.20641333,24.32316667,train,3.637727067864122E-4,69.81301962891249,0.8341174995650367
-98.1356227399,26.2919722405,train,3.152131493234651E-4,60.40582101001274,0.7891622341707821
-96.8733656141,33.0194737576,train,2.333750298860069E-4,44.44043411721174,0.6841577368680813
-106.8044444444,25.7358333333,train,1.081351399872086E-4,24.159200099908304,0.4137568535350714
-98.48319167,30.70393833,train,2.238558561847711E-4,42.83483645475531,0.6689554548552868
-97.6597806149,30.3778946679,train,3.3706662783222194E-4,65.73274909158543,0.8107315250405109
-97.6629819722,26.187317,train,3.208491749426442E-4,61.863485128377896,0.7949496231071979
-98.53662833,29.454325,train,3.639535379605158E-4,69.89356747724509,0.834265570962565
-97.53015108,25.99301837,train,3.394086848451186E-4,66.3343030084984,0.8129080207423721
-98.4645215674,29.7364046236,train,3.3534814098837176E-4,65.2590110755402,0.8091184303592611
-97.4696919,31.1163809,train,2.740264381624026E-4,51.3937341815338,0.7416054388641792
-99.03048617,26.2773633321,train,3.0830615061532777E-4,58.81065960439686,0.7818465169333149
-97.67857447,31.42727638,train,2.6013679829837446E-4,48.73880436321022,0.7232592627751718
-101.3476622477,27.9494181079,train,2.0935369417854956E-4,40.35474438117071,0.6443769806756403
-98.76405333,29.54967167,train,3.092827353729074E-4,59.130399334437605,0.7828960991304024
-97.3994499297,27.7915245008,train,4.074240003738352E-4,74.00554719807234,0.8662851284478336
-100.4956246912,28.6962321114,train,2.608916045359753E-4,48.92545183503104,0.7242889150807766
-99.3076739395,24.5634100759,train,3.1548987986277906E-4,60.45363145227006,0.7894501728277975
-98.0486060959,30.143554355,train,3.297687355410218E-4,64.03884406983207,0.8037858174358782
-98.03299717,32.84240333,train,1.8797458076952065E-4,37.004279087544944,0.6047766492936129
-95.6645583333,29.4553833333,train,5.331181895123281E-4,83.03544905481624,0.9281216961820637
-100.8935869997,29.3561848,train,2.1785948322224227E-4,41.66364291610621,0.659005697517842
-95.9917231,35.6279907,train,1.1239267701824171E-4,24.923363029757546,0.42595432335625383
-101.7016677778,27.0393886389,train,2.2187306873543787E-4,42.471854454807236,0.6656979743716398
-99.8101972222,30.4496777778,train,1.8027981972213564E-4,35.50077988296824,0.589469063046363
-98.8437271118,29.7425994873,train,2.7366972068496183E-4,51.262271760151926,0.7411498411354058
-100.5062332153,27.0192584989,train,2.505624757146908E-4,46.656596070858576,0.7098600265276911
-97.14569717,33.023875,train,2.270766860321499E-4,43.40897208705858,0.6741793695005993
-101.3423388889,29.7033305556,train,1.9865471622159943E-4,38.56543518021125,0.6250818749038078
-104.1669825869,30.6448162049,train,1.161694059696716E-4,25.49726303232081,0.4365617419616301
-97.7289808611,30.5007129167,train,3.158632910298411E-4,60.51814530421181,0.7898380846546087
-103.8355116667,30.5399716667,train,1.1128700848832513E-4,24.75481281909909,0.42281129115283655
-101.4033973217,26.3001634442,train,2.2881895697947227E-4,43.692151615908685,0.6769707462411692
-100.239448083,25.7939709179,train,3.090310564267537E-4,59.0827216532632,0.782626091747679
-100.3238479375,29.2807897253,train,2.4522159669571465E-4,46.041807154854105,0.7021055674220446
-98.4974517822,25.7235965728,train,3.317777940895395E-4,64.34050491445308,0.8057229596959409
-104.8657431452,31.9134012977,train,9.626974486622257E-5,22.147432160749332,0.37837851466344596
-97.1477277778,32.9951972222,train,2.4036385629868122E-4,45.24697293725544,0.6948727481710892
-104.1387905405,30.6638465129,train,1.082834039955709E-4,24.19806941959767,0.4141859409089512
-103.0519261211,25.6148690924,train,2.600807666280061E-4,48.72646283034395,0.723182675264252
-96.71405,34.3518277778,train,1.2556414485533364E-4,26.796184980643623,0.46210560314554616
-99.7025473696,30.5135406973,train,1.732417284123146E-4,34.05165358039942,0.5749492406252072
-100.4313735962,31.4609260559,train,1.548863338305983E-4,31.323822644214452,0.5346192408876923
-96.6657254897,33.0575988274,train,2.294228262697083E-4,43.79103697418729,0.6779326432863548
-104.8554383333,30.8139783333,train,1.1743143823464942E-4,25.669980403479034,0.4400624454682732
-98.4513055556,29.5645805556,train,3.628638431383694E-4,69.64789882203046,0.8333712819185749
-97.644462,30.6858739722,train,2.8723098968016754E-4,54.01212078704731,0.7579177306259164
-98.0453186035,29.6393356323,train,3.620951921629619E-4,69.52614390276436,0.8327375657606695
-95.0403772575,29.4045807096,train,6.367456611299521E-4,88.00854286161537,0.9569132839562134
-100.3382141,29.84498727,train,1.863954272356881E-4,36.61976740663186,0.6016824185480775
-97.302651,31.606227,train,2.8515840754094574E-4,53.52553143076577,0.7554272084545485
-100.658769,25.6279231,train,1.8423726784985747E-4,36.23307079493147,0.5974144559862873
-104.1013750155,30.7060616138,train,1.0849422380949184E-4,24.253319244438263,0.41479552884312854
-99.7762607037,25.087513474,train,2.874393937295517E-4,54.10794855875024,0.7581667521413498
-106.3331551583,35.0116981312,train,7.037442890527812E-5,17.909799109625347,0.29357697329098353
-97.5360157435,30.9437788575,train,2.587522148438487E-4,48.409014378872264,0.7213605071655604
-103.311255,30.9375583333,train,1.2018027313877662E-4,26.071944421940827,0.44761223800663363
-98.4547609481,29.3317448856,train,3.06354518461635E-4,58.33193837031235,0.7797337777985485
-99.2327515037,30.0706087891,train,2.1267034294045916E-4,41.0214570800418,0.6501543312723255
-95.427132,31.889097,train,3.0482173379024513E-4,57.9250490941681,0.7780601263862887
-95.5137506405,31.8506187318,train,3.0103975245846014E-4,57.14387899959732,0.7738759698581661
-103.158415481,30.2805018725,train,1.141513498019585E-4,25.199206013932614,0.43091839579692914
-102.9332016676,29.2203225215,train,1.9622939067484474E-4,38.15531653564117,0.620564344028967
-100.5022583333,28.50585,train,2.2615260148260407E-4,43.25875685546161,0.6726890724834848
-106.5251,31.882805,train,1.0544777213742605E-4,23.700726899991594,0.4059247008476431
-100.0818275,29.9373483333,train,1.9188521337487813E-4,37.45394305263636,0.6123361639344029
-99.4393157959,27.574048996,train,2.9597544226915616E-4,56.05758609296657,0.7681493235169596
-101.4037549496,26.9390080783,train,2.547062754729857E-4,47.61510545206008,0.7157371039822296
-96.9403640921,28.7106757539,train,3.6427096763246036E-4,70.03496055948773,0.8345251747968088
-99.6813064161,29.2365777068,train,2.676545028259908E-4,50.19085041676477,0.7333451176444066
-104.0586623889,24.0693435556,train,1.6286979772142234E-4,32.34790823852382,0.5526103474718504
-103.6948083333,25.7130972222,train,2.153249453686708E-4,41.26887558772892,0.654710749506096
-99.5405022896,26.0525280814,train,3.3416578558918543E-4,65.000252433794,0.8080006105992787
-103.4918205186,29.9865071437,train,1.222970329053625E-4,26.37158366212302,0.45335656095131605
-97.047392,33.256309,train,2.1848627775775735E-4,41.76988205802026,0.660059578444504
-97.7938,27.1763,train,2.693914268931314E-4,50.50797387282431,0.735622627574765
-102.8991194444,29.5844166667,train,1.69927854185554E-4,33.38205100529751,0.5679358734772945
-105.9763050389,36.8422279278,train,3.842387036029847E-5,9.375576906691974,0.17283790524284282
-95.6801273497,28.9714270854,train,5.49378564292467E-4,84.12682031947803,0.9336679415854628
-97.3866552759,28.6557315672,train,3.558073628611061E-4,69.02434795438487,0.8274622227728922
-100.7014299194,31.200252391,train,1.4023991226566151E-4,29.055167138880336,0.49971065635544276
-97.8824466667,27.52672,train,3.13190922149986E-4,60.015309375928375,0.7870461159034202
-98.19348605,29.86940474,train,3.3417732594672047E-4,65.00279493657312,0.8080115526302607
-97.1644527778,30.0543388889,train,3.406605793897055E-4,66.54387952061221,0.8140611349289506
-103.8307416667,30.6446944444,train,1.1605118437977214E-4,25.48009346429929,0.4362326925518778
-99.00213884,29.67056581,train,2.5117589942979027E-4,46.80509331790404,0.7107376367647646
-106.6097055556,24.4035361111,train,2.8604532401848665E-4,53.71034139214174,0.7564960942624767
-98.8712916667,30.259705,train,2.3020258145954478E-4,43.92088226475328,0.6791704711872756
-97.811698119,30.7382314052,train,2.93041361273095E-4,55.41373836581685,0.7647653894243427
-99.13295,30.0255471667,train,2.2612353918768444E-4,43.254115511411065,0.6726420925085834
-104.845161,39.7565179722,train,5.1151165784558125E-5,13.202460976189005,0.2232275203703713
-97.45376689,30.15213482,train,3.337224897912721E-4,64.86797086105086,0.8075798257144702
-96.4797096601,32.667633348,train,2.4257009646478283E-4,45.58992478922617,0.6981791925864483
-97.36325,32.7411666667,train,2.4231758254563316E-4,45.5480119848202,0.6978025785344829
-96.988295,28.1366416667,train,3.5857119702845504E-4,69.28006799774234,0.8298012048646235
-97.528045,31.20533,train,2.607398432707261E-4,48.887575535977206,0.7240822014454784
-80.2495883333,34.5835716667,train,3.1254675400052356E-4,59.88064167022361,0.7863675891306849
-80.7443083333,32.210525,train,3.688765545444155E-4,70.63500061571872,0.8382463367792506
-79.8736296,43.2963346,train,5.172799083274387E-5,13.419635565322494,0.22543710541269213
-79.8290740323,34.1846998355,train,3.059892388396675E-4,58.24425231919997,0.7793360771249506
-80.75673285,35.147584896,train,3.01052325008363E-4,57.14531722489475,0.7738900092342158
-80.1121528333,32.9036866667,train,3.336779023077686E-4,64.85466574408322,0.8075374514098179
-80.448317416,45.9849353679,train,2.5852611653362202E-5,4.900820948863688,0.11985797250117858
-80.8952869302,32.1766611398,train,3.515895435218606E-4,68.28135445735776,0.8238306537775072
-79.7951812744,44.93309021,train,3.63196497707859E-5,8.790828984748147,0.16419755085122179
-79.5506345752,40.5594480859,train,7.089401717681854E-5,17.999519635441978,0.2953873056641041
-77.8716989161,34.2240401295,train,3.2493526713624335E-4,62.758760107958665,0.799045864050534
-80.8081414551,35.585914578,train,2.8625484310061385E-4,53.753999633313235,0.7567479176463232
-79.7778666532,40.1794739202,train,7.861149292972717E-5,19.15376197595209,0.32173649265631843
-78.957622,36.029096,train,2.6913725616114554E-4,50.46886369044233,0.735290569825581
-80.6388445444,35.8114538576,train,2.6770918566692073E-4,50.21384239431428,0.7334171177567725
-80.84708758,31.9912348,train,3.941932738040005E-4,72.99990351477285,0.8572565344507712
-80.45190212,25.55861136,train,5.019578859017411E-4,81.27285921098837,0.9161643564297465
-80.0611166667,26.4418444444,train,8.099628517609051E-4,94.33152213664603,0.9816837392193674
-78.75097,41.13138617,train,6.63918710024327E-5,17.24987865249157,0.27954573714831454
-80.5915575435,34.827477699,train,3.1953943887998837E-4,61.48460955311604,0.7936190435611212
-80.8581901342,33.4886042016,train,3.2899648547094607E-4,63.909767658329685,0.8030360821373017
-80.7600947,28.7953098,train,5.415092759260576E-4,83.66428667263824,0.9310393914006787
-77.4722600908,39.0321576483,train,1.3604869694941232E-4,28.482050496811794,0.48924769253046796
-78.454676969,38.0086408183,train,1.7542028296480943E-4,34.53953000440678,0.5794977208748007
-77.2434553273,39.7902228276,train,1.1758071907266297E-4,25.690317209998568,0.44047508876062
-77.4365695297,37.5259647626,train,2.283671569291537E-4,43.61872387491345,0.676249200411384
-77.1555972,38.3417594,train,1.7466338521260447E-4,34.339814936319314,0.5779229814429789
-79.472888097,39.8650261532,train,9.224924945969249E-5,21.449781951426203,0.36591285137423657
-78.9483270466,36.2085339728,train,2.555559174058348E-4,47.81894630796613,0.7169273493632478
-79.0480675,33.8439505,train,3.215118592584442E-4,62.074266492735646,0.7956195817861083
-78.7066646387,35.7636345132,train,2.723983890429442E-4,51.01661779410122,0.7395195598240577
-79.0376825792,33.783977232,train,3.475981154519527E-4,67.7567587160372,0.8203236423500235
-78.9897955997,35.6949295,train,2.800335032821263E-4,52.54881420497953,0.7491582917876451
-80.9718220391,34.8930374017,train,3.2080698002229983E-4,61.85099580893938,0.7949068907158817
-77.0658805,38.7688616667,train,1.6194478055912143E-4,32.258667886501655,0.5505619262332544
-79.989495,32.7840916667,train,3.773957790231237E-4,71.56817002026676,0.8449104388656954
-80.5882803,35.4168123,train,2.931446242663068E-4,55.441481954179494,0.764885319029172
-77.2421299456,38.7046425099,train,1.5754626723653534E-4,31.671406915769815,0.5406924897222569
-80.9851216667,35.226775,train,2.979286155390062E-4,56.49069331094993,0.7703749254946807
-79.833381353,37.0861752844,train,2.11126243699308E-4,40.73135930662485,0.6474763975988487
-78.91231456,37.87785128,train,1.87817292788051E-4,36.971974383386176,0.6044695364204444
-79.1571843889,35.9308677778,train,2.788145312690497E-4,52.31063027335604,0.7476437106788215
-79.1832283333,43.77998,train,4.20963567248982E-5,10.437810135770064,0.18770443828835282
-77.0820472222,38.9008333333,train,1.5650332623699177E-4,31.523327531765077,0.5383207152397314
-77.6159494,41.7921387997,train,4.2113055080703516E-5,10.44245741413544,0.18777142074756603
-80.208825,38.8154633333,train,1.5193913885840893E-4,30.92756370196225,0.5277962809945167
-79.6091138889,33.7439333333,train,3.2284259478848555E-4,62.42221128365703,0.7969583209786872
-80.07595,34.9700616667,train,2.6703321924876814E-4,49.96724518324828,0.7325257156149667
-79.4660186768,43.6455421448,train,4.813746450242135E-5,12.253846807741823,0.21158033319181424
-77.138942,39.0430607997,train,1.4929917870081622E-4,30.540977916312766,0.5215997007911126
-79.9477090997,33.1967691997,train,3.1133157309360407E-4,59.623625217027204,0.7850817013758176
-80.8251851607,33.8265871458,train,3.295908558723026E-4,64.0159182476633,0.8036133771720648
-79.556043758,33.4542657841,train,3.594878742960268E-4,69.34407392756555,0.8305699484388
-79.0166813135,33.5544986801,train,3.693922463676786E-4,70.69357946393883,0.8386577542008706
-79.3308957741,43.6263309006,train,5.283538104486671E-5,13.781184599539639,0.22966147181349084
-116.037735,34.1286716667,train,1.1198501249818605E-4,24.86149787494345,0.4247974713304936
-116.4080602831,33.6672776666,train,1.7870263465903172E-4,35.25806248658542,0.5862590102383196
-116.705155,33.7869216667,train,6.603206074869516E-5,17.178947962105028,0.27826441874875907
-116.8926944444,33.3283,train,9.142144898267706E-5,21.315738258784126,0.3633153616379594
-116.5467556389,33.7757408611,train,1.0244377900352028E-4,23.235929671791972,0.39704584477441085
-116.0394222222,31.7998472222,train,8.494576206970935E-5,20.21261242570202,0.342625181515546
-116.9133333333,34.2366666667,train,4.3455855473483024E-5,10.817041654799942,0.19313978213883387
-116.0949305556,31.9064277778,train,8.080951873105182E-5,19.499114396181056,0.3290591290875998
-116.57820833,33.661805,train,7.38890307859386E-5,18.469096941911094,0.305732357162005
-116.6557919113,33.9880150742,train,1.5212364459344835E-4,30.96048044443423,0.5282263445424691
-116.4383933333,32.8577333333,train,8.640439702759175E-5,20.41861252732524,0.3473435040516697
-116.4047616667,33.6631,train,8.427515110065018E-5,20.101581841317504,0.34044448984984754
-116.496845,33.0114166667,train,1.0992415232203822E-4,24.504853429154842,0.4189134748932861
-116.9434349611,34.0383051032,train,5.1114163217489775E-5,13.191291814139063,0.22308556344967279
-115.6769367566,36.2979019229,train,5.7022080194818875E-5,15.11358554500796,0.2454253334371771
-111.5997383333,31.9584166667,train,1.2673581327391452E-4,26.932929517345052,0.46520899838565066
-114.003834,34.927341,train,1.4142087461068933E-4,29.236745788542475,0.5026199173960995
-108.5099029541,25.855516153,train,2.8769444074162E-4,54.225226035799786,0.7584711586794444
-111.5091827196,35.1733624125,train,4.091881339929883E-5,10.09520508938345,0.18296697828796749
-113.889181,35.089451,train,8.349141524628651E-5,19.975180436455894,0.3378867698472181
-110.7808347791,32.2392816315,train,1.602167058522331E-4,32.066251303630054,0.5467099993457398
-115.3226,35.6060783333,train,1.0220231180201264E-4,23.19421812333666,0.3963264080322687
-115.1484,35.5000716667,train,9.949742213683341E-5,22.66743930139086,0.38820844977907465
-110.2772856,31.5455001,train,1.1741801618722161E-4,25.66815189296645,0.4400253292292472
-110.68801094,32.3980570967,train,9.468323743977715E-5,21.91459024689594,0.37348904487146073
-115.3021419593,36.0723734201,train,1.329981853896356E-4,27.9532966402195,0.4814950527231301
-107.5565268648,26.6461581464,train,2.2034304628795967E-4,42.12754206222809,0.6631624382540278
-110.2831225401,31.4322642771,train,1.0801598940549951E-4,24.12796324004743,0.4134117948765057
-110.1169514783,31.3619481503,train,1.1060660531567468E-4,24.630021101411668,0.42086859352231476
-107.543945,25.0263066667,train,2.718878461494682E-4,50.896517267213184,0.7388619835068885
-110.3710150366,31.8417976888,train,1.0697340468682E-4,23.922056661146865,0.4103838051049834
-107.0238888889,25.6852777778,train,1.8298817912130723E-4,36.00992455652494,0.5949234036833555
-108.6784993035,33.7712055938,train,4.737739398130017E-5,12.00248758745431,0.20861537976771394
-110.7005916667,31.4379883333,train,9.99008213217305E-5,22.75318060591715,0.3894260288450262
-110.855553,31.69937,train,1.1590492031829666E-4,25.458851229655494,0.4358253258006246
-107.5597010111,27.7330404944,train,8.923703505743E-5,20.857033911484457,0.356409861751498
-112.1552839722,33.481492,train,2.0199428708799185E-4,39.165716901315925,0.6312144371282269
-112.3426316667,33.9640566667,train,1.5951422132587633E-4,31.977852641942693,0.5451347197490364
-108.9420199722,27.02702,train,2.619151390190874E-4,49.10089143780571,0.7256790301859233
-112.0536369722,36.0092879722,train,6.351941298117675E-5,16.687491955407015,0.26925289540806363
-111.834788635,33.9028625767,train,1.3329034054046258E-4,28.0087639776664,0.4822426098646736
-115.5162116667,31.0560278333,train,7.129736184125666E-5,18.056956145388813,0.2967894267476563
-108.2658941311,33.2300280395,train,4.97263276747354E-5,12.740659666562555,0.2177424852867188
-111.5134472222,35.3630388889,train,4.218174147909372E-5,10.46157335686393,0.1880468858323706
-109.621107215,38.5804822453,train,5.3823520495770056E-5,14.154965141571143,0.2334114767534512
-115.775275,33.8489833333,train,1.6917664519161253E-4,33.263609413750444,0.566330019629127
-110.639972,32.047611,train,1.2217026152248618E-4,26.34650906185521,0.45301422498824706
-111.6789277778,35.1564555556,train,4.032429199906394E-5,9.921808204028514,0.1805646297844089
-110.5277127028,31.5619357328,train,9.385435311759547E-5,21.7952566462479,0.3709192232755353
-114.8323133333,38.5473416667,train,5.1777061832703057E-5,13.439690964952604,0.22562478635663485
-107.738869,27.026065,train,2.553972121363649E-4,47.78569317366009,0.7167054016551798
-107.9855073,30.4019062,train,1.0250922109873383E-4,23.247234275930644,0.39724067777338534
-107.539848,27.56736,train,1.0618523196914711E-4,23.808068909520593,0.40808433644833597
-108.6101816667,32.8328983333,train,7.148179399769301E-5,18.08317778843163,0.29742962646104
-109.7138595556,29.8151779167,train,1.3569830165547402E-4,28.42157755104532,0.48836311558880996
-112.6904966667,33.930195,train,1.4035610840119154E-4,29.07303285447604,0.49999765479888636
-115.5720105163,36.1517651998,train,7.572888120982816E-5,18.75008291616247,0.3120119160245609
-121.8970966527,36.5326157911,train,5.704024417574829E-5,15.118947083018748,0.24549301727612316
-121.9133534641,37.881179499,train,5.939040308129213E-5,15.677603161304752,0.2541993224911062
-121.9985388889,47.5401527778,train,5.431462044628491E-5,14.316080453569734,0.23526841248040076
-124.1053592697,44.305774149,train,3.488549688046576E-5,8.234074958770098,0.15825696674062562
-124.0785913997,41.5333007997,train,3.222313358526832E-5,7.250981517932635,0.14711668372095732
-124.063011,41.4031639722,train,3.233501741009942E-5,7.301184419880729,0.14758780004440875
-81.485039,27.503188,train,4.403893965443732E-4,76.84393420695417,0.8863740919148494
-81.090113371,29.3553172531,train,5.448665346599334E-4,83.81064035492493,0.9321733099126197
-81.2848982,31.9195419,train,3.669076969767674E-4,70.38903023860347,0.836665916160814
-85.6468136261,33.2805832993,train,3.5347173971314805E-4,68.63599426362427,0.8254605861507543
-82.43194,35.372587,train,3.864725312375918E-4,72.48659921587864,0.8517088426196839
-85.5578833333,32.0209666667,train,3.4059807498644507E-4,66.51785359826259,0.8140037313430565
-81.1518750579,28.6805040923,train,4.93146711391042E-4,80.60063387679558,0.9124358334018103
-83.1978049259,38.7398111793,train,1.1642832032444403E-4,25.5333237827929,0.43728171468484034
-81.0340775462,33.9817134241,train,3.473333770396937E-4,67.71379858850219,0.8200885800246771
-81.5414112,28.4425595,train,4.983695923753254E-4,81.09070653758963,0.9146654948186046
-84.5405945427,30.0021136289,train,6.8664355945016E-4,89.89999600774672,0.9663236384649915
-82.5208770278,27.283416,train,4.3508079218686793E-4,76.29939688399892,0.8833558491609432
-84.2699635252,37.8938298373,train,1.3878345998187831E-4,28.83025402661634,0.49609929029484323
-84.248283729,30.4480852002,train,5.558772472248415E-4,84.76192333193063,0.9357629687510056
-81.5741254482,28.2621619664,train,4.408740197532293E-4,76.93851823307637,0.886645706562713
-82.375405,28.0740305,train,4.957670683254023E-4,80.8924725350651,0.9135616589719644
-81.8240606993,26.2796576126,train,5.048144348619662E-4,81.57778511738431,0.9173387181768172
-83.991765,30.3391483333,train,4.5204128750551666E-4,77.75709309750083,0.8927278362411513
-83.9877777778,30.3286111111,train,4.649526284431193E-4,78.77977956903202,0.8993542324356162
-83.6354,33.849717,train,3.9038602441522033E-4,72.75283708377734,0.8545472915049209
-84.4164716667,33.7276633333,train,3.923253444803503E-4,72.87912071584094,0.8559336785600616
-83.89412506,33.99831154,train,4.6228457846860514E-4,78.5492286235504,0.8980193440196224
-82.185241,42.407778,train,4.763618153586831E-5,12.088106685633214,0.2096261320012236
-81.055557251,28.6195430756,train,4.942400998347898E-4,80.73388677202985,0.912907375107772
-81.7742137146,26.4647320239,train,4.681089485042411E-4,79.02373370412882,0.9009108696286887
-81.2349255278,44.7722365,train,4.1091526324716154E-5,10.148381795942703,0.1836635574116675
-82.2856741772,34.8860952258,train,4.2136291446640326E-4,75.06252753897171,0.8751799634519352
-81.5962071,30.1591495,train,5.020981093455226E-4,81.27998708600599,0.9162223914542899
-81.226436133,36.1343453448,train,2.9238152916108195E-4,55.23064037082988,0.7639976149840786
-82.61888,36.50908333,train,1.7461849076343965E-4,34.32676205027034,0.5778293926810809
-83.3671901834,33.9414473376,train,3.97008044998044E-4,73.24287514154035,0.8592270304285761
-84.8567932,29.7817695,train,6.374280412676539E-4,88.03408986522666,0.9570582376930856
-82.5691702656,27.4154981567,train,4.2317086451972095E-4,75.26581090878732,0.8762894564995558
-85.20188833,29.700725,train,6.329033826793826E-4,87.7543973341305,0.9560879108738186
-82.2152230941,35.5219898422,train,3.459336593072371E-4,67.47335466029298,0.818840644112152
-82.60556167,29.68234167,train,3.637977992305741E-4,69.82419658662825,0.8341380541085123
-84.3814,34.0046,train,4.0109795579378965E-4,73.59248725885033,0.8620418190558619
-84.9309052527,32.4773781278,train,2.717896341989389E-4,50.87341066104705,0.7387352968238237
-81.8112202361,26.712234283,train,4.318837040602191E-4,76.00092769161171,0.8814995765506113
-85.42785355,32.63461093,train,3.501620644830512E-4,68.0336721932634,0.8225843526885894
-84.8249683333,29.8161583333,train,6.435902418501599E-4,88.26470072921607,0.9583453471590463
-82.8096642287,30.1004672833,train,3.7952013173595683E-4,71.89628760345668,0.8465289820515611
-83.6950067551,32.8656944674,train,3.311561852290106E-4,64.21766397119559,0.8051256540146379
-82.38142653,29.7019249487,train,4.0770094393362277E-4,74.02578461221545,0.8664678817500495
-81.326485,31.286896,train,4.60019829105587E-4,78.39302550639115,0.8968723528639614
-81.423929,41.321526,train,6.094201068981721E-5,16.09719775234253,0.2598922157363851
-82.5807032549,27.584239631,train,4.001237907527486E-4,73.5339624270681,0.8613765209453617
-84.1391916667,30.3087533333,train,5.030263788944919E-4,81.40951723947252,0.9166055673639941
-83.4030461667,35.43866425,train,2.9289777160133884E-4,55.3751602399808,0.7645985227470461
-81.07755,38.0428138889,train,1.4080251211868476E-4,29.14166957652552,0.5010987184482636
-85.1781694444,35.3026138889,train,3.0847910325449156E-4,58.90244122795998,0.7820327664234576
-84.614969,30.476154,train,6.13245460873027E-4,87.04959346750515,0.9516111485027969
-81.930150549,35.7133318927,train,3.374819088643138E-4,65.87892606194936,0.8111192880009002
-81.0535779721,31.9496997147,train,3.8351198174318036E-4,72.23962419471019,0.8495248183318144
-81.2749783333,29.869325,train,5.288377364872948E-4,82.75551471454492,0.92658609978663
-84.6965966667,33.878865,train,3.378392118107839E-4,66.00918930650292,0.8114522788565851
-85.7358666667,42.99305,train,3.096314334186009E-5,6.746824897755312,0.1417931515325228
-84.3255574777,33.82196847,train,4.2486977596306645E-4,75.41323807921452,0.8773230459526844
-83.8470441997,34.9345975,train,3.323767627131389E-4,64.52189780531259,0.8062967782630306
-81.194229126,41.4845123291,train,6.015502684479184E-5,15.87760680353521,0.25701020093888516
-82.6689233333,27.5075383333,train,4.171917370018456E-4,74.8174165088057,0.8725821084358732
-82.77582067,34.72687245,train,5.094114665540465E-4,81.81949025202537,0.9191941732156078
-81.3556527778,29.0006666667,train,5.523548435014205E-4,84.50348660995033,0.9346357749275568
-83.4968694444,35.5602277778,train,3.3394179552906486E-4,64.93341273540062,0.8077881100677107
-85.30272,35.0312916667,train,3.0115921685534543E-4,57.15754501954315,0.7740093368366712
-81.076325,37.95392,train,1.3977858409701857E-4,28.984118738682394,0.49856957334510477
-81.4356842041,41.5615844727,train,6.0476101348933926E-5,15.96639508114355,0.25818736124657704
-84.1997138889,35.9876083333,train,2.089398583860007E-4,40.26770107784859,0.6436494472010387
-82.9858323022,32.3891482934,train,3.156893857579739E-4,60.488099874533305,0.7896575151219447
-84.6737683333,30.177,train,6.383396309937836E-4,88.06820503450774,0.9572511204002963
-83.8389300493,35.5844874048,train,2.44873998722027E-4,45.98453040400539,0.7015937634707188
-85.6220513999,34.3949433455,train,2.9571875077973405E-4,56.00306627388263,0.7678552293984702
-83.6072499722,32.8350489722,train,3.3905653034797725E-4,66.27993120543319,0.8125823660744209
-84.1487089722,33.7990159722,train,4.311566518944934E-4,75.91414621750344,0.8810733342153655
-83.86609024,34.24180239,train,4.970657818365505E-4,81.01921905185587,0.9141142693364127
-81.3109232609,41.2850976465,train,5.8968179672474044E-5,15.576287725153351,0.252642607367653
-71.4547805786,42.4062957764,train,1.0098564134045683E-4,22.97973884276939,0.392688332403504
-70.2559924778,43.6690216279,train,6.55886065829361E-5,17.091528246281634,0.2766821010200874
-68.535255,44.970875,train,3.914067850498176E-5,9.58407837795157,0.17576082101962553
-71.206306,43.157233,train,5.904677487302768E-5,15.595147188786095,0.25293262959578944
-71.5675225296,42.8239892051,train,8.048665746241115E-5,19.447055578784525,0.3279885033623493
-70.748934765,41.7647184832,train,1.2720371494334354E-4,26.987537967989642,0.46644331968127206
-70.8026416667,42.2129866667,train,1.1357585766222397E-4,25.10762807676959,0.42929874109808674
-71.3274021474,42.4814746491,train,1.0930893501957272E-4,24.396631855638688,0.4171453193832132
-71.5743713414,42.3118860744,train,1.0939171901925819E-4,24.411194060029327,0.4173835563360615
-72.0003083333,43.1177583333,train,6.695970656019106E-5,17.341420904160856,0.28156322726179983
-71.053391844,42.9364768152,train,7.27582202896173E-5,18.26806836010215,0.30184440266054113
-71.18612,41.51062,train,1.2518988879980263E-4,26.752506394707442,0.4611105220766365
-71.72918176,41.56463385,train,1.2417318094753245E-4,26.638928877018103,0.4583979715844748
-70.2050394752,41.7224061722,train,1.2262975169754204E-4,26.437393393989957,0.4542540226545816
-72.5133115053,41.5262341585,train,1.291659316131331E-4,27.312436759925777,0.4715886848171723
-68.4980277802,44.5019295255,train,5.14922963916474E-5,13.323306853645198,0.22453501512150276
-72.4780383765,42.364509754,train,7.483976509070248E-5,18.61667451457389,0.30898441418039047
-71.3421852887,46.7104221824,train,2.4909851679652003E-5,4.552494314707204,0.11575067197473143
-72.7017783333,42.4959433333,train,7.926450730697607E-5,19.250120709188902,0.32392028989381316
-69.358643,44.625432,train,4.2037246391541275E-5,10.42135928416632,0.1874672833990203
-69.0809959722,44.8138069722,train,4.4003561356183934E-5,10.962029029884427,0.1953192461428902
-72.2657100856,44.0327277681,train,3.065985726136194E-5,6.62055570477453,0.14050679624913553
-71.1112299806,42.3460807814,train,1.1150451809286571E-4,24.788580416322347,0.4234309522607621
-123.9755866667,40.4993033333,train,3.125122337422668E-5,6.856873215662814,0.14301322910704684
-122.6378623387,45.267013744,train,3.7706643394916704E-5,9.174020769891408,0.1699029073153815
-123.2638383333,49.2055366667,train,6.300146102520995E-5,16.592328562531222,0.2673813371932351
-123.0586347997,49.1229536,train,6.105638316921365E-5,16.1295176196005,0.2603101279540755
-123.0808472222,44.056125,train,3.4906524044872696E-5,8.240907136777118,0.15834437025518477
-76.7116436922,37.2693524743,train,2.6449760808978137E-4,49.449882512754755,0.729155343531949
-74.0077916667,40.8931,train,1.2299144753357696E-4,26.506916177964076,0.45522797440293516
-73.7598411396,40.7589971025,train,1.472233269629901E-4,30.10984673198118,0.5166701543108292
-73.679107586,41.2150667562,train,1.005167348514837E-4,22.88181049930551,0.3912803669109587
-75.7696137994,41.5561480958,train,5.3274501831222056E-5,13.956032032929125,0.23133020154287176
-73.0525198961,43.7425557994,train,3.3504090143230475E-5,7.735815786560943,0.15249494982801448
-76.7795274816,39.305904713,train,1.6045786728652588E-4,32.09329134369975,0.5472495306051098
-75.17193298,38.39211248,train,2.204073739402804E-4,42.13764969479406,0.6632694275770479
-74.8611916667,40.1096944444,train,1.2857659576483944E-4,27.207864270278765,0.47004855151098635
-76.703,38.7506,train,1.6332001299726532E-4,32.3913424269253,0.5536039545051745
-73.0272092593,41.4471452557,train,1.2811476034422947E-4,27.131224437442434,0.46883848322375
-74.1544324551,41.9328867422,train,6.908448880647405E-5,17.68944438385579,0.2890624736304209
-75.05954694,40.0876249137,train,1.281830672408376E-4,27.142559707332953,0.46901763004748454
-76.98278,37.54713,train,2.2742770110237748E-4,43.46603202738643,0.6747436813659652
-73.3053808194,44.8211350479,train,1.9951796532950603E-5,3.110483906771468,0.0938324649689033
-76.9127082,37.3176495,train,2.688315026783035E-4,50.42036304527054,0.7348905698610945
-76.3111471385,35.944280179,train,3.278763109951551E-4,63.581923702219456,0.8019434716903252
-74.1284588228,40.5630855077,train,1.4467095705444425E-4,29.721960976140448,0.5105393366614853
-76.1567697151,36.7761939989,train,2.915053617549533E-4,54.94336256438964,0.7629742404505306
-73.2048653,43.4815816,train,3.5837148299606796E-5,8.612933472803233,0.16220361579374254
-75.546026462,39.771991809,train,1.4075890111747512E-4,29.13496417499989,0.5009912579997559
-74.00701856,42.58829632,train,4.8099896215982315E-5,12.241525050618197,0.21143404464444904
-75.6237877679,38.3846606352,train,2.112548069831882E-4,40.758862945769586,0.647700145257879
-75.0904166667,38.3277388889,train,2.332275102444236E-4,44.41340071620871,0.6839275558529474
-74.9393696,40.3310382,train,1.175113724562054E-4,25.680869991317,0.4402834381203451
-75.7308472222,38.7591777778,train,1.8228993556416916E-4,35.82375378740066,0.5935241892211635
-76.6912716667,38.5097316667,train,1.8486093230565676E-4,36.329449999484986,0.5986524876286752
-76.5683666667,39.2716916667,train,1.7077435601412435E-4,33.52096881311977,0.5697383095275088
-74.5301666667,39.4996633333,train,1.5973795400046496E-4,32.012571621000816,0.5456370201263165
-76.8843916667,38.1001971667,train,2.0130161578900445E-4,38.99347389259582,0.6299507623392451
-75.47535,38.8848116667,train,1.853938374017395E-4,36.40610016253231,0.5997073366532901
-87.789055,42.141698,train,3.45884848745609E-5,8.137569369367162,0.15702140831724232
-89.9869252369,35.1446343248,train,2.809392724460918E-4,52.67503692841973,0.75027782640131
-88.0500555038,41.889115891,train,3.2603471200474946E-5,7.421942791893316,0.1487171344273932
-88.8385841346,34.4629151853,train,3.0309204445402735E-4,57.51968320401928,0.7761561969986059
-88.7131619453,30.3765776528,train,7.534183704447472E-4,92.5339173824469,0.9757835615962128
-86.205029,34.395279,train,2.8400269698969713E-4,53.35866968766981,0.7540273363345704
-86.9487831463,34.7931692982,train,3.0603292322476365E-4,58.2558353337349,0.7793836765734115
-90.8246344328,38.4820673035,train,8.59548328380272E-5,20.357389482082,0.3458928970540909
-86.9426416667,30.4308216667,train,8.389160524496117E-4,95.30116817804004,0.9841240542177472
-87.59216,41.554251,train,3.6047281600774135E-5,8.697606177615736,0.16307257471720593
-86.4236927032,30.4983844346,train,7.732529151670485E-4,92.80426393658114,0.978043139419817
-90.1776864,30.5506136,train,6.215888746306147E-4,87.4353044263864,0.953564425232963
-90.8512848191,36.5655874113,train,1.9793412606121274E-4,38.4694586941675,0.6237453134311963
-87.5816545543,41.7842681799,train,3.7684639149848234E-5,9.16806268177529,0.16981269825338807
-86.8232040405,32.73254776,train,3.397558872778857E-4,66.38787869047613,0.8132285420131997
-87.903500398,30.5571906537,train,7.374575189287096E-4,92.17304540421476,0.9737975310472412
-86.5817294085,30.5807851596,train,6.748955562201546E-4,89.41897887805118,0.9643120480228472
-86.8092116667,33.966545,train,3.2690677788172737E-4,63.2558972232239,0.8009929038264871
-88.1908713,34.6047175,train,3.158987088730267E-4,60.52623574799195,0.7898748407484848
-87.637735,30.259715,train,9.524673080502497E-4,98.81475577366726,0.9909384768820354
-90.81938,37.4339916667,train,1.1057491537299968E-4,24.624208896914702,0.4207779527162602
-89.2807916667,31.3380366667,train,5.739329545816695E-4,85.44983177827599,0.9412428683376542
-92.119301,32.509311,train,4.112218065580737E-4,74.30173729894982,0.8687696193838382
-87.7901383333,30.2450116667,train,9.296537316184503E-4,98.04175626471566,0.9898578392428429
-91.4201142946,31.3562406033,train,8.078954964248741E-4,94.23831272656915,0.9814957807013581
-92.0730809103,30.5532736222,train,0.0012145937998443456,99.86496504155565,0.9975168273707419
-93.8394867334,32.7920922529,train,3.983462603145108E-4,73.36750581815338,0.8601542918638241
-91.3562123,31.5508916,train,6.994395159864408E-4,91.01768834672302,0.9683858791683994
-90.1049416667,32.3584033333,train,4.787649739863871E-4,79.59373733240064,0.9059905379750484
-90.9884158149,30.4784071896,train,7.843153114917849E-4,92.99314439244039,0.9792104909648792
-89.245475,31.154425,train,5.921971032775441E-4,86.19897104990004,0.9463105866502398
-87.133816659,30.3675120157,train,8.903165613562978E-4,97.04891931013036,0.9876831781358528
-88.8918991089,33.2768325806,train,3.900471491428082E-4,72.73021956753894,0.8543036695927869
-89.8827666667,33.9336466667,train,2.884704660376794E-4,54.43388190077707,0.7593950144121248
-91.3650751551,30.9934350018,train,7.959634027421358E-4,93.69866203990344,0.9803726324084436
-89.9344347417,29.9017976929,train,6.622071023908438E-4,89.02660818109797,0.9620042418693877
-89.2597714038,30.313415713,train,6.013916516740209E-4,86.5199143717334,0.9486939354030391
-86.24350833,34.82094167,train,3.084829856532746E-4,58.90450151952506,0.7820369454814231
-91.6776049928,35.3574674433,train,2.7790603732455655E-4,52.07141649665735,0.746508956001199
-91.74001795,35.25497908,train,3.2378737242842704E-4,62.57955771636421,0.7979034546750916
-89.9206512,32.542906,train,4.1467374012538124E-4,74.56976773585504,0.8709877725067552
-89.9368833333,30.32142,train,6.078250220590873E-4,86.7576500297084,0.9502983542740479
-87.1740886196,30.3537876263,train,9.355799483735989E-4,98.3184537845419,0.9901503619712576
-90.1372058877,30.7617151039,train,5.557718024965567E-4,84.75418708808692,0.9357295096229894
-86.57,33.85,train,3.120813981862055E-4,59.78335589180865,0.7858760675164314
-89.36612,41.92607833,train,2.4711752175721686E-5,4.4800711348933335,0.11488518251305346
-87.6343657091,41.9652114758,train,4.057443358033571E-5,9.990721133823309,0.18157626417240558
-86.07556117,30.30970333,train,7.080576095008972E-4,91.20181026537662,0.969703148221723
-91.0871231746,30.4029232644,train,9.315221810439433E-4,98.12899494384523,0.989950993114273
-86.8030630052,40.5155604461,train,4.6285202108758354E-5,11.630916850501837,0.20433532315995262
-88.20503833,40.08006383,train,5.23216592263214E-5,13.620118395066719,0.22770464742611107
-90.9209833333,33.7052416667,train,2.849042190188086E-4,53.488811285099274,0.7551200037275293
-87.86085275,42.1679797,train,2.893813509208833E-5,5.981678162341923,0.13316767001541385
-89.4643159722,40.929917,train,3.525458549204779E-5,8.378408098100207,0.1597898378517162
-94.07091734,36.06483224,train,1.3864397286410398E-4,28.8086867217076,0.495752058196109
-89.80944397,30.7874503,train,5.231705280852475E-4,82.56660053410869,0.9245024236646988
-88.99767251,42.38638608,train,2.191107128958709E-5,3.621278209172431,0.10255807236753445
-87.84642833,41.96071667,train,3.641772957995127E-5,8.818382520657655,0.16460228447160186
-90.5147910957,31.1965613673,train,5.374462391223589E-4,83.42648967654915,0.9296417124688113
-86.8447488919,33.1243924352,train,3.171224790232021E-4,60.816391957637144,0.7911409099358404
-88.6337583333,30.3770166667,train,8.146815470432291E-4,94.57290076588363,0.982105629562188
-86.2742634009,30.3666224514,train,7.328147079643701E-4,92.04736872076911,0.9731898121311741
-86.95086667,33.44051333,train,3.35389975788411E-4,65.26816602363976,0.8091578622895571
-94.4341218426,36.0930088951,train,1.3246629730075848E-4,27.852302753227352,0.48013130235690205
-86.4713141848,30.5371309124,train,6.567369710173602E-4,88.72557276214881,0.9609638347941672
-90.7521847176,35.090852408,train,3.2147281928549573E-4,62.05874003615277,0.7955801740159377
-90.0421773639,29.9653862416,train,7.329538679513291E-4,92.05132903606368,0.9732082307142776
-88.385433671,34.0731892543,train,3.369109999499497E-4,65.68257823917595,0.8105860046684967
-94.23908833,30.35328833,train,7.897412132140412E-4,93.36336466497927,0.9797601606265375
-88.66881667,37.38658833,train,1.8384189070336793E-4,36.162437763846924,0.5966276185703916
-89.0503317118,30.9947430464,train,5.539602414980512E-4,84.62127690992855,0.9351519459155331
-87.0420083333,30.6267633333,train,8.141990223999967E-4,94.55589811226601,0.9820629377416956
-89.26805,33.48844167,train,3.380790749968179E-4,66.06253689999315,0.8116754915523746
-87.8746490088,32.5141697657,train,4.2744764705202195E-4,75.60879905071036,0.8788749107437794
-93.8850070909,34.4285021606,train,2.9897592994137574E-4,56.82041349472658,0.7715595070426938
-88.4479,33.48278,train,3.964413850922253E-4,73.19269214133111,0.8588325360916287
-86.4198310179,34.399817258,train,2.7759564923024525E-4,51.994553082591544,0.7461200973435554
-88.7995805997,33.2768252997,train,3.707596841668467E-4,70.85850962339345,0.8397436328788581
-94.217312014,36.3503045299,train,1.1540201434011622E-4,25.385813145764548,0.4344224119496598
-86.1697508889,39.9751257222,train,6.80189076475985E-5,17.511956189046998,0.28531142774848595
-86.04547217,31.80401667,train,3.9714338251732665E-4,73.25486248178578,0.8593210857915253
-89.3637399,31.3752845,train,5.987508658995557E-4,86.43970910892783,0.9480204501940209
-89.1409804904,33.2799649651,train,3.7066529244293164E-4,70.84649242386821,0.8396689120566136
-92.85173,45.0471111667,train,1.3181810984234018E-5,1.8359630528562745,0.0630241734477176
-91.3477358992,31.2420158968,train,7.88776728741842E-4,93.27551907914615,0.9796635270168851
-89.518274267,30.8282845046,train,5.69136818178059E-4,85.28811698461517,0.9398345633689349
-89.034532711,31.4871946545,train,5.089204029972499E-4,81.78517264416014,0.9189979735347207
-90.3203582764,32.341632843,train,4.4324829033146046E-4,77.28683421718736,0.8879670501924009
-89.25798,32.3186333333,train,4.7394723094377903E-4,79.38637205028017,0.9037270246208567
-89.1114263029,30.6713026375,train,5.620949916863457E-4,85.00499132142053,0.9377054590590049
-90.00021389,38.79442167,train,7.909895149637773E-5,19.22569131108521,0.32336730778027223
-88.8800748065,30.4018981723,train,6.981864790730626E-4,90.9251357350643,0.9681896423053497
-91.0535480642,33.4061724041,train,2.8338422427760443E-4,53.269388423186896,0.7532749134557143
-86.1895791069,32.2914937627,train,3.256512857757378E-4,62.94835785116279,0.799755188400963
-89.1392676823,32.6235468493,train,4.2624916166381283E-4,75.52997017739749,0.8781558858710233
-92.7800335363,45.0889266794,train,1.2808640496645198E-5,1.7614766908211754,0.06129584165208013
-86.9828716667,41.6803783333,train,4.2788576579346175E-5,10.632595309164111,0.19047652767596068
-91.1769467147,35.9591903138,train,2.525886842587182E-4,47.13682405870933,0.7127487892800439
-94.010773868,33.2359293158,train,4.0414624568733205E-4,73.77559960994803,0.8641030664956321
-90.2192011849,33.0223567598,train,3.430153219581731E-4,66.95384453084672,0.8162108559415797
-86.6802433333,32.8836433333,train,3.2802619479978436E-4,63.65463331410706,0.8020900178201431
-87.849884592,31.1365139173,train,5.12930946412624E-4,82.05606125965947,0.9205865078963167
-92.5470966667,34.212895,train,3.3702475365934815E-4,65.71924982065566,0.8106923814523039
-90.3121282441,32.3147554882,train,4.902373409502045E-4,80.40222992487583,0.9111686475713111
-90.3378219604,32.0078125,train,4.92782316838994E-4,80.55622456430866,0.912278115742477
-94.8608392385,31.1994530401,train,4.4551413140642176E-4,77.393751640415,0.889213683888029
-89.8856623751,30.5998216197,train,5.331830896732363E-4,83.04040437044911,0.9281447299614243
-87.3535466667,36.5717866667,train,2.3038281754978127E-4,43.95089528398326,0.6794559106594356
-94.1888416667,36.1062971667,train,1.3311966256044367E-4,27.976362491697042,0.48180601557818925
-88.6626471,32.5271702,train,3.8983398311040907E-4,72.71599224972685,0.8541502126885184
-87.5118789673,30.3576965332,train,8.977252442755245E-4,97.23719096718136,0.9881256750338833
-94.4947966667,30.2606116667,train,8.540277613885951E-4,95.73252859204918,0.9852657221250325
-87.3933866667,30.355025,train,9.178935893989771E-4,97.57673734839864,0.9892513731144221
-86.2775223702,32.4218227964,train,3.3953844719428563E-4,66.35432621598646,0.8130278756790054
-86.41011788,41.87200142,train,4.2238756284167376E-5,10.477441007141241,0.18827547132291444
-91.9374921177,32.5088955383,train,4.0856363162784494E-4,74.09492477774154,0.8670355645707292
-87.3805,30.33173,train,9.441084110011419E-4,98.74981705353784,0.9905565888338158
-92.645722554,32.5149380738,train,4.36531835835087E-4,76.521147142624,0.8841887235674115
-89.4165416667,34.6181777778,train,3.081921187724457E-4,58.763203713380776,0.7817236311085065
-90.457,31.5772033333,train,5.48748896294929E-4,84.02688105655619,0.9334613551923826
-87.6924533333,33.2586166667,train,4.028394074782516E-4,73.69709574715391,0.8632231836402916
-91.8385898528,35.4967376919,train,2.605423896808081E-4,48.838295430090454,0.7238130183919191
-94.6863376098,34.3970467161,train,2.2114347995666738E-4,42.253380379179255,0.664491297514203
-119.1242055,34.486245,train,8.477700614981542E-5,20.184672130555256,0.3420771011220354
-117.2810366667,33.1739,train,1.1047020581370139E-4,24.60500427487829,0.4204783574737808
-118.733259116,34.0378798523,train,1.0284943149276421E-4,23.3027357687936,0.39825253196896704
-118.4084555556,37.4383611111,train,6.491279762497107E-5,16.9581834391289,0.27426402872840316
-117.2368603,32.8865978997,train,1.1425424630530991E-4,25.215579911797764,0.43120750108081407
-117.7522928,34.3725752,train,5.482987780953838E-5,14.469589649077339,0.2372118563844583
-106.688748,24.419394,test,2.897840245809386E-4,54.62657242232742,0.7609507557710828
-100.275375,25.5374616667,test,2.5353627498467956E-4,47.35811154981718,0.7140898798228492
-98.0253795,30.5074805,test,2.7135817652968624E-4,50.77190038264357,0.7381780175348188
-82.6205997819,27.7964340709,test,4.2749346866500506E-4,75.61181290983653,0.8789023168003676
-81.89620333,36.02572217,test,2.0515815057018698E-4,39.63605227284287,0.6369317825236337
-111.5636019808,37.6602036419,test,5.0196443819042266E-5,12.901309826763061,0.21955650528941628
-96.989203153,32.7376261458,test,2.63266191890844E-4,49.27791649693517,0.7275032389192861
-72.28672833,41.42803833,test,1.4878187007027834E-4,30.444961165366706,0.5203759662005332
-89.699180603,31.4766750336,test,6.086895504728068E-4,86.80836516697462,0.9505100999149637
-89.896298,31.979431,test,4.933612147148999E-4,80.62677571971051,0.9125285423474118
-85.8142324537,33.481802207,test,3.3270447002663796E-4,64.60161276195204,0.8066100078696656
-90.1466417313,32.32688663,test,4.8155160006501855E-4,79.80557506963753,0.9072754003018404
-115.9367138889,32.1412583333,test,5.8320232910262376E-5,15.4299395562464,0.2502473406046404
-85.0260311365,35.9678975177,test,2.8626847233682547E-4,53.757594920678166,0.75676428975707
-89.9815229884,32.1849908026,test,4.640362687906215E-4,78.70197179868968,0.8988977377474734
-110.7055055556,32.8365083333,test,1.4446777412685074E-4,29.68884846360819,0.5100479604607763
-82.953516,35.808904,test,2.0552651035131263E-4,39.69476280731857,0.637591649940876
-107.501196,27.374674,test,1.4003249694967055E-4,29.023276034853644,0.4991979417085478
-82.2679759563,29.6406776319,test,4.4229324936589617E-4,77.18851391273438,0.8874374068256563
-88.7403912,32.3278365,test,4.2256278425188405E-4,75.19743921580972,0.8759173981276644
-75.481705,38.5284133333,test,2.0424017615324977E-4,39.494378039791684,0.6352821211823212
-97.6869755891,26.1874625646,test,3.1964416704821874E-4,61.50593487586834,0.7937257552589068
-81.1741906498,28.6417692248,test,5.252680005761153E-4,82.63651896104648,0.925280412129989
-87.442818,30.5239019722,test,8.20915523043283E-4,94.79256650954262,0.9826481358325535
-77.5890192878,38.9032794955,test,1.3403048615201886E-4,28.135129457889303,0.4841316501043782
-88.5191192627,33.8617591858,test,3.158544666373852E-4,60.516620723271025,0.7898289258351199
-101.8404616667,30.741075,test,1.385875691398673E-4,28.799965656006258,0.49561158171942643
-101.1736037,29.6844994,test,2.0362544261157568E-4,39.418351167521074,0.634173215631378
-97.77949294,30.87443247,test,2.4736134688093037E-4,46.313922287032305,0.7052368630778578
-119.2012697441,34.8273173259,test,4.8469075381202555E-5,12.35974960644129,0.21287042869332606
-109.3133049722,31.775414,test,7.905107631432026E-5,19.218626854225967,0.32320731294598637
-81.410647994,35.8006256121,test,3.398585541479794E-4,66.40372088241573,0.813323214098434
-100.4508956,29.6183029,test,2.1290099517506215E-4,41.04295469907269,0.6505526016908805
-90.1255923963,35.8507550717,test,2.4105118038975063E-4,45.35209292419551,0.6959066919138295
-91.0961576,30.3106976,test,8.889711574534601E-4,97.00814123681253,0.9876010700136375
-88.1583011424,30.7024450104,test,6.507333692941229E-4,88.46652211016809,0.9597891422109814
-80.7169382847,28.6461026213,test,4.975692778094832E-4,81.05008014048613,0.9143275583063857
-118.1259773056,34.2039196944,test,8.258412034351847E-5,19.842428486605076,0.3349134251327448
-72.58679,41.366819,test,1.4799203835740696E-4,30.26057455854097,0.5185015156948105
-100.0215148926,25.5612640381,test,2.708061109127726E-4,50.6978035104462,0.7374632247417754
-107.574231,27.139141,test,1.7849858861693771E-4,35.20775078140076,0.5858418847194509
-83.4191378,32.9426099,test,3.359704616584363E-4,65.40962670750281,0.8097041667938574
-88.1859193737,32.3410322393,test,4.468957321126207E-4,77.45894473320011,0.8899670032402351
-97.8733438,30.1860665,test,3.177964615443558E-4,60.97670631541254,0.7918349278166738
-95.452056,29.700212,test,6.351689676446326E-4,87.90425328378711,0.9565764826469654
-124.064996232,44.7475642938,test,4.0787137388172265E-5,10.054663267816528,0.18243550836861644
-87.0731757861,38.3955051285,test,1.2786026544727008E-4,27.088991976504495,0.46817049343032047
-91.2301315196,31.9123414165,test,4.854061244591818E-4,80.04164663508934,0.909023757001231
-95.5698322175,29.77144909,test,5.782144897611733E-4,85.58371606651751,0.9424721969749286
-81.3027883333,41.7311333333,test,5.72165788793597E-5,15.170996532955295,0.2461497719571758
-100.5584665028,25.3852640556,test,1.5893856089235853E-4,31.884836850142875,0.5438397553130199
-86.809564,33.167342,test,3.225989086671924E-4,62.37867894683244,0.7967138267882975
-77.9798095,35.4298876,test,2.8439393547259503E-4,53.41514795386414,0.7545021247662297
-86.4754110483,33.6841959154,test,3.0515420509967756E-4,58.00355687113112,0.7784242293618394
-92.466357,35.0994299722,test,2.8930677868302477E-4,54.56881211002423,0.760386686204248
-110.3629216667,31.3812916667,test,9.310351014907527E-5,21.636262297760748,0.3685822584898736
-103.659433,30.3741829722,test,1.1496498378630462E-4,25.322342287120776,0.43320043239462036
-86.8069582,33.4556431,test,3.5554765224264927E-4,68.98912508790397,0.8272407891092833
-91.11821667,30.53612,test,8.260841972304128E-4,95.05090053970346,0.9830854419452129
-80.3184966667,27.17743,test,7.130096688832772E-4,91.32360448754741,0.9704350872785975
-99.9849697366,29.3379262072,test,2.506382509317402E-4,46.67579627692576,0.7099685802458451
-89.80313,33.80078,test,3.1535441730769703E-4,60.43022773006493,0.7893092729453888
-111.754253,34.944708,test,6.500333474783202E-5,16.976080795096493,0.27458844263056537
-94.023932,30.81381,test,5.780288620798482E-4,85.57831083034732,0.9424194362432234
-101.08481,25.5796366667,test,2.2666634380032015E-4,43.34226810410131,0.6735184385133484
-79.9330794811,35.8976384021,test,2.60251596178219E-4,48.765719719490725,0.7234161093592306
-89.3601999432,34.4385866534,test,3.0983023407181036E-4,59.23411666482469,0.7834823114379872
-99.9998016357,25.939956665,test,3.133286101676908E-4,60.043755028269125,0.7871908681366441
-81.0671083333,36.3964055556,test,2.0906307569757622E-4,40.29361773856067,0.6438662217252417
-82.6850064816,35.4855685866,test,4.3509883158440114E-4,76.30224885357316,0.8833662401492063
-78.8630289876,38.4294642333,test,1.0408923680917969E-4,23.501920490367684,0.40192560967034063
-86.1335924224,30.3631686026,test,6.940883429068546E-4,90.57546390199653,0.9675392906052772
-101.182755,33.63907,test,9.222344030522716E-5,21.445602738603114,0.3658320271379908
-85.47477714,32.0353772,test,3.1151699366309936E-4,59.66322002839569,0.7852784101281838
-81.267074585,31.6449718475,test,4.2446578688374334E-4,75.37818177156049,0.8770780510140129
-107.973526,32.5935172778,test,7.62648693032633E-5,18.82321859653304,0.31383058061319424
-115.813065,33.724568,test,1.3984090246339732E-4,28.993754318157766,0.4987238680850272
-80.8224333333,35.2332916667,test,3.033079184235748E-4,57.570021809170186,0.7763947061683276
-91.9727108779,33.1149536729,test,4.093775845079115E-4,74.16015908818223,0.8675689650408602
-71.5781517812,42.398701301,test,1.0008861939098233E-4,22.79240112058271,0.38999203250502
-101.690784,29.515453,test,1.9473804254993007E-4,37.86737852392694,0.6177595005054586
-86.5600966667,31.1019528333,test,4.924523509986921E-4,80.51601113073887,0.9121350544870443
-95.7552286237,32.4568613964,test,2.368975192262523E-4,44.878914151705374,0.689604508801577
-80.5994665556,33.1162650556,test,2.9677429508772425E-4,56.25275036776772,0.7690621956662187
-74.92089617,40.93135258,test,8.842788181001074E-5,20.72317875795254,0.3538329510527235
-85.332521461,37.3848344805,test,1.8937171399920487E-4,37.24217437448726,0.6074941786023142
-86.3947712894,39.1371461744,test,1.0462874464665761E-4,23.5808714119248,0.4035169597993191
-103.7460716667,25.4216466667,test,2.4882989842694433E-4,46.4229242675271,0.7073668634857565
-101.0326819722,25.3562919722,test,2.1805563721778015E-4,41.69688615049972,0.659335858047398
-81.8854916667,41.4029366667,test,6.428206816153027E-5,16.833500995400392,0.27199996042538344
-82.2810216667,29.4788333333,test,4.777338145172365E-4,79.50909806636439,0.9055105892286482
-116.748884,33.611549,test,7.268798459462837E-5,18.255582287323442,0.30160220126931214
-81.0815732181,32.0194022643,test,3.660815559924094E-4,70.27416595877636,0.8359981745745824
-81.77343,36.0041111167,test,2.3922498166672793E-4,45.059699183722906,0.693151791283812
-91.3598280028,37.9943089237,test,8.357992415332325E-5,19.988130724121397,0.33817611455060825
-73.19080333,44.02436117,test,2.79348448006495E-5,5.621574217398449,0.12886211384668522
-77.4932054444,39.5852954444,test,1.1869835447122017E-4,25.85714927545079,0.44355481994001633
-84.3376190589,29.9406504818,test,6.845177688319061E-4,89.78068479609937,0.9659682375952189
-103.140606,29.417548,test,1.718517416683353E-4,33.759039116357286,0.5720214899172715
-86.0185470581,34.6385650635,test,3.1586789982989484E-4,60.51894156171699,0.7898428679604121
-97.9944366,38.6765978997,test,3.6120469293142846E-5,8.727096981012526,0.16337501426176904
-95.294922,30.023023,test,6.498532933381065E-4,88.44165651086591,0.9596139967815303
-93.2256222222,45.2489777778,test,1.2861159216547698E-5,1.7719596430223363,0.06153927370376311
-110.9937019,31.8542511,test,1.3828653628234107E-4,28.75343748836399,0.4948611812963969
-75.4767113844,39.2756389419,test,1.6893220282676122E-4,33.21489209319855,0.5658061910360987
-97.6383353,26.1325772,test,3.2594490381930206E-4,63.02577378911865,0.8000453369392718
-100.583868,26.547073,test,2.6487357590577424E-4,49.50238603467405,0.7296577544057188
-88.4591916667,30.4214611111,test,8.135604828879354E-4,94.53339798445491,0.9820062857441616
-80.4422497428,33.5453254475,test,3.0330031955410025E-4,57.56824986561036,0.7763863148457046
-81.93369167,35.96549667,test,2.59103025651619E-4,48.50909186011757,0.7218428220828677
-84.0522583333,39.7920083333,test,7.500237448597283E-5,18.64107341932846,0.3095391041537937
-109.0819196267,25.9882675193,test,3.183582732290584E-4,61.25099643474651,0.7924116776811121
-69.6633761656,43.8742683269,test,7.06271768344509E-5,17.9534426603876,0.2944581695516275
-81.0342326,34.0156483,test,3.388161780211627E-4,66.22647482291221,0.8123597749935838
-111.73847495,32.92784616,test,1.5631649176396696E-4,31.497747678680547,0.5378945392529122
-119.3897994928,49.928957675,test,2.990832615696086E-5,6.3367579939750165,0.13731094334953087
-96.9585416667,32.6380666667,test,2.5499647326443037E-4,47.687921865894225,0.7161441976249121
-90.9711323306,33.0809250766,test,3.178958826834542E-4,61.00035475667564,0.7919371090612369
-64.6967834196,32.3701433839,test,9.452627511228246E-4,98.79119977527955,0.9906102693397069
-88.7802543026,33.4468876245,test,3.9130651925624386E-4,72.81324211934805,0.8552069932554703
-81.0195786506,34.9125346969,test,3.2183330270490595E-4,62.20210668673187,0.7959437649093445
-107.412065,24.8057933333,test,2.8442777057876277E-4,53.42003231012353,0.7545431423621121
-99.7624242116,29.8598136471,test,1.995003776422929E-4,38.66970161636806,0.6266443662145842
-92.5493061555,34.5605625142,test,3.5188983057248934E-4,68.33096002877991,0.8240917112755287
-86.7392389863,36.1171421629,test,2.1540629324972373E-4,41.27991142715172,0.6548494357144619
-78.8189861111,35.8988833333,test,2.567964350946741E-4,48.05446297205202,0.7186562198457402
-100.400276,26.074855,test,2.678860769046222E-4,50.2703933390897,0.733649894776988
-83.794865,35.607655,test,2.602038177757003E-4,48.75379527316286,0.723350841262627
-115.5137133,35.9926349997,test,9.527769894568116E-5,22.00017424221083,0.37532560978366425
-80.3641966667,25.17903,test,5.204438609634268E-4,82.43953824256414,0.9234789336303455
-85.2024645825,34.9994949997,test,3.0252833361985623E-4,57.36526827142886,0.7755321787223083
-109.2515435034,31.9089078854,test,6.88379842802105E-5,17.648385433991393,0.2881964855540383
-82.5254167244,35.5491454063,test,2.371503598466703E-4,44.89601981007825,0.6899918398794676
-95.5918263,29.5893981,test,5.370021294929829E-4,83.3599386146742,0.9294872322086295
-97.9897616667,26.1474638333,test,3.0649752828419225E-4,58.365780543669416,0.779889285400537
-92.0605886355,32.4853326546,test,4.1418361635052665E-4,74.50488152829922,0.8706751260230552
-69.4884444444,44.3296916667,test,5.6698147561765715E-5,15.017968998624273,0.2442172538439673
-92.420026811,31.2929967558,test,9.531313195299437E-4,98.81692682367112,0.9909681426859427
-100.5872192383,25.8172225952,test,2.4874198011216604E-4,46.41639860592631,0.7072397802261318
-82.4622407277,29.5862759371,test,4.2686256978765306E-4,75.57031632742903,0.8785244284295095
