maxent_outputs/red_flowers_troch_bombus_environ/red_54.asc
ncols         426
nrows         180
xllcorner     -130.0
yllcorner     24.0
cellsize      0.16666666666666666
NODATA_value  -9999
[rows 54 to 80 of 180, columns 183 to 243 of 426]
2.97561E-2 3.07067E-2 3.28425E-2 3.28421E-2 3.21654E-2 3.12682E-2 3.1036E-2 3.02571E-2 3.01847E-2 3.01291E-2 3.00169E-2 3.03036E-2 3.09392E-2 3.09815E-2 2.95773E-2 2.89962E-2 3.11424E-2 3.22757E-2 3.33798E-2 3.27715E-2 3.26557E-2 3.18853E-2 3.12659E-2 3.03576E-2 3.02928E-2 3.03545E-2 3.07483E-2 3.15011E-2 3.10763E-2 3.13401E-2 3.23574E-2 3.18815E-2 3.22551E-2 3.27486E-2 3.47881E-2 3.7822E-2 3.8809E-2 3.92948E-2 3.89416E-2 3.62545E-2 3.76873E-2 3.42485E-2 3.19038E-2 3.13295E-2 3.30596E-2 3.45837E-2 3.41501E-2 3.38751E-2 3.54774E-2 3.38761E-2 3.27891E-2 3.17859E-2 3.12743E-2 3.10278E-2 3.04481E-2 3.07036E-2 3.10283E-2 3.10237E-2 3.27445E-2 3.47811E-2 3.23233E-2
3.02468E-2 3.11051E-2 3.2085E-2 3.21148E-2 3.21338E-2 3.26451E-2 3.17305E-2 3.07654E-2 3.0739E-2 3.06541E-2 3.04982E-2 3.18989E-2 3.07211E-2 3.06986E-2 3.00536E-2 2.95081E-2 3.01173E-2 3.10792E-2 3.30819E-2 3.34978E-2 3.27823E-2 3.24681E-2 3.18794E-2 3.21205E-2 3.28792E-2 3.20893E-2 3.1932E-2 3.23264E-2 3.17615E-2 3.19831E-2 3.24914E-2 3.29936E-2 3.30681E-2 3.34246E-2 3.45345E-2 3.66531E-2 3.82069E-2 3.92574E-2 3.77975E-2 3.83503E-2 3.86723E-2 3.58064E-2 3.48117E-2 3.41821E-2 3.59819E-2 3.72755E-2 3.63851E-2 3.72431E-2 3.66343E-2 3.39134E-2 3.37991E-2 3.33892E-2 3.21086E-2 3.17753E-2 3.15079E-2 3.22409E-2 3.27939E-2 3.4285E-2 3.67747E-2 3.59512E-2 3.51157E-2
3.30102E-2 3.42162E-2 3.52716E-2 3.4845E-2 3.43103E-2 3.44066E-2 3.40607E-2 3.23396E-2 3.18974E-2 3.16757E-2 3.13255E-2 3.11373E-2 3.12223E-2 3.16765E-2 3.28373E-2 3.09027E-2 3.00897E-2 3.00365E-2 3.13742E-2 3.34011E-2 3.43226E-2 3.39642E-2 3.34489E-2 3.36985E-2 3.34141E-2 3.36039E-2 3.49524E-2 3.46277E-2 3.33526E-2 3.33161E-2 3.28813E-2 3.3715E-2 3.39257E-2 3.56581E-2 3.44268E-2 3.49584E-2 3.56664E-2 3.66786E-2 3.67944E-2 3.72867E-2 3.80299E-2 4.01915E-2 4.0827E-2 3.82496E-2 3.89796E-2 3.9481E-2 3.80148E-2 3.70409E-2 3.56945E-2 3.37574E-2 3.31581E-2 3.21816E-2 3.23643E-2 3.17029E-2 3.14735E-2 3.23026E-2 3.3134E-2 3.37157E-2 3.46991E-2 3.68903E-2 3.53462E-2
3.31082E-2 3.30589E-2 3.47057E-2 3.5032E-2 3.64183E-2 3.59933E-2 3.54499E-2 3.50928E-2 3.40447E-2 3.34354E-2 3.23894E-2 3.20874E-2 3.2402E-2 3.25204E-2 3.18928E-2 3.22326E-2 3.14298E-2 3.08009E-2 3.09731E-2 3.19799E-2 3.34141E-2 3.47922E-2 3.54318E-2 3.48209E-2 3.47584E-2 3.45542E-2 3.44685E-2 3.42429E-2 3.53516E-2 3.57051E-2 3.49954E-2 3.494E-2 3.49456E-2 3.65273E-2 3.43288E-2 3.48843E-2 3.56517E-2 3.61622E-2 3.66438E-2 3.74312E-2 3.69614E-2 3.68284E-2 3.70951E-2 4.03352E-2 4.24822E-2 4.2491E-2 3.96151E-2 3.80489E-2 3.65E-2 3.48461E-2 3.38724E-2 3.28973E-2 3.46324E-2 3.36832E-2 3.30245E-2 3.31923E-2 3.50814E-2 3.61211E-2 3.76055E-2 3.58752E-2 3.61441E-2
3.48049E-2 3.37554E-2 3.41118E-2 3.45723E-2 3.64715E-2 3.84974E-2 3.62934E-2 3.62912E-2 3.57326E-2 3.51622E-2 3.43301E-2 3.40358E-2 3.61787E-2 3.34727E-2 3.31678E-2 3.27016E-2 3.26707E-2 3.15698E-2 3.10253E-2 3.20905E-2 3.32932E-2 3.41074E-2 3.48393E-2 3.56882E-2 3.59167E-2 3.57899E-2 3.60892E-2 3.60589E-2 3.64441E-2 3.64276E-2 3.71687E-2 3.83752E-2 3.6989E-2 3.77215E-2 3.71504E-2 3.60269E-2 3.60214E-2 3.58754E-2 3.51508E-2 3.59983E-2 3.72243E-2 3.76896E-2 3.83781E-2 3.85316E-2 3.94492E-2 4.41744E-2 4.06332E-2 3.94288E-2 3.80248E-2 3.66868E-2 3.61071E-2 3.56545E-2 3.54793E-2 3.61689E-2 3.57582E-2 3.55649E-2 3.75137E-2 3.95554E-2 3.77537E-2 3.5888E-2 3.63351E-2
4.09986E-2 3.77518E-2 3.66832E-2 3.57788E-2 3.53729E-2 3.97781E-2 3.99709E-2 3.86975E-2 3.79297E-2 3.73069E-2 3.61604E-2 3.49887E-2 3.42922E-2 3.39619E-2 3.40259E-2 3.36446E-2 3.30409E-2 3.28884E-2 3.19885E-2 3.17195E-2 3.2848E-2 3.39962E-2 3.57879E-2 3.50836E-2 3.55308E-2 3.59989E-2 3.65064E-2 3.69128E-2 3.78399E-2 3.78927E-2 3.75226E-2 3.73514E-2 3.87586E-2 3.72334E-2 3.60081E-2 3.52458E-2 3.55025E-2 3.54321E-2 3.48925E-2 3.56701E-2 3.7126E-2 3.8441E-2 3.83953E-2 3.68947E-2 3.82191E-2 3.93906E-2 4.30226E-2 4.30762E-2 4.11967E-2 4.00267E-2 3.94148E-2 3.78204E-2 3.69758E-2 3.84663E-2 3.90441E-2 3.88302E-2 4.09954E-2 4.15779E-2 3.90216E-2 3.84613E-2 3.92848E-2
4.25151E-2 4.20361E-2 4.00989E-2 3.84647E-2 3.82462E-2 3.99982E-2 4.26419E-2 4.17432E-2 4.04337E-2 3.9343E-2 3.86129E-2 3.6589E-2 3.48927E-2 3.44762E-2 3.5223E-2 3.54599E-2 3.48747E-2 3.43831E-2 3.28757E-2 3.30253E-2 3.33295E-2 3.37269E-2 3.51489E-2 3.50848E-2 3.56583E-2 3.55063E-2 3.65661E-2 3.6667E-2 3.78034E-2 3.85799E-2 3.85263E-2 3.783E-2 3.84643E-2 3.74761E-2 3.67071E-2 3.61634E-2 3.59982E-2 3.54833E-2 3.48038E-2 3.51986E-2 3.62044E-2 3.75735E-2 3.79129E-2 3.75684E-2 3.73219E-2 3.76881E-2 3.83191E-2 4.03488E-2 4.36776E-2 4.55304E-2 4.15227E-2 4.01033E-2 3.93401E-2 3.80168E-2 3.8716E-2 4.05996E-2 4.20604E-2 4.32377E-2 4.07209E-2 4.05748E-2 4.17663E-2
4.8618E-2 4.31565E-2 4.15393E-2 4.10735E-2 4.19069E-2 4.19186E-2 4.33085E-2 4.33772E-2 4.39444E-2 4.27965E-2 4.02565E-2 3.83023E-2 3.63771E-2 3.53216E-2 3.54937E-2 3.52982E-2 3.63704E-2 3.56321E-2 3.41272E-2 3.42345E-2 3.49834E-2 3.46001E-2 3.48325E-2 3.52501E-2 3.59374E-2 3.73288E-2 3.69874E-2 3.67977E-2 3.83643E-2 3.92976E-2 4.00544E-2 3.88847E-2 3.85991E-2 3.73778E-2 3.72293E-2 3.71178E-2 3.65615E-2 3.63948E-2 3.55636E-2 3.63974E-2 3.60975E-2 3.65588E-2 3.73097E-2 3.83078E-2 3.90646E-2 3.92992E-2 4.03636E-2 4.21882E-2 4.1383E-2 4.76672E-2 4.22664E-2 3.93242E-2 3.92149E-2 4.00675E-2 3.94403E-2 4.09508E-2 4.18343E-2 4.23249E-2 4.1873E-2 4.17909E-2 4.29471E-2
5.20572E-2 4.82602E-2 4.50997E-2 4.4511E-2 4.36628E-2 4.28157E-2 4.31698E-2 4.36293E-2 4.45912E-2 4.44149E-2 4.22954E-2 3.98077E-2 3.90754E-2 3.75173E-2 3.7795E-2 3.72965E-2 3.84924E-2 3.90913E-2 3.66917E-2 3.65752E-2 3.62012E-2 3.57741E-2 3.55599E-2 3.65549E-2 3.65616E-2 3.71691E-2 3.75288E-2 3.80374E-2 3.90045E-2 3.99666E-2 4.02731E-2 3.88761E-2 3.85884E-2 3.77439E-2 3.80289E-2 3.75792E-2 3.91513E-2 3.87682E-2 3.73585E-2 3.7578E-2 3.69403E-2 3.65311E-2 3.71533E-2 3.79145E-2 3.76211E-2 3.75923E-2 3.96389E-2 4.0144E-2 4.03538E-2 4.73131E-2 4.21052E-2 3.87235E-2 4.02094E-2 4.20553E-2 4.1361E-2 4.0976E-2 4.19317E-2 4.19088E-2 4.26826E-2 4.27163E-2 4.33142E-2
5.00253E-2 5.52406E-2 5.4254E-2 5.00378E-2 4.6565E-2 4.45311E-2 4.37295E-2 4.31133E-2 4.50774E-2 4.51912E-2 4.44427E-2 4.13552E-2 3.99592E-2 3.96223E-2 3.94031E-2 3.92787E-2 3.95637E-2 4.03464E-2 3.89194E-2 3.87458E-2 3.80091E-2 3.6741E-2 3.66491E-2 3.68979E-2 3.727E-2 3.92754E-2 4.13129E-2 3.87519E-2 4.0225E-2 3.99822E-2 3.94285E-2 3.90729E-2 3.90157E-2 3.83464E-2 3.79664E-2 3.86533E-2 3.90273E-2 3.93409E-2 3.89461E-2 3.96882E-2 3.9097E-2 3.90487E-2 3.84333E-2 3.73483E-2 3.8054E-2 4.02195E-2 4.29678E-2 4.435E-2 4.32846E-2 4.61603E-2 4.41305E-2 4.11942E-2 4.23133E-2 4.2633E-2 4.30537E-2 4.26926E-2 4.19308E-2 4.25214E-2 4.24836E-2 4.31892E-2 4.22173E-2
4.89318E-2 5.02126E-2 5.66659E-2 6.02011E-2 5.31488E-2 4.91344E-2 4.80415E-2 4.73322E-2 4.6241E-2 4.83779E-2 4.69381E-2 4.43218E-2 4.171E-2 4.26708E-2 4.20156E-2 4.10704E-2 4.10038E-2 4.20243E-2 4.10283E-2 4.12168E-2 3.93217E-2 3.84832E-2 3.80095E-2 3.88786E-2 3.99388E-2 3.99659E-2 3.98049E-2 3.99854E-2 4.02842E-2 3.92662E-2 3.95524E-2 3.99869E-2 4.02052E-2 3.89453E-2 3.8593E-2 3.95498E-2 4.02612E-2 4.07886E-2 4.0621E-2 4.04104E-2 4.16696E-2 4.12932E-2 4.04736E-2 4.00409E-2 4.04029E-2 4.14862E-2 4.37527E-2 4.22529E-2 4.13965E-2 4.26268E-2 4.74615E-2 4.36396E-2 4.4944E-2 4.52486E-2 4.45249E-2 4.42347E-2 4.37397E-2 4.40992E-2 4.32306E-2 4.20651E-2 4.11455E-2
5.07466E-2 5.11706E-2 5.43127E-2 5.82492E-2 5.98726E-2 5.85447E-2 5.38287E-2 5.14549E-2 4.83076E-2 4.91922E-2 4.94781E-2 4.77689E-2 4.5486E-2 4.25288E-2 4.32499E-2 4.33662E-2 4.17418E-2 4.19476E-2 4.33233E-2 4.17224E-2 4.03066E-2 4.0053E-2 4.00041E-2 4.05934E-2 4.1628E-2 4.19089E-2 4.25277E-2 4.16269E-2 4.13414E-2 4.06794E-2 3.96756E-2 4.03021E-2 3.96559E-2 3.91418E-2 3.87749E-2 3.94726E-2 4.14977E-2 4.16748E-2 4.24009E-2 4.21334E-2 4.22027E-2 4.29512E-2 4.17975E-2 4.1285E-2 4.11123E-2 4.23151E-2 4.24704E-2 4.19371E-2 4.22132E-2 4.59147E-2 4.73314E-2 4.80602E-2 4.69599E-2 4.50825E-2 4.48689E-2 4.46855E-2 4.55646E-2 4.47118E-2 4.3576E-2 4.23538E-2 4.65798E-2
5.46271E-2 5.43541E-2 5.51306E-2 5.47024E-2 5.46014E-2 5.56017E-2 5.56936E-2 5.52283E-2 5.43497E-2 5.32997E-2 5.42304E-2 5.10492E-2 5.00828E-2 4.79263E-2 4.589E-2 4.59111E-2 4.43161E-2 4.45609E-2 4.36452E-2 4.23002E-2 4.20826E-2 4.16675E-2 4.1828E-2 4.26297E-2 4.49632E-2 4.3865E-2 4.35899E-2 4.17777E-2 4.11687E-2 4.09175E-2 4.0535E-2 4.02358E-2 3.96435E-2 4.02566E-2 4.04828E-2 4.1123E-2 4.16463E-2 4.30297E-2 4.36285E-2 4.48544E-2 4.37351E-2 4.34234E-2 4.30796E-2 4.25606E-2 4.16167E-2 4.11717E-2 4.24557E-2 4.41063E-2 4.32235E-2 4.52294E-2 4.93435E-2 4.48522E-2 4.54887E-2 4.40446E-2 4.29605E-2 4.30954E-2 4.25977E-2 4.29658E-2 4.24107E-2 4.26662E-2 4.25997E-2
5.76234E-2 5.53376E-2 5.48178E-2 5.37387E-2 5.42574E-2 5.45406E-2 5.4458E-2 5.68478E-2 5.92992E-2 5.61375E-2 4.84944E-2 4.75864E-2 4.96386E-2 5.1152E-2 5.28566E-2 5.3434E-2 4.8581E-2 4.74968E-2 4.47627E-2 4.41693E-2 4.36107E-2 4.34115E-2 4.32645E-2 4.50843E-2 4.43385E-2 4.52665E-2 4.59712E-2 4.44473E-2 4.27509E-2 4.15418E-2 4.12557E-2 4.07885E-2 4.11533E-2 4.28E-2 4.16864E-2 4.23074E-2 4.22256E-2 4.38314E-2 4.56056E-2 4.66486E-2 4.62991E-2 4.66763E-2 4.59075E-2 4.4326E-2 4.3833E-2 4.21932E-2 4.14829E-2 4.35658E-2 4.62144E-2 4.7307E-2 5.13275E-2 4.98071E-2 4.85904E-2 4.69559E-2 4.44892E-2 4.41688E-2 4.43804E-2 4.54256E-2 4.46183E-2 4.42515E-2 4.39887E-2
5.46351E-2 5.37739E-2 5.33305E-2 5.31101E-2 5.20929E-2 5.18663E-2 5.13064E-2 5.41138E-2 5.59078E-2 5.40094E-2 4.61955E-2 4.15337E-2 4.65465E-2 5.10685E-2 4.9571E-2 4.94314E-2 5.15192E-2 5.08571E-2 5.0125E-2 4.61795E-2 4.49573E-2 4.58989E-2 4.71097E-2 4.65995E-2 4.53003E-2 4.59913E-2 4.72228E-2 4.67227E-2 4.43472E-2 4.3389E-2 4.33592E-2 4.40893E-2 4.39633E-2 4.48569E-2 4.4375E-2 4.30538E-2 4.30731E-2 4.33263E-2 4.49664E-2 4.59866E-2 4.67323E-2 4.74953E-2 4.83042E-2 4.54829E-2 4.53438E-2 4.4505E-2 4.36545E-2 4.43351E-2 4.54585E-2 4.65329E-2 4.67434E-2 4.86657E-2 5.27006E-2 5.00565E-2 4.61714E-2 4.48109E-2 4.55316E-2 4.6265E-2 4.65033E-2 4.54182E-2 4.60043E-2
5.26446E-2 5.34642E-2 5.46602E-2 5.37905E-2 5.27742E-2 5.21655E-2 5.1833E-2 5.28309E-2 5.43756E-2 5.32565E-2 4.91976E-2 4.62658E-2 4.60594E-2 4.90525E-2 4.82087E-2 4.83444E-2 5.04295E-2 5.31472E-2 5.49956E-2 4.95431E-2 4.89597E-2 4.88552E-2 4.97338E-2 4.77E-2 4.75087E-2 4.67091E-2 4.87743E-2 4.94464E-2 4.79432E-2 4.73432E-2 4.63932E-2 4.63494E-2 4.85461E-2 4.72984E-2 4.6512E-2 4.52806E-2 4.44307E-2 4.49171E-2 4.64935E-2 4.60565E-2 4.59823E-2 4.6794E-2 4.85773E-2 4.89307E-2 4.72365E-2 4.73246E-2 4.71578E-2 4.68748E-2 4.79744E-2 4.81081E-2 4.7294E-2 4.75534E-2 4.92059E-2 5.24052E-2 5.09208E-2 4.91848E-2 4.75625E-2 4.65087E-2 4.82109E-2 4.71185E-2 4.69314E-2
5.05732E-2 5.24771E-2 5.27506E-2 5.38727E-2 5.33422E-2 5.19677E-2 5.21315E-2 5.24545E-2 5.23863E-2 5.28219E-2 5.36144E-2 5.33792E-2 4.97384E-2 5.08606E-2 5.03594E-2 4.89033E-2 4.9266E-2 5.18581E-2 5.9571E-2 5.55319E-2 5.3724E-2 5.58369E-2 5.27896E-2 5.15853E-2 4.9643E-2 4.90122E-2 4.98698E-2 5.20889E-2 5.26494E-2 5.15481E-2 4.95911E-2 4.76676E-2 4.71039E-2 5.01776E-2 4.74077E-2 4.77403E-2 4.69748E-2 4.73679E-2 4.76223E-2 4.71478E-2 4.72851E-2 4.80442E-2 4.86441E-2 4.91755E-2 5.02636E-2 5.09433E-2 4.99935E-2 4.92688E-2 4.86782E-2 4.86299E-2 4.87459E-2 4.95692E-2 4.89081E-2 4.87785E-2 5.27935E-2 5.19375E-2 4.9169E-2 4.84776E-2 4.80986E-2 4.9245E-2 4.92013E-2
5.10762E-2 5.16098E-2 5.2662E-2 5.28443E-2 5.30704E-2 5.3373E-2 5.31103E-2 5.29401E-2 5.44285E-2 5.54615E-2 5.51815E-2 5.60871E-2 5.5669E-2 5.32881E-2 5.24349E-2 5.12408E-2 5.17446E-2 5.22154E-2 5.65982E-2 5.98578E-2 5.85084E-2 6.05517E-2 5.64525E-2 5.44046E-2 5.32767E-2 5.12637E-2 4.92911E-2 5.21996E-2 5.30888E-2 5.2582E-2 5.06233E-2 4.94644E-2 4.83811E-2 5.24206E-2 5.05457E-2 5.15513E-2 5.07847E-2 5.00906E-2 4.99034E-2 5.05522E-2 4.98334E-2 4.96971E-2 5.09893E-2 5.07911E-2 5.16573E-2 5.19717E-2 5.51643E-2 5.23646E-2 5.03508E-2 5.09995E-2 4.95505E-2 5.06156E-2 5.1455E-2 5.18007E-2 5.1478E-2 5.13846E-2 5.20814E-2 4.84122E-2 4.84079E-2 4.93656E-2 5.17824E-2
5.37269E-2 5.44476E-2 5.5098E-2 5.41694E-2 5.20701E-2 5.28612E-2 5.31356E-2 5.39873E-2 5.4584E-2 5.44459E-2 5.47929E-2 5.59673E-2 5.6549E-2 5.76225E-2 5.50002E-2 5.54848E-2 5.53327E-2 5.37804E-2 5.46679E-2 5.96914E-2 6.02799E-2 6.11389E-2 5.85951E-2 5.80687E-2 5.67491E-2 5.2723E-2 5.14048E-2 5.18327E-2 5.35164E-2 5.2726E-2 5.20894E-2 5.28794E-2 5.30231E-2 5.44977E-2 5.36863E-2 5.38279E-2 5.40046E-2 5.24617E-2 5.2293E-2 5.11961E-2 5.05435E-2 5.21559E-2 5.41438E-2 5.4061E-2 5.46918E-2 5.47483E-2 5.58948E-2 5.79227E-2 5.43639E-2 5.15671E-2 5.08931E-2 5.25047E-2 5.21461E-2 5.18239E-2 5.15755E-2 5.11665E-2 5.35323E-2 5.04684E-2 5.07953E-2 5.1111E-2 5.4705E-2
5.49277E-2 5.8359E-2 5.84056E-2 5.59022E-2 5.44747E-2 5.35311E-2 5.44331E-2 5.49811E-2 5.70291E-2 5.60723E-2 5.68716E-2 5.60609E-2 5.65813E-2 5.65658E-2 5.72456E-2 5.64436E-2 5.71415E-2 5.69955E-2 5.66082E-2 6.04901E-2 6.18093E-2 6.18467E-2 6.00209E-2 5.95546E-2 5.78318E-2 5.59319E-2 5.45069E-2 5.35105E-2 5.35425E-2 5.48813E-2 5.56416E-2 5.5302E-2 5.5972E-2 5.60496E-2 5.99092E-2 5.85804E-2 5.54362E-2 5.6364E-2 5.59209E-2 5.43437E-2 5.20686E-2 5.26129E-2 5.48821E-2 5.65624E-2 5.92094E-2 5.94497E-2 5.97407E-2 6.17976E-2 5.8025E-2 5.64976E-2 5.47901E-2 5.48366E-2 5.74839E-2 5.71706E-2 5.68038E-2 5.64354E-2 5.50126E-2 5.40676E-2 5.41195E-2 5.3902E-2 5.41205E-2
5.72501E-2 5.74431E-2 5.72796E-2 5.7535E-2 5.67881E-2 5.50914E-2 5.70905E-2 5.93322E-2 5.92218E-2 5.95764E-2 5.95965E-2 6.03598E-2 5.98365E-2 6.04198E-2 6.02681E-2 5.97448E-2 5.95982E-2 5.97901E-2 5.94398E-2 6.05564E-2 6.57564E-2 6.31337E-2 6.07829E-2 5.98425E-2 5.91924E-2 5.90263E-2 5.63638E-2 5.63529E-2 5.50802E-2 5.59986E-2 5.77199E-2 5.93853E-2 6.0037E-2 6.13822E-2 6.44077E-2 6.43775E-2 5.81825E-2 5.48985E-2 5.55079E-2 5.66004E-2 5.73855E-2 5.85241E-2 5.82437E-2 6.1278E-2 6.34781E-2 6.22341E-2 6.27611E-2 6.3553E-2 6.02359E-2 6.02584E-2 6.27631E-2 6.13109E-2 6.0825E-2 6.40382E-2 6.44353E-2 6.14666E-2 5.75445E-2 5.6114E-2 5.60883E-2 5.55071E-2 5.45458E-2
5.80972E-2 5.88842E-2 5.82763E-2 5.89169E-2 6.02074E-2 6.01503E-2 6.05917E-2 6.13831E-2 6.33498E-2 6.36868E-2 6.46774E-2 6.54471E-2 6.83376E-2 6.72796E-2 6.60157E-2 6.5814E-2 6.61339E-2 6.5581E-2 6.52364E-2 6.28948E-2 6.48161E-2 6.97292E-2 6.32445E-2 6.15144E-2 6.17541E-2 5.97668E-2 6.01069E-2 5.86005E-2 5.69166E-2 5.67554E-2 5.82381E-2 5.83066E-2 6.03643E-2 6.26426E-2 6.3214E-2 6.22276E-2 5.88379E-2 5.59937E-2 5.66166E-2 5.9425E-2 6.16232E-2 6.41608E-2 6.49284E-2 6.64109E-2 6.64809E-2 6.53737E-2 6.51819E-2 6.6145E-2 6.75852E-2 6.78202E-2 6.83428E-2 6.78483E-2 6.71507E-2 6.76876E-2 6.40012E-2 6.10412E-2 5.967E-2 5.85435E-2 5.77677E-2 5.73162E-2 5.80407E-2
5.912E-2 6.02029E-2 6.07272E-2 6.22458E-2 6.1819E-2 6.24774E-2 6.36726E-2 6.42634E-2 6.40691E-2 6.44031E-2 6.58496E-2 6.72766E-2 6.61408E-2 6.53962E-2 6.4423E-2 6.59816E-2 6.82223E-2 6.80252E-2 6.76543E-2 6.73501E-2 6.87224E-2 7.2743E-2 6.65748E-2 6.40613E-2 6.37972E-2 6.20838E-2 6.20276E-2 6.05342E-2 6.01306E-2 6.08977E-2 6.03061E-2 6.19108E-2 6.28269E-2 6.43735E-2 6.56889E-2 6.54549E-2 5.98274E-2 5.50429E-2 5.43936E-2 5.96452E-2 6.54587E-2 6.93251E-2 7.02922E-2 7.18782E-2 6.98662E-2 6.79702E-2 6.65352E-2 6.60858E-2 6.90443E-2 6.94681E-2 7.19092E-2 6.58631E-2 6.30779E-2 6.33115E-2 6.24973E-2 6.04597E-2 5.90169E-2 5.85657E-2 5.7982E-2 5.79912E-2 6.42316E-2
6.11334E-2 6.18985E-2 6.37373E-2 6.44914E-2 6.44353E-2 6.39884E-2 6.38122E-2 6.5082E-2 6.73763E-2 6.71851E-2 6.39246E-2 6.41652E-2 6.41228E-2 6.43665E-2 6.42763E-2 6.86501E-2 7.01717E-2 6.79953E-2 6.69129E-2 6.81126E-2 6.92209E-2 7.27535E-2 7.20136E-2 6.8369E-2 6.61433E-2 6.57262E-2 6.38271E-2 6.44006E-2 6.40621E-2 6.31472E-2 6.42146E-2 6.49917E-2 6.55156E-2 6.57147E-2 6.86238E-2 6.84922E-2 6.62152E-2 6.05507E-2 5.91815E-2 6.29342E-2 6.78501E-2 7.25693E-2 7.4226E-2 7.05137E-2 6.81763E-2 6.7543E-2 6.90926E-2 6.79527E-2 6.78032E-2 6.85245E-2 7.12117E-2 6.99608E-2 6.49348E-2 6.26101E-2 6.25159E-2 6.1146E-2 6.11646E-2 5.95975E-2 5.96298E-2 5.88441E-2 6.63111E-2
6.16058E-2 6.31864E-2 6.4411E-2 6.51548E-2 6.58491E-2 6.6151E-2 6.70027E-2 6.74428E-2 6.73149E-2 6.71779E-2 6.54388E-2 6.53356E-2 6.55225E-2 6.66564E-2 6.70985E-2 7.03784E-2 7.02245E-2 6.96111E-2 6.71477E-2 6.59787E-2 6.7504E-2 7.13113E-2 7.54696E-2 7.27221E-2 7.04478E-2 6.83712E-2 6.73852E-2 6.69243E-2 6.55542E-2 6.56226E-2 6.65187E-2 6.85294E-2 7.01983E-2 7.07109E-2 6.95268E-2 6.94166E-2 6.92067E-2 6.62764E-2 6.53096E-2 6.78063E-2 7.03554E-2 7.48743E-2 7.74351E-2 7.50489E-2 7.16031E-2 7.00484E-2 7.03243E-2 6.99147E-2 7.04553E-2 7.11562E-2 7.31955E-2 7.01601E-2 6.49575E-2 6.39797E-2 6.49556E-2 6.53803E-2 6.6134E-2 6.20793E-2 6.21177E-2 6.45456E-2 6.94632E-2
6.41225E-2 6.54219E-2 6.68616E-2 6.70744E-2 6.73493E-2 6.74665E-2 6.80032E-2 6.74421E-2 6.8484E-2 6.88238E-2 6.86298E-2 6.73158E-2 6.92282E-2 7.05158E-2 6.93598E-2 7.18232E-2 7.39392E-2 7.18228E-2 6.91423E-2 6.86923E-2 6.92423E-2 7.31902E-2 7.74136E-2 7.76716E-2 7.53609E-2 7.14754E-2 7.00209E-2 7.02208E-2 6.98851E-2 7.06917E-2 7.10263E-2 7.38106E-2 7.32595E-2 7.4586E-2 7.33969E-2 7.24583E-2 7.05727E-2 6.90467E-2 6.88175E-2 7.26009E-2 7.3941E-2 7.55123E-2 7.59548E-2 7.51462E-2 7.51629E-2 7.43502E-2 7.20326E-2 7.16173E-2 7.39616E-2 7.43599E-2 7.54261E-2 6.77258E-2 6.54955E-2 6.63401E-2 6.81766E-2 6.83331E-2 6.68948E-2 6.44986E-2 6.53063E-2 6.79154E-2 6.3731E-2
6.49724E-2 6.60698E-2 6.65042E-2 6.68069E-2 6.71462E-2 6.7379E-2 6.81769E-2 7.02713E-2 7.09832E-2 7.19413E-2 7.07563E-2 7.0593E-2 7.17931E-2 7.35041E-2 7.28948E-2 7.2851E-2 7.43779E-2 7.48718E-2 7.3484E-2 7.26103E-2 7.25078E-2 7.38001E-2 7.86755E-2 7.90426E-2 7.61659E-2 7.47834E-2 7.35515E-2 7.39032E-2 7.35786E-2 7.56703E-2 7.73596E-2 7.77828E-2 7.69961E-2 7.64065E-2 7.73803E-2 7.42121E-2 7.12627E-2 6.99034E-2 7.03607E-2 7.46671E-2 7.64152E-2 7.56299E-2 7.59018E-2 7.60687E-2 7.56143E-2 7.58255E-2 7.7062E-2 7.72757E-2 8.01833E-2 7.52695E-2 7.17714E-2 6.83904E-2 6.78476E-2 6.90113E-2 7.02079E-2 7.06706E-2 6.87254E-2 6.9033E-2 6.81257E-2 6.71466E-2 6.47825E-2
