maxent_outputs/red_flowers_troch_bombus_environ/red_2.asc
ncols         426
nrows         180
xllcorner     -130.0
yllcorner     24.0
cellsize      0.16666666666666666
NODATA_value  -9999
[rows 0 to 26 of 180, columns 122 to 182 of 426]
5.78994E-3 5.59469E-3 5.5886E-3 4.74553E-3 4.68756E-3 5.29158E-3 6.11305E-3 6.21547E-3 5.64636E-3 5.37347E-3 5.1135E-3 5.06154E-3 5.11274E-3 5.06921E-3 4.89833E-3 4.65715E-3 4.99494E-3 5.21457E-3 5.73422E-3 5.98917E-3 5.74305E-3 5.37338E-3 5.33532E-3 5.27715E-3 4.88905E-3 4.96971E-3 5.11029E-3 5.14184E-3 5.1529E-3 4.93983E-3 4.7508E-3 4.64507E-3 4.53959E-3 4.38772E-3 4.33611E-3 4.2764E-3 4.2288E-3 4.30566E-3 4.28582E-3 4.23195E-3 4.20275E-3 4.28075E-3 4.24491E-3 4.29932E-3 4.25231E-3 4.06327E-3 3.94077E-3 3.97142E-3 4.02485E-3 3.96782E-3 3.89485E-3 3.94165E-3 3.90582E-3 3.79154E-3 3.99672E-3 4.35772E-3 4.58446E-3 4.17533E-3 4.28772E-3 4.52412E-3 4.00841E-3
5.18121E-3 5.08387E-3 5.07479E-3 4.91561E-3 4.99186E-3 5.28545E-3 5.42208E-3 5.47828E-3 6.10749E-3 6.04506E-3 5.42817E-3 5.0482E-3 5.01611E-3 5.25225E-3 5.15613E-3 4.78151E-3 4.59359E-3 4.62144E-3 5.25881E-3 5.7382E-3 5.76512E-3 5.36733E-3 5.37984E-3 5.0777E-3 5.01292E-3 5.28971E-3 5.31852E-3 5.07875E-3 5.07979E-3 5.05419E-3 4.92083E-3 4.88134E-3 4.71171E-3 4.79961E-3 4.52362E-3 4.25506E-3 4.21747E-3 4.25914E-3 4.20024E-3 4.19408E-3 4.17904E-3 4.24577E-3 4.25957E-3 4.15721E-3 4.10448E-3 4.18738E-3 4.04809E-3 4.05714E-3 3.78984E-3 3.57068E-3 3.5713E-3 3.97359E-3 4.086E-3 4.07168E-3 4.12917E-3 4.13919E-3 4.95224E-3 4.64912E-3 4.01395E-3 3.98966E-3 3.91931E-3
4.71788E-3 4.66754E-3 4.56344E-3 4.6463E-3 4.86729E-3 5.07955E-3 5.32149E-3 5.62197E-3 5.85414E-3 6.04025E-3 5.78479E-3 5.22927E-3 4.78833E-3 4.99979E-3 5.15404E-3 4.83E-3 4.60745E-3 4.61482E-3 4.63568E-3 4.82754E-3 4.95027E-3 5.00265E-3 5.05248E-3 4.99751E-3 4.55771E-3 4.94185E-3 5.04732E-3 5.23295E-3 5.13864E-3 5.01656E-3 4.63846E-3 4.47836E-3 4.28848E-3 4.13838E-3 4.12174E-3 4.40483E-3 4.5399E-3 4.59522E-3 4.30579E-3 4.28141E-3 4.41206E-3 4.45789E-3 4.25915E-3 4.46518E-3 4.91434E-3 4.77364E-3 4.26452E-3 4.05103E-3 3.89487E-3 3.84316E-3 3.98719E-3 4.17401E-3 4.20769E-3 4.19703E-3 4.3671E-3 4.45547E-3 4.69444E-3 4.46015E-3 4.25252E-3 3.99938E-3 4.0226E-3
4.81942E-3 4.74632E-3 4.54267E-3 4.63982E-3 4.56265E-3 4.75473E-3 4.89322E-3 5.02383E-3 5.33035E-3 5.48763E-3 5.76772E-3 5.43268E-3 5.23481E-3 4.91213E-3 5.21795E-3 4.79754E-3 4.602E-3 4.61227E-3 4.61117E-3 4.58817E-3 4.67637E-3 4.62197E-3 4.43739E-3 4.39044E-3 4.45483E-3 4.39157E-3 4.38557E-3 4.48728E-3 4.57332E-3 4.73103E-3 4.51632E-3 4.47082E-3 4.43227E-3 4.09986E-3 4.09418E-3 4.18272E-3 4.15664E-3 4.17067E-3 4.28953E-3 4.30335E-3 4.30197E-3 4.40736E-3 4.69058E-3 5.50866E-3 5.99539E-3 5.04225E-3 4.16011E-3 3.94336E-3 3.91176E-3 3.94244E-3 4.02367E-3 4.03099E-3 4.38534E-3 4.92451E-3 5.20075E-3 5.39856E-3 5.46266E-3 5.44014E-3 4.46185E-3 4.12379E-3 4.09066E-3
5.1049E-3 5.08199E-3 4.72728E-3 4.47268E-3 4.45689E-3 4.54612E-3 4.57383E-3 4.85217E-3 5.35223E-3 5.17362E-3 5.18366E-3 5.55454E-3 5.51284E-3 5.45786E-3 5.43401E-3 5.13447E-3 4.9768E-3 4.70209E-3 4.66443E-3 4.65379E-3 4.65071E-3 4.51285E-3 4.46745E-3 4.46923E-3 4.44251E-3 4.36501E-3 4.4517E-3 4.49204E-3 4.64343E-3 4.66263E-3 4.60768E-3 4.56406E-3 4.51418E-3 4.09113E-3 4.11822E-3 4.20925E-3 4.23402E-3 4.26957E-3 4.32744E-3 4.55941E-3 4.59621E-3 4.82998E-3 4.84395E-3 5.31778E-3 5.68689E-3 4.85748E-3 4.15231E-3 4.03316E-3 4.06335E-3 4.04545E-3 3.99149E-3 4.18743E-3 4.10526E-3 4.20278E-3 4.59484E-3 4.93593E-3 5.78981E-3 5.69347E-3 5.09672E-3 4.67087E-3 4.53507E-3
5.24639E-3 5.43776E-3 5.18846E-3 4.84739E-3 4.69579E-3 4.56055E-3 4.4874E-3 4.86169E-3 4.82919E-3 4.75597E-3 4.88191E-3 5.10457E-3 5.38366E-3 5.81157E-3 6.07628E-3 5.80798E-3 5.0913E-3 4.83827E-3 4.75103E-3 4.64205E-3 4.75923E-3 4.77611E-3 4.59328E-3 4.45367E-3 4.49539E-3 4.53282E-3 4.59873E-3 4.59699E-3 4.50137E-3 4.45319E-3 4.57868E-3 4.55607E-3 4.54322E-3 4.33324E-3 4.11312E-3 4.11978E-3 4.15119E-3 4.33929E-3 5.01598E-3 5.15057E-3 4.98373E-3 4.8792E-3 5.12462E-3 5.45991E-3 5.22299E-3 4.6088E-3 4.2217E-3 4.23167E-3 4.48278E-3 4.52515E-3 4.43967E-3 5.21478E-3 5.31025E-3 5.14013E-3 5.3571E-3 5.31666E-3 5.2704E-3 5.107E-3 4.89086E-3 4.28645E-3 4.41112E-3
5.81159E-3 5.62465E-3 5.51425E-3 5.40243E-3 5.08681E-3 4.72879E-3 4.58437E-3 4.46166E-3 4.3217E-3 4.46764E-3 4.48491E-3 4.59382E-3 4.85583E-3 5.27197E-3 5.54785E-3 5.48169E-3 4.96279E-3 4.87751E-3 4.84682E-3 4.76575E-3 4.91201E-3 4.88601E-3 4.69511E-3 4.68129E-3 4.74632E-3 4.87956E-3 4.89955E-3 4.79427E-3 4.66699E-3 4.55562E-3 4.59808E-3 4.68584E-3 4.67946E-3 4.5747E-3 4.39715E-3 4.36436E-3 4.57624E-3 4.81958E-3 4.81706E-3 4.78867E-3 4.77213E-3 4.6928E-3 4.79541E-3 4.60028E-3 4.63365E-3 4.27241E-3 4.45674E-3 4.68089E-3 5.09359E-3 5.7573E-3 5.48802E-3 4.98992E-3 6.26106E-3 6.32194E-3 5.02137E-3 5.68201E-3 5.86888E-3 6.1409E-3 5.46781E-3 4.86421E-3 4.3822E-3
5.37204E-3 5.71163E-3 5.61735E-3 5.4574E-3 5.3874E-3 5.23711E-3 5.1556E-3 4.7443E-3 4.58335E-3 4.65788E-3 4.57836E-3 4.61319E-3 4.68533E-3 4.73491E-3 4.91618E-3 4.76559E-3 4.80499E-3 4.83106E-3 4.93019E-3 4.79784E-3 4.68684E-3 4.71504E-3 4.78079E-3 4.90612E-3 4.86624E-3 4.87653E-3 4.93376E-3 4.89467E-3 4.85284E-3 4.76171E-3 4.75472E-3 4.90676E-3 4.90676E-3 4.8467E-3 4.8899E-3 4.80594E-3 4.77578E-3 4.90314E-3 4.55489E-3 4.48123E-3 4.40796E-3 4.66239E-3 4.5993E-3 4.44366E-3 4.44333E-3 4.87159E-3 5.14184E-3 5.36285E-3 5.79504E-3 6.24342E-3 6.00209E-3 5.10502E-3 5.36779E-3 5.69008E-3 4.8094E-3 5.38031E-3 4.97638E-3 5.34379E-3 5.88607E-3 5.30604E-3 4.55133E-3
6.04253E-3 5.27357E-3 5.08464E-3 5.26266E-3 5.47125E-3 5.21144E-3 5.15709E-3 5.43676E-3 5.58265E-3 5.50753E-3 5.05798E-3 5.05676E-3 4.80865E-3 4.55175E-3 4.54028E-3 4.71402E-3 4.59199E-3 4.91943E-3 5.01278E-3 4.98258E-3 4.78009E-3 4.81295E-3 4.90065E-3 4.9649E-3 4.96542E-3 4.91629E-3 5.1034E-3 5.16292E-3 5.17354E-3 5.02343E-3 5.1714E-3 5.15665E-3 5.19106E-3 5.27554E-3 5.23225E-3 5.18051E-3 5.07005E-3 5.15406E-3 4.79984E-3 4.92726E-3 4.91247E-3 4.86786E-3 4.88686E-3 4.86147E-3 4.9368E-3 5.39083E-3 5.72961E-3 5.78625E-3 5.95305E-3 6.13589E-3 6.3709E-3 5.36651E-3 4.83842E-3 5.94727E-3 4.97547E-3 5.05886E-3 4.81367E-3 4.79622E-3 5.6027E-3 5.66695E-3 4.64853E-3
6.38882E-3 6.00412E-3 5.51626E-3 4.97003E-3 5.11624E-3 5.16913E-3 5.04137E-3 5.18277E-3 5.42163E-3 5.54414E-3 5.91813E-3 5.56699E-3 5.02853E-3 4.77417E-3 4.51451E-3 4.64389E-3 4.70257E-3 4.85436E-3 4.8816E-3 4.79892E-3 4.89764E-3 5.0002E-3 4.95424E-3 5.03098E-3 5.08387E-3 4.94651E-3 5.03973E-3 5.04891E-3 5.18417E-3 5.15179E-3 5.1159E-3 5.12979E-3 5.35695E-3 5.2754E-3 5.29836E-3 5.27091E-3 5.28424E-3 5.25297E-3 5.2831E-3 5.53041E-3 5.59017E-3 5.48809E-3 5.39835E-3 5.305E-3 5.05793E-3 5.03977E-3 5.26657E-3 5.28953E-3 5.55076E-3 6.10287E-3 6.15222E-3 4.87209E-3 4.42421E-3 5.60614E-3 5.57839E-3 5.35717E-3 5.02093E-3 5.01016E-3 5.08373E-3 5.20377E-3 4.52292E-3
6.53669E-3 6.30319E-3 6.0538E-3 5.2402E-3 5.23835E-3 5.24364E-3 5.17225E-3 5.12464E-3 5.14669E-3 5.20917E-3 5.474E-3 5.83157E-3 5.22812E-3 4.93787E-3 4.71896E-3 4.6586E-3 4.71485E-3 4.68939E-3 4.68127E-3 4.81724E-3 4.92604E-3 4.98596E-3 5.01467E-3 5.05303E-3 4.9678E-3 4.96299E-3 5.02977E-3 5.04812E-3 5.09941E-3 5.16932E-3 5.11154E-3 5.10032E-3 5.06713E-3 5.13706E-3 5.27751E-3 5.30249E-3 5.23982E-3 5.3793E-3 5.54248E-3 5.55188E-3 5.5851E-3 5.43674E-3 5.14187E-3 5.30308E-3 5.13039E-3 4.99935E-3 5.25302E-3 5.47067E-3 5.09227E-3 4.99977E-3 4.55243E-3 4.20244E-3 4.29708E-3 5.19645E-3 5.07526E-3 4.86552E-3 4.8646E-3 5.66528E-3 5.2445E-3 4.63939E-3 4.51237E-3
6.35355E-3 6.19768E-3 5.94633E-3 5.19148E-3 5.18638E-3 5.25839E-3 5.31275E-3 5.26092E-3 5.24507E-3 5.15896E-3 5.31981E-3 5.32453E-3 5.1817E-3 5.02668E-3 5.09376E-3 4.91169E-3 4.91864E-3 4.78867E-3 4.75391E-3 4.77112E-3 4.86412E-3 4.89123E-3 4.85126E-3 4.73918E-3 4.71288E-3 4.71079E-3 4.85958E-3 4.91187E-3 4.93857E-3 4.90941E-3 4.83106E-3 4.85939E-3 4.90915E-3 5.01682E-3 5.12776E-3 5.25358E-3 5.05795E-3 5.21824E-3 5.28829E-3 5.13886E-3 5.19339E-3 4.92806E-3 4.7588E-3 4.78256E-3 4.91537E-3 4.86349E-3 5.00634E-3 4.78536E-3 4.33243E-3 4.00459E-3 4.05869E-3 4.36005E-3 5.14007E-3 5.68758E-3 5.19986E-3 4.89664E-3 4.83045E-3 5.5095E-3 5.28569E-3 4.55985E-3 4.78011E-3
5.91075E-3 5.75588E-3 5.62925E-3 5.40742E-3 5.08613E-3 5.204E-3 5.11299E-3 5.3054E-3 5.49743E-3 5.55537E-3 5.42296E-3 5.1235E-3 5.01553E-3 4.96373E-3 5.05382E-3 4.86462E-3 4.7968E-3 4.66005E-3 4.69525E-3 4.8053E-3 4.95078E-3 4.98075E-3 4.82662E-3 4.73248E-3 4.67351E-3 4.76695E-3 4.83729E-3 4.76773E-3 4.75139E-3 4.7535E-3 4.71709E-3 5.97089E-3 5.57126E-3 5.93597E-3 5.53767E-3 5.08198E-3 5.15218E-3 5.06231E-3 4.93935E-3 4.93877E-3 4.95084E-3 4.81265E-3 4.69196E-3 4.75764E-3 4.90451E-3 4.98715E-3 4.7083E-3 4.54024E-3 4.37476E-3 4.28002E-3 4.75772E-3 5.64484E-3 6.14587E-3 6.10608E-3 5.3589E-3 5.0859E-3 4.45485E-3 5.03764E-3 5.10786E-3 4.5855E-3 4.40396E-3
5.43876E-3 5.33607E-3 5.42848E-3 5.30326E-3 5.01885E-3 5.07318E-3 4.94408E-3 4.83619E-3 5.00233E-3 5.09035E-3 5.00857E-3 4.98447E-3 4.96699E-3 4.88842E-3 4.85096E-3 4.90192E-3 4.66102E-3 4.43924E-3 4.62468E-3 5.14164E-3 5.36826E-3 5.28717E-3 5.14526E-3 4.89609E-3 4.76999E-3 4.7528E-3 4.64661E-3 4.57525E-3 4.67828E-3 4.69351E-3 4.93637E-3 5.42044E-3 5.32038E-3 5.12029E-3 5.17027E-3 5.26413E-3 5.4643E-3 5.34462E-3 5.20181E-3 4.90165E-3 4.81992E-3 4.6321E-3 4.47956E-3 4.59495E-3 4.71487E-3 4.77627E-3 4.68603E-3 5.00532E-3 5.05781E-3 5.35361E-3 5.65341E-3 5.49525E-3 5.87428E-3 6.04788E-3 5.12141E-3 4.50623E-3 4.44401E-3 4.65734E-3 5.00392E-3 4.78236E-3 4.52308E-3
5.38282E-3 5.51693E-3 5.4049E-3 5.56696E-3 5.36491E-3 5.1519E-3 5.20769E-3 5.33377E-3 4.95135E-3 4.78728E-3 4.70683E-3 4.86484E-3 4.92345E-3 4.78787E-3 4.80642E-3 4.74631E-3 4.78974E-3 4.75241E-3 4.77819E-3 4.8725E-3 5.06436E-3 5.29599E-3 5.24385E-3 5.20322E-3 4.95446E-3 4.78174E-3 4.64458E-3 4.59956E-3 4.61664E-3 4.79785E-3 4.79869E-3 4.99926E-3 5.43718E-3 5.31363E-3 5.34752E-3 5.49196E-3 5.49099E-3 5.55287E-3 5.48758E-3 5.24774E-3 5.11335E-3 5.08158E-3 4.83926E-3 4.8009E-3 4.69493E-3 4.50833E-3 4.14083E-3 4.40008E-3 5.04235E-3 5.02721E-3 5.16644E-3 5.52179E-3 5.496E-3 5.95684E-3 5.30761E-3 4.47905E-3 4.68763E-3 4.21131E-3 4.21065E-3 4.78818E-3 4.63424E-3
5.79957E-3 5.74838E-3 5.59344E-3 5.46433E-3 5.86719E-3 5.79933E-3 5.40088E-3 5.24296E-3 5.28379E-3 5.04104E-3 4.71587E-3 4.67815E-3 4.7145E-3 4.8141E-3 4.96076E-3 4.99269E-3 5.02761E-3 5.00988E-3 5.16952E-3 4.95277E-3 5.05197E-3 5.15062E-3 5.14712E-3 5.12814E-3 5.2077E-3 4.85661E-3 4.82883E-3 4.75158E-3 4.6291E-3 4.58545E-3 4.69754E-3 4.95376E-3 5.34203E-3 5.41272E-3 5.57057E-3 5.68423E-3 5.74565E-3 5.82855E-3 5.72553E-3 5.55687E-3 5.26739E-3 4.89218E-3 5.00636E-3 4.89976E-3 4.75156E-3 4.94735E-3 4.51222E-3 4.18221E-3 4.05474E-3 4.27278E-3 4.42656E-3 5.33626E-3 5.82544E-3 6.11195E-3 5.34459E-3 4.37672E-3 4.19737E-3 3.97212E-3 4.48115E-3 4.39925E-3 4.1881E-3
5.60738E-3 5.83821E-3 5.70921E-3 5.56573E-3 5.56741E-3 5.66108E-3 5.28385E-3 5.18094E-3 5.25535E-3 5.07609E-3 4.81997E-3 4.83307E-3 4.85089E-3 5.11002E-3 5.43538E-3 5.66344E-3 5.34275E-3 5.0867E-3 5.17956E-3 5.25175E-3 5.10302E-3 5.20244E-3 5.2076E-3 5.11492E-3 5.05667E-3 4.85035E-3 5.25201E-3 4.8159E-3 4.76447E-3 4.63704E-3 4.62087E-3 4.7939E-3 5.48286E-3 5.52164E-3 5.52088E-3 5.6128E-3 5.76206E-3 5.82226E-3 5.8165E-3 5.66651E-3 5.39433E-3 5.30063E-3 4.98618E-3 4.79908E-3 4.58733E-3 4.76882E-3 4.74525E-3 4.64824E-3 4.33932E-3 4.18293E-3 4.41195E-3 4.72653E-3 5.15096E-3 4.97022E-3 4.49013E-3 4.19976E-3 4.11272E-3 4.15424E-3 4.41873E-3 5.1992E-3 4.38058E-3
5.24751E-3 5.485E-3 5.51856E-3 5.62521E-3 5.82406E-3 5.54505E-3 5.20309E-3 4.88631E-3 5.14791E-3 5.03768E-3 5.23047E-3 5.58135E-3 5.50319E-3 5.32128E-3 5.23005E-3 5.41196E-3 5.29543E-3 5.19033E-3 5.09541E-3 5.15917E-3 5.26446E-3 5.32939E-3 5.39615E-3 5.26873E-3 5.09233E-3 4.84064E-3 5.06683E-3 4.86407E-3 4.9431E-3 4.88532E-3 4.71757E-3 4.72907E-3 4.94422E-3 5.19354E-3 5.10605E-3 5.35196E-3 5.59708E-3 5.8348E-3 5.84535E-3 5.69031E-3 5.28857E-3 5.16633E-3 4.96783E-3 4.98846E-3 4.73269E-3 4.81425E-3 4.9059E-3 4.70631E-3 4.6113E-3 4.48503E-3 4.60691E-3 4.93946E-3 4.98192E-3 4.6589E-3 4.43418E-3 4.35793E-3 4.35764E-3 4.29384E-3 4.24119E-3 4.63557E-3 4.50757E-3
5.23095E-3 5.26304E-3 5.48765E-3 5.63813E-3 5.66585E-3 5.51238E-3 5.39602E-3 4.97559E-3 5.22446E-3 5.00673E-3 5.35217E-3 5.93116E-3 5.81833E-3 5.49548E-3 5.43551E-3 5.64575E-3 5.73924E-3 5.69218E-3 5.65158E-3 5.56644E-3 5.42247E-3 5.32403E-3 5.25406E-3 5.23657E-3 5.20076E-3 5.08412E-3 4.96249E-3 5.08514E-3 5.05699E-3 5.01988E-3 5.02145E-3 4.90535E-3 4.71636E-3 4.8082E-3 4.92539E-3 5.03608E-3 5.14927E-3 5.60574E-3 5.46381E-3 5.20687E-3 5.29484E-3 5.19987E-3 5.08718E-3 5.0375E-3 4.99738E-3 4.87199E-3 4.82553E-3 4.57661E-3 4.33035E-3 4.21714E-3 4.26809E-3 4.79783E-3 5.45779E-3 5.36432E-3 5.51244E-3 5.47617E-3 5.35165E-3 5.40162E-3 5.39417E-3 4.87842E-3 4.50042E-3
5.94164E-3 5.6061E-3 5.65712E-3 6.00157E-3 5.96798E-3 5.87399E-3 5.67879E-3 5.50842E-3 5.37255E-3 5.55291E-3 5.28177E-3 5.37744E-3 5.67718E-3 5.89365E-3 5.92228E-3 6.13538E-3 6.41464E-3 6.32948E-3 6.11304E-3 5.8653E-3 5.58667E-3 5.54491E-3 5.44285E-3 5.40676E-3 5.39696E-3 5.29039E-3 5.10773E-3 5.18542E-3 5.19925E-3 5.00281E-3 4.97475E-3 5.22399E-3 5.15396E-3 5.17122E-3 5.17688E-3 5.20528E-3 5.0675E-3 5.05286E-3 5.11212E-3 5.40287E-3 5.30768E-3 5.19689E-3 5.08317E-3 5.19403E-3 5.15749E-3 5.19838E-3 5.09393E-3 4.55664E-3 4.29428E-3 4.36775E-3 4.25372E-3 4.33552E-3 4.44296E-3 4.51979E-3 5.25688E-3 5.2392E-3 5.00868E-3 5.34092E-3 5.59425E-3 5.52785E-3 4.94058E-3
5.67394E-3 5.61939E-3 5.25823E-3 5.72184E-3 5.82857E-3 5.68294E-3 5.82138E-3 6.00047E-3 6.20546E-3 6.17879E-3 6.33393E-3 6.10004E-3 6.18748E-3 6.07623E-3 6.1078E-3 6.37761E-3 6.29075E-3 6.46854E-3 6.33008E-3 6.13686E-3 5.80224E-3 5.50457E-3 5.38569E-3 5.37768E-3 5.30456E-3 5.37401E-3 5.25006E-3 5.12994E-3 5.0886E-3 5.01066E-3 4.8141E-3 5.06113E-3 5.2618E-3 5.34222E-3 5.22238E-3 5.15208E-3 5.02185E-3 5.12448E-3 5.23841E-3 5.32385E-3 5.36925E-3 5.42213E-3 5.3674E-3 5.46516E-3 5.52126E-3 5.60266E-3 5.44737E-3 5.14176E-3 4.61277E-3 4.52723E-3 4.29448E-3 4.35182E-3 4.49708E-3 4.55359E-3 4.5086E-3 4.61749E-3 4.66695E-3 4.82224E-3 4.89802E-3 5.40658E-3 5.42292E-3
6.38087E-3 5.92044E-3 5.67129E-3 5.68561E-3 5.9226E-3 5.88936E-3 5.97725E-3 6.24574E-3 6.6139E-3 6.56811E-3 6.34202E-3 6.54595E-3 6.71691E-3 6.38638E-3 5.99743E-3 6.02507E-3 6.09612E-3 6.08908E-3 6.1053E-3 6.02225E-3 6.0739E-3 5.76213E-3 5.86414E-3 5.75408E-3 5.40481E-3 5.26442E-3 5.25958E-3 5.21347E-3 5.0554E-3 4.87515E-3 4.77956E-3 4.79441E-3 4.93879E-3 5.03529E-3 5.25447E-3 5.33446E-3 5.51631E-3 5.68141E-3 5.58803E-3 5.55631E-3 5.474E-3 5.40338E-3 5.45709E-3 5.79681E-3 5.73219E-3 5.85491E-3 5.6825E-3 5.50185E-3 5.21307E-3 4.73876E-3 4.73682E-3 4.62838E-3 4.77138E-3 4.77476E-3 4.54749E-3 4.31147E-3 4.41898E-3 4.57338E-3 4.66103E-3 4.74377E-3 5.08315E-3
6.22835E-3 5.85679E-3 5.84252E-3 5.89148E-3 5.94175E-3 6.09158E-3 6.50455E-3 6.79251E-3 6.86893E-3 6.89708E-3 7.10247E-3 7.23446E-3 7.18737E-3 6.89948E-3 6.64731E-3 6.59421E-3 6.52627E-3 6.24644E-3 6.06153E-3 5.71796E-3 5.57107E-3 5.55304E-3 5.74651E-3 6.15817E-3 6.50564E-3 5.84197E-3 5.31902E-3 5.01618E-3 4.95658E-3 4.85574E-3 4.81029E-3 4.63209E-3 4.59064E-3 4.75968E-3 4.97418E-3 5.19262E-3 5.40878E-3 5.60613E-3 5.78441E-3 5.70801E-3 5.81943E-3 5.70296E-3 5.57164E-3 5.62191E-3 5.63595E-3 5.6503E-3 5.5772E-3 5.52632E-3 5.34319E-3 5.33021E-3 5.26264E-3 5.0208E-3 4.72683E-3 4.56116E-3 4.48062E-3 4.15844E-3 4.22026E-3 4.38835E-3 4.49754E-3 4.65118E-3 4.40887E-3
6.57181E-3 6.63788E-3 6.81619E-3 6.8931E-3 6.70726E-3 7.15488E-3 7.43171E-3 7.67628E-3 7.65128E-3 7.3627E-3 7.2595E-3 7.34751E-3 7.32961E-3 7.22294E-3 6.86187E-3 6.60784E-3 6.231E-3 5.95019E-3 5.92484E-3 5.58334E-3 5.69582E-3 6.56009E-3 6.96049E-3 5.74E-3 6.10166E-3 6.49088E-3 6.24345E-3 5.71833E-3 5.12602E-3 4.83881E-3 4.72206E-3 4.68495E-3 4.66783E-3 4.7041E-3 4.93639E-3 5.17315E-3 5.24849E-3 5.46083E-3 5.44621E-3 5.47745E-3 5.58968E-3 5.69787E-3 5.64419E-3 5.57362E-3 5.5236E-3 5.42019E-3 5.40013E-3 5.43174E-3 5.47556E-3 5.35751E-3 5.3055E-3 5.17702E-3 4.95338E-3 4.64376E-3 4.38321E-3 4.13722E-3 4.19618E-3 4.25069E-3 4.33983E-3 4.42448E-3 4.24229E-3
8.00029E-3 8.01361E-3 8.09991E-3 8.49282E-3 9.0128E-3 9.36341E-3 9.00096E-3 7.98777E-3 7.62709E-3 7.60459E-3 7.58187E-3 7.34601E-3 7.21198E-3 6.5381E-3 6.03117E-3 6.0132E-3 6.0413E-3 6.09685E-3 6.17415E-3 5.75677E-3 6.0979E-3 5.95046E-3 5.97052E-3 5.70054E-3 5.7208E-3 6.39134E-3 6.63438E-3 6.48868E-3 6.19588E-3 5.62133E-3 5.12189E-3 4.92804E-3 4.79206E-3 4.73942E-3 4.90085E-3 5.1861E-3 5.24264E-3 5.34236E-3 5.44807E-3 5.36144E-3 5.42767E-3 5.69057E-3 5.89951E-3 5.99271E-3 5.81213E-3 5.50629E-3 5.26414E-3 5.2943E-3 5.35114E-3 5.29313E-3 5.31853E-3 5.1772E-3 5.21138E-3 4.88283E-3 4.50137E-3 4.13507E-3 4.40666E-3 4.33219E-3 4.33283E-3 4.24079E-3 4.47735E-3
9.5252E-3 9.78893E-3 1.03265E-2 1.00032E-2 9.83471E-3 9.65108E-3 8.42875E-3 7.60914E-3 7.47475E-3 7.27267E-3 7.01849E-3 6.82991E-3 6.82323E-3 6.48535E-3 6.27352E-3 5.93096E-3 5.84426E-3 5.91011E-3 6.10134E-3 6.4551E-3 6.62883E-3 6.42355E-3 6.26086E-3 6.03517E-3 5.79977E-3 5.85928E-3 5.90197E-3 6.14805E-3 6.14628E-3 6.38856E-3 6.22272E-3 5.86464E-3 5.6273E-3 5.12022E-3 4.82219E-3 5.1708E-3 5.24616E-3 5.31757E-3 5.34167E-3 5.33333E-3 5.20529E-3 5.20022E-3 5.64585E-3 6.12876E-3 6.07997E-3 5.58527E-3 5.35104E-3 5.18189E-3 5.19322E-3 5.14148E-3 5.20244E-3 5.17975E-3 5.12696E-3 5.48697E-3 5.06594E-3 4.88765E-3 4.72985E-3 4.57971E-3 4.68813E-3 4.59096E-3 4.62685E-3
9.76765E-3 8.83298E-3 8.24503E-3 8.32527E-3 8.7698E-3 8.65208E-3 7.66934E-3 7.88502E-3 7.65518E-3 7.33678E-3 6.96372E-3 6.69829E-3 6.79928E-3 6.60482E-3 6.49883E-3 6.06666E-3 5.79929E-3 5.88708E-3 6.07317E-3 6.47743E-3 6.92757E-3 6.95422E-3 6.70796E-3 6.67916E-3 6.95623E-3 7.75537E-3 7.33744E-3 7.04624E-3 6.46009E-3 6.38657E-3 6.44494E-3 6.43335E-3 6.13006E-3 5.74727E-3 5.30256E-3 5.15244E-3 5.32346E-3 5.38533E-3 5.29995E-3 5.21786E-3 5.09894E-3 4.89315E-3 4.85084E-3 4.81159E-3 4.98646E-3 5.10923E-3 5.21986E-3 5.18281E-3 5.07618E-3 5.0001E-3 4.99466E-3 5.03169E-3 4.93311E-3 5.39812E-3 5.26428E-3 4.89994E-3 4.73029E-3 4.65699E-3 4.86797E-3 4.68467E-3 4.67463E-3
