maxent_outputs/red_flowers_troch_bombus_environ/red_314.asc
ncols         426
nrows         180
xllcorner     -130.0
yllcorner     24.0
cellsize      0.16666666666666666
NODATA_value  -9999
[rows 81 to 107 of 180, columns 244 to 304 of 426]
1.94069E-2 1.99298E-2 2.08753E-2 2.08699E-2 2.07947E-2 2.0185E-2 2.0279E-2 2.04263E-2 2.07288E-2 2.07536E-2 2.09848E-2 2.0965E-2 2.13979E-2 2.14055E-2 2.18853E-2 2.35188E-2 2.52681E-2 2.60708E-2 2.65861E-2 2.68949E-2 2.65106E-2 2.62365E-2 2.62345E-2 2.6329E-2 2.54998E-2 2.6031E-2 2.67705E-2 2.76372E-2 2.76077E-2 2.76054E-2 2.82062E-2 2.80483E-2 2.83263E-2 2.88036E-2 2.81293E-2 2.71377E-2 2.67193E-2 2.63073E-2 2.66392E-2 2.80969E-2 2.9508E-2 3.11298E-2 3.18747E-2 3.29734E-2 3.17422E-2 3.33099E-2 3.48802E-2 3.54212E-2 3.58807E-2 3.63215E-2 3.65754E-2 3.73458E-2 3.86818E-2 3.89568E-2 4.09947E-2 4.30352E-2 4.48394E-2 4.24279E-2 3.93801E-2 4.04201E-2 4.4251E-2
2.07707E-2 2.15705E-2 2.25101E-2 2.30754E-2 2.26358E-2 2.248E-2 2.25361E-2 2.25675E-2 2.25542E-2 2.34506E-2 2.35485E-2 2.39893E-2 2.36039E-2 2.38915E-2 2.41081E-2 2.56607E-2 2.76907E-2 2.86271E-2 2.86433E-2 2.84968E-2 2.81866E-2 2.77316E-2 2.85433E-2 2.86962E-2 2.68462E-2 2.66935E-2 2.78791E-2 2.82697E-2 2.90035E-2 3.01499E-2 3.08357E-2 3.02308E-2 3.03443E-2 2.94741E-2 2.97096E-2 3.02802E-2 2.95259E-2 2.99584E-2 3.01068E-2 3.00257E-2 3.13665E-2 3.29486E-2 3.48399E-2 3.49491E-2 3.56101E-2 3.60317E-2 3.71655E-2 3.84051E-2 3.79453E-2 3.90409E-2 3.94655E-2 3.94127E-2 4.06356E-2 4.12794E-2 4.26049E-2 4.379E-2 4.47774E-2 4.30885E-2 4.28607E-2 4.61276E-2 4.89185E-2
2.23709E-2 2.35939E-2 2.43317E-2 2.51423E-2 2.51649E-2 2.50054E-2 2.55373E-2 2.50015E-2 2.55372E-2 2.66329E-2 2.67874E-2 2.69721E-2 2.70614E-2 2.74993E-2 2.81019E-2 2.8813E-2 3.04329E-2 3.07722E-2 3.05077E-2 3.01433E-2 2.90776E-2 3.00585E-2 3.04952E-2 3.04179E-2 3.01691E-2 2.98775E-2 3.01758E-2 3.07475E-2 3.08255E-2 3.22374E-2 3.34766E-2 3.33978E-2 3.29093E-2 3.11661E-2 3.18064E-2 3.16337E-2 3.35279E-2 3.4326E-2 3.4401E-2 3.43749E-2 3.51707E-2 3.65E-2 3.70242E-2 3.67096E-2 3.77476E-2 3.90898E-2 3.95701E-2 3.88553E-2 4.03035E-2 4.17478E-2 4.14271E-2 4.30284E-2 4.41214E-2 4.53254E-2 4.51839E-2 4.52935E-2 4.65031E-2 4.63941E-2 4.56832E-2 5.21832E-2 5.75025E-2
2.53001E-2 2.59346E-2 2.73041E-2 2.72078E-2 2.74002E-2 2.74185E-2 2.7959E-2 2.83507E-2 2.80245E-2 2.87068E-2 2.9655E-2 3.04244E-2 3.11548E-2 3.14666E-2 3.16036E-2 3.15787E-2 3.32786E-2 3.43024E-2 3.43023E-2 3.29086E-2 3.17772E-2 3.21116E-2 3.29352E-2 3.35614E-2 3.27045E-2 3.30638E-2 3.30859E-2 3.35328E-2 3.33278E-2 3.50493E-2 3.77535E-2 3.75896E-2 3.57989E-2 3.52424E-2 3.60505E-2 3.63994E-2 3.6974E-2 3.81138E-2 3.74454E-2 3.74489E-2 3.78355E-2 3.88724E-2 3.92825E-2 3.9062E-2 3.84972E-2 4.03965E-2 4.07979E-2 4.19627E-2 4.35203E-2 4.39617E-2 4.54533E-2 4.5039E-2 4.65585E-2 4.76479E-2 4.73632E-2 4.67203E-2 4.75747E-2 4.88059E-2 5.57811E-2 5.53695E-2 5.26616E-2
2.82839E-2 2.88306E-2 3.00081E-2 2.97214E-2 2.96527E-2 3.03029E-2 3.07243E-2 3.06185E-2 3.09265E-2 3.15786E-2 3.26115E-2 3.27822E-2 3.43508E-2 3.40705E-2 3.40002E-2 3.40546E-2 3.52709E-2 3.67562E-2 3.76119E-2 3.61926E-2 3.42683E-2 3.46823E-2 3.57619E-2 3.64287E-2 3.68615E-2 3.64707E-2 3.71344E-2 3.74595E-2 3.68362E-2 3.85684E-2 4.03552E-2 4.01955E-2 3.87698E-2 3.86075E-2 3.93103E-2 3.92505E-2 4.0228E-2 3.96741E-2 3.8893E-2 4.0045E-2 3.9842E-2 4.02745E-2 4.28882E-2 4.24104E-2 4.12695E-2 4.20764E-2 4.29043E-2 4.53555E-2 4.67617E-2 4.86832E-2 4.91302E-2 5.01207E-2 5.20345E-2 5.33998E-2 5.23881E-2 5.11751E-2 5.13626E-2 5.96245E-2 5.93965E-2 5.68885E-2 6.0035E-2
3.15357E-2 3.20586E-2 3.28309E-2 3.27248E-2 3.2709E-2 3.27237E-2 3.28849E-2 3.40291E-2 3.42703E-2 3.54144E-2 3.50912E-2 3.52424E-2 3.52985E-2 3.58372E-2 3.6215E-2 3.69971E-2 3.71447E-2 3.87447E-2 3.95361E-2 3.86825E-2 3.75971E-2 3.75776E-2 3.89705E-2 4.01097E-2 4.14358E-2 4.16818E-2 4.17476E-2 4.16893E-2 4.16945E-2 4.21531E-2 4.33443E-2 4.42344E-2 4.42274E-2 4.52962E-2 4.43315E-2 4.28833E-2 4.22604E-2 4.03535E-2 4.02604E-2 4.18009E-2 4.329E-2 4.32235E-2 4.5427E-2 4.59372E-2 4.61086E-2 4.63143E-2 4.73761E-2 5.0128E-2 5.16864E-2 5.22978E-2 5.42372E-2 5.50018E-2 5.83817E-2 5.97078E-2 5.88678E-2 5.70328E-2 6.14665E-2 6.84409E-2 6.89901E-2 6.61521E-2 6.27121E-2
3.50898E-2 3.54926E-2 3.53858E-2 3.59811E-2 3.51147E-2 3.52799E-2 3.65802E-2 3.7514E-2 3.74863E-2 3.8886E-2 3.8516E-2 3.77118E-2 3.76652E-2 3.79827E-2 3.92523E-2 3.99261E-2 4.02269E-2 4.12033E-2 4.30744E-2 4.27879E-2 4.17852E-2 4.17556E-2 4.16552E-2 4.43779E-2 4.70601E-2 4.84613E-2 4.83951E-2 4.69744E-2 4.69696E-2 4.70329E-2 4.71768E-2 4.93505E-2 4.81027E-2 4.40792E-2 4.75462E-2 4.69623E-2 4.51207E-2 4.42062E-2 4.39647E-2 4.52463E-2 4.61417E-2 4.58006E-2 4.77794E-2 5.0496E-2 5.11519E-2 5.18011E-2 5.38966E-2 5.63481E-2 5.90842E-2 5.92725E-2 5.96306E-2 5.94519E-2 6.29986E-2 6.42199E-2 6.06914E-2 6.46836E-2 7.21465E-2 7.87967E-2 7.89224E-2 7.08006E-2 6.50326E-2
3.66221E-2 3.74622E-2 3.69269E-2 3.70463E-2 3.78459E-2 3.7915E-2 3.86E-2 3.95685E-2 4.06201E-2 4.16959E-2 4.23976E-2 4.13044E-2 4.06995E-2 4.0005E-2 4.04254E-2 4.19764E-2 4.46696E-2 4.73792E-2 4.88907E-2 5.0451E-2 4.75892E-2 4.75092E-2 4.78032E-2 4.94092E-2 5.20061E-2 5.46716E-2 5.41854E-2 5.25768E-2 5.3373E-2 5.38945E-2 5.30538E-2 5.43313E-2 5.27394E-2 5.25522E-2 5.41938E-2 5.23312E-2 5.06188E-2 4.91332E-2 4.73772E-2 4.82896E-2 4.83362E-2 4.87687E-2 5.05417E-2 5.31055E-2 5.71037E-2 5.92125E-2 6.16164E-2 6.43905E-2 6.8686E-2 6.63271E-2 6.69013E-2 6.71191E-2 6.88784E-2 6.76394E-2 6.72879E-2 7.02247E-2 7.65996E-2 8.79538E-2 8.45037E-2 7.88716E-2 7.22726E-2
3.73895E-2 3.84881E-2 3.8987E-2 3.94477E-2 3.96545E-2 4.15E-2 4.24812E-2 4.3598E-2 4.42222E-2 4.52099E-2 4.6328E-2 4.49435E-2 4.52127E-2 4.33316E-2 4.30991E-2 4.72641E-2 5.07477E-2 5.50065E-2 5.47855E-2 5.51777E-2 5.35196E-2 5.43713E-2 5.54711E-2 5.73798E-2 6.00583E-2 6.0774E-2 6.01478E-2 5.96508E-2 6.05901E-2 5.98954E-2 6.00763E-2 5.95663E-2 5.99186E-2 5.84546E-2 5.72515E-2 5.61605E-2 5.58805E-2 5.23779E-2 5.2262E-2 5.35619E-2 5.19963E-2 5.25146E-2 5.32563E-2 5.80965E-2 6.19501E-2 6.76841E-2 7.01528E-2 7.06192E-2 7.29322E-2 7.36606E-2 7.35602E-2 7.20357E-2 7.45149E-2 7.34488E-2 7.63888E-2 7.92868E-2 8.265E-2 8.7568E-2 8.81797E-2 9.34547E-2 6.86287E-2
3.82597E-2 3.92492E-2 4.10231E-2 4.1541E-2 4.28483E-2 4.42722E-2 4.58052E-2 4.63836E-2 4.78021E-2 4.90559E-2 4.94736E-2 4.82775E-2 4.84595E-2 4.82104E-2 4.94547E-2 5.46177E-2 5.63596E-2 5.89111E-2 6.25067E-2 6.14477E-2 5.96866E-2 6.17833E-2 6.33664E-2 6.68746E-2 6.89311E-2 6.98345E-2 6.78433E-2 6.65236E-2 6.54988E-2 6.52317E-2 6.59229E-2 6.3931E-2 6.24634E-2 6.1796E-2 6.01662E-2 5.90124E-2 6.02515E-2 5.75432E-2 5.79254E-2 5.68566E-2 5.71524E-2 5.6807E-2 5.94045E-2 6.27949E-2 6.84689E-2 7.43429E-2 7.78569E-2 7.77746E-2 7.81199E-2 7.81769E-2 7.69969E-2 7.777E-2 7.80489E-2 8.21061E-2 8.33097E-2 8.89642E-2 8.71201E-2 9.72326E-2 9.17645E-2 8.70785E-2 6.23958E-2
4.18011E-2 4.10818E-2 4.3049E-2 4.49796E-2 4.66781E-2 4.81424E-2 4.97159E-2 5.32482E-2 5.32534E-2 5.30753E-2 5.21364E-2 5.2515E-2 5.34051E-2 5.40984E-2 5.76109E-2 6.06838E-2 6.22726E-2 6.43268E-2 6.86275E-2 7.12889E-2 6.88918E-2 6.89765E-2 7.20305E-2 7.62176E-2 7.77203E-2 7.82908E-2 7.49026E-2 7.31618E-2 7.26893E-2 7.00049E-2 6.74586E-2 6.72937E-2 6.52383E-2 6.43928E-2 6.44009E-2 6.39321E-2 6.63634E-2 6.38181E-2 6.11503E-2 6.22009E-2 6.59828E-2 6.25451E-2 6.61404E-2 6.97358E-2 7.52436E-2 8.03473E-2 8.11842E-2 8.25014E-2 8.26798E-2 8.3097E-2 8.45905E-2 8.52874E-2 8.07703E-2 8.98212E-2 1.01917E-1 1.16358E-1 1.05051E-1 1.17911E-1 1.12401E-1 7.66605E-2 6.45638E-2
4.28663E-2 4.33343E-2 4.53573E-2 4.71493E-2 5.00867E-2 5.07244E-2 5.4496E-2 5.6649E-2 5.79046E-2 5.90625E-2 5.81558E-2 5.89799E-2 6.066E-2 6.21728E-2 6.41333E-2 6.73859E-2 6.90375E-2 7.33039E-2 7.79459E-2 7.91918E-2 8.25508E-2 7.88862E-2 8.19487E-2 8.50051E-2 8.62602E-2 8.42984E-2 8.22821E-2 8.07325E-2 7.90178E-2 7.45935E-2 7.14501E-2 6.9608E-2 6.92357E-2 6.7763E-2 6.78367E-2 6.91849E-2 6.91874E-2 6.94413E-2 6.78763E-2 6.82144E-2 7.19895E-2 7.03642E-2 7.40196E-2 7.70023E-2 7.6888E-2 7.93327E-2 8.09295E-2 8.4121E-2 8.57208E-2 8.73401E-2 8.60277E-2 8.914E-2 9.14831E-2 1.00524E-1 1.29252E-1 1.37863E-1 1.484E-1 1.20901E-1 1.03756E-1 8.22004E-2 7.28828E-2
4.62469E-2 4.87082E-2 5.02346E-2 5.20338E-2 5.43429E-2 5.44069E-2 5.79263E-2 6.09954E-2 6.34573E-2 6.61202E-2 6.63419E-2 6.61429E-2 6.79245E-2 6.9161E-2 7.1222E-2 7.62831E-2 8.15741E-2 8.19933E-2 8.06246E-2 8.15528E-2 8.48568E-2 8.41858E-2 8.82611E-2 9.00651E-2 8.98871E-2 8.52911E-2 8.13646E-2 8.22885E-2 8.05351E-2 7.70856E-2 7.52517E-2 7.38941E-2 7.24053E-2 7.16901E-2 7.35397E-2 7.5298E-2 7.27002E-2 7.26646E-2 7.16537E-2 7.30616E-2 7.73493E-2 7.75037E-2 7.82749E-2 7.90342E-2 7.82412E-2 7.82015E-2 7.80776E-2 8.37827E-2 8.85035E-2 8.903E-2 9.00479E-2 9.83529E-2 1.03338E-1 1.19679E-1 1.56672E-1 1.55191E-1 1.28838E-1 1.23405E-1 1.05192E-1 8.71945E-2 9.2868E-2
5.41886E-2 5.51779E-2 5.74882E-2 5.88971E-2 6.12582E-2 6.17524E-2 6.25855E-2 6.67843E-2 7.10103E-2 7.32357E-2 7.2896E-2 7.32443E-2 7.61746E-2 7.79754E-2 7.93262E-2 8.43724E-2 8.5137E-2 8.23175E-2 8.2227E-2 8.20265E-2 8.80114E-2 9.25196E-2 9.29224E-2 9.17539E-2 8.73665E-2 8.55871E-2 7.98186E-2 7.86843E-2 7.88129E-2 7.7843E-2 7.58715E-2 7.63944E-2 7.61335E-2 7.51045E-2 7.6978E-2 7.72732E-2 7.64919E-2 7.39621E-2 7.54181E-2 7.82509E-2 8.02552E-2 8.29232E-2 8.33591E-2 8.30969E-2 8.28629E-2 8.28816E-2 8.45734E-2 8.90593E-2 9.14531E-2 9.09863E-2 9.06696E-2 9.82145E-2 1.0996E-1 1.47795E-1 1.6492E-1 1.21235E-1 1.13314E-1 1.12597E-1 9.33431E-2 9.30337E-2 8.94098E-2
6.33273E-2 6.4144E-2 6.72654E-2 6.86304E-2 7.23138E-2 7.22848E-2 7.21582E-2 7.39349E-2 7.93074E-2 8.31413E-2 8.52168E-2 8.45572E-2 8.63456E-2 8.60804E-2 8.80765E-2 8.6568E-2 8.79457E-2 8.59056E-2 8.40511E-2 8.1987E-2 8.72088E-2 9.4896E-2 9.40491E-2 9.21618E-2 8.931E-2 8.7204E-2 8.41855E-2 8.11262E-2 7.96229E-2 8.03136E-2 7.96792E-2 7.99874E-2 7.78569E-2 7.89446E-2 8.33047E-2 8.32836E-2 7.96774E-2 7.97471E-2 8.27662E-2 8.38585E-2 8.36078E-2 8.94068E-2 9.13918E-2 9.13602E-2 9.33897E-2 9.4859E-2 9.43298E-2 9.79944E-2 9.91828E-2 9.19295E-2 9.70554E-2 1.13821E-1 1.36584E-1 1.26729E-1 1.10761E-1 1.1831E-1 1.05247E-1 1.02624E-1 9.38488E-2 9.65848E-2 9.92971E-2
7.37442E-2 7.39011E-2 7.46837E-2 7.75309E-2 8.12074E-2 8.12385E-2 8.28045E-2 8.32464E-2 8.34535E-2 9.12042E-2 9.20979E-2 9.32549E-2 9.5641E-2 9.62519E-2 9.63408E-2 9.28006E-2 9.15621E-2 8.79497E-2 8.60499E-2 8.34738E-2 8.62935E-2 9.6599E-2 1.00004E-1 9.44897E-2 9.33261E-2 9.34443E-2 9.16713E-2 8.93525E-2 8.67239E-2 8.51578E-2 8.45876E-2 8.21849E-2 8.0442E-2 8.5638E-2 8.5971E-2 8.31529E-2 7.99986E-2 8.44211E-2 8.79436E-2 8.97595E-2 8.96151E-2 9.42862E-2 1.01729E-1 1.04546E-1 1.09173E-1 1.10406E-1 1.11822E-1 1.10908E-1 1.04009E-1 9.63621E-2 1.09039E-1 1.11332E-1 1.06897E-1 9.86843E-2 1.08701E-1 1.07261E-1 1.0857E-1 1.02264E-1 1.08807E-1 1.0217E-1 1.11728E-1
8.57577E-2 8.61286E-2 8.51727E-2 8.93121E-2 9.12202E-2 9.0257E-2 8.61497E-2 8.55395E-2 9.03261E-2 9.23739E-2 9.53968E-2 9.75907E-2 1.01083E-1 1.04101E-1 9.98398E-2 9.7257E-2 9.36554E-2 9.47836E-2 9.44214E-2 9.1789E-2 9.42641E-2 1.00782E-1 9.93763E-2 9.62118E-2 9.93178E-2 1.02221E-1 1.00475E-1 9.83805E-2 9.45841E-2 9.42779E-2 8.98411E-2 8.82725E-2 8.73997E-2 8.90516E-2 8.7892E-2 8.71679E-2 8.79405E-2 8.92123E-2 9.54977E-2 9.7134E-2 1.00135E-1 1.02413E-1 1.0971E-1 1.17555E-1 1.22529E-1 1.2588E-1 1.23912E-1 1.15695E-1 1.07721E-1 1.08912E-1 9.95903E-2 9.92317E-2 9.19427E-2 9.8681E-2 1.11644E-1 1.00814E-1 1.12286E-1 1.12018E-1 1.16763E-1 1.10956E-1 1.4042E-1
9.83936E-2 1.00197E-1 9.99313E-2 9.99947E-2 1.01615E-1 1.00491E-1 9.62668E-2 9.42969E-2 9.57008E-2 1.01642E-1 1.01518E-1 9.82764E-2 9.49922E-2 1.00285E-1 1.02236E-1 9.99642E-2 9.83019E-2 1.01151E-1 1.01304E-1 1.0133E-1 1.00346E-1 1.09013E-1 1.10653E-1 1.07949E-1 1.06672E-1 1.10482E-1 1.13171E-1 1.07972E-1 1.00873E-1 1.01334E-1 1.01603E-1 9.93843E-2 9.38286E-2 8.84102E-2 9.03618E-2 9.46138E-2 9.71317E-2 1.02875E-1 1.05085E-1 1.05039E-1 1.06373E-1 1.13697E-1 1.20948E-1 1.25814E-1 1.30879E-1 1.30049E-1 1.25762E-1 1.17314E-1 1.17889E-1 1.13067E-1 9.66399E-2 8.82318E-2 9.02752E-2 1.03199E-1 1.09893E-1 1.11224E-1 1.08688E-1 1.15303E-1 1.28408E-1 1.37511E-1 1.309E-1
1.06324E-1 1.08029E-1 1.06848E-1 1.08661E-1 1.09726E-1 1.06117E-1 1.04968E-1 1.05793E-1 1.06056E-1 1.08763E-1 1.11843E-1 1.03783E-1 9.77899E-2 9.96054E-2 9.95527E-2 9.97346E-2 9.98755E-2 1.03763E-1 1.0546E-1 1.04914E-1 1.08299E-1 1.13871E-1 1.19E-1 1.17768E-1 1.18466E-1 1.23781E-1 1.25012E-1 1.19759E-1 1.16964E-1 1.12918E-1 1.10562E-1 1.03691E-1 9.6492E-2 9.25386E-2 9.72595E-2 1.01542E-1 1.10554E-1 1.16127E-1 1.18419E-1 1.18559E-1 1.19723E-1 1.21638E-1 1.27966E-1 1.34505E-1 1.37393E-1 1.33251E-1 1.26741E-1 1.20545E-1 1.20135E-1 1.0817E-1 9.81424E-2 9.27701E-2 1.11832E-1 1.06523E-1 1.10596E-1 1.16868E-1 1.19787E-1 1.28552E-1 1.39368E-1 1.36474E-1 1.37576E-1
1.09721E-1 1.1056E-1 1.14789E-1 1.16559E-1 1.19678E-1 1.21352E-1 1.16111E-1 1.17108E-1 1.16378E-1 1.19321E-1 1.21068E-1 1.14612E-1 1.06542E-1 1.0194E-1 1.00494E-1 1.00637E-1 1.0196E-1 1.03667E-1 1.07892E-1 1.12908E-1 1.11528E-1 1.13316E-1 1.21072E-1 1.23361E-1 1.29451E-1 1.28384E-1 1.29298E-1 1.2938E-1 1.24181E-1 1.19371E-1 1.11106E-1 1.01984E-1 9.84302E-2 9.99827E-2 1.07095E-1 1.12273E-1 1.2251E-1 1.28354E-1 1.27375E-1 1.31716E-1 1.36261E-1 1.34613E-1 1.35909E-1 1.38484E-1 1.42763E-1 1.4414E-1 1.33966E-1 1.29953E-1 1.24653E-1 1.14213E-1 1.08564E-1 9.98771E-2 9.83852E-2 1.03177E-1 1.15055E-1 1.2959E-1 1.3363E-1 1.37924E-1 1.40958E-1 1.43685E-1 1.4795E-1
1.09289E-1 1.17495E-1 1.20124E-1 1.25968E-1 1.32672E-1 1.34881E-1 1.37559E-1 1.35722E-1 1.26483E-1 1.27991E-1 1.28478E-1 1.23616E-1 1.13375E-1 1.11357E-1 1.06852E-1 1.06321E-1 1.09051E-1 1.10488E-1 1.12284E-1 1.1734E-1 1.16859E-1 1.23057E-1 1.27295E-1 1.33299E-1 1.3351E-1 1.34593E-1 1.35869E-1 1.324E-1 1.3097E-1 1.24403E-1 1.15966E-1 1.03743E-1 1.06298E-1 1.12647E-1 1.19021E-1 1.27845E-1 1.337E-1 1.37024E-1 1.34466E-1 1.44281E-1 1.42004E-1 1.4224E-1 1.44865E-1 1.47138E-1 1.48727E-1 1.48796E-1 1.4757E-1 1.4392E-1 1.32968E-1 1.19824E-1 1.07928E-1 1.00336E-1 1.04005E-1 1.09573E-1 1.26887E-1 1.42835E-1 1.48776E-1 1.56041E-1 1.64167E-1 1.57157E-1 1.59297E-1
1.1065E-1 1.2551E-1 1.327E-1 1.43679E-1 1.49109E-1 1.49511E-1 1.54658E-1 1.52248E-1 1.43824E-1 1.31519E-1 1.3525E-1 1.30369E-1 1.21453E-1 1.14408E-1 1.15011E-1 1.17E-1 1.14852E-1 1.21359E-1 1.22463E-1 1.26838E-1 1.27203E-1 1.28159E-1 1.36241E-1 1.40452E-1 1.39973E-1 1.45488E-1 1.40891E-1 1.37255E-1 1.38162E-1 1.31144E-1 1.24495E-1 1.19166E-1 1.18375E-1 1.26403E-1 1.39432E-1 1.42914E-1 1.45451E-1 1.50351E-1 1.54607E-1 1.4671E-1 1.5821E-1 1.45118E-1 1.42337E-1 1.5204E-1 1.64062E-1 1.62807E-1 1.4531E-1 1.45223E-1 1.29137E-1 1.14681E-1 1.06852E-1 1.09981E-1 1.20687E-1 1.29022E-1 1.39905E-1 1.5396E-1 1.60505E-1 1.62767E-1 1.6294E-1 1.61409E-1 1.60456E-1
1.25266E-1 1.36763E-1 1.47599E-1 1.56594E-1 1.6271E-1 1.62128E-1 1.5787E-1 1.59192E-1 1.51873E-1 1.42968E-1 1.42362E-1 1.34439E-1 1.22654E-1 1.14357E-1 1.17301E-1 1.17693E-1 1.19248E-1 1.27413E-1 1.34598E-1 1.42708E-1 1.42203E-1 1.42466E-1 1.43875E-1 1.44812E-1 1.48203E-1 1.49151E-1 1.45012E-1 1.45203E-1 1.44559E-1 1.40485E-1 1.3169E-1 1.28919E-1 1.35874E-1 1.42746E-1 1.43068E-1 1.49509E-1 1.41305E-1 1.35378E-1 1.36842E-1 1.40789E-1 1.34227E-1 1.37496E-1 1.41138E-1 1.52936E-1 1.55605E-1 1.5663E-1 1.6541E-1 1.63349E-1 1.48744E-1 1.28147E-1 1.17918E-1 1.25944E-1 1.35503E-1 1.54537E-1 1.66306E-1 1.67239E-1 1.67171E-1 1.71414E-1 1.65699E-1 1.6429E-1 1.67394E-1
1.37776E-1 1.48222E-1 1.5956E-1 1.60975E-1 1.59747E-1 1.61417E-1 1.57496E-1 1.6038E-1 1.54775E-1 1.49087E-1 1.43449E-1 1.38722E-1 1.26464E-1 1.18972E-1 1.19063E-1 1.20385E-1 1.27107E-1 1.39429E-1 1.50485E-1 1.59924E-1 1.58302E-1 1.54073E-1 1.50614E-1 1.53098E-1 1.53966E-1 1.50745E-1 1.60526E-1 1.619E-1 1.67472E-1 1.63317E-1 1.5693E-1 1.42842E-1 1.53298E-1 1.5124E-1 1.4263E-1 1.35753E-1 1.30257E-1 1.27315E-1 1.27938E-1 1.28098E-1 1.3054E-1 1.31468E-1 1.38979E-1 1.49769E-1 1.74163E-1 1.78632E-1 1.92026E-1 1.7285E-1 1.52044E-1 1.36438E-1 1.38493E-1 1.52485E-1 1.62177E-1 1.75025E-1 1.74818E-1 1.70852E-1 1.72843E-1 1.64573E-1 1.68007E-1 1.68652E-1 1.69202E-1
1.51065E-1 1.52118E-1 1.63393E-1 1.52762E-1 1.49175E-1 1.48668E-1 1.49248E-1 1.56199E-1 1.5153E-1 1.47753E-1 1.43304E-1 1.3647E-1 1.27649E-1 1.24415E-1 1.23333E-1 1.25835E-1 1.31006E-1 1.41147E-1 1.52279E-1 1.62014E-1 1.67594E-1 1.599E-1 1.55061E-1 1.56812E-1 1.56967E-1 1.59374E-1 1.65809E-1 1.68499E-1 1.76949E-1 1.77662E-1 1.68251E-1 1.49606E-1 1.47804E-1 1.40526E-1 1.3358E-1 1.2849E-1 1.25612E-1 1.22063E-1 1.20492E-1 1.27299E-1 1.27347E-1 1.32672E-1 1.39773E-1 1.78377E-1 1.80677E-1 1.86504E-1 1.97405E-1 1.84766E-1 1.76353E-1 1.68671E-1 1.69068E-1 1.70905E-1 1.78469E-1 1.85075E-1 1.831E-1 1.70842E-1 1.68384E-1 1.6999E-1 1.7213E-1 1.74828E-1 1.79585E-1
1.54432E-1 1.58233E-1 1.59429E-1 1.4549E-1 1.43496E-1 1.45989E-1 1.44363E-1 1.46224E-1 1.45058E-1 1.4309E-1 1.44255E-1 1.42483E-1 1.32765E-1 1.26997E-1 1.28401E-1 1.31821E-1 1.3866E-1 1.43417E-1 1.51245E-1 1.63735E-1 1.65387E-1 1.66879E-1 1.62278E-1 1.60393E-1 1.6953E-1 1.77964E-1 1.74755E-1 1.71826E-1 1.80838E-1 1.83857E-1 1.71036E-1 1.45131E-1 1.42057E-1 1.37083E-1 1.27625E-1 1.28008E-1 1.23592E-1 1.15829E-1 1.18627E-1 1.21054E-1 1.23982E-1 1.41708E-1 1.61513E-1 1.95666E-1 1.90137E-1 1.9612E-1 2.01688E-1 2.02938E-1 1.9185E-1 1.89475E-1 1.81181E-1 1.77455E-1 1.75826E-1 1.7225E-1 1.67528E-1 1.6909E-1 1.72705E-1 1.80128E-1 1.79101E-1 1.83977E-1 1.86921E-1
1.53637E-1 1.5594E-1 1.53054E-1 1.47007E-1 1.4751E-1 1.54341E-1 1.48478E-1 1.43895E-1 1.38627E-1 1.36358E-1 1.43561E-1 1.48219E-1 1.41936E-1 1.37718E-1 1.37104E-1 1.43479E-1 1.49809E-1 1.5294E-1 1.66592E-1 1.7416E-1 1.71446E-1 1.71838E-1 1.67591E-1 1.75149E-1 1.90196E-1 1.91154E-1 1.84164E-1 1.79375E-1 1.6949E-1 1.723E-1 1.48261E-1 1.37129E-1 1.37133E-1 1.27355E-1 1.22336E-1 1.20817E-1 1.13102E-1 1.1566E-1 1.2145E-1 1.35737E-1 1.64168E-1 1.74294E-1 2.08087E-1 2.35789E-1 2.09356E-1 2.10267E-1 2.11802E-1 2.09099E-1 2.09728E-1 2.16951E-1 1.96339E-1 1.81315E-1 1.77667E-1 1.78829E-1 1.75973E-1 1.76803E-1 1.86181E-1 1.89224E-1 1.86703E-1 1.86583E-1 1.89987E-1
