maxent_outputs/red_flowers_troch_bombus_environ/red_109.asc
ncols         426
nrows         180
xllcorner     -130.0
yllcorner     24.0
cellsize      0.16666666666666666
NODATA_value  -9999
[rows 27 to 53 of 180, columns 183 to 243 of 426]
8.24711E-2 8.15486E-2 8.07931E-2 8.05133E-2 7.88008E-2 7.8883E-2 7.98205E-2 8.08789E-2 7.88293E-2 7.82139E-2 7.58812E-2 7.53559E-2 7.5735E-2 7.39701E-2 7.27858E-2 7.43533E-2 7.51062E-2 7.3495E-2 7.45079E-2 7.72555E-2 7.99543E-2 8.08245E-2 7.92777E-2 7.76993E-2 7.66987E-2 7.65643E-2 7.93874E-2 8.18074E-2 8.33938E-2 8.35372E-2 8.41648E-2 8.49768E-2 8.60171E-2 8.69174E-2 8.75124E-2 8.75789E-2 8.64842E-2 8.57605E-2 8.55546E-2 8.67555E-2 8.96977E-2 8.8471E-2 9.02763E-2 9.05187E-2 8.77612E-2 9.01746E-2 9.14083E-2 8.95955E-2 8.46183E-2 8.07273E-2 7.90316E-2 7.87653E-2 7.85125E-2 8.1275E-2 7.93074E-2 7.98676E-2 7.98839E-2 7.81444E-2 7.74841E-2 7.75721E-2 7.92951E-2
8.37817E-2 8.33461E-2 8.34246E-2 8.19755E-2 7.97504E-2 7.90355E-2 7.89377E-2 8.06261E-2 8.10562E-2 7.97235E-2 7.76882E-2 7.61219E-2 7.57903E-2 7.50929E-2 7.31642E-2 7.51651E-2 7.52891E-2 7.37938E-2 7.45717E-2 7.55925E-2 7.81281E-2 7.93679E-2 7.89396E-2 7.79056E-2 7.79081E-2 7.80916E-2 7.83596E-2 8.44103E-2 8.55155E-2 8.42588E-2 8.40761E-2 8.5051E-2 8.64634E-2 8.67606E-2 8.74237E-2 8.81115E-2 8.79096E-2 8.53053E-2 8.69093E-2 8.90772E-2 8.78525E-2 8.67166E-2 8.73985E-2 8.86395E-2 8.90017E-2 9.11622E-2 9.38155E-2 8.98898E-2 8.5399E-2 8.25217E-2 8.15961E-2 7.78736E-2 7.74309E-2 7.78681E-2 7.68288E-2 7.98686E-2 7.70091E-2 7.75358E-2 7.7281E-2 7.9746E-2 8.07784E-2
8.43415E-2 8.3778E-2 8.36575E-2 8.10895E-2 8.00698E-2 8.02748E-2 8.02813E-2 8.08283E-2 8.40541E-2 8.08169E-2 7.8102E-2 7.75332E-2 7.62443E-2 7.51015E-2 7.3669E-2 7.53892E-2 7.59291E-2 7.58048E-2 7.54374E-2 7.48641E-2 7.58986E-2 7.50841E-2 7.61587E-2 7.54566E-2 7.69696E-2 8.33746E-2 8.55598E-2 8.69592E-2 8.65513E-2 8.57554E-2 8.80268E-2 8.49878E-2 8.49988E-2 8.50849E-2 8.64447E-2 8.71834E-2 8.71455E-2 8.69583E-2 8.71152E-2 8.72072E-2 8.82768E-2 8.78843E-2 8.70801E-2 9.0692E-2 9.31131E-2 9.93196E-2 9.71231E-2 9.19242E-2 8.72139E-2 8.70857E-2 8.57501E-2 7.95226E-2 7.81332E-2 7.80459E-2 7.72587E-2 7.62764E-2 7.98895E-2 7.66389E-2 7.69073E-2 7.79593E-2 7.8456E-2
8.30104E-2 8.61998E-2 8.49963E-2 8.29623E-2 8.13379E-2 8.00263E-2 7.93911E-2 8.00814E-2 8.31669E-2 8.1928E-2 7.94953E-2 7.78984E-2 7.66768E-2 7.63213E-2 7.47867E-2 7.4451E-2 7.53463E-2 7.64275E-2 7.56535E-2 7.61334E-2 7.4692E-2 7.47877E-2 7.46755E-2 7.47484E-2 7.53004E-2 8.25093E-2 8.23872E-2 8.31345E-2 8.85423E-2 8.50727E-2 8.4015E-2 8.40726E-2 8.41306E-2 8.47502E-2 8.56314E-2 8.63565E-2 8.73625E-2 8.70104E-2 8.68232E-2 8.91157E-2 8.79599E-2 8.85104E-2 8.8965E-2 9.12005E-2 9.00381E-2 9.24758E-2 9.33694E-2 9.3841E-2 9.41348E-2 8.54408E-2 8.44234E-2 8.39521E-2 8.73337E-2 9.08918E-2 8.72617E-2 8.1039E-2 7.70382E-2 7.68302E-2 7.70307E-2 7.91503E-2 7.90335E-2
8.40059E-2 8.67413E-2 8.57168E-2 8.22856E-2 8.23141E-2 8.29581E-2 7.94403E-2 8.01193E-2 8.08118E-2 8.22781E-2 8.05483E-2 7.85189E-2 7.77971E-2 7.73378E-2 7.70466E-2 7.59733E-2 7.64006E-2 7.72054E-2 7.66824E-2 7.69914E-2 7.65168E-2 7.61777E-2 7.58143E-2 7.56105E-2 7.68647E-2 7.89736E-2 8.10874E-2 8.11744E-2 8.18486E-2 8.08167E-2 8.15169E-2 8.16947E-2 8.32476E-2 8.31864E-2 8.42192E-2 8.52988E-2 8.72287E-2 9.16407E-2 8.9505E-2 9.1049E-2 9.03011E-2 9.04527E-2 9.04007E-2 9.05017E-2 9.30474E-2 9.09822E-2 9.12924E-2 9.26779E-2 9.2577E-2 9.11323E-2 9.23681E-2 8.96382E-2 8.8903E-2 9.44986E-2 9.99843E-2 9.09294E-2 7.94847E-2 7.74953E-2 7.81172E-2 9.07793E-2 9.16139E-2
8.61158E-2 8.84689E-2 8.70674E-2 8.65485E-2 8.63509E-2 8.44405E-2 8.13804E-2 8.11865E-2 8.22175E-2 8.3697E-2 8.15162E-2 8.00358E-2 7.97359E-2 7.86741E-2 7.88455E-2 7.79358E-2 7.79031E-2 7.82384E-2 7.86435E-2 7.86382E-2 7.84296E-2 7.95061E-2 7.77485E-2 7.85293E-2 8.02153E-2 8.14978E-2 8.27001E-2 8.32841E-2 8.45717E-2 8.06381E-2 8.15148E-2 8.35404E-2 8.32959E-2 8.30169E-2 8.34349E-2 8.29182E-2 8.46791E-2 8.84845E-2 9.16912E-2 9.31112E-2 9.34242E-2 9.17318E-2 9.10049E-2 9.05104E-2 9.31861E-2 9.63529E-2 9.46698E-2 9.51419E-2 9.665E-2 9.21525E-2 8.97081E-2 8.61016E-2 8.54439E-2 9.35685E-2 1.024E-1 9.67798E-2 8.85201E-2 8.72492E-2 8.7376E-2 8.97408E-2 8.87748E-2
8.81058E-2 8.82543E-2 8.67668E-2 8.29356E-2 8.38457E-2 8.42588E-2 8.33225E-2 8.32227E-2 8.40637E-2 8.3794E-2 8.26301E-2 8.13058E-2 8.07726E-2 7.97063E-2 8.02212E-2 7.87888E-2 7.94195E-2 8.05749E-2 7.9458E-2 7.97059E-2 7.97797E-2 8.23687E-2 7.99818E-2 8.08146E-2 8.24743E-2 8.22365E-2 8.38224E-2 8.41182E-2 8.34926E-2 8.24779E-2 8.29957E-2 8.46539E-2 8.52911E-2 8.56457E-2 8.55731E-2 8.36715E-2 8.56174E-2 8.71259E-2 8.89316E-2 9.1527E-2 9.22836E-2 9.4141E-2 9.46436E-2 9.49151E-2 9.59993E-2 9.45821E-2 9.46625E-2 9.57896E-2 9.50009E-2 9.47031E-2 9.61931E-2 9.46114E-2 9.25649E-2 9.52719E-2 9.29211E-2 9.58889E-2 9.1575E-2 9.5544E-2 9.5802E-2 9.45262E-2 9.50803E-2
9.0208E-2 9.29928E-2 9.21335E-2 8.92562E-2 8.58832E-2 8.55978E-2 8.61496E-2 8.635E-2 8.54522E-2 8.44312E-2 8.44345E-2 8.351E-2 8.31916E-2 8.31019E-2 8.21165E-2 8.02048E-2 8.09814E-2 8.19343E-2 8.24537E-2 8.26071E-2 8.27852E-2 8.47734E-2 8.1631E-2 8.22276E-2 8.28666E-2 8.40335E-2 8.57044E-2 8.60042E-2 8.30089E-2 8.28892E-2 8.30451E-2 8.62633E-2 8.69351E-2 8.70296E-2 8.71819E-2 8.6669E-2 8.74513E-2 8.82371E-2 8.93704E-2 9.04909E-2 9.13888E-2 9.18258E-2 9.39097E-2 9.48874E-2 9.5169E-2 9.72058E-2 9.7394E-2 9.73644E-2 9.70291E-2 9.80108E-2 9.9327E-2 1.04635E-1 1.00417E-1 1.0318E-1 9.73501E-2 9.9858E-2 1.01409E-1 1.03213E-1 9.92355E-2 1.00004E-1 1.03495E-1
9.05356E-2 9.47209E-2 9.49748E-2 9.30995E-2 9.06199E-2 8.88535E-2 8.82782E-2 8.79549E-2 8.77237E-2 8.66983E-2 8.64029E-2 8.64762E-2 8.63838E-2 8.60398E-2 8.54829E-2 8.3294E-2 8.18827E-2 8.30309E-2 8.53217E-2 8.66803E-2 8.62057E-2 8.56466E-2 8.41254E-2 8.48535E-2 8.53783E-2 8.85852E-2 9.25798E-2 9.40439E-2 9.30465E-2 9.07756E-2 8.89905E-2 8.86276E-2 8.82721E-2 8.78436E-2 8.78604E-2 8.76193E-2 8.80038E-2 8.83985E-2 8.98371E-2 9.21422E-2 9.14328E-2 9.1559E-2 9.1723E-2 9.20618E-2 9.2788E-2 9.39724E-2 9.60862E-2 9.86879E-2 9.84263E-2 9.94947E-2 9.98274E-2 1.00145E-1 9.9788E-2 1.00363E-1 1.02095E-1 1.07435E-1 1.06057E-1 1.03216E-1 1.05916E-1 1.20919E-1 1.57701E-1
8.81862E-2 8.88416E-2 8.86783E-2 8.71724E-2 8.93729E-2 8.78673E-2 8.90462E-2 8.89346E-2 8.92319E-2 8.90038E-2 8.80552E-2 8.84151E-2 8.84323E-2 8.78281E-2 8.89561E-2 8.67759E-2 8.38856E-2 8.42551E-2 8.58664E-2 8.7084E-2 8.79319E-2 8.7485E-2 8.55327E-2 8.59614E-2 8.65097E-2 9.36032E-2 9.60435E-2 9.56381E-2 9.1613E-2 9.01045E-2 9.17242E-2 9.08867E-2 9.04646E-2 8.97394E-2 8.96185E-2 8.96771E-2 8.98048E-2 8.92502E-2 8.9263E-2 8.97537E-2 8.97876E-2 9.03037E-2 9.23168E-2 9.63138E-2 9.29103E-2 9.43752E-2 9.51606E-2 9.69186E-2 9.85054E-2 9.97346E-2 9.8978E-2 1.00034E-1 1.01541E-1 1.02452E-1 9.97342E-2 1.01765E-1 1.11288E-1 1.2656E-1 1.58448E-1 2.18229E-1 2.61647E-1
9.0002E-2 8.93764E-2 8.80093E-2 8.77315E-2 8.85928E-2 8.64567E-2 8.64288E-2 8.69918E-2 8.88493E-2 9.0544E-2 9.00171E-2 8.96344E-2 8.91076E-2 8.95469E-2 8.86608E-2 8.70848E-2 8.55659E-2 8.5728E-2 8.57398E-2 8.72531E-2 8.79019E-2 8.7114E-2 8.70152E-2 8.71604E-2 8.76528E-2 8.99839E-2 9.07796E-2 9.11086E-2 9.15267E-2 9.27374E-2 9.15269E-2 9.19001E-2 9.19268E-2 9.18547E-2 9.19882E-2 9.06781E-2 9.07002E-2 9.00558E-2 9.00638E-2 8.92103E-2 8.90164E-2 8.89845E-2 8.88535E-2 8.92458E-2 9.05343E-2 9.20483E-2 9.32085E-2 9.49194E-2 9.6277E-2 9.7317E-2 9.87244E-2 9.91071E-2 1.02435E-1 1.14149E-1 1.28011E-1 1.55186E-1 1.97725E-1 2.39314E-1 2.65975E-1 2.72229E-1 2.74973E-1
9.13013E-2 9.02629E-2 8.95018E-2 8.81884E-2 8.84908E-2 9.00057E-2 8.96316E-2 9.00242E-2 8.98284E-2 9.22708E-2 9.23778E-2 9.1087E-2 8.91026E-2 8.86547E-2 8.9161E-2 8.75664E-2 8.67851E-2 8.62176E-2 8.64508E-2 8.94526E-2 9.1544E-2 8.75997E-2 8.71078E-2 8.94867E-2 9.01122E-2 9.03403E-2 9.14313E-2 9.24476E-2 9.40985E-2 9.45381E-2 9.34149E-2 9.29943E-2 9.47418E-2 9.48811E-2 9.39763E-2 9.56737E-2 9.3187E-2 9.05872E-2 9.06489E-2 9.10372E-2 9.10646E-2 9.32188E-2 9.12215E-2 9.23977E-2 9.39741E-2 9.38148E-2 9.41003E-2 9.61344E-2 9.76898E-2 1.00708E-1 1.06002E-1 1.16316E-1 1.56751E-1 2.08559E-1 2.42341E-1 2.46336E-1 2.51723E-1 2.63773E-1 2.69087E-1 2.80621E-1 2.90721E-1
9.32549E-2 9.34284E-2 9.41922E-2 9.20873E-2 9.18473E-2 9.13756E-2 9.09351E-2 9.23282E-2 9.30477E-2 9.43891E-2 9.38445E-2 9.10508E-2 8.97566E-2 8.9453E-2 8.96894E-2 8.8498E-2 8.74712E-2 8.75569E-2 8.80818E-2 8.86219E-2 8.9049E-2 8.88773E-2 9.05843E-2 9.15035E-2 9.17765E-2 9.33681E-2 9.32577E-2 9.4396E-2 9.43414E-2 9.83375E-2 9.52302E-2 9.89917E-2 9.54747E-2 9.25393E-2 9.30118E-2 9.55282E-2 9.19102E-2 9.22364E-2 9.40295E-2 9.36679E-2 9.09755E-2 9.25475E-2 9.34548E-2 9.23697E-2 9.46011E-2 9.60733E-2 9.79707E-2 9.92817E-2 1.02706E-1 1.13661E-1 1.57079E-1 2.23609E-1 2.44124E-1 2.45631E-1 2.46783E-1 2.54415E-1 2.61465E-1 2.70958E-1 2.82651E-1 2.93279E-1 3.04839E-1
9.57675E-2 9.79658E-2 9.59156E-2 9.36243E-2 9.41356E-2 9.54277E-2 9.34442E-2 9.35672E-2 9.36632E-2 9.48173E-2 9.40111E-2 9.16598E-2 9.06511E-2 8.97039E-2 8.99015E-2 8.89895E-2 8.86403E-2 8.88071E-2 8.86372E-2 8.99346E-2 8.97872E-2 8.99204E-2 9.34375E-2 9.60931E-2 9.55382E-2 9.56211E-2 9.51E-2 9.48458E-2 9.55729E-2 9.8901E-2 1.01376E-1 9.71929E-2 9.26967E-2 9.42845E-2 9.35256E-2 9.42262E-2 9.28897E-2 9.20208E-2 9.28555E-2 9.02482E-2 9.08128E-2 9.11673E-2 9.26496E-2 9.48846E-2 9.79035E-2 9.90007E-2 1.01931E-1 1.06681E-1 1.13434E-1 1.64068E-1 2.43013E-1 2.43507E-1 2.37038E-1 2.37788E-1 2.48247E-1 2.6452E-1 2.73419E-1 2.88912E-1 2.97331E-1 3.07681E-1 3.15973E-1
9.34032E-2 9.6817E-2 9.79705E-2 9.50394E-2 9.41731E-2 9.57056E-2 9.59401E-2 9.63652E-2 9.50018E-2 9.60703E-2 9.65062E-2 9.36503E-2 9.36899E-2 9.2282E-2 9.02913E-2 9.07292E-2 9.0005E-2 8.96593E-2 9.06083E-2 9.06688E-2 9.02452E-2 9.12963E-2 9.61049E-2 9.68229E-2 9.5786E-2 9.57936E-2 9.67772E-2 9.73771E-2 9.94251E-2 1.03639E-1 1.06926E-1 1.02731E-1 9.71526E-2 9.63062E-2 9.48071E-2 9.32634E-2 9.20508E-2 9.15874E-2 9.15276E-2 9.24423E-2 9.34698E-2 9.37746E-2 9.5023E-2 9.98379E-2 1.0267E-1 1.05222E-1 1.11517E-1 1.30273E-1 1.93451E-1 2.43307E-1 2.41084E-1 2.22898E-1 2.01986E-1 2.0302E-1 2.03206E-1 2.66497E-1 2.8783E-1 2.98462E-1 3.04713E-1 3.1013E-1 3.11161E-1
9.90564E-2 9.89115E-2 1.00271E-1 9.88343E-2 9.87139E-2 9.73524E-2 9.72661E-2 9.70397E-2 9.66601E-2 9.78298E-2 9.94107E-2 9.79037E-2 9.73884E-2 9.60118E-2 9.44259E-2 9.44005E-2 9.48245E-2 9.29191E-2 9.37186E-2 9.50668E-2 9.31809E-2 9.32481E-2 9.58723E-2 9.73601E-2 9.64126E-2 9.53486E-2 9.62511E-2 9.81344E-2 9.91781E-2 1.0208E-1 1.02223E-1 1.01475E-1 1.00438E-1 9.87829E-2 9.55424E-2 9.27698E-2 9.19955E-2 9.33948E-2 9.35547E-2 9.42191E-2 9.65677E-2 9.7745E-2 1.01467E-1 1.08095E-1 1.13047E-1 1.26076E-1 1.70915E-1 2.3048E-1 2.32183E-1 1.87034E-1 1.63248E-1 1.44291E-1 1.51372E-1 1.70374E-1 2.02684E-1 2.6241E-1 2.78849E-1 2.88809E-1 2.71155E-1 2.55314E-1 2.30697E-1
1.0317E-1 1.04544E-1 1.04087E-1 1.02297E-1 1.01112E-1 9.97143E-2 9.96479E-2 9.79215E-2 9.78451E-2 9.9121E-2 1.00335E-1 1.00538E-1 9.85318E-2 9.786E-2 9.69487E-2 9.45934E-2 9.42257E-2 9.49519E-2 9.47594E-2 9.7467E-2 9.84871E-2 9.76327E-2 9.65668E-2 9.51239E-2 9.47073E-2 9.52501E-2 9.61529E-2 9.59213E-2 9.79475E-2 1.00304E-1 1.00585E-1 1.03736E-1 1.05537E-1 1.01072E-1 9.78839E-2 9.44611E-2 9.3553E-2 9.83324E-2 9.49107E-2 9.59729E-2 1.00013E-1 1.03302E-1 1.0518E-1 1.09129E-1 1.2564E-1 1.55853E-1 1.52127E-1 1.36278E-1 1.25612E-1 1.27113E-1 1.2949E-1 1.35993E-1 1.58941E-1 2.06731E-1 2.2981E-1 2.48783E-1 2.40521E-1 2.02348E-1 1.78576E-1 1.65685E-1 1.59854E-1
1.05458E-1 1.0596E-1 1.06243E-1 1.05162E-1 1.04426E-1 1.01156E-1 1.01447E-1 1.00246E-1 9.86792E-2 9.83186E-2 1.00259E-1 1.00614E-1 9.97315E-2 1.00079E-1 9.84852E-2 9.79509E-2 9.71003E-2 9.7291E-2 9.71511E-2 9.92493E-2 9.88567E-2 1.01763E-1 9.97486E-2 9.84712E-2 9.71416E-2 9.53708E-2 9.61406E-2 9.74374E-2 9.87385E-2 1.01658E-1 1.01229E-1 1.08079E-1 1.0844E-1 1.031E-1 9.8624E-2 9.65667E-2 9.64614E-2 9.58977E-2 9.61745E-2 9.68268E-2 9.95255E-2 1.04486E-1 1.0653E-1 1.07826E-1 1.11025E-1 1.15103E-1 1.18499E-1 1.20109E-1 1.22173E-1 1.20755E-1 1.21648E-1 1.28397E-1 1.37568E-1 1.60326E-1 1.7738E-1 1.70297E-1 1.64679E-1 1.62352E-1 1.58401E-1 1.60681E-1 1.48112E-1
1.063E-1 1.06861E-1 1.0701E-1 1.0661E-1 1.06736E-1 1.03974E-1 1.01653E-1 1.01417E-1 1.00266E-1 9.98305E-2 9.93771E-2 1.00603E-1 1.00259E-1 1.01291E-1 1.00516E-1 1.00019E-1 1.00165E-1 1.00244E-1 9.92556E-2 1.00521E-1 1.01607E-1 1.03391E-1 1.05417E-1 1.06459E-1 9.9543E-2 9.75833E-2 9.96027E-2 1.00362E-1 1.02248E-1 1.03055E-1 1.07084E-1 1.11834E-1 1.09241E-1 1.08709E-1 1.07311E-1 1.01507E-1 9.94671E-2 9.82161E-2 9.85805E-2 9.79789E-2 1.02965E-1 1.05106E-1 1.08122E-1 1.07418E-1 1.09053E-1 1.1249E-1 1.15478E-1 1.12646E-1 1.18387E-1 1.23545E-1 1.20303E-1 1.24404E-1 1.30877E-1 1.39728E-1 1.4274E-1 1.43123E-1 1.43296E-1 1.46862E-1 1.46518E-1 1.51016E-1 1.46628E-1
1.07008E-1 1.08121E-1 1.09998E-1 1.1019E-1 1.09049E-1 1.08219E-1 1.07953E-1 1.05316E-1 1.02056E-1 1.02041E-1 1.0192E-1 1.02775E-1 1.03406E-1 1.02931E-1 1.02119E-1 1.00909E-1 1.00421E-1 1.01573E-1 1.01085E-1 1.02122E-1 1.04324E-1 1.0627E-1 1.0622E-1 1.06451E-1 1.04084E-1 1.02616E-1 1.03743E-1 1.05916E-1 1.07876E-1 1.11415E-1 1.11484E-1 1.08979E-1 1.05924E-1 1.05855E-1 1.19981E-1 1.22691E-1 1.01702E-1 1.0106E-1 1.02176E-1 1.03608E-1 1.04857E-1 1.07759E-1 1.09502E-1 1.09234E-1 1.11106E-1 1.15075E-1 1.10948E-1 1.15625E-1 1.1901E-1 1.20072E-1 1.2397E-1 1.24818E-1 1.25486E-1 1.28216E-1 1.31133E-1 1.34379E-1 1.34704E-1 1.3239E-1 1.34257E-1 1.35223E-1 1.36102E-1
1.08625E-1 1.09112E-1 1.10791E-1 1.12278E-1 1.1301E-1 1.11789E-1 1.09993E-1 1.10649E-1 1.05372E-1 1.04069E-1 1.04893E-1 1.05582E-1 1.07016E-1 1.0796E-1 1.08675E-1 1.06164E-1 1.0336E-1 1.02229E-1 1.02289E-1 1.03976E-1 1.05119E-1 1.0592E-1 1.08013E-1 1.06844E-1 1.06705E-1 1.06107E-1 1.06985E-1 1.10268E-1 1.13064E-1 1.105E-1 1.11181E-1 1.07757E-1 1.04873E-1 1.05115E-1 1.06692E-1 1.09169E-1 1.04285E-1 1.05483E-1 1.0519E-1 1.07365E-1 1.08208E-1 1.11511E-1 1.15249E-1 1.15402E-1 1.15463E-1 1.1779E-1 1.18648E-1 1.20437E-1 1.20618E-1 1.21738E-1 1.22718E-1 1.21786E-1 1.22681E-1 1.23526E-1 1.26281E-1 1.3118E-1 1.31558E-1 1.2584E-1 1.26978E-1 1.2721E-1 1.24709E-1
1.09176E-1 1.11307E-1 1.11497E-1 1.1471E-1 1.14462E-1 1.11304E-1 1.10532E-1 1.10933E-1 1.10494E-1 1.06348E-1 1.05477E-1 1.07858E-1 1.11762E-1 1.1421E-1 1.12892E-1 1.09654E-1 1.05725E-1 1.06232E-1 1.03417E-1 1.04346E-1 1.06014E-1 1.07488E-1 1.08597E-1 1.10249E-1 1.1281E-1 1.10364E-1 1.13129E-1 1.1465E-1 1.15994E-1 1.12415E-1 1.11583E-1 1.1065E-1 1.0772E-1 1.05601E-1 1.04846E-1 1.05739E-1 1.08012E-1 1.08902E-1 1.088E-1 1.09496E-1 1.14251E-1 1.161E-1 1.20914E-1 1.21923E-1 1.22409E-1 1.18306E-1 1.16494E-1 1.21448E-1 1.26592E-1 1.29054E-1 1.24894E-1 1.23173E-1 1.2411E-1 1.23957E-1 1.25538E-1 1.25532E-1 1.26495E-1 1.28503E-1 1.25296E-1 1.2555E-1 1.21788E-1
1.12075E-1 1.12626E-1 1.13941E-1 1.14534E-1 1.1217E-1 1.1172E-1 1.11901E-1 1.14061E-1 1.13958E-1 1.11497E-1 1.08285E-1 1.09942E-1 1.12587E-1 1.1464E-1 1.20432E-1 1.18151E-1 1.15417E-1 1.11315E-1 1.06898E-1 1.07202E-1 1.1042E-1 1.10829E-1 1.13598E-1 1.15289E-1 1.16785E-1 1.14626E-1 1.13346E-1 1.16035E-1 1.16588E-1 1.15709E-1 1.14606E-1 1.1346E-1 1.10173E-1 1.08765E-1 1.07617E-1 1.07203E-1 1.09681E-1 1.11567E-1 1.13127E-1 1.12461E-1 1.16103E-1 1.17858E-1 1.20689E-1 1.20755E-1 1.19773E-1 1.18443E-1 1.20222E-1 1.24297E-1 1.2522E-1 1.19138E-1 1.20623E-1 1.22452E-1 1.22609E-1 1.22447E-1 1.2383E-1 1.23271E-1 1.25024E-1 1.24576E-1 1.22817E-1 1.23729E-1 1.20894E-1
1.1395E-1 1.14217E-1 1.14491E-1 1.13861E-1 1.13365E-1 1.13074E-1 1.12822E-1 1.14254E-1 1.12085E-1 1.12929E-1 1.13142E-1 1.15907E-1 1.15027E-1 1.13638E-1 1.19844E-1 1.2313E-1 1.1953E-1 1.16427E-1 1.13404E-1 1.11143E-1 1.11514E-1 1.14012E-1 1.1114E-1 1.09029E-1 1.14143E-1 1.15289E-1 1.16043E-1 1.1592E-1 1.1597E-1 1.16666E-1 1.20121E-1 1.16173E-1 1.12887E-1 1.12524E-1 1.12386E-1 1.12965E-1 1.13651E-1 1.14828E-1 1.15505E-1 1.17156E-1 1.19258E-1 1.21005E-1 1.22139E-1 1.22858E-1 1.23514E-1 1.21209E-1 1.19372E-1 1.23214E-1 1.27544E-1 1.2114E-1 1.23664E-1 1.27384E-1 1.24138E-1 1.21642E-1 1.21505E-1 1.20891E-1 1.21497E-1 1.21153E-1 1.22679E-1 1.23041E-1 1.24729E-1
1.18486E-1 1.17325E-1 1.16044E-1 1.16093E-1 1.16432E-1 1.16192E-1 1.15419E-1 1.14414E-1 1.14913E-1 1.16622E-1 1.19387E-1 1.21659E-1 1.2368E-1 1.15747E-1 1.16985E-1 1.22049E-1 1.22756E-1 1.19719E-1 1.18612E-1 1.15619E-1 1.16005E-1 1.10611E-1 1.03723E-1 1.03398E-1 1.0831E-1 1.1743E-1 1.20372E-1 1.17242E-1 1.16844E-1 1.18537E-1 1.18228E-1 1.17763E-1 1.16962E-1 1.17805E-1 1.19469E-1 1.20907E-1 1.22065E-1 1.20679E-1 1.20828E-1 1.23174E-1 1.2093E-1 1.23824E-1 1.22185E-1 1.22512E-1 1.23912E-1 1.21671E-1 1.22002E-1 1.23318E-1 1.24442E-1 1.23503E-1 1.25706E-1 1.24242E-1 1.24393E-1 1.23801E-1 1.23126E-1 1.23242E-1 1.25303E-1 1.2417E-1 1.27122E-1 1.25283E-1 1.24003E-1
1.20275E-1 1.21747E-1 1.21228E-1 1.20729E-1 1.20615E-1 1.17969E-1 1.15883E-1 1.14593E-1 1.15488E-1 1.20247E-1 1.22593E-1 1.24019E-1 1.23395E-1 1.18902E-1 1.16423E-1 1.22279E-1 1.21732E-1 1.20335E-1 1.21768E-1 1.20155E-1 1.21415E-1 1.13323E-1 1.05579E-1 1.02699E-1 1.07318E-1 1.17309E-1 1.24276E-1 1.22272E-1 1.18504E-1 1.16316E-1 1.16754E-1 1.19908E-1 1.22661E-1 1.23594E-1 1.2453E-1 1.25911E-1 1.28586E-1 1.28711E-1 1.29765E-1 1.28156E-1 1.26331E-1 1.23128E-1 1.22785E-1 1.2257E-1 1.24792E-1 1.24403E-1 1.24076E-1 1.22729E-1 1.26925E-1 1.28729E-1 1.28581E-1 1.26509E-1 1.28284E-1 1.30536E-1 1.28843E-1 1.24591E-1 1.27597E-1 1.301E-1 1.29439E-1 1.24655E-1 1.21747E-1
1.23855E-1 1.26756E-1 1.28646E-1 1.25707E-1 1.23784E-1 1.20724E-1 1.18506E-1 1.15971E-1 1.16685E-1 1.20485E-1 1.23525E-1 1.22791E-1 1.22319E-1 1.18467E-1 1.16135E-1 1.21121E-1 1.24957E-1 1.2373E-1 1.23581E-1 1.2161E-1 1.19743E-1 1.21544E-1 1.15373E-1 1.11108E-1 1.14337E-1 1.21579E-1 1.18487E-1 1.1907E-1 1.18128E-1 1.18909E-1 1.20472E-1 1.22861E-1 1.23553E-1 1.25893E-1 1.27037E-1 1.29073E-1 1.35019E-1 1.37403E-1 1.37828E-1 1.33437E-1 1.33138E-1 1.25809E-1 1.22482E-1 1.23599E-1 1.26176E-1 1.27803E-1 1.29633E-1 1.25419E-1 1.23569E-1 1.25764E-1 1.26493E-1 1.26987E-1 1.24969E-1 1.2675E-1 1.26039E-1 1.25463E-1 1.27464E-1 1.28317E-1 1.28367E-1 1.30844E-1 1.26194E-1
