maxent_outputs/red_flowers_troch_bombus_environ/red_44.asc
ncols         426
nrows         180
xllcorner     -130.0
yllcorner     24.0
cellsize      0.16666666666666666
NODATA_value  -9999
[rows 0 to 26 of 180, columns 61 to 121 of 426]
3.24394E-2 3.45522E-2 4.59019E-2 4.76251E-2 4.29125E-2 4.34548E-2 4.21724E-2 3.99525E-2 3.87871E-2 3.75463E-2 3.50231E-2 3.09766E-2 3.00388E-2 2.95781E-2 2.69815E-2 2.61839E-2 2.69965E-2 2.67648E-2 2.74479E-2 2.51728E-2 2.42137E-2 2.3651E-2 2.26838E-2 2.01716E-2 2.13332E-2 2.2327E-2 2.07059E-2 1.53267E-2 1.40893E-2 1.30032E-2 1.29203E-2 1.38379E-2 1.61428E-2 1.50931E-2 1.53212E-2 1.43385E-2 1.41835E-2 1.29102E-2 1.37678E-2 1.41695E-2 1.32048E-2 1.41901E-2 1.38039E-2 1.44397E-2 1.45424E-2 1.42496E-2 1.47313E-2 1.4469E-2 1.41569E-2 1.34953E-2 1.29376E-2 1.36221E-2 1.29501E-2 1.26683E-2 1.27772E-2 1.22529E-2 1.22795E-2 1.2047E-2 1.23184E-2 1.18698E-2 1.29486E-2
3.16031E-2 3.30441E-2 4.06405E-2 3.93025E-2 4.04257E-2 4.35581E-2 4.28142E-2 4.23159E-2 3.9051E-2 3.78693E-2 3.66508E-2 3.44988E-2 3.29562E-2 3.17718E-2 3.01944E-2 2.91803E-2 2.79705E-2 2.67794E-2 2.58429E-2 2.58411E-2 2.45339E-2 2.04125E-2 1.73089E-2 1.55804E-2 1.54928E-2 1.51271E-2 1.8546E-2 1.53043E-2 1.50142E-2 1.59201E-2 1.76643E-2 1.81133E-2 1.93313E-2 1.59193E-2 1.80042E-2 1.70489E-2 1.32349E-2 1.37414E-2 1.37079E-2 1.46795E-2 1.59826E-2 1.71399E-2 1.8656E-2 1.58482E-2 1.59469E-2 1.55929E-2 1.43789E-2 1.44317E-2 1.40564E-2 1.38673E-2 1.37244E-2 1.34096E-2 1.29674E-2 1.25838E-2 1.2502E-2 1.21812E-2 1.15007E-2 1.14721E-2 1.13294E-2 1.0925E-2 1.1239E-2
3.11668E-2 3.12219E-2 3.3515E-2 3.5418E-2 3.32453E-2 3.47714E-2 3.6835E-2 3.77379E-2 3.9288E-2 3.97563E-2 3.423E-2 3.47431E-2 3.37566E-2 3.34158E-2 2.62869E-2 2.64575E-2 2.81181E-2 2.7701E-2 2.63923E-2 2.29695E-2 2.14989E-2 2.02743E-2 1.94568E-2 1.95361E-2 1.82268E-2 1.87153E-2 1.79869E-2 1.47058E-2 1.40107E-2 1.48653E-2 1.85258E-2 2.03965E-2 1.99419E-2 1.87237E-2 1.98448E-2 1.88224E-2 1.68401E-2 2.0839E-2 2.13739E-2 1.96129E-2 1.84646E-2 1.98065E-2 1.92549E-2 1.62897E-2 1.50318E-2 1.594E-2 1.49486E-2 1.41815E-2 1.46634E-2 1.42335E-2 1.39645E-2 1.37297E-2 1.39418E-2 1.30439E-2 1.24688E-2 1.21067E-2 1.16319E-2 1.15193E-2 1.11862E-2 1.05278E-2 1.00184E-2
2.95809E-2 3.12932E-2 3.20009E-2 3.21749E-2 3.29417E-2 3.17575E-2 3.22353E-2 3.48527E-2 3.67424E-2 4.11539E-2 3.81078E-2 3.09066E-2 2.87618E-2 2.54709E-2 2.57721E-2 2.65111E-2 2.76416E-2 2.64408E-2 2.56451E-2 2.30639E-2 2.52558E-2 2.50053E-2 2.29614E-2 2.24578E-2 2.22222E-2 2.13637E-2 2.13315E-2 1.86909E-2 1.79639E-2 1.5859E-2 1.46666E-2 1.68176E-2 2.10018E-2 1.77721E-2 1.76857E-2 1.53489E-2 1.72307E-2 1.81585E-2 1.8436E-2 1.76722E-2 2.04178E-2 2.05199E-2 2.03654E-2 1.9807E-2 1.5514E-2 1.50654E-2 1.50152E-2 1.41915E-2 1.43472E-2 1.45614E-2 1.46265E-2 1.44268E-2 1.37968E-2 1.2873E-2 1.25134E-2 1.22358E-2 1.18599E-2 1.24417E-2 1.19453E-2 1.11487E-2 1.04393E-2
3.48019E-2 3.21865E-2 3.00089E-2 3.28188E-2 3.02077E-2 2.91009E-2 3.22492E-2 3.40941E-2 3.81163E-2 3.59558E-2 3.80174E-2 3.16864E-2 2.95252E-2 2.81675E-2 2.7137E-2 2.87785E-2 2.84628E-2 2.74229E-2 2.70659E-2 2.36318E-2 2.53417E-2 2.55051E-2 2.49049E-2 2.3666E-2 2.10402E-2 2.04701E-2 1.87592E-2 1.8227E-2 1.61225E-2 1.6679E-2 1.70224E-2 1.85447E-2 1.99466E-2 2.0321E-2 1.9787E-2 1.87786E-2 1.85099E-2 1.80425E-2 1.7046E-2 1.56879E-2 1.62507E-2 1.8496E-2 1.90061E-2 1.86819E-2 1.77164E-2 1.7103E-2 1.64824E-2 1.4947E-2 1.48198E-2 1.55262E-2 1.52152E-2 1.57906E-2 1.43596E-2 1.38699E-2 1.33944E-2 1.31221E-2 1.30086E-2 1.30478E-2 1.27732E-2 1.20566E-2 1.09621E-2
3.27804E-2 3.32316E-2 3.33959E-2 3.01184E-2 3.38681E-2 2.67647E-2 2.75073E-2 2.92415E-2 3.07215E-2 3.43837E-2 3.42184E-2 3.49547E-2 3.52622E-2 3.44595E-2 3.24356E-2 2.9625E-2 3.00275E-2 3.05657E-2 2.83019E-2 2.68709E-2 2.69101E-2 2.56638E-2 2.49871E-2 2.4382E-2 2.30106E-2 2.13712E-2 2.22799E-2 2.08694E-2 2.00579E-2 1.89631E-2 1.93826E-2 1.99102E-2 2.03794E-2 2.15887E-2 2.3484E-2 2.27422E-2 2.14959E-2 1.99567E-2 1.83106E-2 1.72468E-2 1.67843E-2 1.51728E-2 1.54545E-2 1.68595E-2 1.63862E-2 1.58257E-2 1.59283E-2 1.47472E-2 1.48924E-2 1.59978E-2 1.59209E-2 1.55537E-2 1.35204E-2 1.31505E-2 1.32303E-2 1.31798E-2 1.3189E-2 1.25816E-2 1.21913E-2 1.15759E-2 1.12654E-2
3.484E-2 3.36078E-2 3.18307E-2 3.52306E-2 3.47571E-2 3.08349E-2 2.98512E-2 3.00976E-2 3.11584E-2 3.41117E-2 3.06502E-2 3.47787E-2 3.21686E-2 3.20283E-2 3.22268E-2 3.46249E-2 3.19192E-2 2.99802E-2 2.82842E-2 2.81124E-2 2.70204E-2 2.50823E-2 2.45202E-2 2.47759E-2 2.33026E-2 2.15384E-2 2.27757E-2 2.34229E-2 2.38315E-2 1.85598E-2 2.12694E-2 2.00497E-2 2.04319E-2 2.01415E-2 2.2138E-2 2.09356E-2 2.00609E-2 2.05902E-2 1.93988E-2 1.8259E-2 1.8246E-2 1.6633E-2 1.68119E-2 1.5712E-2 1.43899E-2 1.43344E-2 1.49251E-2 1.41025E-2 1.39523E-2 1.5603E-2 1.60471E-2 1.5442E-2 1.37508E-2 1.33245E-2 1.31291E-2 1.25379E-2 1.31185E-2 1.16586E-2 1.09901E-2 1.10622E-2 1.09915E-2
3.39439E-2 3.64239E-2 3.53615E-2 3.1549E-2 3.28912E-2 3.22535E-2 3.29168E-2 3.44815E-2 3.54271E-2 3.01636E-2 3.18166E-2 2.95773E-2 2.89699E-2 2.70456E-2 3.06334E-2 3.38802E-2 3.41975E-2 3.13398E-2 2.88082E-2 2.69039E-2 2.53433E-2 2.54407E-2 2.47859E-2 2.48528E-2 2.3998E-2 2.42146E-2 2.39585E-2 2.39706E-2 2.4095E-2 2.3646E-2 2.31663E-2 1.98273E-2 1.82124E-2 1.71511E-2 2.05467E-2 2.08316E-2 1.92457E-2 1.97673E-2 1.98986E-2 2.02397E-2 2.04675E-2 1.87684E-2 1.85766E-2 1.91428E-2 1.77099E-2 1.66965E-2 1.62174E-2 1.51064E-2 1.51362E-2 1.43621E-2 1.43036E-2 1.47752E-2 1.37185E-2 1.30478E-2 1.27325E-2 1.3588E-2 1.27692E-2 1.14352E-2 1.15918E-2 1.10078E-2 1.15409E-2
3.04112E-2 3.09884E-2 3.22536E-2 3.60249E-2 3.23124E-2 3.02357E-2 3.08655E-2 3.16034E-2 2.63369E-2 2.46598E-2 3.06942E-2 2.70667E-2 2.72466E-2 2.56339E-2 2.29831E-2 2.41235E-2 2.87622E-2 2.90449E-2 3.09255E-2 3.12508E-2 2.84806E-2 2.70732E-2 2.53966E-2 2.40432E-2 2.40339E-2 2.29431E-2 2.41057E-2 2.46269E-2 2.33845E-2 2.31905E-2 2.18301E-2 1.95099E-2 1.5545E-2 1.80303E-2 2.04706E-2 2.16572E-2 1.91987E-2 2.06106E-2 2.1063E-2 2.10417E-2 2.10405E-2 2.08335E-2 1.97553E-2 1.96942E-2 1.8727E-2 1.88249E-2 1.75287E-2 1.6039E-2 1.53731E-2 1.60675E-2 1.5916E-2 1.61092E-2 1.55529E-2 1.43375E-2 1.38575E-2 1.41509E-2 1.38569E-2 1.28368E-2 1.37764E-2 1.34813E-2 1.30549E-2
3.22528E-2 3.48815E-2 3.46053E-2 3.05696E-2 3.09383E-2 3.32346E-2 3.05281E-2 3.26294E-2 3.1549E-2 2.44582E-2 2.4491E-2 2.2574E-2 2.51612E-2 2.51865E-2 2.33608E-2 2.22174E-2 2.43012E-2 2.96622E-2 2.74178E-2 3.18783E-2 2.95298E-2 2.65317E-2 2.55029E-2 2.48676E-2 2.44049E-2 2.38502E-2 2.44727E-2 2.47377E-2 2.4663E-2 2.07523E-2 1.49734E-2 1.62733E-2 1.67096E-2 1.99465E-2 1.99849E-2 1.98717E-2 1.95548E-2 2.09651E-2 2.10524E-2 2.13431E-2 2.09728E-2 2.30153E-2 2.09737E-2 1.97848E-2 1.83112E-2 1.88852E-2 2.03333E-2 1.84435E-2 1.67654E-2 1.50778E-2 1.55128E-2 1.54697E-2 1.52816E-2 1.45951E-2 1.34826E-2 1.4039E-2 1.27126E-2 1.27107E-2 1.22079E-2 1.19371E-2 1.29986E-2
3.14227E-2 3.30756E-2 3.34261E-2 2.8899E-2 3.36449E-2 3.02448E-2 3.16752E-2 3.17114E-2 2.96138E-2 2.34549E-2 2.51974E-2 2.165E-2 2.29575E-2 2.34921E-2 2.28233E-2 2.27521E-2 2.2335E-2 2.2086E-2 2.46917E-2 2.98003E-2 2.89355E-2 2.85042E-2 2.80293E-2 2.71019E-2 2.54799E-2 2.50675E-2 2.50678E-2 2.50019E-2 2.39962E-2 2.18892E-2 1.94186E-2 1.80145E-2 1.63201E-2 1.35291E-2 1.8379E-2 1.88069E-2 2.10383E-2 2.22767E-2 2.18825E-2 2.13085E-2 2.12764E-2 2.10295E-2 2.05976E-2 2.04373E-2 1.95704E-2 1.81474E-2 1.83379E-2 1.87985E-2 1.89603E-2 1.67546E-2 1.34845E-2 1.45451E-2 1.5685E-2 1.51023E-2 1.49693E-2 1.49011E-2 1.44498E-2 1.37578E-2 1.36882E-2 1.3029E-2 1.41109E-2
3.00981E-2 2.95181E-2 2.85986E-2 2.7786E-2 3.08719E-2 3.06663E-2 2.60412E-2 2.81016E-2 2.96825E-2 2.75411E-2 2.754E-2 2.17003E-2 2.19939E-2 2.19357E-2 2.18268E-2 2.22105E-2 2.29659E-2 2.32092E-2 2.46974E-2 2.67093E-2 2.91526E-2 2.88741E-2 2.94719E-2 2.8543E-2 2.63787E-2 2.61892E-2 2.57878E-2 2.40493E-2 2.32452E-2 2.3316E-2 2.27332E-2 2.20793E-2 2.07861E-2 1.89871E-2 1.84801E-2 2.07306E-2 2.13866E-2 2.16345E-2 2.2023E-2 2.12564E-2 2.14679E-2 2.13066E-2 2.10312E-2 2.02037E-2 1.81896E-2 1.75815E-2 1.95096E-2 1.56345E-2 1.42083E-2 1.44035E-2 1.39273E-2 1.23242E-2 1.35605E-2 1.40471E-2 1.31664E-2 1.38271E-2 1.39035E-2 1.43815E-2 1.44475E-2 1.48689E-2 1.50965E-2
3.21746E-2 2.89112E-2 2.86874E-2 2.85066E-2 2.7557E-2 2.92763E-2 2.70688E-2 2.81426E-2 2.86573E-2 2.84209E-2 2.69557E-2 2.78499E-2 2.2673E-2 2.08678E-2 1.81459E-2 2.08395E-2 2.08758E-2 2.27844E-2 2.27249E-2 2.61196E-2 2.48286E-2 2.3722E-2 2.77639E-2 2.96441E-2 2.82836E-2 2.79863E-2 2.81549E-2 2.73256E-2 2.45188E-2 2.36624E-2 2.37088E-2 2.23584E-2 2.29533E-2 2.28827E-2 2.26886E-2 2.18798E-2 2.02667E-2 1.96288E-2 1.8468E-2 1.79831E-2 1.91297E-2 1.9524E-2 1.68889E-2 1.97644E-2 1.80324E-2 1.62579E-2 1.82839E-2 1.66961E-2 1.64561E-2 1.29482E-2 1.11567E-2 1.10517E-2 1.15573E-2 9.74804E-3 1.13551E-2 1.25258E-2 1.175E-2 1.20611E-2 1.26593E-2 1.36734E-2 1.39696E-2
2.8973E-2 2.96787E-2 2.8021E-2 2.81346E-2 2.94299E-2 3.21651E-2 2.67704E-2 2.81604E-2 2.87427E-2 2.49733E-2 2.33029E-2 2.39067E-2 2.41479E-2 2.31693E-2 2.17694E-2 2.0399E-2 1.89614E-2 2.0589E-2 2.09363E-2 2.20656E-2 2.15355E-2 2.16505E-2 2.77382E-2 2.84857E-2 2.93123E-2 2.88314E-2 2.89026E-2 2.85244E-2 2.6215E-2 2.57528E-2 2.45131E-2 2.39943E-2 2.25579E-2 2.16604E-2 2.16368E-2 1.96656E-2 2.0097E-2 1.90464E-2 1.91907E-2 1.81725E-2 1.7026E-2 1.8876E-2 1.65208E-2 1.74241E-2 1.83878E-2 1.80416E-2 1.70289E-2 1.70705E-2 1.85024E-2 1.39892E-2 1.15883E-2 1.08899E-2 1.21222E-2 1.10472E-2 1.06443E-2 1.33432E-2 1.32443E-2 1.16685E-2 1.11327E-2 1.17348E-2 1.15328E-2
3.118E-2 3.13927E-2 3.19851E-2 2.82718E-2 2.97594E-2 2.99674E-2 3.09002E-2 2.72125E-2 2.94322E-2 2.77757E-2 2.67568E-2 2.31278E-2 2.562E-2 2.54448E-2 2.4441E-2 2.12531E-2 2.15401E-2 1.86098E-2 1.80418E-2 2.00044E-2 1.99992E-2 2.00745E-2 2.00014E-2 2.74058E-2 2.83675E-2 2.85949E-2 3.00569E-2 2.92746E-2 2.88864E-2 2.65081E-2 2.68525E-2 2.5544E-2 2.4345E-2 2.29788E-2 2.41351E-2 2.23178E-2 2.1132E-2 1.98159E-2 1.95939E-2 1.93016E-2 1.89422E-2 1.84104E-2 1.63763E-2 1.55252E-2 1.90917E-2 2.14549E-2 2.12425E-2 1.75579E-2 1.87017E-2 1.64343E-2 1.26331E-2 1.20739E-2 1.12932E-2 1.23505E-2 1.24426E-2 1.27683E-2 1.27688E-2 1.22764E-2 1.27E-2 1.23842E-2 1.15383E-2
3.17698E-2 3.06707E-2 3.5495E-2 2.91441E-2 2.89106E-2 2.75612E-2 2.87109E-2 3.03762E-2 3.00938E-2 3.08463E-2 2.68244E-2 2.52778E-2 2.53047E-2 2.51691E-2 2.5562E-2 2.56051E-2 2.38E-2 2.41553E-2 2.11891E-2 1.88854E-2 2.04196E-2 2.22137E-2 2.1618E-2 2.16659E-2 2.4688E-2 2.77482E-2 3.11797E-2 3.03415E-2 3.11151E-2 2.97809E-2 2.89831E-2 2.75933E-2 2.58811E-2 2.58238E-2 2.57607E-2 2.55486E-2 2.22075E-2 2.03494E-2 1.92448E-2 1.89695E-2 1.91361E-2 1.97269E-2 1.94086E-2 1.75338E-2 1.66993E-2 1.99512E-2 2.14021E-2 2.01844E-2 1.79747E-2 1.63248E-2 1.22961E-2 1.29341E-2 1.3603E-2 1.39378E-2 1.23889E-2 1.33459E-2 1.35201E-2 1.26242E-2 1.21044E-2 1.24386E-2 1.2493E-2
3.28477E-2 3.54909E-2 3.56212E-2 3.32764E-2 2.88596E-2 3.38634E-2 3.05591E-2 3.48511E-2 2.9598E-2 2.93604E-2 2.89219E-2 2.72767E-2 2.57277E-2 2.61523E-2 2.44524E-2 2.48524E-2 2.58488E-2 2.58457E-2 2.57475E-2 2.23096E-2 2.12121E-2 1.96218E-2 2.11994E-2 2.36464E-2 2.4154E-2 2.57569E-2 2.93004E-2 3.08869E-2 3.07935E-2 3.1782E-2 3.10828E-2 2.93057E-2 2.72239E-2 2.66468E-2 2.61883E-2 2.68474E-2 2.63672E-2 2.40684E-2 2.21641E-2 2.07549E-2 1.92519E-2 1.99966E-2 2.03134E-2 2.08417E-2 2.10437E-2 1.96971E-2 1.9158E-2 1.73988E-2 1.42773E-2 1.20478E-2 1.10767E-2 1.17357E-2 1.36745E-2 1.56093E-2 1.28899E-2 1.35395E-2 1.36069E-2 1.14396E-2 1.22566E-2 1.26889E-2 1.24049E-2
3.94369E-2 4.17576E-2 3.0346E-2 3.02017E-2 3.3177E-2 4.13083E-2 2.98385E-2 2.87626E-2 3.2268E-2 2.87471E-2 2.8956E-2 2.84623E-2 2.85797E-2 2.3699E-2 2.49196E-2 2.45754E-2 2.56205E-2 2.58708E-2 2.44395E-2 2.32935E-2 2.02253E-2 1.99703E-2 1.89157E-2 2.09315E-2 2.28511E-2 2.73639E-2 2.81228E-2 2.81223E-2 3.02458E-2 3.33544E-2 3.22373E-2 2.9541E-2 2.66155E-2 3.01277E-2 3.37218E-2 2.89628E-2 2.5107E-2 2.29972E-2 2.30419E-2 2.29764E-2 2.04579E-2 1.92676E-2 1.84872E-2 2.01777E-2 2.13097E-2 2.03201E-2 1.80198E-2 1.38939E-2 1.21788E-2 1.18784E-2 1.01769E-2 9.93218E-3 9.6872E-3 1.11489E-2 1.27268E-2 1.39263E-2 1.57389E-2 1.23874E-2 1.11441E-2 1.1584E-2 1.23269E-2
3.66942E-2 4.56556E-2 4.78971E-2 4.45371E-2 4.4807E-2 3.84355E-2 3.18692E-2 3.018E-2 3.13535E-2 3.09121E-2 3.25759E-2 2.95085E-2 2.74647E-2 2.65356E-2 2.76693E-2 2.46579E-2 2.74085E-2 2.60877E-2 2.66413E-2 2.24839E-2 2.31023E-2 2.42867E-2 2.13327E-2 2.06457E-2 2.17992E-2 2.06902E-2 2.49096E-2 2.93598E-2 2.93898E-2 3.2253E-2 3.18896E-2 3.07765E-2 2.9944E-2 2.65769E-2 2.80792E-2 2.51119E-2 2.15492E-2 2.18867E-2 2.28104E-2 2.17529E-2 2.15648E-2 2.06243E-2 2.07796E-2 2.0933E-2 2.16517E-2 2.10887E-2 1.94764E-2 1.67099E-2 1.64518E-2 1.51359E-2 1.43531E-2 1.65476E-2 1.76791E-2 1.62938E-2 1.46876E-2 1.57826E-2 1.68224E-2 1.3732E-2 1.33764E-2 1.37697E-2 1.28219E-2
4.04767E-2 3.63768E-2 3.81098E-2 4.93012E-2 4.49459E-2 3.85398E-2 3.49766E-2 3.55921E-2 3.31672E-2 3.32212E-2 3.01168E-2 3.61532E-2 3.34298E-2 2.97224E-2 2.83178E-2 2.69162E-2 2.59559E-2 2.78935E-2 2.54343E-2 2.79507E-2 2.46867E-2 2.39429E-2 2.63626E-2 2.36774E-2 2.17432E-2 2.20556E-2 2.17762E-2 2.64783E-2 2.93302E-2 3.23897E-2 3.36825E-2 3.2559E-2 2.91656E-2 2.53073E-2 2.56964E-2 2.6052E-2 2.35897E-2 2.32667E-2 2.44257E-2 2.26633E-2 2.33336E-2 2.32059E-2 2.19736E-2 2.27519E-2 2.23923E-2 2.21057E-2 2.15375E-2 2.20147E-2 2.11711E-2 2.1469E-2 2.09463E-2 2.07912E-2 2.03179E-2 1.89786E-2 1.91986E-2 1.72807E-2 1.40859E-2 1.46138E-2 1.65716E-2 1.49972E-2 1.43579E-2
3.5918E-2 3.39355E-2 3.658E-2 4.07417E-2 4.12931E-2 3.87751E-2 4.4444E-2 3.61483E-2 3.08044E-2 3.41111E-2 3.13413E-2 4.10879E-2 3.39308E-2 3.15264E-2 3.11904E-2 2.97428E-2 2.5435E-2 2.78088E-2 2.4429E-2 2.69392E-2 2.86476E-2 2.46838E-2 2.55079E-2 2.66016E-2 2.36568E-2 2.29677E-2 2.18908E-2 2.40067E-2 2.38321E-2 2.99414E-2 3.45236E-2 3.22191E-2 3.06568E-2 2.76719E-2 2.80575E-2 2.68089E-2 2.30707E-2 2.08748E-2 2.10098E-2 2.23284E-2 2.43793E-2 2.46427E-2 2.34447E-2 2.32349E-2 2.34433E-2 2.26894E-2 2.16279E-2 2.21993E-2 2.21294E-2 2.08031E-2 1.79112E-2 1.89986E-2 2.0645E-2 1.98226E-2 1.90253E-2 1.69553E-2 1.63112E-2 1.71739E-2 1.67092E-2 1.55396E-2 1.46109E-2
3.72527E-2 3.64265E-2 4.27703E-2 4.49007E-2 3.69738E-2 3.72653E-2 4.20264E-2 3.38877E-2 3.43615E-2 3.31762E-2 3.08008E-2 4.56096E-2 3.37429E-2 3.40443E-2 3.22991E-2 2.96919E-2 2.74721E-2 3.28961E-2 3.06132E-2 2.73723E-2 3.0781E-2 2.78731E-2 2.62496E-2 2.5738E-2 2.68988E-2 2.48337E-2 2.46164E-2 2.07944E-2 2.33945E-2 2.2635E-2 2.93363E-2 3.08838E-2 2.94502E-2 2.93525E-2 3.00192E-2 3.09682E-2 2.78397E-2 2.39707E-2 2.21629E-2 2.24807E-2 2.37306E-2 2.5011E-2 2.39037E-2 2.42509E-2 2.49311E-2 2.26956E-2 2.19177E-2 2.29374E-2 2.14924E-2 2.06829E-2 1.96725E-2 1.97341E-2 1.92613E-2 1.87409E-2 1.80875E-2 1.70862E-2 1.67478E-2 1.69446E-2 1.71389E-2 1.68437E-2 1.64213E-2
4.00525E-2 3.90994E-2 6.498E-2 5.20246E-2 3.88162E-2 4.21941E-2 3.71618E-2 3.68578E-2 3.42991E-2 3.60774E-2 3.16248E-2 3.94827E-2 3.87978E-2 3.19691E-2 3.23411E-2 3.20502E-2 3.11289E-2 3.48873E-2 3.43201E-2 2.82161E-2 2.91723E-2 3.13123E-2 2.74996E-2 2.60592E-2 2.62492E-2 2.56886E-2 2.36127E-2 1.96088E-2 2.32882E-2 1.99774E-2 2.75894E-2 3.23623E-2 3.11955E-2 2.99292E-2 3.03904E-2 3.43042E-2 3.29883E-2 2.88054E-2 2.60595E-2 2.41497E-2 2.3105E-2 2.52199E-2 2.67951E-2 2.67096E-2 2.6935E-2 2.53892E-2 2.36247E-2 2.20072E-2 2.31068E-2 2.06404E-2 1.97263E-2 1.95674E-2 1.88675E-2 1.84676E-2 1.8163E-2 1.85008E-2 1.70051E-2 1.63957E-2 1.64621E-2 1.67646E-2 1.62053E-2
3.61576E-2 4.02156E-2 6.80286E-2 3.41255E-2 3.12578E-2 3.55155E-2 3.52274E-2 3.12602E-2 3.31752E-2 3.42321E-2 3.46921E-2 3.89429E-2 3.50602E-2 3.5048E-2 3.7008E-2 3.46452E-2 3.34224E-2 3.83055E-2 3.33721E-2 2.93246E-2 3.05221E-2 3.43019E-2 2.90334E-2 2.46727E-2 2.71151E-2 2.44006E-2 2.40518E-2 2.49076E-2 2.35337E-2 1.91375E-2 2.34205E-2 3.27938E-2 3.24535E-2 3.16347E-2 3.4327E-2 3.41716E-2 3.30427E-2 3.17963E-2 2.99132E-2 2.71332E-2 2.60284E-2 2.75605E-2 2.86227E-2 2.75798E-2 2.6643E-2 2.7106E-2 2.63539E-2 2.36676E-2 2.39429E-2 2.22349E-2 2.01193E-2 2.0353E-2 2.05939E-2 2.10441E-2 2.17224E-2 2.06084E-2 1.77936E-2 1.78511E-2 1.894E-2 1.79912E-2 1.67962E-2
3.93155E-2 4.90146E-2 6.7471E-2 3.59439E-2 3.35178E-2 3.67449E-2 3.39403E-2 3.35663E-2 3.81707E-2 3.69123E-2 4.64341E-2 4.18675E-2 3.83476E-2 3.70711E-2 4.16666E-2 3.90493E-2 3.61184E-2 4.02921E-2 3.64018E-2 2.87086E-2 2.97612E-2 3.01563E-2 3.30707E-2 2.53424E-2 2.70337E-2 2.84118E-2 2.56762E-2 2.38284E-2 2.42397E-2 2.08909E-2 2.2721E-2 2.9765E-2 2.94135E-2 3.24039E-2 3.3144E-2 3.49016E-2 3.39956E-2 3.18417E-2 3.07333E-2 3.00783E-2 3.05512E-2 3.16254E-2 3.28512E-2 3.16765E-2 2.93471E-2 2.79269E-2 2.82011E-2 2.46113E-2 2.45042E-2 2.27635E-2 2.3417E-2 2.27015E-2 2.22166E-2 2.33458E-2 2.39327E-2 2.12688E-2 2.05541E-2 2.08614E-2 2.02091E-2 1.92822E-2 1.91862E-2
6.51546E-2 5.13834E-2 4.05304E-2 3.59514E-2 3.29216E-2 3.59598E-2 2.88203E-2 3.6835E-2 3.90917E-2 3.64462E-2 4.81247E-2 3.98123E-2 4.08598E-2 3.78558E-2 4.1722E-2 3.66242E-2 3.67176E-2 4.41742E-2 3.9175E-2 3.3463E-2 3.12448E-2 3.34199E-2 3.19514E-2 2.34102E-2 2.66033E-2 2.86768E-2 2.6834E-2 2.31581E-2 2.3234E-2 2.28756E-2 2.25819E-2 2.8202E-2 2.98703E-2 3.1044E-2 2.88665E-2 3.60681E-2 3.42634E-2 3.58763E-2 3.47273E-2 3.33797E-2 3.29997E-2 3.59923E-2 3.61693E-2 3.46657E-2 3.42203E-2 3.27153E-2 3.23991E-2 2.82319E-2 2.67309E-2 2.50763E-2 2.41604E-2 2.18913E-2 2.10715E-2 2.17906E-2 2.19095E-2 2.14835E-2 2.20524E-2 2.18662E-2 2.12957E-2 2.14311E-2 2.07806E-2
4.94307E-2 6.67096E-2 4.2498E-2 3.40112E-2 3.12152E-2 3.0172E-2 3.17293E-2 3.88945E-2 3.63231E-2 3.9345E-2 5.45443E-2 4.1336E-2 4.09267E-2 4.47999E-2 4.15086E-2 4.10507E-2 4.40508E-2 4.70019E-2 4.98253E-2 3.55798E-2 3.29759E-2 3.14469E-2 2.92975E-2 2.45679E-2 2.62792E-2 2.71324E-2 2.57439E-2 2.30393E-2 2.32726E-2 2.41526E-2 2.38238E-2 2.58995E-2 2.88073E-2 3.2982E-2 3.39284E-2 3.51128E-2 3.54829E-2 3.36387E-2 3.50789E-2 3.5168E-2 3.37165E-2 3.49479E-2 3.40371E-2 3.434E-2 3.38407E-2 3.34905E-2 3.28669E-2 3.03243E-2 2.63661E-2 2.57153E-2 2.3842E-2 2.27275E-2 2.12834E-2 1.96004E-2 1.88384E-2 1.70422E-2 1.77907E-2 1.88798E-2 2.05797E-2 2.05144E-2 2.00788E-2
