maxent_outputs/red_flowers_troch_bombus_environ/red_169.asc
ncols         426
nrows         180
xllcorner     -130.0
yllcorner     24.0
cellsize      0.16666666666666666
NODATA_value  -9999
[rows 27 to 53 of 180, columns 244 to 304 of 426]
2.58106E-1 2.5337E-1 2.71575E-1 3.02691E-1 3.33616E-1 3.60763E-1 3.44634E-1 3.0085E-1 2.97812E-1 2.95222E-1 2.87839E-1 2.98796E-1 2.99702E-1 2.94296E-1 3.39875E-1 2.95898E-1 2.86222E-1 2.80244E-1 2.80885E-1 2.77837E-1 2.6932E-1 2.72952E-1 2.80376E-1 2.6925E-1 2.65864E-1 2.8296E-1 2.68966E-1 2.65245E-1 2.64E-1 2.57943E-1 2.59547E-1 2.60693E-1 2.64637E-1 2.6691E-1 2.69955E-1 2.64695E-1 2.62328E-1 2.66421E-1 2.65225E-1 2.65645E-1 2.66233E-1 2.6606E-1 2.69789E-1 2.66701E-1 2.56676E-1 2.54029E-1 2.58229E-1 2.62988E-1 2.6793E-1 2.69178E-1 2.66068E-1 2.73841E-1 2.77161E-1 2.78326E-1 2.80025E-1 2.76582E-1 2.6616E-1 2.6219E-1 2.61369E-1 2.60372E-1 2.61159E-1
2.64725E-1 2.70611E-1 2.73956E-1 2.65677E-1 2.71302E-1 2.90334E-1 2.90235E-1 2.93734E-1 3.012E-1 2.93707E-1 2.82523E-1 3.07863E-1 2.93383E-1 3.07208E-1 2.89735E-1 2.80681E-1 2.87406E-1 3.0071E-1 2.88818E-1 2.82635E-1 2.86763E-1 2.73177E-1 2.78293E-1 2.86796E-1 2.85787E-1 2.84616E-1 2.73674E-1 2.702E-1 2.69147E-1 2.63984E-1 2.62098E-1 2.67645E-1 2.63902E-1 2.67319E-1 2.66397E-1 2.65527E-1 2.66687E-1 2.66335E-1 2.58214E-1 2.59933E-1 2.66896E-1 2.65312E-1 2.66459E-1 2.6566E-1 2.66036E-1 2.66861E-1 2.66007E-1 2.6573E-1 2.73934E-1 2.69348E-1 2.65288E-1 2.70948E-1 2.75923E-1 2.70654E-1 2.76252E-1 2.75068E-1 2.65419E-1 2.6374E-1 2.70984E-1 2.63051E-1 2.688E-1
2.70148E-1 2.74096E-1 2.78794E-1 2.77263E-1 2.76381E-1 2.86494E-1 3.06407E-1 3.03817E-1 2.99809E-1 3.05193E-1 3.22265E-1 3.28147E-1 3.12219E-1 3.14803E-1 2.83047E-1 2.86914E-1 3.18625E-1 3.27736E-1 3.13331E-1 2.96264E-1 2.80399E-1 2.8498E-1 2.85817E-1 3.02176E-1 3.07303E-1 2.936E-1 2.79279E-1 2.79632E-1 2.75915E-1 2.78129E-1 2.78756E-1 2.72876E-1 2.70649E-1 2.70514E-1 2.68036E-1 2.72387E-1 2.74166E-1 2.81052E-1 2.74955E-1 2.72754E-1 2.80397E-1 2.6861E-1 2.65018E-1 2.66867E-1 2.68685E-1 2.74797E-1 2.7234E-1 2.67473E-1 2.68918E-1 2.65888E-1 2.63929E-1 2.67641E-1 2.69095E-1 2.7252E-1 2.75814E-1 2.76331E-1 2.71911E-1 2.76355E-1 2.82019E-1 2.69403E-1 2.68523E-1
2.71454E-1 2.73562E-1 2.88297E-1 2.88419E-1 2.87681E-1 2.94235E-1 3.34761E-1 3.82311E-1 3.82794E-1 4.18671E-1 4.07839E-1 3.73608E-1 3.56102E-1 3.5247E-1 3.62117E-1 3.26746E-1 3.2351E-1 3.39428E-1 3.3004E-1 3.24282E-1 3.00904E-1 3.09276E-1 3.05209E-1 2.9583E-1 2.94381E-1 2.83515E-1 2.93791E-1 2.93025E-1 2.84317E-1 3.08862E-1 2.81962E-1 2.79785E-1 2.77366E-1 2.7309E-1 2.76004E-1 2.84768E-1 2.75455E-1 2.69178E-1 2.73606E-1 2.77141E-1 2.75778E-1 2.7555E-1 2.68472E-1 2.65113E-1 2.67904E-1 2.74503E-1 2.72539E-1 2.69192E-1 2.67449E-1 2.6907E-1 2.65523E-1 2.69464E-1 2.65299E-1 2.69797E-1 2.73205E-1 3.05167E-1 3.03466E-1 2.83773E-1 2.83557E-1 2.68998E-1 2.6862E-1
2.84568E-1 2.80894E-1 2.95919E-1 3.00679E-1 3.09913E-1 3.5574E-1 3.23684E-1 3.73903E-1 4.37285E-1 5.05256E-1 5.75466E-1 6.09905E-1 5.55605E-1 5.02529E-1 5.25333E-1 5.2091E-1 4.81999E-1 4.67681E-1 3.62876E-1 3.22142E-1 3.05967E-1 3.17197E-1 3.2828E-1 2.95712E-1 2.95092E-1 3.04578E-1 3.04891E-1 3.05885E-1 2.87433E-1 2.93817E-1 2.89636E-1 2.92291E-1 2.89422E-1 2.78396E-1 2.83208E-1 2.85143E-1 2.8724E-1 2.77968E-1 2.73488E-1 2.78409E-1 2.70185E-1 2.75368E-1 2.72607E-1 2.73015E-1 2.71775E-1 2.67517E-1 2.70474E-1 2.71026E-1 2.705E-1 2.72853E-1 2.74476E-1 2.6797E-1 2.71041E-1 2.77633E-1 2.83468E-1 3.11486E-1 3.21886E-1 2.954E-1 3.13602E-1 2.76712E-1 2.70043E-1
3.04948E-1 3.26054E-1 3.6788E-1 3.65405E-1 3.94886E-1 4.15981E-1 5.57603E-1 6.66084E-1 7.23962E-1 7.3848E-1 7.47524E-1 7.54664E-1 7.51181E-1 7.37864E-1 7.25818E-1 7.34218E-1 7.19449E-1 6.97525E-1 4.77823E-1 3.42066E-1 3.26788E-1 3.12018E-1 3.07717E-1 3.06186E-1 3.08727E-1 3.24999E-1 3.07286E-1 2.99922E-1 3.14966E-1 2.98813E-1 3.0536E-1 2.87616E-1 2.92482E-1 2.89774E-1 2.8444E-1 2.84176E-1 2.8578E-1 2.81644E-1 2.84304E-1 2.81731E-1 2.80877E-1 2.72887E-1 2.73777E-1 2.74702E-1 2.78816E-1 2.76412E-1 2.82426E-1 2.76413E-1 2.72401E-1 2.72085E-1 2.84064E-1 2.74231E-1 2.68297E-1 2.69686E-1 2.73731E-1 2.73875E-1 2.92559E-1 3.01168E-1 3.09949E-1 2.97652E-1 2.8607E-1
3.2947E-1 4.93816E-1 5.09488E-1 4.38588E-1 5.36936E-1 6.52294E-1 7.15564E-1 7.29216E-1 7.41991E-1 7.47895E-1 7.56391E-1 7.66485E-1 7.67261E-1 7.61382E-1 7.62441E-1 7.6194E-1 7.46517E-1 7.26858E-1 6.31403E-1 3.92948E-1 3.52411E-1 3.44125E-1 3.3015E-1 3.31219E-1 3.2737E-1 3.25937E-1 3.13958E-1 3.16804E-1 3.08031E-1 3.12217E-1 3.23744E-1 3.14363E-1 3.0833E-1 3.27006E-1 3.14201E-1 3.04169E-1 3.0103E-1 2.85562E-1 2.92261E-1 2.88015E-1 2.80796E-1 2.7626E-1 2.82345E-1 2.79901E-1 2.85118E-1 2.87743E-1 2.82862E-1 2.80947E-1 2.80078E-1 2.85208E-1 2.91373E-1 2.84233E-1 2.84801E-1 2.863E-1 2.78942E-1 2.78398E-1 2.94573E-1 2.92376E-1 2.9781E-1 3.03408E-1 3.11178E-1
4.30401E-1 5.23843E-1 6.1118E-1 6.63001E-1 6.83146E-1 6.79703E-1 7.14811E-1 7.35713E-1 7.45316E-1 7.54671E-1 7.65942E-1 7.73239E-1 7.73879E-1 7.73014E-1 7.71279E-1 7.71511E-1 7.64251E-1 7.50221E-1 7.1338E-1 4.77971E-1 3.72526E-1 3.61565E-1 3.49772E-1 3.36568E-1 3.32543E-1 3.35812E-1 3.30892E-1 3.28457E-1 3.22179E-1 3.16633E-1 3.35263E-1 3.36086E-1 3.18439E-1 3.10231E-1 3.04164E-1 3.06554E-1 3.11513E-1 2.93087E-1 2.86322E-1 2.88702E-1 2.93231E-1 2.86477E-1 2.89344E-1 2.84877E-1 2.87161E-1 2.91171E-1 2.86552E-1 2.88642E-1 2.88179E-1 2.91205E-1 2.8699E-1 2.86011E-1 2.98364E-1 2.96122E-1 3.00689E-1 2.98786E-1 2.99627E-1 2.99803E-1 3.09129E-1 3.18575E-1 3.09606E-1
6.21043E-1 6.59284E-1 5.81703E-1 5.33702E-1 5.33567E-1 6.45097E-1 7.09727E-1 7.38198E-1 7.52221E-1 7.66571E-1 7.78371E-1 7.84516E-1 7.83872E-1 7.82319E-1 7.81789E-1 7.78491E-1 7.75735E-1 7.67433E-1 7.45506E-1 6.54771E-1 4.83362E-1 3.90327E-1 3.7558E-1 3.79428E-1 3.6463E-1 3.66037E-1 3.7236E-1 3.4404E-1 3.42548E-1 3.50758E-1 3.36849E-1 3.3578E-1 3.35087E-1 3.19738E-1 3.19451E-1 3.29666E-1 3.27817E-1 3.13157E-1 2.9452E-1 3.04345E-1 3.06925E-1 3.03924E-1 3.15599E-1 2.9723E-1 2.93239E-1 2.85958E-1 2.88172E-1 2.96421E-1 2.91533E-1 2.97553E-1 2.98748E-1 3.03438E-1 3.09933E-1 2.98979E-1 2.9933E-1 3.03748E-1 3.00782E-1 3.09167E-1 3.17014E-1 3.13601E-1 3.10444E-1
6.2134E-1 5.01174E-1 5.51857E-1 6.30667E-1 6.77657E-1 7.00478E-1 7.1937E-1 7.36869E-1 7.56885E-1 7.75015E-1 7.82929E-1 7.85141E-1 7.84578E-1 7.85788E-1 7.70644E-1 7.68712E-1 7.69037E-1 7.62517E-1 7.49064E-1 7.21905E-1 7.11509E-1 6.2263E-1 5.85196E-1 5.85976E-1 6.16948E-1 6.4446E-1 5.4764E-1 3.99451E-1 3.67387E-1 3.50374E-1 3.49269E-1 3.26802E-1 3.49477E-1 3.39879E-1 3.38607E-1 3.34517E-1 3.35328E-1 3.11622E-1 3.09007E-1 3.12831E-1 3.09929E-1 3.11241E-1 3.0074E-1 2.9697E-1 3.01312E-1 2.96363E-1 3.08929E-1 3.12005E-1 3.11612E-1 3.1228E-1 3.12702E-1 3.12954E-1 3.02741E-1 2.97339E-1 3.02527E-1 2.99644E-1 2.91776E-1 3.08483E-1 3.12846E-1 3.16565E-1 3.15421E-1
6.66997E-1 6.50053E-1 6.87908E-1 6.92507E-1 7.00123E-1 7.15082E-1 7.24815E-1 7.40212E-1 7.60033E-1 7.679E-1 7.71607E-1 7.74524E-1 7.84069E-1 7.88301E-1 7.74143E-1 7.71496E-1 7.68467E-1 7.66175E-1 7.58153E-1 7.43828E-1 6.46235E-1 5.56422E-1 6.26759E-1 7.26986E-1 7.19207E-1 7.10862E-1 4.93404E-1 4.08173E-1 3.72453E-1 3.69527E-1 3.74151E-1 3.56691E-1 3.41232E-1 3.32112E-1 3.47658E-1 3.23897E-1 3.17086E-1 3.03915E-1 3.15469E-1 3.23454E-1 3.17451E-1 3.04033E-1 3.21701E-1 3.29524E-1 3.13827E-1 3.03834E-1 3.12592E-1 3.18951E-1 3.10307E-1 3.19091E-1 3.14673E-1 3.09113E-1 3.07007E-1 3.04554E-1 3.06301E-1 3.05679E-1 2.94515E-1 2.90684E-1 3.01274E-1 3.03712E-1 3.15091E-1
6.73045E-1 6.83576E-1 6.8795E-1 6.93328E-1 7.08783E-1 7.09417E-1 7.15268E-1 6.89459E-1 6.83759E-1 7.14812E-1 7.38191E-1 7.54337E-1 7.70813E-1 7.8214E-1 7.71272E-1 7.70054E-1 7.69146E-1 7.65531E-1 7.60101E-1 7.51306E-1 7.55591E-1 7.38424E-1 7.43112E-1 7.4109E-1 7.31494E-1 7.08448E-1 5.00264E-1 4.36656E-1 3.92169E-1 3.89166E-1 3.77376E-1 3.70558E-1 3.45043E-1 3.4915E-1 3.5316E-1 3.31631E-1 3.28467E-1 3.20356E-1 3.17718E-1 3.18311E-1 3.21721E-1 3.14064E-1 3.21528E-1 3.14564E-1 3.16202E-1 3.16877E-1 3.13395E-1 3.18145E-1 3.1655E-1 3.11491E-1 3.20419E-1 3.25528E-1 3.18671E-1 3.23724E-1 3.22646E-1 3.16834E-1 3.10682E-1 3.00904E-1 3.12949E-1 3.07752E-1 3.23128E-1
6.71669E-1 6.7669E-1 6.65171E-1 6.71758E-1 6.67699E-1 6.07068E-1 5.18345E-1 5.00033E-1 5.24705E-1 5.54404E-1 6.38958E-1 6.99857E-1 7.45621E-1 7.70598E-1 7.62989E-1 7.67067E-1 7.67285E-1 7.65203E-1 7.58534E-1 7.54055E-1 7.64445E-1 7.42649E-1 7.66397E-1 7.64884E-1 7.53506E-1 7.32353E-1 6.87224E-1 5.91254E-1 4.64185E-1 4.05241E-1 3.83533E-1 3.77819E-1 3.62552E-1 3.66E-1 3.65974E-1 3.66223E-1 3.48051E-1 3.48095E-1 3.46365E-1 3.57549E-1 3.50331E-1 3.33115E-1 3.20909E-1 3.25571E-1 3.15505E-1 3.16758E-1 3.18337E-1 3.12526E-1 3.03261E-1 3.11094E-1 3.1935E-1 3.44357E-1 3.40754E-1 3.39849E-1 3.38864E-1 3.36484E-1 3.34991E-1 3.27479E-1 3.56511E-1 3.16603E-1 3.12744E-1
6.62742E-1 6.55322E-1 6.29604E-1 5.90495E-1 5.00229E-1 4.36644E-1 4.51449E-1 5.36888E-1 6.12696E-1 6.48634E-1 6.53338E-1 6.68132E-1 6.99224E-1 7.38237E-1 7.46404E-1 7.56852E-1 7.59433E-1 7.59038E-1 7.54494E-1 7.51023E-1 7.69506E-1 7.68224E-1 7.74824E-1 7.72298E-1 7.65861E-1 7.51708E-1 7.31433E-1 6.71805E-1 5.08381E-1 4.15718E-1 4.01062E-1 3.73434E-1 3.72953E-1 3.74113E-1 3.82777E-1 3.80281E-1 3.71227E-1 3.59005E-1 3.5186E-1 3.54334E-1 3.64399E-1 3.53665E-1 3.5891E-1 3.43627E-1 3.27119E-1 3.19417E-1 3.33591E-1 3.18399E-1 3.23521E-1 3.39117E-1 3.33717E-1 3.41177E-1 3.47589E-1 3.40024E-1 3.52183E-1 3.45123E-1 3.47715E-1 3.41972E-1 3.49203E-1 3.44447E-1 3.23669E-1
6.24206E-1 5.91068E-1 5.23619E-1 4.55583E-1 4.11562E-1 4.33257E-1 5.53158E-1 6.27173E-1 6.42694E-1 6.47272E-1 6.5452E-1 6.67069E-1 6.88854E-1 7.12573E-1 7.26573E-1 7.43048E-1 7.46826E-1 7.44257E-1 7.43016E-1 7.42135E-1 7.60913E-1 7.69589E-1 7.73015E-1 7.70111E-1 7.64811E-1 7.51625E-1 7.29183E-1 5.91368E-1 4.49113E-1 4.1697E-1 4.01466E-1 3.85648E-1 3.89049E-1 3.98255E-1 3.95251E-1 3.82215E-1 3.79355E-1 3.69089E-1 3.5393E-1 3.48108E-1 3.67212E-1 3.62686E-1 3.47075E-1 3.48877E-1 3.40972E-1 3.30932E-1 3.46579E-1 3.48062E-1 3.50082E-1 3.48729E-1 3.27234E-1 3.30574E-1 3.40655E-1 3.3921E-1 3.55507E-1 3.74272E-1 3.52671E-1 3.51392E-1 3.50971E-1 3.6401E-1 3.4847E-1
4.6438E-1 4.32672E-1 4.20257E-1 4.09063E-1 3.94381E-1 4.62424E-1 5.04271E-1 4.95576E-1 5.15141E-1 5.73047E-1 6.35385E-1 6.68736E-1 6.8062E-1 6.94204E-1 7.16493E-1 7.33913E-1 7.33618E-1 7.29916E-1 7.31832E-1 7.28054E-1 7.31043E-1 7.45824E-1 7.47862E-1 7.37746E-1 7.28172E-1 7.20237E-1 7.13923E-1 6.36232E-1 5.43632E-1 4.67777E-1 4.27736E-1 4.09457E-1 4.05816E-1 4.0476E-1 4.11793E-1 3.93047E-1 3.98816E-1 3.96124E-1 3.80323E-1 3.64601E-1 3.73191E-1 3.78068E-1 3.57366E-1 3.61512E-1 3.7228E-1 3.59455E-1 3.60747E-1 3.48617E-1 3.50369E-1 3.46554E-1 3.43177E-1 3.46997E-1 3.50501E-1 3.5189E-1 3.70217E-1 3.89051E-1 3.68834E-1 3.5428E-1 3.53102E-1 3.51191E-1 3.70851E-1
3.91084E-1 3.7536E-1 3.84672E-1 3.90018E-1 3.92779E-1 4.1435E-1 4.20821E-1 4.26623E-1 4.30208E-1 4.57886E-1 4.92529E-1 6.46005E-1 6.67991E-1 6.75601E-1 6.91488E-1 7.01949E-1 6.97518E-1 6.94994E-1 6.80265E-1 6.50999E-1 6.09066E-1 6.13119E-1 6.55083E-1 5.88727E-1 5.4515E-1 5.14199E-1 6.31265E-1 6.69236E-1 6.01051E-1 4.70178E-1 4.13083E-1 4.09527E-1 4.12329E-1 4.08345E-1 4.10029E-1 4.00276E-1 3.97051E-1 4.01626E-1 3.95929E-1 4.01869E-1 3.91042E-1 3.83962E-1 3.95533E-1 3.87451E-1 3.86205E-1 3.8344E-1 3.7245E-1 3.58464E-1 3.56149E-1 3.50086E-1 3.50772E-1 4.40066E-1 3.78047E-1 3.68328E-1 3.57299E-1 3.60851E-1 3.7149E-1 3.61974E-1 3.50847E-1 3.49508E-1 3.58156E-1
3.64207E-1 3.70947E-1 3.69881E-1 3.82582E-1 3.69756E-1 3.78597E-1 3.84501E-1 3.90089E-1 3.95521E-1 4.11844E-1 4.37555E-1 4.99243E-1 6.30374E-1 6.17451E-1 6.42188E-1 6.495E-1 6.36958E-1 5.89622E-1 5.01923E-1 4.65495E-1 4.6573E-1 4.53573E-1 4.34479E-1 4.29985E-1 4.34979E-1 4.42512E-1 6.13019E-1 6.51007E-1 5.80411E-1 4.32422E-1 4.09456E-1 4.13939E-1 4.19562E-1 4.11124E-1 4.11941E-1 4.197E-1 4.16711E-1 4.16809E-1 4.11729E-1 4.1929E-1 4.0672E-1 4.14924E-1 4.08812E-1 4.08647E-1 4.02967E-1 3.97669E-1 3.86194E-1 3.8425E-1 3.62446E-1 3.43174E-1 3.27783E-1 3.42872E-1 3.67029E-1 3.68194E-1 3.66821E-1 3.65271E-1 3.62577E-1 3.66177E-1 3.6441E-1 3.64777E-1 3.58456E-1
3.69314E-1 3.69664E-1 3.70409E-1 3.64689E-1 3.604E-1 3.60375E-1 3.75224E-1 3.7461E-1 3.68514E-1 3.82869E-1 3.90007E-1 3.95308E-1 4.2552E-1 4.53309E-1 4.75271E-1 4.94827E-1 4.89676E-1 4.69587E-1 4.43094E-1 4.11075E-1 4.05676E-1 4.36321E-1 4.22791E-1 4.21219E-1 4.35461E-1 4.3959E-1 4.7034E-1 4.66203E-1 4.44936E-1 4.01514E-1 4.06975E-1 4.11443E-1 4.11386E-1 4.03215E-1 4.02164E-1 4.14478E-1 4.10457E-1 4.14414E-1 4.25491E-1 4.1546E-1 4.21175E-1 4.27576E-1 4.05447E-1 4.08005E-1 3.98494E-1 3.93422E-1 3.85993E-1 3.89497E-1 3.81219E-1 3.65465E-1 3.50313E-1 3.62828E-1 3.76754E-1 3.72521E-1 3.69904E-1 3.78158E-1 3.79014E-1 3.72746E-1 3.6396E-1 3.59943E-1 3.61555E-1
3.60738E-1 3.60491E-1 3.70769E-1 3.61714E-1 3.53308E-1 3.52877E-1 3.65661E-1 3.69049E-1 3.78984E-1 3.88241E-1 3.92669E-1 3.80374E-1 4.06106E-1 4.15814E-1 4.07256E-1 4.18554E-1 4.48485E-1 4.50553E-1 4.16073E-1 4.08054E-1 4.445E-1 4.73318E-1 4.52921E-1 4.37467E-1 4.58915E-1 4.49272E-1 4.24133E-1 4.18642E-1 3.86485E-1 3.91159E-1 4.09751E-1 4.29563E-1 4.24803E-1 4.89604E-1 5.13824E-1 4.94806E-1 4.59945E-1 4.2393E-1 4.27571E-1 4.44903E-1 4.22065E-1 4.2777E-1 4.16554E-1 4.0706E-1 4.08211E-1 4.00808E-1 4.04828E-1 4.23784E-1 4.29208E-1 3.95862E-1 3.86072E-1 3.82964E-1 3.87286E-1 3.8651E-1 3.88335E-1 4.04729E-1 4.20545E-1 4.32612E-1 4.39649E-1 3.82603E-1 3.58152E-1
3.39548E-1 3.54302E-1 3.60926E-1 3.59061E-1 3.50105E-1 3.58309E-1 3.56336E-1 3.65446E-1 3.76361E-1 3.79551E-1 3.85634E-1 3.81274E-1 3.94328E-1 4.05372E-1 4.10099E-1 4.27302E-1 4.4239E-1 4.43561E-1 4.36278E-1 4.40309E-1 4.62243E-1 4.84327E-1 4.89812E-1 5.28747E-1 5.10435E-1 4.85288E-1 4.65073E-1 4.59625E-1 4.53938E-1 4.22917E-1 4.12142E-1 4.30145E-1 4.62952E-1 4.78344E-1 5.02683E-1 5.92108E-1 6.02559E-1 5.84343E-1 5.72286E-1 5.77329E-1 5.68525E-1 5.45283E-1 5.17245E-1 4.88045E-1 4.54155E-1 4.46122E-1 4.48258E-1 4.35234E-1 4.23798E-1 4.09556E-1 4.00386E-1 3.90156E-1 3.98442E-1 3.97966E-1 3.98258E-1 3.9475E-1 3.91451E-1 3.91645E-1 3.89347E-1 3.70274E-1 3.69341E-1
3.38523E-1 3.50656E-1 3.64096E-1 3.67711E-1 3.67581E-1 3.67157E-1 3.56398E-1 3.59758E-1 3.70995E-1 3.7354E-1 3.76612E-1 3.81184E-1 3.86826E-1 4.01956E-1 4.10562E-1 4.38376E-1 4.52812E-1 4.43686E-1 5.23542E-1 5.70235E-1 5.65048E-1 5.9577E-1 6.16908E-1 6.11676E-1 5.9954E-1 5.85552E-1 5.17E-1 4.86648E-1 5.25955E-1 5.64581E-1 5.84084E-1 5.94615E-1 5.87155E-1 5.56186E-1 5.34096E-1 5.19125E-1 5.23642E-1 5.19448E-1 4.89018E-1 5.19008E-1 4.96084E-1 4.79808E-1 4.82707E-1 5.07044E-1 4.52453E-1 5.37035E-1 5.7899E-1 6.08532E-1 5.65887E-1 5.21599E-1 4.95519E-1 4.1311E-1 4.08892E-1 4.14822E-1 4.1281E-1 4.07387E-1 4.01676E-1 3.99881E-1 3.994E-1 3.92176E-1 4.00357E-1
3.35533E-1 3.44588E-1 3.64056E-1 3.60111E-1 3.62061E-1 3.60614E-1 3.57185E-1 3.55946E-1 3.58687E-1 3.665E-1 3.69248E-1 3.80965E-1 3.929E-1 4.39754E-1 4.75659E-1 5.06652E-1 4.93518E-1 5.78984E-1 6.45849E-1 6.7117E-1 6.67155E-1 6.29409E-1 5.36823E-1 5.45426E-1 6.13249E-1 5.69862E-1 5.02165E-1 4.76176E-1 4.73897E-1 4.96212E-1 6.16247E-1 6.51741E-1 6.64987E-1 6.7495E-1 6.83217E-1 6.79456E-1 6.78355E-1 6.5612E-1 6.40752E-1 6.44202E-1 6.09802E-1 5.15194E-1 4.94699E-1 4.85462E-1 5.09863E-1 5.04646E-1 6.03028E-1 6.97197E-1 6.94692E-1 6.87575E-1 6.84993E-1 6.42517E-1 4.42322E-1 4.26945E-1 4.42277E-1 4.35746E-1 4.16741E-1 4.13871E-1 4.11433E-1 4.11178E-1 4.13683E-1
3.44095E-1 3.4457E-1 3.56825E-1 3.68789E-1 3.63805E-1 3.62901E-1 3.5684E-1 3.56023E-1 3.64419E-1 3.71848E-1 3.74169E-1 3.97409E-1 4.72889E-1 5.76774E-1 5.85857E-1 5.63877E-1 5.85749E-1 6.61882E-1 6.66812E-1 6.66244E-1 6.56625E-1 6.42846E-1 5.65699E-1 6.16891E-1 6.30851E-1 5.30789E-1 4.66274E-1 4.52847E-1 4.46441E-1 4.42624E-1 4.67709E-1 5.51082E-1 6.28466E-1 6.6348E-1 6.73874E-1 6.82222E-1 6.91038E-1 6.95083E-1 6.92323E-1 7.08082E-1 7.13403E-1 7.11801E-1 6.77272E-1 5.98404E-1 5.74923E-1 5.87343E-1 7.02912E-1 6.99439E-1 7.07714E-1 7.05763E-1 7.04289E-1 7.01364E-1 6.23571E-1 4.83174E-1 4.561E-1 4.5114E-1 4.32862E-1 4.32666E-1 4.26823E-1 4.12442E-1 4.2411E-1
3.53131E-1 3.50675E-1 3.59246E-1 3.64464E-1 3.69144E-1 3.66008E-1 3.56361E-1 3.5677E-1 3.59808E-1 3.73956E-1 3.79677E-1 4.21429E-1 5.48572E-1 5.83708E-1 5.39539E-1 5.84627E-1 6.44756E-1 6.61802E-1 6.61079E-1 6.58297E-1 6.29222E-1 6.22617E-1 6.47883E-1 6.44687E-1 6.13705E-1 5.32971E-1 4.68446E-1 4.53357E-1 4.52739E-1 4.39918E-1 4.42279E-1 4.48364E-1 4.64304E-1 5.21651E-1 5.9898E-1 6.57244E-1 6.77911E-1 6.87275E-1 6.97866E-1 6.98855E-1 7.04696E-1 7.11723E-1 7.18381E-1 7.16289E-1 7.03294E-1 6.73881E-1 7.16165E-1 7.17152E-1 7.17476E-1 7.19463E-1 7.20129E-1 7.15647E-1 7.06891E-1 6.10163E-1 4.8587E-1 4.94173E-1 4.50941E-1 4.46291E-1 4.46287E-1 4.34198E-1 4.33297E-1
3.44133E-1 3.40373E-1 3.60656E-1 3.60457E-1 3.64058E-1 3.63589E-1 3.63025E-1 3.60296E-1 3.67903E-1 3.87809E-1 4.11508E-1 5.06259E-1 5.52798E-1 5.06148E-1 5.67693E-1 6.28461E-1 6.4648E-1 6.53488E-1 6.52018E-1 6.38065E-1 6.40081E-1 6.40902E-1 5.98163E-1 5.85157E-1 4.90674E-1 4.75913E-1 4.50615E-1 4.61447E-1 4.3001E-1 4.33054E-1 4.21584E-1 4.3124E-1 4.33574E-1 4.35124E-1 4.64144E-1 5.18971E-1 6.48264E-1 6.76176E-1 6.8502E-1 6.89839E-1 6.96041E-1 7.04407E-1 7.10704E-1 7.15097E-1 7.17264E-1 6.8832E-1 6.47958E-1 6.55019E-1 6.95038E-1 7.19673E-1 7.18624E-1 7.18008E-1 7.17328E-1 7.05112E-1 5.95528E-1 5.29587E-1 4.68104E-1 4.75064E-1 4.82926E-1 4.64246E-1 4.45812E-1
3.49057E-1 3.44391E-1 3.65652E-1 3.68329E-1 3.79234E-1 3.62581E-1 3.61432E-1 3.61998E-1 3.73734E-1 4.03237E-1 4.80636E-1 5.63963E-1 4.74451E-1 5.20844E-1 6.25636E-1 6.34997E-1 6.37993E-1 6.41281E-1 6.42579E-1 5.79124E-1 6.03759E-1 5.85427E-1 5.17463E-1 5.50902E-1 4.7553E-1 4.46329E-1 4.35515E-1 4.36953E-1 4.23749E-1 4.29911E-1 4.27551E-1 4.29477E-1 4.24679E-1 4.38683E-1 4.60219E-1 4.89378E-1 5.77305E-1 6.64845E-1 6.77129E-1 6.80976E-1 6.86744E-1 6.97703E-1 7.04246E-1 7.10747E-1 7.12222E-1 7.14039E-1 6.87685E-1 5.90643E-1 6.47259E-1 7.14765E-1 7.19267E-1 7.24835E-1 7.2467E-1 7.21323E-1 7.15295E-1 6.12343E-1 5.01355E-1 4.92626E-1 5.17314E-1 4.88196E-1 4.55747E-1
