maxent_outputs/red_flowers_troch_bombus_environ/red_129.asc
ncols         426
nrows         180
xllcorner     -130.0
yllcorner     24.0
cellsize      0.16666666666666666
NODATA_value  -9999
[rows 27 to 53 of 180, columns 183 to 243 of 426]
1.84576E-1 1.83708E-1 1.82034E-1 1.84E-1 1.83E-1 1.82285E-1 1.85814E-1 1.91665E-1 1.87174E-1 1.85853E-1 1.77618E-1 1.78419E-1 1.83712E-1 1.78115E-1 1.73495E-1 1.75639E-1 1.77337E-1 1.71906E-1 1.73347E-1 1.7924E-1 1.88111E-1 1.91106E-1 1.87524E-1 1.82581E-1 1.79914E-1 1.80087E-1 1.90833E-1 1.96342E-1 2.00865E-1 2.00073E-1 1.99944E-1 2.04096E-1 2.07835E-1 2.07548E-1 2.0934E-1 2.10667E-1 2.08084E-1 2.07738E-1 2.08827E-1 2.13083E-1 2.21977E-1 2.17943E-1 2.23444E-1 2.27373E-1 2.21998E-1 2.28383E-1 2.3163E-1 2.28166E-1 2.1484E-1 2.00818E-1 1.95676E-1 1.94105E-1 1.9478E-1 2.04847E-1 2.02144E-1 2.04222E-1 2.05587E-1 2.01861E-1 2.01078E-1 2.0356E-1 2.10246E-1
1.86096E-1 1.86405E-1 1.87997E-1 1.89206E-1 1.83652E-1 1.79364E-1 1.79289E-1 1.85367E-1 1.88316E-1 1.85404E-1 1.81478E-1 1.79258E-1 1.81251E-1 1.8E-1 1.722E-1 1.75763E-1 1.76489E-1 1.72649E-1 1.72971E-1 1.74022E-1 1.82094E-1 1.8404E-1 1.84519E-1 1.82053E-1 1.81424E-1 1.84477E-1 1.86499E-1 2.0607E-1 2.0946E-1 2.02141E-1 2.0146E-1 2.02379E-1 2.05579E-1 2.0526E-1 2.07829E-1 2.09935E-1 2.10545E-1 2.04621E-1 2.10424E-1 2.19414E-1 2.14985E-1 2.14542E-1 2.17989E-1 2.22952E-1 2.25511E-1 2.30433E-1 2.37253E-1 2.26627E-1 2.13634E-1 2.03935E-1 2.01258E-1 1.92657E-1 1.9222E-1 1.96193E-1 1.9615E-1 2.06189E-1 1.99768E-1 2.02816E-1 2.03896E-1 2.10844E-1 2.16001E-1
1.87479E-1 1.8551E-1 1.89448E-1 1.87174E-1 1.82666E-1 1.81817E-1 1.81917E-1 1.83284E-1 1.91749E-1 1.84706E-1 1.78655E-1 1.79087E-1 1.77097E-1 1.76153E-1 1.73076E-1 1.74128E-1 1.74756E-1 1.74983E-1 1.73501E-1 1.7174E-1 1.73598E-1 1.73617E-1 1.76497E-1 1.76175E-1 1.79931E-1 2.01366E-1 2.12418E-1 2.1722E-1 2.13506E-1 2.08075E-1 2.12912E-1 2.00832E-1 1.98238E-1 1.98233E-1 2.01258E-1 2.04693E-1 2.07176E-1 2.07307E-1 2.08819E-1 2.11607E-1 2.17061E-1 2.17598E-1 2.18199E-1 2.26845E-1 2.3361E-1 2.52963E-1 2.45848E-1 2.31725E-1 2.18187E-1 2.16027E-1 2.12583E-1 1.98354E-1 1.96366E-1 1.99343E-1 1.97881E-1 1.96894E-1 2.07801E-1 2.01989E-1 2.04516E-1 2.08961E-1 2.10388E-1
1.8777E-1 1.91485E-1 1.90191E-1 1.87668E-1 1.84605E-1 1.80418E-1 1.79815E-1 1.81427E-1 1.88914E-1 1.85607E-1 1.81917E-1 1.79961E-1 1.78281E-1 1.77746E-1 1.74662E-1 1.72825E-1 1.73814E-1 1.76263E-1 1.72648E-1 1.74204E-1 1.69157E-1 1.70348E-1 1.73752E-1 1.74925E-1 1.76047E-1 1.9577E-1 1.96459E-1 2.00204E-1 2.18071E-1 2.05422E-1 1.99207E-1 1.96657E-1 1.94117E-1 1.9425E-1 1.9729E-1 2.01917E-1 2.08399E-1 2.0769E-1 2.08434E-1 2.17966E-1 2.15821E-1 2.19043E-1 2.22285E-1 2.28723E-1 2.2639E-1 2.32719E-1 2.34941E-1 2.36797E-1 2.35404E-1 2.12907E-1 2.1098E-1 2.11999E-1 2.21141E-1 2.32016E-1 2.24376E-1 2.10508E-1 2.01883E-1 2.00745E-1 2.04431E-1 2.14907E-1 2.14634E-1
1.89615E-1 1.93517E-1 1.89832E-1 1.84331E-1 1.83905E-1 1.85549E-1 1.78227E-1 1.80274E-1 1.81621E-1 1.87254E-1 1.8416E-1 1.81211E-1 1.79597E-1 1.80005E-1 1.78821E-1 1.76393E-1 1.76993E-1 1.77255E-1 1.76017E-1 1.73338E-1 1.71928E-1 1.72949E-1 1.73996E-1 1.75883E-1 1.79385E-1 1.84422E-1 1.90192E-1 1.91544E-1 1.93997E-1 1.93057E-1 1.91994E-1 1.89485E-1 1.90372E-1 1.88785E-1 1.93054E-1 1.98121E-1 2.07154E-1 2.25103E-1 2.17353E-1 2.23372E-1 2.20591E-1 2.22616E-1 2.24108E-1 2.25619E-1 2.32717E-1 2.26891E-1 2.28914E-1 2.32638E-1 2.31004E-1 2.26947E-1 2.30665E-1 2.25872E-1 2.24731E-1 2.40294E-1 2.53182E-1 2.35077E-1 2.08855E-1 2.03961E-1 2.06848E-1 2.50271E-1 2.4969E-1
1.94213E-1 1.97275E-1 1.93387E-1 1.91437E-1 1.90524E-1 1.87934E-1 1.82607E-1 1.82472E-1 1.84617E-1 1.90779E-1 1.88457E-1 1.84435E-1 1.82214E-1 1.81281E-1 1.82612E-1 1.79851E-1 1.8191E-1 1.79604E-1 1.7932E-1 1.78989E-1 1.78381E-1 1.82302E-1 1.80494E-1 1.83045E-1 1.85582E-1 1.89718E-1 1.92971E-1 1.9521E-1 1.99772E-1 1.91188E-1 1.90946E-1 1.92374E-1 1.89412E-1 1.87474E-1 1.89968E-1 1.9182E-1 1.98894E-1 2.12499E-1 2.23608E-1 2.31731E-1 2.3201E-1 2.24638E-1 2.2296E-1 2.23628E-1 2.32876E-1 2.40862E-1 2.353E-1 2.37861E-1 2.40892E-1 2.2869E-1 2.23514E-1 2.14893E-1 2.15355E-1 2.38113E-1 2.63655E-1 2.48856E-1 2.31503E-1 2.30444E-1 2.34896E-1 2.41912E-1 2.40415E-1
1.9784E-1 1.97168E-1 1.92073E-1 1.82023E-1 1.84819E-1 1.8709E-1 1.86194E-1 1.86448E-1 1.88823E-1 1.90778E-1 1.89586E-1 1.87387E-1 1.85878E-1 1.85087E-1 1.86996E-1 1.84778E-1 1.87931E-1 1.8537E-1 1.81564E-1 1.82486E-1 1.81921E-1 1.89164E-1 1.85497E-1 1.87773E-1 1.9113E-1 1.91079E-1 1.95174E-1 1.9636E-1 1.95196E-1 1.91959E-1 1.91959E-1 1.94393E-1 1.94561E-1 1.95803E-1 1.96428E-1 1.94792E-1 2.01539E-1 2.06274E-1 2.12929E-1 2.1966E-1 2.23134E-1 2.31254E-1 2.30475E-1 2.32729E-1 2.38431E-1 2.33434E-1 2.35199E-1 2.3669E-1 2.3422E-1 2.32917E-1 2.35296E-1 2.30885E-1 2.29929E-1 2.42316E-1 2.37834E-1 2.47251E-1 2.38626E-1 2.5052E-1 2.53354E-1 2.52816E-1 2.55956E-1
2.00154E-1 2.05755E-1 2.02468E-1 1.94143E-1 1.88445E-1 1.88332E-1 1.9231E-1 1.93503E-1 1.92078E-1 1.92139E-1 1.92294E-1 1.92557E-1 1.91998E-1 1.93577E-1 1.92607E-1 1.89446E-1 1.92058E-1 1.89425E-1 1.87341E-1 1.8595E-1 1.88058E-1 1.94456E-1 1.88613E-1 1.89775E-1 1.91737E-1 1.95652E-1 1.98679E-1 1.98563E-1 1.92208E-1 1.92024E-1 1.91904E-1 1.9884E-1 2.00479E-1 2.01581E-1 2.01649E-1 2.01881E-1 2.06558E-1 2.08855E-1 2.12274E-1 2.15702E-1 2.18551E-1 2.21978E-1 2.25195E-1 2.28661E-1 2.31216E-1 2.38744E-1 2.3811E-1 2.38897E-1 2.39471E-1 2.39661E-1 2.42791E-1 2.58348E-1 2.46389E-1 2.5844E-1 2.45521E-1 2.55457E-1 2.59604E-1 2.66079E-1 2.60117E-1 2.63623E-1 2.80774E-1
1.96847E-1 2.07039E-1 2.0967E-1 2.05231E-1 1.99047E-1 1.93827E-1 1.95351E-1 1.95989E-1 1.96486E-1 1.96316E-1 1.98456E-1 1.98349E-1 2.00268E-1 1.99912E-1 2.00381E-1 1.94925E-1 1.91743E-1 1.91823E-1 1.93246E-1 1.95171E-1 1.92849E-1 1.93735E-1 1.93433E-1 1.96266E-1 1.98953E-1 2.06715E-1 2.18436E-1 2.2103E-1 2.17178E-1 2.11263E-1 2.05644E-1 2.05401E-1 2.04635E-1 2.03992E-1 2.05224E-1 2.04692E-1 2.07531E-1 2.08891E-1 2.13226E-1 2.19615E-1 2.19202E-1 2.20694E-1 2.22393E-1 2.20384E-1 2.23206E-1 2.26335E-1 2.34211E-1 2.42672E-1 2.41883E-1 2.42692E-1 2.42175E-1 2.42677E-1 2.44896E-1 2.49991E-1 2.57489E-1 2.73792E-1 2.74417E-1 2.69599E-1 2.78451E-1 3.28289E-1 4.21821E-1
1.8944E-1 1.90011E-1 1.8964E-1 1.84915E-1 1.91814E-1 1.91558E-1 1.98069E-1 1.96969E-1 1.98918E-1 2.00807E-1 2.01818E-1 2.01207E-1 2.02751E-1 2.0401E-1 2.06204E-1 2.00888E-1 1.93754E-1 1.94078E-1 1.94723E-1 1.96045E-1 1.98513E-1 2.00669E-1 1.98032E-1 1.99884E-1 2.02445E-1 2.20185E-1 2.28346E-1 2.27257E-1 2.14633E-1 2.10334E-1 2.13807E-1 2.11196E-1 2.1097E-1 2.11455E-1 2.11242E-1 2.11366E-1 2.11191E-1 2.10685E-1 2.12329E-1 2.13256E-1 2.14239E-1 2.17519E-1 2.22673E-1 2.30467E-1 2.24741E-1 2.30185E-1 2.31945E-1 2.36776E-1 2.40202E-1 2.41851E-1 2.40848E-1 2.45768E-1 2.51623E-1 2.58256E-1 2.58527E-1 2.6983E-1 2.9729E-1 3.43623E-1 4.18553E-1 5.20983E-1 5.68536E-1
1.90096E-1 1.88528E-1 1.85693E-1 1.85815E-1 1.8791E-1 1.8566E-1 1.88018E-1 1.91654E-1 1.97477E-1 2.03697E-1 2.05357E-1 2.04761E-1 2.04192E-1 2.06882E-1 2.05537E-1 1.99692E-1 1.9623E-1 1.94936E-1 1.93759E-1 1.95256E-1 1.98518E-1 1.98914E-1 1.99463E-1 2.0098E-1 2.0221E-1 2.06867E-1 2.07619E-1 2.07986E-1 2.10598E-1 2.13962E-1 2.13431E-1 2.15074E-1 2.15155E-1 2.15878E-1 2.17448E-1 2.14351E-1 2.13883E-1 2.12356E-1 2.14569E-1 2.12407E-1 2.11252E-1 2.12548E-1 2.14031E-1 2.1648E-1 2.20618E-1 2.23729E-1 2.28557E-1 2.32951E-1 2.36048E-1 2.37607E-1 2.43759E-1 2.50939E-1 2.6269E-1 2.98033E-1 3.36454E-1 4.0038E-1 4.79019E-1 5.36827E-1 5.64705E-1 5.64146E-1 5.65134E-1
1.90305E-1 1.89305E-1 1.87916E-1 1.85591E-1 1.8687E-1 1.9227E-1 1.93333E-1 1.96647E-1 1.99426E-1 2.06393E-1 2.08857E-1 2.08259E-1 2.03359E-1 2.02922E-1 2.03917E-1 1.99682E-1 1.95999E-1 1.94071E-1 1.93834E-1 1.98382E-1 2.02856E-1 1.97495E-1 1.96034E-1 2.02088E-1 2.02699E-1 2.05449E-1 2.08391E-1 2.10508E-1 2.15213E-1 2.18679E-1 2.17779E-1 2.16611E-1 2.18464E-1 2.20627E-1 2.19202E-1 2.22732E-1 2.18032E-1 2.13266E-1 2.13137E-1 2.14385E-1 2.14022E-1 2.19409E-1 2.19103E-1 2.23544E-1 2.25531E-1 2.27602E-1 2.29832E-1 2.33518E-1 2.3604E-1 2.46451E-1 2.65035E-1 3.01215E-1 3.93156E-1 4.78846E-1 5.14538E-1 5.18474E-1 5.24341E-1 5.41963E-1 5.52333E-1 5.67293E-1 5.79091E-1
1.91955E-1 1.93707E-1 1.95287E-1 1.91887E-1 1.93242E-1 1.9481E-1 1.95636E-1 1.99994E-1 2.02623E-1 2.0611E-1 2.08521E-1 2.05954E-1 2.05104E-1 2.04895E-1 2.03847E-1 2.00151E-1 1.95058E-1 1.92634E-1 1.94414E-1 1.97384E-1 1.98251E-1 1.97307E-1 2.04478E-1 2.04207E-1 2.05868E-1 2.1121E-1 2.13519E-1 2.16018E-1 2.16418E-1 2.29177E-1 2.18944E-1 2.27983E-1 2.19308E-1 2.15037E-1 2.16536E-1 2.20201E-1 2.142E-1 2.15321E-1 2.18164E-1 2.16392E-1 2.12861E-1 2.17209E-1 2.22923E-1 2.26992E-1 2.35184E-1 2.39008E-1 2.42935E-1 2.44755E-1 2.55736E-1 2.89255E-1 3.92422E-1 4.9367E-1 5.01456E-1 5.01546E-1 5.05682E-1 5.17961E-1 5.30672E-1 5.45692E-1 5.61994E-1 5.77079E-1 5.89464E-1
1.92301E-1 1.96878E-1 1.95833E-1 1.92995E-1 1.96336E-1 2.01088E-1 1.9911E-1 2.00827E-1 2.02463E-1 2.06464E-1 2.07775E-1 2.05157E-1 2.05618E-1 2.04703E-1 2.04865E-1 2.00737E-1 1.96652E-1 1.94633E-1 1.95708E-1 1.9852E-1 1.99691E-1 1.99819E-1 2.06917E-1 2.10504E-1 2.1147E-1 2.14353E-1 2.15689E-1 2.16962E-1 2.19123E-1 2.27232E-1 2.32002E-1 2.20168E-1 2.14972E-1 2.2156E-1 2.17586E-1 2.16196E-1 2.14139E-1 2.14109E-1 2.17159E-1 2.13137E-1 2.15434E-1 2.17285E-1 2.245E-1 2.34793E-1 2.45892E-1 2.5012E-1 2.57694E-1 2.71799E-1 2.95766E-1 4.08907E-1 5.04379E-1 4.94672E-1 4.9125E-1 4.98108E-1 5.08593E-1 5.29975E-1 5.40819E-1 5.61161E-1 5.76049E-1 5.89805E-1 5.97434E-1
1.86346E-1 1.93128E-1 1.96323E-1 1.94676E-1 1.96422E-1 2.01761E-1 2.04023E-1 2.05488E-1 2.04976E-1 2.08033E-1 2.10428E-1 2.08431E-1 2.0896E-1 2.0792E-1 2.05266E-1 2.06008E-1 2.01331E-1 1.98273E-1 1.98705E-1 1.99858E-1 1.98722E-1 2.02183E-1 2.0952E-1 2.12584E-1 2.11012E-1 2.13479E-1 2.17515E-1 2.19811E-1 2.25975E-1 2.37421E-1 2.45044E-1 2.32704E-1 2.25007E-1 2.25008E-1 2.20625E-1 2.15608E-1 2.13692E-1 2.13445E-1 2.14717E-1 2.18525E-1 2.2122E-1 2.26581E-1 2.32451E-1 2.48083E-1 2.57508E-1 2.68134E-1 2.87924E-1 3.40287E-1 4.46082E-1 4.90176E-1 4.8976E-1 4.83295E-1 4.58897E-1 4.61104E-1 4.66159E-1 5.41403E-1 5.58117E-1 5.73176E-1 5.82935E-1 5.90819E-1 5.93707E-1
1.96976E-1 1.95794E-1 2.00132E-1 2.01874E-1 2.04877E-1 2.05085E-1 2.04642E-1 2.05442E-1 2.0621E-1 2.07993E-1 2.14427E-1 2.1412E-1 2.17169E-1 2.16704E-1 2.13414E-1 2.11506E-1 2.11054E-1 2.06161E-1 2.07363E-1 2.09982E-1 2.05396E-1 2.05601E-1 2.08483E-1 2.12208E-1 2.12411E-1 2.11179E-1 2.14125E-1 2.19723E-1 2.22791E-1 2.32019E-1 2.32069E-1 2.31124E-1 2.33073E-1 2.28808E-1 2.23499E-1 2.14615E-1 2.13147E-1 2.17348E-1 2.18623E-1 2.22814E-1 2.31502E-1 2.37861E-1 2.48646E-1 2.62868E-1 2.78637E-1 3.2448E-1 4.15409E-1 4.84015E-1 4.83222E-1 4.33715E-1 4.00554E-1 3.65533E-1 3.78563E-1 4.11809E-1 4.63591E-1 5.44363E-1 5.57525E-1 5.68685E-1 5.55843E-1 5.41198E-1 5.10705E-1
2.02474E-1 2.06276E-1 2.06659E-1 2.06769E-1 2.08166E-1 2.07659E-1 2.0826E-1 2.03926E-1 2.05887E-1 2.09854E-1 2.16109E-1 2.20858E-1 2.2074E-1 2.20562E-1 2.16631E-1 2.11702E-1 2.097E-1 2.10623E-1 2.10031E-1 2.12779E-1 2.15248E-1 2.12479E-1 2.10267E-1 2.09399E-1 2.08806E-1 2.10384E-1 2.13258E-1 2.14554E-1 2.20108E-1 2.26991E-1 2.27588E-1 2.37644E-1 2.41825E-1 2.35041E-1 2.29268E-1 2.19957E-1 2.14943E-1 2.2576E-1 2.21683E-1 2.25216E-1 2.3911E-1 2.52744E-1 2.58581E-1 2.6896E-1 3.17793E-1 3.83683E-1 3.79115E-1 3.46156E-1 3.18009E-1 3.1704E-1 3.18687E-1 3.36591E-1 3.89941E-1 4.69166E-1 5.08851E-1 5.32247E-1 5.24304E-1 4.72852E-1 4.26145E-1 4.04647E-1 3.92258E-1
2.08294E-1 2.07919E-1 2.10996E-1 2.12689E-1 2.13095E-1 2.08132E-1 2.09371E-1 2.06339E-1 2.05739E-1 2.08261E-1 2.14296E-1 2.18931E-1 2.18738E-1 2.20041E-1 2.18993E-1 2.17232E-1 2.15679E-1 2.15811E-1 2.15609E-1 2.16433E-1 2.15032E-1 2.22344E-1 2.15844E-1 2.14643E-1 2.14483E-1 2.10602E-1 2.12788E-1 2.16912E-1 2.2096E-1 2.29025E-1 2.29292E-1 2.39326E-1 2.44427E-1 2.39817E-1 2.30903E-1 2.23746E-1 2.2366E-1 2.21796E-1 2.23613E-1 2.27865E-1 2.3818E-1 2.55833E-1 2.62375E-1 2.6803E-1 2.71925E-1 2.80114E-1 2.83216E-1 2.87954E-1 2.92044E-1 2.93525E-1 2.98246E-1 3.15259E-1 3.39018E-1 3.87339E-1 4.2169E-1 4.0682E-1 3.92512E-1 3.9124E-1 3.86319E-1 3.91227E-1 3.65135E-1
2.0962E-1 2.10162E-1 2.114E-1 2.13323E-1 2.15791E-1 2.12738E-1 2.09209E-1 2.07971E-1 2.08012E-1 2.09271E-1 2.10099E-1 2.15771E-1 2.16063E-1 2.19625E-1 2.18538E-1 2.18912E-1 2.20884E-1 2.22695E-1 2.20041E-1 2.20366E-1 2.20433E-1 2.23748E-1 2.27267E-1 2.28303E-1 2.17682E-1 2.13908E-1 2.16882E-1 2.20309E-1 2.27642E-1 2.31679E-1 2.40057E-1 2.48681E-1 2.43663E-1 2.43407E-1 2.45345E-1 2.34232E-1 2.30932E-1 2.28034E-1 2.29923E-1 2.31593E-1 2.45981E-1 2.57325E-1 2.63563E-1 2.60171E-1 2.6357E-1 2.69461E-1 2.72522E-1 2.66004E-1 2.82082E-1 2.96069E-1 2.92154E-1 3.00823E-1 3.20189E-1 3.42562E-1 3.4914E-1 3.47311E-1 3.46462E-1 3.50298E-1 3.51728E-1 3.62164E-1 3.53858E-1
2.09753E-1 2.12708E-1 2.15695E-1 2.18238E-1 2.19106E-1 2.19673E-1 2.221E-1 2.18184E-1 2.11353E-1 2.11633E-1 2.12703E-1 2.16511E-1 2.18299E-1 2.18621E-1 2.19273E-1 2.18472E-1 2.19603E-1 2.22248E-1 2.22237E-1 2.24425E-1 2.26042E-1 2.2728E-1 2.27328E-1 2.27493E-1 2.25074E-1 2.23797E-1 2.28246E-1 2.35293E-1 2.39053E-1 2.47789E-1 2.5019E-1 2.41949E-1 2.37032E-1 2.39684E-1 2.73999E-1 2.82116E-1 2.35867E-1 2.35303E-1 2.39949E-1 2.44556E-1 2.50534E-1 2.62379E-1 2.65559E-1 2.64098E-1 2.64745E-1 2.69165E-1 2.58571E-1 2.70822E-1 2.82121E-1 2.84327E-1 2.93983E-1 2.99172E-1 3.02739E-1 3.10004E-1 3.19753E-1 3.28771E-1 3.21348E-1 3.11108E-1 3.13413E-1 3.17427E-1 3.20039E-1
2.13024E-1 2.12521E-1 2.17327E-1 2.23017E-1 2.26358E-1 2.26724E-1 2.27817E-1 2.28336E-1 2.17739E-1 2.13287E-1 2.15755E-1 2.18634E-1 2.2304E-1 2.2566E-1 2.29587E-1 2.23299E-1 2.21528E-1 2.21403E-1 2.2101E-1 2.24252E-1 2.26347E-1 2.27752E-1 2.31202E-1 2.28993E-1 2.29034E-1 2.30071E-1 2.34207E-1 2.43798E-1 2.51142E-1 2.47052E-1 2.47448E-1 2.38754E-1 2.33244E-1 2.35306E-1 2.4246E-1 2.49094E-1 2.41332E-1 2.48678E-1 2.49107E-1 2.55266E-1 2.60267E-1 2.68355E-1 2.75787E-1 2.7183E-1 2.68276E-1 2.70795E-1 2.74542E-1 2.80926E-1 2.79397E-1 2.83954E-1 2.89091E-1 2.90945E-1 2.94563E-1 2.96477E-1 3.0431E-1 3.13947E-1 3.07439E-1 2.92531E-1 2.93472E-1 2.97416E-1 2.91408E-1
2.11759E-1 2.15579E-1 2.17046E-1 2.26933E-1 2.28911E-1 2.26893E-1 2.26566E-1 2.27651E-1 2.26387E-1 2.16807E-1 2.13521E-1 2.19254E-1 2.28753E-1 2.36689E-1 2.35877E-1 2.32245E-1 2.25698E-1 2.26899E-1 2.21261E-1 2.236E-1 2.29107E-1 2.33424E-1 2.37762E-1 2.38158E-1 2.40285E-1 2.38197E-1 2.44836E-1 2.49686E-1 2.53994E-1 2.47325E-1 2.44374E-1 2.42051E-1 2.3477E-1 2.34644E-1 2.35961E-1 2.40267E-1 2.48981E-1 2.55213E-1 2.57286E-1 2.58646E-1 2.70978E-1 2.75455E-1 2.83608E-1 2.80532E-1 2.80078E-1 2.6831E-1 2.67277E-1 2.8083E-1 2.93967E-1 2.97831E-1 2.92952E-1 2.92442E-1 2.95889E-1 2.96001E-1 2.95929E-1 3.00677E-1 2.98458E-1 2.99399E-1 2.92302E-1 2.91293E-1 2.84119E-1
2.17953E-1 2.18898E-1 2.22257E-1 2.27305E-1 2.25117E-1 2.27913E-1 2.28717E-1 2.33712E-1 2.30708E-1 2.24418E-1 2.17999E-1 2.2209E-1 2.28749E-1 2.37873E-1 2.5369E-1 2.50399E-1 2.45672E-1 2.38877E-1 2.30007E-1 2.32534E-1 2.39035E-1 2.41881E-1 2.521E-1 2.56907E-1 2.56486E-1 2.50873E-1 2.45938E-1 2.47942E-1 2.49178E-1 2.48257E-1 2.48444E-1 2.45094E-1 2.36081E-1 2.3356E-1 2.34582E-1 2.37358E-1 2.48517E-1 2.58156E-1 2.62324E-1 2.60468E-1 2.69669E-1 2.74519E-1 2.79475E-1 2.79897E-1 2.78232E-1 2.72266E-1 2.75774E-1 2.88432E-1 2.8945E-1 2.80092E-1 2.87255E-1 2.93301E-1 2.94003E-1 2.93718E-1 2.91958E-1 2.95055E-1 3.0019E-1 2.96699E-1 2.922E-1 2.89861E-1 2.82193E-1
2.21167E-1 2.22275E-1 2.23484E-1 2.25536E-1 2.2807E-1 2.29657E-1 2.3056E-1 2.33815E-1 2.27603E-1 2.28248E-1 2.27691E-1 2.33141E-1 2.33604E-1 2.33804E-1 2.52902E-1 2.62042E-1 2.52556E-1 2.48559E-1 2.43258E-1 2.39923E-1 2.43342E-1 2.535E-1 2.41263E-1 2.34637E-1 2.4383E-1 2.51973E-1 2.53216E-1 2.45847E-1 2.44261E-1 2.47097E-1 2.57421E-1 2.48926E-1 2.4044E-1 2.39745E-1 2.42311E-1 2.47158E-1 2.51784E-1 2.56456E-1 2.60227E-1 2.63478E-1 2.71954E-1 2.75611E-1 2.80027E-1 2.83117E-1 2.84742E-1 2.79249E-1 2.74104E-1 2.86517E-1 2.95651E-1 2.85096E-1 2.9491E-1 3.03195E-1 2.96314E-1 2.91141E-1 2.90888E-1 2.8794E-1 2.90753E-1 2.89845E-1 2.8899E-1 2.86036E-1 2.8968E-1
2.28947E-1 2.28708E-1 2.27981E-1 2.30728E-1 2.34352E-1 2.35347E-1 2.34475E-1 2.32779E-1 2.32772E-1 2.34993E-1 2.37798E-1 2.43872E-1 2.49381E-1 2.37668E-1 2.44209E-1 2.58676E-1 2.59783E-1 2.55579E-1 2.52613E-1 2.47682E-1 2.54408E-1 2.38569E-1 2.17747E-1 2.13285E-1 2.25815E-1 2.50851E-1 2.59624E-1 2.46114E-1 2.42529E-1 2.49055E-1 2.49881E-1 2.49619E-1 2.50699E-1 2.53588E-1 2.57644E-1 2.62904E-1 2.66497E-1 2.64366E-1 2.66379E-1 2.70722E-1 2.70837E-1 2.77304E-1 2.76399E-1 2.79598E-1 2.82181E-1 2.77695E-1 2.76973E-1 2.87526E-1 2.94317E-1 2.91857E-1 2.95584E-1 2.95714E-1 2.96963E-1 2.95152E-1 2.92793E-1 2.89227E-1 2.9574E-1 2.9435E-1 2.95745E-1 2.91739E-1 2.89354E-1
2.31439E-1 2.37657E-1 2.393E-1 2.41741E-1 2.43798E-1 2.40081E-1 2.36438E-1 2.32946E-1 2.33671E-1 2.4179E-1 2.44336E-1 2.47481E-1 2.47748E-1 2.42436E-1 2.40722E-1 2.53868E-1 2.55433E-1 2.53846E-1 2.57369E-1 2.56872E-1 2.61518E-1 2.41046E-1 2.18389E-1 2.09644E-1 2.24262E-1 2.5255E-1 2.6267E-1 2.52341E-1 2.44123E-1 2.40615E-1 2.43334E-1 2.54379E-1 2.65311E-1 2.6892E-1 2.72535E-1 2.74127E-1 2.79769E-1 2.79747E-1 2.82274E-1 2.79321E-1 2.7848E-1 2.74257E-1 2.75808E-1 2.77588E-1 2.8681E-1 2.84352E-1 2.82293E-1 2.7878E-1 2.90762E-1 3.00161E-1 2.99907E-1 2.97058E-1 3.02911E-1 3.07803E-1 3.02286E-1 2.91693E-1 2.99344E-1 3.06437E-1 3.02773E-1 2.90419E-1 2.85653E-1
2.38699E-1 2.50349E-1 2.59458E-1 2.52923E-1 2.50785E-1 2.45059E-1 2.40949E-1 2.34924E-1 2.35876E-1 2.41327E-1 2.4474E-1 2.43824E-1 2.44038E-1 2.3744E-1 2.35631E-1 2.47695E-1 2.5909E-1 2.58743E-1 2.59501E-1 2.57463E-1 2.55536E-1 2.60028E-1 2.4331E-1 2.32904E-1 2.42359E-1 2.66467E-1 2.45869E-1 2.43079E-1 2.41964E-1 2.4446E-1 2.50181E-1 2.60194E-1 2.69726E-1 2.77761E-1 2.80195E-1 2.84827E-1 2.9289E-1 2.93839E-1 2.97431E-1 2.90427E-1 2.90797E-1 2.7877E-1 2.73992E-1 2.78627E-1 2.85842E-1 2.90809E-1 2.95492E-1 2.82103E-1 2.76134E-1 2.87763E-1 2.93486E-1 2.9537E-1 2.93569E-1 2.99042E-1 2.96479E-1 2.94587E-1 2.99803E-1 3.02446E-1 3.02481E-1 3.05242E-1 2.98196E-1
