maxent_outputs/red_flowers_troch_bombus_environ/red_101.asc
ncols         426
nrows         180
xllcorner     -130.0
yllcorner     24.0
cellsize      0.16666666666666666
NODATA_value  -9999
[rows 81 to 107 of 180, columns 183 to 243 of 426]
1.89776E-1 1.87465E-1 1.86674E-1 1.84347E-1 1.82262E-1 1.84492E-1 1.86597E-1 1.86243E-1 1.85273E-1 1.86259E-1 1.88783E-1 1.87927E-1 1.87819E-1 1.85842E-1 1.85573E-1 1.86532E-1 1.85292E-1 1.87675E-1 1.90898E-1 1.95091E-1 1.94622E-1 1.95139E-1 1.95992E-1 1.98169E-1 1.96572E-1 1.95067E-1 1.97282E-1 1.95386E-1 1.95971E-1 1.99512E-1 2.01531E-1 2.02759E-1 2.05221E-1 2.07733E-1 2.12027E-1 2.21828E-1 2.31725E-1 2.44312E-1 2.4156E-1 2.34156E-1 2.31833E-1 2.21579E-1 2.13803E-1 2.07977E-1 2.07481E-1 2.13478E-1 2.20083E-1 2.23749E-1 2.30756E-1 2.23427E-1 2.2577E-1 2.30749E-1 2.28862E-1 2.22108E-1 2.26472E-1 2.33547E-1 2.38455E-1 2.4219E-1 2.26804E-1 2.25146E-1 2.23657E-1
1.92849E-1 1.89355E-1 1.87005E-1 1.85944E-1 1.85664E-1 1.8587E-1 1.88733E-1 1.90922E-1 1.93832E-1 1.94579E-1 1.95806E-1 1.97345E-1 1.96889E-1 1.96802E-1 1.94511E-1 1.94372E-1 1.94558E-1 1.94235E-1 1.96758E-1 2.01687E-1 2.01935E-1 2.01182E-1 2.03434E-1 2.07548E-1 2.09341E-1 2.03616E-1 2.05437E-1 2.03507E-1 2.03355E-1 2.05464E-1 2.09079E-1 2.10702E-1 2.11527E-1 2.11621E-1 2.16326E-1 2.28821E-1 2.52467E-1 2.86572E-1 3.08844E-1 2.7104E-1 2.55349E-1 2.38019E-1 2.25368E-1 2.21077E-1 2.21512E-1 2.27344E-1 2.31102E-1 2.35437E-1 2.38075E-1 2.35276E-1 2.33158E-1 2.36222E-1 2.38119E-1 2.36886E-1 2.39202E-1 2.4205E-1 2.41952E-1 2.36692E-1 2.32991E-1 2.28315E-1 2.2816E-1
1.97409E-1 1.95416E-1 1.89919E-1 1.89294E-1 1.89953E-1 1.91464E-1 1.93753E-1 1.96056E-1 1.99736E-1 2.00154E-1 2.02698E-1 2.0623E-1 2.07069E-1 2.09933E-1 2.08271E-1 2.02448E-1 2.01781E-1 2.02926E-1 2.01142E-1 2.0394E-1 2.08873E-1 2.11373E-1 2.13536E-1 2.15141E-1 2.20322E-1 2.18658E-1 2.14055E-1 2.12317E-1 2.14062E-1 2.112E-1 2.12633E-1 2.15015E-1 2.16449E-1 2.16626E-1 2.23143E-1 2.3714E-1 2.60346E-1 2.94867E-1 3.16274E-1 2.84179E-1 2.65664E-1 2.51724E-1 2.36678E-1 2.3363E-1 2.35068E-1 2.35593E-1 2.4308E-1 2.46968E-1 2.4894E-1 2.43933E-1 2.38485E-1 2.40951E-1 2.41979E-1 2.42392E-1 2.4575E-1 2.4841E-1 2.41617E-1 2.42113E-1 2.40086E-1 2.39224E-1 2.39923E-1
1.99119E-1 1.95289E-1 1.92701E-1 1.90672E-1 1.91879E-1 1.95923E-1 1.98535E-1 2.01505E-1 2.06472E-1 2.09251E-1 2.11773E-1 2.14662E-1 2.14139E-1 2.14825E-1 2.14586E-1 2.11462E-1 2.06614E-1 2.03918E-1 2.04142E-1 2.07374E-1 2.13561E-1 2.15197E-1 2.16343E-1 2.21724E-1 2.23232E-1 2.27187E-1 2.29638E-1 2.27602E-1 2.24436E-1 2.19843E-1 2.16098E-1 2.16412E-1 2.16166E-1 2.21159E-1 2.27474E-1 2.38199E-1 2.52999E-1 2.68963E-1 2.73386E-1 2.71389E-1 2.65514E-1 2.54476E-1 2.47833E-1 2.4486E-1 2.45168E-1 2.45679E-1 2.53528E-1 2.58797E-1 2.58076E-1 2.48276E-1 2.45994E-1 2.49526E-1 2.47368E-1 2.5107E-1 2.42203E-1 2.38956E-1 2.41004E-1 2.44333E-1 2.52088E-1 2.53E-1 2.48449E-1
2.03E-1 1.97815E-1 1.9391E-1 1.93459E-1 1.955E-1 1.99311E-1 2.02012E-1 2.06373E-1 2.09302E-1 2.13863E-1 2.17995E-1 2.19273E-1 2.17724E-1 2.15708E-1 2.14224E-1 2.12687E-1 2.10069E-1 2.08397E-1 2.11545E-1 2.14332E-1 2.17025E-1 2.19332E-1 2.24546E-1 2.273E-1 2.30211E-1 2.331E-1 2.33527E-1 2.39795E-1 2.37034E-1 2.31265E-1 2.25624E-1 2.24254E-1 2.21193E-1 2.23812E-1 2.30766E-1 2.35012E-1 2.45264E-1 2.54405E-1 2.55255E-1 2.61697E-1 2.6274E-1 2.57883E-1 2.566E-1 2.55819E-1 2.55337E-1 2.59093E-1 2.65912E-1 2.67631E-1 2.67358E-1 2.62241E-1 2.5706E-1 2.5631E-1 2.55774E-1 2.5366E-1 2.46858E-1 2.41774E-1 2.45554E-1 2.51869E-1 2.58539E-1 2.64959E-1 2.66601E-1
2.08613E-1 2.05567E-1 2.02626E-1 2.01762E-1 2.02633E-1 2.04958E-1 2.07679E-1 2.11728E-1 2.14725E-1 2.19582E-1 2.23285E-1 2.23887E-1 2.23081E-1 2.19149E-1 2.16475E-1 2.13535E-1 2.10781E-1 2.15227E-1 2.15518E-1 2.17444E-1 2.2138E-1 2.25382E-1 2.31864E-1 2.35612E-1 2.37229E-1 2.42417E-1 2.49368E-1 2.48827E-1 2.48388E-1 2.47739E-1 2.41774E-1 2.37477E-1 2.34175E-1 2.3572E-1 2.39066E-1 2.44087E-1 2.49914E-1 2.57254E-1 2.59562E-1 2.61924E-1 2.64991E-1 2.71052E-1 2.69619E-1 2.65485E-1 2.64163E-1 2.72094E-1 2.77674E-1 2.79056E-1 2.75126E-1 2.77963E-1 2.73549E-1 2.66731E-1 2.63475E-1 2.62014E-1 2.56573E-1 2.54908E-1 2.60068E-1 2.6446E-1 2.70295E-1 2.77392E-1 2.82792E-1
2.1364E-1 2.12411E-1 2.10671E-1 2.1162E-1 2.09797E-1 2.12289E-1 2.19482E-1 2.20116E-1 2.23797E-1 2.26712E-1 2.27182E-1 2.2897E-1 2.28411E-1 2.28399E-1 2.24585E-1 2.1798E-1 2.19841E-1 2.25181E-1 2.22696E-1 2.23773E-1 2.27772E-1 2.29475E-1 2.35774E-1 2.40272E-1 2.46167E-1 2.50538E-1 2.60072E-1 2.65022E-1 2.60725E-1 2.61959E-1 2.57852E-1 2.53067E-1 2.52232E-1 2.5269E-1 2.55235E-1 2.59403E-1 2.61926E-1 2.63946E-1 2.65238E-1 2.67949E-1 2.73049E-1 2.76994E-1 2.74521E-1 2.73787E-1 2.70345E-1 2.77053E-1 2.83302E-1 2.80737E-1 2.8259E-1 2.82246E-1 2.85002E-1 2.83672E-1 2.81214E-1 2.76918E-1 2.68846E-1 2.70507E-1 2.75384E-1 2.81416E-1 2.85542E-1 2.88629E-1 2.91545E-1
2.20284E-1 2.20282E-1 2.22503E-1 2.22392E-1 2.20292E-1 2.2031E-1 2.2253E-1 2.2516E-1 2.2899E-1 2.32341E-1 2.35668E-1 2.3354E-1 2.3491E-1 2.32671E-1 2.29869E-1 2.31005E-1 2.27818E-1 2.34035E-1 2.33021E-1 2.34239E-1 2.34813E-1 2.38686E-1 2.42464E-1 2.48735E-1 2.61661E-1 2.60484E-1 2.70219E-1 2.74099E-1 2.74695E-1 2.7117E-1 2.68631E-1 2.68098E-1 2.66819E-1 2.70388E-1 2.69965E-1 2.69183E-1 2.72702E-1 2.7172E-1 2.70542E-1 2.77833E-1 2.79996E-1 2.83249E-1 2.85299E-1 2.78413E-1 2.75191E-1 2.77121E-1 2.80436E-1 2.82881E-1 2.86612E-1 2.87974E-1 2.90695E-1 2.91208E-1 2.96109E-1 2.93022E-1 2.87202E-1 2.86998E-1 2.93049E-1 2.98912E-1 3.01141E-1 3.03685E-1 3.04739E-1
2.27303E-1 2.29098E-1 2.30841E-1 2.31635E-1 2.30697E-1 2.30758E-1 2.29601E-1 2.32144E-1 2.34247E-1 2.37515E-1 2.41748E-1 2.43815E-1 2.4205E-1 2.36089E-1 2.32349E-1 2.35889E-1 2.37206E-1 2.37246E-1 2.3755E-1 2.38758E-1 2.43183E-1 2.506E-1 2.54149E-1 2.60535E-1 2.70892E-1 2.7459E-1 2.82405E-1 2.84458E-1 2.87187E-1 2.85393E-1 2.76983E-1 2.72962E-1 2.7343E-1 2.74199E-1 2.74382E-1 2.77455E-1 2.7962E-1 2.82351E-1 2.80718E-1 2.89041E-1 2.8845E-1 2.90481E-1 2.94458E-1 2.93582E-1 2.85543E-1 2.86513E-1 2.86702E-1 2.90288E-1 2.95727E-1 2.96826E-1 3.0025E-1 3.04634E-1 3.15046E-1 3.16115E-1 3.09079E-1 3.05732E-1 3.09426E-1 3.12747E-1 3.1572E-1 3.1479E-1 3.13785E-1
2.30613E-1 2.33725E-1 2.38199E-1 2.41197E-1 2.42647E-1 2.42989E-1 2.37358E-1 2.36035E-1 2.35595E-1 2.38295E-1 2.46306E-1 2.53043E-1 2.48411E-1 2.43005E-1 2.4205E-1 2.36449E-1 2.35862E-1 2.34221E-1 2.38174E-1 2.45024E-1 2.48531E-1 2.53916E-1 2.57828E-1 2.61748E-1 2.73797E-1 2.81043E-1 2.85982E-1 2.90314E-1 2.87429E-1 2.88811E-1 2.81707E-1 2.77225E-1 2.77939E-1 2.749E-1 2.78466E-1 2.84358E-1 2.888E-1 2.87599E-1 2.92516E-1 2.94501E-1 2.97294E-1 3.01526E-1 3.05945E-1 3.01863E-1 2.99992E-1 2.98219E-1 3.04003E-1 3.10321E-1 3.08116E-1 3.0936E-1 3.10473E-1 3.16527E-1 3.24916E-1 3.38746E-1 3.40564E-1 3.39711E-1 3.34456E-1 3.30401E-1 3.24449E-1 3.20023E-1 3.17742E-1
2.34548E-1 2.38381E-1 2.45456E-1 2.48344E-1 2.47684E-1 2.4654E-1 2.42785E-1 2.38464E-1 2.38745E-1 2.40293E-1 2.49748E-1 2.56831E-1 2.51164E-1 2.48254E-1 2.46105E-1 2.41915E-1 2.34354E-1 2.35282E-1 2.41549E-1 2.48546E-1 2.54447E-1 2.55351E-1 2.57086E-1 2.63032E-1 2.72633E-1 2.83943E-1 2.85889E-1 2.8894E-1 2.87207E-1 2.87529E-1 2.83104E-1 2.80829E-1 2.81358E-1 2.81732E-1 2.83454E-1 2.94703E-1 2.93012E-1 2.93879E-1 2.99988E-1 3.01935E-1 3.01067E-1 3.02552E-1 3.12277E-1 3.18246E-1 3.14172E-1 3.1502E-1 3.19518E-1 3.265E-1 3.31071E-1 3.31575E-1 3.32982E-1 3.34023E-1 3.40053E-1 3.48166E-1 3.61254E-1 3.66927E-1 3.58464E-1 3.48024E-1 3.39637E-1 3.31123E-1 3.24016E-1
2.37987E-1 2.40788E-1 2.46598E-1 2.49077E-1 2.52239E-1 2.51291E-1 2.46135E-1 2.4385E-1 2.43876E-1 2.44198E-1 2.52974E-1 2.58325E-1 2.60271E-1 2.56443E-1 2.48469E-1 2.45389E-1 2.41536E-1 2.41745E-1 2.4816E-1 2.51233E-1 2.5525E-1 2.57799E-1 2.58076E-1 2.64328E-1 2.78081E-1 2.87511E-1 2.89994E-1 2.90364E-1 2.92208E-1 2.92112E-1 2.91596E-1 2.88659E-1 2.90021E-1 2.90497E-1 2.949E-1 2.98463E-1 2.97639E-1 3.02652E-1 3.12039E-1 3.20848E-1 3.13764E-1 3.09286E-1 3.18363E-1 3.24064E-1 3.26125E-1 3.27733E-1 3.30326E-1 3.35191E-1 3.40923E-1 3.42443E-1 3.49477E-1 3.57154E-1 3.66541E-1 3.68554E-1 3.80713E-1 3.80752E-1 3.72604E-1 3.63412E-1 3.51289E-1 3.44128E-1 3.40256E-1
2.43188E-1 2.47899E-1 2.51941E-1 2.57995E-1 2.63207E-1 2.5979E-1 2.556E-1 2.55576E-1 2.53581E-1 2.52822E-1 2.59454E-1 2.63846E-1 2.67782E-1 2.67886E-1 2.5639E-1 2.51436E-1 2.56011E-1 2.57183E-1 2.56212E-1 2.54727E-1 2.55922E-1 2.5844E-1 2.58245E-1 2.64304E-1 2.78755E-1 2.91505E-1 2.95944E-1 2.95952E-1 2.99055E-1 3.03805E-1 3.04667E-1 3.02961E-1 3.03528E-1 3.09879E-1 3.11546E-1 3.11948E-1 3.10536E-1 3.15252E-1 3.25879E-1 3.3618E-1 3.35612E-1 3.31092E-1 3.34858E-1 3.38046E-1 3.36502E-1 3.36221E-1 3.41599E-1 3.47162E-1 3.49684E-1 3.58137E-1 3.65498E-1 3.70132E-1 3.80725E-1 3.8491E-1 3.90741E-1 3.89365E-1 3.7878E-1 3.77044E-1 3.72274E-1 3.65009E-1 3.55986E-1
2.51748E-1 2.5601E-1 2.64553E-1 2.67124E-1 2.68775E-1 2.66721E-1 2.65679E-1 2.65462E-1 2.64543E-1 2.64522E-1 2.67956E-1 2.71146E-1 2.71162E-1 2.71389E-1 2.63096E-1 2.6191E-1 2.6508E-1 2.64103E-1 2.61092E-1 2.59974E-1 2.62855E-1 2.62416E-1 2.64967E-1 2.73379E-1 2.87804E-1 3.00481E-1 3.07439E-1 3.09512E-1 3.19576E-1 3.23853E-1 3.19096E-1 3.18326E-1 3.19786E-1 3.19218E-1 3.27442E-1 3.36701E-1 3.4266E-1 3.32704E-1 3.43134E-1 3.54542E-1 3.61718E-1 3.58435E-1 3.55842E-1 3.51937E-1 3.49165E-1 3.53606E-1 3.59435E-1 3.5844E-1 3.61656E-1 3.65344E-1 3.80818E-1 3.86831E-1 3.87072E-1 3.89379E-1 3.9586E-1 3.95824E-1 3.86955E-1 3.91168E-1 3.89439E-1 3.82641E-1 3.79801E-1
2.59548E-1 2.65504E-1 2.72164E-1 2.74362E-1 2.75649E-1 2.7451E-1 2.72398E-1 2.70119E-1 2.71188E-1 2.7496E-1 2.74609E-1 2.75943E-1 2.73686E-1 2.7427E-1 2.71725E-1 2.69625E-1 2.68004E-1 2.67946E-1 2.66723E-1 2.71411E-1 2.75147E-1 2.72659E-1 2.77807E-1 2.88684E-1 3.01138E-1 3.13309E-1 3.19326E-1 3.25381E-1 3.28935E-1 3.35284E-1 3.3448E-1 3.3973E-1 3.37357E-1 3.35966E-1 3.40996E-1 3.43895E-1 3.40346E-1 3.39058E-1 3.46073E-1 3.58712E-1 3.7017E-1 3.7282E-1 3.67705E-1 3.69224E-1 3.73184E-1 3.77367E-1 3.83681E-1 3.76215E-1 3.72062E-1 3.74929E-1 3.90043E-1 3.92462E-1 3.95422E-1 4.0039E-1 4.03193E-1 4.09469E-1 4.01441E-1 3.96457E-1 3.9988E-1 4.03694E-1 4.12631E-1
2.67532E-1 2.70177E-1 2.7462E-1 2.77982E-1 2.79841E-1 2.78983E-1 2.78659E-1 2.77919E-1 2.77692E-1 2.79603E-1 2.82984E-1 2.83858E-1 2.83408E-1 2.82535E-1 2.8368E-1 2.81987E-1 2.84686E-1 2.78732E-1 2.79039E-1 2.79627E-1 2.8107E-1 2.87405E-1 2.99896E-1 3.09465E-1 3.1934E-1 3.2325E-1 3.28572E-1 3.38078E-1 3.40926E-1 3.47594E-1 3.53535E-1 3.5128E-1 3.4817E-1 3.46699E-1 3.51557E-1 3.44981E-1 3.43732E-1 3.47529E-1 3.54312E-1 3.66173E-1 3.74856E-1 3.79663E-1 3.85208E-1 3.92462E-1 3.98349E-1 4.05765E-1 4.03484E-1 3.9363E-1 3.87168E-1 3.86414E-1 3.93889E-1 4.00115E-1 4.01753E-1 4.03261E-1 3.98467E-1 4.0893E-1 4.08236E-1 4.19778E-1 4.21328E-1 4.28186E-1 4.3581E-1
2.70343E-1 2.70974E-1 2.74424E-1 2.80125E-1 2.82522E-1 2.83689E-1 2.85786E-1 2.88172E-1 2.87348E-1 2.92989E-1 2.92662E-1 2.93372E-1 3.02992E-1 3.01638E-1 2.96511E-1 2.98149E-1 2.94385E-1 2.90092E-1 2.92055E-1 2.93175E-1 2.89142E-1 2.96333E-1 3.16066E-1 3.21731E-1 3.31892E-1 3.41852E-1 3.44927E-1 3.48788E-1 3.57864E-1 3.64496E-1 3.69005E-1 3.65827E-1 3.63696E-1 3.58086E-1 3.6325E-1 3.57267E-1 3.57971E-1 3.59148E-1 3.66488E-1 3.81636E-1 3.85944E-1 3.86422E-1 3.99534E-1 4.0889E-1 4.12778E-1 4.13315E-1 4.06784E-1 4.02912E-1 4.03071E-1 4.04497E-1 4.08631E-1 4.08567E-1 4.06933E-1 4.12038E-1 4.07225E-1 4.11522E-1 4.16981E-1 4.17158E-1 4.35443E-1 4.64244E-1 4.82645E-1
2.7131E-1 2.72586E-1 2.7882E-1 2.80864E-1 2.84433E-1 2.87107E-1 2.87493E-1 2.91723E-1 2.94895E-1 2.95128E-1 2.99778E-1 3.03389E-1 3.11044E-1 3.1382E-1 3.09595E-1 3.08374E-1 3.0617E-1 3.03783E-1 3.07756E-1 3.08549E-1 3.07078E-1 3.15375E-1 3.31131E-1 3.3801E-1 3.43301E-1 3.58225E-1 3.58333E-1 3.60291E-1 3.69863E-1 3.78742E-1 3.81547E-1 3.84893E-1 3.85252E-1 3.78965E-1 3.88604E-1 3.78248E-1 3.70072E-1 3.77464E-1 3.82486E-1 3.92499E-1 3.92287E-1 3.95176E-1 4.05168E-1 4.12269E-1 4.13405E-1 4.04435E-1 4.01385E-1 4.04364E-1 4.10615E-1 4.18735E-1 4.2311E-1 4.2648E-1 4.26011E-1 4.24152E-1 4.23504E-1 4.24933E-1 4.29658E-1 4.37295E-1 4.4608E-1 4.81505E-1 5.05304E-1
2.84728E-1 2.84024E-1 2.88242E-1 2.90812E-1 2.89456E-1 2.91748E-1 2.93472E-1 2.97789E-1 3.03287E-1 3.0499E-1 3.05098E-1 3.07704E-1 3.16282E-1 3.19131E-1 3.20654E-1 3.20114E-1 3.19871E-1 3.1871E-1 3.16876E-1 3.2095E-1 3.25274E-1 3.31882E-1 3.44693E-1 3.60006E-1 3.65626E-1 3.64213E-1 3.68147E-1 3.75332E-1 3.85926E-1 3.91171E-1 3.91878E-1 4.02596E-1 3.97037E-1 3.95654E-1 3.94001E-1 3.89204E-1 3.9667E-1 4.0381E-1 4.01767E-1 4.08909E-1 4.07853E-1 4.04248E-1 4.09487E-1 4.12421E-1 4.05053E-1 4.04081E-1 4.06994E-1 4.21509E-1 4.31481E-1 4.37205E-1 4.34362E-1 4.37679E-1 4.38846E-1 4.44753E-1 4.49803E-1 4.47798E-1 4.57409E-1 4.71475E-1 4.76369E-1 4.96871E-1 5.21479E-1
2.99109E-1 2.9857E-1 2.93948E-1 2.97712E-1 3.01631E-1 3.0497E-1 3.06893E-1 3.12119E-1 3.14584E-1 3.1505E-1 3.18258E-1 3.21169E-1 3.19981E-1 3.23355E-1 3.29744E-1 3.35739E-1 3.30328E-1 3.30008E-1 3.29537E-1 3.34697E-1 3.45213E-1 3.56513E-1 3.70053E-1 3.72707E-1 3.77575E-1 3.74119E-1 3.82159E-1 3.8949E-1 4.00077E-1 4.04682E-1 4.06949E-1 4.05384E-1 3.97984E-1 3.9313E-1 3.95364E-1 3.96309E-1 4.13337E-1 4.17516E-1 4.1785E-1 4.19214E-1 4.14338E-1 4.1049E-1 4.16776E-1 4.15868E-1 4.11587E-1 4.04663E-1 4.09673E-1 4.21884E-1 4.4195E-1 4.53604E-1 4.49213E-1 4.4671E-1 4.53911E-1 4.64371E-1 4.62487E-1 4.69804E-1 4.81154E-1 4.97765E-1 5.04416E-1 5.1888E-1 5.39156E-1
3.05644E-1 3.0577E-1 3.03502E-1 3.03509E-1 3.07413E-1 3.12837E-1 3.19919E-1 3.20582E-1 3.20254E-1 3.21769E-1 3.27522E-1 3.334E-1 3.35595E-1 3.36531E-1 3.42286E-1 3.46469E-1 3.38105E-1 3.43888E-1 3.52415E-1 3.62498E-1 3.72856E-1 3.8063E-1 3.87471E-1 3.9639E-1 3.89894E-1 3.90191E-1 4.00663E-1 4.06239E-1 4.19277E-1 4.26459E-1 4.21049E-1 4.14142E-1 4.0075E-1 3.89419E-1 3.88151E-1 3.9448E-1 4.13068E-1 4.1933E-1 4.1985E-1 4.24993E-1 4.23176E-1 4.20868E-1 4.2792E-1 4.33119E-1 4.33656E-1 4.28785E-1 4.26597E-1 4.34817E-1 4.50959E-1 4.62612E-1 4.70112E-1 4.64791E-1 4.68552E-1 4.75781E-1 4.90551E-1 4.97325E-1 5.0845E-1 5.02486E-1 5.11712E-1 5.12602E-1 5.30507E-1
3.09663E-1 3.12162E-1 3.14589E-1 3.16646E-1 3.22458E-1 3.25226E-1 3.29973E-1 3.33232E-1 3.24793E-1 3.27524E-1 3.32035E-1 3.4068E-1 3.46557E-1 3.52192E-1 3.52838E-1 3.6256E-1 3.57355E-1 3.53923E-1 3.70244E-1 3.91782E-1 4.05703E-1 4.14191E-1 4.10797E-1 4.19291E-1 4.1512E-1 4.12119E-1 4.22382E-1 4.35883E-1 4.40883E-1 4.42849E-1 4.41415E-1 4.29252E-1 4.10225E-1 3.94271E-1 4.00921E-1 4.13346E-1 4.32286E-1 4.34181E-1 4.39922E-1 4.39085E-1 4.28613E-1 4.31649E-1 4.4378E-1 4.46966E-1 4.55007E-1 4.50209E-1 4.51587E-1 4.52228E-1 4.66577E-1 4.77713E-1 4.8663E-1 4.95483E-1 4.87667E-1 4.98891E-1 5.05712E-1 5.22895E-1 4.98354E-1 5.09197E-1 5.1859E-1 5.09942E-1 5.22973E-1
3.15083E-1 3.20211E-1 3.21064E-1 3.22968E-1 3.279E-1 3.33562E-1 3.34657E-1 3.44846E-1 3.35677E-1 3.36092E-1 3.44337E-1 3.5224E-1 3.61025E-1 3.68185E-1 3.73219E-1 3.9045E-1 3.87911E-1 3.80687E-1 3.97681E-1 4.17754E-1 4.29927E-1 4.37036E-1 4.2989E-1 4.40827E-1 4.38489E-1 4.42084E-1 4.51663E-1 4.55775E-1 4.70865E-1 4.61595E-1 4.57208E-1 4.50179E-1 4.33625E-1 4.22556E-1 4.33641E-1 4.51708E-1 4.54637E-1 4.52352E-1 4.51249E-1 4.51273E-1 4.49256E-1 4.47439E-1 4.5713E-1 4.59991E-1 4.71607E-1 4.72341E-1 4.7651E-1 4.81458E-1 4.84969E-1 4.99985E-1 5.09516E-1 5.25069E-1 5.27703E-1 5.30286E-1 5.3182E-1 5.19137E-1 5.15242E-1 5.24482E-1 5.41567E-1 5.36809E-1 5.50863E-1
3.21914E-1 3.24522E-1 3.26198E-1 3.30739E-1 3.3248E-1 3.36028E-1 3.35506E-1 3.36822E-1 3.3882E-1 3.47456E-1 3.54336E-1 3.63788E-1 3.70218E-1 3.80112E-1 3.91001E-1 3.99713E-1 4.04749E-1 4.06115E-1 4.22046E-1 4.37248E-1 4.43756E-1 4.50317E-1 4.47562E-1 4.74886E-1 4.64421E-1 4.68188E-1 4.8253E-1 4.98856E-1 4.91362E-1 4.79675E-1 4.80604E-1 4.77164E-1 4.68716E-1 4.63235E-1 4.73023E-1 4.85067E-1 4.92783E-1 4.7801E-1 4.76321E-1 4.8301E-1 4.78024E-1 4.83627E-1 4.7526E-1 4.8209E-1 4.86131E-1 4.92984E-1 4.99535E-1 4.96792E-1 5.03984E-1 5.15673E-1 5.34834E-1 5.46252E-1 5.57108E-1 5.70016E-1 5.64811E-1 5.40386E-1 5.25411E-1 5.43165E-1 5.64695E-1 5.74449E-1 5.88928E-1
3.26281E-1 3.27851E-1 3.3099E-1 3.35814E-1 3.39602E-1 3.41668E-1 3.46853E-1 3.47051E-1 3.52279E-1 3.647E-1 3.68006E-1 3.76143E-1 3.78965E-1 3.85814E-1 3.98485E-1 4.10657E-1 4.18829E-1 4.26827E-1 4.30744E-1 4.46395E-1 4.56388E-1 4.53044E-1 4.65399E-1 4.83059E-1 4.83787E-1 4.87789E-1 5.10224E-1 5.15045E-1 5.05853E-1 4.92584E-1 4.96773E-1 4.94792E-1 4.95947E-1 5.23501E-1 5.13405E-1 4.9008E-1 4.79239E-1 4.92775E-1 4.93198E-1 5.02136E-1 5.23311E-1 5.35348E-1 5.11418E-1 5.35639E-1 5.04646E-1 5.11863E-1 5.21164E-1 5.25225E-1 5.34864E-1 5.48156E-1 5.60768E-1 5.70313E-1 5.97231E-1 6.13442E-1 5.94048E-1 5.65323E-1 5.59584E-1 5.72116E-1 5.84759E-1 5.9922E-1 6.19962E-1
3.28027E-1 3.31684E-1 3.34901E-1 3.43391E-1 3.45384E-1 3.46336E-1 3.48228E-1 3.60446E-1 3.65286E-1 3.64724E-1 3.71265E-1 3.82146E-1 3.92175E-1 3.9831E-1 4.06883E-1 4.15473E-1 4.26382E-1 4.37615E-1 4.58117E-1 4.58478E-1 4.50511E-1 4.57693E-1 4.7E-1 4.84454E-1 4.94029E-1 5.16586E-1 5.2988E-1 5.24471E-1 5.20988E-1 5.16074E-1 5.07691E-1 5.05466E-1 5.26255E-1 5.35345E-1 5.28628E-1 5.21968E-1 5.15142E-1 5.18664E-1 5.14342E-1 5.09433E-1 5.13308E-1 5.19412E-1 5.2501E-1 5.47639E-1 5.31986E-1 5.29375E-1 5.42687E-1 5.56016E-1 5.66352E-1 5.7918E-1 5.92443E-1 6.0759E-1 6.2778E-1 6.23989E-1 6.04587E-1 5.94114E-1 5.93908E-1 5.96864E-1 6.02645E-1 6.20842E-1 6.17926E-1
3.33783E-1 3.36E-1 3.37414E-1 3.44433E-1 3.54795E-1 3.63854E-1 3.60914E-1 3.61625E-1 3.72541E-1 3.76834E-1 3.8053E-1 3.92263E-1 3.99009E-1 4.14701E-1 4.17328E-1 4.2435E-1 4.28892E-1 4.40259E-1 4.52875E-1 4.55241E-1 4.52212E-1 4.59669E-1 4.71269E-1 4.90452E-1 5.07452E-1 5.38988E-1 5.42154E-1 5.41887E-1 5.39193E-1 5.30088E-1 5.30457E-1 5.31401E-1 5.39485E-1 5.43168E-1 5.43657E-1 5.45889E-1 5.41728E-1 5.40466E-1 5.31383E-1 5.21245E-1 5.19112E-1 5.33686E-1 5.59739E-1 5.56322E-1 5.57105E-1 5.53383E-1 5.5464E-1 5.6718E-1 5.86663E-1 6.04678E-1 6.31003E-1 6.27377E-1 6.31881E-1 6.29144E-1 6.23489E-1 6.22357E-1 6.22329E-1 6.19751E-1 6.2449E-1 6.38544E-1 6.38542E-1
