maxent_outputs/red_flowers_troch_bombus_environ/red_73.asc
ncols         426
nrows         180
xllcorner     -130.0
yllcorner     24.0
cellsize      0.16666666666666666
NODATA_value  -9999
[rows 54 to 80 of 180, columns 61 to 121 of 426]
1.22825E-1 1.17414E-1 1.2779E-1 1.28958E-1 1.23275E-1 1.13487E-1 1.14356E-1 1.06822E-1 1.01692E-1 1.02089E-1 9.37919E-2 7.10848E-2 9.22734E-2 9.7161E-2 9.48623E-2 9.25494E-2 8.11401E-2 1.00904E-1 1.06796E-1 8.67166E-2 8.83058E-2 7.99941E-2 7.17775E-2 8.30616E-2 8.84197E-2 8.7692E-2 7.93403E-2 8.42718E-2 8.22644E-2 8.53835E-2 7.9749E-2 7.95209E-2 8.05168E-2 8.57984E-2 7.84127E-2 7.77329E-2 6.77694E-2 5.95624E-2 7.8914E-2 6.77955E-2 8.45891E-2 8.10942E-2 8.43079E-2 6.54273E-2 7.49169E-2 6.88826E-2 7.42246E-2 6.41996E-2 7.62576E-2 6.81331E-2 6.88439E-2 6.47595E-2 5.87255E-2 5.96463E-2 5.66508E-2 5.37243E-2 5.02693E-2 5.25032E-2 5.85767E-2 6.28953E-2 6.67773E-2
1.28863E-1 1.3481E-1 1.32525E-1 1.23314E-1 1.22221E-1 1.22635E-1 1.12894E-1 1.02322E-1 9.871E-2 9.78475E-2 9.29129E-2 8.90636E-2 9.29638E-2 9.48788E-2 9.88015E-2 1.05017E-1 1.08991E-1 1.10271E-1 9.97953E-2 8.99044E-2 8.09091E-2 9.28643E-2 6.47303E-2 8.0939E-2 8.43769E-2 8.29735E-2 8.50406E-2 8.18E-2 7.77261E-2 8.21069E-2 8.24191E-2 8.29931E-2 8.60433E-2 6.76038E-2 6.06018E-2 7.82555E-2 7.32872E-2 6.239E-2 7.05974E-2 6.93977E-2 8.03409E-2 7.34446E-2 6.69541E-2 6.25561E-2 6.08806E-2 6.1848E-2 5.74531E-2 5.29036E-2 5.64569E-2 5.44147E-2 5.86242E-2 5.26273E-2 4.843E-2 5.27849E-2 5.43074E-2 5.66682E-2 5.86752E-2 5.97417E-2 5.71109E-2 6.23412E-2 7.44512E-2
1.21345E-1 1.40237E-1 1.29421E-1 1.16811E-1 1.2522E-1 1.22792E-1 1.2434E-1 1.05745E-1 9.48003E-2 8.50003E-2 8.6091E-2 9.62351E-2 8.92817E-2 9.07808E-2 9.89586E-2 1.10158E-1 1.11577E-1 1.05368E-1 8.34314E-2 6.93469E-2 7.64279E-2 9.74014E-2 7.23409E-2 8.25572E-2 8.39795E-2 8.243E-2 8.20906E-2 7.74117E-2 8.11827E-2 8.18566E-2 7.90739E-2 8.24949E-2 8.3022E-2 6.81084E-2 6.66592E-2 5.99025E-2 7.1255E-2 8.44415E-2 6.86262E-2 5.94267E-2 7.64515E-2 6.0449E-2 6.24207E-2 6.70335E-2 5.23137E-2 4.81303E-2 5.19322E-2 5.66439E-2 5.5285E-2 5.70018E-2 5.77367E-2 5.47915E-2 5.34575E-2 5.5408E-2 5.62925E-2 6.00169E-2 5.49534E-2 5.20462E-2 6.19178E-2 7.02871E-2 7.75244E-2
1.11444E-1 1.22578E-1 1.32993E-1 1.3041E-1 1.30487E-1 1.27039E-1 1.22555E-1 1.25506E-1 1.02306E-1 8.2388E-2 8.10465E-2 8.43206E-2 8.05338E-2 8.90632E-2 9.1325E-2 1.115E-1 1.0506E-1 9.78623E-2 8.89858E-2 7.35968E-2 8.15477E-2 9.55232E-2 7.70602E-2 8.2034E-2 8.96034E-2 7.75954E-2 7.07188E-2 7.40416E-2 6.99691E-2 7.65576E-2 7.81181E-2 7.80981E-2 8.35979E-2 7.59411E-2 7.80171E-2 7.47249E-2 5.85076E-2 7.37948E-2 8.03342E-2 6.9929E-2 6.08584E-2 7.95183E-2 6.96381E-2 5.93372E-2 6.11454E-2 5.8224E-2 5.69076E-2 5.04055E-2 5.00657E-2 5.23667E-2 5.51739E-2 5.83213E-2 5.73124E-2 5.76153E-2 5.95064E-2 5.51046E-2 5.1229E-2 5.45563E-2 7.14481E-2 7.56482E-2 7.99612E-2
9.11928E-2 1.06704E-1 1.20199E-1 1.1392E-1 9.23881E-2 1.08156E-1 1.05654E-1 9.83677E-2 9.89204E-2 9.50001E-2 9.63362E-2 8.59614E-2 8.91863E-2 9.26644E-2 9.78737E-2 1.1271E-1 1.05637E-1 1.02439E-1 1.12541E-1 9.70962E-2 9.75747E-2 8.93198E-2 8.71816E-2 8.76961E-2 9.093E-2 8.19505E-2 7.92051E-2 8.30367E-2 7.10433E-2 6.17161E-2 7.77683E-2 7.77303E-2 7.5566E-2 6.71851E-2 6.9776E-2 7.60087E-2 7.42007E-2 6.81648E-2 6.00699E-2 6.93668E-2 6.57223E-2 6.63736E-2 7.0635E-2 5.92961E-2 5.62588E-2 5.3085E-2 5.15481E-2 4.85548E-2 4.97549E-2 5.70855E-2 5.69909E-2 6.02906E-2 6.30055E-2 6.67868E-2 6.5958E-2 5.28137E-2 5.46124E-2 5.38186E-2 5.77593E-2 6.31244E-2 7.65159E-2
9.64075E-2 9.95089E-2 1.08044E-1 1.07235E-1 8.85501E-2 7.97239E-2 1.04141E-1 8.92435E-2 9.24873E-2 9.26953E-2 9.52846E-2 8.78247E-2 9.69552E-2 1.04373E-1 9.84154E-2 1.02305E-1 1.03452E-1 1.01753E-1 1.08071E-1 1.15223E-1 1.17824E-1 1.02776E-1 9.92707E-2 8.17723E-2 9.20994E-2 8.57831E-2 8.37507E-2 8.55977E-2 8.17036E-2 7.36215E-2 7.83475E-2 8.3245E-2 7.9069E-2 7.62357E-2 7.68596E-2 5.89979E-2 8.52664E-2 8.70949E-2 6.82402E-2 6.23799E-2 8.91799E-2 6.70565E-2 7.0565E-2 5.10848E-2 4.92857E-2 4.83007E-2 5.09529E-2 5.26284E-2 4.92811E-2 4.72835E-2 5.59567E-2 5.59283E-2 6.54311E-2 6.78773E-2 5.83092E-2 5.87834E-2 5.98097E-2 5.6262E-2 5.72741E-2 6.03185E-2 7.03673E-2
9.33158E-2 9.55792E-2 9.93335E-2 9.27096E-2 9.72477E-2 8.95421E-2 9.97188E-2 8.94165E-2 9.80552E-2 9.29329E-2 1.02917E-1 1.06647E-1 1.02133E-1 9.90953E-2 9.83138E-2 9.80989E-2 1.03932E-1 1.0698E-1 1.02815E-1 1.10023E-1 1.1588E-1 1.05621E-1 1.06614E-1 8.15416E-2 9.50923E-2 8.68278E-2 8.22452E-2 8.43356E-2 8.17537E-2 7.74939E-2 7.58347E-2 8.20495E-2 8.33553E-2 8.28983E-2 7.58005E-2 7.41924E-2 7.48926E-2 7.1707E-2 7.22899E-2 7.87777E-2 6.7876E-2 7.96061E-2 5.89415E-2 4.85608E-2 4.76902E-2 4.70781E-2 4.97753E-2 5.03092E-2 5.07919E-2 5.22237E-2 5.57237E-2 5.00592E-2 6.08111E-2 8.07978E-2 7.14378E-2 5.35669E-2 5.71151E-2 5.84293E-2 6.79443E-2 6.88122E-2 6.69143E-2
8.33854E-2 8.18061E-2 8.37686E-2 8.3485E-2 8.82238E-2 1.07889E-1 1.04989E-1 9.52035E-2 8.96226E-2 1.00384E-1 1.10582E-1 1.16327E-1 1.12062E-1 1.0751E-1 1.05344E-1 1.07242E-1 1.11667E-1 1.09662E-1 1.06229E-1 1.05396E-1 1.14469E-1 1.23482E-1 1.14234E-1 9.16993E-2 9.71736E-2 9.18461E-2 9.41264E-2 9.03103E-2 8.58903E-2 7.67621E-2 8.24465E-2 8.2654E-2 7.79758E-2 8.12997E-2 8.83746E-2 8.16174E-2 7.90628E-2 6.90231E-2 5.94918E-2 7.59833E-2 7.1901E-2 5.31697E-2 5.68472E-2 5.75921E-2 5.15871E-2 5.03418E-2 5.13961E-2 5.09982E-2 5.34267E-2 6.3155E-2 7.09231E-2 5.59866E-2 4.97575E-2 7.91701E-2 6.44287E-2 5.01386E-2 6.38734E-2 7.33657E-2 6.42067E-2 7.62515E-2 7.98475E-2
9.45045E-2 9.41315E-2 9.21373E-2 9.30004E-2 9.42198E-2 8.43443E-2 8.7833E-2 1.00512E-1 1.08581E-1 1.16874E-1 1.11666E-1 1.02641E-1 1.01801E-1 1.06053E-1 1.16905E-1 1.26249E-1 1.14251E-1 1.11548E-1 1.14803E-1 1.11541E-1 1.08672E-1 1.23587E-1 1.22332E-1 1.00709E-1 9.30304E-2 9.71891E-2 9.9056E-2 8.84515E-2 8.66734E-2 8.12293E-2 7.8093E-2 8.54689E-2 7.39683E-2 7.07664E-2 7.22162E-2 7.47351E-2 7.19275E-2 6.50065E-2 5.37465E-2 5.61321E-2 6.11662E-2 5.83402E-2 6.10919E-2 6.14711E-2 5.88625E-2 5.34603E-2 5.33338E-2 5.85559E-2 6.53225E-2 6.71847E-2 7.05961E-2 7.11906E-2 6.43163E-2 7.73543E-2 4.55214E-2 5.76503E-2 6.76651E-2 6.52915E-2 6.60758E-2 7.43844E-2 7.32476E-2
1.06319E-1 1.05469E-1 1.02569E-1 1.04873E-1 1.03195E-1 9.89347E-2 1.06366E-1 1.07698E-1 1.11437E-1 1.07349E-1 1.09999E-1 1.10421E-1 9.86478E-2 1.02638E-1 1.22887E-1 1.22486E-1 1.07696E-1 1.00642E-1 1.14207E-1 1.07413E-1 1.00125E-1 1.00784E-1 1.03276E-1 1.08451E-1 1.04074E-1 8.96735E-2 8.60494E-2 7.32805E-2 7.43622E-2 6.93121E-2 6.41672E-2 6.67521E-2 6.73539E-2 5.92687E-2 6.67369E-2 5.95881E-2 7.03739E-2 7.16987E-2 6.93753E-2 5.94179E-2 6.04642E-2 6.63419E-2 6.59941E-2 6.25821E-2 6.69375E-2 6.50776E-2 6.24787E-2 6.83139E-2 6.54025E-2 6.70465E-2 6.615E-2 6.92723E-2 7.51297E-2 6.51349E-2 5.51883E-2 7.59135E-2 6.49336E-2 6.53016E-2 6.30188E-2 5.95138E-2 7.18388E-2
1.11532E-1 1.13497E-1 1.1563E-1 1.17357E-1 1.16392E-1 1.11978E-1 1.19248E-1 1.12417E-1 1.13213E-1 1.15091E-1 1.08043E-1 9.33848E-2 1.04379E-1 1.1829E-1 1.16266E-1 1.13338E-1 1.04427E-1 1.1148E-1 1.14198E-1 1.19505E-1 1.12915E-1 1.08527E-1 1.04995E-1 1.07319E-1 1.15014E-1 1.12845E-1 9.56289E-2 7.59024E-2 6.9494E-2 6.78616E-2 6.29231E-2 6.539E-2 7.15745E-2 7.09981E-2 7.18871E-2 6.73493E-2 7.44103E-2 7.5395E-2 7.59988E-2 6.57702E-2 6.53642E-2 7.20344E-2 6.80585E-2 6.08857E-2 6.58491E-2 6.75085E-2 6.99865E-2 7.79371E-2 6.32906E-2 5.79676E-2 6.78359E-2 7.18967E-2 6.85133E-2 7.35495E-2 6.49829E-2 6.92951E-2 5.36391E-2 6.63067E-2 6.55033E-2 6.60097E-2 7.26887E-2
1.11592E-1 1.10312E-1 1.13347E-1 1.14174E-1 1.21374E-1 1.2189E-1 1.22089E-1 1.20923E-1 1.25678E-1 1.16704E-1 1.0527E-1 1.01265E-1 1.19448E-1 1.041E-1 1.00431E-1 9.56015E-2 9.82928E-2 1.11823E-1 1.08167E-1 1.2153E-1 1.21417E-1 1.17035E-1 1.16094E-1 1.12121E-1 1.10145E-1 1.1039E-1 1.15615E-1 1.14257E-1 1.09721E-1 1.05097E-1 9.58594E-2 9.18182E-2 8.50811E-2 7.35831E-2 7.49172E-2 8.07821E-2 8.02201E-2 8.18846E-2 8.11267E-2 7.55634E-2 7.56325E-2 7.18618E-2 6.70822E-2 7.01374E-2 6.97188E-2 7.43212E-2 7.13756E-2 5.97706E-2 5.87561E-2 5.09315E-2 5.49248E-2 7.08876E-2 6.03253E-2 6.78243E-2 6.75528E-2 7.37799E-2 6.13566E-2 5.25516E-2 4.75804E-2 6.62597E-2 7.1865E-2
1.21352E-1 1.2316E-1 1.16723E-1 1.12767E-1 1.17515E-1 1.24435E-1 1.25788E-1 1.28075E-1 1.21448E-1 1.20077E-1 1.19304E-1 1.12242E-1 1.19688E-1 1.05541E-1 1.04174E-1 9.77449E-2 1.02042E-1 1.08497E-1 1.14934E-1 1.14271E-1 1.20296E-1 1.22264E-1 1.19846E-1 1.2375E-1 1.19067E-1 1.13472E-1 1.11869E-1 1.13818E-1 1.06936E-1 9.53655E-2 8.89349E-2 8.85189E-2 8.49296E-2 8.24532E-2 8.78281E-2 8.53893E-2 8.13118E-2 8.08439E-2 8.14049E-2 8.40538E-2 7.09381E-2 6.91182E-2 8.42995E-2 8.28511E-2 7.7146E-2 7.52686E-2 7.5404E-2 5.67199E-2 5.57054E-2 5.15929E-2 5.53814E-2 6.4989E-2 6.33343E-2 5.84606E-2 7.27815E-2 7.47921E-2 7.16655E-2 4.60885E-2 4.4097E-2 4.55641E-2 5.7861E-2
1.34114E-1 1.24469E-1 1.16691E-1 1.16311E-1 1.12947E-1 1.25218E-1 1.24787E-1 1.20065E-1 1.22637E-1 1.32628E-1 1.31399E-1 1.21097E-1 1.03597E-1 1.05097E-1 1.06429E-1 1.01565E-1 1.06991E-1 1.18862E-1 1.14025E-1 1.04101E-1 1.03368E-1 1.13713E-1 1.25773E-1 1.18025E-1 1.1329E-1 1.09413E-1 1.07484E-1 1.07779E-1 1.02092E-1 1.00993E-1 9.67074E-2 9.4117E-2 9.04582E-2 8.67742E-2 8.69056E-2 8.10287E-2 7.63187E-2 7.78711E-2 7.72629E-2 8.49538E-2 7.31463E-2 7.27397E-2 7.74624E-2 7.8094E-2 7.92514E-2 6.84179E-2 7.93633E-2 5.34116E-2 5.7025E-2 5.12723E-2 5.4992E-2 7.15045E-2 6.17291E-2 5.42701E-2 7.71756E-2 7.7664E-2 6.89942E-2 5.54271E-2 4.79946E-2 4.69077E-2 4.43874E-2
1.27339E-1 1.33473E-1 1.25672E-1 1.22598E-1 1.11512E-1 1.2674E-1 1.19324E-1 1.23837E-1 1.12345E-1 1.21209E-1 1.10423E-1 1.08036E-1 1.14046E-1 1.10859E-1 1.09951E-1 1.06542E-1 1.05732E-1 1.10314E-1 1.08183E-1 9.94028E-2 9.07227E-2 9.70923E-2 1.11075E-1 1.19572E-1 1.12844E-1 1.10899E-1 1.10559E-1 1.09813E-1 1.0989E-1 1.00535E-1 1.00737E-1 1.0077E-1 9.74625E-2 9.50159E-2 8.95206E-2 8.77333E-2 9.15591E-2 8.87164E-2 8.10658E-2 7.84802E-2 8.14784E-2 8.00388E-2 8.75842E-2 7.38367E-2 7.01549E-2 6.35264E-2 6.73739E-2 7.28441E-2 5.66924E-2 6.86324E-2 6.71575E-2 7.74182E-2 6.52048E-2 7.10302E-2 7.36307E-2 8.03149E-2 6.89108E-2 5.06583E-2 4.23455E-2 4.24666E-2 4.48467E-2
1.29357E-1 1.24274E-1 1.3215E-1 1.37717E-1 1.25301E-1 1.21891E-1 1.27502E-1 1.19216E-1 1.16431E-1 1.12419E-1 1.15956E-1 1.22311E-1 1.23405E-1 1.24223E-1 1.19727E-1 1.1606E-1 1.10564E-1 1.21631E-1 1.04462E-1 1.03168E-1 1.03461E-1 9.48701E-2 1.00732E-1 1.13899E-1 1.18805E-1 1.18352E-1 1.14244E-1 1.11716E-1 1.1355E-1 1.06595E-1 1.02621E-1 9.77467E-2 9.91559E-2 9.77453E-2 9.70212E-2 9.23982E-2 9.26389E-2 9.2358E-2 8.9351E-2 8.25584E-2 8.65012E-2 8.23504E-2 8.33734E-2 7.10208E-2 6.5281E-2 7.24062E-2 6.78937E-2 7.90631E-2 6.03162E-2 8.59339E-2 5.87317E-2 7.00682E-2 5.84621E-2 5.93028E-2 7.7833E-2 7.8057E-2 7.56938E-2 5.87142E-2 4.71119E-2 4.83634E-2 4.36751E-2
1.39678E-1 1.20409E-1 1.22925E-1 1.32144E-1 1.3051E-1 1.2564E-1 1.3314E-1 1.24545E-1 1.32375E-1 1.23935E-1 1.36397E-1 1.23633E-1 1.22004E-1 1.29111E-1 1.24626E-1 1.19995E-1 1.07888E-1 1.05671E-1 1.01033E-1 1.02292E-1 1.06626E-1 9.93229E-2 9.53152E-2 1.0473E-1 1.20239E-1 1.19675E-1 1.04259E-1 1.00907E-1 9.44874E-2 9.7378E-2 1.04302E-1 9.97147E-2 9.04085E-2 9.03248E-2 9.44994E-2 9.51537E-2 9.3271E-2 9.45749E-2 9.29506E-2 8.87049E-2 7.6443E-2 7.48263E-2 7.30906E-2 7.46729E-2 7.48492E-2 6.90893E-2 7.43723E-2 6.52402E-2 6.83645E-2 8.77638E-2 5.93433E-2 5.60357E-2 4.31966E-2 5.89992E-2 7.65833E-2 7.67784E-2 6.69561E-2 5.74409E-2 5.71386E-2 5.56236E-2 5.00929E-2
1.37173E-1 1.23531E-1 1.23445E-1 1.21433E-1 1.31275E-1 1.2977E-1 1.3658E-1 1.25366E-1 1.3726E-1 1.3218E-1 1.24966E-1 1.27032E-1 1.12414E-1 1.2459E-1 1.23662E-1 1.19074E-1 1.12005E-1 1.10334E-1 1.06476E-1 1.01028E-1 1.05842E-1 1.07256E-1 1.07738E-1 1.09513E-1 1.13635E-1 1.11223E-1 1.04323E-1 9.53033E-2 9.4474E-2 9.54555E-2 1.07804E-1 9.11615E-2 7.74909E-2 8.4235E-2 8.72797E-2 8.8031E-2 9.14272E-2 9.47406E-2 9.28559E-2 8.88779E-2 8.64192E-2 7.10727E-2 7.089E-2 7.18626E-2 6.85985E-2 6.73388E-2 7.33069E-2 6.2376E-2 7.06659E-2 9.07269E-2 7.8003E-2 7.53506E-2 5.47261E-2 4.62701E-2 6.15768E-2 6.61614E-2 6.21021E-2 5.62153E-2 5.49678E-2 5.67018E-2 5.58704E-2
1.26629E-1 1.25039E-1 1.26079E-1 1.28993E-1 1.30314E-1 1.32095E-1 1.29032E-1 1.25453E-1 1.4146E-1 1.22843E-1 1.23581E-1 1.21261E-1 1.09721E-1 1.20151E-1 1.31206E-1 1.28322E-1 1.19189E-1 1.1257E-1 1.1164E-1 1.06325E-1 1.0597E-1 1.08318E-1 1.07104E-1 1.00527E-1 1.09299E-1 1.1252E-1 1.11347E-1 1.03116E-1 9.82454E-2 8.64409E-2 1.06033E-1 9.3156E-2 8.77566E-2 8.39551E-2 7.93E-2 8.66055E-2 8.65345E-2 9.56659E-2 9.61987E-2 8.52504E-2 7.83393E-2 6.80771E-2 7.33377E-2 7.22501E-2 7.21749E-2 7.30855E-2 7.41887E-2 6.36702E-2 7.99702E-2 8.96641E-2 8.43443E-2 7.60214E-2 5.82152E-2 5.06526E-2 6.29659E-2 6.12044E-2 6.01018E-2 5.40879E-2 5.36043E-2 5.4244E-2 5.60076E-2
1.14527E-1 1.22828E-1 1.21605E-1 1.30013E-1 1.36437E-1 1.36789E-1 1.28275E-1 1.29491E-1 1.36626E-1 1.09928E-1 1.25144E-1 1.14416E-1 1.11309E-1 1.31255E-1 1.19941E-1 1.26568E-1 1.19261E-1 1.09454E-1 1.08014E-1 1.05358E-1 1.03599E-1 1.04465E-1 1.15837E-1 9.45555E-2 8.71403E-2 1.00047E-1 1.07306E-1 1.00756E-1 8.44842E-2 9.62918E-2 1.00716E-1 9.45335E-2 8.55624E-2 8.45817E-2 8.85372E-2 8.19582E-2 9.10503E-2 8.25805E-2 7.71692E-2 7.69159E-2 8.98113E-2 8.99887E-2 1.02469E-1 8.39141E-2 7.6459E-2 7.80511E-2 7.67458E-2 6.7302E-2 8.52332E-2 8.01632E-2 7.40955E-2 6.26024E-2 5.66588E-2 6.13008E-2 6.08838E-2 6.15673E-2 5.9431E-2 5.59087E-2 5.47448E-2 5.54583E-2 5.49432E-2
1.18493E-1 1.21954E-1 1.22359E-1 1.21465E-1 1.21574E-1 1.35213E-1 1.49325E-1 1.33479E-1 1.17699E-1 1.22052E-1 1.22279E-1 1.13266E-1 1.26382E-1 1.32526E-1 1.29101E-1 1.21841E-1 1.15145E-1 1.10063E-1 1.08585E-1 1.05801E-1 1.07955E-1 1.09901E-1 1.00755E-1 9.80907E-2 8.35186E-2 8.52509E-2 8.4763E-2 8.26414E-2 9.51027E-2 9.25534E-2 8.91506E-2 9.29689E-2 7.97885E-2 8.47664E-2 8.56671E-2 7.97682E-2 9.1972E-2 8.7337E-2 9.42271E-2 9.70366E-2 1.14786E-1 1.44186E-1 1.282E-1 1.03005E-1 9.49172E-2 9.47971E-2 8.55855E-2 7.452E-2 7.9413E-2 7.33914E-2 8.08911E-2 6.18449E-2 5.75364E-2 6.62611E-2 6.58565E-2 6.41518E-2 6.16251E-2 5.92278E-2 5.87276E-2 6.07931E-2 6.17551E-2
1.2613E-1 1.31923E-1 1.27063E-1 1.37826E-1 1.48811E-1 1.52298E-1 1.30017E-1 1.19534E-1 1.39294E-1 1.16084E-1 1.14578E-1 1.11808E-1 1.31132E-1 1.18089E-1 1.16864E-1 1.13461E-1 1.1816E-1 1.25642E-1 1.19475E-1 1.22271E-1 1.21592E-1 1.11376E-1 9.42348E-2 9.81368E-2 9.15569E-2 8.78178E-2 9.10349E-2 8.56037E-2 8.83795E-2 9.09913E-2 8.47004E-2 7.88198E-2 8.18768E-2 8.23353E-2 8.67011E-2 9.41493E-2 1.08399E-1 1.07022E-1 1.10483E-1 1.16813E-1 1.18638E-1 1.49318E-1 1.55514E-1 1.36923E-1 1.11428E-1 1.10428E-1 1.08557E-1 8.15229E-2 8.345E-2 7.67524E-2 8.40476E-2 6.59219E-2 5.65445E-2 6.68585E-2 6.92618E-2 6.84212E-2 6.78921E-2 6.52072E-2 6.57292E-2 6.89043E-2 6.82493E-2
1.32608E-1 1.28354E-1 1.3536E-1 1.56523E-1 1.59524E-1 1.43192E-1 1.20816E-1 1.36267E-1 1.41673E-1 1.18428E-1 1.25327E-1 1.30981E-1 1.32596E-1 1.09462E-1 1.25238E-1 1.23855E-1 1.2462E-1 1.32197E-1 1.13068E-1 1.02143E-1 1.11177E-1 1.04501E-1 1.03186E-1 9.40796E-2 8.38373E-2 9.10959E-2 9.32776E-2 7.92923E-2 7.4609E-2 8.78968E-2 8.94473E-2 8.27235E-2 8.82079E-2 8.58657E-2 8.47718E-2 9.91539E-2 1.00843E-1 1.1434E-1 1.25076E-1 1.15024E-1 1.21008E-1 1.42213E-1 1.58558E-1 1.64782E-1 1.44528E-1 1.4678E-1 9.876E-2 1.01951E-1 7.09267E-2 7.56471E-2 7.5161E-2 6.48323E-2 6.08163E-2 6.28705E-2 6.8879E-2 7.22701E-2 6.94944E-2 7.03207E-2 6.75108E-2 7.41596E-2 7.23812E-2
1.63278E-1 1.34741E-1 1.59487E-1 1.72292E-1 1.47205E-1 1.3981E-1 1.17779E-1 1.42387E-1 1.27391E-1 1.22101E-1 1.28005E-1 1.27075E-1 1.28207E-1 1.12689E-1 1.34156E-1 1.19707E-1 1.10534E-1 1.27702E-1 1.08259E-1 1.07426E-1 1.11553E-1 1.21999E-1 1.01491E-1 9.48642E-2 1.01715E-1 9.40594E-2 8.48288E-2 7.34983E-2 8.75538E-2 9.12721E-2 8.84718E-2 9.47868E-2 8.34241E-2 9.67969E-2 1.03095E-1 1.30274E-1 1.24287E-1 1.38559E-1 1.41264E-1 1.38445E-1 1.18557E-1 1.17366E-1 1.41834E-1 1.72055E-1 1.88681E-1 1.6971E-1 1.23998E-1 1.11286E-1 7.50964E-2 7.7689E-2 7.28843E-2 6.9979E-2 6.90208E-2 6.67495E-2 7.56657E-2 8.7139E-2 8.18717E-2 7.92206E-2 7.68532E-2 7.72094E-2 7.56568E-2
1.57568E-1 1.52186E-1 1.67274E-1 1.61032E-1 1.27477E-1 1.27342E-1 1.28723E-1 1.39154E-1 1.30548E-1 1.20679E-1 1.35224E-1 1.2902E-1 1.28342E-1 1.383E-1 1.31031E-1 1.14108E-1 1.08866E-1 1.20664E-1 1.01637E-1 1.04998E-1 1.06502E-1 9.80885E-2 1.01185E-1 9.76592E-2 1.00882E-1 8.89472E-2 7.55157E-2 9.21881E-2 9.82998E-2 8.99879E-2 8.76892E-2 9.70281E-2 8.19132E-2 1.06475E-1 1.15551E-1 1.16077E-1 1.34236E-1 1.4736E-1 1.55957E-1 1.32698E-1 1.26777E-1 1.09925E-1 1.31241E-1 1.57389E-1 1.87043E-1 1.75565E-1 1.341E-1 1.2057E-1 9.23114E-2 7.7223E-2 7.19208E-2 7.62082E-2 8.89439E-2 9.11511E-2 1.00657E-1 1.07641E-1 1.05895E-1 9.90498E-2 9.34999E-2 8.3635E-2 7.21792E-2
1.66959E-1 1.58186E-1 1.59278E-1 1.42458E-1 1.40467E-1 1.45909E-1 1.48996E-1 1.46617E-1 1.38389E-1 1.40415E-1 1.332E-1 1.45914E-1 1.26828E-1 1.52029E-1 1.35996E-1 1.33381E-1 1.21484E-1 1.19712E-1 1.15129E-1 9.89354E-2 9.44218E-2 1.03926E-1 8.82593E-2 9.2933E-2 9.10926E-2 8.58847E-2 9.60247E-2 1.01997E-1 9.89384E-2 8.8334E-2 8.34825E-2 8.82635E-2 7.73746E-2 1.11257E-1 1.1965E-1 1.29251E-1 1.35905E-1 1.4564E-1 1.42189E-1 1.32737E-1 1.18239E-1 1.28894E-1 1.25986E-1 1.49321E-1 1.55871E-1 1.83194E-1 1.29239E-1 1.36737E-1 1.08684E-1 8.66315E-2 7.32566E-2 8.68786E-2 1.12543E-1 1.07996E-1 1.01177E-1 9.79986E-2 9.22312E-2 1.02598E-1 1.02714E-1 1.01326E-1 9.41226E-2
1.79543E-1 1.69723E-1 1.61946E-1 1.64355E-1 1.60597E-1 1.56463E-1 1.59709E-1 1.55327E-1 1.42062E-1 1.28943E-1 1.36187E-1 1.59947E-1 1.32502E-1 1.36081E-1 1.52573E-1 1.49166E-1 1.52484E-1 1.07912E-1 1.20939E-1 1.16694E-1 9.61669E-2 1.05289E-1 1.04356E-1 9.79126E-2 8.9498E-2 1.01117E-1 1.21373E-1 9.06971E-2 9.98039E-2 1.01291E-1 1.04522E-1 9.94361E-2 7.83846E-2 1.1267E-1 1.11634E-1 1.18585E-1 1.2929E-1 1.30579E-1 1.23043E-1 1.17824E-1 1.20419E-1 1.30654E-1 1.16285E-1 1.3748E-1 1.1711E-1 1.18676E-1 1.16751E-1 1.25043E-1 1.19801E-1 1.05814E-1 7.40017E-2 7.91229E-2 1.01804E-1 1.08816E-1 1.15288E-1 1.1827E-1 1.11015E-1 9.98377E-2 9.12038E-2 8.54657E-2 7.86609E-2
