maxent_outputs/red_flowers_troch_bombus_environ/red_196.asc
ncols         426
nrows         180
xllcorner     -130.0
yllcorner     24.0
cellsize      0.16666666666666666
NODATA_value  -9999
[rows 54 to 80 of 180, columns 61 to 121 of 426]
5.61019E-1 5.96196E-1 5.2847E-1 5.28302E-1 5.78371E-1 5.87387E-1 6.38835E-1 6.09415E-1 6.07636E-1 6.81692E-1 6.06605E-1 4.37103E-1 4.44653E-1 4.5942E-1 5.04502E-1 5.27136E-1 3.95468E-1 3.94044E-1 4.59083E-1 4.34747E-1 4.5486E-1 4.50453E-1 4.96245E-1 6.36076E-1 5.7959E-1 6.33815E-1 6.46723E-1 6.96365E-1 6.7023E-1 6.80298E-1 5.56018E-1 6.48593E-1 6.52051E-1 7.04073E-1 5.80591E-1 5.28691E-1 4.76373E-1 3.86842E-1 5.79426E-1 4.38266E-1 4.96037E-1 4.52666E-1 4.92016E-1 4.52138E-1 4.61426E-1 4.79312E-1 6.26252E-1 6.24684E-1 7.27327E-1 6.15678E-1 7.16655E-1 7.03606E-1 6.23119E-1 6.94013E-1 5.99911E-1 5.59194E-1 5.02699E-1 5.35643E-1 6.29708E-1 7.23181E-1 6.55985E-1
5.6779E-1 5.45585E-1 5.45374E-1 5.88899E-1 5.61865E-1 5.97345E-1 5.99901E-1 6.32398E-1 5.63636E-1 5.76329E-1 5.78173E-1 5.20165E-1 4.45403E-1 4.22236E-1 4.3194E-1 4.19054E-1 3.92871E-1 4.26214E-1 5.65058E-1 4.20156E-1 3.38502E-1 5.64553E-1 4.17404E-1 5.54107E-1 5.89233E-1 6.14341E-1 6.83915E-1 6.31016E-1 5.65266E-1 5.77696E-1 6.47099E-1 7.10927E-1 7.2016E-1 5.55736E-1 4.01797E-1 5.92122E-1 5.74649E-1 4.21175E-1 4.75798E-1 5.0026E-1 5.71883E-1 5.26563E-1 4.0039E-1 3.81795E-1 4.37951E-1 5.31292E-1 5.2916E-1 4.96076E-1 5.0509E-1 4.84093E-1 5.8971E-1 5.63541E-1 4.48027E-1 5.62277E-1 5.81368E-1 6.39905E-1 6.26873E-1 6.74466E-1 6.2286E-1 7.2469E-1 7.27105E-1
5.79716E-1 5.71523E-1 6.40771E-1 6.075E-1 6.44976E-1 6.40233E-1 6.22316E-1 5.60894E-1 5.21939E-1 4.79884E-1 4.67659E-1 5.05195E-1 4.8276E-1 4.44859E-1 4.02673E-1 4.77455E-1 4.42048E-1 5.00382E-1 2.98393E-1 2.61847E-1 2.90685E-1 5.14071E-1 4.74188E-1 5.40158E-1 5.82217E-1 6.03817E-1 6.14699E-1 6.07422E-1 6.52684E-1 6.71577E-1 6.70446E-1 7.24823E-1 6.96573E-1 4.54372E-1 4.47014E-1 3.67049E-1 5.31948E-1 7.11049E-1 5.02082E-1 3.86264E-1 6.07115E-1 4.32164E-1 4.54079E-1 4.79738E-1 3.90076E-1 3.86678E-1 4.56771E-1 4.96394E-1 4.69572E-1 5.09069E-1 5.21264E-1 5.06292E-1 5.40856E-1 5.46277E-1 5.55959E-1 6.19713E-1 6.38517E-1 6.49254E-1 7.20065E-1 7.30143E-1 7.62468E-1
6.31896E-1 5.70799E-1 6.02437E-1 5.7695E-1 5.66571E-1 5.68941E-1 5.23433E-1 5.55912E-1 6.47372E-1 4.73411E-1 4.03972E-1 4.22833E-1 3.75406E-1 4.31948E-1 3.77756E-1 3.9451E-1 3.74643E-1 3.50617E-1 3.04118E-1 2.76794E-1 3.02649E-1 4.59539E-1 4.97931E-1 4.96004E-1 5.72195E-1 5.67534E-1 5.29873E-1 5.98067E-1 5.90678E-1 6.7821E-1 6.80546E-1 7.15459E-1 7.24474E-1 5.1096E-1 4.93792E-1 5.89195E-1 3.89268E-1 5.65029E-1 6.5123E-1 5.35003E-1 4.5121E-1 6.47624E-1 5.48176E-1 4.61561E-1 4.9822E-1 4.80855E-1 4.72316E-1 3.9299E-1 3.61383E-1 3.83337E-1 4.34141E-1 4.79506E-1 5.67912E-1 6.11662E-1 6.22107E-1 6.14651E-1 6.50993E-1 6.66811E-1 7.52999E-1 7.23187E-1 6.82119E-1
5.31015E-1 5.51686E-1 5.96488E-1 6.3719E-1 5.60905E-1 5.95343E-1 6.38809E-1 6.11874E-1 6.06916E-1 5.37304E-1 4.70597E-1 3.68954E-1 3.80607E-1 3.77074E-1 3.688E-1 3.38915E-1 3.42283E-1 3.41939E-1 3.49811E-1 3.2598E-1 3.46477E-1 3.59373E-1 4.93083E-1 4.78318E-1 5.60053E-1 5.47382E-1 5.84926E-1 5.81956E-1 5.68609E-1 5.10438E-1 6.53427E-1 6.4476E-1 5.9012E-1 4.76474E-1 5.20786E-1 6.18362E-1 5.81041E-1 5.0076E-1 4.0254E-1 5.37619E-1 5.09849E-1 4.78757E-1 5.24817E-1 3.89057E-1 3.48235E-1 3.26128E-1 3.61582E-1 3.61933E-1 3.78056E-1 4.42283E-1 4.43392E-1 4.80958E-1 4.95913E-1 5.68736E-1 6.31329E-1 5.76655E-1 5.94054E-1 6.66774E-1 7.25871E-1 7.7467E-1 7.99541E-1
5.15897E-1 5.77623E-1 5.77037E-1 5.96641E-1 5.41157E-1 4.84932E-1 5.68681E-1 5.04734E-1 5.23692E-1 4.2399E-1 4.06507E-1 3.65904E-1 3.87072E-1 4.03861E-1 3.42934E-1 3.30405E-1 3.39959E-1 3.40448E-1 3.30303E-1 3.29413E-1 3.87665E-1 3.72049E-1 4.72411E-1 4.1293E-1 5.04734E-1 4.80336E-1 5.13437E-1 5.60632E-1 6.35156E-1 5.83801E-1 6.55056E-1 7.68765E-1 6.43969E-1 5.80956E-1 6.05544E-1 4.09759E-1 6.8944E-1 7.33846E-1 4.83741E-1 4.00544E-1 6.57526E-1 4.34873E-1 4.35362E-1 3.23783E-1 3.10586E-1 3.06564E-1 3.42518E-1 3.63755E-1 3.58048E-1 3.64721E-1 4.40645E-1 4.68755E-1 5.41133E-1 5.71757E-1 5.15343E-1 5.76711E-1 6.4228E-1 7.02085E-1 7.11929E-1 7.69746E-1 7.90528E-1
5.35059E-1 5.88827E-1 5.85509E-1 5.31923E-1 5.50343E-1 5.10058E-1 5.20912E-1 3.83103E-1 4.14395E-1 3.79671E-1 4.13608E-1 4.20766E-1 3.86406E-1 3.55094E-1 3.35157E-1 3.33437E-1 3.56553E-1 3.4897E-1 3.34049E-1 3.55144E-1 3.92458E-1 3.81741E-1 4.57672E-1 4.13823E-1 5.16937E-1 4.6988E-1 4.81713E-1 5.30546E-1 6.42419E-1 6.47261E-1 6.17408E-1 7.35582E-1 7.57281E-1 7.15517E-1 6.08964E-1 5.94475E-1 5.77266E-1 4.8259E-1 5.0231E-1 5.22126E-1 4.00544E-1 4.95399E-1 3.12086E-1 2.93976E-1 3.10964E-1 3.02721E-1 3.21578E-1 3.33366E-1 3.6584E-1 3.96139E-1 4.39146E-1 4.24657E-1 5.26819E-1 6.87239E-1 6.81611E-1 5.03876E-1 5.3409E-1 5.87844E-1 7.19286E-1 8.21363E-1 7.3605E-1
5.15773E-1 4.79246E-1 4.97262E-1 4.4894E-1 4.42392E-1 5.34865E-1 5.15831E-1 4.065E-1 3.65915E-1 3.97803E-1 4.08472E-1 4.37907E-1 4.16113E-1 3.98269E-1 3.79395E-1 3.83116E-1 3.80561E-1 3.66618E-1 3.59654E-1 3.55544E-1 3.70171E-1 4.19101E-1 4.84221E-1 3.74203E-1 4.75139E-1 4.25401E-1 4.95877E-1 5.39207E-1 5.87937E-1 6.02357E-1 6.62537E-1 6.59948E-1 5.77798E-1 6.64561E-1 7.83773E-1 7.13904E-1 6.46691E-1 4.66751E-1 3.88976E-1 4.90681E-1 4.4138E-1 2.98975E-1 2.86401E-1 2.96663E-1 3.20862E-1 3.23323E-1 3.47065E-1 3.81204E-1 4.11045E-1 4.88912E-1 5.90289E-1 4.83098E-1 4.43817E-1 7.34443E-1 5.94506E-1 4.31608E-1 5.7332E-1 6.73633E-1 7.43011E-1 7.38812E-1 7.39478E-1
4.74111E-1 4.49321E-1 4.40663E-1 4.37119E-1 4.17532E-1 3.83112E-1 3.80563E-1 4.15799E-1 4.52626E-1 4.27739E-1 4.22048E-1 4.14125E-1 4.16785E-1 4.25611E-1 4.26717E-1 4.74156E-1 3.93348E-1 3.82333E-1 3.94314E-1 3.80732E-1 3.80208E-1 4.24316E-1 4.25082E-1 3.74828E-1 3.52258E-1 4.45621E-1 5.68381E-1 4.7523E-1 5.3191E-1 5.34467E-1 5.42577E-1 5.98417E-1 5.00748E-1 4.77114E-1 5.04088E-1 5.6499E-1 5.56264E-1 4.50862E-1 3.41126E-1 3.44631E-1 3.27319E-1 2.9562E-1 3.13762E-1 3.45303E-1 3.64348E-1 3.80449E-1 3.83178E-1 4.20249E-1 4.59447E-1 4.98589E-1 5.5E-1 6.00935E-1 5.8409E-1 6.96091E-1 4.19733E-1 5.26243E-1 6.24931E-1 6.03893E-1 6.29991E-1 6.43366E-1 5.6214E-1
4.8178E-1 4.59391E-1 4.47026E-1 4.42135E-1 4.24089E-1 4.22078E-1 4.58359E-1 4.36487E-1 4.48211E-1 4.16967E-1 4.40324E-1 4.52338E-1 4.1573E-1 4.22791E-1 4.28002E-1 4.75153E-1 4.48493E-1 4.33618E-1 4.10933E-1 3.91126E-1 3.71231E-1 3.52812E-1 3.27852E-1 3.48226E-1 3.74765E-1 3.79921E-1 4.17914E-1 3.73868E-1 4.1499E-1 3.94387E-1 3.70984E-1 3.75189E-1 3.69884E-1 3.5318E-1 4.09049E-1 3.66628E-1 4.0175E-1 4.01759E-1 3.66711E-1 3.39081E-1 3.4367E-1 3.5639E-1 3.64198E-1 3.7866E-1 3.92523E-1 3.96341E-1 4.06921E-1 4.5763E-1 4.57458E-1 5.25692E-1 5.04462E-1 5.44221E-1 6.64846E-1 5.73371E-1 4.89988E-1 6.9152E-1 7.11408E-1 7.0673E-1 6.23485E-1 6.07509E-1 8.25819E-1
4.97508E-1 4.98261E-1 4.8278E-1 4.77899E-1 4.51693E-1 4.6008E-1 4.73748E-1 4.49153E-1 4.47028E-1 4.54526E-1 4.48403E-1 3.95147E-1 4.28119E-1 4.39701E-1 4.37927E-1 4.70982E-1 4.27659E-1 4.57694E-1 4.56531E-1 3.95103E-1 3.7669E-1 3.47153E-1 3.19618E-1 3.1834E-1 3.23103E-1 3.82367E-1 4.22337E-1 3.78446E-1 3.48659E-1 3.53732E-1 3.3332E-1 3.36058E-1 3.31333E-1 3.2847E-1 3.36111E-1 3.3335E-1 3.44543E-1 3.57894E-1 3.87321E-1 3.5845E-1 3.65265E-1 3.75297E-1 3.59107E-1 3.73874E-1 3.79145E-1 3.95578E-1 4.46329E-1 5.40096E-1 4.73142E-1 4.55838E-1 5.37962E-1 5.83346E-1 5.49127E-1 6.18643E-1 5.42408E-1 6.05431E-1 4.86455E-1 6.2261E-1 5.86696E-1 6.51204E-1 8.43777E-1
5.08792E-1 5.24534E-1 5.13983E-1 5.05984E-1 4.9514E-1 4.82462E-1 4.6493E-1 4.7783E-1 5.14391E-1 4.7186E-1 4.26386E-1 4.12792E-1 3.93966E-1 4.06795E-1 4.11609E-1 4.09343E-1 4.10131E-1 4.68589E-1 5.3433E-1 4.66167E-1 3.71819E-1 3.49479E-1 3.38522E-1 3.201E-1 3.26572E-1 3.30914E-1 3.45627E-1 3.75543E-1 3.86403E-1 3.88195E-1 3.9079E-1 3.82045E-1 3.64833E-1 3.32149E-1 3.15961E-1 3.21638E-1 3.30073E-1 3.50766E-1 3.79478E-1 3.65216E-1 3.89356E-1 3.61617E-1 3.64176E-1 3.8405E-1 3.95456E-1 4.24261E-1 4.88089E-1 4.35189E-1 4.44513E-1 4.06773E-1 4.3177E-1 5.68144E-1 4.72226E-1 5.77522E-1 5.64401E-1 6.61131E-1 5.19248E-1 4.76322E-1 4.30301E-1 5.29949E-1 7.3549E-1
5.48975E-1 5.3156E-1 5.23406E-1 4.93883E-1 4.92056E-1 4.95789E-1 5.02153E-1 5.46372E-1 5.31887E-1 4.68438E-1 4.90462E-1 4.2278E-1 3.81433E-1 3.82018E-1 4.09406E-1 4.03232E-1 4.18922E-1 4.36258E-1 5.21795E-1 4.93059E-1 4.28202E-1 3.6957E-1 3.61388E-1 3.75577E-1 3.62251E-1 3.40907E-1 3.35337E-1 3.42007E-1 3.23943E-1 3.45925E-1 3.5977E-1 3.50649E-1 3.55878E-1 3.28284E-1 3.11724E-1 3.2418E-1 3.33393E-1 3.48482E-1 3.67418E-1 4.11629E-1 3.93374E-1 3.90215E-1 4.3533E-1 4.34412E-1 4.4552E-1 4.97421E-1 5.52575E-1 4.28299E-1 4.2666E-1 4.04521E-1 4.45928E-1 5.13205E-1 4.90254E-1 4.88385E-1 6.04872E-1 6.74042E-1 5.68789E-1 4.02098E-1 3.59136E-1 3.42178E-1 4.42891E-1
5.26958E-1 5.04022E-1 4.99467E-1 4.70969E-1 4.61955E-1 5.04817E-1 5.74037E-1 6.88906E-1 4.67583E-1 4.82751E-1 4.58795E-1 4.14793E-1 3.59005E-1 3.64547E-1 4.21331E-1 4.20055E-1 4.3663E-1 5.23321E-1 5.26133E-1 4.62908E-1 4.75461E-1 4.65371E-1 4.0061E-1 3.53736E-1 3.40152E-1 3.40211E-1 3.22319E-1 3.21435E-1 3.14461E-1 3.50884E-1 3.65962E-1 3.66499E-1 3.6347E-1 3.30308E-1 3.37569E-1 3.62869E-1 3.60941E-1 3.73946E-1 3.85935E-1 4.09321E-1 3.86786E-1 4.22422E-1 4.5896E-1 4.38735E-1 5.137E-1 4.36133E-1 5.68437E-1 3.87665E-1 4.2059E-1 3.99555E-1 4.34449E-1 5.49066E-1 4.90331E-1 4.62146E-1 6.59408E-1 6.99251E-1 5.41635E-1 4.04542E-1 3.3462E-1 3.18978E-1 2.91874E-1
5.49616E-1 5.61646E-1 5.28086E-1 4.87911E-1 4.5466E-1 5.15769E-1 5.51381E-1 5.76957E-1 4.20965E-1 4.38318E-1 4.00097E-1 3.80213E-1 4.00431E-1 3.94587E-1 4.37712E-1 4.25644E-1 4.21634E-1 4.54476E-1 4.61663E-1 4.37222E-1 4.38655E-1 4.40438E-1 4.59739E-1 4.41259E-1 3.85353E-1 3.82322E-1 3.56791E-1 3.5796E-1 3.62465E-1 3.94049E-1 4.09836E-1 4.00464E-1 3.89251E-1 3.8623E-1 3.8125E-1 3.91272E-1 4.11323E-1 4.20247E-1 4.06123E-1 3.82227E-1 4.37569E-1 4.43018E-1 5.64572E-1 4.53475E-1 4.89158E-1 4.07009E-1 4.53711E-1 5.18076E-1 4.17716E-1 5.00768E-1 5.02347E-1 5.78875E-1 5.25358E-1 5.55345E-1 6.57321E-1 7.02906E-1 5.4247E-1 3.73277E-1 2.95681E-1 2.84223E-1 2.7984E-1
6.212E-1 5.66481E-1 5.53327E-1 5.56228E-1 5.03514E-1 4.81438E-1 5.46753E-1 4.26645E-1 4.25606E-1 4.13489E-1 4.34446E-1 4.57889E-1 4.63884E-1 4.69147E-1 4.56491E-1 4.44561E-1 4.44597E-1 5.05486E-1 4.3419E-1 4.23135E-1 4.33591E-1 4.2264E-1 4.54475E-1 4.60437E-1 4.47453E-1 4.26583E-1 4.15138E-1 4.25151E-1 4.01011E-1 4.01936E-1 4.06627E-1 4.13831E-1 4.31264E-1 4.45443E-1 4.35473E-1 4.18483E-1 4.43664E-1 4.86159E-1 4.38295E-1 3.86184E-1 5.26793E-1 5.13893E-1 5.30515E-1 4.64207E-1 4.50503E-1 4.69662E-1 4.17565E-1 5.43064E-1 4.05696E-1 6.14024E-1 4.11718E-1 5.26388E-1 4.56143E-1 4.69481E-1 6.30209E-1 6.27094E-1 6.0243E-1 3.94923E-1 3.04787E-1 3.03836E-1 2.75762E-1
5.66091E-1 5.4485E-1 5.4081E-1 5.51655E-1 5.27923E-1 5.18485E-1 5.14389E-1 4.27871E-1 4.75087E-1 4.67031E-1 5.39738E-1 4.75457E-1 4.6559E-1 4.94386E-1 4.73315E-1 4.62779E-1 4.32437E-1 4.24764E-1 4.20111E-1 4.12839E-1 4.2904E-1 4.14396E-1 4.26397E-1 4.72874E-1 4.68852E-1 4.64423E-1 4.33517E-1 4.32701E-1 4.39885E-1 4.56403E-1 4.61487E-1 4.3451E-1 4.76944E-1 5.26639E-1 5.36178E-1 4.58632E-1 5.37325E-1 5.75758E-1 4.23675E-1 3.82267E-1 4.49739E-1 4.87021E-1 4.31317E-1 4.4089E-1 4.46372E-1 4.16404E-1 4.79033E-1 3.7799E-1 4.29975E-1 6.16804E-1 3.92257E-1 3.84883E-1 3.34791E-1 4.48687E-1 5.91429E-1 5.89909E-1 4.91689E-1 3.64035E-1 3.47207E-1 3.25396E-1 2.89417E-1
5.56578E-1 5.45362E-1 5.53783E-1 5.50851E-1 5.63438E-1 5.18117E-1 5.33401E-1 4.56178E-1 5.05779E-1 5.97742E-1 5.09739E-1 5.03075E-1 4.17602E-1 4.84024E-1 4.8469E-1 4.70264E-1 4.45327E-1 4.40592E-1 4.30224E-1 4.15505E-1 4.26896E-1 4.34804E-1 4.87987E-1 5.11228E-1 4.86695E-1 4.8957E-1 4.72264E-1 4.41899E-1 4.81378E-1 5.44464E-1 4.90738E-1 4.6733E-1 4.23288E-1 5.30722E-1 4.79001E-1 4.89727E-1 5.44723E-1 4.46579E-1 4.28818E-1 4.17473E-1 5.24031E-1 3.59235E-1 3.90365E-1 4.01613E-1 4.00048E-1 3.8006E-1 4.51437E-1 3.52815E-1 4.41912E-1 6.47461E-1 5.53627E-1 5.21306E-1 3.76338E-1 3.31144E-1 4.80923E-1 4.84841E-1 4.32822E-1 3.38805E-1 3.2914E-1 2.95536E-1 2.94354E-1
5.50396E-1 5.57769E-1 5.82188E-1 5.61528E-1 5.4619E-1 4.81655E-1 4.5016E-1 4.47121E-1 5.57478E-1 4.83953E-1 4.89521E-1 4.53721E-1 3.97352E-1 4.56956E-1 5.19727E-1 5.02403E-1 4.52504E-1 4.43413E-1 4.38593E-1 4.23032E-1 4.23874E-1 4.29501E-1 4.96242E-1 5.36905E-1 5.23452E-1 5.39736E-1 6E-1 5.98812E-1 5.6997E-1 4.90376E-1 4.79731E-1 4.34823E-1 4.81041E-1 4.49759E-1 4.08724E-1 5.12306E-1 5.05433E-1 5.45444E-1 6.42884E-1 5.25454E-1 3.27672E-1 3.08723E-1 3.63646E-1 4.00093E-1 4.02893E-1 3.95065E-1 3.98144E-1 3.42343E-1 5.22609E-1 6.13612E-1 6.14081E-1 5.16448E-1 3.58033E-1 3.40297E-1 4.43653E-1 4.22922E-1 3.92386E-1 3.19285E-1 2.88837E-1 2.83562E-1 2.83023E-1
5.17728E-1 5.50561E-1 5.37088E-1 5.69523E-1 5.627E-1 5.17033E-1 5.21915E-1 4.77091E-1 4.89565E-1 3.9784E-1 4.76662E-1 4.00386E-1 4.02264E-1 5.53184E-1 5.16458E-1 4.99195E-1 4.53764E-1 4.36103E-1 4.36172E-1 4.21644E-1 4.10159E-1 4.40416E-1 5.67889E-1 4.80489E-1 4.92135E-1 5.37109E-1 6.66446E-1 6.1226E-1 4.54431E-1 4.91128E-1 4.85821E-1 4.92792E-1 4.56358E-1 4.58361E-1 4.95578E-1 4.53241E-1 5.4667E-1 4.46912E-1 3.82825E-1 3.59395E-1 3.30164E-1 3.47998E-1 4.11261E-1 4.04386E-1 3.78074E-1 3.93345E-1 4.00118E-1 3.47544E-1 5.35798E-1 5.32693E-1 5.31884E-1 4.10258E-1 3.45822E-1 3.83446E-1 4.02331E-1 3.94781E-1 3.66744E-1 3.16764E-1 3.06554E-1 2.96888E-1 2.95402E-1
4.92326E-1 5.26845E-1 5.31471E-1 5.39403E-1 5.29045E-1 5.50638E-1 5.53585E-1 4.61612E-1 3.83849E-1 3.87741E-1 4.12378E-1 3.67509E-1 4.69807E-1 5.22153E-1 4.7693E-1 4.59135E-1 4.32439E-1 4.2158E-1 4.25019E-1 4.2185E-1 4.44834E-1 4.78561E-1 5.1462E-1 5.66621E-1 4.73965E-1 4.85158E-1 4.78412E-1 4.42257E-1 5.23616E-1 4.64154E-1 4.54731E-1 4.66781E-1 4.06021E-1 4.83046E-1 4.92885E-1 3.99784E-1 5.06141E-1 3.7835E-1 3.72199E-1 3.4082E-1 4.10659E-1 5.36423E-1 4.76394E-1 4.20308E-1 3.81948E-1 3.88779E-1 4.06288E-1 4.20481E-1 5.0551E-1 4.97648E-1 6.07774E-1 3.95212E-1 3.66972E-1 4.31977E-1 4.26063E-1 3.82478E-1 3.58695E-1 3.16192E-1 3.04632E-1 3.08707E-1 3.05062E-1
5.18558E-1 5.44156E-1 5.02383E-1 5.17613E-1 5.5259E-1 5.48181E-1 3.78983E-1 3.70269E-1 4.8313E-1 3.70737E-1 3.63767E-1 3.59832E-1 4.81164E-1 4.19129E-1 3.98773E-1 3.96262E-1 4.3572E-1 4.80035E-1 4.61801E-1 4.90192E-1 5.25675E-1 5.09953E-1 4.82916E-1 5.21162E-1 4.63306E-1 4.28146E-1 4.80387E-1 4.19177E-1 4.62332E-1 4.83646E-1 4.29829E-1 3.88227E-1 4.36844E-1 4.46472E-1 4.03587E-1 3.38245E-1 3.79949E-1 3.53989E-1 3.56936E-1 4.08094E-1 4.39504E-1 5.63741E-1 6.1939E-1 4.96387E-1 4.31163E-1 4.05659E-1 4.36735E-1 5.25364E-1 5.73097E-1 5.44549E-1 6.21046E-1 4.30242E-1 3.47007E-1 4.37351E-1 4.38956E-1 3.95312E-1 3.71066E-1 3.46619E-1 3.43677E-1 3.37013E-1 3.04423E-1
5.44404E-1 5.32884E-1 5.3808E-1 5.03015E-1 4.93971E-1 4.19709E-1 3.54941E-1 4.47153E-1 5.08868E-1 3.66522E-1 3.87899E-1 4.00902E-1 4.4199E-1 3.58843E-1 4.31199E-1 4.36036E-1 4.42536E-1 5.31525E-1 4.52188E-1 4.2513E-1 4.84393E-1 4.92138E-1 5.02295E-1 4.61266E-1 4.08958E-1 4.21353E-1 4.18807E-1 3.62408E-1 3.57919E-1 4.53275E-1 4.70863E-1 4.25593E-1 4.85323E-1 3.86177E-1 3.87048E-1 3.63128E-1 3.15484E-1 3.67327E-1 4.13197E-1 3.83646E-1 4.15971E-1 4.95998E-1 6.06281E-1 6.03328E-1 4.99196E-1 4.63165E-1 3.70235E-1 4.98948E-1 4.21348E-1 5.40185E-1 5.51354E-1 4.49847E-1 3.85889E-1 4.05498E-1 4.52143E-1 4.42578E-1 4.31872E-1 3.90542E-1 3.58578E-1 3.64383E-1 3.27925E-1
5.43487E-1 5.50042E-1 5.68883E-1 5.71807E-1 3.87305E-1 3.90211E-1 3.5216E-1 4.62796E-1 3.90295E-1 3.5822E-1 3.80757E-1 3.80637E-1 4.03956E-1 3.55745E-1 4.4742E-1 3.89817E-1 3.57421E-1 4.44766E-1 4.19441E-1 4.33007E-1 4.69338E-1 5.35284E-1 4.46923E-1 4.44248E-1 4.73558E-1 3.91363E-1 3.62622E-1 3.51016E-1 4.69351E-1 4.48406E-1 4.39207E-1 5.17189E-1 4.26498E-1 4.54191E-1 4.8264E-1 3.7567E-1 3.56613E-1 3.99418E-1 4.21589E-1 4.30763E-1 3.74572E-1 3.70412E-1 4.91386E-1 6.00605E-1 6.40249E-1 5.52127E-1 4.43611E-1 4.95183E-1 4.41694E-1 5.08197E-1 5.13157E-1 4.93736E-1 4.77486E-1 4.58066E-1 5.32241E-1 6.13157E-1 5.71901E-1 5.14545E-1 4.54339E-1 4.16466E-1 3.58121E-1
4.96815E-1 5.48576E-1 5.07738E-1 4.14923E-1 3.57647E-1 3.5243E-1 3.53915E-1 4.18459E-1 3.91292E-1 3.70684E-1 4.02969E-1 3.70921E-1 4.05586E-1 5.09471E-1 4.20382E-1 3.52026E-1 3.32998E-1 3.97614E-1 3.70945E-1 4.05565E-1 4.0884E-1 4.15772E-1 4.22782E-1 4.30293E-1 4.11555E-1 3.64383E-1 3.34108E-1 4.70416E-1 5.81979E-1 4.08464E-1 3.92114E-1 5.05154E-1 3.86401E-1 4.16531E-1 3.51185E-1 3.35194E-1 3.92327E-1 4.06316E-1 4.51577E-1 4.04648E-1 3.88228E-1 3.34278E-1 3.9935E-1 4.82946E-1 6.13815E-1 5.79608E-1 4.25391E-1 4.4499E-1 6.15189E-1 5.1675E-1 4.93307E-1 5.38691E-1 6.53249E-1 6.77122E-1 7.64701E-1 8.0175E-1 8.05927E-1 7.60101E-1 6.98855E-1 6.00653E-1 4.39114E-1
5.37769E-1 4.84907E-1 4.94328E-1 3.92929E-1 4.06142E-1 4.07585E-1 4.29552E-1 4.68924E-1 4.23173E-1 4.20407E-1 3.80426E-1 4.63475E-1 3.81059E-1 5.14146E-1 4.39562E-1 4.33655E-1 3.83168E-1 3.85207E-1 4.36615E-1 3.53971E-1 3.69883E-1 4.30843E-1 3.50147E-1 3.87699E-1 3.71395E-1 3.55031E-1 4.79801E-1 5.58406E-1 4.79568E-1 3.85359E-1 3.88626E-1 4.26724E-1 3.61656E-1 4.96003E-1 3.51454E-1 3.60652E-1 3.65975E-1 3.70356E-1 3.96018E-1 3.71894E-1 3.30948E-1 4.01972E-1 3.72663E-1 4.37051E-1 4.83587E-1 6.04079E-1 4.17785E-1 4.25217E-1 5.62204E-1 6.05535E-1 5.02846E-1 6.4305E-1 8.02539E-1 8.23224E-1 8.32535E-1 8.39456E-1 8.26108E-1 8.47074E-1 8.34857E-1 8.20294E-1 7.39038E-1
3.96928E-1 4.13037E-1 3.91574E-1 4.67897E-1 4.61413E-1 4.79449E-1 4.9262E-1 4.46485E-1 4.1482E-1 4.31602E-1 4.23636E-1 4.92724E-1 4.22236E-1 4.36439E-1 4.89347E-1 4.45525E-1 5.00539E-1 3.3817E-1 4.18393E-1 4.14941E-1 3.58745E-1 4.21444E-1 4.52233E-1 4.18081E-1 3.66052E-1 4.53282E-1 7.21329E-1 4.28763E-1 4.3808E-1 4.7691E-1 5.46206E-1 4.78189E-1 3.52497E-1 5.29832E-1 3.22708E-1 3.50996E-1 3.47398E-1 3.43897E-1 3.31605E-1 3.38141E-1 3.45654E-1 4.4138E-1 3.63464E-1 5.56442E-1 3.74803E-1 5.02961E-1 4.72517E-1 4.14603E-1 7.04206E-1 7.54447E-1 4.74475E-1 5.58048E-1 7.29596E-1 7.82498E-1 8.30016E-1 8.14498E-1 7.54025E-1 6.82288E-1 5.78037E-1 5.32649E-1 4.85843E-1
