maxent_outputs/red_flowers_troch_bombus_environ/red_259.asc
ncols         426
nrows         180
xllcorner     -130.0
yllcorner     24.0
cellsize      0.16666666666666666
NODATA_value  -9999
[rows 54 to 80 of 180, columns 244 to 304 of 426]
6.43559E-2 6.33814E-2 6.77875E-2 7.17578E-2 7.67497E-2 7.6581E-2 7.75604E-2 8.2463E-2 8.88586E-2 1.10457E-1 1.13528E-1 1.09454E-1 1.00864E-1 1.28373E-1 1.37768E-1 1.44022E-1 1.49479E-1 1.58055E-1 1.64466E-1 1.51417E-1 1.37997E-1 1.31271E-1 1.2673E-1 1.19475E-1 1.15744E-1 1.05213E-1 9.86726E-2 9.94502E-2 9.90389E-2 9.67415E-2 9.87069E-2 9.91111E-2 9.96385E-2 1.03841E-1 1.08604E-1 1.1998E-1 1.49116E-1 1.6166E-1 1.72867E-1 1.84185E-1 1.95501E-1 2.04867E-1 2.18257E-1 2.29131E-1 2.41145E-1 2.39268E-1 2.43048E-1 2.07979E-1 2.05804E-1 2.29178E-1 2.37902E-1 2.80449E-1 2.91958E-1 2.93097E-1 2.58734E-1 2.42126E-1 2.02239E-1 1.87065E-1 1.77565E-1 1.79425E-1 1.62535E-1
7.02946E-2 6.95342E-2 7.22046E-2 7.59641E-2 7.99402E-2 8.03783E-2 8.12108E-2 8.48697E-2 1.01773E-1 1.12058E-1 1.03447E-1 1.02467E-1 1.2173E-1 1.39739E-1 1.47123E-1 1.51743E-1 1.59866E-1 1.69895E-1 1.74373E-1 1.48716E-1 1.337E-1 1.2846E-1 1.2267E-1 1.16156E-1 1.10321E-1 1.00758E-1 1.00282E-1 9.99081E-2 9.71395E-2 9.59465E-2 9.59723E-2 9.68439E-2 9.84975E-2 1.04047E-1 1.1081E-1 1.12675E-1 1.34872E-1 1.70149E-1 1.81105E-1 1.92543E-1 2.05697E-1 2.18621E-1 2.27174E-1 2.39994E-1 2.45434E-1 2.52192E-1 2.5272E-1 2.40167E-1 2.10403E-1 2.32313E-1 2.35424E-1 2.57423E-1 2.66907E-1 2.92066E-1 2.64011E-1 2.05962E-1 1.89211E-1 1.81908E-1 1.68008E-1 1.78055E-1 1.7303E-1
7.39347E-2 7.71359E-2 7.72827E-2 8.13565E-2 8.28219E-2 8.30296E-2 8.1704E-2 9.02079E-2 9.94263E-2 9.87907E-2 1.04936E-1 1.1752E-1 1.45047E-1 1.50515E-1 1.55102E-1 1.58688E-1 1.63847E-1 1.74739E-1 1.70284E-1 1.43713E-1 1.32952E-1 1.22079E-1 1.13125E-1 1.08011E-1 1.02852E-1 1.02779E-1 1.0023E-1 1.01109E-1 9.79022E-2 9.64279E-2 9.54196E-2 9.74741E-2 1.01185E-1 1.04566E-1 1.08586E-1 1.14173E-1 1.45169E-1 1.7291E-1 1.84704E-1 2.00362E-1 2.14249E-1 2.27882E-1 2.42388E-1 2.55912E-1 2.66564E-1 2.63976E-1 2.58616E-1 2.23152E-1 1.98121E-1 2.15722E-1 2.19033E-1 2.27433E-1 2.25337E-1 2.40399E-1 2.51175E-1 2.33413E-1 1.69125E-1 1.64516E-1 1.67553E-1 1.9045E-1 1.95177E-1
8.01672E-2 8.21655E-2 8.30724E-2 8.57924E-2 8.61382E-2 8.6759E-2 8.61138E-2 8.85011E-2 9.05131E-2 9.62304E-2 1.06316E-1 1.36579E-1 1.54011E-1 1.56525E-1 1.61143E-1 1.6142E-1 1.67517E-1 1.71201E-1 1.55899E-1 1.35305E-1 1.28013E-1 1.21172E-1 1.14115E-1 1.04623E-1 1.01209E-1 1.00974E-1 1.00603E-1 1.04657E-1 9.91865E-2 9.73217E-2 9.87585E-2 9.92652E-2 1.00951E-1 1.02225E-1 1.09552E-1 1.17131E-1 1.49392E-1 1.76325E-1 1.93902E-1 2.09763E-1 2.26587E-1 2.42715E-1 2.58237E-1 2.72734E-1 2.88297E-1 2.86217E-1 2.54595E-1 2.0884E-1 2.09004E-1 2.12489E-1 2.30588E-1 2.23951E-1 2.1533E-1 2.14827E-1 2.27964E-1 1.89292E-1 1.65643E-1 1.61044E-1 1.64028E-1 2.01755E-1 1.93602E-1
8.34113E-2 8.74337E-2 8.79681E-2 8.74707E-2 8.85358E-2 9.50848E-2 9.32962E-2 8.73673E-2 9.00319E-2 9.96714E-2 1.09462E-1 1.45989E-1 1.58207E-1 1.64306E-1 1.65016E-1 1.65811E-1 1.68233E-1 1.63359E-1 1.42545E-1 1.30233E-1 1.27766E-1 1.20844E-1 1.10862E-1 1.03372E-1 1.00515E-1 9.6885E-2 9.97854E-2 1.02425E-1 1.00793E-1 1.01239E-1 9.8486E-2 9.96888E-2 1.00864E-1 1.04467E-1 1.14276E-1 1.40145E-1 1.66439E-1 1.83184E-1 2.0061E-1 2.16525E-1 2.37327E-1 2.52824E-1 2.75461E-1 2.95484E-1 2.97993E-1 2.8038E-1 2.47279E-1 2.32814E-1 2.36359E-1 2.30226E-1 2.33704E-1 2.3834E-1 2.15194E-1 1.99047E-1 2.14581E-1 1.92725E-1 1.67168E-1 1.56113E-1 1.61817E-1 1.76309E-1 1.61241E-1
8.63119E-2 9.00333E-2 9.48046E-2 9.47913E-2 9.43071E-2 1.0349E-1 9.55334E-2 9.37212E-2 9.67576E-2 1.05498E-1 1.23945E-1 1.56394E-1 1.6294E-1 1.6828E-1 1.6926E-1 1.70814E-1 1.66365E-1 1.48546E-1 1.31837E-1 1.29125E-1 1.27321E-1 1.22029E-1 1.16067E-1 1.09386E-1 1.04841E-1 1.02124E-1 1.04E-1 1.05559E-1 1.02528E-1 1.00348E-1 1.02712E-1 1.0359E-1 1.05688E-1 1.12144E-1 1.28846E-1 1.61248E-1 1.68504E-1 1.69375E-1 1.7995E-1 2.09775E-1 2.49295E-1 2.6408E-1 2.88041E-1 3.12205E-1 2.83642E-1 2.7425E-1 2.4378E-1 2.49287E-1 2.57817E-1 2.45453E-1 2.26904E-1 2.20184E-1 2.22918E-1 2.10608E-1 1.76241E-1 1.71306E-1 1.60634E-1 1.54243E-1 1.5966E-1 1.64956E-1 1.64346E-1
9.16567E-2 9.32708E-2 9.43231E-2 9.21441E-2 9.38043E-2 1.03051E-1 9.66602E-2 9.95596E-2 1.03095E-1 1.1517E-1 1.52992E-1 1.60944E-1 1.64831E-1 1.6705E-1 1.6947E-1 1.70995E-1 1.71106E-1 1.45744E-1 1.34436E-1 1.31985E-1 1.2965E-1 1.27168E-1 1.21963E-1 1.18834E-1 1.14327E-1 1.13849E-1 1.12453E-1 1.08144E-1 1.0614E-1 1.05927E-1 1.09029E-1 1.09673E-1 1.17576E-1 1.40108E-1 1.45399E-1 1.42329E-1 1.31653E-1 1.39099E-1 1.52918E-1 1.76164E-1 2.41612E-1 2.7101E-1 2.89211E-1 3.13414E-1 3.0434E-1 2.7644E-1 2.64477E-1 2.55276E-1 2.52666E-1 2.42666E-1 2.24156E-1 2.13983E-1 1.9805E-1 1.68857E-1 1.5216E-1 1.64505E-1 1.65645E-1 1.6296E-1 1.66334E-1 1.82036E-1 1.84787E-1
9.75614E-2 9.92833E-2 9.38101E-2 9.32636E-2 9.3373E-2 9.50213E-2 9.52971E-2 1.0047E-1 1.05384E-1 1.17417E-1 1.51927E-1 1.6457E-1 1.67784E-1 1.71368E-1 1.72676E-1 1.75732E-1 1.68286E-1 1.45854E-1 1.37035E-1 1.32378E-1 1.33898E-1 1.32868E-1 1.31433E-1 1.2851E-1 1.24125E-1 1.14971E-1 1.14226E-1 1.12294E-1 1.11621E-1 1.13563E-1 1.14282E-1 1.15218E-1 1.26226E-1 1.48987E-1 1.37797E-1 1.19786E-1 1.20351E-1 1.32544E-1 1.463E-1 1.63506E-1 2.13597E-1 2.65775E-1 2.90697E-1 3.11077E-1 3.08698E-1 2.86973E-1 2.73933E-1 2.53957E-1 2.47818E-1 2.32967E-1 2.15841E-1 2.06027E-1 1.85053E-1 1.64974E-1 1.58325E-1 1.66626E-1 1.75067E-1 1.76647E-1 1.86894E-1 2.07338E-1 2.13468E-1
1.00347E-1 1.00339E-1 9.77843E-2 9.48256E-2 9.51202E-2 9.31828E-2 9.45139E-2 9.85167E-2 1.0437E-1 1.24615E-1 1.59166E-1 1.69092E-1 1.72708E-1 1.75002E-1 1.7667E-1 1.79657E-1 1.65658E-1 1.4225E-1 1.34956E-1 1.33453E-1 1.3637E-1 1.33594E-1 1.37308E-1 1.32774E-1 1.26836E-1 1.21792E-1 1.21887E-1 1.19364E-1 1.1973E-1 1.21594E-1 1.21643E-1 1.17579E-1 1.23381E-1 1.21604E-1 1.15566E-1 1.13585E-1 1.18365E-1 1.25204E-1 1.36757E-1 1.49172E-1 1.92661E-1 2.51263E-1 2.79306E-1 3.03717E-1 3.0932E-1 2.93376E-1 2.72829E-1 2.67239E-1 2.5957E-1 2.37519E-1 1.96357E-1 1.92978E-1 1.86697E-1 1.7888E-1 1.8293E-1 1.87607E-1 1.99549E-1 2.01566E-1 2.14403E-1 2.43135E-1 2.64488E-1
1.01707E-1 1.01289E-1 1.02769E-1 9.71657E-2 9.69916E-2 9.59777E-2 9.91615E-2 1.00551E-1 1.07528E-1 1.47762E-1 1.64761E-1 1.72276E-1 1.75755E-1 1.77827E-1 1.79824E-1 1.80203E-1 1.77666E-1 1.56561E-1 1.45307E-1 1.39386E-1 1.39286E-1 1.39129E-1 1.38061E-1 1.3301E-1 1.29363E-1 1.27359E-1 1.28058E-1 1.26041E-1 1.26197E-1 1.18928E-1 1.21308E-1 1.232E-1 1.26433E-1 1.20356E-1 1.1938E-1 1.18125E-1 1.18672E-1 1.23264E-1 1.28928E-1 1.41421E-1 1.69598E-1 2.40028E-1 2.69509E-1 2.90906E-1 3.07075E-1 2.82947E-1 2.42097E-1 2.56711E-1 2.6646E-1 2.45511E-1 2.12514E-1 1.95897E-1 1.91817E-1 1.90713E-1 1.97661E-1 2.17497E-1 2.27363E-1 2.49931E-1 2.89538E-1 2.99905E-1 2.94571E-1
1.02029E-1 1.01929E-1 1.04264E-1 1.04729E-1 1.01018E-1 1.00927E-1 1.02784E-1 1.05505E-1 1.18116E-1 1.62345E-1 1.73083E-1 1.79884E-1 1.82966E-1 1.81287E-1 1.80902E-1 1.84576E-1 1.84016E-1 1.70017E-1 1.58835E-1 1.43352E-1 1.35142E-1 1.36457E-1 1.35754E-1 1.36074E-1 1.33598E-1 1.35569E-1 1.33478E-1 1.30686E-1 1.27976E-1 1.26548E-1 1.26196E-1 1.27409E-1 1.2732E-1 1.26799E-1 1.27384E-1 1.22439E-1 1.21808E-1 1.26092E-1 1.29991E-1 1.42421E-1 1.67062E-1 2.40705E-1 2.70929E-1 2.75847E-1 2.59363E-1 2.43996E-1 2.45267E-1 2.57654E-1 2.61974E-1 2.44085E-1 2.25029E-1 2.10465E-1 1.9853E-1 1.86946E-1 1.90308E-1 2.25044E-1 2.56268E-1 2.84623E-1 3.05442E-1 2.94794E-1 2.67359E-1
1.0281E-1 1.02972E-1 1.05928E-1 1.06063E-1 1.04641E-1 1.08748E-1 1.09837E-1 1.18713E-1 1.31795E-1 1.7321E-1 1.85308E-1 1.88836E-1 1.87802E-1 1.85825E-1 1.84601E-1 1.83665E-1 1.84073E-1 1.81488E-1 1.59333E-1 1.46873E-1 1.41429E-1 1.43351E-1 1.4701E-1 1.42609E-1 1.42074E-1 1.43691E-1 1.40576E-1 1.36405E-1 1.31792E-1 1.31327E-1 1.3045E-1 1.31233E-1 1.31298E-1 1.3733E-1 1.35631E-1 1.31088E-1 1.31428E-1 1.33639E-1 1.38073E-1 1.49368E-1 1.71894E-1 2.25413E-1 2.51656E-1 2.33475E-1 2.31667E-1 2.46485E-1 2.60675E-1 2.59749E-1 2.56495E-1 2.43502E-1 2.30697E-1 2.22683E-1 2.11493E-1 1.9691E-1 1.94955E-1 2.14287E-1 2.32333E-1 2.45731E-1 2.53953E-1 2.47708E-1 2.47305E-1
1.0416E-1 1.04689E-1 1.07903E-1 1.05931E-1 1.06506E-1 1.10546E-1 1.15813E-1 1.2429E-1 1.37214E-1 1.74755E-1 1.90389E-1 1.97138E-1 1.96993E-1 1.96211E-1 1.94461E-1 1.89411E-1 1.89489E-1 1.82853E-1 1.62631E-1 1.5028E-1 1.4857E-1 1.57948E-1 1.58674E-1 1.52431E-1 1.50622E-1 1.52468E-1 1.50461E-1 1.43729E-1 1.39749E-1 1.40301E-1 1.39638E-1 1.4016E-1 1.38989E-1 1.46026E-1 1.45608E-1 1.43165E-1 1.43054E-1 1.49958E-1 1.56571E-1 1.70867E-1 1.89485E-1 2.16366E-1 2.14666E-1 2.25554E-1 2.33889E-1 2.49534E-1 2.59088E-1 2.56133E-1 2.59265E-1 2.4033E-1 2.3298E-1 2.27541E-1 2.19009E-1 2.16188E-1 2.1737E-1 2.20353E-1 2.29518E-1 2.43655E-1 2.43625E-1 2.42502E-1 2.3434E-1
1.06065E-1 1.05114E-1 1.05693E-1 1.06446E-1 1.12347E-1 1.15342E-1 1.17347E-1 1.22485E-1 1.34391E-1 1.64734E-1 1.94901E-1 2.01412E-1 2.05379E-1 2.01052E-1 2.00121E-1 1.99013E-1 1.93903E-1 1.91676E-1 1.70978E-1 1.54577E-1 1.57086E-1 1.59976E-1 1.59452E-1 1.54944E-1 1.51231E-1 1.53713E-1 1.49888E-1 1.48697E-1 1.54924E-1 1.53449E-1 1.52822E-1 1.491E-1 1.5505E-1 1.62296E-1 1.62263E-1 1.64234E-1 1.64757E-1 1.74653E-1 1.82892E-1 1.94221E-1 2.15674E-1 2.29212E-1 2.19833E-1 2.24963E-1 2.30812E-1 2.43235E-1 2.48527E-1 2.47277E-1 2.46852E-1 2.41339E-1 2.35684E-1 2.33854E-1 2.29061E-1 2.3727E-1 2.7176E-1 2.96199E-1 2.99279E-1 3.08605E-1 3.05818E-1 2.9514E-1 2.8033E-1
1.09284E-1 1.08523E-1 1.07953E-1 1.09343E-1 1.18598E-1 1.25269E-1 1.21191E-1 1.27933E-1 1.34034E-1 1.77662E-1 2.04817E-1 2.09913E-1 2.09785E-1 2.08575E-1 2.07261E-1 2.06259E-1 2.02278E-1 1.95499E-1 1.74075E-1 1.61958E-1 1.72117E-1 1.71852E-1 1.66393E-1 1.64854E-1 1.56206E-1 1.5468E-1 1.52672E-1 1.50029E-1 1.52175E-1 1.51102E-1 1.53506E-1 1.58924E-1 1.66603E-1 1.75621E-1 1.82823E-1 1.89242E-1 1.93987E-1 2.09153E-1 2.24105E-1 2.4418E-1 2.4686E-1 2.29294E-1 2.19141E-1 2.21891E-1 2.348E-1 2.3704E-1 2.42927E-1 2.82035E-1 3.00473E-1 2.99687E-1 2.97006E-1 2.83939E-1 2.63641E-1 2.71594E-1 3.01956E-1 3.10119E-1 3.28267E-1 3.22169E-1 3.15104E-1 3.01327E-1 2.72791E-1
1.10323E-1 1.12652E-1 1.13297E-1 1.13347E-1 1.19961E-1 1.23778E-1 1.28473E-1 1.33712E-1 1.39388E-1 1.78478E-1 2.10469E-1 2.18534E-1 2.18377E-1 2.16939E-1 2.15579E-1 2.14926E-1 2.13263E-1 2.02818E-1 1.73891E-1 1.72545E-1 1.79502E-1 1.80844E-1 1.75499E-1 1.70382E-1 1.65627E-1 1.62109E-1 1.60708E-1 1.53185E-1 1.50966E-1 1.50836E-1 1.58301E-1 1.7191E-1 1.82977E-1 1.95979E-1 1.99895E-1 2.13585E-1 2.25126E-1 2.41438E-1 2.52052E-1 2.89251E-1 2.86863E-1 2.5277E-1 2.33532E-1 2.32538E-1 2.39155E-1 2.54221E-1 3.10663E-1 3.25273E-1 3.19696E-1 3.21126E-1 3.16557E-1 3.22197E-1 3.27419E-1 3.28739E-1 3.36973E-1 3.32132E-1 3.34017E-1 3.18797E-1 2.93075E-1 2.64164E-1 2.49563E-1
1.12669E-1 1.19318E-1 1.17179E-1 1.1817E-1 1.22228E-1 1.24773E-1 1.29965E-1 1.35786E-1 1.47729E-1 1.84168E-1 2.16621E-1 2.21639E-1 2.26696E-1 2.24827E-1 2.23652E-1 2.27325E-1 2.19892E-1 1.92854E-1 1.82545E-1 1.79892E-1 1.82273E-1 1.84917E-1 1.83595E-1 1.76811E-1 1.71971E-1 1.71207E-1 1.64809E-1 1.61045E-1 1.57272E-1 1.59003E-1 1.67806E-1 1.76695E-1 1.90446E-1 2.13077E-1 2.17806E-1 2.22929E-1 2.39104E-1 2.41836E-1 2.3685E-1 2.40661E-1 2.5444E-1 2.53177E-1 2.50264E-1 2.82316E-1 3.06604E-1 3.32747E-1 3.28046E-1 3.23131E-1 3.17561E-1 3.189E-1 3.15205E-1 3.19843E-1 3.23202E-1 3.2755E-1 3.34132E-1 3.30919E-1 2.96415E-1 2.69321E-1 2.67054E-1 2.65172E-1 2.45942E-1
1.18662E-1 1.15514E-1 1.16289E-1 1.19681E-1 1.22373E-1 1.28611E-1 1.36623E-1 1.50432E-1 1.66853E-1 1.73987E-1 2.11413E-1 2.26944E-1 2.3529E-1 2.34101E-1 2.3835E-1 2.34037E-1 2.19076E-1 1.94996E-1 1.92955E-1 1.91137E-1 1.86985E-1 1.83797E-1 1.82784E-1 1.77956E-1 1.76978E-1 1.75902E-1 1.72694E-1 1.70458E-1 1.67852E-1 1.70693E-1 1.75484E-1 1.88368E-1 1.95221E-1 2.00856E-1 2.08214E-1 2.1718E-1 2.303E-1 2.31828E-1 2.23075E-1 2.53123E-1 2.75147E-1 3.04542E-1 3.46051E-1 3.57291E-1 3.49558E-1 3.34272E-1 3.25879E-1 3.20969E-1 3.15877E-1 3.12004E-1 3.14226E-1 3.18406E-1 3.26745E-1 3.12287E-1 2.89787E-1 2.80764E-1 2.75784E-1 2.73035E-1 2.72247E-1 2.68378E-1 2.55345E-1
1.19308E-1 1.18104E-1 1.18304E-1 1.23275E-1 1.25252E-1 1.35271E-1 1.45893E-1 1.62777E-1 1.80356E-1 1.9006E-1 2.02723E-1 2.25678E-1 2.3041E-1 2.36826E-1 2.40002E-1 2.37834E-1 2.08914E-1 2.08584E-1 2.08937E-1 2.0677E-1 1.97394E-1 1.89986E-1 1.81612E-1 1.85431E-1 1.86097E-1 1.83705E-1 1.85571E-1 1.82095E-1 1.81192E-1 1.78702E-1 1.81873E-1 1.90778E-1 1.9591E-1 1.99788E-1 2.07328E-1 2.18511E-1 2.53296E-1 2.76E-1 2.63245E-1 3.05874E-1 3.24361E-1 3.57933E-1 3.5929E-1 3.53419E-1 3.46416E-1 3.38284E-1 3.29931E-1 3.12904E-1 3.09232E-1 3.12234E-1 2.9647E-1 2.76488E-1 2.5925E-1 2.68503E-1 2.71029E-1 2.71432E-1 2.72262E-1 2.74213E-1 2.709E-1 2.70161E-1 2.55792E-1
1.22538E-1 1.20196E-1 1.18792E-1 1.24983E-1 1.32934E-1 1.44143E-1 1.56077E-1 1.68611E-1 1.80148E-1 1.89321E-1 1.87199E-1 2.06831E-1 2.19758E-1 2.15243E-1 2.1194E-1 2.10504E-1 2.05857E-1 2.09083E-1 2.17888E-1 2.16678E-1 2.03544E-1 1.96758E-1 1.90954E-1 1.90029E-1 1.9072E-1 1.89944E-1 1.89969E-1 1.87711E-1 1.88725E-1 1.85289E-1 1.82718E-1 1.8697E-1 1.9682E-1 2.08314E-1 2.18173E-1 2.25446E-1 2.55157E-1 2.80208E-1 2.89635E-1 2.87686E-1 3.19791E-1 3.3693E-1 3.4259E-1 3.4459E-1 3.44673E-1 3.38414E-1 3.2944E-1 2.91175E-1 2.77349E-1 2.65682E-1 2.4698E-1 2.40305E-1 2.38396E-1 2.4762E-1 2.62693E-1 2.69849E-1 2.72345E-1 2.68228E-1 2.63597E-1 2.64361E-1 2.58949E-1
1.27909E-1 1.27143E-1 1.26611E-1 1.34435E-1 1.43024E-1 1.46955E-1 1.58921E-1 1.6749E-1 1.65789E-1 1.75787E-1 1.79408E-1 1.79916E-1 1.79457E-1 1.85499E-1 1.88268E-1 1.98934E-1 2.04462E-1 2.07308E-1 2.17605E-1 2.113E-1 2.04158E-1 2.01728E-1 1.97891E-1 1.98888E-1 1.96633E-1 1.93025E-1 1.91764E-1 1.9162E-1 1.94014E-1 1.90123E-1 1.86005E-1 1.90999E-1 1.99648E-1 2.11982E-1 2.16275E-1 2.03801E-1 2.06314E-1 2.25759E-1 2.51042E-1 2.51258E-1 2.99946E-1 3.18784E-1 3.25313E-1 3.29973E-1 3.31559E-1 3.34847E-1 3.11636E-1 2.88342E-1 2.86071E-1 2.67533E-1 2.4371E-1 2.33364E-1 2.32385E-1 2.38562E-1 2.5062E-1 2.62823E-1 2.6817E-1 2.62131E-1 2.62414E-1 2.616E-1 2.62306E-1
1.3644E-1 1.38392E-1 1.39952E-1 1.48924E-1 1.51054E-1 1.55909E-1 1.70961E-1 1.65189E-1 1.58438E-1 1.59454E-1 1.65663E-1 1.72532E-1 1.71856E-1 1.73444E-1 1.78917E-1 1.89108E-1 1.94984E-1 2.04547E-1 2.09149E-1 2.0517E-1 2.04331E-1 2.04653E-1 2.05199E-1 1.99206E-1 1.97656E-1 1.88295E-1 1.88679E-1 1.93579E-1 1.94324E-1 1.96748E-1 1.91977E-1 1.94539E-1 2.00758E-1 2.0457E-1 2.03093E-1 2.0462E-1 2.08396E-1 2.14261E-1 2.19487E-1 2.28899E-1 2.51151E-1 2.68022E-1 2.6994E-1 2.84567E-1 3.00944E-1 3.05004E-1 3.05254E-1 2.94995E-1 2.86097E-1 2.64063E-1 2.37657E-1 2.33367E-1 2.25052E-1 2.2542E-1 2.38424E-1 2.56122E-1 2.72038E-1 2.72252E-1 2.7146E-1 2.73061E-1 2.75665E-1
1.50695E-1 1.53061E-1 1.56868E-1 1.60476E-1 1.6654E-1 1.63982E-1 1.76388E-1 1.68214E-1 1.62957E-1 1.61612E-1 1.69628E-1 1.75427E-1 1.71867E-1 1.67565E-1 1.76396E-1 1.85986E-1 1.97636E-1 2.04094E-1 2.06467E-1 2.07634E-1 2.09255E-1 2.10704E-1 2.10718E-1 2.05452E-1 2.01169E-1 2.00521E-1 1.95753E-1 1.95352E-1 2.01537E-1 2.0394E-1 2.01622E-1 2.05493E-1 2.06435E-1 2.08978E-1 2.08961E-1 2.12931E-1 2.15636E-1 2.18183E-1 2.21121E-1 2.21131E-1 2.29959E-1 2.37741E-1 2.49684E-1 2.6133E-1 2.78284E-1 2.87614E-1 2.88735E-1 2.87763E-1 2.80075E-1 2.63524E-1 2.43148E-1 2.35209E-1 2.36224E-1 2.3833E-1 2.40848E-1 2.55705E-1 2.68115E-1 2.75968E-1 2.76491E-1 2.83822E-1 2.91501E-1
1.63805E-1 1.68183E-1 1.73605E-1 1.71495E-1 1.66333E-1 1.69403E-1 1.6985E-1 1.72361E-1 1.72699E-1 1.75642E-1 1.78834E-1 1.78794E-1 1.78507E-1 1.74571E-1 1.79077E-1 1.87123E-1 1.9547E-1 2.04213E-1 2.05745E-1 2.12038E-1 2.1326E-1 2.1555E-1 2.14004E-1 2.13934E-1 2.19791E-1 2.21103E-1 2.05992E-1 2.05925E-1 2.10113E-1 2.14445E-1 2.21061E-1 2.19151E-1 2.22643E-1 2.29481E-1 2.30424E-1 2.21424E-1 2.2689E-1 2.31207E-1 2.28703E-1 2.30399E-1 2.3342E-1 2.40479E-1 2.47903E-1 2.56167E-1 2.65838E-1 2.72538E-1 2.88398E-1 2.89104E-1 2.77811E-1 2.68577E-1 2.52418E-1 2.50548E-1 2.53655E-1 2.49398E-1 2.54834E-1 2.60203E-1 2.70476E-1 2.82935E-1 2.8649E-1 2.93795E-1 3.08377E-1
1.75654E-1 1.81161E-1 1.85124E-1 1.80727E-1 1.72706E-1 1.75289E-1 1.74595E-1 1.78046E-1 1.82736E-1 1.82436E-1 1.81698E-1 1.81643E-1 1.82486E-1 1.87299E-1 1.88592E-1 1.98734E-1 2.03986E-1 2.10253E-1 2.15858E-1 2.20637E-1 2.21872E-1 2.20132E-1 2.20171E-1 2.20051E-1 2.24749E-1 2.26834E-1 2.24687E-1 2.27062E-1 2.26863E-1 2.29244E-1 2.32917E-1 2.3259E-1 2.37155E-1 2.37125E-1 2.36635E-1 2.31221E-1 2.27921E-1 2.32407E-1 2.28103E-1 2.33001E-1 2.39468E-1 2.45942E-1 2.51609E-1 2.53809E-1 2.61168E-1 2.62743E-1 2.80524E-1 2.85878E-1 2.78127E-1 2.7689E-1 2.71778E-1 2.65213E-1 2.65342E-1 2.66353E-1 2.69952E-1 2.77739E-1 2.8425E-1 2.87117E-1 2.99343E-1 3.14973E-1 3.30176E-1
1.87303E-1 1.89607E-1 1.89796E-1 1.84334E-1 1.82225E-1 1.81332E-1 1.83391E-1 1.87742E-1 1.91957E-1 1.92273E-1 1.90716E-1 1.88811E-1 1.89226E-1 1.91569E-1 1.98386E-1 2.11299E-1 2.21105E-1 2.27973E-1 2.32881E-1 2.31358E-1 2.34319E-1 2.31682E-1 2.34283E-1 2.32087E-1 2.32649E-1 2.39112E-1 2.42622E-1 2.4608E-1 2.43717E-1 2.3998E-1 2.39616E-1 2.48257E-1 2.45563E-1 2.44374E-1 2.4491E-1 2.34949E-1 2.29044E-1 2.29763E-1 2.35728E-1 2.46346E-1 2.572E-1 2.60294E-1 2.64586E-1 2.58762E-1 2.6244E-1 2.69169E-1 2.79316E-1 2.91479E-1 2.86634E-1 2.85214E-1 2.87195E-1 2.84631E-1 2.84114E-1 2.93545E-1 2.95566E-1 2.9664E-1 3.0167E-1 3.02393E-1 3.03577E-1 3.19588E-1 3.40668E-1
1.95763E-1 1.96903E-1 1.98341E-1 1.92444E-1 1.93004E-1 1.91744E-1 1.90814E-1 1.95272E-1 1.98869E-1 1.95137E-1 1.98484E-1 1.97516E-1 1.98356E-1 2.00969E-1 2.08975E-1 2.2381E-1 2.36405E-1 2.40695E-1 2.42453E-1 2.45262E-1 2.43753E-1 2.41836E-1 2.4239E-1 2.39492E-1 2.3931E-1 2.47052E-1 2.50856E-1 2.54199E-1 2.59214E-1 2.46267E-1 2.47074E-1 2.49364E-1 2.46415E-1 2.47952E-1 2.48351E-1 2.44189E-1 2.34069E-1 2.34666E-1 2.39903E-1 2.55463E-1 2.6605E-1 2.73988E-1 2.80281E-1 2.77819E-1 2.71376E-1 2.79144E-1 2.89615E-1 3.01992E-1 2.99362E-1 2.95084E-1 2.99603E-1 3.05816E-1 3.12856E-1 3.16141E-1 3.23171E-1 3.26561E-1 3.29746E-1 3.28512E-1 3.22783E-1 3.32695E-1 3.5968E-1
