maxent_outputs/red_flowers_troch_bombus_environ/red_139.asc
ncols         426
nrows         180
xllcorner     -130.0
yllcorner     24.0
cellsize      0.16666666666666666
NODATA_value  -9999
[rows 0 to 26 of 180, columns 305 to 365 of 426]
3.40906E-1 3.05202E-1 2.94901E-1 2.7309E-1 2.52335E-1 2.45447E-1 2.38421E-1 2.38021E-1 2.41589E-1 2.46723E-1 2.47522E-1 2.47586E-1 2.47569E-1 2.62412E-1 2.76806E-1 3.07402E-1 3.07876E-1 2.80443E-1 2.64551E-1 2.65443E-1 2.81764E-1 3.15566E-1 3.31041E-1 3.28783E-1 3.1156E-1 2.80126E-1 2.80111E-1 2.86877E-1 2.94636E-1 2.68727E-1 2.59582E-1 2.72185E-1 2.52857E-1 2.71448E-1 3.19878E-1 3.06064E-1 2.94182E-1 2.54558E-1 2.41582E-1 2.43843E-1 2.32816E-1 2.38208E-1 2.381E-1 2.43613E-1 2.36975E-1 2.35193E-1 2.36806E-1 2.41781E-1 2.37046E-1 2.36022E-1 2.38402E-1 2.40564E-1 2.39439E-1 2.46267E-1 2.47542E-1 2.43511E-1 2.51101E-1 2.44036E-1 2.3734E-1 2.4031E-1 2.45465E-1
3.64672E-1 3.15228E-1 3.14953E-1 2.89803E-1 2.76468E-1 2.65159E-1 2.61516E-1 2.62868E-1 2.57018E-1 2.74116E-1 3.24713E-1 3.50371E-1 3.44042E-1 3.51258E-1 3.3423E-1 2.91587E-1 2.90711E-1 2.83083E-1 2.85937E-1 3.09812E-1 3.26765E-1 3.42579E-1 3.53889E-1 3.42166E-1 3.30148E-1 3.35775E-1 3.03407E-1 2.84236E-1 2.74619E-1 2.74889E-1 2.71581E-1 2.65279E-1 2.56333E-1 2.52342E-1 2.48788E-1 2.49615E-1 2.4376E-1 2.40537E-1 2.39797E-1 2.37535E-1 2.34606E-1 2.3882E-1 2.35466E-1 2.35555E-1 2.37713E-1 2.36219E-1 2.38449E-1 2.40421E-1 2.36677E-1 2.36331E-1 2.33316E-1 2.40538E-1 2.45587E-1 2.46803E-1 2.42149E-1 2.37809E-1 2.34759E-1 2.36154E-1 2.36671E-1 2.39658E-1 2.42991E-1
4.3062E-1 3.21333E-1 2.97594E-1 2.71779E-1 2.69222E-1 2.61216E-1 2.59575E-1 2.62487E-1 2.58584E-1 2.61822E-1 3.17392E-1 3.27765E-1 3.34795E-1 3.20959E-1 3.06838E-1 3.13203E-1 2.98454E-1 2.7722E-1 2.59974E-1 2.75583E-1 3.20519E-1 2.9938E-1 2.90454E-1 2.76037E-1 2.72167E-1 2.82864E-1 2.76154E-1 2.77165E-1 2.7293E-1 2.69354E-1 2.58514E-1 2.52671E-1 2.51491E-1 2.53064E-1 2.5E-1 2.43784E-1 2.39735E-1 2.39685E-1 2.38953E-1 2.36011E-1 2.3704E-1 2.3576E-1 2.39149E-1 2.45275E-1 2.44388E-1 2.31566E-1 2.33077E-1 2.33999E-1 2.44248E-1 2.40254E-1 2.34587E-1 2.39388E-1 2.3547E-1 2.38473E-1 2.43457E-1 2.37032E-1 2.36228E-1 2.40192E-1 2.36596E-1 2.38649E-1 2.38207E-1
3.62312E-1 3.30794E-1 3.01186E-1 2.79501E-1 2.66813E-1 2.59095E-1 2.71253E-1 2.77262E-1 2.55157E-1 2.56848E-1 2.65357E-1 2.60792E-1 2.65377E-1 2.68461E-1 2.77415E-1 2.91507E-1 2.71005E-1 2.6199E-1 2.64087E-1 2.81004E-1 2.80703E-1 2.68227E-1 2.67043E-1 2.57494E-1 2.62414E-1 2.66773E-1 2.66432E-1 2.68996E-1 2.65508E-1 2.61204E-1 2.67685E-1 2.60466E-1 2.52433E-1 2.52083E-1 2.45674E-1 2.49387E-1 2.51821E-1 2.57209E-1 2.3967E-1 2.3575E-1 2.42776E-1 2.40838E-1 2.36495E-1 2.41745E-1 2.38647E-1 2.33196E-1 2.32355E-1 2.30795E-1 2.33763E-1 2.37325E-1 2.34487E-1 2.33103E-1 2.37363E-1 2.35559E-1 2.37644E-1 2.37865E-1 2.37431E-1 2.36997E-1 2.36872E-1 2.36275E-1 2.45972E-1
6.55254E-1 3.38434E-1 3.00828E-1 2.82736E-1 2.64047E-1 2.52955E-1 2.49203E-1 2.61842E-1 2.5507E-1 2.62518E-1 2.5504E-1 2.51993E-1 2.63471E-1 2.8118E-1 3.05361E-1 2.78559E-1 2.70648E-1 2.69687E-1 2.66779E-1 2.64501E-1 2.62927E-1 2.63599E-1 2.69837E-1 2.68255E-1 2.68605E-1 2.74125E-1 2.86667E-1 2.69569E-1 2.65992E-1 2.62842E-1 2.58692E-1 2.57817E-1 2.59456E-1 2.55817E-1 2.52405E-1 2.49735E-1 2.50332E-1 2.50451E-1 2.40459E-1 2.38101E-1 2.38932E-1 2.36042E-1 2.361E-1 2.36513E-1 2.36566E-1 2.35621E-1 2.33716E-1 2.3055E-1 2.32602E-1 2.41614E-1 2.36218E-1 2.33406E-1 2.35735E-1 2.36669E-1 2.35827E-1 2.38929E-1 2.41665E-1 2.41483E-1 2.40391E-1 2.45622E-1 2.44456E-1
6.66905E-1 3.5536E-1 3.13708E-1 2.8451E-1 2.72395E-1 2.69309E-1 2.52245E-1 2.55085E-1 2.5532E-1 2.53265E-1 2.53298E-1 2.57546E-1 2.59457E-1 2.89406E-1 2.89591E-1 2.77481E-1 2.67035E-1 2.67493E-1 2.65809E-1 2.65917E-1 2.64319E-1 2.65735E-1 2.69473E-1 2.72195E-1 2.68523E-1 2.72225E-1 2.73424E-1 2.71823E-1 2.7074E-1 2.68284E-1 2.60952E-1 2.60485E-1 2.60571E-1 2.56114E-1 2.52388E-1 2.52746E-1 2.48927E-1 2.45943E-1 2.44706E-1 2.44903E-1 2.39181E-1 2.3835E-1 2.37372E-1 2.36556E-1 2.38762E-1 2.39073E-1 2.37749E-1 2.40974E-1 2.52599E-1 2.49944E-1 2.39617E-1 2.38021E-1 2.35813E-1 2.38875E-1 2.37908E-1 2.46741E-1 2.40928E-1 2.35758E-1 2.3841E-1 2.38816E-1 2.44604E-1
8.76762E-1 4.51177E-1 3.41964E-1 3.02911E-1 2.67594E-1 2.60856E-1 2.58531E-1 2.58374E-1 2.58941E-1 2.62246E-1 2.67825E-1 2.62175E-1 2.77749E-1 2.8715E-1 2.92695E-1 2.78412E-1 2.78014E-1 2.8056E-1 2.78016E-1 2.69215E-1 2.68704E-1 2.72569E-1 2.74201E-1 2.73993E-1 2.70264E-1 2.66099E-1 2.7079E-1 2.69248E-1 2.65963E-1 2.66388E-1 2.61998E-1 2.61948E-1 2.66472E-1 2.6712E-1 2.62422E-1 2.58606E-1 2.52771E-1 2.51351E-1 2.47706E-1 2.44544E-1 2.42698E-1 2.43768E-1 2.48295E-1 2.45728E-1 2.41337E-1 2.484E-1 2.4309E-1 2.37577E-1 2.4278E-1 2.42211E-1 2.53816E-1 2.69479E-1 2.46727E-1 2.44508E-1 2.45938E-1 2.44957E-1 2.40258E-1 2.42849E-1 2.44145E-1 2.38774E-1 2.47354E-1
8.74631E-1 5.51565E-1 3.52264E-1 3.01054E-1 2.79185E-1 2.70808E-1 2.62761E-1 2.64015E-1 2.6509E-1 2.98047E-1 2.88186E-1 2.78871E-1 2.79813E-1 2.78997E-1 2.86949E-1 2.91447E-1 2.88339E-1 2.86668E-1 2.88856E-1 2.71439E-1 2.70091E-1 2.72541E-1 2.74179E-1 2.78385E-1 2.74599E-1 2.74932E-1 2.77523E-1 2.75072E-1 2.70472E-1 2.71283E-1 2.6935E-1 2.6878E-1 2.67339E-1 2.66576E-1 2.61855E-1 2.59683E-1 2.54014E-1 2.5186E-1 2.47601E-1 2.45415E-1 2.44568E-1 2.44913E-1 2.47345E-1 2.46993E-1 2.46464E-1 2.43756E-1 2.40007E-1 2.41154E-1 2.40372E-1 2.46738E-1 2.57249E-1 2.58865E-1 2.4622E-1 2.41569E-1 2.40098E-1 2.3941E-1 2.40786E-1 2.40084E-1 2.38954E-1 2.44033E-1 2.45809E-1
8.83082E-1 8.77214E-1 3.838E-1 3.36243E-1 3.04137E-1 2.89745E-1 2.81998E-1 2.73895E-1 2.74725E-1 2.77503E-1 2.75607E-1 2.77309E-1 2.79753E-1 2.72808E-1 2.72507E-1 3.0685E-1 3.02977E-1 3.1463E-1 2.98116E-1 2.79993E-1 2.74614E-1 2.79926E-1 2.82283E-1 2.82551E-1 2.82665E-1 2.86208E-1 2.89387E-1 2.85542E-1 2.7527E-1 2.7706E-1 2.80555E-1 2.74519E-1 2.68411E-1 2.65269E-1 2.66062E-1 2.6169E-1 2.60351E-1 2.60108E-1 2.58822E-1 2.5155E-1 2.46128E-1 2.48433E-1 2.48346E-1 2.48328E-1 2.44774E-1 2.45479E-1 2.43158E-1 2.41465E-1 2.40919E-1 2.40315E-1 2.43222E-1 2.42735E-1 2.42956E-1 2.43211E-1 2.40319E-1 2.40852E-1 2.39569E-1 2.38965E-1 2.39161E-1 2.42179E-1 2.42343E-1
8.78085E-1 -9999 4.92699E-1 3.73123E-1 3.29235E-1 3.08375E-1 2.99811E-1 2.87595E-1 2.91607E-1 2.9171E-1 2.92098E-1 2.79138E-1 2.84042E-1 2.81066E-1 2.94577E-1 3.12422E-1 3.11551E-1 2.98311E-1 2.81619E-1 2.78457E-1 2.77232E-1 2.81331E-1 2.81762E-1 2.83264E-1 2.89115E-1 2.8882E-1 2.83202E-1 2.85926E-1 2.86751E-1 2.87111E-1 2.87645E-1 2.78998E-1 2.71996E-1 2.73027E-1 2.71594E-1 2.69443E-1 2.64633E-1 2.60134E-1 2.5904E-1 2.55002E-1 2.5177E-1 2.50959E-1 2.52609E-1 2.5246E-1 2.53187E-1 2.54081E-1 2.49998E-1 2.46654E-1 2.45803E-1 2.53468E-1 2.4703E-1 2.46876E-1 2.46135E-1 2.47577E-1 2.44631E-1 2.43288E-1 2.42855E-1 2.44614E-1 2.42242E-1 2.45985E-1 2.54271E-1
8.79444E-1 -9999 -9999 3.70172E-1 3.3501E-1 3.08369E-1 2.95709E-1 2.96712E-1 3.02147E-1 2.98786E-1 2.88328E-1 2.86779E-1 2.80643E-1 2.81312E-1 2.82611E-1 2.9546E-1 2.91752E-1 2.80939E-1 2.79318E-1 2.80156E-1 2.84644E-1 2.89343E-1 2.94563E-1 2.95557E-1 2.88883E-1 2.89164E-1 2.95051E-1 2.93649E-1 2.8866E-1 2.85845E-1 2.81546E-1 2.79038E-1 2.82326E-1 2.77845E-1 2.72475E-1 2.68414E-1 2.66524E-1 2.627E-1 2.60279E-1 2.58642E-1 2.55828E-1 2.58812E-1 2.59427E-1 2.60655E-1 2.58012E-1 2.53767E-1 2.50295E-1 2.52572E-1 2.44034E-1 2.39844E-1 2.38648E-1 2.43451E-1 2.42232E-1 2.40859E-1 2.41076E-1 2.41811E-1 2.43236E-1 2.46799E-1 2.45706E-1 2.53337E-1 2.57097E-1
3.97624E-1 7.17342E-1 4.09032E-1 3.45793E-1 3.24622E-1 3.16952E-1 3.05483E-1 3.10088E-1 3.0534E-1 2.95339E-1 2.90757E-1 2.83217E-1 2.92849E-1 2.91761E-1 2.87966E-1 2.83101E-1 2.80204E-1 2.81728E-1 2.89045E-1 2.88062E-1 2.98616E-1 2.87125E-1 2.87006E-1 2.88472E-1 2.92997E-1 2.99088E-1 2.981E-1 2.91365E-1 2.90323E-1 2.87221E-1 2.86685E-1 2.84789E-1 2.84115E-1 2.81606E-1 2.77651E-1 2.75469E-1 2.746E-1 2.69414E-1 2.66079E-1 2.64466E-1 2.62378E-1 2.6165E-1 2.62401E-1 2.62114E-1 2.49842E-1 2.48036E-1 2.42881E-1 2.42911E-1 2.39865E-1 2.39806E-1 2.40942E-1 2.4068E-1 2.42852E-1 2.41958E-1 2.45333E-1 2.42396E-1 2.49886E-1 2.52312E-1 2.54855E-1 2.52991E-1 2.58027E-1
8.78679E-1 3.9364E-1 3.54125E-1 3.35289E-1 3.23121E-1 3.17196E-1 3.12583E-1 3.08322E-1 2.99131E-1 2.96556E-1 2.98014E-1 2.89205E-1 2.88002E-1 2.93319E-1 2.85176E-1 2.85791E-1 2.84765E-1 2.78888E-1 2.83639E-1 2.94574E-1 2.93711E-1 2.94607E-1 2.96273E-1 2.99799E-1 2.97975E-1 2.97333E-1 2.96689E-1 2.96626E-1 2.91864E-1 2.90923E-1 2.87519E-1 2.87058E-1 2.85923E-1 2.85544E-1 2.83613E-1 2.80494E-1 2.77027E-1 2.75267E-1 2.80315E-1 2.73355E-1 2.66717E-1 2.65573E-1 2.59248E-1 2.54544E-1 2.52687E-1 2.48456E-1 2.42724E-1 2.45456E-1 2.43037E-1 2.417E-1 2.5115E-1 2.5063E-1 2.52428E-1 2.53293E-1 2.45534E-1 2.52231E-1 2.53678E-1 2.48907E-1 2.57103E-1 2.57052E-1 2.64826E-1
5.68588E-1 3.59349E-1 3.5151E-1 3.37947E-1 3.30947E-1 3.19251E-1 3.16348E-1 3.16332E-1 3.10279E-1 3.05178E-1 2.99645E-1 2.93936E-1 3.0474E-1 3.03657E-1 2.95258E-1 2.93918E-1 2.8947E-1 2.85137E-1 2.84099E-1 2.87885E-1 2.90806E-1 2.90831E-1 2.93273E-1 3.06622E-1 3.08989E-1 2.99539E-1 2.98906E-1 2.97477E-1 2.96377E-1 2.92174E-1 2.92674E-1 2.95308E-1 2.966E-1 2.9458E-1 2.83442E-1 2.8329E-1 2.82068E-1 2.84508E-1 2.94071E-1 2.81069E-1 2.72421E-1 2.67924E-1 2.58178E-1 2.55484E-1 2.51993E-1 2.514E-1 2.4918E-1 2.4872E-1 2.43797E-1 2.43096E-1 2.42278E-1 2.47555E-1 2.49155E-1 2.59376E-1 2.87482E-1 2.53153E-1 2.55065E-1 2.53069E-1 2.58468E-1 2.68152E-1 2.75365E-1
4.78388E-1 3.61401E-1 3.64526E-1 3.35697E-1 3.35193E-1 3.24136E-1 3.19447E-1 3.24289E-1 3.21491E-1 3.15735E-1 3.11576E-1 3.13063E-1 3.14029E-1 3.11029E-1 3.05189E-1 3.00033E-1 3.00413E-1 2.93508E-1 2.92525E-1 3.01666E-1 2.88043E-1 2.92985E-1 2.96911E-1 3.01078E-1 3.07752E-1 3.04618E-1 3.07099E-1 3.06355E-1 3.05723E-1 3.00476E-1 3.03015E-1 3.0076E-1 2.96637E-1 2.89921E-1 2.89937E-1 2.81648E-1 2.83196E-1 2.90753E-1 2.83518E-1 2.74024E-1 2.64482E-1 2.61177E-1 2.58145E-1 2.57684E-1 2.55229E-1 2.51118E-1 2.52568E-1 2.49481E-1 2.50198E-1 2.48819E-1 2.50508E-1 2.56254E-1 2.52804E-1 2.53686E-1 2.70453E-1 2.51217E-1 2.52016E-1 2.56699E-1 2.58209E-1 2.72897E-1 3.32513E-1
3.5572E-1 4.11688E-1 3.61948E-1 3.51526E-1 3.45462E-1 3.39411E-1 3.39187E-1 3.32623E-1 3.33173E-1 3.1853E-1 3.20663E-1 3.20523E-1 3.11598E-1 3.15982E-1 3.19318E-1 3.02547E-1 3.03179E-1 3.02127E-1 3.00141E-1 3.0109E-1 3.00008E-1 2.96664E-1 3.02504E-1 3.16289E-1 3.22282E-1 3.20608E-1 3.16855E-1 3.15583E-1 3.12454E-1 3.12073E-1 3.0713E-1 3.04944E-1 3.08045E-1 2.96772E-1 2.9644E-1 2.90684E-1 3.03692E-1 2.99025E-1 2.81603E-1 2.76457E-1 2.67923E-1 2.67679E-1 2.68989E-1 2.65823E-1 2.61176E-1 2.594E-1 2.60756E-1 2.51717E-1 2.53539E-1 2.53528E-1 2.54955E-1 2.61051E-1 2.60419E-1 2.56415E-1 2.53155E-1 2.5535E-1 2.55348E-1 2.60507E-1 2.63179E-1 2.77057E-1 3.30847E-1
3.51932E-1 3.66619E-1 3.60766E-1 3.51881E-1 3.52359E-1 3.48383E-1 3.41116E-1 3.34501E-1 3.3433E-1 3.47246E-1 3.35238E-1 3.28591E-1 3.26845E-1 3.25538E-1 3.1428E-1 3.12552E-1 3.14537E-1 3.10985E-1 3.08232E-1 3.07603E-1 3.03714E-1 3.05219E-1 3.05584E-1 3.1657E-1 3.1491E-1 3.10095E-1 3.15957E-1 3.18303E-1 3.22568E-1 3.14446E-1 3.12218E-1 3.07307E-1 3.0936E-1 3.01092E-1 3.3642E-1 4.03441E-1 3.87359E-1 3.45083E-1 3.10052E-1 2.80067E-1 2.75125E-1 2.72313E-1 2.68792E-1 2.74334E-1 2.7135E-1 2.62758E-1 2.59571E-1 2.57875E-1 2.54063E-1 2.58033E-1 2.57034E-1 2.60737E-1 2.67961E-1 2.69307E-1 2.54774E-1 2.56147E-1 2.62374E-1 2.62515E-1 2.63431E-1 2.68689E-1 3.02895E-1
3.42996E-1 3.43832E-1 3.53771E-1 3.48014E-1 3.47085E-1 3.44103E-1 3.32087E-1 3.35791E-1 3.44433E-1 3.48678E-1 3.32961E-1 3.2919E-1 3.30508E-1 3.28683E-1 3.16953E-1 3.19596E-1 3.21632E-1 3.20636E-1 3.09713E-1 3.08592E-1 3.01156E-1 3.03196E-1 3.15204E-1 3.07561E-1 3.04717E-1 3.14189E-1 3.13082E-1 3.15674E-1 3.16051E-1 3.13043E-1 3.17558E-1 3.19343E-1 3.2527E-1 3.86949E-1 4.45486E-1 3.72359E-1 3.43108E-1 3.23012E-1 2.9532E-1 2.82075E-1 2.76985E-1 2.73216E-1 2.68334E-1 2.71922E-1 2.66528E-1 2.64237E-1 2.59394E-1 2.61259E-1 2.59373E-1 2.58255E-1 2.56874E-1 2.61295E-1 2.61376E-1 2.66999E-1 2.61092E-1 2.58189E-1 2.58691E-1 2.6385E-1 2.72139E-1 2.67087E-1 2.73263E-1
3.31992E-1 3.3222E-1 3.33731E-1 3.37603E-1 3.43107E-1 3.45412E-1 3.48745E-1 3.53434E-1 3.57775E-1 3.49371E-1 3.49146E-1 3.46126E-1 3.563E-1 3.6121E-1 3.40167E-1 3.32599E-1 3.255E-1 3.31996E-1 3.24923E-1 3.09633E-1 3.06655E-1 3.02854E-1 3.04458E-1 3.10921E-1 3.09943E-1 3.15009E-1 3.14601E-1 3.27383E-1 3.2228E-1 3.23257E-1 3.1857E-1 3.39801E-1 4.61673E-1 4.48264E-1 3.63556E-1 3.33504E-1 3.02E-1 2.91442E-1 2.92533E-1 2.9654E-1 2.82643E-1 2.67838E-1 2.6545E-1 2.64473E-1 2.63901E-1 2.6012E-1 2.599E-1 2.58425E-1 2.6009E-1 2.66188E-1 2.6306E-1 2.61496E-1 2.69375E-1 2.72272E-1 2.64528E-1 2.66505E-1 2.60679E-1 2.67925E-1 2.73555E-1 2.74977E-1 2.73908E-1
3.21271E-1 3.23836E-1 3.25195E-1 3.31227E-1 3.37234E-1 3.41164E-1 3.46187E-1 3.50817E-1 3.47672E-1 3.40228E-1 3.46303E-1 3.44713E-1 3.48296E-1 3.54388E-1 3.3772E-1 3.33174E-1 3.37688E-1 3.24836E-1 3.12646E-1 3.07855E-1 3.02332E-1 3.00288E-1 2.97954E-1 3.05484E-1 3.09814E-1 3.1307E-1 3.1794E-1 3.24504E-1 3.17666E-1 3.21506E-1 3.26547E-1 4.12057E-1 4.42924E-1 3.43508E-1 3.19051E-1 3.05923E-1 2.98506E-1 2.93457E-1 2.89383E-1 2.81155E-1 2.73792E-1 2.66513E-1 2.64454E-1 2.6224E-1 2.61005E-1 2.58252E-1 2.6392E-1 2.63632E-1 2.64359E-1 2.86699E-1 2.90053E-1 2.76668E-1 2.69745E-1 2.82433E-1 2.72302E-1 2.68445E-1 2.65251E-1 2.69872E-1 2.75537E-1 2.78684E-1 2.86676E-1
3.21829E-1 3.24458E-1 3.21748E-1 3.33418E-1 3.38992E-1 3.42712E-1 3.43213E-1 3.44828E-1 3.47168E-1 3.3916E-1 3.3933E-1 3.38758E-1 3.43785E-1 3.35817E-1 3.37603E-1 3.44681E-1 3.34117E-1 3.17033E-1 3.16947E-1 3.15292E-1 3.07866E-1 3.07515E-1 3.08297E-1 3.07629E-1 3.03943E-1 3.13001E-1 3.13097E-1 3.17732E-1 3.21786E-1 3.21574E-1 3.3374E-1 4.24217E-1 3.47778E-1 3.19915E-1 3.16328E-1 3.09529E-1 3.00694E-1 2.92006E-1 2.88778E-1 2.80661E-1 2.73936E-1 2.73366E-1 2.66756E-1 2.59484E-1 2.62128E-1 2.56446E-1 2.54645E-1 2.60627E-1 2.58608E-1 2.67755E-1 2.90943E-1 2.82013E-1 2.69977E-1 2.70262E-1 2.66527E-1 2.72828E-1 2.76987E-1 2.76986E-1 2.79819E-1 2.90723E-1 2.87857E-1
3.16652E-1 3.17153E-1 3.15069E-1 3.27006E-1 3.36965E-1 3.39689E-1 3.43185E-1 3.41725E-1 3.47438E-1 3.37879E-1 3.33332E-1 3.43375E-1 3.42625E-1 3.42289E-1 3.36683E-1 3.28765E-1 3.25042E-1 3.2029E-1 3.154E-1 3.14523E-1 3.05599E-1 3.00595E-1 3.04499E-1 3.11258E-1 3.05582E-1 3.20386E-1 3.14099E-1 3.15316E-1 3.18558E-1 3.23765E-1 3.33355E-1 3.60159E-1 3.43203E-1 3.21703E-1 3.11238E-1 3.06527E-1 3.00984E-1 2.98466E-1 2.89707E-1 2.80724E-1 2.75155E-1 2.74204E-1 2.69305E-1 2.67377E-1 2.66299E-1 2.59083E-1 2.5677E-1 2.57185E-1 2.56752E-1 2.61086E-1 2.64038E-1 2.66314E-1 2.69442E-1 2.71055E-1 2.66631E-1 2.681E-1 2.75073E-1 2.77055E-1 2.8372E-1 3.16312E-1 2.92548E-1
3.15152E-1 3.17834E-1 3.17655E-1 3.25818E-1 3.28599E-1 3.34676E-1 3.35532E-1 3.34642E-1 3.39288E-1 3.41822E-1 3.54241E-1 3.40532E-1 3.3913E-1 3.47137E-1 3.41679E-1 3.26173E-1 3.24166E-1 3.19352E-1 3.10954E-1 3.09914E-1 3.07182E-1 3.03607E-1 3.00607E-1 3.06274E-1 3.01374E-1 3.08559E-1 3.05967E-1 3.09223E-1 3.06979E-1 3.15416E-1 3.2781E-1 3.51207E-1 3.3376E-1 3.2172E-1 3.14994E-1 3.07299E-1 3.00894E-1 3.01362E-1 2.88323E-1 2.8116E-1 2.77288E-1 2.72551E-1 2.68432E-1 2.66385E-1 2.65666E-1 2.6226E-1 2.58505E-1 2.83722E-1 2.62929E-1 2.64682E-1 2.62228E-1 2.61469E-1 2.58436E-1 2.69691E-1 2.72288E-1 2.75064E-1 2.79636E-1 2.8399E-1 3.00898E-1 3.50716E-1 3.24263E-1
3.16581E-1 3.17971E-1 3.19111E-1 3.25232E-1 3.25375E-1 3.26596E-1 3.29338E-1 3.34519E-1 3.42E-1 3.39725E-1 3.49713E-1 3.41664E-1 3.37746E-1 3.43655E-1 3.37577E-1 3.25589E-1 3.22901E-1 3.17928E-1 3.0986E-1 3.08089E-1 3.05957E-1 3.03906E-1 3.0714E-1 3.04729E-1 3.0429E-1 2.97943E-1 2.97958E-1 3.05106E-1 3.09879E-1 3.1171E-1 3.34E-1 3.32165E-1 3.21603E-1 3.22951E-1 3.10749E-1 3.05995E-1 3.02727E-1 2.94789E-1 2.9126E-1 2.83859E-1 2.7687E-1 2.75067E-1 2.67682E-1 2.7152E-1 2.6167E-1 2.60913E-1 2.56086E-1 2.99131E-1 2.71346E-1 2.67521E-1 2.66241E-1 2.69214E-1 2.6696E-1 2.75056E-1 2.85399E-1 2.80674E-1 2.80836E-1 2.96864E-1 3.02816E-1 3.18162E-1 3.83587E-1
3.05716E-1 3.11586E-1 3.13565E-1 3.1539E-1 3.22483E-1 3.31246E-1 3.42318E-1 3.34179E-1 3.50162E-1 3.51639E-1 3.51805E-1 3.49741E-1 3.39007E-1 3.37694E-1 3.36168E-1 3.35374E-1 3.18812E-1 3.12264E-1 3.13491E-1 3.08226E-1 3.04494E-1 3.14838E-1 3.08773E-1 3.05321E-1 3.0435E-1 3.09272E-1 3.0646E-1 3.03732E-1 3.03323E-1 3.34712E-1 3.39618E-1 3.15935E-1 3.17621E-1 3.10825E-1 3.0984E-1 3.05164E-1 2.98708E-1 2.94087E-1 2.93755E-1 2.89341E-1 2.86202E-1 2.83119E-1 2.76765E-1 2.75156E-1 2.71637E-1 2.67177E-1 2.60863E-1 2.87646E-1 2.75581E-1 2.81826E-1 2.81514E-1 2.75946E-1 2.91405E-1 2.95664E-1 2.90309E-1 2.84996E-1 2.88642E-1 2.96819E-1 3.09773E-1 3.20352E-1 3.84614E-1
3.03939E-1 3.08259E-1 3.10309E-1 3.13332E-1 3.13701E-1 3.18751E-1 3.26069E-1 3.35915E-1 3.42271E-1 3.48199E-1 3.46545E-1 3.50365E-1 3.39324E-1 3.44743E-1 3.58862E-1 3.20831E-1 3.16609E-1 3.11374E-1 3.15773E-1 3.11812E-1 3.0894E-1 3.06365E-1 3.07575E-1 3.0783E-1 2.99593E-1 3.02628E-1 3.06329E-1 3.02415E-1 3.07017E-1 3.24281E-1 3.11548E-1 3.1048E-1 3.08793E-1 3.12272E-1 3.07781E-1 3.0508E-1 2.98075E-1 2.97387E-1 2.963E-1 2.92019E-1 2.91236E-1 2.89905E-1 2.85714E-1 2.83419E-1 2.75653E-1 2.75551E-1 2.76041E-1 2.77995E-1 2.85905E-1 2.87945E-1 2.7944E-1 2.87312E-1 3.09502E-1 3.25527E-1 3.11965E-1 3.02018E-1 3.00636E-1 3.21295E-1 3.22368E-1 3.25975E-1 3.42683E-1
3.09117E-1 3.0623E-1 3.08643E-1 3.10343E-1 3.13004E-1 3.12171E-1 3.21248E-1 3.32759E-1 3.35851E-1 3.34777E-1 3.38985E-1 3.31764E-1 3.29358E-1 3.26479E-1 3.1986E-1 3.31135E-1 3.49537E-1 3.11488E-1 3.13228E-1 3.21018E-1 3.16572E-1 3.11675E-1 3.08632E-1 3.07482E-1 3.05217E-1 3.06026E-1 3.04313E-1 3.07545E-1 3.11624E-1 3.01964E-1 3.03234E-1 3.03455E-1 3.04338E-1 3.04763E-1 3.07391E-1 2.99056E-1 2.97258E-1 2.9716E-1 2.94992E-1 2.9754E-1 2.98972E-1 2.97732E-1 2.95781E-1 2.95716E-1 2.89758E-1 2.87396E-1 2.87057E-1 2.9037E-1 2.88332E-1 2.89888E-1 2.96689E-1 3.17554E-1 3.80195E-1 3.32572E-1 3.53991E-1 3.23995E-1 3.1372E-1 3.29249E-1 3.25355E-1 3.41525E-1 3.55476E-1
