maxent_outputs/red_flowers_troch_bombus_environ/red_246.asc
ncols         426
nrows         180
xllcorner     -130.0
yllcorner     24.0
cellsize      0.16666666666666666
NODATA_value  -9999
[rows 135 to 161 of 180, columns 122 to 182 of 426]
3.37362E-1 3.48589E-1 3.47455E-1 3.2555E-1 2.84944E-1 3.01888E-1 3.2759E-1 3.32704E-1 3.47212E-1 3.46749E-1 3.55815E-1 3.63863E-1 3.613E-1 3.53562E-1 3.51476E-1 3.582E-1 3.50975E-1 3.49754E-1 3.49302E-1 3.41495E-1 3.39909E-1 3.27134E-1 3.15385E-1 3.29341E-1 3.33822E-1 3.36727E-1 3.36295E-1 3.36986E-1 3.60724E-1 3.48782E-1 3.60425E-1 3.57179E-1 3.66607E-1 3.76059E-1 3.84899E-1 3.95929E-1 4.09449E-1 4.11727E-1 4.13425E-1 4.1344E-1 4.16002E-1 4.25874E-1 4.36412E-1 4.63855E-1 4.69309E-1 4.63856E-1 4.58119E-1 4.4413E-1 4.42849E-1 4.32218E-1 4.37879E-1 4.53446E-1 4.67696E-1 4.96738E-1 5.16072E-1 5.33093E-1 5.40253E-1 5.59192E-1 5.69575E-1 5.93438E-1 6.11155E-1
3.42104E-1 3.58222E-1 3.73769E-1 3.49752E-1 3.10774E-1 2.99545E-1 3.24249E-1 3.32087E-1 3.41831E-1 3.5208E-1 3.53093E-1 3.52003E-1 3.6752E-1 3.58428E-1 3.73014E-1 3.54979E-1 3.48206E-1 3.49069E-1 3.52325E-1 3.39294E-1 3.40555E-1 3.27973E-1 3.33588E-1 3.39553E-1 3.46772E-1 3.45885E-1 3.40306E-1 3.46704E-1 3.62395E-1 3.59052E-1 3.57483E-1 3.63905E-1 3.75676E-1 3.82887E-1 3.92246E-1 3.99165E-1 4.12087E-1 4.13356E-1 4.1351E-1 4.17201E-1 4.19108E-1 4.20197E-1 4.41523E-1 4.65992E-1 4.75681E-1 4.7205E-1 4.61996E-1 4.58502E-1 4.52105E-1 4.5167E-1 4.5683E-1 4.65134E-1 4.82533E-1 5.05741E-1 5.2697E-1 5.36525E-1 5.56867E-1 5.66609E-1 5.81238E-1 5.92115E-1 5.96994E-1
3.4411E-1 3.77704E-1 3.79405E-1 3.2209E-1 2.82173E-1 3.22628E-1 3.32356E-1 3.32708E-1 3.44139E-1 3.50667E-1 3.50937E-1 3.53362E-1 3.80195E-1 3.83799E-1 3.91423E-1 3.86946E-1 3.51853E-1 3.53454E-1 3.71428E-1 3.53497E-1 3.42313E-1 3.1668E-1 3.415E-1 3.43087E-1 3.6437E-1 3.62938E-1 3.54293E-1 3.54426E-1 3.82629E-1 3.68457E-1 3.57186E-1 3.6087E-1 3.71114E-1 3.95168E-1 3.94976E-1 3.98138E-1 4.02516E-1 4.00575E-1 4.11895E-1 4.20531E-1 4.24954E-1 4.37934E-1 4.50903E-1 4.66663E-1 4.84135E-1 4.82994E-1 4.61136E-1 4.59681E-1 4.50911E-1 4.52678E-1 4.54798E-1 4.67123E-1 4.9505E-1 5.03272E-1 5.31007E-1 5.45522E-1 5.54705E-1 5.67274E-1 5.86148E-1 5.96852E-1 5.95914E-1
3.24408E-1 3.45406E-1 3.94941E-1 3.25564E-1 3.0749E-1 3.16121E-1 3.18024E-1 3.26882E-1 3.47214E-1 3.64571E-1 3.58888E-1 3.52522E-1 3.80505E-1 3.86596E-1 3.90928E-1 3.96341E-1 3.64871E-1 3.63775E-1 3.86014E-1 3.66379E-1 3.53084E-1 3.38473E-1 3.30031E-1 3.49844E-1 3.66144E-1 3.89224E-1 3.79048E-1 3.86487E-1 3.71613E-1 3.7736E-1 3.77416E-1 3.83077E-1 3.91382E-1 3.98919E-1 4.05602E-1 4.05816E-1 4.03813E-1 4.08575E-1 4.10763E-1 4.27598E-1 4.41439E-1 4.52856E-1 4.61364E-1 4.66397E-1 4.70466E-1 4.75498E-1 4.75891E-1 4.72699E-1 4.65465E-1 4.67216E-1 4.74118E-1 4.80853E-1 4.96404E-1 5.0979E-1 5.32928E-1 5.52624E-1 5.66947E-1 5.81289E-1 5.90889E-1 5.962E-1 6.01979E-1
3.09318E-1 3.72137E-1 3.74829E-1 3.68456E-1 3.19908E-1 3.13393E-1 3.26264E-1 3.28878E-1 3.35555E-1 3.47018E-1 3.5201E-1 3.52615E-1 3.6998E-1 3.77493E-1 3.71715E-1 3.79794E-1 3.43272E-1 3.8196E-1 3.6985E-1 3.65802E-1 3.65029E-1 3.39813E-1 3.35883E-1 3.47784E-1 3.57519E-1 3.81955E-1 3.98283E-1 4.12833E-1 4.05781E-1 3.71932E-1 3.717E-1 3.91789E-1 3.80619E-1 3.6968E-1 3.98476E-1 4.08382E-1 4.09109E-1 4.07505E-1 4.07145E-1 4.13718E-1 4.28797E-1 4.41619E-1 4.48524E-1 4.43417E-1 4.57408E-1 4.66413E-1 4.79264E-1 4.88414E-1 4.77025E-1 4.81737E-1 4.79176E-1 4.87488E-1 5.0434E-1 5.1876E-1 5.31789E-1 5.51313E-1 5.70655E-1 5.94301E-1 5.97542E-1 5.93059E-1 6.01801E-1
2.88421E-1 3.89835E-1 3.33197E-1 3.1793E-1 3.56106E-1 3.18238E-1 2.95047E-1 3.23186E-1 3.31374E-1 3.46098E-1 3.48476E-1 3.58886E-1 3.66241E-1 3.57045E-1 3.51112E-1 3.68062E-1 3.66888E-1 3.78952E-1 3.83511E-1 3.8459E-1 3.78294E-1 3.65177E-1 3.52668E-1 3.54752E-1 3.55497E-1 3.62096E-1 3.94322E-1 3.97611E-1 4.13812E-1 4.06131E-1 3.58581E-1 3.74356E-1 3.86258E-1 3.68969E-1 3.84792E-1 4.04352E-1 4.0146E-1 3.97423E-1 4.08232E-1 4.10553E-1 4.25109E-1 4.38914E-1 4.43772E-1 4.48618E-1 4.57304E-1 4.67951E-1 4.84195E-1 4.85572E-1 4.89569E-1 4.95108E-1 4.94491E-1 4.97417E-1 5.148E-1 5.27341E-1 5.42773E-1 5.64665E-1 5.80373E-1 5.85012E-1 5.94157E-1 5.94633E-1 6.06489E-1
2.98554E-1 4.11274E-1 3.61594E-1 3.05407E-1 3.5057E-1 3.28377E-1 2.94133E-1 2.9114E-1 3.17578E-1 3.44402E-1 3.45003E-1 3.5731E-1 3.63284E-1 3.56222E-1 3.52661E-1 3.4856E-1 3.6409E-1 3.66475E-1 3.63181E-1 3.54869E-1 3.63944E-1 3.6411E-1 3.61337E-1 3.61394E-1 3.70963E-1 3.69718E-1 3.91388E-1 3.86433E-1 4.13731E-1 4.24119E-1 3.84939E-1 3.65729E-1 3.82002E-1 3.71331E-1 3.76934E-1 3.94107E-1 3.97264E-1 4.022E-1 3.95288E-1 3.98735E-1 4.04157E-1 4.28026E-1 4.50156E-1 4.59822E-1 4.67876E-1 4.77781E-1 4.84448E-1 4.93264E-1 4.87595E-1 4.96991E-1 5.04519E-1 5.16389E-1 5.24524E-1 5.51646E-1 5.64013E-1 5.74354E-1 5.89804E-1 5.91149E-1 5.9763E-1 6.07982E-1 6.23238E-1
2.97896E-1 3.85445E-1 3.8187E-1 3.11371E-1 3.40317E-1 3.07908E-1 2.78314E-1 2.72896E-1 2.97167E-1 3.39354E-1 3.53289E-1 3.52376E-1 3.48085E-1 3.55919E-1 3.55493E-1 3.56205E-1 3.64369E-1 3.67475E-1 3.30546E-1 3.11668E-1 3.25696E-1 3.4398E-1 3.51836E-1 3.54937E-1 3.60516E-1 3.759E-1 3.86793E-1 3.88256E-1 4.13938E-1 4.25617E-1 4.16655E-1 3.81717E-1 3.73906E-1 3.61666E-1 3.7192E-1 3.87319E-1 3.91792E-1 3.93909E-1 3.8441E-1 3.94496E-1 4.16648E-1 4.34757E-1 4.56396E-1 4.6829E-1 4.78586E-1 4.88023E-1 4.97846E-1 5.00014E-1 5.00383E-1 5.05229E-1 5.241E-1 5.37302E-1 5.5256E-1 5.67368E-1 5.77699E-1 5.83968E-1 5.98907E-1 5.97017E-1 6.07644E-1 6.12101E-1 6.28528E-1
2.91216E-1 3.80831E-1 4.12818E-1 3.0885E-1 2.76321E-1 2.76829E-1 2.7379E-1 2.73299E-1 2.60244E-1 3.0398E-1 3.18826E-1 3.50164E-1 3.51511E-1 3.52971E-1 3.61689E-1 3.65019E-1 3.72939E-1 3.56514E-1 3.32166E-1 3.04463E-1 3.04151E-1 3.38404E-1 3.42314E-1 3.53636E-1 3.61579E-1 3.68036E-1 3.83126E-1 3.81557E-1 3.98938E-1 4.3654E-1 4.36352E-1 3.95996E-1 3.87527E-1 3.88849E-1 3.90397E-1 3.88259E-1 3.96497E-1 4.10465E-1 4.15316E-1 4.24547E-1 4.31826E-1 4.49255E-1 4.72439E-1 5.00445E-1 5.03062E-1 5.12149E-1 5.21062E-1 5.18949E-1 5.2823E-1 5.4123E-1 5.5789E-1 5.71381E-1 5.81434E-1 5.89339E-1 6.00508E-1 5.96798E-1 6.0638E-1 6.11602E-1 6.24123E-1 6.36033E-1 6.49483E-1
3.11073E-1 3.60274E-1 3.84535E-1 3.34733E-1 2.78442E-1 2.4628E-1 2.62647E-1 2.48831E-1 2.44534E-1 2.90299E-1 2.93518E-1 2.99276E-1 3.46196E-1 3.53732E-1 3.57818E-1 3.7644E-1 3.74432E-1 3.57031E-1 3.33953E-1 3.09675E-1 3.19127E-1 3.23884E-1 3.33278E-1 3.47084E-1 3.63922E-1 3.61686E-1 3.65605E-1 3.87163E-1 3.9767E-1 4.48427E-1 4.61448E-1 4.30934E-1 4.13644E-1 4.25751E-1 4.22964E-1 4.19891E-1 4.10113E-1 4.15332E-1 4.48415E-1 4.46654E-1 4.56389E-1 4.76688E-1 4.99294E-1 5.30438E-1 5.35093E-1 5.34554E-1 5.39162E-1 5.41555E-1 5.62695E-1 5.70107E-1 5.82066E-1 5.94492E-1 6.01437E-1 6.11599E-1 6.14979E-1 6.09618E-1 6.10821E-1 6.26834E-1 6.37443E-1 6.47309E-1 6.61245E-1
3.63035E-1 3.35165E-1 3.9776E-1 3.52697E-1 3.23055E-1 2.41209E-1 2.4035E-1 2.44815E-1 2.36867E-1 2.73499E-1 2.95999E-1 2.89836E-1 3.14544E-1 3.49807E-1 3.38865E-1 3.68379E-1 3.4879E-1 3.56728E-1 3.38452E-1 3.11536E-1 3.23692E-1 3.23915E-1 3.32999E-1 3.54256E-1 3.5864E-1 3.59653E-1 3.4394E-1 3.84616E-1 4.10208E-1 4.32898E-1 4.82337E-1 4.98484E-1 4.73533E-1 4.59147E-1 4.46213E-1 4.35588E-1 4.26333E-1 4.3891E-1 4.68582E-1 4.90654E-1 5.014E-1 5.23772E-1 5.36076E-1 5.45998E-1 5.53118E-1 5.54917E-1 5.62773E-1 5.68827E-1 5.85962E-1 6.01869E-1 6.11013E-1 6.13345E-1 6.21648E-1 6.27676E-1 6.32923E-1 6.34902E-1 6.36295E-1 6.56933E-1 6.66631E-1 6.84186E-1 6.95596E-1
3.8769E-1 3.5134E-1 3.8006E-1 3.65368E-1 3.49201E-1 3.17321E-1 2.56346E-1 2.2435E-1 2.39831E-1 2.48812E-1 2.68757E-1 2.89141E-1 2.99262E-1 3.40467E-1 3.24276E-1 3.42078E-1 3.08979E-1 3.05184E-1 3.28304E-1 3.35438E-1 3.33878E-1 3.41902E-1 3.59654E-1 3.58494E-1 3.49361E-1 3.5121E-1 3.59451E-1 4.08841E-1 4.40643E-1 4.54698E-1 4.80084E-1 5.29536E-1 5.44161E-1 5.10482E-1 4.50751E-1 4.54395E-1 4.65963E-1 4.75896E-1 4.93631E-1 5.0703E-1 5.35099E-1 5.58097E-1 5.3905E-1 5.3895E-1 5.5905E-1 5.50513E-1 5.66949E-1 5.77021E-1 6.04885E-1 6.01291E-1 6.24114E-1 6.30936E-1 6.40204E-1 6.54594E-1 6.65405E-1 6.57048E-1 6.62398E-1 6.77556E-1 6.89078E-1 7.07323E-1 7.16025E-1
3.89809E-1 3.18059E-1 3.99765E-1 3.82979E-1 3.71316E-1 3.3296E-1 2.64976E-1 2.57531E-1 2.52734E-1 2.36195E-1 2.52045E-1 2.70055E-1 2.92324E-1 3.35209E-1 3.25938E-1 3.18142E-1 2.9935E-1 2.85976E-1 3.01361E-1 3.34598E-1 3.3907E-1 3.66701E-1 3.84227E-1 3.91813E-1 3.76159E-1 3.66308E-1 3.71439E-1 4.20388E-1 4.53104E-1 4.58122E-1 4.79759E-1 5.40638E-1 5.61941E-1 5.45419E-1 4.87134E-1 4.80868E-1 5.06609E-1 5.10996E-1 5.20657E-1 5.27892E-1 5.42434E-1 5.76172E-1 5.42066E-1 5.55613E-1 5.49871E-1 5.84688E-1 5.80295E-1 5.97822E-1 6.17067E-1 6.14403E-1 6.19976E-1 6.24796E-1 6.34658E-1 6.50687E-1 6.71657E-1 6.82073E-1 6.83681E-1 7.02288E-1 7.2004E-1 7.12075E-1 7.26408E-1
3.96625E-1 3.53813E-1 4.05908E-1 3.32523E-1 3.31493E-1 2.89212E-1 2.77868E-1 2.41324E-1 2.38179E-1 2.30503E-1 2.39904E-1 2.56779E-1 2.93959E-1 3.27223E-1 3.16131E-1 3.05617E-1 2.97972E-1 2.83148E-1 2.78418E-1 3.22658E-1 3.3724E-1 3.70849E-1 3.90653E-1 3.92214E-1 3.91831E-1 3.90703E-1 4.16607E-1 4.45585E-1 4.5857E-1 4.47222E-1 4.43447E-1 4.9825E-1 5.17449E-1 4.90952E-1 5.36285E-1 5.41543E-1 5.49055E-1 5.44538E-1 5.06408E-1 5.802E-1 5.82904E-1 5.14732E-1 5.22194E-1 5.37656E-1 5.47995E-1 5.68208E-1 5.98738E-1 6.1669E-1 6.19074E-1 6.11146E-1 6.04258E-1 6.03469E-1 6.23483E-1 6.4771E-1 6.73845E-1 6.8905E-1 6.96061E-1 7.11877E-1 7.17317E-1 7.30598E-1 7.24652E-1
3.57032E-1 4.03517E-1 4.18665E-1 3.1393E-1 2.74549E-1 3.11553E-1 2.78577E-1 2.48373E-1 2.46561E-1 2.34118E-1 2.53137E-1 2.65856E-1 2.8853E-1 3.17684E-1 2.98584E-1 2.9895E-1 2.94291E-1 2.77478E-1 2.76885E-1 3.23716E-1 3.45192E-1 3.6656E-1 3.96723E-1 3.99812E-1 3.93617E-1 4.01003E-1 4.39167E-1 4.48994E-1 4.35497E-1 4.27557E-1 4.455E-1 4.73424E-1 4.52768E-1 4.41039E-1 5.06303E-1 5.45414E-1 5.51247E-1 5.85848E-1 5.99396E-1 6.02524E-1 5.84059E-1 5.10641E-1 4.72342E-1 5.26932E-1 5.19193E-1 4.85706E-1 5.59903E-1 5.93775E-1 6.03954E-1 6.02582E-1 5.75967E-1 5.75117E-1 6.00922E-1 6.4679E-1 6.74449E-1 6.85797E-1 7.03681E-1 7.2658E-1 7.16471E-1 7.15877E-1 7.1704E-1
3.65715E-1 3.33318E-1 3.40579E-1 3.0614E-1 2.58295E-1 2.94453E-1 2.72442E-1 2.42264E-1 2.17192E-1 2.45268E-1 2.4811E-1 2.61901E-1 2.88056E-1 3.10346E-1 3.00932E-1 2.91537E-1 2.83421E-1 2.71773E-1 2.66035E-1 3.02786E-1 3.52208E-1 3.74081E-1 4.28059E-1 4.22758E-1 4.19747E-1 4.30878E-1 4.44129E-1 4.23385E-1 4.22899E-1 4.32731E-1 4.46912E-1 4.54221E-1 4.31568E-1 4.33114E-1 4.90071E-1 5.20571E-1 5.64857E-1 6.02768E-1 6.07522E-1 5.71396E-1 5.64869E-1 5.56253E-1 4.74588E-1 5.109E-1 5.01398E-1 4.93041E-1 5.43697E-1 5.64538E-1 5.87473E-1 5.84384E-1 5.54382E-1 5.53089E-1 5.88444E-1 6.31832E-1 6.67662E-1 6.86155E-1 7.04588E-1 7.07157E-1 7.14636E-1 7.16337E-1 7.12707E-1
4.36631E-1 2.96395E-1 2.83007E-1 2.82263E-1 2.35381E-1 2.62728E-1 2.38456E-1 2.27324E-1 2.04367E-1 2.46449E-1 2.65051E-1 2.59474E-1 2.80861E-1 2.83362E-1 2.96773E-1 2.8812E-1 2.82006E-1 2.83458E-1 2.73428E-1 2.88394E-1 3.41156E-1 3.96667E-1 4.24959E-1 4.37636E-1 4.4592E-1 4.39044E-1 4.08323E-1 4.02849E-1 4.31278E-1 4.35565E-1 4.2855E-1 4.35461E-1 4.3413E-1 4.2851E-1 4.57628E-1 4.85252E-1 5.3051E-1 5.87496E-1 6.0306E-1 5.94997E-1 5.66282E-1 5.32501E-1 5.17557E-1 5.15012E-1 5.48253E-1 5.2483E-1 5.60106E-1 5.65632E-1 5.70421E-1 5.55335E-1 5.2592E-1 5.32873E-1 5.68077E-1 6.08969E-1 6.63874E-1 6.92824E-1 7.0492E-1 7.05902E-1 7.22672E-1 7.26295E-1 7.24777E-1
4.76633E-1 3.42233E-1 2.70537E-1 2.77429E-1 2.27909E-1 2.38896E-1 2.10762E-1 2.17969E-1 2.01724E-1 2.16614E-1 2.54196E-1 2.63289E-1 2.74889E-1 2.88894E-1 2.82303E-1 2.90864E-1 2.86555E-1 2.98868E-1 2.98618E-1 2.88327E-1 3.27534E-1 3.79377E-1 3.764E-1 4.28829E-1 4.36163E-1 4.39741E-1 4.11707E-1 3.99752E-1 4.01833E-1 4.06902E-1 4.03681E-1 4.14277E-1 4.35027E-1 4.50602E-1 4.53819E-1 4.67072E-1 4.90318E-1 5.52338E-1 5.69081E-1 5.90432E-1 6.0266E-1 5.61895E-1 4.9344E-1 4.88E-1 5.12288E-1 5.64221E-1 5.68404E-1 5.53207E-1 5.37748E-1 5.15492E-1 4.84989E-1 5.03329E-1 5.35782E-1 5.72213E-1 6.34099E-1 6.55665E-1 6.77143E-1 7.09301E-1 7.24859E-1 7.44748E-1 7.37724E-1
4.85272E-1 3.62295E-1 3.41121E-1 2.58569E-1 2.13751E-1 2.33574E-1 2.24534E-1 2.13816E-1 2.076E-1 2.13612E-1 2.41598E-1 2.69715E-1 2.69221E-1 2.88319E-1 2.82494E-1 2.81416E-1 2.89477E-1 2.99228E-1 3.02745E-1 3.24994E-1 3.30814E-1 3.26E-1 3.82761E-1 4.32707E-1 4.34688E-1 4.4372E-1 4.42226E-1 4.31743E-1 3.98409E-1 3.70948E-1 3.76441E-1 3.94221E-1 4.16982E-1 4.51146E-1 4.76239E-1 4.83824E-1 5.1472E-1 5.38123E-1 5.34772E-1 5.3116E-1 5.85397E-1 5.72852E-1 4.95544E-1 4.93727E-1 5.08064E-1 5.2903E-1 5.53747E-1 5.29683E-1 5.18675E-1 4.87762E-1 4.61738E-1 4.88197E-1 5.12599E-1 5.38571E-1 5.79218E-1 6.11206E-1 6.4394E-1 6.91289E-1 7.2425E-1 7.49927E-1 7.50277E-1
4.59425E-1 4.12787E-1 3.82577E-1 2.48432E-1 2.39457E-1 2.24202E-1 2.90672E-1 2.6095E-1 1.95425E-1 2.09023E-1 2.31722E-1 2.4445E-1 2.52855E-1 2.7677E-1 2.7601E-1 2.73772E-1 2.79447E-1 3.0843E-1 3.19281E-1 3.25583E-1 3.43802E-1 3.44934E-1 3.92143E-1 4.27313E-1 4.48535E-1 4.43156E-1 4.61592E-1 4.35448E-1 4.3014E-1 3.94427E-1 3.84621E-1 3.91126E-1 4.25704E-1 4.54557E-1 4.93067E-1 5.00873E-1 5.21892E-1 5.17522E-1 5.31435E-1 4.80955E-1 5.44206E-1 5.367E-1 5.22452E-1 4.96271E-1 5.14034E-1 5.22254E-1 5.35783E-1 5.34168E-1 5.20946E-1 5.06131E-1 4.89638E-1 4.97375E-1 5.12184E-1 5.27953E-1 5.50126E-1 5.83755E-1 6.23493E-1 6.72008E-1 7.10243E-1 7.37324E-1 7.46963E-1
4.6918E-1 4.07261E-1 3.70675E-1 2.80627E-1 2.73511E-1 3.32416E-1 3.54687E-1 3.66905E-1 2.41006E-1 2.19753E-1 2.30844E-1 2.40063E-1 2.47421E-1 2.63563E-1 2.69612E-1 2.74608E-1 2.70327E-1 3.04741E-1 3.09728E-1 3.27355E-1 3.46162E-1 3.58305E-1 3.96305E-1 4.3471E-1 4.49988E-1 4.45043E-1 4.5561E-1 4.46629E-1 4.48932E-1 4.25713E-1 4.15826E-1 4.2692E-1 4.45441E-1 4.86583E-1 5.06109E-1 5.19202E-1 5.22319E-1 5.18422E-1 5.40547E-1 5.06847E-1 4.99149E-1 5.05818E-1 5.08057E-1 5.17973E-1 5.15734E-1 5.33706E-1 5.35342E-1 5.40968E-1 5.46124E-1 5.57791E-1 5.56083E-1 5.44008E-1 5.40837E-1 5.45397E-1 5.45988E-1 5.86584E-1 6.29239E-1 6.62012E-1 6.98394E-1 7.21674E-1 7.34028E-1
4.56275E-1 3.93507E-1 3.72356E-1 3.34569E-1 3.25961E-1 3.96526E-1 3.65489E-1 3.88323E-1 2.94273E-1 2.78112E-1 2.59149E-1 2.42021E-1 2.51715E-1 2.54558E-1 2.68946E-1 2.73942E-1 2.82942E-1 3.18868E-1 3.24276E-1 3.32401E-1 3.45663E-1 3.63262E-1 3.97878E-1 4.18353E-1 4.3126E-1 4.45936E-1 4.56725E-1 4.61017E-1 4.54812E-1 4.38873E-1 4.41263E-1 4.47952E-1 4.46518E-1 4.77426E-1 5.03878E-1 5.22457E-1 5.28712E-1 5.32186E-1 5.58062E-1 5.49168E-1 5.42456E-1 4.96379E-1 5.09632E-1 5.18958E-1 5.11203E-1 5.20453E-1 5.29521E-1 5.45618E-1 5.59357E-1 5.86676E-1 6.09636E-1 6.0834E-1 5.91795E-1 5.81314E-1 5.83258E-1 6.07221E-1 6.5089E-1 6.67081E-1 6.83391E-1 7.07633E-1 7.29897E-1
4.55928E-1 3.97766E-1 3.77918E-1 3.76684E-1 3.93117E-1 3.99288E-1 2.90195E-1 3.28725E-1 3.18695E-1 3.1804E-1 2.791E-1 2.59233E-1 2.61307E-1 2.68461E-1 2.7881E-1 2.88655E-1 2.79502E-1 3.07884E-1 3.20042E-1 3.2382E-1 3.54004E-1 3.64632E-1 3.77808E-1 4.14477E-1 4.36626E-1 4.40451E-1 4.55294E-1 4.60073E-1 4.58406E-1 4.60002E-1 4.48486E-1 4.48863E-1 4.46135E-1 4.71915E-1 5.02255E-1 5.30805E-1 5.39044E-1 5.50169E-1 5.56963E-1 5.54425E-1 5.61332E-1 4.94002E-1 5.03286E-1 5.19074E-1 5.15269E-1 5.27097E-1 5.49804E-1 5.69747E-1 5.78671E-1 5.97293E-1 6.24972E-1 6.33065E-1 6.34854E-1 6.35212E-1 6.43982E-1 6.48998E-1 6.71055E-1 6.82475E-1 6.79252E-1 6.96172E-1 7.10842E-1
4.81732E-1 4.36276E-1 4.18264E-1 4.04161E-1 4.39668E-1 3.95909E-1 3.74141E-1 4.1824E-1 3.26387E-1 2.87953E-1 2.92598E-1 3.11605E-1 2.7946E-1 2.85179E-1 2.96391E-1 2.98944E-1 3.17042E-1 3.40675E-1 3.47641E-1 3.37737E-1 3.52303E-1 3.63587E-1 4.05905E-1 4.41309E-1 4.59633E-1 4.7495E-1 4.56844E-1 4.70981E-1 4.73563E-1 4.72794E-1 4.36994E-1 4.40156E-1 4.76096E-1 4.98912E-1 4.84369E-1 5.35675E-1 5.53665E-1 5.58609E-1 5.62718E-1 5.44633E-1 5.52448E-1 4.96318E-1 4.88445E-1 5.19011E-1 5.30561E-1 5.33522E-1 5.57267E-1 5.68451E-1 5.94063E-1 6.15414E-1 6.34829E-1 6.46236E-1 6.60575E-1 6.66759E-1 6.74385E-1 6.76764E-1 6.9129E-1 7.1146E-1 7.22772E-1 7.17746E-1 7.16373E-1
5.15724E-1 4.74409E-1 4.62753E-1 4.74747E-1 4.81375E-1 4.40819E-1 4.02625E-1 4.23407E-1 3.70094E-1 3.2764E-1 3.03726E-1 3.47925E-1 3.13495E-1 3.01522E-1 2.95164E-1 2.93405E-1 3.10358E-1 3.50747E-1 3.35388E-1 3.74495E-1 3.84144E-1 3.95189E-1 4.03134E-1 4.12574E-1 4.28985E-1 4.58565E-1 4.60871E-1 4.71401E-1 4.86108E-1 4.55082E-1 4.44245E-1 4.33976E-1 4.81493E-1 4.7165E-1 5.26937E-1 5.20753E-1 5.48945E-1 5.78263E-1 5.74925E-1 5.68939E-1 5.61982E-1 5.20002E-1 4.69829E-1 5.35583E-1 5.64407E-1 5.41414E-1 5.38873E-1 5.73944E-1 6.09105E-1 6.26098E-1 6.383E-1 6.47344E-1 6.53163E-1 6.646E-1 6.44726E-1 6.6244E-1 6.88761E-1 7.25619E-1 7.36511E-1 7.32722E-1 7.46346E-1
5.48181E-1 5.2626E-1 5.27323E-1 5.41333E-1 5.24028E-1 4.36565E-1 3.43201E-1 4.13651E-1 3.48729E-1 2.93785E-1 3.91863E-1 3.45782E-1 3.06682E-1 2.99999E-1 3.02531E-1 3.09371E-1 3.04984E-1 3.25912E-1 2.96361E-1 3.72213E-1 3.83873E-1 3.67343E-1 3.78612E-1 3.62792E-1 3.79552E-1 4.14402E-1 4.50686E-1 4.47976E-1 4.6613E-1 4.6119E-1 4.28254E-1 4.46869E-1 4.66548E-1 4.23754E-1 5.27304E-1 5.01269E-1 5.44005E-1 5.80632E-1 5.66091E-1 5.81815E-1 5.88454E-1 5.51597E-1 4.91806E-1 5.53125E-1 5.74096E-1 5.39459E-1 5.45611E-1 5.90961E-1 6.21119E-1 6.31776E-1 6.39547E-1 6.46381E-1 6.36149E-1 6.36688E-1 6.34411E-1 6.16521E-1 6.67621E-1 7.29871E-1 7.43436E-1 7.37516E-1 7.46717E-1
5.42312E-1 5.47414E-1 5.60589E-1 5.33931E-1 5.27653E-1 4.66296E-1 4.08307E-1 4.22796E-1 3.96466E-1 3.54184E-1 4.18258E-1 4.35849E-1 3.40832E-1 3.05627E-1 2.96791E-1 3.02447E-1 2.97269E-1 2.94801E-1 2.93492E-1 3.68551E-1 3.66203E-1 3.37551E-1 3.60922E-1 3.50059E-1 3.64113E-1 3.88671E-1 4.26017E-1 4.3746E-1 4.57577E-1 4.48541E-1 4.38083E-1 4.64956E-1 4.5651E-1 5.01859E-1 5.60252E-1 5.82863E-1 5.91578E-1 5.81474E-1 5.68738E-1 5.88714E-1 5.79907E-1 5.58771E-1 5.10964E-1 5.02877E-1 5.60314E-1 5.76295E-1 5.8811E-1 6.18718E-1 6.2528E-1 6.29626E-1 6.47843E-1 6.27939E-1 6.08768E-1 6.14604E-1 6.17118E-1 6.03209E-1 6.50911E-1 7.10404E-1 7.254E-1 7.35599E-1 7.42386E-1
