maxent_outputs/red_flowers_troch_bombus_environ/red_199.asc
ncols         426
nrows         180
xllcorner     -130.0
yllcorner     24.0
cellsize      0.16666666666666666
NODATA_value  -9999
[rows 54 to 80 of 180, columns 244 to 304 of 426]
2.6998E-1 2.71241E-1 2.89866E-1 2.91377E-1 3.07405E-1 3.0629E-1 3.16188E-1 3.39528E-1 3.58682E-1 4.63563E-1 4.86087E-1 4.67767E-1 4.24296E-1 5.46789E-1 5.52773E-1 5.63411E-1 5.65981E-1 5.75668E-1 5.92207E-1 5.60362E-1 5.01556E-1 4.69648E-1 4.52794E-1 4.32467E-1 4.17057E-1 3.80066E-1 3.81123E-1 4.05001E-1 3.93706E-1 3.88183E-1 3.89348E-1 3.87586E-1 3.8886E-1 4.08354E-1 4.2853E-1 4.78561E-1 6.11508E-1 6.53461E-1 6.716E-1 6.93803E-1 7.13981E-1 7.37115E-1 7.5705E-1 7.74077E-1 7.867E-1 7.87166E-1 7.98683E-1 7.35508E-1 6.8977E-1 7.31985E-1 7.64892E-1 8.28265E-1 8.39044E-1 8.39264E-1 7.85802E-1 7.61023E-1 6.78351E-1 6.46537E-1 6.29692E-1 6.33197E-1 5.93615E-1
2.85895E-1 2.88904E-1 2.90173E-1 2.97488E-1 3.06061E-1 3.21893E-1 3.29342E-1 3.46762E-1 4.06014E-1 4.6348E-1 4.1612E-1 4.14362E-1 5.15379E-1 5.59847E-1 5.71692E-1 5.7066E-1 5.79976E-1 5.92972E-1 6.05227E-1 5.217E-1 4.64791E-1 4.36937E-1 4.19796E-1 4.06581E-1 3.89872E-1 3.63615E-1 3.74958E-1 3.85641E-1 3.68533E-1 3.66942E-1 3.71012E-1 3.71318E-1 3.79947E-1 4.07875E-1 4.42962E-1 4.56709E-1 5.43386E-1 6.61909E-1 6.84791E-1 7.06693E-1 7.30083E-1 7.53187E-1 7.63433E-1 7.78427E-1 7.86885E-1 7.99889E-1 8.04849E-1 7.931E-1 6.96165E-1 7.21553E-1 7.58597E-1 7.90806E-1 8.09341E-1 8.45827E-1 8.11109E-1 7.00765E-1 6.49727E-1 6.3576E-1 6.01358E-1 6.18675E-1 6.10695E-1
2.89177E-1 3.03993E-1 2.98262E-1 3.0896E-1 3.23732E-1 3.26138E-1 3.23541E-1 3.43175E-1 3.83988E-1 3.89504E-1 4.15641E-1 4.78845E-1 5.67092E-1 5.80748E-1 5.77811E-1 5.78426E-1 5.77509E-1 5.92452E-1 5.80909E-1 4.81808E-1 4.46238E-1 4.25011E-1 3.87055E-1 3.78948E-1 3.64921E-1 3.69244E-1 3.65817E-1 3.75799E-1 3.66962E-1 3.70011E-1 3.59547E-1 3.7353E-1 3.96791E-1 4.10635E-1 4.25885E-1 4.50442E-1 5.76458E-1 6.61648E-1 6.86347E-1 7.12585E-1 7.37115E-1 7.57496E-1 7.7832E-1 7.9141E-1 8.03542E-1 8.03639E-1 8.01684E-1 7.67133E-1 6.83758E-1 6.94769E-1 7.06625E-1 7.08815E-1 6.97397E-1 7.6006E-1 7.89242E-1 7.61889E-1 6.13777E-1 6.05858E-1 6.07304E-1 6.55384E-1 6.66579E-1
2.93109E-1 3.03417E-1 3.07803E-1 3.10493E-1 3.18297E-1 3.23006E-1 3.18899E-1 3.27197E-1 3.4848E-1 3.85053E-1 4.23941E-1 5.48654E-1 5.78611E-1 5.82885E-1 5.86885E-1 5.82972E-1 5.88972E-1 5.97337E-1 5.39582E-1 4.47304E-1 4.27182E-1 4.14354E-1 4.03232E-1 3.69228E-1 3.64895E-1 3.64982E-1 3.66101E-1 4.01964E-1 3.7303E-1 3.68396E-1 3.76005E-1 3.79494E-1 3.9032E-1 3.94641E-1 4.23716E-1 4.56152E-1 5.75741E-1 6.61057E-1 6.91639E-1 7.19745E-1 7.43735E-1 7.72647E-1 7.92353E-1 8.07738E-1 8.23638E-1 8.26041E-1 7.86124E-1 6.76894E-1 6.63858E-1 6.81005E-1 7.18228E-1 7.04676E-1 6.78525E-1 7.05959E-1 7.31578E-1 6.48174E-1 5.94008E-1 5.71799E-1 6.0055E-1 7.08575E-1 6.80072E-1
2.98401E-1 3.10901E-1 3.13759E-1 3.09705E-1 3.15893E-1 3.33701E-1 3.36439E-1 3.36442E-1 3.6868E-1 3.92792E-1 4.24468E-1 5.69387E-1 5.83934E-1 5.98826E-1 5.93512E-1 5.9179E-1 5.91959E-1 5.81059E-1 4.84387E-1 4.44112E-1 4.32722E-1 4.1856E-1 3.9244E-1 3.69181E-1 3.59297E-1 3.45745E-1 3.61606E-1 3.80129E-1 3.76474E-1 3.71283E-1 3.61013E-1 3.67539E-1 3.77149E-1 3.92984E-1 4.33466E-1 5.36361E-1 6.21222E-1 6.56618E-1 6.87239E-1 7.16088E-1 7.46723E-1 7.72772E-1 8.03888E-1 8.23435E-1 8.3454E-1 8.11045E-1 7.30843E-1 6.5835E-1 6.70901E-1 6.93946E-1 7.32977E-1 7.57373E-1 7.19465E-1 7.09549E-1 7.24134E-1 6.664E-1 5.9966E-1 5.75273E-1 5.9167E-1 6.18885E-1 5.87682E-1
2.99179E-1 3.15602E-1 3.26656E-1 3.23127E-1 3.19297E-1 3.69624E-1 3.55753E-1 3.55246E-1 3.75308E-1 3.97955E-1 4.83108E-1 5.85536E-1 5.97709E-1 6.03868E-1 5.99823E-1 5.95481E-1 5.86597E-1 5.11358E-1 4.46275E-1 4.39403E-1 4.3115E-1 4.12147E-1 3.98506E-1 3.75456E-1 3.68143E-1 3.58367E-1 3.73929E-1 3.84887E-1 3.70665E-1 3.58554E-1 3.65201E-1 3.71965E-1 3.81506E-1 4.04404E-1 4.77383E-1 5.84672E-1 6.06401E-1 6.01463E-1 6.09679E-1 6.8031E-1 7.52056E-1 7.74779E-1 8.05879E-1 8.33435E-1 8.19237E-1 7.77834E-1 6.91231E-1 6.79891E-1 7.03377E-1 7.23274E-1 7.12787E-1 7.21108E-1 7.33327E-1 7.13794E-1 6.57084E-1 6.37633E-1 5.94535E-1 5.69065E-1 5.70042E-1 5.79609E-1 5.90389E-1
3.05386E-1 3.18149E-1 3.24469E-1 3.23887E-1 3.18126E-1 3.54657E-1 3.55732E-1 3.69637E-1 3.88327E-1 4.38459E-1 5.76751E-1 5.86696E-1 5.92033E-1 5.92462E-1 5.9544E-1 5.9107E-1 5.99365E-1 4.95706E-1 4.45275E-1 4.42311E-1 4.3237E-1 4.22928E-1 4.1581E-1 3.97917E-1 3.86592E-1 3.92993E-1 4.002E-1 3.86195E-1 3.75476E-1 3.71919E-1 3.82144E-1 3.83467E-1 3.9682E-1 4.80674E-1 5.10281E-1 4.88449E-1 4.56385E-1 4.78674E-1 5.17129E-1 5.67762E-1 7.20122E-1 7.71821E-1 7.98846E-1 8.26976E-1 8.34563E-1 7.68526E-1 7.1456E-1 6.92635E-1 7.07865E-1 7.3398E-1 7.13435E-1 6.96288E-1 6.79207E-1 6.25251E-1 5.86884E-1 6.16379E-1 6.19503E-1 5.88915E-1 5.86587E-1 6.03545E-1 5.97499E-1
3.17926E-1 3.29363E-1 3.21236E-1 3.25783E-1 3.28668E-1 3.25617E-1 3.50868E-1 3.67933E-1 3.68959E-1 4.14766E-1 5.66184E-1 5.85499E-1 5.86692E-1 5.95978E-1 5.93977E-1 5.99883E-1 5.82704E-1 4.88376E-1 4.46755E-1 4.43538E-1 4.4489E-1 4.40932E-1 4.44757E-1 4.27852E-1 4.21304E-1 3.98795E-1 3.99042E-1 3.85422E-1 3.86609E-1 3.9325E-1 3.93254E-1 3.83266E-1 4.14387E-1 4.93218E-1 4.5891E-1 3.98347E-1 4.05884E-1 4.5539E-1 4.95571E-1 5.31314E-1 6.55185E-1 7.54209E-1 7.9246E-1 8.20258E-1 8.33844E-1 7.83754E-1 7.31509E-1 6.91805E-1 7.06904E-1 7.17101E-1 7.00058E-1 6.84736E-1 6.44897E-1 6.00629E-1 5.89716E-1 6.16345E-1 6.24949E-1 5.88205E-1 5.95161E-1 6.22709E-1 6.24361E-1
3.29246E-1 3.34388E-1 3.24986E-1 3.16614E-1 3.25895E-1 3.25133E-1 3.37711E-1 3.53493E-1 3.68336E-1 4.63826E-1 5.72687E-1 5.89447E-1 5.94633E-1 5.96267E-1 5.97381E-1 5.99846E-1 5.6572E-1 4.65374E-1 4.38831E-1 4.37855E-1 4.47788E-1 4.44833E-1 4.57705E-1 4.4297E-1 4.26731E-1 4.1803E-1 4.14273E-1 4.03425E-1 4.08298E-1 4.05453E-1 3.89856E-1 3.75851E-1 3.86188E-1 3.85467E-1 3.7001E-1 3.61083E-1 3.93305E-1 4.37518E-1 4.71938E-1 4.97719E-1 6.11948E-1 7.39414E-1 7.74899E-1 8.06957E-1 8.21416E-1 7.94099E-1 7.37139E-1 7.1818E-1 7.18864E-1 7.06452E-1 6.56347E-1 6.55984E-1 6.44283E-1 6.19522E-1 6.21717E-1 6.41693E-1 6.46322E-1 6.24297E-1 6.56438E-1 7.32267E-1 7.55197E-1
3.29274E-1 3.35363E-1 3.35091E-1 3.17349E-1 3.19146E-1 3.29134E-1 3.37802E-1 3.46793E-1 3.7916E-1 5.44336E-1 5.74437E-1 5.85157E-1 5.94178E-1 5.97276E-1 5.97794E-1 5.96887E-1 5.98889E-1 5.13923E-1 4.62911E-1 4.47649E-1 4.38974E-1 4.46289E-1 4.5362E-1 4.29038E-1 4.20792E-1 4.18429E-1 4.24553E-1 4.09855E-1 4.0086E-1 3.74873E-1 3.78826E-1 3.80627E-1 3.8303E-1 3.68435E-1 3.6763E-1 3.80234E-1 4.00714E-1 4.21853E-1 4.38228E-1 4.70888E-1 5.40635E-1 7.192E-1 7.65872E-1 7.92748E-1 8.09732E-1 7.58188E-1 6.6458E-1 6.79765E-1 7.10159E-1 7.08344E-1 6.72852E-1 6.50829E-1 6.30218E-1 6.04096E-1 6.1118E-1 6.62731E-1 6.80595E-1 6.96721E-1 7.97322E-1 7.97055E-1 7.83709E-1
3.2105E-1 3.30246E-1 3.41368E-1 3.39529E-1 3.36826E-1 3.45177E-1 3.48267E-1 3.58227E-1 4.02557E-1 5.72804E-1 5.88368E-1 5.97684E-1 6.02194E-1 5.97658E-1 5.98757E-1 6.04163E-1 6.01853E-1 5.66669E-1 4.86237E-1 4.47259E-1 4.27025E-1 4.28107E-1 4.33473E-1 4.36228E-1 4.26148E-1 4.28967E-1 4.21987E-1 4.09224E-1 3.98587E-1 3.91708E-1 3.90501E-1 3.88346E-1 3.89294E-1 3.87462E-1 3.91046E-1 3.96784E-1 4.03223E-1 4.24576E-1 4.40796E-1 4.71736E-1 5.2693E-1 7.11927E-1 7.59086E-1 7.59376E-1 7.13499E-1 6.6881E-1 6.69103E-1 6.8393E-1 7.05461E-1 7.05912E-1 6.85435E-1 6.62302E-1 6.29689E-1 5.88468E-1 5.81958E-1 6.48731E-1 6.8942E-1 7.2469E-1 7.67672E-1 7.59193E-1 7.19122E-1
3.18635E-1 3.30481E-1 3.36958E-1 3.34527E-1 3.38694E-1 3.56666E-1 3.6714E-1 3.89383E-1 4.04584E-1 5.94051E-1 6.09999E-1 6.14872E-1 6.11281E-1 6.05523E-1 6.00617E-1 5.97451E-1 5.96149E-1 5.92809E-1 5.12065E-1 4.55194E-1 4.32784E-1 4.40018E-1 4.473E-1 4.49474E-1 4.43155E-1 4.41576E-1 4.28781E-1 4.19253E-1 4.0706E-1 4.05571E-1 4.02574E-1 4.05761E-1 4.07309E-1 4.19428E-1 4.17861E-1 4.23619E-1 4.38908E-1 4.49973E-1 4.60609E-1 4.86922E-1 5.28737E-1 6.47434E-1 7.01362E-1 6.502E-1 6.45919E-1 6.79514E-1 7.09863E-1 7.06447E-1 7.07558E-1 7.02167E-1 6.8371E-1 6.70901E-1 6.53442E-1 6.24831E-1 5.97091E-1 6.3084E-1 6.66488E-1 6.72592E-1 6.80503E-1 6.73005E-1 6.61351E-1
3.28757E-1 3.35653E-1 3.37832E-1 3.30618E-1 3.41954E-1 3.55868E-1 3.72814E-1 3.99662E-1 4.20635E-1 5.86595E-1 6.15802E-1 6.23011E-1 6.23924E-1 6.21642E-1 6.15693E-1 6.05006E-1 6.02626E-1 5.93089E-1 5.47529E-1 4.59038E-1 4.50828E-1 4.62193E-1 4.61526E-1 4.62551E-1 4.53127E-1 4.51835E-1 4.48717E-1 4.35338E-1 4.29481E-1 4.33394E-1 4.3439E-1 4.37209E-1 4.38205E-1 4.54271E-1 4.61483E-1 4.68235E-1 4.73178E-1 4.89675E-1 5.01176E-1 5.22045E-1 5.49435E-1 5.76529E-1 5.82466E-1 6.12234E-1 6.41582E-1 6.79164E-1 7.00528E-1 7.02875E-1 7.08971E-1 6.91189E-1 6.78553E-1 6.66866E-1 6.54415E-1 6.58277E-1 6.58206E-1 6.53923E-1 6.61576E-1 6.75765E-1 6.78097E-1 6.77046E-1 6.57433E-1
3.31844E-1 3.33591E-1 3.36897E-1 3.42304E-1 3.56435E-1 3.64317E-1 3.7007E-1 3.90622E-1 4.21513E-1 5.35432E-1 6.19952E-1 6.304E-1 6.32861E-1 6.27291E-1 6.22694E-1 6.2095E-1 6.10395E-1 6.07365E-1 5.67997E-1 4.70482E-1 4.66341E-1 4.77787E-1 4.75574E-1 4.66258E-1 4.50498E-1 4.57012E-1 4.5251E-1 4.53234E-1 4.63995E-1 4.69308E-1 4.70908E-1 4.63352E-1 4.77168E-1 5.01275E-1 5.00609E-1 5.03588E-1 4.99899E-1 5.243E-1 5.41159E-1 5.56166E-1 5.85897E-1 5.93521E-1 5.8283E-1 6.05312E-1 6.3475E-1 6.70224E-1 6.85207E-1 6.89591E-1 6.90008E-1 6.84272E-1 6.78261E-1 6.72937E-1 6.66102E-1 6.87282E-1 7.37213E-1 7.73178E-1 7.74398E-1 7.88212E-1 7.83931E-1 7.69522E-1 7.51075E-1
3.29761E-1 3.33118E-1 3.38242E-1 3.50901E-1 3.69543E-1 3.85202E-1 3.73091E-1 4.02062E-1 4.20198E-1 5.72597E-1 6.31361E-1 6.41884E-1 6.40975E-1 6.39529E-1 6.30848E-1 6.28649E-1 6.22197E-1 6.1349E-1 5.54599E-1 4.92762E-1 5.16109E-1 5.06002E-1 4.87684E-1 5.03587E-1 4.72788E-1 4.62663E-1 4.59305E-1 4.53538E-1 4.62612E-1 4.58522E-1 4.6365E-1 4.8065E-1 5.01652E-1 5.17327E-1 5.30311E-1 5.35072E-1 5.29949E-1 5.51586E-1 5.8383E-1 6.56503E-1 6.5999E-1 6.15369E-1 5.84455E-1 5.97397E-1 6.37297E-1 6.57816E-1 6.83883E-1 7.59149E-1 7.88266E-1 7.86648E-1 7.79779E-1 7.5949E-1 7.26744E-1 7.34266E-1 7.70762E-1 7.82476E-1 8.0022E-1 7.8875E-1 7.74369E-1 7.56316E-1 7.05651E-1
3.32595E-1 3.41094E-1 3.49109E-1 3.56468E-1 3.68983E-1 3.82746E-1 3.89614E-1 4.13858E-1 4.23751E-1 5.601E-1 6.41532E-1 6.57261E-1 6.54715E-1 6.50686E-1 6.46856E-1 6.42552E-1 6.37533E-1 6.24559E-1 5.25164E-1 4.9549E-1 5.14232E-1 5.15093E-1 5.05987E-1 5.04313E-1 4.94989E-1 4.88739E-1 4.84693E-1 4.67968E-1 4.64706E-1 4.53865E-1 4.69786E-1 5.03755E-1 5.27501E-1 5.54643E-1 5.54176E-1 5.45371E-1 5.65521E-1 5.91107E-1 6.237E-1 7.30749E-1 7.21772E-1 6.56413E-1 6.16897E-1 6.26751E-1 6.56128E-1 7.0292E-1 8.00747E-1 8.2127E-1 8.11825E-1 8.12519E-1 8.0732E-1 8.12231E-1 8.18575E-1 8.14452E-1 8.11973E-1 7.98722E-1 7.96514E-1 7.71871E-1 7.29359E-1 6.69676E-1 6.57764E-1
3.35676E-1 3.38805E-1 3.42081E-1 3.51184E-1 3.6078E-1 3.74059E-1 3.93316E-1 4.08495E-1 4.3224E-1 5.57563E-1 6.42617E-1 6.59013E-1 6.68003E-1 6.63959E-1 6.59313E-1 6.59889E-1 6.5025E-1 5.802E-1 5.09515E-1 5.01492E-1 5.05798E-1 5.17148E-1 5.11697E-1 5.16676E-1 5.1443E-1 5.1575E-1 4.95498E-1 4.80233E-1 4.70629E-1 4.68472E-1 4.86856E-1 5.04222E-1 5.35464E-1 5.72118E-1 5.70229E-1 5.62021E-1 5.82537E-1 6.08066E-1 6.05019E-1 6.22825E-1 6.43043E-1 6.40086E-1 6.48604E-1 7.22328E-1 7.73374E-1 8.22519E-1 8.18937E-1 8.13259E-1 8.03796E-1 8.04883E-1 8.03049E-1 8.09862E-1 8.08913E-1 8.03393E-1 7.97973E-1 7.79914E-1 7.29847E-1 6.85925E-1 7.03564E-1 7.07704E-1 6.95553E-1
3.40161E-1 3.38214E-1 3.4622E-1 3.5565E-1 3.63714E-1 3.78547E-1 3.98805E-1 4.1587E-1 4.25533E-1 4.77947E-1 6.17492E-1 6.63005E-1 6.78105E-1 6.72749E-1 6.74814E-1 6.71121E-1 6.27813E-1 5.18873E-1 5.15576E-1 5.17032E-1 5.19669E-1 5.31391E-1 5.23418E-1 5.21841E-1 5.23822E-1 5.21822E-1 5.07565E-1 4.93792E-1 4.85084E-1 4.88162E-1 5.01624E-1 5.23342E-1 5.30492E-1 5.37396E-1 5.51199E-1 5.67754E-1 5.90455E-1 6.14289E-1 5.93605E-1 6.39666E-1 6.70449E-1 7.30621E-1 8.01208E-1 8.22844E-1 8.24065E-1 8.16736E-1 8.10337E-1 8.04729E-1 7.99508E-1 7.95342E-1 7.98101E-1 8.03403E-1 8.02053E-1 7.69514E-1 7.16705E-1 6.87395E-1 7.12583E-1 7.32707E-1 7.36567E-1 7.25799E-1 6.80736E-1
3.41166E-1 3.43968E-1 3.55153E-1 3.60565E-1 3.69348E-1 3.88003E-1 4.0955E-1 4.27745E-1 4.46095E-1 4.66419E-1 5.75501E-1 6.50468E-1 6.59153E-1 6.68377E-1 6.71397E-1 6.67854E-1 5.76504E-1 5.51163E-1 5.48592E-1 5.55232E-1 5.59386E-1 5.45183E-1 5.10228E-1 5.24448E-1 5.28197E-1 5.25144E-1 5.28851E-1 5.13812E-1 5.08103E-1 5.01796E-1 5.08202E-1 5.13689E-1 5.15304E-1 5.22728E-1 5.37302E-1 5.55466E-1 6.40955E-1 7.05023E-1 6.81557E-1 7.39114E-1 7.58343E-1 8.06401E-1 8.16059E-1 8.17167E-1 8.18557E-1 8.13573E-1 8.03649E-1 7.90081E-1 7.88947E-1 7.86916E-1 7.60942E-1 7.24358E-1 6.89443E-1 6.96038E-1 7.02917E-1 7.08763E-1 7.12408E-1 7.27217E-1 7.21986E-1 7.18289E-1 6.85009E-1
3.45388E-1 3.51382E-1 3.58846E-1 3.6497E-1 3.80859E-1 3.97569E-1 4.16577E-1 4.4664E-1 4.76394E-1 4.7213E-1 4.91027E-1 5.71207E-1 6.20587E-1 5.98328E-1 5.70492E-1 5.55667E-1 5.41406E-1 5.43005E-1 5.56138E-1 5.56223E-1 5.39886E-1 5.31384E-1 5.23954E-1 5.31122E-1 5.34808E-1 5.34123E-1 5.33713E-1 5.24749E-1 5.19597E-1 5.08797E-1 4.9872E-1 4.973E-1 5.06473E-1 5.22133E-1 5.37102E-1 5.65664E-1 6.41694E-1 6.95727E-1 7.08538E-1 7.08032E-1 7.48537E-1 7.75772E-1 7.93968E-1 8.01701E-1 8.04587E-1 8.04435E-1 7.93666E-1 7.30415E-1 7.06962E-1 7.04639E-1 6.72384E-1 6.60269E-1 6.54649E-1 6.63644E-1 6.86223E-1 6.91219E-1 7.06194E-1 7.02404E-1 7.06429E-1 6.98969E-1 6.92412E-1
3.57381E-1 3.59459E-1 3.60714E-1 3.77219E-1 3.92648E-1 4.01993E-1 4.20926E-1 4.38877E-1 4.44824E-1 4.57812E-1 4.6423E-1 4.63995E-1 4.69534E-1 4.85687E-1 4.94685E-1 5.10229E-1 5.21581E-1 5.22415E-1 5.46904E-1 5.39835E-1 5.23807E-1 5.21951E-1 5.25016E-1 5.39744E-1 5.39949E-1 5.32499E-1 5.25531E-1 5.24697E-1 5.26468E-1 5.11785E-1 5.02177E-1 4.99911E-1 5.10048E-1 5.20697E-1 5.22047E-1 5.07585E-1 5.21168E-1 5.68018E-1 6.19777E-1 6.1923E-1 7.06637E-1 7.36915E-1 7.54471E-1 7.57828E-1 7.65885E-1 7.74117E-1 7.31534E-1 7.08738E-1 7.30805E-1 7.05817E-1 6.54346E-1 6.36091E-1 6.30697E-1 6.3849E-1 6.53629E-1 6.6934E-1 6.83101E-1 6.75534E-1 6.86528E-1 6.84824E-1 6.88762E-1
3.69856E-1 3.70781E-1 3.76075E-1 3.97933E-1 4.07529E-1 4.16889E-1 4.47627E-1 4.32509E-1 4.18592E-1 4.24621E-1 4.44014E-1 4.61372E-1 4.52925E-1 4.49515E-1 4.56789E-1 4.72746E-1 4.84061E-1 5.04497E-1 5.18056E-1 5.17703E-1 5.16985E-1 5.2781E-1 5.32365E-1 5.28457E-1 5.29267E-1 5.07764E-1 5.08056E-1 5.17689E-1 5.11968E-1 5.14708E-1 5.12093E-1 5.10519E-1 5.08462E-1 5.07236E-1 5.04586E-1 5.09417E-1 5.11986E-1 5.20366E-1 5.33285E-1 5.46743E-1 5.99102E-1 6.34255E-1 6.3179E-1 6.45158E-1 6.77039E-1 6.88723E-1 7.00981E-1 7.1285E-1 7.18138E-1 6.79779E-1 6.25248E-1 6.22204E-1 5.99052E-1 5.96111E-1 6.19942E-1 6.45727E-1 6.60209E-1 6.59387E-1 6.76775E-1 6.76484E-1 6.85832E-1
3.98403E-1 4.01232E-1 4.0986E-1 4.2028E-1 4.38764E-1 4.31576E-1 4.54501E-1 4.33559E-1 4.21023E-1 4.19131E-1 4.41369E-1 4.62041E-1 4.44742E-1 4.27529E-1 4.4426E-1 4.64307E-1 4.8712E-1 5.03185E-1 5.10222E-1 5.16616E-1 5.25078E-1 5.33807E-1 5.33302E-1 5.24252E-1 5.16262E-1 5.14688E-1 5.08055E-1 5.05933E-1 5.15191E-1 5.19197E-1 5.15224E-1 5.17468E-1 5.08434E-1 5.10095E-1 5.09813E-1 5.15566E-1 5.19346E-1 5.23751E-1 5.29424E-1 5.27355E-1 5.50574E-1 5.75358E-1 5.95656E-1 6.18503E-1 6.55684E-1 6.83319E-1 6.85327E-1 6.83725E-1 6.89808E-1 6.59694E-1 6.11211E-1 5.91648E-1 5.99743E-1 5.98611E-1 6.06241E-1 6.25835E-1 6.4826E-1 6.57657E-1 6.57779E-1 6.64446E-1 6.87812E-1
4.21022E-1 4.30023E-1 4.42368E-1 4.33142E-1 4.28245E-1 4.34515E-1 4.34745E-1 4.3803E-1 4.385E-1 4.44567E-1 4.52107E-1 4.5558E-1 4.47825E-1 4.35124E-1 4.44429E-1 4.59212E-1 4.79951E-1 5.00953E-1 5.13629E-1 5.29454E-1 5.36823E-1 5.35195E-1 5.27483E-1 5.22601E-1 5.27881E-1 5.27407E-1 5.0954E-1 5.13917E-1 5.1748E-1 5.24237E-1 5.39128E-1 5.30549E-1 5.34971E-1 5.39868E-1 5.40014E-1 5.31227E-1 5.3695E-1 5.45975E-1 5.46978E-1 5.49871E-1 5.68343E-1 5.85258E-1 6.04364E-1 6.15601E-1 6.39768E-1 6.46078E-1 6.53386E-1 6.58548E-1 6.51965E-1 6.39664E-1 6.11121E-1 5.94349E-1 5.9968E-1 5.97987E-1 6.09824E-1 6.19541E-1 6.35886E-1 6.55373E-1 6.54188E-1 6.68858E-1 6.92022E-1
4.32927E-1 4.34946E-1 4.47083E-1 4.41993E-1 4.30846E-1 4.37475E-1 4.37538E-1 4.43115E-1 4.56662E-1 4.55661E-1 4.54683E-1 4.49006E-1 4.48593E-1 4.5588E-1 4.59844E-1 4.8177E-1 4.96201E-1 5.17777E-1 5.29697E-1 5.36118E-1 5.40279E-1 5.39937E-1 5.33182E-1 5.24969E-1 5.29359E-1 5.32453E-1 5.34186E-1 5.3979E-1 5.34551E-1 5.40738E-1 5.49269E-1 5.496E-1 5.59374E-1 5.56248E-1 5.53185E-1 5.45025E-1 5.46359E-1 5.54155E-1 5.50695E-1 5.69398E-1 5.91203E-1 6.08232E-1 6.09937E-1 6.13194E-1 6.19243E-1 6.11003E-1 6.26413E-1 6.30154E-1 6.28495E-1 6.27177E-1 6.25176E-1 6.09209E-1 6.0929E-1 6.0639E-1 6.19611E-1 6.45447E-1 6.4559E-1 6.55295E-1 6.71418E-1 6.94269E-1 7.19073E-1
4.44211E-1 4.43713E-1 4.44965E-1 4.43596E-1 4.44183E-1 4.42497E-1 4.44964E-1 4.54377E-1 4.66902E-1 4.71863E-1 4.66296E-1 4.57729E-1 4.60505E-1 4.6465E-1 4.74686E-1 5.03242E-1 5.24138E-1 5.3565E-1 5.31991E-1 5.25444E-1 5.37103E-1 5.37949E-1 5.48564E-1 5.40881E-1 5.3712E-1 5.4029E-1 5.4333E-1 5.54721E-1 5.57458E-1 5.53509E-1 5.55112E-1 5.74146E-1 5.75704E-1 5.65597E-1 5.61096E-1 5.42446E-1 5.3607E-1 5.47469E-1 5.59471E-1 5.98298E-1 6.25516E-1 6.28111E-1 6.26549E-1 6.05188E-1 6.07196E-1 6.12113E-1 6.04299E-1 6.20735E-1 6.2725E-1 6.29041E-1 6.31161E-1 6.23477E-1 6.23082E-1 6.38317E-1 6.31669E-1 6.45643E-1 6.6692E-1 6.67696E-1 6.60483E-1 6.90457E-1 7.13017E-1
4.53739E-1 4.57577E-1 4.60247E-1 4.50633E-1 4.57131E-1 4.57532E-1 4.54593E-1 4.63374E-1 4.6652E-1 4.63892E-1 4.71979E-1 4.69469E-1 4.70049E-1 4.73542E-1 4.9092E-1 5.19113E-1 5.37984E-1 5.47565E-1 5.37337E-1 5.32272E-1 5.37536E-1 5.32369E-1 5.40084E-1 5.51549E-1 5.4607E-1 5.49968E-1 5.51634E-1 5.65221E-1 5.81622E-1 5.61549E-1 5.58865E-1 5.66502E-1 5.67675E-1 5.66797E-1 5.64585E-1 5.56734E-1 5.4414E-1 5.47058E-1 5.57954E-1 6.07178E-1 6.27041E-1 6.41136E-1 6.42281E-1 6.3142E-1 6.09236E-1 6.14742E-1 6.07536E-1 6.22849E-1 6.36428E-1 6.32718E-1 6.33818E-1 6.40012E-1 6.45492E-1 6.5703E-1 6.5592E-1 6.75017E-1 6.81583E-1 6.78279E-1 6.78298E-1 6.88328E-1 7.18346E-1
