maxent_outputs/red_flowers_troch_bombus_environ/red_124.asc
ncols         426
nrows         180
xllcorner     -130.0
yllcorner     24.0
cellsize      0.16666666666666666
NODATA_value  -9999
[rows 108 to 134 of 180, columns 244 to 304 of 426]
7.93108E-1 7.98099E-1 7.99359E-1 8.01502E-1 7.95535E-1 7.85236E-1 7.83632E-1 7.80586E-1 7.89624E-1 7.72205E-1 7.74733E-1 7.74866E-1 7.7139E-1 7.65095E-1 7.62207E-1 7.67818E-1 7.72209E-1 7.81674E-1 7.87163E-1 7.95244E-1 7.97698E-1 7.96109E-1 8.034E-1 8.08203E-1 8.14334E-1 8.15887E-1 8.13794E-1 8.09455E-1 7.96072E-1 7.77962E-1 7.7203E-1 7.80384E-1 7.83448E-1 7.73387E-1 7.81617E-1 7.93635E-1 7.90671E-1 7.81727E-1 7.86014E-1 7.77791E-1 7.92716E-1 7.96778E-1 7.94299E-1 8.01304E-1 8.21926E-1 8.2271E-1 8.14256E-1 8.16989E-1 8.09626E-1 7.99867E-1 7.97585E-1 7.98084E-1 8.03964E-1 8.11068E-1 8.10286E-1 8.04787E-1 7.95344E-1 8.00379E-1 7.90796E-1 7.9894E-1 8.18428E-1
8.02584E-1 8.08788E-1 8.0748E-1 8.07931E-1 8.03429E-1 7.90091E-1 7.91274E-1 7.85553E-1 7.87416E-1 7.81226E-1 7.79474E-1 7.74991E-1 7.68345E-1 7.65218E-1 7.64073E-1 7.69863E-1 7.74598E-1 7.80387E-1 7.8692E-1 7.90914E-1 7.89434E-1 7.90642E-1 8.00609E-1 8.10408E-1 8.10446E-1 8.0955E-1 8.09476E-1 8.12543E-1 7.97861E-1 7.82318E-1 7.89425E-1 7.75762E-1 7.86976E-1 8.01502E-1 8.04967E-1 8.16422E-1 8.40997E-1 8.08966E-1 8.07456E-1 7.75312E-1 7.63143E-1 8.27228E-1 8.46246E-1 8.24744E-1 8.26532E-1 8.19123E-1 8.1915E-1 8.15744E-1 8.12153E-1 8.04786E-1 8.06898E-1 7.98315E-1 8.07001E-1 8.16153E-1 8.28162E-1 8.13331E-1 8.09174E-1 8.11478E-1 7.96994E-1 8.09717E-1 8.20873E-1
8.14498E-1 8.16045E-1 8.20142E-1 8.17576E-1 8.08271E-1 7.95796E-1 7.93279E-1 7.9505E-1 8.0105E-1 7.93832E-1 7.90398E-1 7.84304E-1 7.72366E-1 7.68378E-1 7.62104E-1 7.66107E-1 7.73094E-1 7.82925E-1 7.9404E-1 7.9467E-1 7.88867E-1 7.99992E-1 8.14749E-1 8.10343E-1 8.01382E-1 8.07378E-1 7.92654E-1 7.92725E-1 7.86685E-1 7.89942E-1 8.02166E-1 8.08309E-1 8.38434E-1 8.53137E-1 8.7272E-1 8.83155E-1 8.58777E-1 8.39188E-1 7.95195E-1 8.01635E-1 8.01531E-1 8.18439E-1 8.32256E-1 8.26678E-1 8.26093E-1 8.38861E-1 8.29312E-1 8.15373E-1 8.06215E-1 8.09364E-1 8.2096E-1 8.08E-1 8.16457E-1 8.23916E-1 8.28387E-1 8.12941E-1 8.14328E-1 8.07183E-1 7.93436E-1 8.03449E-1 8.10687E-1
8.22863E-1 8.24425E-1 8.23435E-1 8.2264E-1 8.13396E-1 8.06827E-1 8.04402E-1 8.08561E-1 8.11366E-1 8.00754E-1 7.92811E-1 7.86891E-1 7.78548E-1 7.73107E-1 7.72336E-1 7.76236E-1 7.77477E-1 7.85858E-1 7.97301E-1 8.01359E-1 8.06722E-1 8.19263E-1 8.13879E-1 8.09636E-1 8.08793E-1 7.93657E-1 7.88931E-1 7.86548E-1 7.87323E-1 7.98498E-1 8.078E-1 8.42311E-1 8.46781E-1 8.45774E-1 8.39661E-1 8.35469E-1 8.28317E-1 8.77308E-1 8.74212E-1 8.6711E-1 8.27094E-1 8.25493E-1 8.37405E-1 8.19966E-1 8.2102E-1 8.25827E-1 8.14423E-1 8.18313E-1 8.13928E-1 8.10469E-1 8.24157E-1 8.24902E-1 8.21919E-1 8.18546E-1 8.14641E-1 8.18717E-1 8.13104E-1 7.99339E-1 7.96793E-1 7.98508E-1 8.10611E-1
8.28944E-1 8.21072E-1 8.2111E-1 8.17267E-1 8.19546E-1 8.17417E-1 8.15925E-1 8.0986E-1 8.07977E-1 8.0989E-1 7.95926E-1 7.85995E-1 7.78752E-1 7.72042E-1 7.73567E-1 7.72622E-1 7.76801E-1 7.84459E-1 8.02849E-1 8.03708E-1 8.13151E-1 8.19816E-1 8.14984E-1 8.07824E-1 8.0343E-1 7.98964E-1 7.91791E-1 7.91734E-1 8.0391E-1 8.11294E-1 8.22283E-1 8.50371E-1 8.54554E-1 8.61259E-1 8.75462E-1 8.50477E-1 8.70678E-1 8.82594E-1 9.07735E-1 8.95009E-1 8.86407E-1 8.67414E-1 8.53698E-1 8.27934E-1 8.21752E-1 8.21914E-1 8.19142E-1 8.23527E-1 8.22429E-1 8.24636E-1 8.3169E-1 8.40286E-1 8.33303E-1 8.21073E-1 8.09612E-1 8.06E-1 7.9564E-1 7.96882E-1 7.9218E-1 7.9866E-1 7.97486E-1
8.28143E-1 8.21076E-1 8.22354E-1 8.21622E-1 8.27243E-1 8.22312E-1 8.28756E-1 8.12004E-1 8.13723E-1 8.10568E-1 7.9857E-1 7.90547E-1 7.81786E-1 7.80614E-1 7.76332E-1 7.73114E-1 7.74511E-1 7.83239E-1 8.00617E-1 8.1791E-1 8.17131E-1 8.12596E-1 8.03037E-1 8.15838E-1 8.10659E-1 8.06493E-1 7.97628E-1 7.99548E-1 8.26328E-1 8.18972E-1 8.1943E-1 8.15326E-1 8.27694E-1 8.63671E-1 8.96156E-1 8.80023E-1 9.12132E-1 9.19145E-1 9.21691E-1 9.27027E-1 8.91429E-1 8.66231E-1 8.43134E-1 8.32036E-1 8.30121E-1 8.27189E-1 8.28516E-1 8.23962E-1 8.24518E-1 8.31169E-1 8.34059E-1 8.38444E-1 8.38183E-1 8.31707E-1 8.11438E-1 7.97324E-1 7.84682E-1 7.73782E-1 7.70081E-1 7.81696E-1 7.92213E-1
8.32014E-1 8.22197E-1 8.26338E-1 8.27598E-1 8.32261E-1 8.27729E-1 8.2879E-1 8.25697E-1 8.1702E-1 8.08207E-1 8.1183E-1 7.99507E-1 7.91949E-1 7.87414E-1 7.85818E-1 7.81365E-1 7.82682E-1 7.92729E-1 8.10547E-1 8.19245E-1 8.10829E-1 8.02463E-1 8.11507E-1 8.09129E-1 8.01458E-1 8.03015E-1 8.04326E-1 8.22185E-1 8.497E-1 8.24285E-1 8.1906E-1 8.22925E-1 8.32749E-1 8.6863E-1 8.86142E-1 8.96438E-1 9.02084E-1 8.98633E-1 8.8292E-1 8.79562E-1 8.65679E-1 8.57521E-1 8.35844E-1 8.2696E-1 8.303E-1 8.2479E-1 8.2069E-1 8.21534E-1 8.23573E-1 8.29759E-1 8.36298E-1 8.38868E-1 8.48077E-1 8.42007E-1 8.19777E-1 8.03398E-1 7.85775E-1 7.58156E-1 7.59E-1 7.62819E-1 7.74193E-1
8.32732E-1 8.27857E-1 8.3011E-1 8.31306E-1 8.34687E-1 8.2822E-1 8.23487E-1 8.19087E-1 8.17744E-1 8.19876E-1 8.1673E-1 8.11044E-1 8.13329E-1 8.04843E-1 7.9065E-1 7.90737E-1 7.99486E-1 7.97944E-1 8.09263E-1 8.08869E-1 8.08118E-1 8.08206E-1 8.05056E-1 8.11787E-1 8.00534E-1 8.0903E-1 8.1199E-1 8.28724E-1 8.40026E-1 8.427E-1 8.34629E-1 8.38268E-1 8.52806E-1 8.75357E-1 8.79605E-1 8.92544E-1 8.86757E-1 8.73125E-1 8.6923E-1 8.55495E-1 8.5123E-1 8.45231E-1 8.30704E-1 8.17568E-1 8.16926E-1 8.20051E-1 8.19091E-1 8.20817E-1 8.2691E-1 8.28048E-1 8.3999E-1 8.47717E-1 8.4526E-1 8.41785E-1 8.26303E-1 8.10145E-1 7.97065E-1 7.82542E-1 7.75739E-1 7.68376E-1 7.74583E-1
8.37669E-1 8.32962E-1 8.28888E-1 8.31936E-1 8.31506E-1 8.29712E-1 8.2955E-1 8.16342E-1 8.13843E-1 8.09181E-1 8.09704E-1 8.09705E-1 8.07602E-1 8.06575E-1 8.05449E-1 7.96403E-1 7.96474E-1 7.94028E-1 7.99305E-1 8.11355E-1 8.07615E-1 8.05134E-1 8.04197E-1 7.99714E-1 7.90342E-1 7.99831E-1 7.87875E-1 8.06652E-1 8.34362E-1 8.43708E-1 8.4346E-1 8.42562E-1 8.43742E-1 8.49292E-1 8.54822E-1 8.70239E-1 8.63622E-1 8.57616E-1 8.46967E-1 8.47464E-1 8.38555E-1 8.34869E-1 8.23898E-1 8.17011E-1 8.15269E-1 8.14202E-1 8.18721E-1 8.21669E-1 8.26381E-1 8.32459E-1 8.33987E-1 8.33608E-1 8.35112E-1 8.29439E-1 8.28728E-1 8.22467E-1 8.14488E-1 8.04216E-1 7.93532E-1 7.84137E-1 7.83568E-1
8.42021E-1 8.41654E-1 8.40102E-1 8.34582E-1 8.36855E-1 8.31737E-1 8.24752E-1 8.19239E-1 8.15443E-1 8.17111E-1 8.19855E-1 8.16735E-1 8.09382E-1 8.04252E-1 7.99635E-1 8.00745E-1 8.00549E-1 8.00246E-1 8.13473E-1 8.04607E-1 8.01682E-1 8.02378E-1 7.94068E-1 7.76389E-1 7.86664E-1 7.81075E-1 7.86425E-1 7.9509E-1 8.22577E-1 8.25895E-1 8.31146E-1 8.31625E-1 8.34663E-1 8.37239E-1 8.46471E-1 8.48512E-1 8.41668E-1 8.44879E-1 8.45621E-1 8.39043E-1 8.31967E-1 8.24208E-1 8.15741E-1 8.11097E-1 8.14352E-1 8.22003E-1 8.29863E-1 8.35048E-1 8.33462E-1 8.3887E-1 8.40991E-1 8.33913E-1 8.2884E-1 8.26752E-1 8.26747E-1 8.28036E-1 8.26909E-1 8.18369E-1 7.98946E-1 7.92582E-1 7.9171E-1
8.47603E-1 8.50773E-1 8.44801E-1 8.37561E-1 8.37796E-1 8.31824E-1 8.25529E-1 8.2594E-1 8.23851E-1 8.26958E-1 8.29034E-1 8.24383E-1 8.17427E-1 8.15081E-1 8.13253E-1 8.10809E-1 8.03068E-1 7.9861E-1 8.04191E-1 8.01009E-1 7.97726E-1 8.04049E-1 8.01573E-1 7.8753E-1 7.83391E-1 7.83528E-1 7.91054E-1 8.07176E-1 8.20182E-1 8.19445E-1 8.22938E-1 8.38961E-1 8.45287E-1 8.26825E-1 8.31156E-1 8.36594E-1 8.2998E-1 8.22219E-1 8.23285E-1 8.28744E-1 8.24562E-1 8.19938E-1 8.13496E-1 8.14399E-1 8.22362E-1 8.29692E-1 8.44581E-1 8.47791E-1 8.51356E-1 8.53372E-1 8.45853E-1 8.36146E-1 8.29529E-1 8.24462E-1 8.2172E-1 8.28563E-1 8.32659E-1 8.15085E-1 7.97008E-1 7.9564E-1 7.98992E-1
8.50773E-1 8.51228E-1 8.44125E-1 8.30695E-1 8.28713E-1 8.30288E-1 8.26929E-1 8.31178E-1 8.26762E-1 8.27807E-1 8.2806E-1 8.23398E-1 8.19961E-1 8.20155E-1 8.12406E-1 8.07885E-1 8.08014E-1 8.0192E-1 8.01116E-1 8.00432E-1 7.986E-1 7.96604E-1 7.98192E-1 7.96255E-1 7.96131E-1 7.95984E-1 8.03706E-1 8.16416E-1 8.35852E-1 8.41118E-1 8.46513E-1 8.38179E-1 8.31589E-1 8.2155E-1 8.23045E-1 8.26326E-1 8.25247E-1 8.18632E-1 8.1925E-1 8.21759E-1 8.24689E-1 8.17671E-1 8.19073E-1 8.21105E-1 8.26953E-1 8.3447E-1 8.50577E-1 8.67007E-1 8.61441E-1 8.45937E-1 8.44012E-1 8.38243E-1 8.31121E-1 8.28624E-1 8.22708E-1 8.21038E-1 8.12677E-1 7.88009E-1 7.95457E-1 8.04301E-1 8.08401E-1
8.46959E-1 8.47271E-1 8.37923E-1 8.2798E-1 8.29764E-1 8.3114E-1 8.28585E-1 8.32579E-1 8.25447E-1 8.2193E-1 8.23761E-1 8.22802E-1 8.14311E-1 8.08167E-1 8.02533E-1 8.04317E-1 8.09096E-1 8.14458E-1 8.0021E-1 7.99858E-1 8.00658E-1 8.01512E-1 8.07804E-1 8.08418E-1 8.07546E-1 8.17763E-1 8.20783E-1 8.22912E-1 8.3951E-1 8.56724E-1 8.58452E-1 8.49032E-1 8.31562E-1 8.21684E-1 8.2146E-1 8.27099E-1 8.24711E-1 8.21411E-1 8.18104E-1 8.22391E-1 8.27459E-1 8.33329E-1 8.32765E-1 8.36324E-1 8.39286E-1 8.43831E-1 8.55518E-1 8.50945E-1 8.45119E-1 8.35882E-1 8.37138E-1 8.3795E-1 8.35525E-1 8.32389E-1 8.27918E-1 8.28386E-1 8.27621E-1 8.14279E-1 8.11306E-1 8.21487E-1 8.23957E-1
8.44949E-1 8.39432E-1 8.34136E-1 8.32265E-1 8.32475E-1 8.38945E-1 8.35327E-1 8.32684E-1 8.22222E-1 8.17677E-1 8.20263E-1 8.17312E-1 8.08299E-1 7.99903E-1 8.03687E-1 8.03396E-1 8.15067E-1 8.08232E-1 7.9994E-1 7.97458E-1 7.96025E-1 8.10949E-1 8.1307E-1 8.04983E-1 8.17697E-1 8.2958E-1 8.26721E-1 8.27484E-1 8.39141E-1 8.59779E-1 8.5817E-1 8.44941E-1 8.30386E-1 8.25998E-1 8.20841E-1 8.19249E-1 8.24039E-1 8.29842E-1 8.27108E-1 8.2434E-1 8.29225E-1 8.40212E-1 8.58384E-1 8.4604E-1 8.48771E-1 8.55271E-1 8.53776E-1 8.52281E-1 8.49468E-1 8.49672E-1 8.47517E-1 8.4719E-1 8.44293E-1 8.35708E-1 8.35152E-1 8.38189E-1 8.46134E-1 8.42287E-1 8.37096E-1 8.3236E-1 8.32658E-1
8.38623E-1 8.37865E-1 8.3432E-1 8.40574E-1 8.44451E-1 8.57361E-1 8.42425E-1 8.36025E-1 8.27797E-1 8.19556E-1 8.22878E-1 8.21333E-1 8.18114E-1 8.1239E-1 8.2174E-1 8.34319E-1 8.12686E-1 8.07491E-1 8.07792E-1 7.9998E-1 8.01108E-1 8.08042E-1 8.08631E-1 8.17139E-1 8.21138E-1 8.28512E-1 8.2991E-1 8.24058E-1 8.31E-1 8.46255E-1 8.42117E-1 8.32986E-1 8.31821E-1 8.26105E-1 8.18257E-1 8.19483E-1 8.3189E-1 8.38809E-1 8.33117E-1 8.32421E-1 8.38751E-1 8.46578E-1 8.51008E-1 8.58686E-1 8.58322E-1 8.66249E-1 8.61037E-1 8.5764E-1 8.60464E-1 8.5732E-1 8.54793E-1 8.49277E-1 8.46411E-1 8.55983E-1 8.50586E-1 8.44545E-1 8.42362E-1 8.39088E-1 8.34228E-1 8.32684E-1 8.31735E-1
8.4181E-1 8.3643E-1 8.39216E-1 8.43839E-1 8.42718E-1 8.5447E-1 8.44382E-1 8.3979E-1 8.35371E-1 8.30649E-1 8.37858E-1 8.35643E-1 8.31469E-1 8.34327E-1 8.45743E-1 8.4669E-1 8.22989E-1 8.10542E-1 8.10387E-1 8.02388E-1 8.10792E-1 8.13585E-1 8.17156E-1 8.18626E-1 8.28752E-1 8.31252E-1 8.28211E-1 8.28927E-1 8.29782E-1 8.36803E-1 8.37754E-1 8.35578E-1 8.32326E-1 8.25112E-1 8.18471E-1 8.22195E-1 8.37541E-1 8.37068E-1 8.381E-1 8.4066E-1 8.45204E-1 8.52789E-1 8.57367E-1 8.66845E-1 8.65515E-1 8.64586E-1 8.5836E-1 8.52566E-1 8.53988E-1 8.54731E-1 8.50511E-1 8.47942E-1 8.45104E-1 8.53749E-1 8.77229E-1 8.66489E-1 8.48829E-1 8.39992E-1 8.31497E-1 8.35452E-1 8.46906E-1
8.43839E-1 8.49786E-1 8.48311E-1 8.41704E-1 8.44326E-1 8.44199E-1 8.44149E-1 8.3869E-1 8.37117E-1 8.45132E-1 8.63174E-1 8.58835E-1 8.48007E-1 8.48611E-1 8.40013E-1 8.36659E-1 8.21033E-1 8.2182E-1 8.16443E-1 8.19884E-1 8.1694E-1 8.13937E-1 8.28407E-1 8.31361E-1 8.35203E-1 8.30503E-1 8.2956E-1 8.29278E-1 8.29221E-1 8.31454E-1 8.40582E-1 8.35458E-1 8.36084E-1 8.32148E-1 8.2835E-1 8.26804E-1 8.32682E-1 8.374E-1 8.44167E-1 8.48591E-1 8.56092E-1 8.61295E-1 8.64814E-1 8.59115E-1 8.509E-1 8.53007E-1 8.55779E-1 8.55936E-1 8.5401E-1 8.49303E-1 8.51133E-1 8.51547E-1 8.51756E-1 8.51036E-1 8.47288E-1 8.78147E-1 8.50075E-1 8.40438E-1 8.38543E-1 8.42508E-1 8.5464E-1
8.53872E-1 8.54384E-1 8.49024E-1 8.43482E-1 8.42646E-1 8.43186E-1 8.38278E-1 8.34931E-1 8.39244E-1 8.4823E-1 8.63056E-1 8.68622E-1 8.73116E-1 8.61729E-1 8.49694E-1 8.34735E-1 8.32693E-1 8.3325E-1 8.33225E-1 8.29412E-1 8.24093E-1 8.29932E-1 8.32852E-1 8.35881E-1 8.47781E-1 8.55383E-1 8.39936E-1 8.34275E-1 8.2634E-1 8.32005E-1 8.37559E-1 8.39126E-1 8.44261E-1 8.47047E-1 8.37605E-1 8.36506E-1 8.41123E-1 8.44304E-1 8.53418E-1 8.60316E-1 8.64379E-1 8.71886E-1 8.65332E-1 8.51303E-1 8.46358E-1 8.50412E-1 8.54695E-1 8.55488E-1 8.50389E-1 8.48364E-1 8.52565E-1 8.58537E-1 8.56863E-1 8.50616E-1 8.42942E-1 8.37116E-1 8.3299E-1 8.27142E-1 8.3623E-1 8.48593E-1 8.5155E-1
8.58082E-1 8.55155E-1 8.53369E-1 8.4828E-1 8.44456E-1 8.42443E-1 8.38081E-1 8.33395E-1 8.4148E-1 8.51629E-1 8.61522E-1 8.83938E-1 8.93947E-1 8.79232E-1 8.57265E-1 8.46273E-1 8.42369E-1 8.42436E-1 8.42077E-1 8.40642E-1 8.51697E-1 8.40353E-1 8.41137E-1 8.46235E-1 8.53444E-1 8.50787E-1 8.43396E-1 8.39466E-1 8.29311E-1 8.38076E-1 8.41894E-1 8.46028E-1 8.47534E-1 8.61145E-1 8.54701E-1 8.53057E-1 8.57301E-1 8.6143E-1 8.67304E-1 8.7429E-1 8.76101E-1 8.67907E-1 8.60644E-1 8.55645E-1 8.52503E-1 8.54289E-1 8.52795E-1 8.51813E-1 8.45236E-1 8.41996E-1 8.5122E-1 8.59751E-1 8.55736E-1 8.41709E-1 8.28534E-1 8.21925E-1 8.26604E-1 8.29337E-1 8.42063E-1 -9999 -9999
8.6819E-1 8.67433E-1 8.59576E-1 8.55655E-1 8.50762E-1 8.45159E-1 8.42975E-1 8.443E-1 8.49741E-1 8.51106E-1 8.53948E-1 8.67099E-1 8.78572E-1 8.71529E-1 8.56303E-1 8.48936E-1 8.46336E-1 8.48497E-1 8.50424E-1 8.57102E-1 8.79119E-1 8.54351E-1 8.44983E-1 8.51028E-1 8.54566E-1 8.56809E-1 8.48362E-1 8.41572E-1 8.27832E-1 8.3408E-1 8.48396E-1 8.58109E-1 8.59069E-1 8.63886E-1 8.64977E-1 8.67444E-1 8.72725E-1 8.76237E-1 8.7678E-1 8.81688E-1 8.75115E-1 8.6469E-1 8.59582E-1 8.63489E-1 8.60262E-1 8.63844E-1 8.60934E-1 8.57226E-1 8.42173E-1 8.34706E-1 8.40213E-1 8.45748E-1 8.38556E-1 8.25497E-1 8.10118E-1 8.04999E-1 8.27071E-1 8.34855E-1 -9999 -9999 -9999
8.673E-1 8.6412E-1 8.60505E-1 8.6085E-1 8.5995E-1 8.58286E-1 8.54923E-1 8.56099E-1 8.5474E-1 8.54789E-1 8.53735E-1 8.51855E-1 8.51983E-1 8.52546E-1 8.50046E-1 8.44986E-1 8.45994E-1 8.55583E-1 8.65871E-1 8.60971E-1 8.57394E-1 8.52106E-1 8.5193E-1 8.60443E-1 8.55819E-1 8.64265E-1 8.6373E-1 8.51852E-1 8.43433E-1 8.49866E-1 8.66845E-1 8.74601E-1 8.80022E-1 8.82149E-1 8.76895E-1 8.76282E-1 8.85756E-1 8.8541E-1 8.86474E-1 8.84116E-1 8.73043E-1 8.60879E-1 8.63796E-1 8.69421E-1 8.7164E-1 8.72596E-1 8.6398E-1 8.5087E-1 8.37722E-1 8.22823E-1 8.26554E-1 8.28625E-1 8.23397E-1 8.0984E-1 8.12061E-1 8.05111E-1 8.22554E-1 -9999 -9999 -9999 -9999
8.73287E-1 8.6218E-1 8.62425E-1 8.67972E-1 8.70209E-1 8.67386E-1 8.65021E-1 8.59003E-1 8.55822E-1 8.42798E-1 8.32209E-1 8.41174E-1 8.43441E-1 8.45078E-1 8.4589E-1 8.50329E-1 8.50903E-1 8.67376E-1 8.8458E-1 8.68112E-1 8.56428E-1 8.5814E-1 8.58129E-1 8.58809E-1 8.5932E-1 8.65513E-1 8.74164E-1 8.65941E-1 8.61999E-1 8.66888E-1 8.77844E-1 8.87196E-1 8.87603E-1 8.83461E-1 8.76898E-1 8.8056E-1 8.91856E-1 8.90899E-1 8.93569E-1 8.83114E-1 8.75152E-1 8.67721E-1 8.6955E-1 8.7935E-1 8.7603E-1 8.74028E-1 8.56697E-1 8.4036E-1 8.26341E-1 8.13736E-1 8.0879E-1 8.09621E-1 7.98799E-1 8.05975E-1 7.99981E-1 -9999 -9999 -9999 -9999 -9999 -9999
8.79698E-1 8.68701E-1 8.63861E-1 8.665E-1 8.74031E-1 8.79681E-1 8.71724E-1 8.68374E-1 8.61028E-1 8.44983E-1 8.36631E-1 8.46285E-1 8.51988E-1 8.50726E-1 8.51879E-1 8.48668E-1 8.46371E-1 8.51654E-1 8.60824E-1 8.57371E-1 8.56624E-1 8.60506E-1 8.59973E-1 8.60693E-1 8.62181E-1 8.69805E-1 8.72696E-1 8.66863E-1 8.68137E-1 8.79963E-1 8.92252E-1 8.8834E-1 8.90788E-1 8.89587E-1 8.81568E-1 8.78074E-1 8.89174E-1 8.8755E-1 8.90357E-1 8.85755E-1 8.75231E-1 8.68841E-1 8.68993E-1 8.73909E-1 8.69149E-1 8.62666E-1 8.46568E-1 8.27495E-1 8.09616E-1 8.00654E-1 8.03125E-1 8.03142E-1 7.99684E-1 8.0279E-1 -9999 -9999 -9999 -9999 -9999 -9999 -9999
8.86222E-1 8.80228E-1 8.75503E-1 8.69578E-1 8.81585E-1 8.90845E-1 8.81759E-1 8.74648E-1 8.66481E-1 8.5621E-1 8.56441E-1 8.66986E-1 8.77332E-1 8.65185E-1 8.58849E-1 8.58362E-1 8.52928E-1 8.51001E-1 8.52097E-1 8.57845E-1 8.61039E-1 8.63386E-1 8.61088E-1 8.67108E-1 8.71291E-1 8.81325E-1 8.75244E-1 8.72838E-1 8.80974E-1 8.93326E-1 8.94185E-1 8.96133E-1 8.94554E-1 8.92979E-1 8.93776E-1 8.88931E-1 8.82413E-1 8.85049E-1 8.84308E-1 8.81927E-1 8.70328E-1 8.63951E-1 8.61095E-1 8.64413E-1 8.61583E-1 8.55198E-1 8.41769E-1 8.25629E-1 8.09645E-1 8.11657E-1 8.1015E-1 8.06473E-1 -9999 -9999 -9999 -9999 -9999 -9999 -9999 -9999 -9999
8.99293E-1 8.95042E-1 8.91759E-1 8.84707E-1 8.87922E-1 8.84679E-1 8.85737E-1 8.88203E-1 8.77804E-1 8.75371E-1 8.70322E-1 8.77598E-1 8.78644E-1 8.7611E-1 8.77873E-1 8.80692E-1 8.75383E-1 8.61219E-1 8.51982E-1 8.53523E-1 8.57809E-1 8.6257E-1 8.62721E-1 8.69774E-1 8.79062E-1 8.91013E-1 8.82071E-1 8.89083E-1 8.92929E-1 8.97488E-1 8.99236E-1 8.99965E-1 8.99325E-1 8.9853E-1 8.99247E-1 8.9565E-1 8.88447E-1 8.84378E-1 8.78668E-1 8.76212E-1 8.68102E-1 8.60114E-1 8.5715E-1 8.54768E-1 8.54673E-1 8.51897E-1 8.48641E-1 8.3438E-1 8.26428E-1 8.24227E-1 8.22738E-1 -9999 -9999 -9999 -9999 -9999 -9999 -9999 -9999 -9999 -9999
9.12269E-1 9.13721E-1 9.05865E-1 9.03022E-1 9.0149E-1 8.99669E-1 8.98474E-1 8.97846E-1 8.92213E-1 8.87335E-1 8.88288E-1 8.89708E-1 8.86532E-1 8.92078E-1 8.96108E-1 8.97909E-1 8.92082E-1 8.81322E-1 8.699E-1 8.67071E-1 8.68483E-1 8.70915E-1 8.75394E-1 8.82891E-1 8.94531E-1 9.03976E-1 8.99805E-1 9.07969E-1 9.03217E-1 8.99412E-1 8.98052E-1 8.99261E-1 8.99467E-1 9.03613E-1 9.09703E-1 9.09443E-1 9.05819E-1 8.9034E-1 8.8188E-1 8.76151E-1 8.63243E-1 8.56184E-1 8.44996E-1 8.49202E-1 8.59379E-1 8.53913E-1 8.45183E-1 8.4414E-1 8.45492E-1 8.37746E-1 -9999 -9999 -9999 -9999 -9999 -9999 -9999 -9999 -9999 -9999 -9999
9.26592E-1 9.25547E-1 9.19397E-1 9.1641E-1 9.14979E-1 9.15345E-1 9.16021E-1 9.17094E-1 9.12775E-1 9.05195E-1 9.03373E-1 9.05918E-1 9.06456E-1 9.09443E-1 9.12191E-1 9.11943E-1 9.0603E-1 8.9863E-1 8.92005E-1 8.82766E-1 8.81177E-1 8.86559E-1 8.97733E-1 9.09725E-1 9.12923E-1 9.13433E-1 9.11472E-1 9.17603E-1 9.12377E-1 9.0552E-1 8.99581E-1 9.00649E-1 9.03813E-1 9.11351E-1 9.18868E-1 9.17771E-1 9.10666E-1 8.93442E-1 8.78828E-1 8.74331E-1 8.69798E-1 8.59599E-1 8.4785E-1 8.43075E-1 8.50572E-1 8.56801E-1 8.47797E-1 8.50737E-1 8.58577E-1 8.55268E-1 -9999 -9999 -9999 -9999 -9999 -9999 -9999 -9999 -9999 -9999 -9999
