maxent_outputs/red_flowers_troch_bombus_environ/red_307.asc
ncols         426
nrows         180
xllcorner     -130.0
yllcorner     24.0
cellsize      0.16666666666666666
NODATA_value  -9999
[rows 135 to 161 of 180, columns 122 to 182 of 426]
3.10211E-1 3.17817E-1 3.19601E-1 2.68372E-1 2.15889E-1 2.26666E-1 2.6282E-1 2.67414E-1 2.83252E-1 2.836E-1 3.00569E-1 3.0815E-1 3.17058E-1 3.11694E-1 3.00236E-1 3.00877E-1 2.93274E-1 2.93607E-1 2.98195E-1 2.91292E-1 2.84824E-1 2.68243E-1 2.55265E-1 2.61614E-1 2.5606E-1 2.53418E-1 2.50966E-1 2.48915E-1 2.6491E-1 2.82988E-1 2.83299E-1 2.87978E-1 3.04586E-1 3.15384E-1 3.26234E-1 3.3566E-1 3.37298E-1 3.36441E-1 3.36209E-1 3.3611E-1 3.33434E-1 3.48701E-1 3.63352E-1 3.9872E-1 3.9306E-1 3.69272E-1 3.52831E-1 3.29818E-1 3.17659E-1 3.0036E-1 3.0058E-1 3.07411E-1 3.19127E-1 3.41184E-1 3.60982E-1 3.8252E-1 3.89636E-1 4.01374E-1 4.0583E-1 4.10297E-1 4.1307E-1
3.26692E-1 3.43239E-1 3.60822E-1 3.05792E-1 2.40341E-1 2.07182E-1 2.62595E-1 2.78254E-1 2.86043E-1 3.01508E-1 3.08782E-1 3.02492E-1 3.24716E-1 3.21829E-1 3.28728E-1 2.9752E-1 2.8095E-1 2.92505E-1 2.97784E-1 2.79982E-1 2.79252E-1 2.73715E-1 2.7093E-1 2.74509E-1 2.75178E-1 2.6057E-1 2.55229E-1 2.57612E-1 2.71353E-1 2.85477E-1 2.83123E-1 2.85089E-1 3.06866E-1 3.20503E-1 3.35083E-1 3.39465E-1 3.43528E-1 3.46273E-1 3.46986E-1 3.48288E-1 3.43916E-1 3.50907E-1 3.75794E-1 4.07503E-1 4.06456E-1 3.83429E-1 3.67823E-1 3.53234E-1 3.32194E-1 3.2021E-1 3.14178E-1 3.12036E-1 3.20077E-1 3.40993E-1 3.66268E-1 3.77155E-1 3.89031E-1 3.94754E-1 3.98261E-1 3.99349E-1 4.00301E-1
3.55219E-1 3.95218E-1 3.94034E-1 2.72678E-1 1.98513E-1 2.49091E-1 2.73979E-1 2.84949E-1 2.95907E-1 3.03446E-1 3.07688E-1 3.06512E-1 3.38683E-1 3.54456E-1 3.60056E-1 3.43638E-1 2.83022E-1 2.952E-1 3.23783E-1 3.04387E-1 2.82154E-1 2.54314E-1 2.62904E-1 2.77578E-1 2.97729E-1 2.81419E-1 2.69334E-1 2.75178E-1 3.04786E-1 3.02242E-1 2.89359E-1 2.79839E-1 2.92885E-1 3.22048E-1 3.33698E-1 3.44956E-1 3.50758E-1 3.45316E-1 3.51386E-1 3.64169E-1 3.64817E-1 3.86944E-1 4.06601E-1 4.21216E-1 4.29637E-1 4.08325E-1 3.66955E-1 3.51027E-1 3.28023E-1 3.20451E-1 3.14311E-1 3.17598E-1 3.28759E-1 3.32478E-1 3.54753E-1 3.67493E-1 3.71434E-1 3.8159E-1 3.90019E-1 3.92264E-1 3.90285E-1
3.51754E-1 3.73839E-1 4.38414E-1 2.85848E-1 2.48985E-1 2.67776E-1 2.65677E-1 2.76753E-1 2.9878E-1 3.19427E-1 3.15662E-1 2.95818E-1 3.33602E-1 3.56977E-1 3.68404E-1 3.63324E-1 3.05892E-1 3.03188E-1 3.35078E-1 3.15332E-1 2.90663E-1 2.62127E-1 2.51817E-1 2.68699E-1 2.87837E-1 3.1169E-1 3.06506E-1 3.05033E-1 2.95619E-1 3.09247E-1 3.06977E-1 3.09328E-1 3.06732E-1 3.08709E-1 3.41578E-1 3.49745E-1 3.47627E-1 3.50303E-1 3.52912E-1 3.71278E-1 3.88608E-1 4.06993E-1 4.16399E-1 4.26171E-1 4.23692E-1 4.07935E-1 3.93346E-1 3.65211E-1 3.435E-1 3.37912E-1 3.31362E-1 3.27698E-1 3.33737E-1 3.36644E-1 3.50206E-1 3.67017E-1 3.75514E-1 3.83512E-1 3.89677E-1 3.91305E-1 3.92151E-1
3.46311E-1 4.38328E-1 4.18676E-1 3.9861E-1 2.83461E-1 2.70694E-1 2.7343E-1 2.83287E-1 2.87558E-1 3.01847E-1 3.07941E-1 3.05653E-1 3.2176E-1 3.46677E-1 3.46981E-1 3.58651E-1 2.85696E-1 3.26744E-1 3.02266E-1 3.04016E-1 2.90641E-1 2.5497E-1 2.48071E-1 2.56924E-1 2.63557E-1 2.96086E-1 3.33679E-1 3.5216E-1 3.46186E-1 3.13361E-1 3.1516E-1 3.23001E-1 2.98425E-1 2.80284E-1 3.03315E-1 3.16997E-1 3.38584E-1 3.48505E-1 3.43533E-1 3.53782E-1 3.70734E-1 3.86508E-1 3.85785E-1 3.73506E-1 3.8467E-1 3.89832E-1 3.94159E-1 3.91213E-1 3.67754E-1 3.55912E-1 3.42964E-1 3.41031E-1 3.44184E-1 3.4873E-1 3.53615E-1 3.63356E-1 3.79256E-1 3.94087E-1 3.95506E-1 3.921E-1 3.97475E-1
3.1349E-1 4.83054E-1 3.45533E-1 3.02214E-1 3.79953E-1 2.72003E-1 2.07573E-1 2.5411E-1 2.77319E-1 3.05654E-1 3.08124E-1 2.99694E-1 3.12781E-1 3.40135E-1 3.33091E-1 3.46318E-1 3.39297E-1 3.38558E-1 3.29231E-1 3.24396E-1 2.98119E-1 2.72257E-1 2.55907E-1 2.56572E-1 2.61385E-1 2.76949E-1 3.26537E-1 3.4537E-1 3.73875E-1 3.75525E-1 3.09367E-1 3.17373E-1 3.18308E-1 2.80885E-1 2.95493E-1 3.08607E-1 3.22055E-1 3.29723E-1 3.42053E-1 3.42897E-1 3.56667E-1 3.76566E-1 3.7524E-1 3.74832E-1 3.82784E-1 3.96096E-1 4.07769E-1 4.0603E-1 3.92678E-1 3.80219E-1 3.65483E-1 3.58471E-1 3.61756E-1 3.64744E-1 3.69542E-1 3.78714E-1 3.90077E-1 3.93726E-1 3.98633E-1 4.00657E-1 4.10294E-1
3.48377E-1 5.43014E-1 4.2934E-1 2.86585E-1 4.00594E-1 3.0733E-1 2.10499E-1 1.96297E-1 2.36783E-1 2.98233E-1 3.01973E-1 3.19384E-1 3.41002E-1 3.4936E-1 3.47762E-1 3.31126E-1 3.36866E-1 3.2172E-1 3.18216E-1 3.01018E-1 2.88264E-1 2.69183E-1 2.53096E-1 2.63789E-1 2.83242E-1 2.91555E-1 3.33267E-1 3.44589E-1 3.82519E-1 4.175E-1 3.33675E-1 3.11508E-1 3.1434E-1 2.89827E-1 2.89817E-1 3.02382E-1 3.16731E-1 3.21769E-1 3.06694E-1 3.06698E-1 3.20585E-1 3.53116E-1 3.74539E-1 3.7901E-1 3.91918E-1 4.11117E-1 4.23183E-1 4.25348E-1 4.07423E-1 3.97868E-1 3.92463E-1 3.87831E-1 3.87625E-1 4.02192E-1 4.0121E-1 3.99642E-1 4.07927E-1 4.05431E-1 4.09565E-1 4.13797E-1 4.17175E-1
3.59995E-1 5.24179E-1 5.05999E-1 3.27314E-1 3.7373E-1 2.72027E-1 1.92747E-1 1.80304E-1 2.13533E-1 2.8086E-1 3.12905E-1 3.19408E-1 3.37685E-1 3.54753E-1 3.50721E-1 3.40156E-1 3.32393E-1 3.19765E-1 2.93924E-1 2.75085E-1 2.56439E-1 2.55392E-1 2.62398E-1 2.70246E-1 2.8709E-1 3.06357E-1 3.41678E-1 3.58631E-1 3.82325E-1 4.27348E-1 4.05813E-1 3.26268E-1 3.05976E-1 2.85865E-1 2.86182E-1 3.02526E-1 3.05455E-1 3.02868E-1 3.04298E-1 3.19985E-1 3.40608E-1 3.59284E-1 3.81442E-1 3.92449E-1 4.06783E-1 4.29223E-1 4.44001E-1 4.44742E-1 4.38608E-1 4.27545E-1 4.36848E-1 4.31568E-1 4.34824E-1 4.41968E-1 4.25586E-1 4.21527E-1 4.30189E-1 4.2101E-1 4.17019E-1 4.17355E-1 4.16483E-1
3.73675E-1 5.50995E-1 5.89871E-1 3.49046E-1 2.48786E-1 2.302E-1 2.04839E-1 1.83944E-1 1.75811E-1 2.31343E-1 2.62578E-1 3.1949E-1 3.43664E-1 3.5059E-1 3.57439E-1 3.49678E-1 3.32755E-1 3.02748E-1 2.71137E-1 2.51965E-1 2.37075E-1 2.63767E-1 2.73481E-1 2.88924E-1 3.06766E-1 3.13875E-1 3.42752E-1 3.63633E-1 3.75571E-1 4.48793E-1 4.41625E-1 3.42359E-1 3.27767E-1 3.28043E-1 3.16313E-1 3.11359E-1 3.23095E-1 3.33098E-1 3.5127E-1 3.64236E-1 3.70119E-1 3.81711E-1 4.15539E-1 4.45769E-1 4.56807E-1 4.80566E-1 4.89466E-1 4.85341E-1 4.89686E-1 4.90573E-1 4.92273E-1 4.82196E-1 4.81837E-1 4.76885E-1 4.60458E-1 4.43714E-1 4.50295E-1 4.34169E-1 4.30359E-1 4.33107E-1 4.35272E-1
4.48257E-1 5.24456E-1 5.60838E-1 4.15986E-1 2.67368E-1 1.88534E-1 2.01409E-1 1.55737E-1 1.5364E-1 2.15894E-1 2.32853E-1 2.51351E-1 3.29817E-1 3.44444E-1 3.54388E-1 3.63307E-1 3.3983E-1 3.1583E-1 2.78569E-1 2.41531E-1 2.44589E-1 2.50443E-1 2.67286E-1 2.95823E-1 3.23261E-1 3.19214E-1 3.21957E-1 3.68865E-1 3.92885E-1 4.84231E-1 5.08207E-1 4.0144E-1 3.86162E-1 3.99157E-1 3.81086E-1 3.76302E-1 3.6085E-1 3.56398E-1 4.01664E-1 3.92024E-1 4.10683E-1 4.35331E-1 4.70661E-1 5.151E-1 5.28324E-1 5.25094E-1 5.29606E-1 5.26628E-1 5.33853E-1 5.45012E-1 5.48561E-1 5.3683E-1 5.26535E-1 5.10359E-1 4.85575E-1 4.61738E-1 4.46485E-1 4.44712E-1 4.36104E-1 4.36267E-1 4.39299E-1
6.08385E-1 5.15844E-1 6.2138E-1 4.87201E-1 3.9331E-1 1.91309E-1 1.76196E-1 1.62215E-1 1.5341E-1 2.00614E-1 2.4086E-1 2.4468E-1 2.75024E-1 3.38546E-1 3.22711E-1 3.60103E-1 3.20979E-1 3.23823E-1 2.88748E-1 2.47891E-1 2.67867E-1 2.77224E-1 2.91562E-1 3.22095E-1 3.31847E-1 3.31956E-1 3.17167E-1 3.81216E-1 4.34529E-1 4.75768E-1 6.05843E-1 5.92466E-1 5.14133E-1 4.78985E-1 4.3735E-1 4.15839E-1 3.8613E-1 3.959E-1 4.32882E-1 4.77812E-1 4.87973E-1 5.14982E-1 5.37292E-1 5.59092E-1 5.71261E-1 5.76345E-1 5.83427E-1 5.83356E-1 5.80283E-1 5.92316E-1 5.9708E-1 5.7767E-1 5.71957E-1 5.48737E-1 5.20563E-1 4.90413E-1 4.67215E-1 4.75412E-1 4.69236E-1 4.77185E-1 4.78488E-1
6.68532E-1 5.778E-1 5.96561E-1 5.42716E-1 4.79594E-1 3.66382E-1 2.16711E-1 1.51313E-1 1.69249E-1 1.77117E-1 2.07737E-1 2.45828E-1 2.58551E-1 3.21637E-1 3.00099E-1 3.2777E-1 2.76106E-1 2.53641E-1 2.80017E-1 2.94053E-1 2.99376E-1 3.25806E-1 3.44131E-1 3.44849E-1 3.40894E-1 3.30063E-1 3.46415E-1 4.39561E-1 5.25051E-1 5.34952E-1 6.18951E-1 6.72133E-1 6.71402E-1 5.72784E-1 4.62425E-1 4.47249E-1 4.5509E-1 4.67016E-1 4.95457E-1 5.03822E-1 5.46788E-1 5.78234E-1 5.48094E-1 5.67843E-1 5.94565E-1 5.98839E-1 6.12481E-1 6.16512E-1 6.22057E-1 6.10876E-1 6.23632E-1 6.22177E-1 6.21097E-1 6.1402E-1 5.88711E-1 5.32597E-1 5.15683E-1 5.13325E-1 5.11336E-1 5.20449E-1 5.35017E-1
6.70221E-1 5.08075E-1 6.50423E-1 5.92951E-1 5.49917E-1 4.22754E-1 2.48792E-1 2.1243E-1 1.90548E-1 1.65181E-1 1.98493E-1 2.29577E-1 2.6602E-1 3.17982E-1 3.20469E-1 3.06484E-1 2.85282E-1 2.46814E-1 2.6026E-1 3.02761E-1 3.20199E-1 3.70501E-1 3.99452E-1 4.05324E-1 3.81768E-1 3.60962E-1 3.79788E-1 4.7111E-1 5.4344E-1 5.18482E-1 5.72273E-1 6.83749E-1 6.91596E-1 6.32959E-1 5.26967E-1 4.89193E-1 5.46158E-1 5.30191E-1 5.34914E-1 5.45759E-1 5.45464E-1 6.17208E-1 5.77872E-1 6.13553E-1 6.02933E-1 6.55569E-1 6.63934E-1 6.67417E-1 6.71459E-1 6.54637E-1 6.49278E-1 6.31868E-1 6.35766E-1 6.29357E-1 6.09172E-1 6.06173E-1 5.7605E-1 5.72439E-1 5.82718E-1 5.73111E-1 6.00335E-1
6.96758E-1 5.89624E-1 6.71646E-1 5.07825E-1 4.73372E-1 3.44861E-1 2.90576E-1 1.93328E-1 1.78521E-1 1.61634E-1 1.87955E-1 2.16401E-1 2.67741E-1 3.027E-1 3.08675E-1 2.92489E-1 2.88562E-1 2.59479E-1 2.4433E-1 2.93235E-1 3.31826E-1 3.84412E-1 4.21266E-1 4.18595E-1 4.20642E-1 4.225E-1 4.68557E-1 5.21433E-1 5.31934E-1 4.97887E-1 4.819E-1 6.05068E-1 6.26809E-1 5.41008E-1 6.14159E-1 6.20923E-1 6.24552E-1 5.87957E-1 5.09572E-1 6.51806E-1 6.29652E-1 5.29133E-1 5.63248E-1 6.15109E-1 6.38103E-1 6.67132E-1 7.17099E-1 7.25899E-1 7.02913E-1 6.78961E-1 6.58417E-1 6.4787E-1 6.41752E-1 6.40638E-1 6.32198E-1 6.34178E-1 6.26417E-1 6.166E-1 6.28531E-1 6.37427E-1 6.31204E-1
6.23928E-1 7.07815E-1 7.05555E-1 4.8093E-1 3.62857E-1 4.11436E-1 3.12345E-1 2.24272E-1 2.06846E-1 1.77646E-1 2.04944E-1 2.28032E-1 2.48404E-1 2.86415E-1 2.68755E-1 2.77004E-1 2.79765E-1 2.55839E-1 2.48556E-1 3.13059E-1 3.52183E-1 3.85235E-1 4.37408E-1 4.36097E-1 4.28539E-1 4.41769E-1 5.15842E-1 5.42085E-1 4.985E-1 4.94491E-1 5.19667E-1 5.5838E-1 4.90568E-1 4.54843E-1 5.6853E-1 6.36588E-1 6.05463E-1 6.75043E-1 6.85363E-1 6.73316E-1 6.55851E-1 5.53424E-1 4.67093E-1 6.05693E-1 5.83332E-1 4.91939E-1 6.52701E-1 7.01386E-1 7.05956E-1 6.91186E-1 6.51749E-1 6.33485E-1 6.35967E-1 6.50394E-1 6.46983E-1 6.52916E-1 6.64689E-1 6.81053E-1 6.67974E-1 6.61589E-1 6.50457E-1
6.63926E-1 5.90635E-1 5.90659E-1 4.8891E-1 3.48106E-1 3.95829E-1 3.2425E-1 2.4611E-1 1.7403E-1 2.20214E-1 2.10703E-1 2.25263E-1 2.51135E-1 2.78655E-1 2.63349E-1 2.57193E-1 2.56515E-1 2.44996E-1 2.31348E-1 2.96426E-1 3.80369E-1 4.1432E-1 4.83875E-1 4.782E-1 4.79961E-1 5.02304E-1 5.24509E-1 4.88945E-1 4.9124E-1 5.05345E-1 5.18033E-1 5.19891E-1 4.53396E-1 4.57627E-1 5.32426E-1 5.71526E-1 6.40325E-1 6.91525E-1 7.01044E-1 6.2577E-1 6.41363E-1 6.60659E-1 4.86264E-1 5.60345E-1 5.57026E-1 5.05467E-1 6.04811E-1 6.29067E-1 6.70038E-1 6.67611E-1 6.44129E-1 6.30849E-1 6.40312E-1 6.55283E-1 6.56077E-1 6.83513E-1 6.88447E-1 6.97627E-1 7.03354E-1 6.94892E-1 6.76687E-1
8.13528E-1 5.32705E-1 4.76512E-1 4.53109E-1 3.14336E-1 3.47313E-1 2.86736E-1 2.44348E-1 1.64053E-1 2.39362E-1 2.58281E-1 2.24196E-1 2.42099E-1 2.33223E-1 2.50291E-1 2.3791E-1 2.42001E-1 2.48034E-1 2.38941E-1 2.72893E-1 3.73769E-1 4.64727E-1 4.87292E-1 5.07999E-1 5.38625E-1 5.14354E-1 4.56054E-1 4.5064E-1 5.08965E-1 5.13874E-1 4.95125E-1 4.93808E-1 4.63914E-1 4.4903E-1 4.73873E-1 4.9491E-1 5.52514E-1 6.59084E-1 6.83718E-1 6.62197E-1 6.5602E-1 6.29483E-1 5.88487E-1 5.71931E-1 6.2727E-1 5.61134E-1 6.33235E-1 6.43121E-1 6.42461E-1 6.42291E-1 6.22887E-1 6.15342E-1 6.23631E-1 6.35904E-1 6.80928E-1 7.10917E-1 7.11702E-1 7.13074E-1 7.39835E-1 7.36605E-1 7.20668E-1
8.88791E-1 6.64263E-1 4.51088E-1 4.50576E-1 3.21711E-1 3.30701E-1 2.56636E-1 2.50894E-1 1.76826E-1 1.87844E-1 2.47366E-1 2.29062E-1 2.29681E-1 2.36627E-1 2.31055E-1 2.39177E-1 2.43619E-1 2.63836E-1 2.90531E-1 2.80466E-1 3.57106E-1 4.50295E-1 4.363E-1 5.00718E-1 5.19653E-1 5.25704E-1 4.66029E-1 4.5031E-1 4.6478E-1 4.69285E-1 4.48289E-1 4.53611E-1 4.66341E-1 4.74338E-1 4.68127E-1 4.67109E-1 4.83303E-1 5.72504E-1 6.28224E-1 6.61599E-1 7.00237E-1 6.486E-1 5.15264E-1 5.26064E-1 5.50969E-1 6.5297E-1 6.70388E-1 6.40338E-1 6.15695E-1 6.0481E-1 5.88464E-1 5.96068E-1 5.91506E-1 6.01949E-1 6.55967E-1 6.76864E-1 7.03235E-1 7.24194E-1 7.47723E-1 7.65645E-1 7.45568E-1
8.91005E-1 7.14138E-1 6.39877E-1 4.05409E-1 3.01709E-1 3.50889E-1 3.11246E-1 2.55342E-1 2.12175E-1 1.91589E-1 2.17788E-1 2.37278E-1 2.18462E-1 2.42967E-1 2.32535E-1 2.38982E-1 2.54998E-1 2.8302E-1 3.02929E-1 3.61554E-1 3.80111E-1 3.60911E-1 4.47884E-1 5.18914E-1 5.04486E-1 5.16488E-1 5.31784E-1 5.02883E-1 4.44331E-1 4.0811E-1 4.11066E-1 4.30213E-1 4.45572E-1 4.7274E-1 4.90362E-1 4.7789E-1 5.16199E-1 5.56996E-1 5.62654E-1 5.47529E-1 6.59283E-1 6.58012E-1 5.1277E-1 5.244E-1 5.47967E-1 5.43421E-1 6.25215E-1 6.17978E-1 6.28589E-1 5.98536E-1 5.78663E-1 5.85022E-1 5.61651E-1 5.73723E-1 6.09237E-1 6.49551E-1 6.89647E-1 7.24438E-1 7.50546E-1 7.7502E-1 7.52234E-1
8.50725E-1 7.94848E-1 7.34271E-1 3.97981E-1 3.6749E-1 3.31177E-1 4.45987E-1 3.54012E-1 2.00857E-1 1.83353E-1 1.95065E-1 1.92067E-1 1.90673E-1 2.35979E-1 2.30524E-1 2.41122E-1 2.54782E-1 3.03519E-1 3.46767E-1 3.68717E-1 4.07264E-1 4.03166E-1 4.76568E-1 5.12433E-1 5.31656E-1 5.10113E-1 5.46885E-1 5.07667E-1 5.02191E-1 4.34139E-1 4.21457E-1 4.17372E-1 4.5604E-1 4.74582E-1 5.07043E-1 4.98718E-1 5.14644E-1 5.05736E-1 5.31682E-1 4.55123E-1 5.70513E-1 5.80078E-1 5.61268E-1 5.20328E-1 5.43423E-1 5.31063E-1 5.89013E-1 6.14542E-1 6.19429E-1 6.11985E-1 5.95933E-1 5.88687E-1 5.74374E-1 5.71896E-1 5.85938E-1 6.43006E-1 6.80717E-1 7.17841E-1 7.46616E-1 7.60371E-1 7.53288E-1
8.51084E-1 7.79011E-1 7.0963E-1 4.84325E-1 4.46572E-1 5.59738E-1 5.79374E-1 5.85693E-1 3.01697E-1 2.1074E-1 1.86584E-1 1.81439E-1 1.81425E-1 2.0785E-1 2.25725E-1 2.51942E-1 2.53559E-1 3.121E-1 3.3895E-1 3.82634E-1 4.18561E-1 4.36479E-1 4.82755E-1 5.23668E-1 5.3986E-1 5.32242E-1 5.37518E-1 5.31508E-1 5.23435E-1 4.74325E-1 4.49605E-1 4.57009E-1 4.89887E-1 5.27374E-1 5.36219E-1 5.31005E-1 5.17586E-1 5.03138E-1 5.21059E-1 4.99943E-1 4.94592E-1 5.24508E-1 5.33803E-1 5.48007E-1 5.40404E-1 5.76937E-1 5.93306E-1 6.35915E-1 6.43261E-1 6.43254E-1 6.41703E-1 6.22615E-1 6.08158E-1 5.96429E-1 5.89344E-1 6.31925E-1 6.87024E-1 7.22324E-1 7.57607E-1 7.61987E-1 7.52188E-1
8.38362E-1 7.59025E-1 7.22343E-1 6.20941E-1 5.86391E-1 7.3738E-1 6.35074E-1 6.51246E-1 4.5454E-1 3.60784E-1 2.4981E-1 1.83407E-1 1.90351E-1 1.96528E-1 2.32148E-1 2.77043E-1 2.75824E-1 3.75199E-1 3.91553E-1 4.07437E-1 4.24812E-1 4.49356E-1 4.83936E-1 5.03418E-1 5.28391E-1 5.49934E-1 5.657E-1 5.6618E-1 5.41238E-1 4.90415E-1 4.79685E-1 5.05451E-1 5.08563E-1 5.37059E-1 5.43391E-1 5.57422E-1 5.38617E-1 5.49364E-1 5.8324E-1 5.81031E-1 5.782E-1 5.16454E-1 5.39905E-1 5.51061E-1 5.30326E-1 5.56326E-1 5.3028E-1 5.83214E-1 6.32165E-1 6.71722E-1 6.93266E-1 6.85499E-1 6.6671E-1 6.24734E-1 6.164E-1 6.58607E-1 7.13312E-1 7.37243E-1 7.58812E-1 7.66725E-1 7.74866E-1
8.21869E-1 7.5633E-1 7.55923E-1 7.30814E-1 7.58207E-1 7.76247E-1 5.25667E-1 5.92482E-1 5.20987E-1 4.92579E-1 3.33963E-1 2.15735E-1 2.13307E-1 2.3422E-1 2.6622E-1 3.18153E-1 2.75917E-1 3.46257E-1 3.91613E-1 3.87972E-1 4.46187E-1 4.49165E-1 4.64861E-1 5.09971E-1 5.44017E-1 5.57012E-1 5.72412E-1 5.72298E-1 5.60138E-1 5.44936E-1 5.18895E-1 5.25971E-1 5.20191E-1 5.51592E-1 5.53725E-1 5.76685E-1 5.84648E-1 5.99101E-1 6.14093E-1 6.03714E-1 6.21356E-1 5.10868E-1 5.29404E-1 5.56121E-1 5.39941E-1 5.56027E-1 6.03988E-1 6.495E-1 6.45478E-1 6.76115E-1 7.10796E-1 7.12619E-1 6.99509E-1 6.91981E-1 6.95593E-1 7.13364E-1 7.4819E-1 7.64353E-1 7.67363E-1 7.7742E-1 7.78878E-1
8.32719E-1 8.00392E-1 8.02198E-1 7.84398E-1 8.57591E-1 7.79897E-1 7.35957E-1 8.096E-1 6.0978E-1 4.36362E-1 4.19714E-1 4.16254E-1 2.84966E-1 2.91525E-1 3.37607E-1 3.56563E-1 3.89914E-1 4.31602E-1 4.40516E-1 4.24742E-1 4.50696E-1 4.55834E-1 5.01104E-1 5.57971E-1 5.7806E-1 6.14217E-1 6.00728E-1 6.0514E-1 5.87084E-1 5.73763E-1 5.19783E-1 5.24449E-1 5.68824E-1 5.97638E-1 5.42416E-1 6.09693E-1 6.32903E-1 6.27832E-1 6.40499E-1 6.10335E-1 6.28471E-1 5.04625E-1 4.8791E-1 5.5032E-1 5.60593E-1 5.63442E-1 6.01814E-1 6.57727E-1 6.78908E-1 7.04287E-1 7.18544E-1 7.25207E-1 7.30299E-1 7.23422E-1 7.37982E-1 7.60234E-1 7.75143E-1 7.97992E-1 7.94115E-1 7.93688E-1 8.1181E-1
8.36966E-1 8.28573E-1 8.46322E-1 8.69365E-1 9.0492E-1 8.67437E-1 8.13271E-1 8.50638E-1 7.91367E-1 6.90202E-1 4.82671E-1 5.89131E-1 4.44918E-1 3.82987E-1 3.47199E-1 3.41613E-1 3.87284E-1 4.73872E-1 4.2167E-1 4.91556E-1 4.98179E-1 4.89058E-1 4.9523E-1 5.11084E-1 5.48384E-1 6.09074E-1 6.27458E-1 6.20249E-1 6.22356E-1 5.48453E-1 5.34316E-1 5.12776E-1 5.71569E-1 5.4917E-1 6.25885E-1 6.12065E-1 6.49472E-1 6.76579E-1 6.87223E-1 6.74433E-1 6.4985E-1 5.53295E-1 4.59526E-1 5.7119E-1 6.18324E-1 5.9354E-1 5.46945E-1 6.44944E-1 7.18912E-1 7.23607E-1 7.23974E-1 7.28072E-1 7.33895E-1 7.54347E-1 7.34906E-1 7.79324E-1 7.994E-1 8.27864E-1 8.18738E-1 8.23514E-1 8.49048E-1
8.2963E-1 8.44102E-1 8.77587E-1 9.09537E-1 9.23733E-1 8.62746E-1 7.45509E-1 8.46246E-1 7.74496E-1 6.06732E-1 7.78594E-1 6.54653E-1 4.50866E-1 3.93612E-1 4.14872E-1 4.09524E-1 3.97583E-1 4.37365E-1 3.55317E-1 5.04457E-1 5.10578E-1 4.65966E-1 4.76776E-1 4.51728E-1 4.82782E-1 5.48867E-1 6.10196E-1 6.02766E-1 6.09241E-1 5.71747E-1 5.14099E-1 5.4512E-1 5.44749E-1 4.66232E-1 6.26638E-1 5.7927E-1 6.43499E-1 6.88916E-1 6.95717E-1 7.08728E-1 6.95926E-1 6.09749E-1 5.03717E-1 5.94107E-1 6.42271E-1 5.61253E-1 5.53899E-1 6.64553E-1 7.4507E-1 7.55663E-1 7.60271E-1 7.55246E-1 7.36656E-1 7.66194E-1 7.9998E-1 7.90259E-1 8.11033E-1 8.45015E-1 8.50383E-1 8.47399E-1 8.53897E-1
7.75844E-1 8.26263E-1 8.90493E-1 8.9477E-1 9.10007E-1 8.93455E-1 8.49066E-1 8.75537E-1 8.50565E-1 7.66692E-1 8.48823E-1 8.73388E-1 6.1849E-1 4.82818E-1 4.12302E-1 4.19007E-1 4.10957E-1 4.08701E-1 3.8115E-1 5.19659E-1 5.08866E-1 4.35706E-1 4.57729E-1 4.3442E-1 4.77415E-1 5.1463E-1 5.62057E-1 5.78675E-1 6.00487E-1 5.70294E-1 5.35076E-1 5.74965E-1 5.33828E-1 5.89697E-1 6.69178E-1 7.05548E-1 7.15543E-1 7.24417E-1 6.84961E-1 7.28896E-1 6.94665E-1 6.3327E-1 5.25216E-1 4.90817E-1 5.89776E-1 6.24565E-1 6.32579E-1 6.99538E-1 7.38287E-1 7.64571E-1 7.96693E-1 7.57604E-1 7.19427E-1 7.61359E-1 8.10104E-1 7.87778E-1 8.15458E-1 8.50655E-1 8.49847E-1 8.58152E-1 8.67562E-1
