maxent_outputs/red_flowers_troch_bombus_environ/red_264.asc
ncols         426
nrows         180
xllcorner     -130.0
yllcorner     24.0
cellsize      0.16666666666666666
NODATA_value  -9999
[rows 135 to 161 of 180, columns 122 to 182 of 426]
3.69211E-1 3.86737E-1 3.77932E-1 3.5559E-1 3.11233E-1 3.27384E-1 3.47324E-1 3.54249E-1 3.63454E-1 3.56431E-1 3.71274E-1 3.80786E-1 3.7656E-1 3.68204E-1 3.61993E-1 3.64872E-1 3.57874E-1 3.5739E-1 3.59922E-1 3.54473E-1 3.47955E-1 3.30573E-1 3.21017E-1 3.36654E-1 3.45805E-1 3.43471E-1 3.42981E-1 3.50049E-1 3.7675E-1 3.59351E-1 3.81375E-1 3.76597E-1 3.82766E-1 3.85993E-1 3.91561E-1 3.98878E-1 4.04109E-1 4.0376E-1 4.05463E-1 4.0477E-1 4.04842E-1 4.16444E-1 4.30044E-1 4.6239E-1 4.68381E-1 4.58746E-1 4.50341E-1 4.33683E-1 4.29913E-1 4.17099E-1 4.20889E-1 4.34075E-1 4.48356E-1 4.73941E-1 4.93172E-1 5.12423E-1 5.21902E-1 5.4025E-1 5.5064E-1 5.67236E-1 5.78339E-1
3.81908E-1 4.03571E-1 4.05639E-1 3.82207E-1 3.40444E-1 3.26666E-1 3.46053E-1 3.58257E-1 3.63342E-1 3.69728E-1 3.73557E-1 3.76557E-1 3.88233E-1 3.7753E-1 3.91635E-1 3.62959E-1 3.51338E-1 3.56732E-1 3.63627E-1 3.51689E-1 3.57743E-1 3.40077E-1 3.40001E-1 3.41623E-1 3.51844E-1 3.54379E-1 3.4922E-1 3.62598E-1 3.80992E-1 3.70275E-1 3.71507E-1 3.8228E-1 3.89678E-1 3.94333E-1 4.01865E-1 4.03413E-1 4.08592E-1 4.10442E-1 4.11922E-1 4.13536E-1 4.11328E-1 4.1316E-1 4.3635E-1 4.65962E-1 4.79768E-1 4.68059E-1 4.58119E-1 4.53465E-1 4.42947E-1 4.38882E-1 4.40057E-1 4.46168E-1 4.59589E-1 4.8047E-1 5.03426E-1 5.15031E-1 5.35745E-1 5.43862E-1 5.57587E-1 5.64855E-1 5.67581E-1
3.94435E-1 4.25166E-1 4.1732E-1 3.61555E-1 3.16569E-1 3.52937E-1 3.60882E-1 3.59944E-1 3.67294E-1 3.70992E-1 3.72026E-1 3.82165E-1 4.06409E-1 4.08647E-1 4.12437E-1 4.04062E-1 3.55172E-1 3.61295E-1 3.8846E-1 3.71834E-1 3.60229E-1 3.3013E-1 3.56532E-1 3.47413E-1 3.65555E-1 3.70288E-1 3.58282E-1 3.66091E-1 3.99974E-1 3.81488E-1 3.70273E-1 3.7756E-1 3.87897E-1 4.13833E-1 4.08428E-1 4.0864E-1 4.09212E-1 4.05995E-1 4.15341E-1 4.25485E-1 4.27363E-1 4.42114E-1 4.57098E-1 4.72854E-1 4.88245E-1 4.82861E-1 4.59334E-1 4.5267E-1 4.41474E-1 4.40144E-1 4.40132E-1 4.49278E-1 4.71415E-1 4.77982E-1 5.04341E-1 5.19273E-1 5.29186E-1 5.41375E-1 5.5723E-1 5.64871E-1 5.63304E-1
3.80786E-1 4.07946E-1 4.43039E-1 3.7125E-1 3.47902E-1 3.48454E-1 3.45178E-1 3.53566E-1 3.72988E-1 3.91926E-1 3.88088E-1 3.83723E-1 4.07561E-1 4.09799E-1 4.1582E-1 4.17504E-1 3.72742E-1 3.7172E-1 4.01754E-1 3.80387E-1 3.66922E-1 3.51548E-1 3.40635E-1 3.61648E-1 3.68217E-1 3.88876E-1 3.81688E-1 4.05265E-1 3.83712E-1 3.92512E-1 3.92622E-1 4.04325E-1 4.18643E-1 4.26226E-1 4.25786E-1 4.23569E-1 4.15681E-1 4.19778E-1 4.20692E-1 4.37746E-1 4.51618E-1 4.65188E-1 4.7464E-1 4.80666E-1 4.82307E-1 4.79823E-1 4.72813E-1 4.6376E-1 4.53238E-1 4.5328E-1 4.57907E-1 4.60514E-1 4.73559E-1 4.84334E-1 5.04384E-1 5.2333E-1 5.35733E-1 5.47923E-1 5.56329E-1 5.60577E-1 5.65538E-1
3.76003E-1 4.45902E-1 4.37157E-1 4.25209E-1 3.71323E-1 3.56864E-1 3.63433E-1 3.64302E-1 3.68555E-1 3.77311E-1 3.78329E-1 3.87843E-1 3.97224E-1 4.03692E-1 3.97608E-1 4.06325E-1 3.53478E-1 3.97231E-1 3.75492E-1 3.73898E-1 3.73054E-1 3.4482E-1 3.38492E-1 3.5496E-1 3.71253E-1 3.87855E-1 4.00114E-1 4.15758E-1 4.21095E-1 3.9103E-1 3.95093E-1 4.16731E-1 4.15806E-1 4.0613E-1 4.27449E-1 4.2866E-1 4.29363E-1 4.24544E-1 4.19252E-1 4.28008E-1 4.44247E-1 4.56227E-1 4.5945E-1 4.53325E-1 4.64842E-1 4.69962E-1 4.74341E-1 4.78668E-1 4.67972E-1 4.67215E-1 4.63994E-1 4.69465E-1 4.80582E-1 4.92721E-1 5.04363E-1 5.20863E-1 5.40107E-1 5.61297E-1 5.64469E-1 5.60173E-1 5.66726E-1
3.61552E-1 4.66062E-1 4.06959E-1 3.8173E-1 4.2128E-1 3.68387E-1 3.32013E-1 3.6079E-1 3.66951E-1 3.80162E-1 3.77847E-1 3.91766E-1 3.96875E-1 3.91123E-1 3.82144E-1 3.99483E-1 3.91908E-1 3.99999E-1 3.96508E-1 3.98792E-1 3.88247E-1 3.68926E-1 3.52122E-1 3.52263E-1 3.59174E-1 3.72182E-1 4.02151E-1 4.0581E-1 4.27816E-1 4.34757E-1 3.84478E-1 4.02399E-1 4.26576E-1 4.05042E-1 4.10345E-1 4.25101E-1 4.23476E-1 4.14314E-1 4.26107E-1 4.31424E-1 4.44694E-1 4.57062E-1 4.56223E-1 4.56266E-1 4.60197E-1 4.69527E-1 4.82962E-1 4.82855E-1 4.83206E-1 4.8421E-1 4.81052E-1 4.8053E-1 4.92444E-1 5.02837E-1 5.15934E-1 5.35151E-1 5.51408E-1 5.54917E-1 5.60329E-1 5.59853E-1 5.70805E-1
3.85219E-1 5.01703E-1 4.47392E-1 3.7743E-1 4.2425E-1 3.88225E-1 3.34924E-1 3.22833E-1 3.50816E-1 3.82392E-1 3.7464E-1 3.93788E-1 4.02381E-1 3.95222E-1 3.91582E-1 3.817E-1 3.95364E-1 3.88049E-1 3.84379E-1 3.78192E-1 3.82235E-1 3.68531E-1 3.62841E-1 3.57446E-1 3.71919E-1 3.78119E-1 4.02249E-1 4.01827E-1 4.37208E-1 4.55713E-1 4.18261E-1 3.93482E-1 4.10834E-1 3.96585E-1 4.02982E-1 4.15943E-1 4.18053E-1 4.23692E-1 4.2038E-1 4.21261E-1 4.23795E-1 4.46173E-1 4.63154E-1 4.64806E-1 4.69626E-1 4.80374E-1 4.87454E-1 4.92809E-1 4.86385E-1 4.89895E-1 4.94242E-1 5.00639E-1 5.05949E-1 5.30351E-1 5.41243E-1 5.49132E-1 5.63642E-1 5.64172E-1 5.68443E-1 5.75571E-1 5.91007E-1
3.93944E-1 4.85708E-1 4.8316E-1 3.92687E-1 4.16947E-1 3.69796E-1 3.19917E-1 3.04022E-1 3.28998E-1 3.74117E-1 3.90608E-1 3.90065E-1 3.88595E-1 3.98728E-1 3.96969E-1 3.95436E-1 3.9434E-1 3.91938E-1 3.62219E-1 3.49625E-1 3.49058E-1 3.5462E-1 3.60688E-1 3.59661E-1 3.66439E-1 3.9221E-1 4.05592E-1 4.08037E-1 4.43872E-1 4.57068E-1 4.55089E-1 4.16978E-1 4.0173E-1 3.81789E-1 3.91764E-1 4.16677E-1 4.22416E-1 4.16414E-1 4.04314E-1 4.14944E-1 4.40301E-1 4.52141E-1 4.65938E-1 4.72986E-1 4.78875E-1 4.89188E-1 5.0067E-1 5.03256E-1 5.02695E-1 5.04679E-1 5.19928E-1 5.26897E-1 5.39017E-1 5.55583E-1 5.59684E-1 5.64993E-1 5.79758E-1 5.76451E-1 5.81817E-1 5.87456E-1 5.97516E-1
3.949E-1 4.92168E-1 5.23562E-1 4.01561E-1 3.48104E-1 3.37433E-1 3.21399E-1 3.06437E-1 2.9023E-1 3.39235E-1 3.61961E-1 3.9244E-1 3.95779E-1 3.99949E-1 4.0513E-1 4.05153E-1 4.00505E-1 3.87801E-1 3.64894E-1 3.36456E-1 3.24076E-1 3.55655E-1 3.55968E-1 3.66348E-1 3.7699E-1 3.92291E-1 4.11688E-1 4.09391E-1 4.34451E-1 4.72013E-1 4.77636E-1 4.3546E-1 4.2244E-1 4.14828E-1 4.14085E-1 4.188E-1 4.26024E-1 4.28787E-1 4.3437E-1 4.45385E-1 4.53513E-1 4.60646E-1 4.79924E-1 5.0384E-1 5.06216E-1 5.17697E-1 5.26383E-1 5.26923E-1 5.34602E-1 5.45855E-1 5.58253E-1 5.64122E-1 5.73887E-1 5.8015E-1 5.85734E-1 5.82235E-1 5.94975E-1 5.93916E-1 6.02359E-1 6.12492E-1 6.22614E-1
4.24696E-1 4.75446E-1 4.9961E-1 4.34927E-1 3.59914E-1 3.0833E-1 3.15428E-1 2.82596E-1 2.80009E-1 3.30618E-1 3.3936E-1 3.47455E-1 3.94078E-1 4.064E-1 4.09079E-1 4.21454E-1 4.08033E-1 3.87391E-1 3.66095E-1 3.34943E-1 3.39596E-1 3.42206E-1 3.51837E-1 3.68388E-1 3.92696E-1 4.00658E-1 4.07017E-1 4.27557E-1 4.44875E-1 4.97696E-1 5.11223E-1 4.75177E-1 4.52384E-1 4.60375E-1 4.54687E-1 4.50139E-1 4.37837E-1 4.38206E-1 4.66887E-1 4.67129E-1 4.72745E-1 4.87782E-1 5.05467E-1 5.35518E-1 5.41822E-1 5.42543E-1 5.47395E-1 5.49321E-1 5.66871E-1 5.76293E-1 5.8859E-1 5.93303E-1 5.9765E-1 6.04264E-1 6.05195E-1 5.9561E-1 5.96569E-1 6.07071E-1 6.12899E-1 6.21951E-1 6.35105E-1
4.91656E-1 4.61659E-1 5.231E-1 4.63361E-1 4.21211E-1 3.1316E-1 2.97729E-1 2.91402E-1 2.82446E-1 3.23484E-1 3.4704E-1 3.42034E-1 3.70248E-1 4.06416E-1 4.00609E-1 4.24972E-1 3.9978E-1 3.95515E-1 3.74255E-1 3.41878E-1 3.55656E-1 3.52558E-1 3.66175E-1 3.86693E-1 3.96619E-1 4.07531E-1 3.89885E-1 4.34445E-1 4.60551E-1 4.88225E-1 5.43371E-1 5.59158E-1 5.24151E-1 5.01342E-1 4.84201E-1 4.65795E-1 4.52456E-1 4.65824E-1 4.89263E-1 5.07053E-1 5.16947E-1 5.39132E-1 5.49691E-1 5.62298E-1 5.69132E-1 5.67151E-1 5.76795E-1 5.81546E-1 5.93222E-1 6.08131E-1 6.20172E-1 6.1747E-1 6.23023E-1 6.2626E-1 6.26166E-1 6.20149E-1 6.18662E-1 6.33045E-1 6.4354E-1 6.56807E-1 6.66605E-1
5.27596E-1 4.88126E-1 5.12E-1 4.8664E-1 4.59831E-1 4.12861E-1 3.31385E-1 2.80215E-1 2.94751E-1 3.05308E-1 3.24325E-1 3.44113E-1 3.6116E-1 3.99306E-1 3.8904E-1 4.01275E-1 3.72501E-1 3.58708E-1 3.69356E-1 3.75756E-1 3.74702E-1 3.80345E-1 3.96385E-1 4.01132E-1 3.96961E-1 4.02349E-1 4.09458E-1 4.63547E-1 4.9795E-1 5.12437E-1 5.43781E-1 5.90938E-1 6.04765E-1 5.66184E-1 5.03875E-1 4.93581E-1 4.96448E-1 5.10174E-1 5.23137E-1 5.29277E-1 5.54785E-1 5.77333E-1 5.64816E-1 5.69449E-1 5.84941E-1 5.75637E-1 5.90841E-1 5.9978E-1 6.20556E-1 6.14157E-1 6.3374E-1 6.40853E-1 6.4803E-1 6.59321E-1 6.62607E-1 6.45345E-1 6.46343E-1 6.57684E-1 6.66773E-1 6.8216E-1 6.93161E-1
5.30993E-1 4.54652E-1 5.34385E-1 5.08194E-1 4.8658E-1 4.37541E-1 3.469E-1 3.26686E-1 3.15011E-1 2.88567E-1 3.06974E-1 3.27607E-1 3.61497E-1 3.96985E-1 3.9905E-1 3.83647E-1 3.67819E-1 3.53454E-1 3.65226E-1 3.80257E-1 3.84908E-1 4.12422E-1 4.27351E-1 4.37504E-1 4.26945E-1 4.21867E-1 4.26454E-1 4.77423E-1 5.10872E-1 5.15709E-1 5.36666E-1 6.04273E-1 6.20781E-1 6.06521E-1 5.45075E-1 5.2635E-1 5.48227E-1 5.54169E-1 5.57088E-1 5.60075E-1 5.68529E-1 5.97345E-1 5.76323E-1 5.96208E-1 5.95308E-1 6.25778E-1 6.18579E-1 6.31645E-1 6.46859E-1 6.39894E-1 6.42477E-1 6.4026E-1 6.47119E-1 6.58295E-1 6.68212E-1 6.78889E-1 6.74837E-1 6.86152E-1 7.04504E-1 6.94863E-1 7.1137E-1
5.45258E-1 4.95099E-1 5.46146E-1 4.58433E-1 4.47948E-1 3.93898E-1 3.6019E-1 3.10745E-1 3.02667E-1 2.83244E-1 2.9963E-1 3.17506E-1 3.67761E-1 3.88369E-1 3.88521E-1 3.71855E-1 3.66396E-1 3.5163E-1 3.50644E-1 3.79128E-1 3.90953E-1 4.3199E-1 4.39201E-1 4.39618E-1 4.43119E-1 4.47096E-1 4.73361E-1 5.00617E-1 5.12667E-1 5.01651E-1 5.0325E-1 5.59233E-1 5.85697E-1 5.55125E-1 5.94701E-1 5.88671E-1 5.90881E-1 5.90785E-1 5.60462E-1 6.1577E-1 6.11203E-1 5.61931E-1 5.70353E-1 5.87843E-1 6.08788E-1 6.27825E-1 6.55292E-1 6.67612E-1 6.61419E-1 6.50087E-1 6.41043E-1 6.36195E-1 6.44344E-1 6.58299E-1 6.75516E-1 6.88369E-1 6.93509E-1 7.01672E-1 7.09859E-1 7.23044E-1 7.17142E-1
5.07146E-1 5.52009E-1 5.57427E-1 4.45186E-1 3.91196E-1 4.18249E-1 3.77023E-1 3.30963E-1 3.15205E-1 2.94021E-1 3.139E-1 3.31245E-1 3.50379E-1 3.76961E-1 3.65426E-1 3.6618E-1 3.66158E-1 3.48059E-1 3.53015E-1 3.9176E-1 4.06216E-1 4.34687E-1 4.50601E-1 4.57842E-1 4.47863E-1 4.60557E-1 5.02934E-1 5.0791E-1 4.92795E-1 4.85906E-1 5.08897E-1 5.43645E-1 5.19879E-1 5.05809E-1 5.68244E-1 5.9715E-1 5.93587E-1 6.28933E-1 6.40741E-1 6.32835E-1 6.16186E-1 5.68592E-1 5.30724E-1 5.85271E-1 5.83341E-1 5.45542E-1 6.20535E-1 6.48344E-1 6.57381E-1 6.52631E-1 6.23829E-1 6.17828E-1 6.31722E-1 6.62922E-1 6.79377E-1 6.90069E-1 7.05643E-1 7.2686E-1 7.17295E-1 7.17333E-1 7.15855E-1
5.2681E-1 4.85629E-1 4.86728E-1 4.42192E-1 3.81153E-1 4.0223E-1 3.84633E-1 3.32032E-1 2.86988E-1 3.22217E-1 3.11469E-1 3.21619E-1 3.50756E-1 3.71609E-1 3.67934E-1 3.58061E-1 3.55068E-1 3.41722E-1 3.39206E-1 3.79814E-1 4.25882E-1 4.53058E-1 4.91894E-1 4.8513E-1 4.83257E-1 4.93144E-1 5.08598E-1 4.81474E-1 4.80977E-1 4.90618E-1 5.10331E-1 5.28006E-1 5.00285E-1 4.99782E-1 5.51287E-1 5.75738E-1 6.13179E-1 6.43661E-1 6.43273E-1 6.0939E-1 6.05535E-1 6.13062E-1 5.4224E-1 5.72621E-1 5.66503E-1 5.47906E-1 5.96665E-1 6.16328E-1 6.40361E-1 6.37416E-1 6.09978E-1 6.04318E-1 6.27225E-1 6.55163E-1 6.76462E-1 6.99021E-1 7.10636E-1 7.14819E-1 7.22814E-1 7.23063E-1 7.1789E-1
6.11125E-1 4.54577E-1 4.30124E-1 4.24234E-1 3.63524E-1 3.83469E-1 3.5576E-1 3.27618E-1 2.81075E-1 3.28105E-1 3.42769E-1 3.23747E-1 3.4376E-1 3.45552E-1 3.57086E-1 3.4171E-1 3.41697E-1 3.52854E-1 3.44418E-1 3.6339E-1 4.24133E-1 4.80469E-1 4.98333E-1 5.02564E-1 5.16875E-1 5.02838E-1 4.67914E-1 4.67111E-1 4.97502E-1 4.99916E-1 4.91523E-1 5.03157E-1 5.01782E-1 4.90155E-1 5.09546E-1 5.39794E-1 5.80509E-1 6.30354E-1 6.41758E-1 6.29185E-1 6.1708E-1 5.90282E-1 5.82613E-1 5.72989E-1 6.08865E-1 5.79757E-1 6.13317E-1 6.21661E-1 6.25445E-1 6.12521E-1 5.83906E-1 5.84265E-1 6.07153E-1 6.34673E-1 6.82659E-1 7.12049E-1 7.17204E-1 7.16614E-1 7.36349E-1 7.39576E-1 7.37737E-1
6.61044E-1 5.17934E-1 4.2299E-1 4.27154E-1 3.66884E-1 3.7048E-1 3.32204E-1 3.28718E-1 2.88973E-1 2.98347E-1 3.37696E-1 3.3759E-1 3.36649E-1 3.45372E-1 3.42568E-1 3.53982E-1 3.42937E-1 3.62806E-1 3.71393E-1 3.67138E-1 4.11731E-1 4.69757E-1 4.62495E-1 5.02142E-1 5.00535E-1 5.03816E-1 4.78289E-1 4.65993E-1 4.69648E-1 4.75952E-1 4.70273E-1 4.74395E-1 4.94206E-1 5.05958E-1 5.04169E-1 5.14346E-1 5.43992E-1 5.92453E-1 6.05459E-1 6.27396E-1 6.51092E-1 6.16008E-1 5.54807E-1 5.4899E-1 5.73616E-1 6.22732E-1 6.30778E-1 6.13694E-1 5.98702E-1 5.80722E-1 5.47961E-1 5.58124E-1 5.73792E-1 5.99041E-1 6.56055E-1 6.74046E-1 6.97381E-1 7.23523E-1 7.40591E-1 7.60218E-1 7.5089E-1
6.61334E-1 5.41997E-1 5.13082E-1 4.09967E-1 3.53535E-1 3.79061E-1 3.64323E-1 3.37157E-1 3.15357E-1 3.06246E-1 3.26726E-1 3.44696E-1 3.35407E-1 3.51262E-1 3.42047E-1 3.48595E-1 3.53168E-1 3.69768E-1 3.80527E-1 4.11305E-1 4.2173E-1 4.16326E-1 4.69249E-1 5.13669E-1 4.96599E-1 5.02915E-1 5.12997E-1 5.02247E-1 4.7014E-1 4.38682E-1 4.43699E-1 4.59076E-1 4.79458E-1 5.06488E-1 5.23204E-1 5.23678E-1 5.53108E-1 5.76324E-1 5.67092E-1 5.70706E-1 6.2764E-1 6.21916E-1 5.54766E-1 5.49705E-1 5.71913E-1 5.82265E-1 6.12369E-1 5.94211E-1 5.9122E-1 5.61489E-1 5.31096E-1 5.4458E-1 5.48958E-1 5.67554E-1 6.04554E-1 6.36685E-1 6.70253E-1 7.13089E-1 7.42601E-1 7.66619E-1 7.59976E-1
6.29735E-1 5.86754E-1 5.56738E-1 4.0654E-1 3.97347E-1 3.77327E-1 4.545E-1 4.11692E-1 3.08867E-1 3.04497E-1 3.17324E-1 3.20668E-1 3.22014E-1 3.46675E-1 3.47233E-1 3.42633E-1 3.49998E-1 3.84611E-1 4.01242E-1 4.12852E-1 4.33837E-1 4.39253E-1 4.81823E-1 5.08935E-1 5.21735E-1 5.03487E-1 5.32981E-1 5.03591E-1 4.99433E-1 4.67688E-1 4.56527E-1 4.53663E-1 4.93852E-1 5.15991E-1 5.38928E-1 5.39938E-1 5.57402E-1 5.51116E-1 5.55456E-1 5.27576E-1 5.82705E-1 5.84811E-1 5.75769E-1 5.55627E-1 5.70974E-1 5.74729E-1 5.93991E-1 6.01087E-1 5.90457E-1 5.73655E-1 5.52469E-1 5.52638E-1 5.55143E-1 5.61243E-1 5.77218E-1 6.15333E-1 6.51956E-1 6.96797E-1 7.32039E-1 7.53408E-1 7.5943E-1
6.31843E-1 5.80764E-1 5.47155E-1 4.54303E-1 4.43683E-1 5.13178E-1 5.34675E-1 5.46602E-1 3.84838E-1 3.27078E-1 3.16865E-1 3.14864E-1 3.15581E-1 3.35533E-1 3.43824E-1 3.53761E-1 3.4652E-1 3.88091E-1 3.98776E-1 4.18757E-1 4.38905E-1 4.55638E-1 4.88439E-1 5.13718E-1 5.23671E-1 5.15835E-1 5.26072E-1 5.18428E-1 5.2398E-1 4.95571E-1 4.76443E-1 4.87157E-1 5.07822E-1 5.42616E-1 5.53533E-1 5.61536E-1 5.56284E-1 5.45974E-1 5.56819E-1 5.4953E-1 5.42907E-1 5.52635E-1 5.60142E-1 5.74169E-1 5.70397E-1 5.90968E-1 5.94565E-1 6.10659E-1 6.10301E-1 6.09389E-1 6.03379E-1 5.8951E-1 5.86185E-1 5.8256E-1 5.73839E-1 6.12078E-1 6.56549E-1 6.89415E-1 7.26398E-1 7.43888E-1 7.52006E-1
6.21896E-1 5.658E-1 5.54566E-1 5.17653E-1 5.15918E-1 5.86324E-1 5.64081E-1 5.86693E-1 4.83396E-1 4.32822E-1 3.67994E-1 3.18712E-1 3.24595E-1 3.29669E-1 3.50719E-1 3.61963E-1 3.69238E-1 4.18009E-1 4.27751E-1 4.32354E-1 4.42834E-1 4.56819E-1 4.85753E-1 5.00686E-1 5.12981E-1 5.27174E-1 5.37072E-1 5.42946E-1 5.32256E-1 5.06893E-1 5.04732E-1 5.22519E-1 5.25737E-1 5.43237E-1 5.5526E-1 5.82638E-1 5.72979E-1 5.65286E-1 5.89293E-1 5.87773E-1 5.87976E-1 5.47006E-1 5.58782E-1 5.77599E-1 5.65924E-1 5.77099E-1 5.82598E-1 5.96005E-1 6.07938E-1 6.30255E-1 6.47404E-1 6.44424E-1 6.31483E-1 6.13669E-1 6.04393E-1 6.31811E-1 6.78541E-1 6.96847E-1 7.15054E-1 7.36022E-1 7.5428E-1
6.14963E-1 5.66686E-1 5.56946E-1 5.68028E-1 5.97239E-1 6.13899E-1 4.96688E-1 5.43461E-1 5.1361E-1 5.02246E-1 4.18724E-1 3.4942E-1 3.42993E-1 3.5682E-1 3.74133E-1 3.9248E-1 3.77618E-1 4.10771E-1 4.26705E-1 4.28169E-1 4.56231E-1 4.61901E-1 4.74499E-1 5.06124E-1 5.25057E-1 5.28696E-1 5.43575E-1 5.45513E-1 5.41626E-1 5.35355E-1 5.2766E-1 5.29245E-1 5.28001E-1 5.52155E-1 5.68839E-1 5.87257E-1 6.01038E-1 5.97334E-1 6.01568E-1 5.97242E-1 6.09436E-1 5.50031E-1 5.58089E-1 5.72544E-1 5.72647E-1 5.84731E-1 6.09943E-1 6.32572E-1 6.34534E-1 6.4217E-1 6.61345E-1 6.64861E-1 6.61794E-1 6.60185E-1 6.6518E-1 6.75171E-1 7.01148E-1 7.14993E-1 7.14427E-1 7.28637E-1 7.39823E-1
6.30495E-1 5.95437E-1 5.90328E-1 5.97707E-1 6.4356E-1 6.18374E-1 6.01394E-1 6.44132E-1 5.54551E-1 4.76953E-1 4.66558E-1 4.70339E-1 3.94735E-1 3.9609E-1 4.15915E-1 4.20038E-1 4.40347E-1 4.62128E-1 4.64611E-1 4.49758E-1 4.62424E-1 4.68526E-1 5.01995E-1 5.35591E-1 5.4883E-1 5.65358E-1 5.50175E-1 5.60862E-1 5.56758E-1 5.54294E-1 5.26292E-1 5.23771E-1 5.57363E-1 5.80093E-1 5.62358E-1 6.02067E-1 6.27977E-1 6.21832E-1 6.23412E-1 5.99723E-1 6.08466E-1 5.58017E-1 5.48052E-1 5.70061E-1 5.89692E-1 5.89932E-1 6.10127E-1 6.24299E-1 6.45678E-1 6.57154E-1 6.68292E-1 6.75303E-1 6.85638E-1 6.8621E-1 6.97349E-1 7.07407E-1 7.23067E-1 7.4624E-1 7.52151E-1 7.46606E-1 7.50998E-1
6.32541E-1 6.16467E-1 6.25935E-1 6.54986E-1 6.82319E-1 6.63803E-1 6.31305E-1 6.6137E-1 6.35164E-1 5.89071E-1 5.01737E-1 5.58852E-1 4.8273E-1 4.46214E-1 4.25541E-1 4.20953E-1 4.43272E-1 4.86E-1 4.64213E-1 4.95404E-1 4.94027E-1 4.94731E-1 4.99329E-1 5.08251E-1 5.26373E-1 5.58424E-1 5.64752E-1 5.69505E-1 5.76801E-1 5.43615E-1 5.28651E-1 5.21755E-1 5.63679E-1 5.56002E-1 6.04878E-1 6.00882E-1 6.31367E-1 6.47797E-1 6.44624E-1 6.35816E-1 6.21701E-1 5.80767E-1 5.32034E-1 5.86553E-1 6.16482E-1 5.96778E-1 5.88482E-1 6.23447E-1 6.5871E-1 6.67912E-1 6.69874E-1 6.75312E-1 6.80885E-1 6.95631E-1 6.766E-1 7.0391E-1 7.30211E-1 7.65456E-1 7.70629E-1 7.68271E-1 7.84741E-1
6.39827E-1 6.40135E-1 6.66158E-1 6.9973E-1 7.06352E-1 6.65536E-1 5.90384E-1 6.55563E-1 6.20334E-1 5.39887E-1 6.47144E-1 5.84933E-1 4.90146E-1 4.57973E-1 4.57388E-1 4.59408E-1 4.51193E-1 4.69813E-1 4.27219E-1 5.00279E-1 5.02651E-1 4.78551E-1 4.79307E-1 4.65336E-1 4.81161E-1 5.19726E-1 5.59675E-1 5.51268E-1 5.62096E-1 5.53371E-1 5.1526E-1 5.3459E-1 5.51928E-1 5.13241E-1 6.08613E-1 5.91658E-1 6.285E-1 6.52784E-1 6.38865E-1 6.52702E-1 6.53168E-1 6.12737E-1 5.51724E-1 6.02442E-1 6.20554E-1 5.91864E-1 5.94428E-1 6.3627E-1 6.68512E-1 6.76644E-1 6.82887E-1 6.89843E-1 6.77067E-1 6.84885E-1 6.94914E-1 6.79132E-1 7.21226E-1 7.74184E-1 7.83976E-1 7.79144E-1 7.86969E-1
6.08256E-1 6.38295E-1 6.89968E-1 6.938E-1 7.06027E-1 6.90117E-1 6.59102E-1 6.71793E-1 6.63362E-1 6.22802E-1 6.82258E-1 7.04704E-1 5.69848E-1 4.97776E-1 4.63007E-1 4.66649E-1 4.59358E-1 4.50547E-1 4.41169E-1 5.07067E-1 4.94737E-1 4.60562E-1 4.75634E-1 4.59673E-1 4.75878E-1 4.98765E-1 5.35385E-1 5.40955E-1 5.57198E-1 5.42267E-1 5.33463E-1 5.54053E-1 5.4586E-1 5.85016E-1 6.3308E-1 6.58719E-1 6.62173E-1 6.54862E-1 6.42269E-1 6.61811E-1 6.47889E-1 6.23163E-1 5.79449E-1 5.61015E-1 6.04654E-1 6.22301E-1 6.36214E-1 6.59475E-1 6.66752E-1 6.79233E-1 7.02014E-1 6.89306E-1 6.6908E-1 6.80304E-1 6.90233E-1 6.74556E-1 7.13989E-1 7.62906E-1 7.71183E-1 7.80691E-1 7.88976E-1
