maxent_outputs/red_flowers_troch_bombus_environ/red_32.asc
ncols         426
nrows         180
xllcorner     -130.0
yllcorner     24.0
cellsize      0.16666666666666666
NODATA_value  -9999
[rows 81 to 107 of 180, columns 183 to 243 of 426]
2.78849E-2 2.90112E-2 2.91542E-2 2.90641E-2 2.94491E-2 3.01699E-2 3.08176E-2 3.27761E-2 3.44946E-2 3.38062E-2 3.26323E-2 3.17117E-2 3.19188E-2 3.46345E-2 3.53174E-2 3.32129E-2 3.28756E-2 3.2753E-2 3.36508E-2 3.15161E-2 3.05776E-2 3.11474E-2 3.36087E-2 3.56698E-2 3.4594E-2 3.25374E-2 3.24341E-2 3.2714E-2 3.4807E-2 3.609E-2 3.70326E-2 3.61597E-2 3.57475E-2 3.55066E-2 3.44907E-2 3.109E-2 2.68891E-2 2.42763E-2 2.49057E-2 2.79058E-2 3.03658E-2 3.09429E-2 3.14442E-2 3.12828E-2 3.11405E-2 3.16852E-2 3.13111E-2 3.25853E-2 3.5315E-2 2.99346E-2 2.84649E-2 2.89782E-2 2.96484E-2 2.79866E-2 2.8414E-2 2.82043E-2 2.82586E-2 2.90924E-2 2.54765E-2 2.45889E-2 2.4486E-2
2.93057E-2 2.90586E-2 2.99618E-2 3.03026E-2 2.99138E-2 2.96885E-2 3.0423E-2 3.22373E-2 3.40548E-2 3.52414E-2 3.34734E-2 3.19255E-2 3.37593E-2 3.55683E-2 3.49483E-2 3.42091E-2 3.34115E-2 3.49638E-2 3.48812E-2 3.43229E-2 3.35267E-2 3.35769E-2 3.35305E-2 3.65008E-2 3.72386E-2 3.50509E-2 3.49368E-2 3.49403E-2 3.7185E-2 3.64434E-2 3.61328E-2 3.52949E-2 3.59733E-2 3.51751E-2 3.42886E-2 3.03945E-2 2.50273E-2 2.18233E-2 2.11648E-2 2.32653E-2 2.79414E-2 3.1276E-2 3.16375E-2 3.20313E-2 3.22753E-2 3.26488E-2 3.24947E-2 3.29402E-2 3.2635E-2 3.05622E-2 2.89638E-2 2.99388E-2 3.06475E-2 2.95505E-2 3.02211E-2 2.98532E-2 2.82651E-2 2.70904E-2 2.65181E-2 2.57146E-2 2.51391E-2
3.20569E-2 3.30521E-2 3.22737E-2 3.28733E-2 3.11738E-2 3.14082E-2 3.18045E-2 3.33187E-2 3.38466E-2 3.48041E-2 3.51362E-2 3.44478E-2 3.52382E-2 3.69911E-2 3.69699E-2 3.70162E-2 3.7077E-2 3.7951E-2 3.78794E-2 3.81552E-2 3.71613E-2 3.69326E-2 3.65548E-2 3.73282E-2 3.86921E-2 3.95861E-2 3.79825E-2 3.78378E-2 3.7146E-2 3.65526E-2 3.57996E-2 3.68712E-2 3.77101E-2 3.66107E-2 3.48575E-2 3.07788E-2 2.60018E-2 2.25236E-2 2.16702E-2 2.34991E-2 2.76721E-2 3.19588E-2 3.16476E-2 3.24465E-2 3.28058E-2 3.18551E-2 3.14141E-2 3.1432E-2 3.22142E-2 3.13578E-2 3.12399E-2 3.097E-2 3.14787E-2 3.08457E-2 3.20996E-2 3.26681E-2 2.92735E-2 2.83121E-2 2.77852E-2 2.67897E-2 2.64004E-2
3.13947E-2 3.07789E-2 3.0443E-2 3.17483E-2 3.16151E-2 3.01303E-2 3.23158E-2 3.48089E-2 3.84939E-2 3.9903E-2 3.98917E-2 3.82772E-2 3.86893E-2 4.00658E-2 4.09945E-2 4.05611E-2 3.91607E-2 3.88258E-2 3.73639E-2 3.96521E-2 3.90792E-2 3.68384E-2 3.76633E-2 3.82333E-2 3.89743E-2 4.18982E-2 4.23596E-2 4.18155E-2 3.89733E-2 3.60114E-2 3.68907E-2 3.75246E-2 3.83681E-2 3.80934E-2 3.73937E-2 3.47378E-2 3.05636E-2 2.78754E-2 2.70759E-2 2.7761E-2 3.02636E-2 3.24041E-2 3.31733E-2 3.36938E-2 3.25985E-2 3.20591E-2 3.14715E-2 3.13038E-2 3.28906E-2 3.31972E-2 3.29847E-2 3.30296E-2 3.2641E-2 3.2667E-2 3.06314E-2 3.01613E-2 2.92859E-2 2.86145E-2 2.92026E-2 2.7514E-2 2.58627E-2
3.07394E-2 3.10811E-2 3.03026E-2 3.06203E-2 3.18965E-2 3.16745E-2 3.26495E-2 3.56221E-2 3.7927E-2 4.09912E-2 4.21719E-2 4.18285E-2 4.20667E-2 4.2168E-2 4.24585E-2 4.28454E-2 4.2947E-2 4.14338E-2 3.93074E-2 3.92647E-2 3.93312E-2 3.87056E-2 3.86123E-2 3.81711E-2 3.97152E-2 4.1286E-2 4.27285E-2 4.38099E-2 4.12414E-2 3.78241E-2 3.80134E-2 3.65886E-2 3.75345E-2 3.70722E-2 3.79523E-2 3.81374E-2 3.64063E-2 3.60274E-2 3.47412E-2 3.28142E-2 3.28708E-2 3.45074E-2 3.55355E-2 3.36161E-2 3.34376E-2 3.21192E-2 3.15219E-2 3.07961E-2 3.20673E-2 3.32394E-2 3.38767E-2 3.30341E-2 3.2858E-2 3.26268E-2 3.1693E-2 3.21644E-2 3.04068E-2 2.91282E-2 2.83544E-2 2.90469E-2 2.72597E-2
3.22927E-2 3.20911E-2 3.18528E-2 3.20968E-2 3.33261E-2 3.37267E-2 3.43796E-2 3.51443E-2 3.76144E-2 3.90061E-2 4.16378E-2 4.30953E-2 4.34665E-2 4.4725E-2 4.26948E-2 4.28704E-2 4.34785E-2 4.27918E-2 4.16182E-2 4.1005E-2 4.11496E-2 3.94236E-2 4.01725E-2 3.99593E-2 4.09128E-2 4.31699E-2 4.69978E-2 4.5114E-2 4.27162E-2 3.90818E-2 3.7892E-2 3.72235E-2 3.66883E-2 3.72953E-2 3.85235E-2 4.07171E-2 3.87051E-2 3.9797E-2 3.58968E-2 3.52174E-2 3.31495E-2 3.51102E-2 3.33235E-2 3.32334E-2 3.27163E-2 3.22857E-2 3.25758E-2 3.17551E-2 3.20376E-2 3.4127E-2 3.45308E-2 3.36445E-2 3.2938E-2 3.29982E-2 3.23441E-2 3.24647E-2 3.11192E-2 2.93556E-2 2.83426E-2 2.78602E-2 2.81366E-2
3.5332E-2 3.25538E-2 3.28648E-2 3.26825E-2 3.47663E-2 3.50441E-2 3.76971E-2 3.64028E-2 3.68447E-2 3.91034E-2 4.04197E-2 4.22391E-2 4.51406E-2 4.62433E-2 4.58635E-2 4.50321E-2 4.60591E-2 4.53056E-2 4.24317E-2 4.3739E-2 4.20318E-2 4.11327E-2 4.20208E-2 4.20342E-2 4.25967E-2 4.4548E-2 4.90806E-2 4.88479E-2 4.50317E-2 4.2175E-2 3.91781E-2 3.84802E-2 3.71488E-2 3.72468E-2 3.79507E-2 3.7917E-2 3.88771E-2 3.83161E-2 3.59081E-2 3.51699E-2 3.36759E-2 3.34845E-2 3.30009E-2 3.26438E-2 3.29273E-2 3.33041E-2 3.36376E-2 3.1759E-2 3.22873E-2 3.27219E-2 3.45051E-2 3.53695E-2 3.53438E-2 3.44016E-2 3.30401E-2 3.25075E-2 3.14425E-2 3.02768E-2 2.89273E-2 2.7587E-2 2.72893E-2
3.82504E-2 3.58577E-2 3.41854E-2 3.49842E-2 3.57709E-2 3.5415E-2 3.54954E-2 3.73734E-2 3.9786E-2 4.04129E-2 3.93133E-2 4.14974E-2 4.49755E-2 4.52232E-2 4.88224E-2 4.92605E-2 4.47453E-2 4.49592E-2 4.46787E-2 4.5728E-2 4.4619E-2 4.21427E-2 4.43121E-2 4.32586E-2 4.68731E-2 4.64156E-2 5.02682E-2 4.97868E-2 4.59233E-2 4.32169E-2 4.061E-2 3.90618E-2 3.77036E-2 3.57096E-2 3.55985E-2 3.85468E-2 3.811E-2 3.81612E-2 3.67935E-2 3.71115E-2 3.63729E-2 3.58512E-2 3.51988E-2 3.36973E-2 3.29839E-2 3.24366E-2 3.17929E-2 3.20465E-2 3.28274E-2 3.32076E-2 3.40575E-2 3.52572E-2 3.65394E-2 3.60468E-2 3.35245E-2 3.25167E-2 3.19557E-2 3.10624E-2 2.94758E-2 2.90034E-2 2.8261E-2
3.81719E-2 3.83819E-2 3.65908E-2 3.78011E-2 3.71719E-2 3.70057E-2 3.79063E-2 3.80811E-2 3.9875E-2 4.01755E-2 3.94515E-2 4.09429E-2 4.50731E-2 4.43695E-2 4.49664E-2 4.73144E-2 4.41787E-2 4.3085E-2 4.38868E-2 4.50099E-2 4.52481E-2 4.44386E-2 4.66326E-2 4.72292E-2 4.7702E-2 4.70051E-2 4.74283E-2 4.83933E-2 4.80567E-2 4.58861E-2 4.35158E-2 4.04432E-2 3.75063E-2 3.6559E-2 3.50668E-2 3.55386E-2 3.63741E-2 3.73239E-2 3.85808E-2 3.9434E-2 3.91912E-2 3.8452E-2 3.82184E-2 3.56891E-2 3.42205E-2 3.3313E-2 3.31855E-2 3.36947E-2 3.3477E-2 3.46824E-2 3.52612E-2 3.53561E-2 3.74029E-2 3.79184E-2 3.48245E-2 3.31397E-2 3.22095E-2 3.08618E-2 3.05569E-2 2.93852E-2 2.94519E-2
3.64832E-2 3.70712E-2 3.82692E-2 3.92367E-2 3.96284E-2 4.24251E-2 4.11699E-2 3.97321E-2 4.03756E-2 4.23483E-2 4.23602E-2 4.41536E-2 4.33896E-2 4.29834E-2 3.88598E-2 4.20904E-2 4.28817E-2 4.27414E-2 4.30022E-2 4.45008E-2 4.42195E-2 4.50112E-2 4.74188E-2 4.72117E-2 4.58838E-2 4.68364E-2 4.63643E-2 4.60522E-2 4.57755E-2 4.44818E-2 4.27173E-2 4.16541E-2 3.84633E-2 3.61958E-2 3.56903E-2 3.71891E-2 3.85824E-2 4.00255E-2 4.13983E-2 4.19893E-2 4.29879E-2 4.25036E-2 4.0365E-2 3.7105E-2 3.57011E-2 3.53997E-2 3.66299E-2 3.641E-2 3.6005E-2 3.61456E-2 3.61433E-2 3.57002E-2 3.60689E-2 3.77829E-2 3.65849E-2 3.54318E-2 3.3507E-2 3.20107E-2 3.11627E-2 3.06261E-2 3.04099E-2
3.7416E-2 3.85049E-2 4.04689E-2 4.13179E-2 4.25405E-2 4.37848E-2 4.22241E-2 4.03364E-2 4.29699E-2 4.71021E-2 4.55983E-2 4.31615E-2 4.22688E-2 4.10107E-2 3.83564E-2 3.96648E-2 4.30136E-2 4.41485E-2 4.31674E-2 4.44827E-2 4.32771E-2 4.46751E-2 4.62681E-2 4.73215E-2 4.48603E-2 4.50887E-2 4.41875E-2 4.58327E-2 4.33939E-2 4.18201E-2 4.07774E-2 4.0361E-2 3.88494E-2 3.6006E-2 3.65278E-2 3.80689E-2 3.93944E-2 4.1513E-2 4.3082E-2 4.55923E-2 4.55112E-2 4.61209E-2 4.49015E-2 4.02018E-2 3.81894E-2 3.8475E-2 3.9372E-2 3.93951E-2 3.87601E-2 3.92917E-2 3.83014E-2 3.70129E-2 3.65572E-2 3.64753E-2 3.6569E-2 3.65379E-2 3.49285E-2 3.34744E-2 3.21118E-2 3.19031E-2 3.18285E-2
3.85116E-2 4.09186E-2 4.04725E-2 4.28239E-2 4.54757E-2 4.86969E-2 4.57321E-2 4.50245E-2 4.92968E-2 5.39826E-2 4.8824E-2 4.56114E-2 4.35106E-2 4.15489E-2 4.20128E-2 4.18086E-2 4.50465E-2 4.62476E-2 4.55346E-2 4.53393E-2 4.38348E-2 4.36329E-2 4.69727E-2 4.76808E-2 4.64724E-2 4.58449E-2 4.54077E-2 4.42528E-2 4.33265E-2 4.15874E-2 4.1171E-2 4.04904E-2 3.92641E-2 3.77771E-2 3.75617E-2 3.86774E-2 3.87713E-2 4.19583E-2 4.45279E-2 4.67957E-2 4.66169E-2 4.94961E-2 4.61554E-2 4.23198E-2 4.00296E-2 4.0638E-2 4.1497E-2 4.07886E-2 3.94618E-2 3.78484E-2 3.77419E-2 3.8212E-2 3.78066E-2 3.68863E-2 3.75475E-2 3.71359E-2 3.5845E-2 3.36535E-2 3.25562E-2 3.26193E-2 3.3244E-2
4.02373E-2 4.13403E-2 4.22133E-2 4.34926E-2 5.02244E-2 5.25414E-2 4.93465E-2 4.89199E-2 5.00204E-2 5.15811E-2 5.10399E-2 4.72718E-2 4.34783E-2 4.07769E-2 4.90311E-2 4.78723E-2 4.65676E-2 4.79989E-2 4.85211E-2 4.71316E-2 4.46472E-2 4.27518E-2 4.50286E-2 4.52028E-2 4.63698E-2 4.70856E-2 4.70942E-2 4.54861E-2 4.49918E-2 4.26329E-2 4.10167E-2 4.05943E-2 4.07603E-2 4.0733E-2 3.9564E-2 3.993E-2 4.00319E-2 4.15755E-2 4.46949E-2 4.69596E-2 4.63057E-2 4.68704E-2 4.60648E-2 4.34735E-2 4.19835E-2 4.22226E-2 4.19232E-2 4.1897E-2 3.95643E-2 3.85234E-2 3.83125E-2 3.65878E-2 3.64206E-2 3.74164E-2 3.79214E-2 3.69724E-2 3.55166E-2 3.42032E-2 3.36401E-2 3.38179E-2 3.34026E-2
4.22644E-2 4.15285E-2 4.2326E-2 4.67898E-2 5.15863E-2 5.56011E-2 5.44859E-2 5.35194E-2 5.22386E-2 5.45576E-2 5.18461E-2 4.95143E-2 4.62159E-2 4.34334E-2 4.8519E-2 5.21496E-2 4.97162E-2 5.04912E-2 5.06036E-2 4.89999E-2 4.48197E-2 4.37741E-2 4.76534E-2 4.61076E-2 4.7072E-2 4.98993E-2 4.8125E-2 4.70979E-2 4.63839E-2 4.37929E-2 4.24594E-2 4.24252E-2 4.10822E-2 4.08371E-2 4.30436E-2 4.48202E-2 4.55503E-2 4.37812E-2 4.66595E-2 4.98088E-2 5.25734E-2 5.00559E-2 4.70934E-2 4.4465E-2 4.28721E-2 4.22806E-2 4.23981E-2 4.08601E-2 3.89067E-2 3.83902E-2 3.8925E-2 3.75719E-2 3.6516E-2 3.67729E-2 3.81486E-2 3.81519E-2 3.65417E-2 3.61564E-2 3.42815E-2 3.35144E-2 3.32681E-2
4.33719E-2 4.52376E-2 4.7168E-2 4.93986E-2 5.44848E-2 5.59638E-2 5.75051E-2 5.54519E-2 5.50081E-2 5.94332E-2 5.74741E-2 5.65937E-2 5.4463E-2 5.09284E-2 5.11943E-2 5.17551E-2 5.24798E-2 5.12562E-2 5.21371E-2 4.814E-2 4.60685E-2 4.64022E-2 4.71357E-2 4.90248E-2 4.89403E-2 4.69102E-2 4.70434E-2 4.71194E-2 4.61987E-2 4.44952E-2 4.44075E-2 4.58086E-2 4.50114E-2 4.46155E-2 4.58566E-2 4.52856E-2 4.50335E-2 4.46352E-2 4.65428E-2 5.04898E-2 5.23147E-2 4.94955E-2 4.58341E-2 4.31374E-2 4.29473E-2 4.18992E-2 4.06985E-2 3.96541E-2 3.93629E-2 3.88132E-2 3.84306E-2 3.8044E-2 3.69261E-2 3.65744E-2 3.82276E-2 3.95667E-2 3.76367E-2 3.58412E-2 3.37996E-2 3.35386E-2 3.33662E-2
4.61607E-2 4.90002E-2 5.00028E-2 5.34122E-2 5.64611E-2 5.83634E-2 5.69648E-2 5.89602E-2 5.7626E-2 6.0865E-2 5.7833E-2 5.97934E-2 5.84544E-2 5.39484E-2 5.33489E-2 5.43177E-2 5.75472E-2 5.56111E-2 5.41759E-2 5.29424E-2 4.98384E-2 4.88788E-2 4.98824E-2 5.08616E-2 5.21439E-2 4.9294E-2 4.91373E-2 4.81493E-2 4.70337E-2 4.51614E-2 4.70206E-2 4.65573E-2 4.57846E-2 4.71396E-2 4.81301E-2 4.67118E-2 4.49537E-2 4.61441E-2 4.60706E-2 4.91227E-2 4.93497E-2 4.62327E-2 4.41549E-2 4.26665E-2 4.24551E-2 4.11367E-2 3.97123E-2 3.96044E-2 3.91454E-2 3.80886E-2 3.87603E-2 3.83964E-2 3.72314E-2 3.68536E-2 3.62558E-2 3.80592E-2 3.68805E-2 3.72248E-2 3.57289E-2 3.42872E-2 3.2725E-2
4.72059E-2 4.88809E-2 5.20217E-2 5.37041E-2 5.7456E-2 5.72667E-2 6.05076E-2 6.05739E-2 6.24017E-2 6.42458E-2 6.20911E-2 5.77289E-2 5.83073E-2 5.66417E-2 5.579E-2 5.56259E-2 5.55438E-2 5.74616E-2 5.67251E-2 5.55956E-2 5.29089E-2 5.18184E-2 4.97298E-2 5.43704E-2 5.56649E-2 4.98137E-2 4.92069E-2 4.85487E-2 4.74441E-2 4.72961E-2 4.68378E-2 4.62309E-2 4.56947E-2 4.77515E-2 4.92937E-2 4.76786E-2 4.62549E-2 4.67142E-2 4.68373E-2 4.83748E-2 4.72337E-2 4.54268E-2 4.34679E-2 4.25866E-2 4.19437E-2 4.08675E-2 3.98628E-2 3.97063E-2 4.029E-2 3.97845E-2 3.86959E-2 3.81516E-2 3.6401E-2 3.6778E-2 3.55163E-2 3.5705E-2 3.60445E-2 3.44076E-2 3.39252E-2 3.52765E-2 3.58276E-2
4.76113E-2 4.7473E-2 5.16168E-2 5.42894E-2 5.54994E-2 5.57736E-2 5.81058E-2 6.22706E-2 6.20966E-2 6.42957E-2 6.19723E-2 5.89495E-2 5.51134E-2 5.81864E-2 5.78042E-2 5.90257E-2 5.64022E-2 5.65901E-2 5.69011E-2 5.59606E-2 5.43149E-2 5.29706E-2 5.1304E-2 5.40336E-2 5.62681E-2 5.1563E-2 5.23111E-2 5.13172E-2 5.02844E-2 4.88106E-2 4.59245E-2 4.52425E-2 4.52534E-2 4.53183E-2 5.13323E-2 4.69151E-2 4.5124E-2 4.53109E-2 4.6602E-2 4.68723E-2 4.47672E-2 4.36909E-2 4.27913E-2 4.16588E-2 4.05602E-2 3.90412E-2 3.88699E-2 3.97147E-2 4.00523E-2 4.06245E-2 3.92387E-2 3.76651E-2 3.76986E-2 3.61916E-2 3.47965E-2 3.35109E-2 3.32154E-2 3.21809E-2 3.19173E-2 3.42423E-2 3.57204E-2
4.85035E-2 5.01489E-2 5.38279E-2 5.69961E-2 5.52334E-2 5.50979E-2 5.45329E-2 5.81465E-2 6.23494E-2 6.4687E-2 6.43396E-2 6.04948E-2 5.69005E-2 5.98554E-2 5.89855E-2 6.02117E-2 5.81963E-2 5.91089E-2 5.80824E-2 5.59099E-2 5.61681E-2 5.41253E-2 5.38171E-2 5.35247E-2 5.29397E-2 5.53705E-2 5.73067E-2 5.50225E-2 5.40493E-2 5.14871E-2 4.80393E-2 4.52737E-2 4.4124E-2 4.3704E-2 4.49694E-2 4.38704E-2 4.54055E-2 4.54007E-2 4.52429E-2 4.36639E-2 4.33801E-2 4.27684E-2 4.07094E-2 4.02338E-2 3.8922E-2 3.87444E-2 3.96344E-2 4.22984E-2 4.16685E-2 4.06687E-2 3.79439E-2 3.6423E-2 3.48679E-2 3.44735E-2 3.39499E-2 3.28998E-2 3.18945E-2 3.17397E-2 3.10905E-2 3.33181E-2 3.50529E-2
5.30485E-2 5.0928E-2 5.5813E-2 5.99154E-2 5.79345E-2 5.54536E-2 5.46699E-2 5.80514E-2 6.06681E-2 5.91541E-2 6.27545E-2 5.9765E-2 5.83005E-2 5.84956E-2 6.28914E-2 6.30943E-2 6.20766E-2 6.0924E-2 5.98107E-2 5.8459E-2 5.80304E-2 5.71256E-2 5.7047E-2 5.51707E-2 5.67064E-2 5.85558E-2 6.19286E-2 5.95516E-2 5.50288E-2 5.41989E-2 5.11342E-2 4.72025E-2 4.58296E-2 4.50596E-2 4.37198E-2 4.22251E-2 4.25092E-2 4.47381E-2 4.52569E-2 4.42856E-2 4.35876E-2 4.26164E-2 4.08054E-2 3.83894E-2 3.73514E-2 3.76474E-2 4.02907E-2 4.12981E-2 4.20028E-2 4.04666E-2 3.73426E-2 3.49054E-2 3.38638E-2 3.32245E-2 3.18574E-2 3.09754E-2 3.10946E-2 3.13284E-2 3.2036E-2 3.33681E-2 3.59663E-2
5.5958E-2 5.70748E-2 6.40194E-2 6.58512E-2 6.26992E-2 5.76723E-2 5.35329E-2 5.55643E-2 5.42824E-2 5.64132E-2 5.73213E-2 5.84486E-2 6.12712E-2 6.39205E-2 6.87676E-2 6.8189E-2 6.54802E-2 6.64174E-2 6.52537E-2 5.96075E-2 5.8704E-2 5.86185E-2 5.86094E-2 5.88663E-2 6.00372E-2 6.05925E-2 6.18468E-2 5.89769E-2 5.78502E-2 5.81877E-2 5.25254E-2 4.90826E-2 4.82102E-2 4.57052E-2 4.38255E-2 4.16897E-2 4.20196E-2 4.46758E-2 4.55001E-2 4.71472E-2 4.69104E-2 4.60223E-2 4.28646E-2 3.99391E-2 4.02264E-2 3.97482E-2 4.04366E-2 4.06815E-2 3.9718E-2 3.84941E-2 3.70178E-2 3.40386E-2 3.23157E-2 3.17401E-2 3.24678E-2 3.13937E-2 3.11277E-2 3.00409E-2 3.06209E-2 3.15862E-2 3.37634E-2
5.76521E-2 6.30326E-2 6.55907E-2 6.96493E-2 6.65341E-2 5.99269E-2 5.19518E-2 5.51559E-2 5.38381E-2 5.6218E-2 5.95289E-2 6.11557E-2 6.59648E-2 7.1091E-2 7.40425E-2 7.59055E-2 7.02586E-2 7.06908E-2 6.5948E-2 6.60038E-2 6.53178E-2 6.49578E-2 6.12833E-2 6.11949E-2 6.0692E-2 6.0786E-2 5.93462E-2 6.14218E-2 5.83426E-2 5.53597E-2 5.12486E-2 5.04242E-2 4.98547E-2 4.82716E-2 4.62451E-2 4.51533E-2 4.69489E-2 4.78185E-2 4.96398E-2 4.95139E-2 4.6825E-2 4.73948E-2 4.49049E-2 4.27771E-2 4.20726E-2 3.9315E-2 3.82456E-2 3.82046E-2 3.77214E-2 3.66874E-2 3.51873E-2 3.3837E-2 3.18181E-2 3.18111E-2 3.28389E-2 3.35447E-2 3.03252E-2 3.1871E-2 3.22377E-2 3.19159E-2 3.22026E-2
6.0083E-2 6.79631E-2 6.8976E-2 6.83215E-2 6.51692E-2 6.01344E-2 5.3998E-2 6.1012E-2 5.5581E-2 5.80439E-2 5.97347E-2 6.72456E-2 6.91313E-2 7.45887E-2 7.94384E-2 8.20278E-2 7.58938E-2 7.11062E-2 6.96735E-2 6.78866E-2 6.87991E-2 6.72406E-2 6.29761E-2 6.14525E-2 5.91685E-2 5.81725E-2 5.88658E-2 6.08701E-2 6.17083E-2 5.54057E-2 5.27439E-2 5.08133E-2 4.8992E-2 4.69528E-2 4.74438E-2 4.96348E-2 5.03515E-2 4.95681E-2 4.91598E-2 4.94907E-2 4.91517E-2 4.67911E-2 4.58034E-2 4.30541E-2 4.18278E-2 3.87356E-2 3.69617E-2 3.66965E-2 3.5707E-2 3.55551E-2 3.39422E-2 3.32343E-2 3.15552E-2 3.18433E-2 3.31317E-2 3.29166E-2 3.22001E-2 3.2364E-2 3.38735E-2 3.33567E-2 3.33328E-2
6.27916E-2 6.62614E-2 7.01956E-2 6.96875E-2 6.85855E-2 6.44832E-2 6.34339E-2 5.98154E-2 5.68011E-2 5.68421E-2 6.11182E-2 6.94989E-2 7.3735E-2 7.5981E-2 7.87083E-2 8.01488E-2 7.88338E-2 7.73706E-2 7.44277E-2 7.05509E-2 6.96952E-2 6.76033E-2 6.47464E-2 6.71625E-2 6.08349E-2 5.94449E-2 6.21145E-2 6.95911E-2 6.476E-2 5.68582E-2 5.58854E-2 5.30967E-2 4.96513E-2 4.70079E-2 4.90489E-2 5.17894E-2 5.47042E-2 5.21538E-2 5.06756E-2 5.12844E-2 4.96961E-2 4.92154E-2 4.44147E-2 4.28385E-2 4.0286E-2 3.8212E-2 3.67999E-2 3.57326E-2 3.45948E-2 3.32679E-2 3.35786E-2 3.21636E-2 3.19393E-2 3.30363E-2 3.51183E-2 3.50466E-2 3.39644E-2 3.38668E-2 3.54282E-2 3.50341E-2 3.64466E-2
6.3581E-2 6.57496E-2 6.84444E-2 7.40141E-2 7.36033E-2 7.14393E-2 7.20489E-2 6.76557E-2 6.16665E-2 6.05538E-2 6.30465E-2 6.80903E-2 7.51874E-2 7.58876E-2 7.93145E-2 8.09419E-2 8.09997E-2 8.15394E-2 8.06283E-2 8.03217E-2 7.40476E-2 6.87312E-2 6.47989E-2 6.57149E-2 6.32681E-2 6.42097E-2 7.41096E-2 7.0997E-2 6.26714E-2 5.70992E-2 5.52046E-2 5.27144E-2 5.15403E-2 5.58811E-2 5.05493E-2 4.78365E-2 4.77316E-2 4.78817E-2 4.77518E-2 5.10403E-2 5.53943E-2 5.47382E-2 4.54248E-2 4.92593E-2 4.04993E-2 3.86322E-2 3.73064E-2 3.65536E-2 3.66929E-2 3.50156E-2 3.34255E-2 3.2716E-2 3.50585E-2 3.70151E-2 3.66914E-2 3.61259E-2 3.59009E-2 3.63108E-2 3.74721E-2 3.8136E-2 3.98146E-2
6.67975E-2 6.83268E-2 6.85868E-2 7.27657E-2 7.75374E-2 8.03867E-2 7.45095E-2 7.12921E-2 6.81983E-2 6.68902E-2 6.82507E-2 7.11666E-2 7.39718E-2 7.8806E-2 7.93134E-2 7.94665E-2 8.03483E-2 8.1783E-2 8.76468E-2 8.5448E-2 7.57104E-2 6.84515E-2 6.3865E-2 6.29999E-2 6.28543E-2 6.76326E-2 7.04996E-2 6.41499E-2 6.1425E-2 5.80779E-2 5.45798E-2 5.18695E-2 5.41413E-2 5.24454E-2 4.9509E-2 5.02945E-2 5.03351E-2 4.84597E-2 4.65449E-2 4.77782E-2 4.69623E-2 4.61122E-2 4.44498E-2 4.7973E-2 4.25098E-2 3.97619E-2 3.95675E-2 3.88726E-2 3.81835E-2 3.66115E-2 3.55896E-2 3.76005E-2 3.92052E-2 3.92081E-2 3.80597E-2 3.77099E-2 3.86763E-2 3.93489E-2 3.98878E-2 4.09978E-2 3.83907E-2
7.0286E-2 7.56628E-2 7.14583E-2 7.37711E-2 8.21707E-2 9.08111E-2 7.8701E-2 7.29573E-2 7.6326E-2 7.66432E-2 7.6812E-2 7.6248E-2 7.74366E-2 8.2499E-2 8.49869E-2 8.37381E-2 8.64253E-2 8.36478E-2 8.59146E-2 8.47564E-2 7.69896E-2 6.7669E-2 6.19204E-2 6.19704E-2 6.37935E-2 6.64597E-2 6.35004E-2 6.16383E-2 6.14426E-2 5.74585E-2 5.6292E-2 5.42647E-2 5.27491E-2 5.05376E-2 5.10378E-2 5.08605E-2 5.19929E-2 5.05329E-2 4.86376E-2 4.75825E-2 4.80744E-2 4.91202E-2 5.05649E-2 4.79382E-2 4.45178E-2 4.18261E-2 4.00488E-2 3.97645E-2 3.87084E-2 3.80754E-2 3.95821E-2 4.04765E-2 4.16526E-2 4.02775E-2 4.04969E-2 4.11429E-2 4.23725E-2 4.26146E-2 4.20623E-2 4.30519E-2 4.19847E-2
