maxent_outputs/red_flowers_troch_bombus_environ/red_86.asc
ncols         426
nrows         180
xllcorner     -130.0
yllcorner     24.0
cellsize      0.16666666666666666
NODATA_value  -9999
[rows 27 to 53 of 180, columns 183 to 243 of 426]
3.41584E-2 3.36031E-2 3.30563E-2 3.24294E-2 3.06384E-2 3.08224E-2 3.13091E-2 3.14823E-2 3.0376E-2 2.99797E-2 2.90128E-2 2.85326E-2 2.81244E-2 2.74237E-2 2.70791E-2 2.85769E-2 2.91909E-2 2.83085E-2 2.90479E-2 3.05798E-2 3.1831E-2 3.25859E-2 3.15723E-2 3.07821E-2 3.00626E-2 2.99504E-2 3.10584E-2 3.26735E-2 3.36244E-2 3.36452E-2 3.43151E-2 3.41444E-2 3.43735E-2 3.55177E-2 3.56409E-2 3.5445E-2 3.44603E-2 3.37262E-2 3.3204E-2 3.379E-2 3.53657E-2 3.4539E-2 3.55446E-2 3.50467E-2 3.28872E-2 3.42199E-2 3.48088E-2 3.38634E-2 3.14025E-2 3.01731E-2 2.95482E-2 2.96088E-2 2.92716E-2 3.04368E-2 2.90669E-2 2.95092E-2 2.94037E-2 2.82149E-2 2.76895E-2 2.73434E-2 2.80923E-2
3.5178E-2 3.48016E-2 3.47822E-2 3.29673E-2 3.15375E-2 3.14116E-2 3.13903E-2 3.21333E-2 3.21994E-2 3.13728E-2 3.00061E-2 2.89331E-2 2.83916E-2 2.81087E-2 2.75521E-2 2.93556E-2 2.94633E-2 2.84539E-2 2.90675E-2 2.97751E-2 3.07215E-2 3.18591E-2 3.16037E-2 3.10337E-2 3.10414E-2 3.06942E-2 3.0671E-2 3.36034E-2 3.43196E-2 3.41802E-2 3.36792E-2 3.45341E-2 3.54171E-2 3.55098E-2 3.55484E-2 3.58482E-2 3.5536E-2 3.37857E-2 3.42017E-2 3.50063E-2 3.41867E-2 3.31248E-2 3.32547E-2 3.36935E-2 3.35464E-2 3.48087E-2 3.64254E-2 3.4311E-2 3.24112E-2 3.14548E-2 3.11516E-2 2.87856E-2 2.83978E-2 2.82008E-2 2.72432E-2 2.88551E-2 2.71428E-2 2.72031E-2 2.67226E-2 2.81057E-2 2.84053E-2
3.53257E-2 3.52727E-2 3.44907E-2 3.20602E-2 3.18381E-2 3.23952E-2 3.24674E-2 3.2875E-2 3.47003E-2 3.2452E-2 3.07996E-2 3.02662E-2 2.95914E-2 2.88626E-2 2.79271E-2 2.98956E-2 3.0375E-2 3.01638E-2 2.98945E-2 2.94536E-2 3.00959E-2 2.91008E-2 2.99417E-2 2.93856E-2 3.04325E-2 3.33822E-2 3.37851E-2 3.43261E-2 3.45634E-2 3.43861E-2 3.60696E-2 3.46084E-2 3.49351E-2 3.48113E-2 3.54489E-2 3.56075E-2 3.51615E-2 3.49203E-2 3.46725E-2 3.41339E-2 3.43474E-2 3.36181E-2 3.27249E-2 3.47972E-2 3.61271E-2 3.90331E-2 3.82872E-2 3.57306E-2 3.32934E-2 3.39665E-2 3.32569E-2 2.93503E-2 2.82675E-2 2.76811E-2 2.71966E-2 2.64601E-2 2.84456E-2 2.61851E-2 2.59981E-2 2.6392E-2 2.68013E-2
3.30631E-2 3.68161E-2 3.54984E-2 3.36926E-2 3.26901E-2 3.21045E-2 3.1568E-2 3.22417E-2 3.43748E-2 3.36663E-2 3.18483E-2 3.05308E-2 2.97989E-2 2.97359E-2 2.86837E-2 2.87708E-2 2.9791E-2 3.05588E-2 3.02552E-2 3.04517E-2 2.96374E-2 2.93626E-2 2.87847E-2 2.86436E-2 2.90008E-2 3.33444E-2 3.30332E-2 3.28366E-2 3.56652E-2 3.42104E-2 3.38566E-2 3.40439E-2 3.43467E-2 3.46772E-2 3.51506E-2 3.51466E-2 3.4814E-2 3.49455E-2 3.44088E-2 3.47959E-2 3.40541E-2 3.37639E-2 3.36816E-2 3.48802E-2 3.40497E-2 3.57198E-2 3.64833E-2 3.67293E-2 3.78189E-2 3.25441E-2 3.18653E-2 3.12915E-2 3.34815E-2 3.55505E-2 3.3056E-2 2.90856E-2 2.64114E-2 2.62097E-2 2.584E-2 2.64994E-2 2.65212E-2
3.36912E-2 3.67221E-2 3.64023E-2 3.3202E-2 3.36902E-2 3.45069E-2 3.17343E-2 3.22652E-2 3.27943E-2 3.36423E-2 3.26243E-2 3.07533E-2 3.04572E-2 3.00579E-2 3.00503E-2 2.93608E-2 2.99484E-2 3.10363E-2 3.05616E-2 3.09205E-2 3.05892E-2 3.00109E-2 2.94705E-2 2.88904E-2 2.96169E-2 3.09705E-2 3.21887E-2 3.20445E-2 3.23347E-2 3.12724E-2 3.21344E-2 3.26391E-2 3.39751E-2 3.38656E-2 3.40567E-2 3.44883E-2 3.48761E-2 3.59913E-2 3.54375E-2 3.57314E-2 3.54732E-2 3.52114E-2 3.48827E-2 3.46473E-2 3.59666E-2 3.50697E-2 3.51572E-2 3.59016E-2 3.66119E-2 3.57794E-2 3.67693E-2 3.47535E-2 3.42906E-2 3.75052E-2 4.11865E-2 3.47722E-2 2.73539E-2 2.61901E-2 2.63162E-2 3.1525E-2 3.28684E-2
3.52798E-2 3.80119E-2 3.72533E-2 3.69696E-2 3.72198E-2 3.56254E-2 3.30345E-2 3.27822E-2 3.36182E-2 3.43759E-2 3.2547E-2 3.14815E-2 3.16847E-2 3.07948E-2 3.08626E-2 3.03193E-2 2.99537E-2 3.12199E-2 3.17199E-2 3.14823E-2 3.13103E-2 3.19369E-2 3.03171E-2 3.05884E-2 3.19808E-2 3.24874E-2 3.32318E-2 3.34108E-2 3.40148E-2 3.10184E-2 3.19945E-2 3.39681E-2 3.40272E-2 3.38553E-2 3.37527E-2 3.29454E-2 3.35649E-2 3.52563E-2 3.63263E-2 3.60257E-2 3.63629E-2 3.61651E-2 3.56659E-2 3.49675E-2 3.59234E-2 3.81239E-2 3.76457E-2 3.7705E-2 3.90786E-2 3.6568E-2 3.48157E-2 3.26771E-2 3.18926E-2 3.64578E-2 4.10719E-2 3.82548E-2 3.23782E-2 3.08691E-2 3.01957E-2 3.14683E-2 3.12807E-2
3.65228E-2 3.71759E-2 3.67505E-2 3.41784E-2 3.50339E-2 3.52753E-2 3.43348E-2 3.43406E-2 3.46573E-2 3.40571E-2 3.3054E-2 3.20819E-2 3.16906E-2 3.07041E-2 3.1142E-2 2.9906E-2 2.99581E-2 3.20688E-2 3.16987E-2 3.17921E-2 3.18158E-2 3.35471E-2 3.12584E-2 3.18447E-2 3.30874E-2 3.26348E-2 3.373E-2 3.39152E-2 3.33499E-2 3.26407E-2 3.30473E-2 3.43713E-2 3.49684E-2 3.50107E-2 3.4806E-2 3.29542E-2 3.39327E-2 3.4643E-2 3.52343E-2 3.68408E-2 3.67115E-2 3.71189E-2 3.79502E-2 3.78568E-2 3.80141E-2 3.76337E-2 3.75085E-2 3.85617E-2 3.82365E-2 3.83371E-2 3.96263E-2 3.87013E-2 3.66578E-2 3.72757E-2 3.56754E-2 3.70639E-2 3.36832E-2 3.51633E-2 3.50727E-2 3.41412E-2 3.4387E-2
3.78535E-2 4.04069E-2 4.09861E-2 3.91843E-2 3.62653E-2 3.6018E-2 3.60619E-2 3.61999E-2 3.51482E-2 3.37537E-2 3.39831E-2 3.30429E-2 3.27752E-2 3.23379E-2 3.15023E-2 3.01303E-2 3.04828E-2 3.22302E-2 3.33647E-2 3.37457E-2 3.35208E-2 3.47864E-2 3.20389E-2 3.25284E-2 3.28985E-2 3.33968E-2 3.47874E-2 3.52446E-2 3.29517E-2 3.27372E-2 3.26386E-2 3.49486E-2 3.53817E-2 3.51194E-2 3.52252E-2 3.46226E-2 3.46101E-2 3.49712E-2 3.54699E-2 3.5923E-2 3.64276E-2 3.64321E-2 3.79793E-2 3.85269E-2 3.84037E-2 3.93433E-2 3.98342E-2 3.95302E-2 3.90131E-2 4.02287E-2 4.1286E-2 4.38803E-2 4.18687E-2 4.28256E-2 3.85192E-2 3.91278E-2 3.95238E-2 3.98464E-2 3.66881E-2 3.71E-2 3.74403E-2
3.85673E-2 4.16543E-2 4.19656E-2 4.05983E-2 3.92455E-2 3.82607E-2 3.74958E-2 3.70239E-2 3.66145E-2 3.50915E-2 3.43986E-2 3.46369E-2 3.44374E-2 3.42676E-2 3.33042E-2 3.21113E-2 3.11385E-2 3.26702E-2 3.50163E-2 3.5977E-2 3.58805E-2 3.50796E-2 3.3329E-2 3.37937E-2 3.40856E-2 3.62192E-2 3.87902E-2 4.01224E-2 3.97281E-2 3.79274E-2 3.65526E-2 3.59386E-2 3.56745E-2 3.52281E-2 3.49531E-2 3.4808E-2 3.46856E-2 3.48771E-2 3.56511E-2 3.69255E-2 3.61283E-2 3.59739E-2 3.5882E-2 3.68293E-2 3.72759E-2 3.8015E-2 3.89591E-2 4.01264E-2 4.00468E-2 4.11332E-2 4.14802E-2 4.17648E-2 4.10461E-2 4.06966E-2 4.14423E-2 4.3892E-2 4.16673E-2 3.89542E-2 3.96371E-2 4.38948E-2 5.53936E-2
3.69056E-2 3.78983E-2 3.81679E-2 3.74697E-2 3.90363E-2 3.7369E-2 3.73833E-2 3.75039E-2 3.75122E-2 3.66687E-2 3.51864E-2 3.57858E-2 3.56267E-2 3.5023E-2 3.56079E-2 3.42808E-2 3.25423E-2 3.30416E-2 3.48497E-2 3.57747E-2 3.63298E-2 3.52989E-2 3.36078E-2 3.39015E-2 3.42579E-2 3.89643E-2 4.04287E-2 4.01198E-2 3.8074E-2 3.65079E-2 3.7316E-2 3.66429E-2 3.61612E-2 3.52776E-2 3.5236E-2 3.52411E-2 3.54601E-2 3.50547E-2 3.49071E-2 3.53424E-2 3.52088E-2 3.50878E-2 3.6228E-2 3.93929E-2 3.6654E-2 3.74123E-2 3.82449E-2 3.92178E-2 4.03637E-2 4.14148E-2 4.06617E-2 4.07244E-2 4.15286E-2 4.13291E-2 3.83683E-2 3.82733E-2 4.18165E-2 4.61994E-2 5.73042E-2 8.07416E-2 1.07842E-1
3.81749E-2 3.82076E-2 3.75056E-2 3.77173E-2 3.85147E-2 3.63234E-2 3.59213E-2 3.59063E-2 3.66874E-2 3.70859E-2 3.60929E-2 3.60744E-2 3.56073E-2 3.58089E-2 3.50313E-2 3.46242E-2 3.36594E-2 3.41488E-2 3.44313E-2 3.5727E-2 3.57369E-2 3.47157E-2 3.43931E-2 3.44526E-2 3.48293E-2 3.68025E-2 3.76611E-2 3.79045E-2 3.77706E-2 3.83355E-2 3.67572E-2 3.67324E-2 3.66848E-2 3.63553E-2 3.62547E-2 3.54883E-2 3.55985E-2 3.532E-2 3.49071E-2 3.46703E-2 3.46577E-2 3.43423E-2 3.39555E-2 3.39169E-2 3.46372E-2 3.58399E-2 3.62242E-2 3.71275E-2 3.80198E-2 3.90797E-2 3.93893E-2 3.84307E-2 3.98706E-2 4.51152E-2 5.03404E-2 6.05583E-2 7.85135E-2 9.92383E-2 1.16736E-1 1.26231E-1 1.27138E-1
3.91356E-2 3.84793E-2 3.82034E-2 3.75024E-2 3.81109E-2 3.87601E-2 3.80904E-2 3.78328E-2 3.68834E-2 3.78538E-2 3.77335E-2 3.67273E-2 3.55857E-2 3.52552E-2 3.5731E-2 3.48155E-2 3.47161E-2 3.43966E-2 3.47901E-2 3.73013E-2 3.88803E-2 3.51459E-2 3.48972E-2 3.6445E-2 3.6955E-2 3.6784E-2 3.76158E-2 3.84625E-2 3.9396E-2 3.90453E-2 3.77637E-2 3.75221E-2 3.91936E-2 3.87798E-2 3.79467E-2 3.90959E-2 3.72595E-2 3.54489E-2 3.5533E-2 3.57164E-2 3.58544E-2 3.69752E-2 3.52055E-2 3.56422E-2 3.70387E-2 3.65436E-2 3.64972E-2 3.79502E-2 3.88794E-2 4.03241E-2 4.25648E-2 4.62834E-2 6.56618E-2 9.29554E-2 1.18772E-1 1.20032E-1 1.22937E-1 1.28187E-1 1.28509E-1 1.34532E-1 1.39473E-1
4.06667E-2 4.08954E-2 4.18214E-2 4.01662E-2 3.99297E-2 3.90516E-2 3.85228E-2 3.94768E-2 3.96647E-2 4.02827E-2 3.93319E-2 3.68791E-2 3.57295E-2 3.57112E-2 3.61829E-2 3.55193E-2 3.53006E-2 3.5934E-2 3.62837E-2 3.61303E-2 3.6212E-2 3.62431E-2 3.67394E-2 3.80556E-2 3.79176E-2 3.86646E-2 3.8227E-2 3.89882E-2 3.88574E-2 4.07382E-2 3.93777E-2 4.21119E-2 3.97702E-2 3.68913E-2 3.70594E-2 3.92245E-2 3.62563E-2 3.63462E-2 3.76447E-2 3.78759E-2 3.62043E-2 3.69307E-2 3.69492E-2 3.50449E-2 3.56837E-2 3.65378E-2 3.78385E-2 3.87294E-2 4.03166E-2 4.51047E-2 6.48772E-2 1.06217E-1 1.30831E-1 1.30825E-1 1.29331E-1 1.31702E-1 1.33323E-1 1.37249E-1 1.42552E-1 1.47104E-1 1.53065E-1
4.37859E-2 4.57844E-2 4.35918E-2 4.14857E-2 4.16249E-2 4.22391E-2 4.04181E-2 4.0374E-2 4.02815E-2 4.07422E-2 3.95193E-2 3.75107E-2 3.63711E-2 3.58096E-2 3.59401E-2 3.56351E-2 3.5952E-2 3.67003E-2 3.63291E-2 3.72255E-2 3.64826E-2 3.65249E-2 3.92273E-2 4.16261E-2 4.05383E-2 4.00548E-2 3.92834E-2 3.87156E-2 3.92549E-2 4.15399E-2 4.36476E-2 4.15112E-2 3.68136E-2 3.7131E-2 3.71198E-2 3.80503E-2 3.6972E-2 3.61849E-2 3.66497E-2 3.49964E-2 3.52912E-2 3.54552E-2 3.56165E-2 3.58953E-2 3.69288E-2 3.74455E-2 3.89599E-2 4.11913E-2 4.31878E-2 6.65089E-2 1.28485E-1 1.34612E-1 1.24456E-1 1.21553E-1 1.29889E-1 1.40952E-1 1.47297E-1 1.56161E-1 1.56685E-1 1.60535E-1 1.64495E-1
4.20077E-2 4.5045E-2 4.58583E-2 4.269E-2 4.13533E-2 4.21953E-2 4.20839E-2 4.25574E-2 4.11972E-2 4.17251E-2 4.2142E-2 3.89429E-2 3.89933E-2 3.78891E-2 3.60963E-2 3.60945E-2 3.62034E-2 3.6536E-2 3.76611E-2 3.72958E-2 3.69697E-2 3.72874E-2 4.16868E-2 4.1926E-2 4.07528E-2 4.02389E-2 4.05205E-2 4.06813E-2 4.15783E-2 4.41004E-2 4.68975E-2 4.49074E-2 3.93806E-2 3.8304E-2 3.74888E-2 3.68446E-2 3.60978E-2 3.57886E-2 3.56319E-2 3.61275E-2 3.67957E-2 3.60545E-2 3.63101E-2 3.83215E-2 3.96473E-2 4.01247E-2 4.2622E-2 4.99786E-2 8.96922E-2 1.37962E-1 1.33745E-1 1.08817E-1 9.11884E-2 9.14836E-2 8.95592E-2 1.3802E-1 1.58486E-1 1.62664E-1 1.63509E-1 1.63104E-1 1.60694E-1
4.6198E-2 4.64314E-2 4.73072E-2 4.535E-2 4.48132E-2 4.32495E-2 4.33733E-2 4.31268E-2 4.27601E-2 4.39102E-2 4.46538E-2 4.27977E-2 4.15771E-2 4.0036E-2 3.87899E-2 3.88387E-2 3.9292E-2 3.84266E-2 3.90659E-2 3.992E-2 3.86207E-2 3.86265E-2 4.14385E-2 4.23365E-2 4.0895E-2 4.00235E-2 4.04619E-2 4.12488E-2 4.19241E-2 4.30374E-2 4.32626E-2 4.2743E-2 4.09418E-2 4.00003E-2 3.74145E-2 3.6402E-2 3.6029E-2 3.66682E-2 3.68195E-2 3.67579E-2 3.74275E-2 3.74908E-2 3.96435E-2 4.39865E-2 4.60397E-2 4.8499E-2 7.21601E-2 1.19517E-1 1.22842E-1 8.51105E-2 6.7729E-2 5.64148E-2 5.95788E-2 7.10008E-2 8.9415E-2 1.29399E-1 1.45038E-1 1.52262E-1 1.32237E-1 1.16448E-1 9.93172E-2
4.94488E-2 5.04554E-2 5.00506E-2 4.80736E-2 4.68285E-2 4.52764E-2 4.51688E-2 4.41769E-2 4.39213E-2 4.47656E-2 4.49219E-2 4.41807E-2 4.18759E-2 4.10375E-2 4.07209E-2 3.88053E-2 3.87929E-2 3.95395E-2 3.95592E-2 4.19185E-2 4.26737E-2 4.24175E-2 4.14351E-2 3.97853E-2 3.9308E-2 3.97939E-2 4.03229E-2 3.95491E-2 4.07432E-2 4.16821E-2 4.19019E-2 4.32325E-2 4.43714E-2 4.08158E-2 3.84761E-2 3.69725E-2 3.71749E-2 4.05487E-2 3.73514E-2 3.78479E-2 3.92576E-2 4.00866E-2 4.10445E-2 4.31687E-2 4.86986E-2 6.247E-2 6.07955E-2 5.37628E-2 4.99229E-2 5.12136E-2 5.36136E-2 5.52448E-2 6.41342E-2 8.76644E-2 9.97253E-2 1.12558E-1 1.07446E-1 8.3643E-2 7.4135E-2 6.53307E-2 6.26073E-2
5.0647E-2 5.13653E-2 5.11195E-2 4.96936E-2 4.94423E-2 4.65798E-2 4.68311E-2 4.62118E-2 4.46398E-2 4.37191E-2 4.48557E-2 4.43521E-2 4.35571E-2 4.34821E-2 4.16656E-2 4.13101E-2 4.05967E-2 4.0819E-2 4.07604E-2 4.26476E-2 4.25862E-2 4.44912E-2 4.35918E-2 4.18495E-2 4.05416E-2 3.95584E-2 4.01234E-2 4.07087E-2 4.11506E-2 4.22478E-2 4.19356E-2 4.79496E-2 4.72088E-2 4.16587E-2 3.87618E-2 3.82164E-2 3.82784E-2 3.80936E-2 3.80789E-2 3.8009E-2 3.89209E-2 4.06241E-2 4.16483E-2 4.19306E-2 4.46523E-2 4.72583E-2 5.02511E-2 5.07842E-2 5.20527E-2 4.96454E-2 4.99401E-2 5.28239E-2 5.61909E-2 6.57901E-2 7.36869E-2 7.18332E-2 7.01476E-2 6.76641E-2 6.4365E-2 6.48116E-2 5.90161E-2
5.09375E-2 5.15492E-2 5.1336E-2 5.07164E-2 5.09753E-2 4.85788E-2 4.66981E-2 4.69521E-2 4.5573E-2 4.49321E-2 4.41657E-2 4.4729E-2 4.43628E-2 4.47103E-2 4.3814E-2 4.31584E-2 4.28494E-2 4.24119E-2 4.16953E-2 4.25917E-2 4.40485E-2 4.55433E-2 4.72188E-2 4.80376E-2 4.22439E-2 4.09589E-2 4.25602E-2 4.2618E-2 4.31297E-2 4.30007E-2 4.57732E-2 4.98444E-2 4.76855E-2 4.72222E-2 4.53116E-2 4.11887E-2 3.95458E-2 3.89928E-2 3.90051E-2 3.8215E-2 4.07928E-2 4.07306E-2 4.25399E-2 4.23791E-2 4.34614E-2 4.60825E-2 4.88385E-2 4.67694E-2 4.955E-2 5.19992E-2 4.97554E-2 5.17451E-2 5.33718E-2 5.70335E-2 5.85976E-2 6.00865E-2 6.02552E-2 6.30074E-2 6.16018E-2 6.33853E-2 6.05235E-2
5.14861E-2 5.21015E-2 5.36956E-2 5.32692E-2 5.22764E-2 5.1859E-2 5.1094E-2 4.8892E-2 4.66343E-2 4.66957E-2 4.62823E-2 4.65951E-2 4.72242E-2 4.65231E-2 4.51811E-2 4.36973E-2 4.27906E-2 4.35148E-2 4.28908E-2 4.33822E-2 4.54722E-2 4.76464E-2 4.7391E-2 4.74273E-2 4.51285E-2 4.39927E-2 4.42869E-2 4.51862E-2 4.64216E-2 4.85361E-2 4.78453E-2 4.71573E-2 4.48033E-2 4.42322E-2 5.29711E-2 5.50406E-2 4.07655E-2 4.01692E-2 4.03554E-2 4.12122E-2 4.13002E-2 4.17651E-2 4.30445E-2 4.30394E-2 4.50057E-2 4.85109E-2 4.60855E-2 4.84073E-2 4.96813E-2 5.07165E-2 5.30187E-2 5.26823E-2 5.2354E-2 5.33972E-2 5.39287E-2 5.53186E-2 5.7483E-2 5.75547E-2 5.88589E-2 5.85699E-2 5.87269E-2
5.26696E-2 5.33037E-2 5.38712E-2 5.40985E-2 5.52947E-2 5.42818E-2 5.17071E-2 5.27704E-2 4.89779E-2 4.85033E-2 4.89903E-2 4.90692E-2 4.97301E-2 5.01276E-2 5.00317E-2 4.86163E-2 4.55315E-2 4.40537E-2 4.43226E-2 4.54038E-2 4.61717E-2 4.66845E-2 4.84007E-2 4.72591E-2 4.69096E-2 4.61867E-2 4.60872E-2 4.74896E-2 4.88904E-2 4.72614E-2 4.80079E-2 4.58279E-2 4.41332E-2 4.39996E-2 4.42052E-2 4.59472E-2 4.21251E-2 4.17267E-2 4.15565E-2 4.25097E-2 4.23098E-2 4.40101E-2 4.63558E-2 4.74691E-2 4.85803E-2 5.07219E-2 5.06308E-2 5.10928E-2 5.19126E-2 5.24843E-2 5.27545E-2 5.1152E-2 5.09073E-2 5.11714E-2 5.20588E-2 5.53411E-2 5.7812E-2 5.49198E-2 5.56939E-2 5.4653E-2 5.32209E-2
5.31535E-2 5.52151E-2 5.48083E-2 5.61245E-2 5.62843E-2 5.3139E-2 5.23735E-2 5.29922E-2 5.31139E-2 5.02409E-2 4.9861E-2 5.06322E-2 5.24834E-2 5.39702E-2 5.27479E-2 5.00384E-2 4.68969E-2 4.72738E-2 4.50343E-2 4.55791E-2 4.60665E-2 4.67309E-2 4.67028E-2 4.84312E-2 5.08271E-2 4.84367E-2 5.02151E-2 5.051E-2 5.10075E-2 4.88269E-2 4.87635E-2 4.82614E-2 4.65774E-2 4.43816E-2 4.31778E-2 4.33512E-2 4.42366E-2 4.39675E-2 4.3405E-2 4.36616E-2 4.58585E-2 4.67233E-2 5.00698E-2 5.21619E-2 5.30946E-2 5.13131E-2 4.93314E-2 5.14644E-2 5.41625E-2 5.69482E-2 5.3638E-2 5.16583E-2 5.15976E-2 5.15276E-2 5.31543E-2 5.18058E-2 5.36031E-2 5.56182E-2 5.36279E-2 5.41739E-2 5.16651E-2
5.52009E-2 5.54289E-2 5.62842E-2 5.62109E-2 5.42814E-2 5.30821E-2 5.3314E-2 5.50299E-2 5.58359E-2 5.40386E-2 5.11145E-2 5.14226E-2 5.30869E-2 5.31822E-2 5.6404E-2 5.49932E-2 5.30737E-2 4.98829E-2 4.65741E-2 4.62949E-2 4.85911E-2 4.80868E-2 4.87628E-2 4.92204E-2 5.09204E-2 4.96481E-2 4.93055E-2 5.19354E-2 5.23792E-2 5.16203E-2 5.05635E-2 5.03133E-2 4.88885E-2 4.79697E-2 4.63916E-2 4.52141E-2 4.55741E-2 4.57151E-2 4.63468E-2 4.58283E-2 4.74598E-2 4.81941E-2 5.01862E-2 5.03641E-2 4.96456E-2 4.99242E-2 5.0995E-2 5.19703E-2 5.31486E-2 4.91872E-2 4.91165E-2 4.96951E-2 5.00173E-2 4.99807E-2 5.20436E-2 5.05447E-2 5.10371E-2 5.18205E-2 5.07007E-2 5.21434E-2 5.0822E-2
5.62855E-2 5.63463E-2 5.68095E-2 5.59154E-2 5.47709E-2 5.3987E-2 5.35218E-2 5.45726E-2 5.33233E-2 5.39382E-2 5.35471E-2 5.54635E-2 5.44841E-2 5.23027E-2 5.51682E-2 5.73393E-2 5.59144E-2 5.2883E-2 5.06407E-2 4.8705E-2 4.82501E-2 4.8535E-2 4.82037E-2 4.73658E-2 5.08049E-2 4.97526E-2 5.02378E-2 5.17722E-2 5.23012E-2 5.24517E-2 5.39755E-2 5.19057E-2 5.05729E-2 5.03135E-2 4.94586E-2 4.87462E-2 4.83737E-2 4.85771E-2 4.83974E-2 4.9562E-2 4.97634E-2 5.08584E-2 5.10562E-2 5.12579E-2 5.15329E-2 5.07788E-2 5.00377E-2 5.11844E-2 5.3506E-2 4.96512E-2 5.03745E-2 5.25366E-2 5.07426E-2 4.9488E-2 4.94939E-2 4.95587E-2 4.93715E-2 4.91E-2 5.08849E-2 5.18204E-2 5.2605E-2
5.96668E-2 5.84597E-2 5.74338E-2 5.69984E-2 5.66677E-2 5.6337E-2 5.55517E-2 5.47795E-2 5.51231E-2 5.61455E-2 5.8175E-2 5.94772E-2 6.07932E-2 5.39571E-2 5.34347E-2 5.64305E-2 5.7667E-2 5.49927E-2 5.46383E-2 5.1952E-2 5.04024E-2 4.78039E-2 4.53777E-2 4.6343E-2 4.84715E-2 5.22602E-2 5.32086E-2 5.29651E-2 5.33342E-2 5.37219E-2 5.31835E-2 5.29886E-2 5.20913E-2 5.20541E-2 5.29436E-2 5.29604E-2 5.34533E-2 5.24256E-2 5.24414E-2 5.39738E-2 5.17043E-2 5.31167E-2 5.18555E-2 5.12972E-2 5.2369E-2 5.11177E-2 5.1575E-2 5.04611E-2 5.04849E-2 5.04162E-2 5.21875E-2 5.08735E-2 5.06203E-2 5.03705E-2 5.04391E-2 5.12455E-2 5.16939E-2 5.06706E-2 5.32809E-2 5.23591E-2 5.15662E-2
6.09879E-2 6.14811E-2 6.06831E-2 5.96376E-2 5.92629E-2 5.70127E-2 5.53297E-2 5.46299E-2 5.53912E-2 5.8038E-2 6.01287E-2 6.09884E-2 6.03153E-2 5.63555E-2 5.32308E-2 5.7331E-2 5.71861E-2 5.61294E-2 5.71447E-2 5.50834E-2 5.52868E-2 5.05002E-2 4.72524E-2 4.63213E-2 4.73195E-2 5.13044E-2 5.65685E-2 5.683E-2 5.4618E-2 5.30236E-2 5.27284E-2 5.36107E-2 5.38636E-2 5.40704E-2 5.40409E-2 5.52034E-2 5.66852E-2 5.68871E-2 5.76654E-2 5.6528E-2 5.50943E-2 5.27464E-2 5.20482E-2 5.1394E-2 5.16155E-2 5.17995E-2 5.20332E-2 5.16976E-2 5.34812E-2 5.30892E-2 5.37633E-2 5.26665E-2 5.30215E-2 5.41513E-2 5.38523E-2 5.19113E-2 5.31738E-2 5.40075E-2 5.38952E-2 5.1646E-2 4.99081E-2
6.30305E-2 6.35425E-2 6.37529E-2 6.25052E-2 6.10306E-2 5.89283E-2 5.72467E-2 5.58692E-2 5.62178E-2 5.82927E-2 6.08774E-2 6.02115E-2 5.99222E-2 5.68194E-2 5.41191E-2 5.70391E-2 5.91398E-2 5.84237E-2 5.78655E-2 5.5759E-2 5.41393E-2 5.54155E-2 5.15294E-2 4.92196E-2 5.04273E-2 5.2251E-2 5.40729E-2 5.55274E-2 5.44965E-2 5.46223E-2 5.50404E-2 5.49293E-2 5.35976E-2 5.44245E-2 5.48138E-2 5.57956E-2 5.96244E-2 6.17948E-2 6.15414E-2 5.89035E-2 5.88336E-2 5.36689E-2 5.15615E-2 5.1848E-2 5.29833E-2 5.34466E-2 5.46026E-2 5.35467E-2 5.33047E-2 5.30054E-2 5.27616E-2 5.32848E-2 5.16803E-2 5.22682E-2 5.20971E-2 5.17308E-2 5.28017E-2 5.27994E-2 5.28019E-2 5.46081E-2 5.14318E-2
