maxent_outputs/red_flowers_troch_bombus_environ/red_277.asc
ncols         426
nrows         180
xllcorner     -130.0
yllcorner     24.0
cellsize      0.16666666666666666
NODATA_value  -9999
[rows 135 to 161 of 180, columns 183 to 243 of 426]
4.99855E-1 4.93969E-1 5.03738E-1 5.13493E-1 5.32098E-1 5.43575E-1 5.43482E-1 5.41483E-1 5.50965E-1 5.73352E-1 6.07327E-1 6.1684E-1 6.23723E-1 6.45851E-1 6.65614E-1 6.74241E-1 6.78472E-1 6.74595E-1 6.66551E-1 6.69459E-1 6.86638E-1 6.96325E-1 6.96942E-1 7.11549E-1 7.26244E-1 7.38711E-1 7.39758E-1 7.51003E-1 7.82373E-1 7.79657E-1 7.86506E-1 7.93279E-1 7.96757E-1 8.24153E-1 8.67248E-1 8.75433E-1 8.80853E-1 8.99744E-1 9.12094E-1 9.14195E-1 9.42313E-1 9.50495E-1 9.50837E-1 9.35119E-1 9.32053E-1 9.31947E-1 9.36876E-1 9.42312E-1 9.42237E-1 9.13066E-1 8.83267E-1 8.54425E-1 8.37923E-1 8.3809E-1 8.40946E-1 8.56178E-1 8.7253E-1 8.75767E-1 8.80976E-1 8.7897E-1 8.83588E-1
4.99192E-1 4.90904E-1 4.96245E-1 5.13745E-1 5.18972E-1 5.32548E-1 5.43491E-1 5.35713E-1 5.45956E-1 5.60165E-1 5.93191E-1 6.20398E-1 6.32708E-1 6.53175E-1 6.79427E-1 7.02743E-1 6.99084E-1 7.07415E-1 7.01802E-1 6.97522E-1 7.24149E-1 7.41951E-1 7.42639E-1 7.53992E-1 7.63557E-1 7.84469E-1 8.04253E-1 8.13142E-1 8.17437E-1 8.08062E-1 8.20735E-1 8.37886E-1 8.32948E-1 8.44982E-1 8.76714E-1 8.95626E-1 9.01211E-1 9.15132E-1 9.27299E-1 9.38599E-1 9.58184E-1 9.67558E-1 9.68531E-1 9.5134E-1 9.46685E-1 9.53206E-1 9.54546E-1 9.51263E-1 9.40641E-1 9.07179E-1 8.76756E-1 8.35414E-1 8.35751E-1 8.48243E-1 8.5602E-1 8.61278E-1 8.72281E-1 8.89029E-1 8.96394E-1 8.98317E-1 9.04394E-1
4.90158E-1 4.82899E-1 4.94355E-1 5.15059E-1 5.26468E-1 5.32654E-1 5.35422E-1 5.4E-1 5.40958E-1 5.45878E-1 5.66479E-1 6.02449E-1 6.3737E-1 6.58772E-1 6.92519E-1 7.08551E-1 7.17916E-1 7.48054E-1 7.37706E-1 7.36347E-1 7.56037E-1 7.85568E-1 7.98147E-1 8.0073E-1 8.06847E-1 8.29476E-1 8.50836E-1 8.43707E-1 8.39381E-1 8.28722E-1 8.23404E-1 8.34473E-1 8.60958E-1 8.72573E-1 8.85021E-1 8.94711E-1 9.12414E-1 9.31817E-1 9.46283E-1 9.5773E-1 9.65568E-1 9.7455E-1 9.73907E-1 9.66306E-1 9.61814E-1 9.68742E-1 9.58014E-1 9.52783E-1 9.3521E-1 9.11935E-1 8.90305E-1 8.59213E-1 8.60966E-1 8.6222E-1 8.68825E-1 8.6767E-1 8.76962E-1 8.9011E-1 8.95039E-1 9.00222E-1 9.02399E-1
4.94558E-1 4.99154E-1 5.12803E-1 5.25101E-1 5.25553E-1 5.4102E-1 5.52292E-1 5.65509E-1 5.79832E-1 5.86149E-1 6.09017E-1 6.21699E-1 6.44357E-1 6.81887E-1 7.12306E-1 7.2929E-1 7.47451E-1 7.57115E-1 7.53317E-1 7.61111E-1 7.82097E-1 8.0721E-1 8.20076E-1 8.37182E-1 8.59428E-1 8.68327E-1 8.61422E-1 8.62058E-1 8.6391E-1 8.55571E-1 8.47365E-1 8.3716E-1 8.62863E-1 8.92567E-1 8.99046E-1 9.16236E-1 9.29658E-1 9.45466E-1 9.52449E-1 9.61068E-1 9.73794E-1 9.83032E-1 9.80574E-1 9.7609E-1 9.77796E-1 9.76439E-1 9.67381E-1 9.59697E-1 9.45551E-1 9.313E-1 9.21925E-1 9.10547E-1 8.97657E-1 8.99157E-1 8.88956E-1 8.70778E-1 8.78239E-1 8.85973E-1 8.89486E-1 9.04157E-1 9.02173E-1
5.0395E-1 5.0237E-1 5.21214E-1 5.34477E-1 5.36376E-1 5.54653E-1 5.76554E-1 6.08068E-1 6.20045E-1 6.41175E-1 6.7096E-1 6.69219E-1 6.73438E-1 6.94913E-1 7.18352E-1 7.36849E-1 7.44088E-1 7.47808E-1 7.75901E-1 7.79723E-1 7.97214E-1 8.1314E-1 8.19428E-1 8.4242E-1 8.63917E-1 8.92613E-1 9.03884E-1 8.83232E-1 8.77882E-1 8.71433E-1 8.70502E-1 8.60937E-1 8.75128E-1 9.0714E-1 9.26288E-1 9.4176E-1 9.48638E-1 9.4493E-1 9.55445E-1 9.66502E-1 9.75776E-1 9.85396E-1 9.91753E-1 9.89554E-1 9.8754E-1 9.81428E-1 9.76411E-1 9.70815E-1 9.63052E-1 9.51737E-1 9.43939E-1 9.35362E-1 9.26504E-1 9.3467E-1 9.23369E-1 8.89225E-1 8.81956E-1 8.73311E-1 8.751E-1 8.96092E-1 9.01807E-1
5.2001E-1 5.42379E-1 5.41956E-1 5.77069E-1 5.79986E-1 5.9671E-1 6.01528E-1 6.20005E-1 6.48067E-1 6.75343E-1 7.02752E-1 6.98481E-1 6.9424E-1 7.05576E-1 7.12633E-1 7.1913E-1 7.34361E-1 7.48672E-1 7.72379E-1 7.8364E-1 7.97122E-1 8.17155E-1 8.41384E-1 8.63125E-1 8.86842E-1 9.05701E-1 9.03865E-1 9.0026E-1 9.08098E-1 9.07059E-1 9.07239E-1 9.09114E-1 9.22764E-1 9.42206E-1 9.53087E-1 9.52118E-1 9.48686E-1 9.46836E-1 9.57817E-1 9.68899E-1 9.82772E-1 9.89482E-1 9.93859E-1 9.92935E-1 9.90705E-1 9.88154E-1 9.82944E-1 9.77197E-1 9.72736E-1 9.68726E-1 9.63381E-1 9.48093E-1 9.32106E-1 9.31945E-1 9.27984E-1 9.10102E-1 9.00608E-1 8.82812E-1 8.68416E-1 8.84469E-1 9.00063E-1
5.45694E-1 5.57696E-1 5.7177E-1 5.99324E-1 6.20287E-1 6.2771E-1 6.39553E-1 6.53121E-1 6.65382E-1 6.98642E-1 7.42808E-1 7.36113E-1 7.34874E-1 7.25536E-1 7.05495E-1 7.16015E-1 7.29775E-1 7.49783E-1 7.54125E-1 7.6568E-1 7.81951E-1 8.32761E-1 8.68342E-1 9.10487E-1 9.09656E-1 9.2481E-1 9.21286E-1 9.33401E-1 9.42402E-1 9.41362E-1 9.46894E-1 9.52787E-1 9.61593E-1 9.57395E-1 9.59526E-1 9.55105E-1 9.54938E-1 9.60129E-1 9.65568E-1 9.7622E-1 9.85354E-1 9.89011E-1 9.91693E-1 9.91703E-1 9.9153E-1 9.9047E-1 9.85697E-1 9.82988E-1 9.75579E-1 9.79285E-1 9.83685E-1 9.603E-1 9.29655E-1 9.21472E-1 9.30389E-1 9.26577E-1 9.24756E-1 8.95746E-1 8.83422E-1 8.8937E-1 9.05004E-1
5.67423E-1 5.65481E-1 5.88672E-1 6.15287E-1 6.32319E-1 6.45265E-1 6.6402E-1 6.78256E-1 6.98223E-1 7.16556E-1 7.63633E-1 7.47786E-1 7.42068E-1 7.37053E-1 7.14614E-1 7.25604E-1 7.41733E-1 7.53917E-1 7.52566E-1 7.62674E-1 7.8832E-1 8.40973E-1 8.85274E-1 8.96459E-1 9.20546E-1 9.28677E-1 9.55938E-1 9.64591E-1 9.70673E-1 9.67406E-1 9.69914E-1 9.70305E-1 9.70063E-1 9.6357E-1 9.68442E-1 9.68451E-1 9.69771E-1 9.79549E-1 9.74735E-1 9.77365E-1 9.83989E-1 9.85986E-1 9.89878E-1 9.91494E-1 9.92653E-1 9.91143E-1 9.89844E-1 9.85433E-1 9.83067E-1 9.8081E-1 9.77917E-1 9.6922E-1 9.532E-1 9.55113E-1 9.6152E-1 9.8191E-1 9.77947E-1 9.42382E-1 9.41186E-1 9.17958E-1 9.25097E-1
5.90136E-1 5.9132E-1 6.11403E-1 6.37657E-1 6.61062E-1 6.84546E-1 6.94138E-1 7.06356E-1 7.36194E-1 7.46589E-1 7.47844E-1 7.40873E-1 7.29746E-1 7.37333E-1 7.43685E-1 7.58246E-1 7.84072E-1 7.83847E-1 7.75345E-1 7.78476E-1 7.99505E-1 8.43095E-1 8.80637E-1 9.14144E-1 9.34763E-1 9.47587E-1 9.56237E-1 9.71643E-1 9.76289E-1 9.71679E-1 9.74814E-1 9.79184E-1 9.84034E-1 9.79118E-1 9.82289E-1 9.80943E-1 9.82515E-1 9.80362E-1 9.78675E-1 9.81994E-1 9.85851E-1 9.86369E-1 9.89075E-1 9.90235E-1 9.90545E-1 9.90325E-1 9.90422E-1 9.89715E-1 9.86563E-1 9.86563E-1 9.84224E-1 9.79102E-1 9.71542E-1 9.6476E-1 9.66331E-1 9.78752E-1 9.8214E-1 9.60102E-1 9.57188E-1 9.63507E-1 9.74922E-1
6.04164E-1 6.15971E-1 6.22146E-1 6.47586E-1 6.68832E-1 6.93813E-1 7.18695E-1 7.4141E-1 7.588E-1 7.49488E-1 7.43214E-1 7.22395E-1 7.18466E-1 7.3076E-1 7.65738E-1 8.1445E-1 8.35671E-1 8.22526E-1 8.18632E-1 8.12728E-1 8.28304E-1 8.32742E-1 8.76708E-1 9.28894E-1 9.47672E-1 9.46898E-1 9.55668E-1 9.66012E-1 9.69998E-1 9.65892E-1 9.71056E-1 9.74363E-1 9.74104E-1 9.84408E-1 9.83254E-1 9.84474E-1 9.84954E-1 9.84365E-1 9.84279E-1 9.85877E-1 9.8936E-1 9.88966E-1 9.89825E-1 9.91547E-1 9.915E-1 9.91477E-1 9.89462E-1 9.90476E-1 9.88697E-1 9.90208E-1 9.8744E-1 9.83256E-1 9.78686E-1 9.796E-1 9.68917E-1 9.63422E-1 9.73981E-1 9.61749E-1 9.70875E-1 9.76055E-1 9.81825E-1
6.28403E-1 6.37624E-1 6.45198E-1 6.79527E-1 6.99958E-1 7.20846E-1 7.47903E-1 7.58235E-1 7.67222E-1 7.54877E-1 7.26779E-1 7.13079E-1 7.15282E-1 7.46651E-1 7.82546E-1 8.2957E-1 8.55004E-1 8.59251E-1 8.44907E-1 8.34635E-1 8.23222E-1 8.32494E-1 8.83461E-1 9.31605E-1 9.55082E-1 9.61768E-1 9.68813E-1 9.66008E-1 9.67691E-1 9.57685E-1 9.63703E-1 9.65996E-1 9.7021E-1 9.71622E-1 9.72724E-1 9.79774E-1 9.82954E-1 9.79938E-1 9.77969E-1 9.83077E-1 9.8649E-1 9.89723E-1 9.90824E-1 9.90374E-1 9.93082E-1 9.91657E-1 9.89397E-1 9.88001E-1 9.89061E-1 9.89893E-1 9.88453E-1 9.83602E-1 9.82641E-1 9.7729E-1 9.77423E-1 9.82795E-1 9.7612E-1 9.80612E-1 9.85959E-1 9.83803E-1 9.86133E-1
6.63177E-1 6.66324E-1 6.82515E-1 6.98922E-1 7.32251E-1 7.86473E-1 7.98358E-1 7.80628E-1 7.77548E-1 7.73831E-1 7.48677E-1 7.33807E-1 7.53178E-1 7.74899E-1 8.05204E-1 8.40772E-1 8.62605E-1 8.50707E-1 8.58267E-1 8.50878E-1 8.38974E-1 8.43054E-1 8.74237E-1 9.1087E-1 9.25168E-1 9.51396E-1 9.69498E-1 9.6555E-1 9.61974E-1 9.6356E-1 9.64518E-1 9.61486E-1 9.62691E-1 -9999 -9999 -9999 -9999 -9999 -9999 9.83658E-1 9.86512E-1 9.8679E-1 9.89001E-1 9.89684E-1 9.90772E-1 9.9356E-1 9.93219E-1 9.90288E-1 9.88779E-1 9.90012E-1 9.90648E-1 9.88676E-1 9.80263E-1 9.8144E-1 9.81778E-1 9.85233E-1 9.89967E-1 9.90769E-1 9.90918E-1 9.92246E-1 9.89803E-1
6.66027E-1 6.88114E-1 7.1305E-1 7.16762E-1 7.46392E-1 8.06304E-1 7.96804E-1 7.60197E-1 7.59275E-1 7.76191E-1 7.82708E-1 7.84419E-1 7.90485E-1 8.19078E-1 8.42251E-1 8.72726E-1 8.55393E-1 8.60532E-1 8.74952E-1 8.74623E-1 8.64625E-1 8.60922E-1 8.75497E-1 9.04866E-1 9.29468E-1 9.44086E-1 9.62395E-1 9.73391E-1 9.61293E-1 9.6317E-1 -9999 -9999 -9999 -9999 -9999 -9999 -9999 -9999 -9999 -9999 -9999 -9999 -9999 -9999 -9999 9.92485E-1 9.92532E-1 -9999 9.89963E-1 9.90089E-1 9.92096E-1 9.91272E-1 9.89823E-1 9.91261E-1 9.92188E-1 9.91722E-1 9.93851E-1 9.94026E-1 9.93717E-1 9.92572E-1 9.898E-1
6.89654E-1 7.06301E-1 7.20284E-1 7.09648E-1 7.20382E-1 7.41669E-1 7.43843E-1 7.45872E-1 7.39727E-1 7.62025E-1 7.8211E-1 7.94888E-1 8.12966E-1 8.23301E-1 8.41318E-1 8.48733E-1 8.57729E-1 8.66592E-1 8.85526E-1 8.98088E-1 8.98939E-1 8.82509E-1 9.04248E-1 9.44894E-1 9.58427E-1 9.64358E-1 9.63745E-1 9.66176E-1 9.68009E-1 -9999 -9999 -9999 -9999 -9999 -9999 -9999 -9999 -9999 -9999 -9999 -9999 -9999 -9999 -9999 -9999 -9999 -9999 -9999 9.93844E-1 9.94226E-1 9.93594E-1 9.93731E-1 9.9226E-1 9.93225E-1 9.93292E-1 9.94803E-1 9.95988E-1 9.95976E-1 9.9579E-1 9.95968E-1 9.94741E-1
6.73334E-1 6.69702E-1 6.7601E-1 6.84531E-1 6.9826E-1 7.12989E-1 7.16936E-1 7.19181E-1 7.25046E-1 7.50755E-1 7.68337E-1 7.80863E-1 8.01562E-1 8.13609E-1 8.28753E-1 8.33629E-1 8.45286E-1 8.76255E-1 9.0866E-1 9.26386E-1 9.22422E-1 9.1629E-1 9.36921E-1 9.63453E-1 9.75359E-1 9.7055E-1 9.61281E-1 -9999 -9999 -9999 -9999 -9999 -9999 -9999 -9999 -9999 -9999 -9999 -9999 -9999 -9999 -9999 -9999 -9999 -9999 -9999 -9999 -9999 -9999 -9999 -9999 9.94091E-1 9.95598E-1 9.97493E-1 9.98213E-1 9.96088E-1 9.96168E-1 -9999 -9999 -9999 9.91571E-1
6.62388E-1 6.42959E-1 6.47103E-1 6.6058E-1 6.91783E-1 6.99094E-1 7.12849E-1 7.1892E-1 7.23173E-1 7.49075E-1 7.49487E-1 7.71505E-1 7.90577E-1 8.03572E-1 8.14144E-1 8.22727E-1 8.49096E-1 8.87269E-1 9.16937E-1 9.33776E-1 9.3783E-1 9.36069E-1 9.4818E-1 9.62375E-1 9.72645E-1 9.73371E-1 -9999 -9999 -9999 -9999 -9999 -9999 -9999 -9999 -9999 -9999 -9999 -9999 -9999 -9999 -9999 -9999 -9999 -9999 -9999 -9999 -9999 -9999 -9999 -9999 -9999 -9999 -9999 -9999 -9999 -9999 -9999 -9999 -9999 -9999 9.93981E-1
6.73929E-1 6.4567E-1 6.41945E-1 6.4346E-1 6.58981E-1 6.85823E-1 6.91012E-1 7.26946E-1 7.44068E-1 7.64975E-1 7.71071E-1 7.86109E-1 8.04034E-1 8.10644E-1 8.2237E-1 8.36639E-1 8.5942E-1 8.9063E-1 9.16517E-1 9.38622E-1 9.47371E-1 9.39754E-1 9.47516E-1 9.53816E-1 -9999 -9999 -9999 -9999 -9999 -9999 -9999 -9999 -9999 -9999 -9999 -9999 -9999 -9999 -9999 -9999 -9999 -9999 -9999 -9999 -9999 -9999 -9999 -9999 -9999 -9999 -9999 -9999 -9999 -9999 -9999 -9999 -9999 -9999 -9999 -9999 -9999
6.73065E-1 6.39797E-1 6.29998E-1 6.32708E-1 6.5095E-1 6.70114E-1 7.01009E-1 7.30403E-1 7.63439E-1 7.78283E-1 8.05095E-1 8.18297E-1 8.22074E-1 8.10258E-1 8.2457E-1 8.41112E-1 8.61922E-1 8.90394E-1 9.04075E-1 9.30831E-1 9.38224E-1 9.29382E-1 9.31577E-1 -9999 -9999 -9999 -9999 -9999 -9999 -9999 -9999 -9999 -9999 -9999 -9999 -9999 -9999 -9999 -9999 -9999 -9999 -9999 -9999 -9999 -9999 -9999 -9999 -9999 -9999 -9999 -9999 -9999 -9999 -9999 -9999 -9999 -9999 -9999 -9999 -9999 -9999
6.70419E-1 6.28491E-1 6.28045E-1 6.40478E-1 6.47495E-1 6.75824E-1 7.09904E-1 7.37032E-1 7.70634E-1 8.07438E-1 8.42871E-1 8.39411E-1 8.31283E-1 8.21452E-1 8.31545E-1 8.49118E-1 8.58556E-1 8.75237E-1 8.97365E-1 9.215E-1 -9999 -9999 -9999 -9999 -9999 -9999 -9999 -9999 -9999 -9999 -9999 -9999 -9999 -9999 -9999 -9999 -9999 -9999 -9999 -9999 -9999 -9999 -9999 -9999 -9999 -9999 -9999 -9999 -9999 -9999 -9999 -9999 -9999 -9999 -9999 -9999 -9999 -9999 -9999 -9999 -9999
6.87066E-1 6.62111E-1 6.5501E-1 6.61966E-1 6.5288E-1 6.744E-1 7.10264E-1 7.43606E-1 7.75936E-1 8.09504E-1 8.52571E-1 8.48938E-1 8.45905E-1 8.28102E-1 8.24527E-1 8.42733E-1 8.49923E-1 8.63559E-1 8.82487E-1 -9999 -9999 -9999 -9999 -9999 -9999 -9999 -9999 -9999 -9999 -9999 -9999 -9999 -9999 -9999 -9999 -9999 -9999 -9999 -9999 -9999 -9999 -9999 -9999 -9999 -9999 -9999 -9999 -9999 -9999 -9999 -9999 -9999 -9999 -9999 -9999 -9999 -9999 -9999 -9999 -9999 -9999
6.98193E-1 6.90239E-1 6.84062E-1 6.6267E-1 6.7508E-1 6.87595E-1 7.05234E-1 7.33203E-1 7.69957E-1 8.11231E-1 8.51727E-1 8.74462E-1 8.52731E-1 8.61664E-1 8.53159E-1 8.4622E-1 8.51601E-1 -9999 -9999 -9999 -9999 -9999 -9999 -9999 -9999 -9999 -9999 -9999 -9999 -9999 -9999 -9999 -9999 -9999 -9999 -9999 -9999 -9999 -9999 -9999 -9999 -9999 -9999 -9999 -9999 -9999 -9999 -9999 -9999 -9999 -9999 -9999 -9999 -9999 -9999 -9999 -9999 -9999 -9999 -9999 -9999
7.05372E-1 7.00532E-1 7.08602E-1 6.88028E-1 6.87227E-1 6.92001E-1 6.9631E-1 7.40121E-1 7.78381E-1 8.21918E-1 8.42213E-1 8.70771E-1 8.70073E-1 8.64525E-1 8.34702E-1 8.28697E-1 -9999 -9999 -9999 -9999 -9999 -9999 -9999 -9999 -9999 -9999 -9999 -9999 -9999 -9999 -9999 -9999 -9999 -9999 -9999 -9999 -9999 -9999 -9999 -9999 -9999 -9999 -9999 -9999 -9999 -9999 -9999 -9999 -9999 -9999 -9999 -9999 -9999 -9999 -9999 -9999 -9999 -9999 -9999 -9999 -9999
7.10888E-1 7.11681E-1 7.06441E-1 6.99836E-1 6.85939E-1 6.77899E-1 6.91716E-1 7.36795E-1 7.96206E-1 8.21723E-1 8.30361E-1 8.56529E-1 8.73243E-1 8.09606E-1 8.06022E-1 -9999 -9999 -9999 -9999 -9999 -9999 -9999 -9999 -9999 -9999 -9999 -9999 -9999 -9999 -9999 -9999 -9999 -9999 -9999 -9999 -9999 -9999 -9999 -9999 -9999 -9999 -9999 -9999 -9999 -9999 -9999 -9999 -9999 -9999 -9999 -9999 -9999 -9999 -9999 -9999 -9999 -9999 -9999 -9999 -9999 -9999
7.15931E-1 7.13318E-1 7.17817E-1 7.09193E-1 6.87763E-1 6.78756E-1 6.79611E-1 7.25624E-1 7.63034E-1 7.71535E-1 7.96155E-1 7.9867E-1 7.82959E-1 7.71546E-1 -9999 -9999 -9999 -9999 -9999 -9999 -9999 -9999 -9999 -9999 -9999 -9999 -9999 -9999 -9999 -9999 -9999 -9999 -9999 -9999 -9999 -9999 -9999 -9999 -9999 -9999 -9999 -9999 -9999 -9999 -9999 -9999 -9999 -9999 -9999 -9999 -9999 -9999 -9999 -9999 -9999 -9999 -9999 -9999 -9999 -9999 -9999
7.41083E-1 7.20458E-1 7.28449E-1 7.17088E-1 6.97449E-1 6.92035E-1 6.97891E-1 7.2575E-1 7.35081E-1 7.40029E-1 7.47402E-1 7.45394E-1 7.42484E-1 7.27594E-1 -9999 -9999 -9999 -9999 -9999 -9999 -9999 -9999 -9999 -9999 -9999 -9999 -9999 -9999 -9999 -9999 -9999 -9999 -9999 -9999 -9999 -9999 -9999 -9999 -9999 -9999 -9999 -9999 -9999 -9999 -9999 -9999 -9999 -9999 -9999 -9999 -9999 -9999 -9999 -9999 -9999 -9999 -9999 -9999 -9999 -9999 -9999
7.51604E-1 7.39471E-1 7.37463E-1 7.35618E-1 7.30087E-1 7.1527E-1 7.21175E-1 7.35564E-1 7.41207E-1 7.25018E-1 7.16233E-1 7.16402E-1 7.1302E-1 -9999 -9999 -9999 -9999 -9999 -9999 -9999 -9999 -9999 -9999 -9999 -9999 -9999 -9999 -9999 -9999 -9999 -9999 -9999 -9999 -9999 -9999 -9999 -9999 -9999 -9999 -9999 -9999 -9999 -9999 -9999 -9999 -9999 -9999 -9999 -9999 -9999 -9999 -9999 -9999 -9999 -9999 -9999 -9999 -9999 -9999 -9999 -9999
7.51627E-1 7.60638E-1 7.49953E-1 7.51433E-1 7.3187E-1 7.34576E-1 7.34733E-1 7.35791E-1 7.39473E-1 7.19403E-1 7.18909E-1 7.34909E-1 7.17586E-1 -9999 -9999 -9999 -9999 -9999 -9999 -9999 -9999 -9999 -9999 -9999 -9999 -9999 -9999 -9999 -9999 -9999 -9999 -9999 -9999 -9999 -9999 -9999 -9999 -9999 -9999 -9999 -9999 -9999 -9999 -9999 -9999 -9999 -9999 -9999 -9999 -9999 -9999 -9999 -9999 -9999 -9999 -9999 -9999 -9999 -9999 -9999 -9999
