maxent_outputs/red_flowers_troch_bombus_environ/red_161.asc
ncols         426
nrows         180
xllcorner     -130.0
yllcorner     24.0
cellsize      0.16666666666666666
NODATA_value  -9999
[rows 54 to 80 of 180, columns 61 to 121 of 426]
6.73517E-1 7.01232E-1 6.44897E-1 6.44229E-1 6.78471E-1 6.9777E-1 7.48429E-1 7.26534E-1 7.20559E-1 7.66673E-1 6.98408E-1 5.38419E-1 5.37072E-1 5.51236E-1 6.01975E-1 6.33659E-1 5.44507E-1 5.4541E-1 5.92144E-1 5.6292E-1 5.88742E-1 5.79222E-1 6.00831E-1 6.92956E-1 6.56365E-1 6.85101E-1 6.83126E-1 7.07039E-1 6.80373E-1 6.81999E-1 5.87648E-1 6.53561E-1 6.67681E-1 7.03096E-1 6.38626E-1 6.08606E-1 5.71507E-1 5.04076E-1 6.5433E-1 5.61778E-1 6.09776E-1 5.84652E-1 6.03797E-1 5.60587E-1 5.76214E-1 5.69346E-1 6.42634E-1 6.1031E-1 6.75998E-1 5.90766E-1 6.4556E-1 6.2658E-1 5.73189E-1 6.18603E-1 5.67181E-1 5.4002E-1 5.02614E-1 5.22698E-1 5.92399E-1 6.603E-1 6.28917E-1
6.71942E-1 6.57502E-1 6.55426E-1 6.82403E-1 6.59311E-1 6.93113E-1 7.06289E-1 7.347E-1 6.8138E-1 6.8219E-1 6.76249E-1 6.16337E-1 5.39706E-1 5.28736E-1 5.48174E-1 5.49718E-1 5.4876E-1 5.74275E-1 6.70952E-1 5.69647E-1 5.00348E-1 6.66383E-1 5.49822E-1 6.43937E-1 6.61254E-1 6.68699E-1 7.07459E-1 6.60294E-1 6.12338E-1 6.12498E-1 6.54194E-1 6.96858E-1 7.08784E-1 5.98915E-1 5.01889E-1 6.35599E-1 6.31374E-1 5.28681E-1 5.73863E-1 5.93226E-1 6.46264E-1 6.1622E-1 5.33982E-1 5.13114E-1 5.34044E-1 5.77942E-1 5.54842E-1 5.30355E-1 5.39398E-1 5.19629E-1 5.69744E-1 5.46095E-1 4.58865E-1 5.33959E-1 5.55999E-1 5.89115E-1 5.84677E-1 6.14887E-1 5.80436E-1 6.52177E-1 6.74539E-1
6.75566E-1 6.68521E-1 7.22799E-1 6.97489E-1 7.28851E-1 7.30169E-1 7.219E-1 6.78089E-1 6.4473E-1 5.96403E-1 5.8265E-1 6.13668E-1 5.9188E-1 5.57139E-1 5.26406E-1 6.01091E-1 5.83927E-1 6.3002E-1 4.67974E-1 4.33187E-1 4.6053E-1 6.36696E-1 6.11145E-1 6.4467E-1 6.63653E-1 6.66448E-1 6.64867E-1 6.53635E-1 6.76709E-1 6.83606E-1 6.6998E-1 7.01469E-1 6.92359E-1 5.30423E-1 5.27463E-1 4.7898E-1 5.91412E-1 7.07995E-1 5.86623E-1 5.04372E-1 6.47841E-1 5.36324E-1 5.51546E-1 5.69606E-1 4.91178E-1 4.67109E-1 5.09957E-1 5.47998E-1 5.40513E-1 5.52266E-1 5.44787E-1 5.21416E-1 5.3284E-1 5.31752E-1 5.34265E-1 5.75281E-1 5.93341E-1 5.86964E-1 6.40759E-1 6.5532E-1 6.93845E-1
7.14861E-1 6.65831E-1 6.90738E-1 6.7057E-1 6.59631E-1 6.64356E-1 6.32875E-1 6.6437E-1 7.34746E-1 5.89768E-1 5.21766E-1 5.41112E-1 4.97543E-1 5.51788E-1 5.08626E-1 5.44385E-1 5.26224E-1 5.11149E-1 4.75741E-1 4.47225E-1 4.71525E-1 6.0181E-1 6.2197E-1 6.21577E-1 6.69215E-1 6.51834E-1 6.11249E-1 6.48276E-1 6.34906E-1 6.85588E-1 6.79837E-1 6.97164E-1 7.02873E-1 5.67786E-1 5.56389E-1 6.19958E-1 4.93095E-1 6.05953E-1 6.6543E-1 5.98538E-1 5.36766E-1 6.63718E-1 6.02927E-1 5.3565E-1 5.50722E-1 5.32605E-1 5.32493E-1 4.7523E-1 4.57703E-1 4.65392E-1 4.90883E-1 5.08461E-1 5.57834E-1 5.77954E-1 5.84799E-1 5.72833E-1 6.0801E-1 6.07302E-1 6.62379E-1 6.64443E-1 6.55606E-1
6.28414E-1 6.46216E-1 6.82753E-1 7.16663E-1 6.54046E-1 6.85065E-1 7.20439E-1 7.01149E-1 7.01989E-1 6.4399E-1 5.89313E-1 4.97909E-1 5.09956E-1 5.10418E-1 5.06639E-1 4.87274E-1 4.95585E-1 5.04882E-1 5.14946E-1 4.9385E-1 5.08251E-1 5.1786E-1 6.33578E-1 6.2363E-1 6.64368E-1 6.46462E-1 6.56942E-1 6.4801E-1 6.30232E-1 5.76453E-1 6.66835E-1 6.50984E-1 6.12489E-1 5.36818E-1 5.59944E-1 6.26196E-1 6.07988E-1 5.57275E-1 4.94121E-1 5.80548E-1 5.64302E-1 5.43186E-1 5.74331E-1 4.87654E-1 4.63368E-1 4.43063E-1 4.5653E-1 4.50025E-1 4.5906E-1 5.08527E-1 4.94146E-1 5.1224E-1 5.14252E-1 5.61073E-1 6.01415E-1 5.55984E-1 5.57724E-1 5.99974E-1 6.37554E-1 6.84098E-1 7.2147E-1
6.17061E-1 6.66208E-1 6.64689E-1 6.85028E-1 6.40635E-1 5.90113E-1 6.69154E-1 6.16928E-1 6.33098E-1 5.48629E-1 5.35183E-1 4.9725E-1 5.17119E-1 5.34499E-1 4.81109E-1 4.7148E-1 4.84892E-1 4.98097E-1 4.90762E-1 4.90294E-1 5.44378E-1 5.28619E-1 6.18288E-1 5.75516E-1 6.36314E-1 6.07663E-1 6.1986E-1 6.38934E-1 6.73317E-1 6.27331E-1 6.60609E-1 7.26897E-1 6.41339E-1 5.98578E-1 6.0967E-1 4.8254E-1 6.68453E-1 7.03198E-1 5.50043E-1 4.94165E-1 6.61687E-1 5.21412E-1 5.21795E-1 4.33521E-1 4.20996E-1 4.15085E-1 4.37243E-1 4.4873E-1 4.37719E-1 4.40104E-1 4.89677E-1 4.9749E-1 5.45051E-1 5.62961E-1 5.26146E-1 5.59432E-1 5.89371E-1 6.23534E-1 6.29233E-1 6.88269E-1 7.16548E-1
6.31857E-1 6.77485E-1 6.73975E-1 6.32635E-1 6.49458E-1 6.15722E-1 6.27909E-1 5.08083E-1 5.40852E-1 5.11049E-1 5.44452E-1 5.50156E-1 5.17449E-1 4.90205E-1 4.66929E-1 4.66843E-1 4.99069E-1 4.99344E-1 4.86999E-1 5.11212E-1 5.49436E-1 5.33845E-1 5.99971E-1 5.78051E-1 6.46036E-1 6.01684E-1 5.93194E-1 6.14411E-1 6.75826E-1 6.68176E-1 6.4053E-1 7.07361E-1 7.15814E-1 6.85529E-1 6.17378E-1 6.02438E-1 5.94614E-1 5.39981E-1 5.53487E-1 5.78663E-1 4.99214E-1 5.66234E-1 4.21819E-1 4.03324E-1 4.15734E-1 4.05541E-1 4.16411E-1 4.25702E-1 4.49395E-1 4.66282E-1 4.88169E-1 4.59788E-1 5.21152E-1 6.4071E-1 6.41678E-1 5.24969E-1 5.30376E-1 5.53846E-1 6.42371E-1 7.32788E-1 6.83553E-1
6.17351E-1 5.83988E-1 6.01733E-1 5.63152E-1 5.59944E-1 6.40017E-1 6.24413E-1 5.32229E-1 4.96444E-1 5.29177E-1 5.39014E-1 5.61742E-1 5.4355E-1 5.25874E-1 5.06268E-1 5.10508E-1 5.17098E-1 5.12297E-1 5.07817E-1 5.03923E-1 5.19874E-1 5.65866E-1 6.27003E-1 5.45683E-1 6.18489E-1 5.72852E-1 6.12979E-1 6.29761E-1 6.45173E-1 6.46384E-1 6.78459E-1 6.67169E-1 6.07911E-1 6.54677E-1 7.23919E-1 6.79147E-1 6.34828E-1 5.24468E-1 4.75775E-1 5.54155E-1 5.22867E-1 4.09886E-1 3.94976E-1 4.01882E-1 4.19518E-1 4.15067E-1 4.35306E-1 4.61897E-1 4.83832E-1 5.26592E-1 5.79569E-1 4.97803E-1 4.66682E-1 6.68819E-1 5.73784E-1 4.66437E-1 5.57146E-1 6.19294E-1 6.72013E-1 6.83763E-1 6.94445E-1
5.78173E-1 5.60308E-1 5.53317E-1 5.53444E-1 5.37131E-1 5.12114E-1 5.07336E-1 5.35465E-1 5.70337E-1 5.50837E-1 5.46235E-1 5.3445E-1 5.35673E-1 5.43374E-1 5.47244E-1 5.8764E-1 5.21036E-1 5.20705E-1 5.3952E-1 5.26547E-1 5.22107E-1 5.63424E-1 5.76727E-1 5.39691E-1 5.20521E-1 5.77854E-1 6.60285E-1 5.95343E-1 6.16674E-1 6.1057E-1 6.06882E-1 6.37041E-1 5.65997E-1 5.39891E-1 5.51719E-1 5.80121E-1 5.74071E-1 5.09444E-1 4.33972E-1 4.39315E-1 4.2837E-1 4.0306E-1 4.16647E-1 4.36693E-1 4.48653E-1 4.64962E-1 4.65027E-1 4.90092E-1 5.14935E-1 5.29486E-1 5.56647E-1 5.8428E-1 5.66811E-1 6.39677E-1 4.53867E-1 5.25985E-1 5.88916E-1 5.70241E-1 5.92341E-1 6.23958E-1 6.05168E-1
5.86679E-1 5.65699E-1 5.56107E-1 5.51194E-1 5.41962E-1 5.3928E-1 5.73814E-1 5.52344E-1 5.5972E-1 5.36051E-1 5.5389E-1 5.59837E-1 5.29452E-1 5.36117E-1 5.41966E-1 5.81991E-1 5.61039E-1 5.5342E-1 5.4177E-1 5.30398E-1 5.04908E-1 4.90168E-1 4.7863E-1 5.07613E-1 5.34892E-1 5.31126E-1 5.56369E-1 5.06364E-1 5.27109E-1 5.00971E-1 4.77876E-1 4.8324E-1 4.76469E-1 4.66023E-1 4.98635E-1 4.63156E-1 4.8655E-1 4.82567E-1 4.5682E-1 4.30064E-1 4.34676E-1 4.46071E-1 4.48929E-1 4.58008E-1 4.72815E-1 4.80299E-1 4.86843E-1 5.12908E-1 5.02419E-1 5.36755E-1 5.22419E-1 5.49507E-1 6.22601E-1 5.64676E-1 5.10749E-1 6.34651E-1 6.35964E-1 6.44272E-1 5.92836E-1 5.92972E-1 7.47007E-1
5.91632E-1 5.91031E-1 5.84208E-1 5.80877E-1 5.62576E-1 5.6955E-1 5.80848E-1 5.57496E-1 5.56074E-1 5.64957E-1 5.5567E-1 5.10149E-1 5.36633E-1 5.51524E-1 5.506E-1 5.75276E-1 5.41381E-1 5.67877E-1 5.71925E-1 5.25214E-1 5.08852E-1 4.81183E-1 4.59531E-1 4.67897E-1 4.801E-1 5.3768E-1 5.53103E-1 5.01179E-1 4.74241E-1 4.74549E-1 4.54699E-1 4.58338E-1 4.55111E-1 4.53536E-1 4.58695E-1 4.56438E-1 4.59993E-1 4.61057E-1 4.78574E-1 4.43475E-1 4.49159E-1 4.58597E-1 4.48798E-1 4.65766E-1 4.76E-1 4.85261E-1 5.09287E-1 5.65175E-1 5.04031E-1 4.84668E-1 5.43081E-1 5.74745E-1 5.56621E-1 5.96279E-1 5.50663E-1 5.84056E-1 4.98691E-1 5.88586E-1 5.7103E-1 6.19442E-1 7.59947E-1
5.97336E-1 6.10038E-1 6.02833E-1 5.95908E-1 5.90225E-1 5.85783E-1 5.69862E-1 5.79574E-1 6.07737E-1 5.7553E-1 5.35496E-1 5.22339E-1 5.08572E-1 5.18464E-1 5.20463E-1 5.21609E-1 5.26325E-1 5.71845E-1 6.27744E-1 5.81169E-1 5.0534E-1 4.84331E-1 4.78232E-1 4.63E-1 4.74676E-1 4.85039E-1 4.95767E-1 5.18689E-1 5.23947E-1 5.21155E-1 5.2196E-1 5.15799E-1 4.97647E-1 4.66083E-1 4.49343E-1 4.46164E-1 4.51735E-1 4.62451E-1 4.76349E-1 4.54324E-1 4.66346E-1 4.52269E-1 4.61135E-1 4.79857E-1 4.86096E-1 4.94408E-1 5.28671E-1 4.81582E-1 4.77072E-1 4.45865E-1 4.63112E-1 5.57863E-1 4.99849E-1 5.62991E-1 5.53205E-1 6.07045E-1 5.20031E-1 4.95394E-1 4.72454E-1 5.53233E-1 6.91688E-1
6.2478E-1 6.16354E-1 6.08674E-1 5.88521E-1 5.86416E-1 5.96138E-1 5.98289E-1 6.27476E-1 6.17138E-1 5.69658E-1 5.84281E-1 5.35234E-1 4.965E-1 4.97696E-1 5.20145E-1 5.174E-1 5.30304E-1 5.43099E-1 6.12116E-1 5.95576E-1 5.49934E-1 5.01296E-1 5.00584E-1 5.16343E-1 5.06616E-1 4.84547E-1 4.79992E-1 4.87133E-1 4.68308E-1 4.91853E-1 5.0409E-1 4.95883E-1 4.95006E-1 4.67157E-1 4.45571E-1 4.55812E-1 4.57131E-1 4.5857E-1 4.65047E-1 4.92157E-1 4.7459E-1 4.82736E-1 5.27434E-1 5.17761E-1 5.13213E-1 5.39461E-1 5.62782E-1 4.72353E-1 4.64767E-1 4.49004E-1 4.71092E-1 5.1899E-1 5.0566E-1 4.98046E-1 5.75475E-1 6.1457E-1 5.64473E-1 4.53709E-1 4.30407E-1 4.30578E-1 5.17151E-1
6.12165E-1 5.99255E-1 5.93051E-1 5.73486E-1 5.65415E-1 6.00011E-1 6.49547E-1 7.30913E-1 5.71716E-1 5.84358E-1 5.61913E-1 5.2459E-1 4.77392E-1 4.78167E-1 5.28188E-1 5.31164E-1 5.43152E-1 6.08514E-1 6.12261E-1 5.6178E-1 5.74266E-1 5.76524E-1 5.26689E-1 4.89911E-1 4.74612E-1 4.7298E-1 4.56489E-1 4.57713E-1 4.51831E-1 4.95527E-1 5.10069E-1 5.09406E-1 5.06811E-1 4.67902E-1 4.70679E-1 4.86997E-1 4.82735E-1 4.88474E-1 4.86047E-1 4.92932E-1 4.73227E-1 5.04984E-1 5.22847E-1 5.02682E-1 5.48148E-1 4.94343E-1 5.70898E-1 4.42443E-1 4.6598E-1 4.45117E-1 4.61628E-1 5.42708E-1 4.97818E-1 4.76227E-1 6.0376E-1 6.39513E-1 5.48599E-1 4.66074E-1 4.2134E-1 4.13271E-1 4.00418E-1
6.3325E-1 6.45989E-1 6.17351E-1 5.86227E-1 5.61335E-1 6.06777E-1 6.28145E-1 6.52437E-1 5.34129E-1 5.47671E-1 5.14306E-1 4.97139E-1 5.11192E-1 5.05241E-1 5.43388E-1 5.34838E-1 5.31921E-1 5.54977E-1 5.62146E-1 5.40642E-1 5.3899E-1 5.40623E-1 5.70353E-1 5.55805E-1 5.08752E-1 5.08735E-1 4.84071E-1 4.84993E-1 4.89762E-1 5.21648E-1 5.41367E-1 5.32001E-1 5.21821E-1 5.21162E-1 5.10407E-1 5.10236E-1 5.22694E-1 5.19911E-1 4.94975E-1 4.81977E-1 5.06761E-1 5.05457E-1 5.82537E-1 5.04663E-1 5.20515E-1 4.67802E-1 4.97247E-1 5.36751E-1 4.68192E-1 5.22483E-1 5.115E-1 5.60836E-1 5.18037E-1 5.42359E-1 5.99003E-1 6.45684E-1 5.54852E-1 4.49515E-1 3.95907E-1 3.89632E-1 3.85705E-1
6.87361E-1 6.42313E-1 6.35644E-1 6.35986E-1 5.97673E-1 5.83086E-1 6.27131E-1 5.43311E-1 5.40869E-1 5.28756E-1 5.43745E-1 5.62116E-1 5.65041E-1 5.69861E-1 5.60058E-1 5.50485E-1 5.47178E-1 5.98144E-1 5.39988E-1 5.28927E-1 5.34545E-1 5.25905E-1 5.51008E-1 5.62835E-1 5.55437E-1 5.42049E-1 5.24926E-1 5.2929E-1 5.09792E-1 5.13066E-1 5.17804E-1 5.28404E-1 5.44555E-1 5.5269E-1 5.38763E-1 5.20674E-1 5.34319E-1 5.53683E-1 5.31117E-1 5.03496E-1 5.5682E-1 5.39811E-1 5.46002E-1 5.0479E-1 4.88641E-1 5.03471E-1 4.70856E-1 5.49045E-1 4.61935E-1 5.94303E-1 4.5481E-1 5.2699E-1 4.80815E-1 4.92338E-1 5.94599E-1 6.01778E-1 5.94484E-1 4.70297E-1 4.08206E-1 4.05046E-1 3.83387E-1
6.4905E-1 6.27551E-1 6.22262E-1 6.30113E-1 6.15334E-1 6.06553E-1 6.08737E-1 5.44988E-1 5.80048E-1 5.72635E-1 6.24044E-1 5.72755E-1 5.64452E-1 5.81755E-1 5.7042E-1 5.60321E-1 5.34556E-1 5.32337E-1 5.24106E-1 5.21233E-1 5.32747E-1 5.20649E-1 5.27249E-1 5.62189E-1 5.67427E-1 5.62783E-1 5.28485E-1 5.2917E-1 5.31938E-1 5.49407E-1 5.55721E-1 5.33938E-1 5.44109E-1 5.69639E-1 5.71675E-1 5.4058E-1 5.68004E-1 5.81897E-1 5.24669E-1 4.99183E-1 5.03556E-1 5.11955E-1 4.72235E-1 4.80825E-1 4.87082E-1 4.66676E-1 5.09573E-1 4.44952E-1 4.81201E-1 5.92112E-1 4.50942E-1 4.45927E-1 4.02021E-1 4.84603E-1 5.76263E-1 5.81513E-1 5.31906E-1 4.53959E-1 4.45697E-1 4.28187E-1 3.97933E-1
6.43669E-1 6.28284E-1 6.31628E-1 6.2816E-1 6.36371E-1 6.04172E-1 6.1921E-1 5.67137E-1 6.03701E-1 6.63293E-1 5.98278E-1 5.94191E-1 5.27762E-1 5.78283E-1 5.76622E-1 5.62088E-1 5.44729E-1 5.40099E-1 5.31115E-1 5.17799E-1 5.28358E-1 5.31361E-1 5.70416E-1 5.855E-1 5.7067E-1 5.73082E-1 5.55326E-1 5.29569E-1 5.49626E-1 5.8564E-1 5.7037E-1 5.34353E-1 4.93307E-1 5.55294E-1 5.24037E-1 5.36064E-1 5.5664E-1 5.17733E-1 5.13729E-1 5.05649E-1 5.38674E-1 4.39225E-1 4.48211E-1 4.52339E-1 4.49821E-1 4.43596E-1 4.91982E-1 4.31701E-1 4.895E-1 6.10124E-1 5.71716E-1 5.60518E-1 4.3995E-1 4.11488E-1 5.12278E-1 5.22787E-1 4.9541E-1 4.38894E-1 4.40692E-1 4.06456E-1 4.04002E-1
6.40084E-1 6.40251E-1 6.53179E-1 6.36474E-1 6.21134E-1 5.78106E-1 5.59249E-1 5.58419E-1 6.3623E-1 5.80535E-1 5.81665E-1 5.59718E-1 5.14558E-1 5.59672E-1 6.00721E-1 5.85693E-1 5.50639E-1 5.41438E-1 5.37255E-1 5.2273E-1 5.2444E-1 5.25611E-1 5.70042E-1 5.95457E-1 5.8684E-1 5.96854E-1 6.29074E-1 6.18873E-1 5.99921E-1 5.44621E-1 5.50645E-1 5.12375E-1 5.28932E-1 5.0706E-1 4.78162E-1 5.37231E-1 5.3277E-1 5.60785E-1 6.16619E-1 5.43133E-1 4.22118E-1 4.01976E-1 4.33196E-1 4.54717E-1 4.54757E-1 4.54521E-1 4.60307E-1 4.27469E-1 5.4348E-1 5.88251E-1 6.10757E-1 5.55666E-1 4.3709E-1 4.2498E-1 4.93572E-1 4.83722E-1 4.72924E-1 4.21731E-1 4.03592E-1 3.97334E-1 3.97245E-1
6.12898E-1 6.30619E-1 6.19228E-1 6.39484E-1 6.3567E-1 6.04022E-1 6.11213E-1 5.79304E-1 5.8848E-1 5.18722E-1 5.7446E-1 5.16211E-1 5.19431E-1 6.29035E-1 5.99079E-1 5.82193E-1 5.51157E-1 5.34073E-1 5.34047E-1 5.20689E-1 5.10429E-1 5.33613E-1 6.16577E-1 5.50379E-1 5.4944E-1 5.81304E-1 6.64862E-1 6.2102E-1 5.18648E-1 5.4581E-1 5.48503E-1 5.41092E-1 5.10728E-1 5.06176E-1 5.24943E-1 5.00689E-1 5.558E-1 4.97651E-1 4.60009E-1 4.46106E-1 4.31193E-1 4.34713E-1 4.76641E-1 4.61261E-1 4.45835E-1 4.60959E-1 4.66202E-1 4.32614E-1 5.52994E-1 5.46966E-1 5.38938E-1 4.6799E-1 4.33766E-1 4.59192E-1 4.70539E-1 4.67809E-1 4.56698E-1 4.21825E-1 4.16765E-1 4.09485E-1 4.08314E-1
5.95031E-1 6.15408E-1 6.14911E-1 6.14136E-1 6.09419E-1 6.26624E-1 6.30913E-1 5.63655E-1 5.04157E-1 5.06018E-1 5.25063E-1 4.90114E-1 5.71409E-1 6.06931E-1 5.72438E-1 5.56077E-1 5.35762E-1 5.24054E-1 5.21635E-1 5.18628E-1 5.34916E-1 5.56283E-1 5.73148E-1 6.0244E-1 5.383E-1 5.42572E-1 5.36433E-1 5.1036E-1 5.5864E-1 5.25614E-1 5.18016E-1 5.2133E-1 4.85659E-1 5.2295E-1 5.30852E-1 4.6871E-1 5.39539E-1 4.55834E-1 4.51717E-1 4.30308E-1 4.93584E-1 6.03032E-1 5.43297E-1 4.76318E-1 4.64504E-1 4.73027E-1 4.82195E-1 4.83776E-1 5.336E-1 5.19027E-1 5.84401E-1 4.59823E-1 4.47494E-1 4.91811E-1 4.89682E-1 4.66875E-1 4.52643E-1 4.20564E-1 4.17549E-1 4.20177E-1 4.18038E-1
6.12383E-1 6.28751E-1 5.93587E-1 6.0385E-1 6.27951E-1 6.25007E-1 4.97003E-1 4.90551E-1 5.82478E-1 4.89324E-1 4.84032E-1 4.80463E-1 5.78389E-1 5.29244E-1 5.14129E-1 5.04594E-1 5.34563E-1 5.65004E-1 5.47572E-1 5.62715E-1 5.85466E-1 5.72639E-1 5.50448E-1 5.72012E-1 5.33969E-1 5.05797E-1 5.3856E-1 4.96219E-1 5.23319E-1 5.33327E-1 4.98679E-1 4.67197E-1 4.98671E-1 5.06025E-1 4.76863E-1 4.32351E-1 4.61285E-1 4.51016E-1 4.54965E-1 4.77629E-1 5.02855E-1 6.22948E-1 6.70606E-1 5.62946E-1 5.03118E-1 4.93895E-1 5.22774E-1 5.44204E-1 5.70483E-1 5.42466E-1 5.89579E-1 4.81108E-1 4.35169E-1 4.97574E-1 5.05813E-1 4.80902E-1 4.67383E-1 4.48716E-1 4.47679E-1 4.42457E-1 4.18765E-1
6.33573E-1 6.19057E-1 6.20118E-1 5.96261E-1 5.87984E-1 5.27134E-1 4.73673E-1 5.4871E-1 5.96982E-1 4.84118E-1 5.03923E-1 5.10186E-1 5.44384E-1 4.76754E-1 5.34054E-1 5.38381E-1 5.37689E-1 5.97775E-1 5.36767E-1 5.13092E-1 5.51613E-1 5.54874E-1 5.59023E-1 5.30007E-1 4.97244E-1 5.05796E-1 5.03377E-1 4.5927E-1 4.5132E-1 5.16729E-1 5.24069E-1 4.91568E-1 5.26265E-1 4.65289E-1 4.6039E-1 4.52245E-1 4.17736E-1 4.69878E-1 4.98991E-1 4.75108E-1 4.97659E-1 5.66601E-1 6.64763E-1 6.66096E-1 5.68059E-1 5.51473E-1 4.71329E-1 5.4913E-1 4.84546E-1 5.44984E-1 5.48576E-1 4.88487E-1 4.55794E-1 4.76062E-1 5.11061E-1 5.10148E-1 5.10992E-1 4.84028E-1 4.57064E-1 4.63536E-1 4.36427E-1
6.34225E-1 6.32334E-1 6.44608E-1 6.43208E-1 5.02198E-1 5.03699E-1 4.69697E-1 5.58297E-1 5.02808E-1 4.72478E-1 4.942E-1 4.92749E-1 5.10705E-1 4.71067E-1 5.44237E-1 4.97265E-1 4.67357E-1 5.37497E-1 5.10636E-1 5.1708E-1 5.44974E-1 5.84775E-1 5.24631E-1 5.19245E-1 5.43509E-1 4.88666E-1 4.64349E-1 4.55115E-1 5.32921E-1 5.20055E-1 5.06581E-1 5.51188E-1 4.85813E-1 5.07542E-1 5.25236E-1 4.80341E-1 4.59237E-1 5.03041E-1 5.09899E-1 5.15563E-1 4.61711E-1 4.5039E-1 5.69589E-1 6.62944E-1 7.01467E-1 6.33025E-1 5.39062E-1 5.49214E-1 4.94764E-1 5.26511E-1 5.25941E-1 5.15715E-1 5.08065E-1 5.03217E-1 5.55231E-1 6.11927E-1 5.92934E-1 5.6167E-1 5.22138E-1 5.00632E-1 4.56967E-1
5.98637E-1 6.34863E-1 6.01896E-1 5.26871E-1 4.73883E-1 4.7274E-1 4.72614E-1 5.21076E-1 5.01982E-1 4.83302E-1 5.07243E-1 4.84693E-1 5.12437E-1 5.86529E-1 5.26207E-1 4.6921E-1 4.51205E-1 5.02097E-1 4.7775E-1 4.99488E-1 5.06497E-1 5.02829E-1 5.05509E-1 5.15827E-1 5.05684E-1 4.66991E-1 4.43408E-1 5.36407E-1 6.02274E-1 4.90051E-1 4.74E-1 5.44406E-1 4.59348E-1 4.87408E-1 4.55365E-1 4.44022E-1 4.85261E-1 5.12299E-1 5.45957E-1 4.93927E-1 4.64286E-1 4.2031E-1 4.82591E-1 5.64669E-1 6.83575E-1 6.46727E-1 5.21234E-1 5.22941E-1 5.97535E-1 5.30035E-1 5.07388E-1 5.34477E-1 6.07053E-1 6.36709E-1 6.87887E-1 7.22854E-1 7.31629E-1 7.04783E-1 6.67317E-1 6.09665E-1 5.16164E-1
6.2791E-1 5.85042E-1 5.91795E-1 5.07091E-1 5.16547E-1 5.14975E-1 5.28271E-1 5.57771E-1 5.23927E-1 5.20809E-1 4.90454E-1 5.53739E-1 4.93636E-1 5.87392E-1 5.3753E-1 5.33915E-1 4.94267E-1 4.98323E-1 5.27044E-1 4.6271E-1 4.72304E-1 5.16924E-1 4.5357E-1 4.84726E-1 4.73448E-1 4.59022E-1 5.47641E-1 5.90538E-1 5.4153E-1 4.73725E-1 4.71107E-1 4.9327E-1 4.41473E-1 5.40815E-1 4.58317E-1 4.78044E-1 4.80225E-1 4.80362E-1 4.97288E-1 4.65834E-1 4.19577E-1 4.71034E-1 4.61447E-1 5.20383E-1 5.67695E-1 6.62717E-1 5.01123E-1 5.06447E-1 5.74623E-1 5.80756E-1 5.06756E-1 5.96109E-1 7.03591E-1 7.23504E-1 7.23172E-1 7.24209E-1 7.10859E-1 7.42608E-1 7.39295E-1 7.33938E-1 6.91091E-1
5.22346E-1 5.27314E-1 5.08845E-1 5.66734E-1 5.57824E-1 5.66967E-1 5.76228E-1 5.4076E-1 5.17944E-1 5.30249E-1 5.23527E-1 5.72452E-1 5.20289E-1 5.32173E-1 5.6889E-1 5.3769E-1 5.8224E-1 4.59665E-1 5.17562E-1 5.13137E-1 4.66102E-1 5.12769E-1 5.32157E-1 5.08462E-1 4.69098E-1 5.2878E-1 6.87565E-1 5.01874E-1 5.04593E-1 5.32414E-1 5.73817E-1 5.27323E-1 4.33981E-1 5.63362E-1 4.40897E-1 4.74451E-1 4.66033E-1 4.53412E-1 4.37994E-1 4.30595E-1 4.2935E-1 4.96703E-1 4.49023E-1 5.71301E-1 4.58825E-1 5.36263E-1 5.25097E-1 4.9371E-1 6.50286E-1 6.78616E-1 4.96711E-1 5.41468E-1 6.56289E-1 6.97053E-1 7.36594E-1 7.35496E-1 6.91138E-1 6.38873E-1 5.79384E-1 5.53555E-1 5.22063E-1
