maxent_outputs/white_flowers_linear/white_323.asc
ncols         426
nrows         180
xllcorner     -130.0
yllcorner     24.0
cellsize      0.16666666666666666
NODATA_value  -9999
[rows 81 to 107 of 180, columns 61 to 121 of 426]
1.16893E-1 1.03769E-1 1.17946E-1 1.01468E-1 9.70495E-2 1.07348E-1 1.00815E-1 8.37347E-2 8.98853E-2 7.86028E-2 8.72297E-2 9.22214E-2 7.68352E-2 7.57913E-2 7.70026E-2 7.7655E-2 7.5378E-2 6.68157E-2 6.45967E-2 6.60098E-2 5.92819E-2 5.65081E-2 4.93829E-2 4.70564E-2 4.69558E-2 4.52637E-2 4.45811E-2 4.50606E-2 4.73192E-2 4.63881E-2 4.66373E-2 4.53241E-2 4.2548E-2 5.09529E-2 6.81171E-2 7.43722E-2 8.10635E-2 7.73647E-2 7.6665E-2 7.76807E-2 7.69336E-2 6.8075E-2 6.09661E-2 4.86576E-2 5.50238E-2 4.33943E-2 5.00807E-2 6.34648E-2 5.58781E-2 3.63383E-2 3.35502E-2 2.94415E-2 2.54833E-2 2.80273E-2 3.04509E-2 3.14409E-2 2.81403E-2 2.80065E-2 2.85455E-2 2.62066E-2 2.62256E-2
1.27478E-1 1.40919E-1 1.17708E-1 1.14509E-1 9.24504E-2 1.06408E-1 9.44825E-2 1.00298E-1 9.66292E-2 8.57919E-2 8.7578E-2 8.17707E-2 8.72327E-2 9.00231E-2 7.99317E-2 8.0646E-2 7.88061E-2 6.64701E-2 7.59641E-2 6.46152E-2 5.74319E-2 5.43644E-2 4.85484E-2 4.85055E-2 4.72433E-2 4.28764E-2 5.15686E-2 4.83019E-2 4.35703E-2 4.37404E-2 4.50877E-2 4.75914E-2 4.81821E-2 5.15058E-2 5.84878E-2 6.38678E-2 7.1039E-2 7.1278E-2 7.60479E-2 7.61334E-2 7.47169E-2 7.09281E-2 6.00869E-2 5.29708E-2 5.00694E-2 5.27348E-2 4.9285E-2 6.38072E-2 7.9084E-2 4.47611E-2 3.40463E-2 2.63153E-2 2.50062E-2 2.91267E-2 3.20682E-2 3.7753E-2 3.2908E-2 2.9015E-2 2.6165E-2 2.38987E-2 2.36492E-2
1.04733E-1 2.29993E-1 1.36219E-1 1.07961E-1 9.02787E-2 1.00623E-1 1.02505E-1 1.03063E-1 9.45985E-2 9.65648E-2 8.69513E-2 8.2941E-2 1.00602E-1 9.63708E-2 7.73516E-2 7.58965E-2 6.96952E-2 7.02055E-2 6.81639E-2 5.51385E-2 5.49129E-2 5.1576E-2 4.95012E-2 4.29898E-2 5.02551E-2 4.6443E-2 5.53545E-2 4.4E-2 3.91449E-2 3.56203E-2 4.57907E-2 4.55142E-2 4.62248E-2 4.90419E-2 5.23209E-2 5.24175E-2 6.78962E-2 6.94193E-2 7.37263E-2 7.48119E-2 6.52296E-2 6.45824E-2 6.44482E-2 5.46053E-2 5.08362E-2 5.20036E-2 5.24411E-2 6.56118E-2 5.43362E-2 4.77601E-2 3.70522E-2 2.76188E-2 2.31209E-2 2.7947E-2 3.59863E-2 3.68466E-2 3.35114E-2 2.84297E-2 2.72696E-2 2.64327E-2 2.54536E-2
8.96722E-2 1.38349E-1 1.59669E-1 1.2264E-1 1.11956E-1 1.14395E-1 1.11207E-1 1.04087E-1 9.54341E-2 9.01441E-2 8.84254E-2 1.20618E-1 9.446E-2 8.71967E-2 6.46841E-2 7.16829E-2 7.20421E-2 6.33043E-2 5.60998E-2 4.80849E-2 4.7597E-2 4.94057E-2 5.018E-2 4.35022E-2 4.81749E-2 4.8613E-2 4.65914E-2 4.32258E-2 3.91623E-2 4.62043E-2 4.92106E-2 4.14198E-2 4.16821E-2 4.78393E-2 4.78753E-2 4.11204E-2 6.59199E-2 6.73189E-2 7.59363E-2 7.41878E-2 7.17135E-2 6.26069E-2 6.56843E-2 5.80176E-2 4.54819E-2 4.61371E-2 4.97011E-2 5.59204E-2 4.26164E-2 3.67601E-2 3.48493E-2 2.96561E-2 2.19783E-2 2.45554E-2 2.79934E-2 3.0506E-2 3.39452E-2 3.31904E-2 3.13463E-2 3.12576E-2 3.00869E-2
9.31869E-2 9.34379E-2 9.39147E-2 1.2005E-1 1.2133E-1 1.17012E-1 1.07086E-1 9.697E-2 8.69935E-2 8.89214E-2 1.13984E-1 1.0765E-1 7.72358E-2 6.74221E-2 6.49742E-2 6.86855E-2 6.46252E-2 4.95169E-2 6.08396E-2 5.02673E-2 4.54965E-2 4.66561E-2 4.94087E-2 4.41592E-2 4.6893E-2 4.69495E-2 3.71462E-2 4.06075E-2 3.90966E-2 4.16182E-2 4.97748E-2 4.30884E-2 5.18692E-2 4.79462E-2 4.31724E-2 4.84076E-2 6.56519E-2 6.69259E-2 7.51845E-2 7.19671E-2 6.30983E-2 6.3904E-2 6.11465E-2 5.81368E-2 5.71185E-2 5.19576E-2 4.89151E-2 4.9703E-2 4.1108E-2 3.29018E-2 2.94033E-2 2.0874E-2 2.08013E-2 3.1015E-2 2.96691E-2 3.01916E-2 3.31607E-2 3.72592E-2 3.98953E-2 3.76652E-2 3.14365E-2
1.08085E-1 1.0617E-1 1.087E-1 1.19783E-1 1.18888E-1 1.0794E-1 9.79582E-2 9.15084E-2 8.93361E-2 8.15191E-2 1.00136E-1 6.31893E-2 6.10699E-2 5.85795E-2 5.64696E-2 6.26186E-2 5.76597E-2 5.11017E-2 5.07046E-2 4.83535E-2 3.84855E-2 4.02397E-2 4.47741E-2 4.40381E-2 4.60115E-2 4.71537E-2 3.56237E-2 3.862E-2 3.67633E-2 4.34106E-2 4.59451E-2 4.02945E-2 5.16374E-2 4.53307E-2 5.34624E-2 6.26696E-2 6.60667E-2 7.20393E-2 7.46616E-2 6.90789E-2 6.78231E-2 6.39523E-2 6.08774E-2 5.52154E-2 5.74951E-2 6.20568E-2 5.14588E-2 4.61241E-2 3.8414E-2 3.79276E-2 3.28022E-2 1.98963E-2 2.62995E-2 3.94615E-2 3.98401E-2 3.86294E-2 3.8307E-2 2.74E-2 4.50934E-2 3.81982E-2 3.26385E-2
9.14705E-2 8.96012E-2 1.06119E-1 1.1259E-1 1.13893E-1 1.03132E-1 9.64596E-2 9.73351E-2 9.54192E-2 9.02602E-2 8.97734E-2 7.13448E-2 5.16235E-2 5.39006E-2 5.06562E-2 5.64507E-2 4.85933E-2 6.33024E-2 5.73534E-2 4.38049E-2 4.23975E-2 4.09637E-2 4.47261E-2 4.51252E-2 4.52944E-2 3.99075E-2 3.62218E-2 3.40232E-2 3.43505E-2 4.05654E-2 3.98882E-2 3.41104E-2 5.17067E-2 3.67317E-2 5.68479E-2 5.86002E-2 7.07482E-2 7.09416E-2 6.79239E-2 6.49454E-2 7.00165E-2 6.52614E-2 5.28558E-2 5.4753E-2 5.6495E-2 5.46505E-2 4.80174E-2 4.63214E-2 3.64558E-2 3.44626E-2 2.49672E-2 2.22596E-2 3.17777E-2 3.71448E-2 3.52208E-2 4.34427E-2 4.57349E-2 4.38207E-2 5.42379E-2 4.28046E-2 2.90588E-2
8.26803E-2 9.80124E-2 9.66474E-2 1.14019E-1 1.0232E-1 9.95871E-2 1.01699E-1 9.85708E-2 1.02072E-1 8.32003E-2 7.67683E-2 6.81053E-2 5.0151E-2 4.90872E-2 5.03839E-2 4.87006E-2 5.24146E-2 6.45279E-2 5.08274E-2 4.24479E-2 4.00637E-2 4.12777E-2 4.11612E-2 3.91528E-2 4.14455E-2 3.83702E-2 3.03513E-2 2.75824E-2 3.38894E-2 3.5548E-2 3.29862E-2 3.52808E-2 5.24428E-2 3.47355E-2 5.38945E-2 5.89307E-2 6.22681E-2 7.37074E-2 6.55696E-2 7.20287E-2 6.78828E-2 5.61768E-2 5.23551E-2 5.35321E-2 5.1287E-2 5.1287E-2 4.6899E-2 4.83021E-2 4.42672E-2 3.05199E-2 1.9871E-2 2.66228E-2 4.04641E-2 3.31863E-2 3.83815E-2 4.35118E-2 4.71065E-2 5.40761E-2 5.88863E-2 5.00085E-2 2.85391E-2
8.55658E-2 7.05563E-2 7.75511E-2 1.02661E-1 9.16194E-2 9.98087E-2 1.04717E-1 9.94774E-2 8.76176E-2 8.47263E-2 7.59769E-2 7.15057E-2 4.93943E-2 4.16274E-2 4.65001E-2 4.5813E-2 6.38963E-2 5.73592E-2 3.7238E-2 3.9019E-2 3.40819E-2 3.70406E-2 4.03651E-2 3.98714E-2 4.47007E-2 4.26827E-2 3.14732E-2 3.47275E-2 3.90116E-2 3.53343E-2 3.10783E-2 4.4168E-2 5.00537E-2 5.18893E-2 6.33018E-2 6.33829E-2 6.82928E-2 6.16228E-2 7.23199E-2 7.68846E-2 8.28462E-2 6.52979E-2 5.44167E-2 5.26569E-2 4.62663E-2 4.81563E-2 4.03886E-2 4.45492E-2 4.17484E-2 2.70731E-2 1.95702E-2 3.25736E-2 3.7466E-2 3.53373E-2 4.30294E-2 4.68396E-2 5.40228E-2 5.37805E-2 5.45126E-2 5.22498E-2 4.73841E-2
8.13635E-2 7.00893E-2 7.66919E-2 9.654E-2 9.75803E-2 8.97308E-2 1.02627E-1 9.74846E-2 1.02472E-1 9.87731E-2 9.28017E-2 8.48176E-2 5.26747E-2 4.70536E-2 3.63416E-2 4.15878E-2 6.17444E-2 4.50997E-2 3.8505E-2 3.34778E-2 3.6585E-2 4.0709E-2 4.04902E-2 4.12735E-2 4.63697E-2 4.83139E-2 3.61601E-2 4.27803E-2 4.85786E-2 4.0321E-2 3.20462E-2 4.48851E-2 4.49574E-2 3.4751E-2 5.7876E-2 6.03651E-2 6.36815E-2 5.88432E-2 6.97199E-2 7.49097E-2 8.29073E-2 6.84097E-2 5.50222E-2 5.04179E-2 5.05635E-2 4.05341E-2 3.81046E-2 4.51911E-2 3.88778E-2 2.88526E-2 2.72066E-2 4.05471E-2 3.94639E-2 3.82167E-2 3.8436E-2 4.20898E-2 5.45421E-2 4.62587E-2 4.86215E-2 4.7319E-2 4.49657E-2
6.35795E-2 5.71447E-2 7.94484E-2 8.50044E-2 8.82658E-2 8.29252E-2 1.25546E-1 1.01401E-1 7.67491E-2 8.17795E-2 8.82603E-2 7.83061E-2 6.03921E-2 4.95811E-2 3.47483E-2 4.32504E-2 6.14402E-2 3.12731E-2 3.67276E-2 3.0957E-2 3.68449E-2 4.19876E-2 4.25498E-2 3.99133E-2 4.94218E-2 5.07328E-2 4.92732E-2 4.92609E-2 5.37387E-2 4.12188E-2 3.65645E-2 4.85856E-2 4.75166E-2 4.31519E-2 5.7711E-2 5.50742E-2 5.46684E-2 5.95515E-2 6.46103E-2 6.51771E-2 6.59859E-2 5.68349E-2 5.64839E-2 5.3603E-2 4.50866E-2 3.34208E-2 4.67217E-2 3.37737E-2 2.3646E-2 1.96754E-2 3.42578E-2 5.07932E-2 4.87609E-2 4.36981E-2 4.08371E-2 5.23901E-2 4.56788E-2 4.72266E-2 5.28744E-2 4.83821E-2 4.96131E-2
4.18795E-2 5.02313E-2 5.98885E-2 5.31743E-2 5.26077E-2 7.39783E-2 7.4244E-2 1.20034E-1 9.85575E-2 9.21823E-2 7.29578E-2 6.51388E-2 6.08016E-2 7.31786E-2 6.68023E-2 6.41897E-2 5.10295E-2 4.03034E-2 3.38072E-2 4.29839E-2 4.45021E-2 4.95861E-2 4.75263E-2 4.77711E-2 5.00615E-2 4.33592E-2 4.27666E-2 5.23886E-2 5.73835E-2 5.12039E-2 4.77181E-2 4.68696E-2 5.47027E-2 5.38867E-2 5.39578E-2 4.91684E-2 5.36731E-2 5.63004E-2 6.36965E-2 6.07409E-2 5.41154E-2 5.19166E-2 5.29388E-2 4.44475E-2 3.51599E-2 4.40294E-2 3.40389E-2 2.38142E-2 2.04288E-2 2.14499E-2 3.39306E-2 5.07814E-2 5.17142E-2 6.08369E-2 5.76122E-2 4.39702E-2 4.22127E-2 4.28103E-2 5.58342E-2 5.55309E-2 5.52601E-2
4.08068E-2 3.06056E-2 3.43026E-2 3.31395E-2 5.77379E-2 6.14176E-2 4.76685E-2 8.3566E-2 7.60121E-2 7.96661E-2 1.02017E-1 6.10747E-2 7.61884E-2 8.46134E-2 8.45221E-2 6.97173E-2 5.6109E-2 4.8712E-2 3.98382E-2 4.93204E-2 4.67326E-2 4.97661E-2 5.03067E-2 5.34328E-2 4.21372E-2 4.56022E-2 4.56022E-2 5.58117E-2 5.75993E-2 5.53972E-2 5.70632E-2 4.91403E-2 5.44238E-2 5.11816E-2 5.16536E-2 4.81513E-2 5.38339E-2 5.5552E-2 6.1076E-2 5.80684E-2 5.44132E-2 5.03512E-2 4.07383E-2 3.71417E-2 2.46551E-2 3.89169E-2 2.87808E-2 2.52884E-2 2.29666E-2 2.81383E-2 3.25949E-2 5.37672E-2 6.16683E-2 6.21926E-2 5.64222E-2 5.06049E-2 4.89884E-2 4.80476E-2 5.9931E-2 6.72244E-2 7.163E-2
3.36952E-2 2.51314E-2 2.8101E-2 3.92285E-2 2.83551E-2 3.3233E-2 3.52854E-2 5.72288E-2 7.16022E-2 8.33439E-2 1.06112E-1 8.92123E-2 7.43514E-2 9.07219E-2 9.28985E-2 7.67143E-2 7.09064E-2 5.57235E-2 5.42689E-2 5.6089E-2 5.41283E-2 5.0011E-2 5.7077E-2 5.19443E-2 5.04805E-2 4.4092E-2 5.49483E-2 6.31652E-2 6.7948E-2 6.88392E-2 7.16813E-2 5.99516E-2 5.25898E-2 4.64338E-2 4.59734E-2 4.4063E-2 4.63847E-2 4.64388E-2 5.62432E-2 5.43203E-2 5.05256E-2 5.49171E-2 4.69217E-2 4.03517E-2 2.60455E-2 4.00933E-2 3.43416E-2 2.34434E-2 1.72897E-2 2.27801E-2 3.09807E-2 5.30771E-2 6.3131E-2 5.83781E-2 5.61487E-2 5.47213E-2 6.52854E-2 5.45742E-2 6.03626E-2 7.61041E-2 7.17709E-2
5.06165E-2 3.08044E-2 2.36468E-2 2.70108E-2 4.57854E-2 5.09985E-2 3.65605E-2 5.16059E-2 6.38289E-2 6.88294E-2 9.9642E-2 9.78924E-2 9.00322E-2 9.49362E-2 8.16474E-2 7.7027E-2 7.7892E-2 7.08173E-2 6.56932E-2 5.96931E-2 5.16449E-2 5.28181E-2 5.77885E-2 5.67816E-2 4.33319E-2 5.65881E-2 6.05968E-2 6.68155E-2 7.10296E-2 7.91716E-2 7.92941E-2 6.57528E-2 5.86432E-2 5.39077E-2 4.67975E-2 4.07855E-2 4.79787E-2 5.40635E-2 5.70342E-2 4.94566E-2 5.12719E-2 4.40129E-2 4.21176E-2 3.67218E-2 2.90541E-2 3.14629E-2 2.62686E-2 2.51585E-2 1.269E-2 1.58717E-2 1.92854E-2 4.16079E-2 5.77176E-2 4.82331E-2 4.51352E-2 6.30983E-2 7.85195E-2 6.64756E-2 6.54719E-2 6.08447E-2 6.48772E-2
1.08942E-1 5.94211E-2 3.28397E-2 2.114E-2 4.90531E-2 4.2505E-2 4.10636E-2 4.67468E-2 5.41195E-2 5.40379E-2 8.68147E-2 9.284E-2 8.79068E-2 9.36476E-2 9.37444E-2 8.80807E-2 7.57315E-2 6.84456E-2 6.43445E-2 5.98937E-2 4.74263E-2 4.86439E-2 5.72772E-2 5.96617E-2 6.06917E-2 5.90732E-2 6.31228E-2 6.52596E-2 8.01218E-2 8.57562E-2 7.5391E-2 6.85875E-2 6.64856E-2 6.34355E-2 4.98158E-2 5.00796E-2 5.19001E-2 4.79593E-2 4.81177E-2 4.87181E-2 4.99166E-2 4.40952E-2 3.77498E-2 2.98062E-2 2.88284E-2 2.47566E-2 2.50009E-2 2.18343E-2 2.54642E-2 3.86164E-2 4.54134E-2 5.57514E-2 5.59809E-2 6.53135E-2 4.89301E-2 7.42877E-2 9.80779E-2 7.79156E-2 6.0902E-2 4.72551E-2 4.3333E-2
1.33806E-1 6.93589E-2 3.33933E-2 1.86491E-2 3.35392E-2 3.67977E-2 3.27942E-2 4.85993E-2 7.12644E-2 3.48422E-2 8.31604E-2 7.10099E-2 7.69873E-2 1.10155E-1 8.41459E-2 7.91311E-2 8.45433E-2 7.8242E-2 7.05217E-2 5.96943E-2 5.71101E-2 5.32093E-2 5.56848E-2 6.30049E-2 5.87441E-2 5.95075E-2 6.10377E-2 8.00838E-2 8.97137E-2 8.54123E-2 7.46303E-2 7.79453E-2 7.02652E-2 6.34459E-2 5.2376E-2 5.40627E-2 4.69984E-2 4.76708E-2 5.52853E-2 5.46228E-2 5.12129E-2 3.57235E-2 2.54844E-2 2.44903E-2 2.77943E-2 2.36721E-2 2.52325E-2 2.87136E-2 4.20021E-2 5.24211E-2 6.22541E-2 6.91359E-2 6.85114E-2 8.36251E-2 8.61797E-2 9.12157E-2 1.23985E-1 8.02503E-2 5.88452E-2 4.03059E-2 4.06008E-2
2.23222E-1 9.12585E-2 4.05997E-2 5.24177E-2 4.42246E-2 2.98693E-2 3.24903E-2 5.83563E-2 1.16386E-1 2.69871E-2 5.28768E-2 7.97536E-2 7.91279E-2 7.5884E-2 7.74481E-2 8.7831E-2 9.27755E-2 8.42448E-2 7.27559E-2 6.63615E-2 6.39078E-2 5.70615E-2 5.60103E-2 6.40255E-2 6.58235E-2 7.12654E-2 7.60914E-2 1.08187E-1 9.36681E-2 7.95558E-2 7.71237E-2 8.48966E-2 7.62115E-2 6.18173E-2 5.79805E-2 5.46738E-2 5.55303E-2 5.62876E-2 5.11941E-2 5.75827E-2 3.49916E-2 2.67032E-2 2.04991E-2 2.42681E-2 2.53071E-2 2.59108E-2 4.41506E-2 4.52948E-2 4.32876E-2 5.34044E-2 6.56119E-2 7.5744E-2 9.23861E-2 9.85483E-2 1.18045E-1 1.2439E-1 9.68827E-2 8.35336E-2 6.37923E-2 4.77356E-2 5.71914E-2
3.0165E-1 1.76202E-1 1.01265E-1 1.14098E-1 5.52707E-2 2.77688E-2 1.82248E-2 8.67132E-2 1.33572E-1 5.63218E-2 4.62405E-2 9.60986E-2 7.54662E-2 6.03243E-2 9.07334E-2 9.34817E-2 1.07781E-1 8.40468E-2 7.1114E-2 6.5996E-2 6.61867E-2 5.95578E-2 6.37512E-2 7.40642E-2 7.0579E-2 8.93011E-2 8.79086E-2 1.09135E-1 1.12571E-1 9.33635E-2 8.17464E-2 1.08001E-1 8.97586E-2 6.87049E-2 9.56817E-2 8.86406E-2 8.72763E-2 6.15408E-2 4.18385E-2 8.43166E-2 4.24022E-2 4.00019E-2 3.75559E-2 3.45854E-2 3.34708E-2 3.76957E-2 5.14801E-2 5.45329E-2 5.65264E-2 6.39573E-2 6.97561E-2 7.4556E-2 9.81982E-2 1.17913E-1 1.35563E-1 1.07118E-1 8.45955E-2 9.032E-2 7.20983E-2 5.44185E-2 6.71643E-2
3.49714E-1 3.12525E-1 2.04532E-1 1.10877E-1 4.62323E-2 3.27085E-2 1.51642E-2 2.90129E-2 5.94541E-2 1.11764E-1 6.9298E-2 1.29635E-1 1.45777E-1 1.57001E-1 1.07663E-1 9.42754E-2 1.23268E-1 1.16594E-1 8.91319E-2 7.26586E-2 5.56688E-2 5.00729E-2 7.58254E-2 7.82453E-2 7.98578E-2 8.79166E-2 1.05056E-1 1.0882E-1 1.46615E-1 1.11012E-1 1.24727E-1 1.52723E-1 1.68973E-1 1.30969E-1 1.57718E-1 1.50078E-1 1.45432E-1 1.11954E-1 1.3288E-1 1.52755E-1 1.1255E-1 7.54723E-2 5.98419E-2 5.86086E-2 5.09971E-2 4.76075E-2 6.03546E-2 7.98968E-2 8.16471E-2 8.72485E-2 9.50907E-2 1.06151E-1 7.58934E-2 1.34613E-1 1.35338E-1 1.24583E-1 1.23941E-1 1.04226E-1 8.54141E-2 7.73761E-2 7.63812E-2
4.12354E-1 4.13118E-1 3.06207E-1 1.60675E-1 6.58109E-2 4.29039E-2 1.90522E-2 2.05043E-2 2.52206E-2 1.438E-1 4.63932E-2 8.89953E-2 1.67465E-1 1.66969E-1 2.30144E-1 1.3865E-1 1.04963E-1 1.1271E-1 1.24448E-1 1.08409E-1 8.51697E-2 8.40378E-2 1.02275E-1 9.19728E-2 8.45518E-2 9.35101E-2 1.26488E-1 1.30143E-1 1.56742E-1 1.87798E-1 1.91318E-1 2.30208E-1 1.8748E-1 2.10486E-1 2.24688E-1 1.90319E-1 1.68824E-1 1.96688E-1 1.77564E-1 1.3162E-1 1.10957E-1 8.55007E-2 6.38481E-2 7.53223E-2 7.11471E-2 6.11647E-2 6.14466E-2 8.90598E-2 9.17398E-2 1.18135E-1 1.40658E-1 1.88567E-1 1.41516E-1 1.17204E-1 9.74246E-2 9.33453E-2 1.05974E-1 8.50858E-2 7.67462E-2 7.80375E-2 7.31329E-2
4.68821E-1 4.42473E-1 4.12127E-1 3.87509E-1 2.43768E-1 1.04777E-1 5.88215E-2 3.15382E-2 2.1187E-2 1.38033E-1 7.54223E-2 1.68203E-1 2.04479E-1 1.11331E-1 1.92901E-1 3.03093E-1 1.12744E-1 1.42238E-1 1.73369E-1 1.47016E-1 1.37099E-1 1.12827E-1 1.24879E-1 1.30366E-1 1.13877E-1 1.44605E-1 1.46341E-1 1.35358E-1 1.43187E-1 2.38351E-1 2.38949E-1 2.53356E-1 1.79723E-1 2.75675E-1 2.77743E-1 2.68679E-1 1.74766E-1 1.60635E-1 1.56275E-1 1.1178E-1 8.99995E-2 8.25783E-2 8.44147E-2 8.60282E-2 7.48454E-2 6.39126E-2 5.4982E-2 5.50398E-2 6.5229E-2 1.27667E-1 1.20655E-1 1.24126E-1 1.17924E-1 9.38844E-2 6.60653E-2 7.06856E-2 8.13603E-2 8.1872E-2 8.20691E-2 7.31781E-2 6.71038E-2
5.28879E-1 4.79785E-1 4.86292E-1 4.12781E-1 2.81895E-1 1.12868E-1 6.68485E-2 4.62179E-2 1.99291E-2 9.67251E-2 1.49565E-1 1.51268E-1 3.91905E-1 1.89467E-1 1.41422E-1 5.6577E-1 4.36624E-1 2.43854E-1 2.26199E-1 2.2183E-1 2.08424E-1 1.78746E-1 1.59139E-1 1.39439E-1 1.39353E-1 1.64427E-1 1.62295E-1 1.01407E-1 1.109E-1 2.6363E-1 3.14472E-1 3.14542E-1 3.08803E-1 3.43904E-1 3.02916E-1 1.93534E-1 1.11352E-1 9.13446E-2 1.14164E-1 1.03237E-1 7.84256E-2 7.75478E-2 7.74709E-2 8.33472E-2 6.52054E-2 4.15899E-2 5.01219E-2 5.70446E-2 8.94067E-2 9.7077E-2 7.02116E-2 7.67614E-2 7.51357E-2 7.65462E-2 7.32271E-2 5.01371E-2 6.58024E-2 7.23003E-2 7.17436E-2 6.54831E-2 6.11956E-2
4.71215E-1 4.82158E-1 5.08489E-1 4.8673E-1 3.96938E-1 2.64079E-1 9.15922E-2 2.72642E-2 1.84947E-2 2.99974E-2 1.48309E-1 1.20134E-1 1.5655E-1 1.68336E-1 1.7453E-1 4.59554E-1 4.7292E-1 6.21436E-1 3.10045E-1 2.49611E-1 2.51458E-1 2.34379E-1 2.05207E-1 1.47605E-1 1.68038E-1 1.85031E-1 1.81123E-1 7.77553E-2 9.88351E-2 2.59711E-1 3.19581E-1 3.53082E-1 3.75526E-1 3.47375E-1 1.77346E-1 2.0296E-1 1.55793E-1 8.49644E-2 9.14434E-2 8.67829E-2 8.0198E-2 7.53344E-2 8.7959E-2 9.53411E-2 4.53087E-2 2.80831E-2 3.56333E-2 8.17343E-2 8.96763E-2 5.6916E-2 5.11825E-2 5.42866E-2 5.49286E-2 5.60291E-2 5.3998E-2 4.85203E-2 5.18915E-2 5.33049E-2 6.37056E-2 6.45401E-2 5.80321E-2
4.88182E-1 5.04049E-1 4.89606E-1 4.94104E-1 4.88996E-1 4.17085E-1 1.57197E-1 3.03456E-2 3.07343E-2 2.20622E-2 7.61631E-2 2.05582E-1 1.24717E-1 1.73359E-1 3.46087E-1 1.81543E-1 2.18624E-1 6.61437E-1 4.53814E-1 2.49885E-1 2.74688E-1 2.74517E-1 2.4507E-1 1.03048E-1 7.34842E-2 1.00375E-1 2.02189E-1 2.03525E-1 1.90104E-1 3.03213E-1 3.06186E-1 3.31137E-1 4.11819E-1 3.49613E-1 2.93617E-1 3.15464E-1 1.46175E-1 7.25569E-2 8.07131E-2 6.79937E-2 7.55717E-2 7.73085E-2 8.7637E-2 1.38271E-1 7.2413E-2 2.7933E-2 2.66863E-2 7.74298E-2 5.77299E-2 5.36892E-2 5.98879E-2 5.55791E-2 5.32264E-2 5.8381E-2 5.66455E-2 5.52131E-2 4.77837E-2 4.09058E-2 4.27077E-2 5.02547E-2 5.96465E-2
4.88913E-1 4.8941E-1 4.9438E-1 5.04344E-1 4.84794E-1 3.92244E-1 2.12381E-1 6.2114E-2 5.3368E-2 3.21863E-2 6.44955E-2 1.60271E-1 1.0059E-1 1.57617E-1 3.2152E-1 2.88302E-1 1.27086E-1 6.07804E-1 4.9237E-1 2.54685E-1 3.10064E-1 2.92113E-1 2.54189E-1 1.92014E-1 7.22421E-2 6.3848E-2 1.79277E-1 3.46586E-1 3.79051E-1 3.50981E-1 3.39772E-1 3.7599E-1 4.55116E-1 2.93464E-1 3.31018E-1 3.46276E-1 1.31452E-1 6.3405E-2 1.03049E-1 1.31628E-1 1.25842E-1 1.49893E-1 1.34228E-1 1.02804E-1 1.27684E-1 7.77547E-2 3.43366E-2 7.5396E-2 7.12444E-2 7.01605E-2 7.1978E-2 6.59598E-2 6.28752E-2 6.58668E-2 6.06749E-2 5.32142E-2 4.50394E-2 4.50704E-2 4.24692E-2 4.04812E-2 5.53612E-2
5.10049E-1 4.96318E-1 4.81301E-1 4.77063E-1 4.81247E-1 4.79558E-1 3.22709E-1 1.05387E-1 7.84203E-2 4.23903E-2 6.67827E-2 2.01049E-1 1.64619E-1 1.19221E-1 2.39124E-1 4.27155E-1 1.30941E-1 4.99961E-1 6.03674E-1 2.24352E-1 2.89898E-1 3.29964E-1 2.54076E-1 2.25156E-1 1.94027E-1 1.36735E-1 2.19111E-1 3.57463E-1 4.23145E-1 4.21031E-1 5.31215E-1 4.4368E-1 5.0711E-1 4.27976E-1 4.03537E-1 2.71181E-1 1.47525E-1 8.57081E-2 1.17551E-1 1.94663E-1 8.6914E-2 6.90074E-2 6.20777E-2 7.60699E-2 5.32964E-2 9.15808E-2 1.0215E-1 1.11181E-1 8.59621E-2 8.88891E-2 9.24638E-2 8.034E-2 7.08977E-2 6.76534E-2 5.82087E-2 5.18377E-2 4.74769E-2 4.32233E-2 4.27272E-2 4.54311E-2 5.22788E-2
