maxent_outputs/white_flowers_linear/white_36.asc
ncols         426
nrows         180
xllcorner     -130.0
yllcorner     24.0
cellsize      0.16666666666666666
NODATA_value  -9999
[rows 108 to 134 of 180, columns 183 to 243 of 426]
2.49631E-1 2.6408E-1 2.71989E-1 2.75333E-1 2.86207E-1 2.9209E-1 3.0401E-1 3.09743E-1 3.20262E-1 3.29313E-1 3.35892E-1 3.42844E-1 3.52645E-1 3.59453E-1 3.69055E-1 3.71052E-1 3.72362E-1 3.70573E-1 3.73942E-1 3.74723E-1 3.73078E-1 3.72894E-1 3.71857E-1 3.85548E-1 3.94853E-1 4.012E-1 3.75128E-1 3.70801E-1 3.63146E-1 3.45048E-1 3.2428E-1 3.10963E-1 2.94394E-1 2.91668E-1 2.83213E-1 2.7219E-1 2.76139E-1 2.88451E-1 3.15493E-1 3.24863E-1 3.33927E-1 3.17749E-1 3.19208E-1 3.35963E-1 3.53429E-1 3.56402E-1 3.4446E-1 3.41456E-1 3.46254E-1 3.81887E-1 3.91127E-1 3.94566E-1 3.82475E-1 3.82946E-1 3.93361E-1 3.89504E-1 4.01344E-1 3.91721E-1 3.98578E-1 3.9751E-1 3.83032E-1
2.61764E-1 2.69601E-1 2.77734E-1 2.78722E-1 2.88391E-1 2.97913E-1 3.03276E-1 3.12235E-1 3.22292E-1 3.28441E-1 3.35528E-1 3.52409E-1 3.6068E-1 3.66367E-1 3.7787E-1 3.82317E-1 3.84685E-1 3.84975E-1 3.8478E-1 3.84057E-1 3.80768E-1 3.73289E-1 3.75664E-1 3.88845E-1 3.96483E-1 4.04192E-1 3.89356E-1 3.94548E-1 3.74612E-1 3.59107E-1 3.39192E-1 3.25241E-1 3.0979E-1 2.9277E-1 3.04939E-1 2.97813E-1 2.94886E-1 3.11934E-1 2.96396E-1 2.97911E-1 2.97677E-1 3.20103E-1 3.23341E-1 3.20638E-1 3.2587E-1 3.43054E-1 3.71367E-1 3.81998E-1 3.76139E-1 3.92799E-1 4.03046E-1 4.09594E-1 4.09591E-1 4.09134E-1 4.0816E-1 4.07148E-1 4.09824E-1 4.1622E-1 4.1308E-1 3.90202E-1 3.86909E-1
2.73531E-1 2.88359E-1 2.91238E-1 2.95272E-1 2.92019E-1 3.0094E-1 3.11053E-1 3.17015E-1 3.20309E-1 3.32302E-1 3.41004E-1 3.59592E-1 3.68842E-1 3.72168E-1 3.80975E-1 3.90684E-1 3.93345E-1 3.93376E-1 3.94254E-1 3.94987E-1 3.90668E-1 3.88013E-1 3.84218E-1 3.86707E-1 3.93169E-1 4.08824E-1 4.08611E-1 3.96724E-1 3.89071E-1 3.89498E-1 3.88045E-1 3.68964E-1 3.71541E-1 3.77618E-1 3.44653E-1 3.45106E-1 3.45909E-1 3.58994E-1 3.48266E-1 3.36592E-1 3.26131E-1 3.49019E-1 3.71372E-1 3.87392E-1 3.80469E-1 3.52918E-1 3.50842E-1 3.70135E-1 3.96529E-1 4.05078E-1 4.14426E-1 4.24267E-1 4.22923E-1 4.18752E-1 4.22389E-1 4.21328E-1 4.19981E-1 4.30664E-1 4.14414E-1 4.09291E-1 4.10431E-1
2.70036E-1 2.81866E-1 2.96163E-1 3.03605E-1 2.981E-1 3.03249E-1 3.08612E-1 3.21028E-1 3.27737E-1 3.34876E-1 3.43898E-1 3.57972E-1 3.60617E-1 3.68387E-1 3.7981E-1 3.87732E-1 3.91412E-1 3.90889E-1 3.938E-1 3.92484E-1 3.94631E-1 4.02239E-1 4.1418E-1 4.16728E-1 4.03243E-1 4.05136E-1 4.1849E-1 4.43265E-1 4.30169E-1 4.15902E-1 4.30816E-1 4.19044E-1 4.09412E-1 3.96087E-1 3.97776E-1 4.02697E-1 4.10743E-1 3.89545E-1 3.89215E-1 3.80312E-1 3.78864E-1 3.7043E-1 3.70139E-1 3.65652E-1 3.74229E-1 3.79919E-1 3.88869E-1 3.80082E-1 4.14185E-1 4.14195E-1 4.2371E-1 4.30998E-1 4.26392E-1 4.27965E-1 4.28606E-1 4.32314E-1 4.41032E-1 4.27226E-1 4.20063E-1 4.20464E-1 4.20498E-1
2.82953E-1 2.86722E-1 2.93942E-1 3.06086E-1 3.10266E-1 3.14252E-1 3.26618E-1 3.36023E-1 3.37737E-1 3.45537E-1 3.51496E-1 3.62303E-1 3.70196E-1 3.84449E-1 3.83822E-1 3.90377E-1 3.9341E-1 3.97292E-1 4.0043E-1 4.04863E-1 4.06107E-1 4.08199E-1 4.17927E-1 4.28392E-1 4.09173E-1 4.10024E-1 4.18939E-1 4.32522E-1 4.32029E-1 4.34341E-1 4.22567E-1 4.09784E-1 4.06162E-1 4.00823E-1 3.88346E-1 3.69475E-1 3.92766E-1 4.1574E-1 4.16972E-1 4.12843E-1 4.12764E-1 4.04731E-1 4.05827E-1 3.95002E-1 3.80922E-1 3.93247E-1 4.17925E-1 4.19767E-1 4.37346E-1 4.26478E-1 4.39347E-1 4.3987E-1 4.24267E-1 4.3092E-1 4.35337E-1 4.35964E-1 4.60221E-1 4.57107E-1 4.47484E-1 4.35562E-1 4.24074E-1
3.04118E-1 3.02657E-1 3.0635E-1 3.12611E-1 3.22213E-1 3.26997E-1 3.3643E-1 3.50189E-1 3.56704E-1 3.6463E-1 3.66708E-1 3.70273E-1 3.77407E-1 3.79739E-1 3.8796E-1 3.96091E-1 4.03651E-1 4.07408E-1 4.05312E-1 4.06639E-1 4.16193E-1 4.16905E-1 4.24547E-1 4.26293E-1 4.07596E-1 4.09429E-1 4.14221E-1 4.26914E-1 4.17823E-1 4.26287E-1 4.0379E-1 4.02372E-1 4.03621E-1 4.02699E-1 3.88939E-1 3.98236E-1 4.08083E-1 4.13705E-1 4.18056E-1 3.99294E-1 4.21988E-1 4.27544E-1 4.28737E-1 4.12227E-1 4.14168E-1 4.2019E-1 4.40004E-1 4.45389E-1 4.48687E-1 4.39463E-1 4.47471E-1 4.4371E-1 4.27975E-1 4.33087E-1 4.44066E-1 4.52395E-1 4.72786E-1 4.72489E-1 4.53556E-1 4.35458E-1 4.20412E-1
3.18241E-1 3.24387E-1 3.21753E-1 3.24447E-1 3.235E-1 3.18252E-1 3.37397E-1 3.44439E-1 3.53958E-1 3.65806E-1 3.78589E-1 3.80283E-1 3.85818E-1 3.88635E-1 3.93083E-1 3.94938E-1 4.00818E-1 4.10373E-1 4.14362E-1 4.12974E-1 4.12456E-1 4.17731E-1 4.23573E-1 4.33081E-1 4.20697E-1 4.15966E-1 4.3319E-1 4.36689E-1 4.42169E-1 4.20996E-1 3.9773E-1 3.90217E-1 3.98273E-1 3.7808E-1 3.99461E-1 4.06355E-1 4.0089E-1 4.02191E-1 4.02998E-1 3.94715E-1 4.11742E-1 4.33108E-1 4.47073E-1 4.26423E-1 4.38671E-1 4.39715E-1 4.46764E-1 4.53444E-1 4.58826E-1 4.50859E-1 4.51702E-1 4.41193E-1 4.34555E-1 4.40156E-1 4.46954E-1 4.63412E-1 4.58125E-1 4.5026E-1 4.43156E-1 4.27582E-1 4.14984E-1
3.28802E-1 3.31208E-1 3.40693E-1 3.34334E-1 3.21877E-1 3.37823E-1 3.55948E-1 3.57684E-1 3.605E-1 3.59417E-1 3.76308E-1 3.87472E-1 3.91712E-1 4.00035E-1 4.02343E-1 3.87322E-1 3.94603E-1 4.05454E-1 4.17544E-1 4.19084E-1 4.16577E-1 4.17287E-1 4.1973E-1 4.22552E-1 4.29427E-1 4.215E-1 4.1739E-1 4.16564E-1 4.00142E-1 3.91447E-1 3.62648E-1 3.67282E-1 3.81356E-1 3.82533E-1 3.84995E-1 3.77542E-1 3.85115E-1 3.81237E-1 3.79816E-1 3.99489E-1 4.15258E-1 4.20127E-1 4.55485E-1 4.70375E-1 4.58496E-1 4.67843E-1 4.62381E-1 4.69222E-1 4.68176E-1 4.63799E-1 4.59982E-1 4.51256E-1 4.48391E-1 4.61685E-1 4.67224E-1 4.62932E-1 4.68585E-1 4.52387E-1 4.40861E-1 4.20681E-1 4.16087E-1
3.44786E-1 3.49617E-1 3.5321E-1 3.46243E-1 3.49646E-1 3.58202E-1 3.70732E-1 3.69214E-1 3.76916E-1 3.78473E-1 3.85209E-1 3.89588E-1 3.97974E-1 4.06355E-1 4.08082E-1 3.85467E-1 3.75938E-1 4.09279E-1 4.26579E-1 4.26695E-1 4.26933E-1 4.15206E-1 4.16364E-1 4.13444E-1 4.24409E-1 4.23015E-1 4.03786E-1 3.79481E-1 3.73099E-1 3.60545E-1 3.69531E-1 3.64634E-1 3.72906E-1 3.75946E-1 3.95053E-1 4.06744E-1 4.27857E-1 4.30056E-1 4.02445E-1 4.14961E-1 4.33191E-1 4.44405E-1 4.47164E-1 4.53277E-1 4.68106E-1 4.64283E-1 4.82405E-1 4.80357E-1 4.79074E-1 4.68451E-1 4.67637E-1 4.60619E-1 4.49138E-1 4.66613E-1 4.70897E-1 4.69101E-1 4.46527E-1 4.47111E-1 4.33925E-1 4.32808E-1 4.33766E-1
3.61607E-1 3.67886E-1 3.60277E-1 3.66126E-1 3.65389E-1 3.64685E-1 3.74446E-1 3.81702E-1 3.86887E-1 3.92023E-1 3.98138E-1 3.98567E-1 4.0001E-1 3.89983E-1 4.17582E-1 4.05721E-1 3.98127E-1 4.08877E-1 4.33088E-1 4.29237E-1 4.30949E-1 4.2724E-1 4.24708E-1 4.32246E-1 4.37529E-1 4.24735E-1 4.09653E-1 3.94718E-1 3.88642E-1 3.99045E-1 3.82686E-1 3.74124E-1 3.55997E-1 3.57635E-1 3.8596E-1 3.9179E-1 4.04628E-1 4.09392E-1 4.31493E-1 4.33316E-1 4.44853E-1 4.5641E-1 4.48362E-1 4.4765E-1 4.72153E-1 4.6931E-1 4.89874E-1 4.94049E-1 4.89493E-1 4.80637E-1 4.81758E-1 4.74232E-1 4.72557E-1 4.78964E-1 4.76967E-1 4.78867E-1 4.53973E-1 4.53336E-1 4.67673E-1 4.54821E-1 4.28118E-1
3.73215E-1 3.85447E-1 3.84189E-1 3.80327E-1 3.80256E-1 3.7743E-1 3.8546E-1 3.93913E-1 4.04097E-1 4.01803E-1 4.07959E-1 4.10647E-1 4.08149E-1 4.16201E-1 4.38241E-1 4.43135E-1 4.47012E-1 4.46881E-1 4.35032E-1 4.40262E-1 4.37842E-1 4.41544E-1 4.43832E-1 4.55427E-1 4.53346E-1 4.42693E-1 4.42542E-1 4.28542E-1 4.23372E-1 4.01513E-1 3.98339E-1 4.18514E-1 4.1345E-1 4.07505E-1 4.18173E-1 4.18459E-1 4.28809E-1 4.33469E-1 4.45624E-1 4.56215E-1 4.45995E-1 4.67967E-1 4.64826E-1 4.53361E-1 4.73393E-1 4.89352E-1 4.89767E-1 5.01523E-1 5.00069E-1 4.8818E-1 4.91946E-1 4.8473E-1 4.80529E-1 4.8222E-1 4.83496E-1 4.89408E-1 4.81139E-1 4.70928E-1 4.55611E-1 4.48243E-1 4.40993E-1
3.89204E-1 3.93694E-1 3.88937E-1 3.89897E-1 3.92582E-1 3.95818E-1 3.99208E-1 4.13804E-1 4.21487E-1 4.21337E-1 4.22269E-1 4.28076E-1 4.20805E-1 4.37018E-1 4.51257E-1 4.58522E-1 4.54161E-1 4.68418E-1 4.47149E-1 4.4251E-1 4.41353E-1 4.45687E-1 4.52023E-1 4.5617E-1 4.82422E-1 4.63475E-1 4.70396E-1 4.58139E-1 4.42755E-1 4.40327E-1 4.59E-1 4.56188E-1 4.54806E-1 4.43529E-1 4.43421E-1 4.3738E-1 4.47831E-1 4.59385E-1 4.72829E-1 4.68125E-1 4.59325E-1 4.62696E-1 4.78568E-1 4.69287E-1 4.594E-1 4.63908E-1 4.81201E-1 4.97226E-1 5.11565E-1 5.00211E-1 5.02723E-1 4.99819E-1 4.96816E-1 4.94879E-1 4.93183E-1 5.05689E-1 4.84346E-1 4.68217E-1 4.66043E-1 4.53596E-1 4.57567E-1
3.92731E-1 4.03349E-1 4.0571E-1 4.09857E-1 4.15647E-1 4.25013E-1 4.21511E-1 4.21841E-1 4.31362E-1 4.40673E-1 4.46142E-1 4.53898E-1 4.47847E-1 4.62215E-1 4.66235E-1 4.88302E-1 4.83256E-1 4.80721E-1 4.57508E-1 4.63609E-1 4.63758E-1 4.59054E-1 4.6422E-1 4.74793E-1 4.79193E-1 4.85888E-1 4.85775E-1 4.78998E-1 4.73284E-1 4.74157E-1 4.82573E-1 4.81365E-1 4.74288E-1 4.68719E-1 4.6118E-1 4.60689E-1 4.72259E-1 4.77645E-1 4.81713E-1 4.91172E-1 4.83617E-1 4.76839E-1 4.81926E-1 4.84285E-1 4.70565E-1 4.54728E-1 4.73095E-1 4.93734E-1 5.12544E-1 5.12844E-1 5.14478E-1 5.08263E-1 5.08257E-1 5.09431E-1 5.20828E-1 5.2688E-1 4.9761E-1 4.64078E-1 4.91807E-1 4.86104E-1 4.86137E-1
4.1342E-1 4.17559E-1 4.17282E-1 4.18994E-1 4.20454E-1 4.26524E-1 4.36043E-1 4.40842E-1 4.40507E-1 4.51482E-1 4.52863E-1 4.48948E-1 4.50008E-1 4.60735E-1 4.77407E-1 4.79236E-1 4.90995E-1 4.85982E-1 4.85914E-1 4.85382E-1 4.76961E-1 4.75934E-1 4.7456E-1 4.82409E-1 4.90019E-1 4.82946E-1 4.90199E-1 4.98645E-1 4.99383E-1 4.90222E-1 4.8815E-1 4.91483E-1 5.11094E-1 5.07021E-1 4.7451E-1 4.72146E-1 4.79727E-1 4.86619E-1 4.92956E-1 5.02431E-1 5.04655E-1 4.95339E-1 4.94175E-1 4.88053E-1 4.87092E-1 4.75373E-1 4.68508E-1 4.98891E-1 5.15379E-1 5.21686E-1 5.29123E-1 5.28681E-1 5.27549E-1 5.31002E-1 5.41664E-1 5.42913E-1 5.16E-1 4.8392E-1 5.15778E-1 5.05732E-1 5.01057E-1
4.02539E-1 4.03523E-1 4.13647E-1 4.25777E-1 4.32453E-1 4.4022E-1 4.38002E-1 4.43981E-1 4.4887E-1 4.53777E-1 4.45888E-1 4.49889E-1 4.47165E-1 4.54108E-1 4.78078E-1 4.84212E-1 4.78641E-1 4.83044E-1 4.83511E-1 4.83419E-1 4.8314E-1 4.74107E-1 4.82497E-1 4.94226E-1 4.96413E-1 5.05007E-1 5.14751E-1 5.1062E-1 5.03882E-1 5.10979E-1 5.17683E-1 5.2028E-1 5.20814E-1 5.14193E-1 5.05914E-1 4.85693E-1 4.85642E-1 4.88372E-1 4.97303E-1 5.16859E-1 5.2542E-1 5.09968E-1 5.03578E-1 4.98872E-1 4.96036E-1 4.9076E-1 4.80165E-1 4.97101E-1 5.27761E-1 5.38296E-1 5.38916E-1 5.42031E-1 5.41969E-1 5.56082E-1 5.69558E-1 5.53502E-1 5.26654E-1 4.77958E-1 4.73248E-1 4.73379E-1 4.67512E-1
4.04197E-1 4.04966E-1 4.1838E-1 4.20395E-1 4.25698E-1 4.39069E-1 4.51499E-1 4.60896E-1 4.61234E-1 4.66989E-1 4.74672E-1 4.73194E-1 4.72289E-1 4.83593E-1 5.05096E-1 5.01831E-1 4.94968E-1 4.89437E-1 4.88668E-1 4.82471E-1 4.8054E-1 4.92608E-1 5.05732E-1 5.14544E-1 5.24297E-1 5.29378E-1 5.30441E-1 5.3361E-1 5.22675E-1 5.21901E-1 5.22029E-1 5.26943E-1 5.43114E-1 5.16967E-1 5.2275E-1 5.07273E-1 4.99776E-1 5.00128E-1 5.11965E-1 5.18882E-1 5.32101E-1 5.37579E-1 5.22617E-1 5.09631E-1 5.03921E-1 5.07107E-1 4.94174E-1 5.10886E-1 5.52573E-1 5.53226E-1 5.62198E-1 5.5669E-1 5.54869E-1 5.63545E-1 5.68291E-1 5.62521E-1 5.24466E-1 4.72965E-1 4.84037E-1 4.79097E-1 4.76238E-1
3.88849E-1 3.96671E-1 4.22259E-1 4.32329E-1 4.35322E-1 4.41883E-1 4.42083E-1 4.61281E-1 4.75033E-1 4.88381E-1 4.90079E-1 4.81311E-1 4.89146E-1 5.03645E-1 5.28092E-1 5.2063E-1 5.10792E-1 5.15594E-1 5.13294E-1 4.97535E-1 4.97528E-1 5.08585E-1 5.2347E-1 5.26172E-1 5.34242E-1 5.42108E-1 5.44114E-1 5.43615E-1 5.45022E-1 5.4012E-1 5.39621E-1 5.57023E-1 5.35668E-1 5.21925E-1 5.33439E-1 5.22855E-1 5.23935E-1 5.21812E-1 5.22345E-1 5.2891E-1 5.36424E-1 5.37916E-1 5.32982E-1 5.36596E-1 5.32495E-1 5.19195E-1 5.1936E-1 5.34586E-1 5.6671E-1 5.66063E-1 5.69001E-1 5.70743E-1 5.72717E-1 5.76131E-1 5.70507E-1 5.70501E-1 5.08451E-1 4.79622E-1 4.89006E-1 4.71961E-1 4.66702E-1
4.06453E-1 4.20177E-1 4.28374E-1 4.37773E-1 4.4879E-1 4.56203E-1 4.50155E-1 4.53888E-1 4.63988E-1 4.77259E-1 4.89949E-1 5.03157E-1 4.97861E-1 5.2183E-1 5.39515E-1 5.48476E-1 5.29453E-1 5.29061E-1 5.23104E-1 5.11729E-1 5.27112E-1 5.27086E-1 5.27717E-1 5.34918E-1 5.35851E-1 5.47466E-1 5.59539E-1 5.62499E-1 5.58137E-1 5.45426E-1 5.33583E-1 5.36431E-1 5.39216E-1 5.35027E-1 5.42527E-1 5.3664E-1 5.38068E-1 5.40693E-1 5.37865E-1 5.41758E-1 5.40375E-1 5.37536E-1 5.31069E-1 5.38616E-1 5.57229E-1 5.26733E-1 5.30341E-1 5.58033E-1 5.71556E-1 5.67684E-1 5.76746E-1 5.76155E-1 5.77993E-1 5.81083E-1 5.82213E-1 5.69063E-1 5.13522E-1 5.01035E-1 4.97655E-1 4.82945E-1 4.68882E-1
4.04335E-1 4.32663E-1 4.46496E-1 4.50842E-1 4.53526E-1 4.59314E-1 4.67863E-1 4.80434E-1 4.74855E-1 4.65141E-1 4.69377E-1 5.08791E-1 5.17627E-1 5.32623E-1 5.59632E-1 5.78511E-1 5.68561E-1 5.51524E-1 5.29977E-1 5.33671E-1 5.54806E-1 5.61202E-1 5.59451E-1 5.64869E-1 5.52865E-1 5.48388E-1 5.55575E-1 5.69127E-1 5.82405E-1 5.66231E-1 5.55843E-1 5.51856E-1 5.55442E-1 5.58214E-1 5.44524E-1 5.3848E-1 5.5328E-1 5.48086E-1 5.44936E-1 5.5216E-1 5.52778E-1 5.48336E-1 5.40866E-1 5.41005E-1 5.74081E-1 5.53404E-1 5.58595E-1 5.79193E-1 5.68439E-1 5.76795E-1 5.7968E-1 5.82228E-1 5.82858E-1 5.90081E-1 5.90103E-1 5.41488E-1 5.23388E-1 5.19162E-1 5.02875E-1 4.90624E-1 4.84805E-1
3.90198E-1 4.31685E-1 4.52013E-1 4.50031E-1 4.42429E-1 4.41947E-1 4.6374E-1 4.8965E-1 5.0135E-1 4.82257E-1 4.77161E-1 4.94924E-1 5.56551E-1 5.72574E-1 5.81615E-1 5.85092E-1 5.93546E-1 5.63376E-1 5.49204E-1 5.47968E-1 5.55409E-1 5.71567E-1 5.77946E-1 5.7701E-1 5.69834E-1 5.62971E-1 5.65727E-1 5.7918E-1 5.84548E-1 5.94984E-1 5.80376E-1 5.77093E-1 5.90794E-1 5.79572E-1 5.69133E-1 5.56769E-1 5.62313E-1 5.56456E-1 5.5357E-1 5.61933E-1 5.59246E-1 5.61841E-1 5.74483E-1 5.60527E-1 5.70296E-1 5.73872E-1 5.78886E-1 5.7889E-1 5.76179E-1 5.88548E-1 5.87809E-1 5.91705E-1 5.90614E-1 5.98962E-1 5.67768E-1 5.5732E-1 5.57334E-1 5.2937E-1 5.09912E-1 5.09478E-1 5.05409E-1
3.94413E-1 4.38483E-1 4.47559E-1 4.44775E-1 4.24031E-1 4.38898E-1 4.792E-1 4.96427E-1 5.01336E-1 5.05263E-1 4.89634E-1 4.8777E-1 5.18329E-1 5.391E-1 5.53702E-1 5.47798E-1 5.59827E-1 5.78302E-1 5.70408E-1 5.70194E-1 5.74642E-1 5.74512E-1 5.80491E-1 5.81713E-1 5.8598E-1 5.85796E-1 5.86282E-1 5.89806E-1 5.99527E-1 5.90466E-1 5.829E-1 5.77064E-1 5.85547E-1 5.90866E-1 6.13608E-1 5.86933E-1 5.80034E-1 5.82017E-1 5.62991E-1 5.57777E-1 5.64521E-1 5.68657E-1 5.6741E-1 5.94949E-1 6.11493E-1 5.93971E-1 5.88623E-1 5.85725E-1 5.93129E-1 5.98293E-1 6.0266E-1 6.07977E-1 5.98245E-1 5.78026E-1 5.75747E-1 5.76701E-1 5.7794E-1 5.51995E-1 5.29105E-1 5.20053E-1 5.18516E-1
3.91089E-1 4.29545E-1 4.19691E-1 4.19884E-1 4.19882E-1 4.40282E-1 4.59495E-1 4.64717E-1 4.8043E-1 4.87843E-1 5.10816E-1 4.96322E-1 5.11599E-1 5.30137E-1 5.46678E-1 5.44597E-1 5.6295E-1 5.74621E-1 5.83943E-1 5.93408E-1 5.95348E-1 5.8227E-1 5.86264E-1 5.87621E-1 5.87801E-1 5.90019E-1 5.90646E-1 6.06007E-1 6.16986E-1 6.10076E-1 6.01618E-1 5.83856E-1 5.84462E-1 6.01482E-1 6.26336E-1 6.09631E-1 6.11061E-1 5.87358E-1 5.79666E-1 5.71429E-1 5.71738E-1 5.65047E-1 5.69397E-1 5.90017E-1 6.1117E-1 6.11192E-1 5.9679E-1 5.97752E-1 6.0377E-1 6.04864E-1 6.07566E-1 6.10087E-1 5.83936E-1 5.89163E-1 5.77821E-1 5.78332E-1 5.85718E-1 5.49753E-1 5.3273E-1 5.23517E-1 5.25042E-1
3.92423E-1 3.99761E-1 3.98995E-1 4.13869E-1 4.26532E-1 4.41906E-1 4.32985E-1 4.41938E-1 4.70215E-1 4.90949E-1 5.20821E-1 5.18525E-1 5.29759E-1 5.34438E-1 5.54093E-1 5.56162E-1 5.72096E-1 5.78423E-1 5.91487E-1 6.04558E-1 6.11843E-1 6.02765E-1 5.98642E-1 6.01523E-1 6.06185E-1 6.01237E-1 6.00865E-1 5.99391E-1 6.00514E-1 6.12728E-1 6.07192E-1 6.04591E-1 5.91412E-1 5.96922E-1 6.10983E-1 6.25525E-1 6.1584E-1 6.00304E-1 5.88557E-1 5.88619E-1 5.91953E-1 5.79569E-1 5.79931E-1 5.84571E-1 6.14929E-1 6.17845E-1 6.03305E-1 6.06996E-1 6.12872E-1 6.12958E-1 6.20429E-1 6.01115E-1 5.99382E-1 5.99667E-1 5.83926E-1 5.8952E-1 5.79908E-1 5.46103E-1 5.32882E-1 5.26936E-1 5.27064E-1
4.02769E-1 4.16568E-1 4.16431E-1 4.15023E-1 4.41162E-1 4.61334E-1 4.51686E-1 4.51949E-1 4.71559E-1 4.79832E-1 5.03012E-1 5.33365E-1 5.52718E-1 5.49829E-1 5.52604E-1 5.66635E-1 5.7457E-1 5.80784E-1 6.00113E-1 6.11075E-1 6.18948E-1 6.09454E-1 6.02184E-1 5.93665E-1 6.09503E-1 6.0556E-1 6.13797E-1 6.11513E-1 6.01144E-1 6.0328E-1 6.10869E-1 6.13263E-1 6.09549E-1 6.07264E-1 6.17017E-1 6.32864E-1 6.34949E-1 6.14962E-1 5.9801E-1 6.03496E-1 6.01366E-1 5.87133E-1 5.89641E-1 5.95837E-1 6.09017E-1 6.24577E-1 6.17753E-1 6.20637E-1 6.25254E-1 6.26919E-1 6.19072E-1 6.02868E-1 5.95902E-1 5.91219E-1 5.76074E-1 5.85062E-1 5.61295E-1 5.57503E-1 5.50673E-1 5.45374E-1 5.50631E-1
4.17695E-1 4.33484E-1 4.39514E-1 4.22967E-1 4.27351E-1 4.57939E-1 4.74869E-1 4.7407E-1 4.84909E-1 4.95772E-1 5.12702E-1 5.27589E-1 5.56895E-1 5.71579E-1 5.69777E-1 5.79489E-1 5.81688E-1 5.88977E-1 6.10478E-1 6.20097E-1 6.24696E-1 6.17935E-1 5.96252E-1 5.89913E-1 6.06665E-1 6.04783E-1 6.23543E-1 6.25891E-1 6.06912E-1 5.98323E-1 6.08254E-1 6.10012E-1 6.18231E-1 6.36579E-1 6.22964E-1 6.23777E-1 6.36595E-1 6.35157E-1 6.28849E-1 6.20394E-1 6.01888E-1 6.11128E-1 6.1285E-1 6.14107E-1 5.98119E-1 6.19926E-1 6.34579E-1 6.37455E-1 6.36065E-1 6.28539E-1 5.95922E-1 5.99192E-1 5.91438E-1 5.88186E-1 5.72568E-1 5.75555E-1 5.81284E-1 5.73039E-1 5.61425E-1 5.70894E-1 5.75688E-1
4.26274E-1 4.38878E-1 4.41323E-1 4.54927E-1 4.36167E-1 4.48564E-1 4.66542E-1 4.81761E-1 4.99549E-1 5.03079E-1 5.20262E-1 5.41801E-1 5.52317E-1 5.87428E-1 5.85115E-1 5.81254E-1 5.76405E-1 5.83487E-1 6.01402E-1 6.16156E-1 6.22051E-1 6.2713E-1 6.14868E-1 5.95337E-1 6.14177E-1 6.1702E-1 6.18663E-1 6.34861E-1 6.16169E-1 6.13716E-1 6.14666E-1 6.04767E-1 6.18476E-1 6.38203E-1 6.4962E-1 6.20641E-1 6.20168E-1 6.26933E-1 6.34357E-1 6.20542E-1 6.0591E-1 6.15625E-1 6.3435E-1 6.24618E-1 6.117E-1 6.24366E-1 6.46443E-1 6.4798E-1 6.45086E-1 6.24322E-1 5.98618E-1 5.81622E-1 5.74302E-1 5.67775E-1 5.78921E-1 5.89299E-1 5.9297E-1 5.67313E-1 5.65304E-1 5.8523E-1 5.97583E-1
4.50233E-1 4.56186E-1 4.60449E-1 4.67957E-1 4.76596E-1 4.54098E-1 4.49319E-1 4.68372E-1 4.8729E-1 5.21238E-1 5.11324E-1 5.28589E-1 5.65428E-1 5.98035E-1 6.24084E-1 6.04355E-1 5.99917E-1 5.98538E-1 6.0589E-1 6.13071E-1 6.20243E-1 6.29055E-1 6.35589E-1 6.19528E-1 6.21185E-1 6.42232E-1 6.45166E-1 6.44365E-1 6.38111E-1 6.32567E-1 6.17922E-1 6.13082E-1 6.06492E-1 6.2818E-1 6.65011E-1 6.26863E-1 6.09676E-1 6.20566E-1 6.27961E-1 6.368E-1 6.38756E-1 6.24266E-1 6.27944E-1 6.3784E-1 6.53687E-1 6.58206E-1 6.55264E-1 6.528E-1 6.43087E-1 5.99708E-1 5.86217E-1 5.79997E-1 5.82145E-1 5.76498E-1 5.81735E-1 5.93188E-1 6.08268E-1 5.92407E-1 5.8885E-1 6.0688E-1 6.08462E-1
