maxent_outputs/white_flowers_linear/white_248.asc
ncols         426
nrows         180
xllcorner     -130.0
yllcorner     24.0
cellsize      0.16666666666666666
NODATA_value  -9999
[rows 0 to 26 of 180, columns 0 to 60 of 426]
8.59455E-1 8.23179E-1 8.15009E-1 8.18039E-1 8.04787E-1 8.0231E-1 7.88638E-1 7.68613E-1 7.53808E-1 7.38122E-1 7.12008E-1 6.72534E-1 6.30369E-1 6.34127E-1 6.50984E-1 6.15538E-1 6.13413E-1 5.83824E-1 5.63668E-1 5.52277E-1 5.23453E-1 5.03059E-1 4.89046E-1 4.71548E-1 4.61525E-1 4.56211E-1 4.66782E-1 4.63782E-1 4.63609E-1 4.71169E-1 4.56077E-1 4.50626E-1 4.44679E-1 4.39046E-1 4.3758E-1 4.37009E-1 4.29567E-1 4.32283E-1 4.558E-1 4.61602E-1 4.71812E-1 4.72743E-1 4.87987E-1 4.97817E-1 4.99082E-1 5.13357E-1 5.19948E-1 5.27322E-1 5.42161E-1 5.50218E-1 5.58682E-1 5.56618E-1 5.46478E-1 5.54511E-1 5.35304E-1 5.45166E-1 5.17761E-1 5.15146E-1 5.15916E-1 5.16439E-1 5.06763E-1
8.84488E-1 8.7031E-1 8.51497E-1 8.34518E-1 8.38033E-1 8.3335E-1 8.28833E-1 8.0579E-1 7.72289E-1 7.54002E-1 7.21273E-1 6.85305E-1 6.50114E-1 6.14481E-1 6.16746E-1 6.386E-1 6.38946E-1 6.10024E-1 5.78085E-1 5.6048E-1 5.51654E-1 5.3533E-1 5.01431E-1 4.98946E-1 4.81899E-1 4.59421E-1 4.63556E-1 4.54045E-1 4.60101E-1 4.47926E-1 4.30723E-1 4.31101E-1 4.54721E-1 4.55883E-1 4.52366E-1 4.46496E-1 4.46591E-1 4.35462E-1 4.41383E-1 4.54262E-1 4.6263E-1 4.70069E-1 4.77836E-1 5.03796E-1 4.96304E-1 5.1033E-1 5.24174E-1 5.38828E-1 5.52675E-1 5.5494E-1 5.73318E-1 5.69586E-1 5.61678E-1 5.44679E-1 5.44635E-1 5.64647E-1 5.55382E-1 5.42625E-1 5.37966E-1 5.36242E-1 5.22164E-1
9.12649E-1 8.96782E-1 8.91941E-1 8.7301E-1 8.82025E-1 8.57056E-1 8.51012E-1 8.3029E-1 7.88828E-1 7.62998E-1 7.30935E-1 7.07328E-1 6.77378E-1 6.46773E-1 6.25574E-1 6.32159E-1 6.24971E-1 6.34607E-1 6.10754E-1 5.77239E-1 5.63972E-1 5.57488E-1 5.211E-1 5.02666E-1 4.90071E-1 4.64598E-1 4.53003E-1 4.60768E-1 4.59089E-1 4.3674E-1 4.3971E-1 4.37653E-1 4.35005E-1 4.2978E-1 4.44078E-1 4.20475E-1 4.12318E-1 4.19385E-1 4.34121E-1 4.43966E-1 4.45562E-1 4.59653E-1 4.70677E-1 4.96745E-1 5.01925E-1 5.17182E-1 5.25705E-1 5.29873E-1 5.6065E-1 5.64134E-1 5.59787E-1 5.76309E-1 5.9069E-1 5.88795E-1 5.7064E-1 5.33681E-1 5.35177E-1 5.5882E-1 5.44126E-1 5.29606E-1 5.22846E-1
9.30605E-1 9.24861E-1 9.23096E-1 9.3038E-1 9.37204E-1 8.98409E-1 8.87001E-1 8.5616E-1 8.38637E-1 8.07141E-1 7.71103E-1 7.45548E-1 7.05819E-1 6.85861E-1 6.42748E-1 6.35682E-1 6.33624E-1 6.61599E-1 6.47629E-1 6.01477E-1 5.72808E-1 5.57279E-1 5.29718E-1 5.11265E-1 4.8893E-1 4.65605E-1 4.68192E-1 4.67795E-1 4.70263E-1 4.62477E-1 4.40052E-1 4.49298E-1 4.46332E-1 4.24354E-1 4.30385E-1 4.32839E-1 4.27195E-1 4.27756E-1 4.25464E-1 4.32783E-1 4.2118E-1 4.44809E-1 4.60881E-1 4.85727E-1 4.95689E-1 5.06655E-1 5.10329E-1 5.17013E-1 5.43372E-1 5.64185E-1 5.63387E-1 5.73626E-1 5.91008E-1 5.87781E-1 5.91194E-1 5.81359E-1 5.8073E-1 5.46501E-1 5.52759E-1 5.44156E-1 5.14506E-1
9.40057E-1 9.50159E-1 9.49869E-1 9.56992E-1 9.51349E-1 9.42303E-1 9.17794E-1 8.89716E-1 8.54394E-1 8.25482E-1 7.79236E-1 7.64349E-1 7.48523E-1 7.2711E-1 6.92088E-1 6.63607E-1 6.62798E-1 6.66292E-1 6.60287E-1 6.41146E-1 5.98169E-1 5.66933E-1 5.33396E-1 5.13375E-1 4.91384E-1 4.74208E-1 4.6423E-1 4.67574E-1 4.75433E-1 4.67736E-1 4.58327E-1 4.35176E-1 4.49946E-1 4.20944E-1 4.17068E-1 4.18959E-1 4.30845E-1 4.20214E-1 4.13326E-1 4.31032E-1 4.22247E-1 4.31495E-1 4.56362E-1 4.68476E-1 4.738E-1 4.94297E-1 4.95609E-1 5.26388E-1 5.47674E-1 5.64366E-1 5.75269E-1 5.73946E-1 5.83767E-1 6.04326E-1 5.94722E-1 5.88218E-1 5.80071E-1 5.67768E-1 5.5812E-1 5.27531E-1 5.46224E-1
9.54211E-1 9.67207E-1 9.67416E-1 9.57104E-1 9.56474E-1 9.45973E-1 9.29474E-1 9.09257E-1 9.14982E-1 8.82885E-1 8.19779E-1 7.89409E-1 7.71199E-1 7.57689E-1 7.23375E-1 6.98719E-1 6.78039E-1 6.8881E-1 6.65705E-1 6.48997E-1 6.02529E-1 5.73621E-1 5.38948E-1 5.07908E-1 4.98558E-1 4.84689E-1 4.6653E-1 4.67685E-1 4.59625E-1 4.45701E-1 4.57671E-1 4.38202E-1 4.38401E-1 4.32902E-1 4.08944E-1 4.06365E-1 4.24261E-1 4.0508E-1 4.12176E-1 4.21228E-1 4.22515E-1 4.24534E-1 4.34054E-1 4.58954E-1 4.64508E-1 4.80567E-1 5.03576E-1 5.15744E-1 5.44626E-1 5.60538E-1 5.78416E-1 5.87416E-1 5.91753E-1 5.94178E-1 5.93207E-1 5.91496E-1 5.7008E-1 5.54793E-1 5.65172E-1 5.67335E-1 5.42156E-1
-9999 9.79294E-1 9.70078E-1 9.70359E-1 9.67832E-1 9.60677E-1 9.49159E-1 9.42983E-1 9.40828E-1 9.24511E-1 8.80805E-1 8.62573E-1 8.09591E-1 7.71508E-1 7.38729E-1 7.11775E-1 6.90223E-1 7.11971E-1 6.81627E-1 6.67666E-1 6.33797E-1 5.90195E-1 5.62713E-1 5.23163E-1 4.96114E-1 4.88795E-1 4.74053E-1 4.68123E-1 4.60041E-1 4.47254E-1 4.43769E-1 4.43692E-1 4.42151E-1 4.46542E-1 4.29486E-1 4.18443E-1 4.10842E-1 4.15101E-1 4.09691E-1 4.01042E-1 4.18893E-1 4.18315E-1 4.16872E-1 4.47053E-1 4.58076E-1 4.76774E-1 4.95528E-1 5.07068E-1 5.20352E-1 5.41909E-1 5.80649E-1 5.98523E-1 5.90801E-1 6.00516E-1 5.97673E-1 5.9505E-1 5.87022E-1 5.67019E-1 5.45457E-1 5.29186E-1 5.56954E-1
-9999 -9999 -9999 9.78125E-1 9.63265E-1 9.65337E-1 9.61239E-1 9.59793E-1 9.55828E-1 9.63691E-1 9.51209E-1 9.17643E-1 8.7214E-1 8.09493E-1 7.57616E-1 7.42084E-1 7.22593E-1 7.29741E-1 7.32261E-1 6.85533E-1 6.51059E-1 6.10149E-1 5.71923E-1 5.49677E-1 5.39358E-1 5.25618E-1 4.82864E-1 4.77614E-1 4.96573E-1 4.71273E-1 4.73645E-1 4.51999E-1 4.30104E-1 4.26431E-1 4.29756E-1 4.13203E-1 4.13042E-1 4.14897E-1 4.10535E-1 4.01016E-1 4.03687E-1 4.03957E-1 4.10293E-1 4.35899E-1 4.50086E-1 4.60309E-1 4.88499E-1 4.95991E-1 5.01432E-1 5.22618E-1 5.46941E-1 5.63556E-1 6.02449E-1 6.17932E-1 5.96753E-1 6.06397E-1 6.0726E-1 5.93764E-1 5.47745E-1 5.45618E-1 5.45547E-1
-9999 -9999 -9999 9.84059E-1 9.69837E-1 9.6352E-1 9.6502E-1 9.75464E-1 9.6577E-1 9.7007E-1 9.65759E-1 9.52924E-1 9.24209E-1 8.63249E-1 8.2867E-1 7.81148E-1 7.85341E-1 7.6349E-1 7.05718E-1 6.79643E-1 6.62305E-1 6.34298E-1 5.88758E-1 5.66688E-1 5.28157E-1 5.07426E-1 4.77052E-1 4.34929E-1 4.39999E-1 4.41562E-1 4.48106E-1 4.50357E-1 4.18395E-1 4.05083E-1 4.01613E-1 3.84817E-1 3.99129E-1 3.99119E-1 3.7707E-1 3.73645E-1 3.79934E-1 3.98449E-1 3.91268E-1 4.16678E-1 4.39817E-1 4.53273E-1 4.73195E-1 4.67777E-1 4.86439E-1 5.10524E-1 5.2014E-1 5.58837E-1 5.78317E-1 5.85829E-1 5.82513E-1 6.09557E-1 6.05351E-1 5.76695E-1 5.8283E-1 5.58462E-1 5.40265E-1
-9999 -9999 -9999 -9999 -9999 9.78462E-1 9.71522E-1 9.70612E-1 9.69324E-1 9.73907E-1 9.72611E-1 9.65082E-1 9.48358E-1 9.14062E-1 8.67229E-1 8.47375E-1 8.32357E-1 7.67028E-1 7.36384E-1 7.20552E-1 6.81073E-1 6.40397E-1 6.18634E-1 5.83588E-1 5.34514E-1 5.12823E-1 4.88836E-1 4.52403E-1 4.25801E-1 4.20046E-1 4.28038E-1 4.46089E-1 4.16385E-1 3.81941E-1 3.73484E-1 3.50727E-1 3.58011E-1 3.7005E-1 3.56374E-1 3.66182E-1 3.76555E-1 3.8402E-1 3.86375E-1 3.8746E-1 4.06884E-1 4.33097E-1 4.53015E-1 4.47827E-1 4.59464E-1 4.81906E-1 4.87072E-1 4.98731E-1 5.28515E-1 5.58147E-1 5.71833E-1 6.00676E-1 6.28667E-1 5.99613E-1 5.77283E-1 5.83976E-1 5.68164E-1
-9999 -9999 -9999 -9999 -9999 -9999 -9999 9.64615E-1 9.6443E-1 9.70243E-1 9.71055E-1 9.72521E-1 9.58448E-1 9.37318E-1 9.02457E-1 8.62389E-1 8.30542E-1 7.86254E-1 7.70172E-1 7.00798E-1 6.77462E-1 6.39673E-1 6.17892E-1 5.83064E-1 5.66927E-1 5.20728E-1 5.08726E-1 4.90862E-1 4.52548E-1 4.16704E-1 4.27354E-1 4.50037E-1 4.28924E-1 3.91429E-1 3.63917E-1 3.58672E-1 3.47766E-1 3.43484E-1 3.67286E-1 3.43285E-1 3.5766E-1 3.89694E-1 3.77495E-1 3.82815E-1 3.8983E-1 4.19711E-1 4.45513E-1 4.48733E-1 4.55778E-1 4.58621E-1 4.62941E-1 4.85306E-1 5.33604E-1 5.53998E-1 5.54387E-1 5.82496E-1 6.18454E-1 6.17013E-1 5.60416E-1 6.01726E-1 5.99845E-1
-9999 -9999 -9999 -9999 -9999 -9999 -9999 -9999 9.74893E-1 9.694E-1 9.70494E-1 9.64864E-1 9.63281E-1 9.37027E-1 9.1308E-1 8.6659E-1 8.24486E-1 7.65859E-1 7.25398E-1 7.46975E-1 7.17957E-1 6.62851E-1 6.00909E-1 5.79781E-1 5.63248E-1 5.4923E-1 5.25711E-1 5.10037E-1 4.88713E-1 4.35792E-1 4.18525E-1 4.29683E-1 4.28997E-1 3.92383E-1 3.74001E-1 3.89295E-1 3.63973E-1 3.51341E-1 3.58767E-1 3.49342E-1 3.5974E-1 3.8426E-1 3.94715E-1 3.97011E-1 4.2121E-1 4.0964E-1 4.45536E-1 4.48838E-1 4.42483E-1 4.48357E-1 4.52045E-1 4.85514E-1 5.13675E-1 5.62625E-1 5.99915E-1 5.85629E-1 5.98581E-1 6.23496E-1 5.83482E-1 5.61184E-1 5.74557E-1
-9999 -9999 -9999 -9999 -9999 -9999 -9999 -9999 -9999 9.70097E-1 9.65579E-1 9.54236E-1 9.57312E-1 9.39595E-1 8.98244E-1 8.56526E-1 8.43338E-1 7.76859E-1 7.26266E-1 7.38015E-1 7.04586E-1 6.63297E-1 6.39639E-1 5.90051E-1 5.70542E-1 5.60203E-1 5.36041E-1 5.26322E-1 5.02829E-1 4.74255E-1 4.48321E-1 4.41381E-1 4.14862E-1 4.29085E-1 4.46011E-1 4.15699E-1 3.84107E-1 3.82745E-1 3.64859E-1 3.66469E-1 3.7534E-1 3.81327E-1 3.91078E-1 3.9154E-1 4.18586E-1 4.06407E-1 4.43733E-1 4.31314E-1 4.45716E-1 4.41589E-1 4.50109E-1 4.74592E-1 5.14152E-1 4.89053E-1 5.147E-1 5.3353E-1 5.40116E-1 5.64918E-1 5.6563E-1 5.44844E-1 6.01072E-1
-9999 -9999 -9999 -9999 -9999 -9999 -9999 -9999 -9999 -9999 9.63104E-1 9.48455E-1 9.35842E-1 9.18984E-1 9.03606E-1 8.966E-1 8.58169E-1 8.12391E-1 7.57213E-1 7.39205E-1 7.35287E-1 6.72858E-1 6.37019E-1 6.15528E-1 5.79852E-1 5.68242E-1 5.50334E-1 5.3808E-1 5.21894E-1 5.21626E-1 5.04601E-1 4.81715E-1 5.01152E-1 4.71222E-1 4.78676E-1 4.51517E-1 4.38085E-1 4.20414E-1 4.23969E-1 4.19359E-1 4.08558E-1 3.94055E-1 3.81665E-1 3.95506E-1 4.33557E-1 4.45362E-1 4.30602E-1 4.4074E-1 4.3944E-1 4.44458E-1 4.46305E-1 4.31848E-1 4.41779E-1 4.5226E-1 4.96799E-1 5.23524E-1 5.56559E-1 5.72553E-1 5.91014E-1 5.64603E-1 6.0568E-1
-9999 -9999 -9999 -9999 -9999 -9999 -9999 -9999 -9999 -9999 -9999 9.20951E-1 9.13806E-1 9.16889E-1 9.14858E-1 8.88617E-1 8.5046E-1 8.08068E-1 7.71558E-1 7.46444E-1 7.25122E-1 6.6221E-1 6.38268E-1 5.99265E-1 5.64402E-1 5.70132E-1 5.79797E-1 5.58268E-1 5.43275E-1 5.29518E-1 5.42264E-1 5.38251E-1 5.21581E-1 5.30637E-1 5.11068E-1 4.98495E-1 4.90378E-1 4.70685E-1 4.70673E-1 4.7934E-1 4.59358E-1 4.33701E-1 4.60293E-1 4.53564E-1 4.45436E-1 4.5443E-1 4.35635E-1 4.6182E-1 4.27192E-1 4.27071E-1 4.4679E-1 4.54665E-1 4.48542E-1 4.64187E-1 4.69718E-1 5.01247E-1 5.60839E-1 5.80046E-1 5.41853E-1 5.55237E-1 5.80185E-1
-9999 -9999 -9999 -9999 -9999 -9999 -9999 -9999 -9999 -9999 -9999 9.1256E-1 9.12656E-1 9.11926E-1 8.99372E-1 8.86231E-1 8.67995E-1 8.40753E-1 7.82023E-1 7.3233E-1 7.10865E-1 6.7662E-1 6.42333E-1 5.70774E-1 5.70942E-1 6.18183E-1 6.06248E-1 5.56438E-1 5.36405E-1 5.21705E-1 5.55186E-1 5.42524E-1 5.28659E-1 5.24064E-1 5.20796E-1 5.36335E-1 5.12427E-1 5.02735E-1 4.95917E-1 4.96761E-1 4.83876E-1 4.80679E-1 4.93836E-1 4.74879E-1 4.85722E-1 4.88908E-1 4.60371E-1 4.61521E-1 4.35083E-1 4.111E-1 4.16178E-1 4.19188E-1 4.32844E-1 4.6078E-1 4.67113E-1 4.79436E-1 5.08047E-1 5.431E-1 5.16843E-1 5.79903E-1 6.12385E-1
-9999 -9999 -9999 -9999 -9999 -9999 -9999 -9999 -9999 -9999 -9999 -9999 -9999 9.01058E-1 8.89498E-1 8.83746E-1 8.69569E-1 8.41719E-1 7.96403E-1 7.65708E-1 7.66418E-1 7.07849E-1 6.83185E-1 6.62095E-1 6.26057E-1 6.49842E-1 6.65454E-1 5.80498E-1 5.48494E-1 5.82732E-1 5.9374E-1 5.53919E-1 5.32944E-1 5.35053E-1 5.28942E-1 5.74329E-1 5.34289E-1 5.20327E-1 5.11126E-1 5.34416E-1 5.15696E-1 5.03272E-1 5.19323E-1 5.04401E-1 5.20265E-1 5.24258E-1 5.05166E-1 4.71636E-1 4.93604E-1 4.59028E-1 4.16367E-1 4.11263E-1 4.26535E-1 4.44303E-1 4.59132E-1 4.76541E-1 5.13686E-1 5.33266E-1 5.03784E-1 5.40102E-1 5.45096E-1
-9999 -9999 -9999 -9999 -9999 -9999 -9999 -9999 -9999 -9999 -9999 -9999 -9999 8.98733E-1 8.83682E-1 8.73925E-1 8.62038E-1 8.52053E-1 8.37137E-1 8.28403E-1 7.90666E-1 7.49779E-1 7.18721E-1 7.14927E-1 6.59341E-1 6.6146E-1 7.38604E-1 6.13661E-1 5.71014E-1 6.34594E-1 6.65015E-1 5.7479E-1 4.8846E-1 5.3833E-1 5.58502E-1 5.65358E-1 5.52169E-1 5.50336E-1 5.24841E-1 5.32571E-1 5.4254E-1 5.32784E-1 5.33662E-1 5.21103E-1 5.51022E-1 5.38398E-1 5.48631E-1 5.1894E-1 5.16229E-1 5.24697E-1 4.64701E-1 4.30317E-1 4.64665E-1 4.76785E-1 4.58285E-1 4.71982E-1 5.2766E-1 5.5399E-1 4.8839E-1 5.10649E-1 5.40612E-1
-9999 -9999 -9999 -9999 -9999 9.20952E-1 -9999 -9999 -9999 -9999 9.25115E-1 9.07542E-1 9.05254E-1 8.92963E-1 8.88602E-1 8.73373E-1 8.62556E-1 8.61471E-1 8.61304E-1 8.45173E-1 8.27138E-1 8.01822E-1 7.85642E-1 7.39816E-1 7.15515E-1 6.95041E-1 7.38614E-1 6.84435E-1 6.24725E-1 6.14893E-1 7.11219E-1 6.89486E-1 6.22612E-1 6.04511E-1 5.50762E-1 5.51107E-1 5.57499E-1 5.38046E-1 5.2329E-1 5.38785E-1 5.54413E-1 5.51998E-1 5.51743E-1 5.26769E-1 5.45382E-1 5.6449E-1 5.37262E-1 5.41884E-1 5.03115E-1 5.10566E-1 4.99263E-1 4.54768E-1 4.92848E-1 4.94829E-1 4.56965E-1 4.71811E-1 5.21076E-1 5.03027E-1 4.71859E-1 5.11668E-1 5.80422E-1
-9999 -9999 -9999 -9999 -9999 -9999 9.30861E-1 9.17225E-1 9.28695E-1 9.28942E-1 9.19912E-1 8.99584E-1 8.91091E-1 8.70152E-1 8.3841E-1 8.30367E-1 8.29546E-1 8.74233E-1 8.75257E-1 8.58489E-1 8.48984E-1 8.16186E-1 7.97319E-1 7.75983E-1 7.47862E-1 7.51635E-1 7.30244E-1 7.22541E-1 6.80434E-1 6.47501E-1 7.20386E-1 6.6738E-1 6.01023E-1 5.73957E-1 6.023E-1 5.88024E-1 5.83419E-1 5.61373E-1 5.57376E-1 5.68963E-1 5.64763E-1 5.61012E-1 5.48768E-1 5.62104E-1 5.8033E-1 5.62061E-1 5.59912E-1 5.59609E-1 5.34003E-1 5.45393E-1 4.80572E-1 4.96022E-1 4.66211E-1 4.67006E-1 4.7066E-1 4.90385E-1 4.79078E-1 4.63451E-1 4.59749E-1 4.87279E-1 4.97292E-1
-9999 -9999 -9999 -9999 -9999 -9999 -9999 -9999 -9999 -9999 9.13316E-1 8.89702E-1 8.76822E-1 8.39939E-1 8.0721E-1 7.96233E-1 8.0989E-1 8.26972E-1 8.38363E-1 8.36177E-1 8.46106E-1 8.14703E-1 8.05281E-1 7.72937E-1 7.72492E-1 7.69575E-1 7.68463E-1 7.37227E-1 7.15986E-1 7.00776E-1 7.44841E-1 6.98501E-1 6.34834E-1 6.51716E-1 6.79582E-1 6.69888E-1 6.06907E-1 5.71507E-1 5.74032E-1 5.83122E-1 5.81615E-1 5.78574E-1 5.67202E-1 5.76287E-1 5.78936E-1 5.80403E-1 5.97959E-1 5.77383E-1 5.72691E-1 5.49302E-1 5.47476E-1 5.2794E-1 5.00106E-1 5.26058E-1 4.97137E-1 5.02879E-1 5.07887E-1 4.62986E-1 4.45488E-1 4.7535E-1 4.8859E-1
-9999 -9999 -9999 -9999 -9999 -9999 -9999 -9999 -9999 -9999 -9999 8.91529E-1 8.722E-1 8.29176E-1 8.23276E-1 7.80495E-1 7.91556E-1 7.86836E-1 7.84534E-1 7.61297E-1 7.67099E-1 7.4797E-1 7.55302E-1 7.37867E-1 7.54145E-1 7.58436E-1 7.7371E-1 7.8818E-1 7.66516E-1 7.71101E-1 7.25987E-1 7.12068E-1 6.9125E-1 7.21531E-1 6.70991E-1 6.44444E-1 5.94076E-1 5.92187E-1 5.93952E-1 5.79656E-1 5.76238E-1 5.87606E-1 5.80569E-1 5.78605E-1 5.98163E-1 5.76964E-1 5.77097E-1 6.00109E-1 6.04498E-1 5.84366E-1 5.51875E-1 5.33551E-1 5.13022E-1 5.30938E-1 5.03967E-1 4.92784E-1 5.13634E-1 4.85984E-1 4.63042E-1 5.13473E-1 5.17926E-1
-9999 -9999 -9999 -9999 -9999 -9999 -9999 -9999 -9999 -9999 -9999 -9999 8.70846E-1 8.3813E-1 8.02999E-1 7.79511E-1 7.76733E-1 7.58761E-1 7.45165E-1 7.30125E-1 7.14495E-1 7.01052E-1 7.02875E-1 6.94494E-1 7.01384E-1 6.96122E-1 7.17881E-1 7.4457E-1 7.73627E-1 7.83322E-1 7.77182E-1 7.77682E-1 7.38472E-1 7.21093E-1 6.76019E-1 6.81626E-1 6.93328E-1 6.57502E-1 6.31162E-1 6.14463E-1 5.96669E-1 6.01908E-1 6.04134E-1 5.79769E-1 6.03418E-1 6.09149E-1 5.81743E-1 5.78637E-1 5.89734E-1 5.9517E-1 5.78844E-1 5.56828E-1 5.25979E-1 5.14169E-1 5.03145E-1 4.96675E-1 4.97971E-1 4.63038E-1 4.71594E-1 4.63921E-1 5.14788E-1
-9999 -9999 -9999 -9999 -9999 -9999 -9999 -9999 -9999 -9999 -9999 -9999 8.66265E-1 8.32551E-1 7.88882E-1 7.71398E-1 7.62613E-1 7.58856E-1 7.43182E-1 7.31973E-1 7.16353E-1 6.77189E-1 6.74875E-1 6.59128E-1 6.58234E-1 6.56068E-1 6.7533E-1 7.12879E-1 7.53871E-1 8.04837E-1 7.95228E-1 8.06544E-1 7.53364E-1 7.54059E-1 7.16248E-1 6.958E-1 7.1021E-1 7.31138E-1 6.44227E-1 6.33357E-1 6.26274E-1 6.28229E-1 6.08061E-1 5.99605E-1 6.03415E-1 6.10478E-1 5.79744E-1 5.77605E-1 5.9393E-1 5.83826E-1 5.95668E-1 5.90649E-1 5.63779E-1 5.29412E-1 5.11092E-1 4.94389E-1 4.77751E-1 4.61101E-1 4.71576E-1 5.03185E-1 5.31429E-1
-9999 -9999 -9999 -9999 -9999 -9999 -9999 -9999 -9999 -9999 -9999 -9999 -9999 -9999 -9999 8.08134E-1 7.93936E-1 7.65564E-1 7.54162E-1 7.42461E-1 7.1913E-1 6.97781E-1 6.67772E-1 6.5474E-1 6.50084E-1 6.46781E-1 6.38576E-1 6.58564E-1 7.0875E-1 7.28827E-1 8.11124E-1 8.01642E-1 7.77829E-1 7.44899E-1 7.33857E-1 7.31642E-1 7.28411E-1 6.85458E-1 6.42433E-1 6.42235E-1 6.64173E-1 6.50223E-1 6.05174E-1 6.03748E-1 6.07061E-1 6.28339E-1 6.00906E-1 5.82797E-1 5.88177E-1 5.93497E-1 5.97863E-1 6.02141E-1 5.92789E-1 5.50274E-1 5.33965E-1 5.09866E-1 4.8471E-1 5.00174E-1 5.25631E-1 5.30166E-1 5.23863E-1
-9999 -9999 -9999 -9999 -9999 -9999 -9999 -9999 -9999 -9999 -9999 -9999 -9999 -9999 -9999 -9999 -9999 8.01445E-1 7.94928E-1 7.59208E-1 7.47108E-1 7.19061E-1 6.82913E-1 6.59581E-1 6.49115E-1 6.40212E-1 6.26316E-1 6.3303E-1 6.55708E-1 6.91135E-1 7.08098E-1 -9999 7.70671E-1 7.58425E-1 7.62884E-1 7.83966E-1 7.46613E-1 7.05745E-1 6.91879E-1 6.79061E-1 6.78614E-1 6.73688E-1 6.42566E-1 6.47191E-1 6.24668E-1 6.26055E-1 6.48753E-1 6.60959E-1 6.39859E-1 6.1477E-1 5.97577E-1 6.15831E-1 5.99783E-1 5.84426E-1 5.57977E-1 5.13121E-1 5.08404E-1 5.17892E-1 5.07084E-1 5.19858E-1 5.15187E-1
-9999 -9999 -9999 -9999 -9999 -9999 -9999 -9999 -9999 -9999 -9999 -9999 -9999 -9999 -9999 -9999 -9999 -9999 8.27527E-1 8.04657E-1 8.19289E-1 7.53589E-1 7.12651E-1 6.82584E-1 6.55324E-1 6.43812E-1 6.16277E-1 6.35056E-1 6.18313E-1 6.46645E-1 6.62033E-1 6.89849E-1 7.30591E-1 7.45202E-1 7.34551E-1 7.8317E-1 7.24414E-1 7.1759E-1 6.84249E-1 6.97521E-1 7.02398E-1 6.70871E-1 6.69933E-1 6.67544E-1 6.85209E-1 6.43003E-1 6.47773E-1 6.47758E-1 7.13426E-1 6.81589E-1 6.2153E-1 6.39633E-1 6.04894E-1 5.86743E-1 5.74584E-1 5.3546E-1 5.10592E-1 4.93467E-1 5.30362E-1 5.43983E-1 5.15979E-1
