maxent_outputs/white_flowers_linear/white_141.asc
ncols         426
nrows         180
xllcorner     -130.0
yllcorner     24.0
cellsize      0.16666666666666666
NODATA_value  -9999
[rows 27 to 53 of 180, columns 61 to 121 of 426]
5.79417E-1 5.85855E-1 6.15701E-1 6.27614E-1 5.91928E-1 6.00529E-1 6.539E-1 6.46877E-1 6.24398E-1 6.67331E-1 6.63846E-1 6.70363E-1 6.72382E-1 6.53059E-1 6.66909E-1 6.5692E-1 6.60657E-1 6.47833E-1 6.50271E-1 6.41003E-1 6.2094E-1 6.25756E-1 6.20955E-1 5.81197E-1 5.80681E-1 5.83281E-1 5.48594E-1 5.78209E-1 5.86772E-1 5.97141E-1 5.97698E-1 6.01556E-1 5.94685E-1 5.82778E-1 5.57059E-1 5.19901E-1 4.95464E-1 4.82566E-1 4.79909E-1 4.73813E-1 4.69622E-1 4.71394E-1 4.67342E-1 4.62883E-1 4.53108E-1 4.51086E-1 4.48375E-1 4.44057E-1 4.41612E-1 4.45915E-1 4.4741E-1 4.424E-1 4.32955E-1 4.23603E-1 4.14775E-1 4.09183E-1 4.05545E-1 4.03157E-1 3.93884E-1 3.9397E-1 3.92381E-1
5.81825E-1 5.7205E-1 5.92404E-1 6.38333E-1 6.03602E-1 5.86847E-1 6.1322E-1 6.37662E-1 6.20803E-1 6.512E-1 6.50297E-1 6.53255E-1 6.5833E-1 6.48671E-1 6.49424E-1 6.42323E-1 6.51267E-1 6.50233E-1 6.47376E-1 6.22965E-1 6.10033E-1 6.02333E-1 6.04241E-1 5.81948E-1 5.96914E-1 5.86124E-1 5.83584E-1 5.45328E-1 5.77392E-1 5.91099E-1 6.07956E-1 5.96561E-1 6.03619E-1 6.08479E-1 6.01905E-1 5.69556E-1 5.25505E-1 5.03652E-1 4.88161E-1 4.79775E-1 4.73673E-1 4.68279E-1 4.60319E-1 4.48414E-1 4.4075E-1 4.40838E-1 4.42981E-1 4.39562E-1 4.35517E-1 4.38401E-1 4.41126E-1 4.35335E-1 4.30568E-1 4.26511E-1 4.21075E-1 4.12498E-1 3.96692E-1 3.86783E-1 3.76341E-1 3.68315E-1 3.72102E-1
6.0666E-1 5.75607E-1 5.8416E-1 5.88553E-1 5.65448E-1 5.66316E-1 5.85204E-1 6.04513E-1 6.04873E-1 6.32482E-1 6.43744E-1 6.47148E-1 6.38657E-1 6.3035E-1 6.42505E-1 6.37729E-1 6.48334E-1 6.38458E-1 6.23038E-1 6.06788E-1 6.03775E-1 5.85836E-1 5.8317E-1 5.86675E-1 5.8838E-1 5.87715E-1 5.92716E-1 5.68914E-1 5.83927E-1 5.99494E-1 5.97916E-1 5.97629E-1 5.90515E-1 5.98983E-1 6.01146E-1 6.05406E-1 5.71281E-1 5.32673E-1 5.03531E-1 4.84689E-1 4.73454E-1 4.65632E-1 4.5209E-1 4.37173E-1 4.20269E-1 4.28541E-1 4.29973E-1 4.31658E-1 4.38074E-1 4.45402E-1 4.4622E-1 4.43024E-1 4.41273E-1 4.36527E-1 4.2856E-1 4.24098E-1 4.09579E-1 3.85178E-1 3.69307E-1 3.63147E-1 3.63974E-1
6.0949E-1 5.74582E-1 5.72256E-1 5.52816E-1 5.5205E-1 5.72902E-1 5.87045E-1 5.85394E-1 6.1243E-1 6.1587E-1 6.16553E-1 6.17151E-1 6.14147E-1 6.29708E-1 6.45233E-1 6.36854E-1 6.43772E-1 6.26658E-1 6.21117E-1 6.22897E-1 6.02477E-1 5.98669E-1 5.98099E-1 6.08073E-1 5.84506E-1 5.78238E-1 5.97416E-1 5.91276E-1 5.54069E-1 5.99501E-1 5.99624E-1 6.06057E-1 5.81699E-1 5.92121E-1 5.93517E-1 5.95914E-1 5.88388E-1 5.74319E-1 5.24153E-1 5.03575E-1 4.83877E-1 4.67794E-1 4.5351E-1 4.42484E-1 4.32659E-1 4.34033E-1 4.36965E-1 4.35657E-1 4.36352E-1 4.46288E-1 4.51194E-1 4.53773E-1 4.62946E-1 4.46744E-1 4.27995E-1 4.17861E-1 4.13809E-1 4.02399E-1 3.94239E-1 3.97871E-1 3.94017E-1
6.04566E-1 5.63833E-1 5.50318E-1 5.55454E-1 5.8364E-1 5.79991E-1 5.84983E-1 5.74625E-1 6.27288E-1 6.13008E-1 5.89503E-1 6.03384E-1 6.18359E-1 6.23646E-1 6.22592E-1 6.3808E-1 6.35329E-1 6.26606E-1 6.22325E-1 6.24183E-1 6.03801E-1 5.84194E-1 5.91629E-1 5.94924E-1 5.88073E-1 5.84234E-1 5.89839E-1 5.95352E-1 5.87258E-1 5.53665E-1 5.97055E-1 6.05918E-1 5.97816E-1 5.7279E-1 5.86728E-1 5.73567E-1 5.68532E-1 5.81588E-1 5.52772E-1 5.25132E-1 4.89833E-1 4.70618E-1 4.58461E-1 4.4825E-1 4.38283E-1 4.33787E-1 4.37549E-1 4.32369E-1 4.24577E-1 4.19913E-1 4.19181E-1 4.25E-1 4.28858E-1 4.25818E-1 4.21628E-1 4.15376E-1 4.08006E-1 4.07478E-1 4.06006E-1 4.07673E-1 4.10591E-1
5.75666E-1 5.487E-1 5.47085E-1 5.62363E-1 5.68332E-1 5.77856E-1 5.70418E-1 5.91799E-1 6.21467E-1 6.05966E-1 6.00767E-1 5.883E-1 6.02344E-1 6.16724E-1 6.19375E-1 6.1387E-1 6.25583E-1 6.26249E-1 6.26311E-1 6.11394E-1 5.96044E-1 5.98676E-1 6.00829E-1 5.97639E-1 5.91026E-1 5.8968E-1 5.89733E-1 6.04465E-1 5.83775E-1 5.80439E-1 5.94754E-1 5.80168E-1 5.99934E-1 5.91295E-1 5.88372E-1 5.97971E-1 5.77019E-1 5.60202E-1 5.66812E-1 5.42635E-1 4.98146E-1 4.88046E-1 4.74872E-1 4.70716E-1 4.65105E-1 4.54934E-1 4.52615E-1 4.34526E-1 4.25229E-1 4.17697E-1 4.1054E-1 4.09151E-1 4.08088E-1 4.06449E-1 4.1053E-1 4.11339E-1 4.0899E-1 4.06872E-1 4.08701E-1 4.09456E-1 4.15652E-1
5.73639E-1 5.41008E-1 5.46639E-1 5.67362E-1 5.81736E-1 5.86388E-1 5.7172E-1 5.86958E-1 6.05846E-1 5.94145E-1 5.94892E-1 5.83518E-1 5.91123E-1 6.12253E-1 6.14545E-1 6.0619E-1 6.19224E-1 6.07616E-1 6.19114E-1 6.18329E-1 6.00247E-1 6.07279E-1 6.03272E-1 6.00138E-1 5.97715E-1 5.8019E-1 5.90503E-1 5.92385E-1 5.82204E-1 5.83346E-1 5.82242E-1 5.85866E-1 5.67841E-1 5.7065E-1 5.8076E-1 5.93274E-1 5.74879E-1 5.56083E-1 5.53318E-1 5.55218E-1 5.21512E-1 5.00127E-1 4.84459E-1 4.73168E-1 4.6358E-1 4.52952E-1 4.49409E-1 4.38065E-1 4.30909E-1 4.26748E-1 4.18855E-1 4.16165E-1 4.06045E-1 3.98171E-1 4.00654E-1 4.04051E-1 4.05641E-1 4.07919E-1 4.06103E-1 4.12008E-1 4.37643E-1
5.29822E-1 5.29017E-1 5.43561E-1 5.54703E-1 5.72E-1 5.64721E-1 5.74529E-1 5.88264E-1 5.98204E-1 5.77732E-1 5.88092E-1 5.92237E-1 5.65747E-1 6.02942E-1 6.05948E-1 5.84629E-1 6.07021E-1 6.02959E-1 6.14501E-1 6.1973E-1 6.29939E-1 6.17658E-1 6.0175E-1 6.05293E-1 6.06996E-1 5.90244E-1 5.87916E-1 5.86678E-1 5.80489E-1 5.71591E-1 5.73912E-1 5.90044E-1 5.57408E-1 5.43547E-1 5.85813E-1 5.94449E-1 5.79849E-1 5.74823E-1 5.61749E-1 5.62984E-1 5.58616E-1 5.32363E-1 4.99507E-1 4.84769E-1 4.72771E-1 4.56875E-1 4.48794E-1 4.41714E-1 4.3139E-1 4.27347E-1 4.24742E-1 4.18735E-1 4.17481E-1 4.06688E-1 4.04653E-1 4.03653E-1 4.00945E-1 4.00796E-1 3.98074E-1 4.2318E-1 4.55721E-1
5.19989E-1 5.27034E-1 5.18531E-1 5.24908E-1 5.30617E-1 5.38783E-1 5.78571E-1 5.84101E-1 5.88677E-1 5.77485E-1 5.87397E-1 5.84655E-1 5.66551E-1 5.82266E-1 5.80295E-1 5.80948E-1 5.92434E-1 6.06308E-1 6.03603E-1 6.17496E-1 6.3754E-1 6.2988E-1 6.1109E-1 6.10221E-1 6.04005E-1 5.97578E-1 5.92651E-1 5.80482E-1 5.81749E-1 5.74737E-1 5.72486E-1 5.81193E-1 5.8738E-1 5.80701E-1 5.88351E-1 5.94319E-1 5.7952E-1 5.73142E-1 5.5786E-1 5.47296E-1 5.42707E-1 5.43301E-1 5.29491E-1 4.9455E-1 4.72713E-1 4.55122E-1 4.4378E-1 4.40554E-1 4.35413E-1 4.30337E-1 4.28684E-1 4.36274E-1 4.31951E-1 4.29998E-1 4.27894E-1 4.24356E-1 4.15843E-1 4.07559E-1 4.06191E-1 4.19064E-1 4.40705E-1
5.03216E-1 5.02107E-1 4.96105E-1 5.10456E-1 5.41836E-1 5.4218E-1 5.58549E-1 5.64187E-1 5.79023E-1 5.70259E-1 5.7561E-1 5.72114E-1 5.77693E-1 5.75795E-1 5.68977E-1 5.81371E-1 6.1504E-1 6.12113E-1 5.89621E-1 6.19731E-1 6.27888E-1 6.19764E-1 6.14894E-1 6.15088E-1 6.05806E-1 5.99736E-1 5.99304E-1 5.88586E-1 5.7654E-1 5.83953E-1 5.80422E-1 5.65431E-1 5.87927E-1 5.92204E-1 6.11697E-1 6.15978E-1 5.95495E-1 5.71755E-1 5.65156E-1 5.4659E-1 5.46033E-1 5.35232E-1 5.43099E-1 4.9555E-1 4.78789E-1 4.74405E-1 4.61854E-1 4.60471E-1 4.59018E-1 4.56143E-1 4.51921E-1 4.49612E-1 4.40829E-1 4.34013E-1 4.34051E-1 4.35778E-1 4.28245E-1 4.21396E-1 4.26006E-1 4.18925E-1 4.15087E-1
4.97487E-1 4.9611E-1 4.93325E-1 5.21068E-1 5.21637E-1 5.21021E-1 5.24908E-1 5.30412E-1 5.33477E-1 5.41289E-1 5.5231E-1 5.55668E-1 5.60758E-1 5.70209E-1 5.79529E-1 5.81046E-1 5.9414E-1 5.95129E-1 6.03232E-1 6.26998E-1 6.24912E-1 6.22942E-1 6.183E-1 6.12136E-1 6.11812E-1 5.96078E-1 5.90395E-1 6.012E-1 5.82288E-1 5.79468E-1 5.81593E-1 5.40385E-1 5.63213E-1 5.72024E-1 5.99675E-1 6.11929E-1 5.93916E-1 5.72551E-1 5.67272E-1 5.49333E-1 5.60637E-1 5.30907E-1 5.46474E-1 4.95552E-1 4.77424E-1 4.76392E-1 4.69934E-1 4.66031E-1 4.61272E-1 4.51702E-1 4.52632E-1 4.61117E-1 4.565E-1 4.54298E-1 4.54997E-1 4.51269E-1 4.47607E-1 4.35703E-1 4.25925E-1 4.30614E-1 4.23317E-1
4.96818E-1 4.99116E-1 5.1038E-1 5.16888E-1 5.09574E-1 5.13952E-1 5.21449E-1 5.20505E-1 5.22408E-1 5.29051E-1 5.37183E-1 5.48854E-1 5.58142E-1 5.6547E-1 5.7982E-1 5.89987E-1 6.0589E-1 6.17451E-1 6.28005E-1 6.28663E-1 6.23764E-1 6.23242E-1 6.21115E-1 6.11877E-1 6.12882E-1 6.01607E-1 5.83993E-1 5.89412E-1 5.91596E-1 5.78422E-1 5.84338E-1 5.33316E-1 5.3082E-1 5.39879E-1 5.62878E-1 5.98435E-1 5.76951E-1 5.76066E-1 5.68369E-1 5.43267E-1 5.54853E-1 5.51793E-1 5.40071E-1 4.91384E-1 4.75326E-1 4.78161E-1 4.73337E-1 4.79578E-1 4.74688E-1 4.65873E-1 4.59809E-1 4.67163E-1 4.60575E-1 4.62331E-1 4.65673E-1 4.65173E-1 4.55648E-1 4.38866E-1 4.29515E-1 4.28459E-1 4.31559E-1
5.02312E-1 5.0288E-1 5.09869E-1 5.10748E-1 5.09297E-1 5.13009E-1 5.15642E-1 5.20741E-1 5.22518E-1 5.29451E-1 5.37063E-1 5.42883E-1 5.58632E-1 5.73681E-1 5.80577E-1 5.84303E-1 5.87787E-1 5.99316E-1 6.15787E-1 6.20312E-1 6.26285E-1 6.22444E-1 6.1872E-1 6.06499E-1 5.9693E-1 5.93186E-1 5.83832E-1 5.85634E-1 5.88103E-1 5.80291E-1 5.78108E-1 5.41391E-1 5.40393E-1 5.22257E-1 5.37487E-1 5.87648E-1 5.69448E-1 5.80163E-1 5.71434E-1 5.57904E-1 5.51707E-1 5.5299E-1 5.45628E-1 5.06856E-1 4.81336E-1 4.71895E-1 4.63811E-1 4.65644E-1 4.63649E-1 4.62872E-1 4.69023E-1 4.69856E-1 4.67803E-1 4.66033E-1 4.60796E-1 4.78552E-1 4.5918E-1 4.45869E-1 4.40482E-1 4.36733E-1 4.33977E-1
5.25372E-1 5.15737E-1 4.93454E-1 5.12353E-1 5.12743E-1 5.15343E-1 5.17619E-1 5.21451E-1 5.23865E-1 5.27388E-1 5.36903E-1 5.45717E-1 5.62019E-1 5.75106E-1 5.80937E-1 5.87383E-1 5.97355E-1 6.04481E-1 6.16358E-1 6.13725E-1 6.1157E-1 6.10096E-1 6.07463E-1 5.99505E-1 5.92453E-1 5.90628E-1 5.96205E-1 5.95925E-1 5.81795E-1 5.76067E-1 5.91399E-1 5.74125E-1 5.74888E-1 5.48795E-1 5.4809E-1 5.84677E-1 5.7906E-1 5.49143E-1 5.67614E-1 5.54193E-1 5.46466E-1 5.29129E-1 5.34361E-1 5.38316E-1 5.09568E-1 4.792E-1 4.71798E-1 4.84289E-1 4.75329E-1 4.70779E-1 4.7157E-1 4.77914E-1 4.77395E-1 4.72906E-1 4.67088E-1 4.65027E-1 4.54712E-1 4.4843E-1 4.4422E-1 4.37044E-1 4.34666E-1
5.27022E-1 5.19794E-1 5.29668E-1 5.39182E-1 5.40344E-1 5.26707E-1 5.23957E-1 5.24324E-1 5.28882E-1 5.3541E-1 5.37062E-1 5.4785E-1 5.60789E-1 5.75223E-1 5.86834E-1 5.90109E-1 5.9973E-1 6.1632E-1 6.2399E-1 6.19403E-1 6.12669E-1 6.09278E-1 6.12627E-1 6.08244E-1 5.95955E-1 5.91665E-1 5.89774E-1 5.94824E-1 5.97618E-1 5.89164E-1 5.53752E-1 5.63521E-1 5.48839E-1 5.58949E-1 5.60157E-1 5.78675E-1 5.74061E-1 5.4454E-1 5.34357E-1 5.15326E-1 5.10536E-1 5.08718E-1 5.35396E-1 5.19771E-1 5.14998E-1 5.08076E-1 4.81192E-1 4.84648E-1 4.96789E-1 4.92024E-1 4.82704E-1 4.84557E-1 4.95095E-1 4.91183E-1 4.80527E-1 4.88652E-1 4.77161E-1 4.63945E-1 4.57501E-1 4.5362E-1 4.40282E-1
5.31303E-1 5.27559E-1 5.4071E-1 5.38011E-1 5.4422E-1 5.34084E-1 5.31456E-1 5.31347E-1 5.35832E-1 5.3816E-1 5.43324E-1 5.49738E-1 5.61061E-1 5.73447E-1 5.86274E-1 5.9546E-1 6.04051E-1 6.15854E-1 6.26359E-1 6.25791E-1 6.12367E-1 6.12316E-1 6.09212E-1 6.03295E-1 6.02893E-1 6.02197E-1 5.91352E-1 5.90631E-1 5.78386E-1 5.9238E-1 5.56509E-1 5.53771E-1 5.53355E-1 5.39883E-1 5.21139E-1 5.49543E-1 5.53892E-1 5.24007E-1 5.27786E-1 5.41971E-1 4.83706E-1 4.85365E-1 5.26294E-1 5.2074E-1 5.1339E-1 4.90754E-1 4.80038E-1 4.83865E-1 4.89528E-1 4.85892E-1 4.71351E-1 4.69545E-1 4.73757E-1 4.92535E-1 4.92071E-1 5.03438E-1 4.94615E-1 4.68835E-1 4.6378E-1 4.58042E-1 4.49518E-1
5.35872E-1 5.26648E-1 5.17587E-1 5.43638E-1 5.52709E-1 5.42736E-1 5.37326E-1 5.36537E-1 5.45026E-1 5.52687E-1 5.58594E-1 5.61529E-1 5.72951E-1 5.82222E-1 5.93225E-1 6.0241E-1 6.07514E-1 6.15325E-1 6.12744E-1 6.07571E-1 6.1785E-1 6.11447E-1 6.15335E-1 6.04765E-1 5.8985E-1 5.89763E-1 5.9551E-1 5.88334E-1 5.69604E-1 5.62981E-1 5.7091E-1 5.43758E-1 5.46437E-1 5.55235E-1 5.25169E-1 5.4743E-1 5.44599E-1 5.3054E-1 5.22674E-1 5.10041E-1 4.94846E-1 5.16813E-1 4.96509E-1 5.01652E-1 5.10391E-1 4.83548E-1 4.54979E-1 4.5628E-1 4.73625E-1 4.84549E-1 4.80704E-1 4.56863E-1 4.50225E-1 4.64976E-1 4.85935E-1 4.95622E-1 4.83978E-1 4.87624E-1 4.82536E-1 4.63897E-1 4.49148E-1
5.16658E-1 5.00786E-1 5.13635E-1 5.556E-1 5.55723E-1 5.44592E-1 5.43381E-1 5.55393E-1 5.64026E-1 5.65969E-1 5.71968E-1 5.80885E-1 5.8397E-1 5.87762E-1 5.95716E-1 6.01745E-1 6.09431E-1 6.13463E-1 6.14444E-1 6.19637E-1 6.21875E-1 6.43411E-1 6.28451E-1 6.12403E-1 5.96558E-1 5.97739E-1 5.90041E-1 5.89056E-1 5.80584E-1 5.7031E-1 5.47866E-1 5.3133E-1 5.53582E-1 5.69497E-1 5.25425E-1 5.23575E-1 5.52049E-1 5.49125E-1 5.30291E-1 4.71361E-1 4.73459E-1 4.71354E-1 4.80227E-1 4.6947E-1 4.77928E-1 4.93079E-1 4.73918E-1 4.49867E-1 4.60927E-1 4.64287E-1 4.86337E-1 4.8544E-1 4.48762E-1 4.53862E-1 4.69481E-1 4.65246E-1 4.66818E-1 4.66763E-1 4.61577E-1 4.56306E-1 4.48E-1
5.22845E-1 5.16553E-1 5.11302E-1 5.51803E-1 5.72125E-1 5.53815E-1 5.56645E-1 5.66418E-1 5.63969E-1 5.73325E-1 5.82011E-1 5.87676E-1 5.94631E-1 5.96527E-1 5.92021E-1 5.92412E-1 5.96862E-1 5.96996E-1 6.04187E-1 6.22722E-1 6.27873E-1 6.32541E-1 6.32164E-1 6.16068E-1 6.16105E-1 6.18882E-1 6.09342E-1 5.98115E-1 5.85451E-1 5.68045E-1 5.71946E-1 5.52419E-1 5.54885E-1 5.42729E-1 5.2464E-1 5.32789E-1 5.44044E-1 5.32987E-1 5.10748E-1 5.06436E-1 5.51302E-1 5.13899E-1 4.51953E-1 4.86491E-1 5.19399E-1 5.27303E-1 4.81846E-1 4.91866E-1 5.00521E-1 4.57333E-1 4.57059E-1 4.94888E-1 4.81595E-1 4.60233E-1 4.89338E-1 4.72384E-1 4.69464E-1 4.62762E-1 4.56738E-1 4.54581E-1 4.50537E-1
5.46022E-1 5.43262E-1 5.49885E-1 5.6648E-1 5.70506E-1 5.81349E-1 5.73841E-1 5.68383E-1 5.74701E-1 5.86119E-1 5.99997E-1 6.11199E-1 6.19035E-1 6.20185E-1 6.20034E-1 5.99294E-1 5.93399E-1 6.01134E-1 6.25015E-1 6.14975E-1 6.12255E-1 6.22246E-1 6.35223E-1 6.37848E-1 6.42334E-1 6.30343E-1 6.17245E-1 5.94712E-1 5.79262E-1 5.66823E-1 5.61815E-1 5.48812E-1 5.57599E-1 5.4478E-1 5.20183E-1 5.41986E-1 5.48859E-1 5.14766E-1 4.85769E-1 5.13266E-1 5.45404E-1 4.92554E-1 4.61887E-1 5.06247E-1 5.07168E-1 5.04806E-1 4.70836E-1 4.98792E-1 4.79088E-1 4.46706E-1 4.46845E-1 4.73793E-1 4.78172E-1 4.69927E-1 4.66269E-1 4.85558E-1 5.04193E-1 5.00112E-1 4.7458E-1 4.57573E-1 4.52798E-1
5.32868E-1 5.47983E-1 5.54506E-1 5.50168E-1 5.59435E-1 5.83243E-1 5.73358E-1 5.82802E-1 5.85959E-1 6.04256E-1 6.21136E-1 6.22351E-1 6.15393E-1 6.2113E-1 6.21509E-1 6.16152E-1 6.0202E-1 6.07229E-1 6.14033E-1 5.98704E-1 6.03644E-1 5.9478E-1 6.14552E-1 6.40015E-1 6.54858E-1 6.45431E-1 6.28296E-1 6.02926E-1 5.91344E-1 5.74182E-1 5.50119E-1 5.49892E-1 5.55768E-1 5.44505E-1 5.22468E-1 5.2166E-1 5.43166E-1 5.32888E-1 5.34981E-1 5.50662E-1 5.2634E-1 4.8435E-1 4.70962E-1 4.77851E-1 4.99073E-1 5.17139E-1 4.82437E-1 4.49202E-1 4.54869E-1 4.417E-1 4.474E-1 4.72439E-1 4.74193E-1 4.88577E-1 4.69591E-1 4.70247E-1 5.1822E-1 5.28589E-1 4.77828E-1 4.5888E-1 4.53012E-1
5.7152E-1 5.799E-1 5.71432E-1 5.73199E-1 5.81759E-1 5.68988E-1 5.70041E-1 5.82748E-1 5.96258E-1 6.09483E-1 6.24303E-1 6.13896E-1 6.1262E-1 6.17985E-1 6.01568E-1 6.07234E-1 6.16529E-1 6.05681E-1 5.91384E-1 6.04493E-1 5.93653E-1 5.89242E-1 6.14886E-1 6.42638E-1 6.43971E-1 6.1741E-1 6.10377E-1 6.16848E-1 5.88827E-1 5.72417E-1 5.62592E-1 5.55261E-1 5.60496E-1 5.52938E-1 5.13838E-1 4.93256E-1 5.18323E-1 5.3587E-1 5.32887E-1 4.89599E-1 4.67876E-1 5.18497E-1 4.88715E-1 4.58992E-1 4.87331E-1 4.65227E-1 4.60223E-1 4.60425E-1 4.53066E-1 4.41246E-1 4.46336E-1 4.52358E-1 4.75361E-1 5.02476E-1 4.75136E-1 4.63112E-1 4.92847E-1 5.07417E-1 4.76188E-1 4.61138E-1 4.55208E-1
5.59317E-1 5.64193E-1 5.70386E-1 5.73448E-1 5.70777E-1 5.68238E-1 5.7188E-1 5.79454E-1 5.94788E-1 6.08632E-1 6.04499E-1 5.95349E-1 5.92632E-1 5.86486E-1 6.01583E-1 5.9906E-1 5.7338E-1 5.90602E-1 5.93306E-1 5.91882E-1 6.11577E-1 5.94275E-1 6.40482E-1 6.53591E-1 6.38365E-1 6.11937E-1 5.93007E-1 5.77506E-1 5.67953E-1 5.65167E-1 5.59665E-1 5.56697E-1 5.43549E-1 5.32132E-1 5.30369E-1 5.12343E-1 5.14632E-1 4.61509E-1 4.2881E-1 4.96544E-1 5.16411E-1 4.96712E-1 4.77159E-1 4.84847E-1 5.05187E-1 4.61224E-1 4.90922E-1 4.72091E-1 4.5495E-1 4.55771E-1 4.57077E-1 4.48763E-1 4.58386E-1 4.98539E-1 5.05562E-1 4.66924E-1 4.71006E-1 4.78292E-1 4.75546E-1 4.73463E-1 4.62464E-1
5.50774E-1 5.56885E-1 5.6609E-1 5.58081E-1 5.66504E-1 5.67606E-1 5.80499E-1 5.97878E-1 6.00024E-1 6.04714E-1 5.97597E-1 5.74145E-1 5.75271E-1 5.77449E-1 5.57752E-1 5.5227E-1 5.38719E-1 5.67579E-1 6.09892E-1 6.23314E-1 6.21308E-1 6.17444E-1 6.23063E-1 5.98676E-1 5.91067E-1 5.75525E-1 5.7014E-1 5.66521E-1 5.61882E-1 5.63658E-1 5.5429E-1 5.4689E-1 5.42508E-1 5.28699E-1 5.23733E-1 5.00413E-1 5.05361E-1 4.42648E-1 4.36622E-1 5.19908E-1 5.10057E-1 5.33455E-1 4.63938E-1 4.60644E-1 4.50358E-1 4.62824E-1 5.39274E-1 5.25312E-1 4.75185E-1 4.84414E-1 4.80218E-1 4.76457E-1 4.94667E-1 5.21704E-1 5.06741E-1 4.84266E-1 5.30391E-1 5.08982E-1 5.0567E-1 5.08963E-1 4.75381E-1
5.63154E-1 5.69595E-1 5.73645E-1 5.72419E-1 5.7285E-1 5.77487E-1 5.97964E-1 5.9292E-1 5.92125E-1 5.92927E-1 5.94771E-1 5.80338E-1 6.07738E-1 6.13092E-1 6.02506E-1 5.39918E-1 5.35844E-1 5.81478E-1 6.15971E-1 6.11216E-1 6.19338E-1 6.15977E-1 6.09849E-1 5.95096E-1 5.86557E-1 5.82763E-1 5.79255E-1 5.53469E-1 5.46944E-1 5.50285E-1 5.47261E-1 5.37614E-1 5.24651E-1 5.12365E-1 4.98007E-1 4.79045E-1 5.2834E-1 4.81066E-1 4.54113E-1 4.92085E-1 4.97151E-1 5.20138E-1 4.60224E-1 4.43276E-1 4.45032E-1 4.59924E-1 4.78303E-1 5.11127E-1 4.75392E-1 5.23108E-1 5.49286E-1 5.4956E-1 5.53818E-1 5.56357E-1 5.01033E-1 5.13229E-1 5.67571E-1 5.64826E-1 5.756E-1 5.273E-1 5.02783E-1
5.71376E-1 5.71884E-1 5.86521E-1 5.91571E-1 5.79858E-1 5.74352E-1 5.81884E-1 5.73701E-1 5.68044E-1 5.78199E-1 5.84103E-1 5.7345E-1 5.95713E-1 6.01135E-1 5.98241E-1 6.00836E-1 5.81803E-1 5.96366E-1 5.98382E-1 5.89538E-1 5.96309E-1 5.89538E-1 5.73131E-1 5.64112E-1 5.5636E-1 5.63027E-1 5.63609E-1 5.52366E-1 5.43838E-1 5.48131E-1 5.45715E-1 5.34626E-1 5.08251E-1 5.10593E-1 5.23399E-1 4.66764E-1 4.73027E-1 5.17987E-1 4.70408E-1 4.78702E-1 4.42534E-1 4.61985E-1 4.53876E-1 4.47091E-1 4.57447E-1 4.91457E-1 4.70633E-1 4.93873E-1 4.74813E-1 5.2905E-1 5.41073E-1 5.26803E-1 5.60132E-1 5.25624E-1 5.3354E-1 5.53103E-1 5.4486E-1 5.42806E-1 5.46961E-1 5.44544E-1 5.57835E-1
5.77989E-1 5.75872E-1 5.88846E-1 5.83901E-1 5.70147E-1 5.61213E-1 5.78242E-1 5.85593E-1 5.8603E-1 5.9449E-1 5.69804E-1 5.25961E-1 5.47003E-1 5.7347E-1 5.7659E-1 5.74143E-1 5.65061E-1 5.68044E-1 5.48964E-1 5.63241E-1 5.53225E-1 5.49485E-1 5.54276E-1 5.63128E-1 5.58361E-1 5.55686E-1 5.66507E-1 5.54251E-1 5.39358E-1 5.2926E-1 5.23239E-1 5.45576E-1 5.27404E-1 5.07496E-1 5.14439E-1 4.57948E-1 4.33733E-1 4.69975E-1 4.93069E-1 4.7118E-1 4.43507E-1 4.54596E-1 4.56937E-1 4.64144E-1 4.63152E-1 4.54647E-1 4.67846E-1 5.00154E-1 5.11257E-1 5.24969E-1 5.41177E-1 5.09881E-1 5.26165E-1 5.30628E-1 5.28363E-1 5.26145E-1 5.11066E-1 5.18465E-1 5.11899E-1 5.28998E-1 5.4083E-1
