maxent_outputs/white_flowers_linear/white_101.asc
ncols         426
nrows         180
xllcorner     -130.0
yllcorner     24.0
cellsize      0.16666666666666666
NODATA_value  -9999
[rows 27 to 53 of 180, columns 305 to 365 of 426]
3.13156E-1 3.12176E-1 3.11736E-1 3.14314E-1 3.11365E-1 3.16044E-1 3.21607E-1 3.25238E-1 3.28808E-1 3.30182E-1 3.28609E-1 3.23331E-1 3.15742E-1 3.14641E-1 3.1552E-1 3.20057E-1 3.26852E-1 3.22946E-1 3.14988E-1 3.16489E-1 3.1408E-1 3.12421E-1 3.16446E-1 3.19143E-1 3.12121E-1 3.18287E-1 3.21965E-1 3.13281E-1 3.18873E-1 3.21334E-1 3.18352E-1 3.16378E-1 3.17538E-1 3.15838E-1 3.21217E-1 3.12163E-1 3.1943E-1 3.18821E-1 3.24559E-1 3.24709E-1 3.20921E-1 3.26953E-1 3.30392E-1 3.2832E-1 3.21686E-1 3.16373E-1 3.18644E-1 3.25845E-1 3.16284E-1 3.19999E-1 3.16997E-1 3.24389E-1 3.24267E-1 3.23925E-1 3.35323E-1 3.4327E-1 3.42658E-1 3.5839E-1 3.50963E-1 3.59097E-1 3.74747E-1
3.1403E-1 3.12326E-1 3.12397E-1 3.11541E-1 3.10962E-1 3.15709E-1 3.20277E-1 3.23127E-1 3.23713E-1 3.25703E-1 3.27582E-1 3.27084E-1 3.21975E-1 3.16024E-1 3.16102E-1 3.1581E-1 3.18717E-1 3.14078E-1 3.12403E-1 3.11021E-1 3.07307E-1 3.09371E-1 3.13853E-1 3.13607E-1 3.10847E-1 3.18358E-1 3.15223E-1 3.12755E-1 3.15333E-1 3.17154E-1 3.18224E-1 3.16443E-1 3.18485E-1 3.1499E-1 3.16083E-1 3.16173E-1 3.18465E-1 3.21497E-1 3.24975E-1 3.30771E-1 3.26213E-1 3.29991E-1 3.32917E-1 3.29905E-1 3.24869E-1 3.1433E-1 3.2325E-1 3.31918E-1 3.23853E-1 3.18237E-1 3.17375E-1 3.22868E-1 3.27178E-1 3.26578E-1 3.40619E-1 3.46823E-1 3.44548E-1 3.54282E-1 3.70368E-1 3.97361E-1 4.05234E-1
3.2071E-1 3.17995E-1 3.1338E-1 3.1247E-1 3.15098E-1 3.21573E-1 3.25199E-1 3.25374E-1 3.27425E-1 3.31456E-1 3.31998E-1 3.31463E-1 3.32439E-1 3.31646E-1 3.18744E-1 3.15014E-1 3.10421E-1 3.11518E-1 3.10319E-1 3.10347E-1 3.09177E-1 3.08582E-1 3.1034E-1 3.11429E-1 3.09726E-1 3.09152E-1 3.12887E-1 3.11419E-1 3.11769E-1 3.10098E-1 3.12439E-1 3.12938E-1 3.16301E-1 3.16076E-1 3.1423E-1 3.17205E-1 3.25385E-1 3.26262E-1 3.30727E-1 3.3645E-1 3.35347E-1 3.33547E-1 3.36479E-1 3.35307E-1 3.35782E-1 3.356E-1 3.30056E-1 3.40545E-1 3.44449E-1 3.30078E-1 3.24941E-1 3.25669E-1 3.33226E-1 3.39276E-1 3.4099E-1 3.5012E-1 3.59574E-1 3.65013E-1 3.72538E-1 4.02419E-1 4.31141E-1
3.18126E-1 3.20406E-1 3.13641E-1 3.23725E-1 3.23341E-1 3.20689E-1 3.26973E-1 3.27146E-1 3.28567E-1 3.36816E-1 3.36838E-1 3.35083E-1 3.33239E-1 3.24339E-1 3.20528E-1 3.16303E-1 3.15148E-1 3.16018E-1 3.09451E-1 3.12634E-1 3.1275E-1 3.14509E-1 3.12981E-1 3.10311E-1 3.08547E-1 3.10076E-1 3.11967E-1 3.12352E-1 3.13272E-1 3.10128E-1 3.08766E-1 3.09683E-1 3.08114E-1 3.06608E-1 3.09833E-1 3.14423E-1 3.1986E-1 3.30881E-1 3.34883E-1 3.36179E-1 3.35209E-1 3.39552E-1 3.38499E-1 3.4151E-1 3.44529E-1 3.46415E-1 3.52739E-1 3.44792E-1 3.4648E-1 3.23795E-1 3.27176E-1 3.25487E-1 3.42425E-1 3.41304E-1 3.51173E-1 3.58024E-1 3.79926E-1 3.93213E-1 4.19202E-1 4.31657E-1 4.63098E-1
3.30187E-1 3.34039E-1 3.1906E-1 3.21124E-1 3.23218E-1 3.26568E-1 3.36451E-1 3.36496E-1 3.37245E-1 3.37766E-1 3.41366E-1 3.40738E-1 3.46599E-1 3.48262E-1 3.29248E-1 3.20675E-1 3.15755E-1 3.13893E-1 3.13595E-1 3.14291E-1 3.2111E-1 3.17301E-1 3.15111E-1 3.17419E-1 3.19897E-1 3.20993E-1 3.26913E-1 3.29171E-1 3.14973E-1 3.12328E-1 3.06212E-1 3.09216E-1 3.04905E-1 2.97604E-1 3.01924E-1 3.0291E-1 3.11959E-1 3.24098E-1 3.40696E-1 3.44304E-1 3.42962E-1 3.58324E-1 3.65149E-1 3.59405E-1 3.58727E-1 3.5352E-1 3.63422E-1 3.64053E-1 3.60997E-1 3.37392E-1 3.33716E-1 3.35135E-1 3.37518E-1 3.37556E-1 3.52129E-1 3.71659E-1 4.03677E-1 4.27691E-1 4.51605E-1 4.71181E-1 4.87667E-1
3.41085E-1 3.45286E-1 3.47418E-1 3.42873E-1 3.38595E-1 3.37975E-1 3.43618E-1 3.32395E-1 3.35747E-1 3.46651E-1 3.44957E-1 3.51585E-1 3.66275E-1 3.4561E-1 3.30518E-1 3.27797E-1 3.25258E-1 3.17612E-1 3.18344E-1 3.25445E-1 3.25268E-1 3.22626E-1 3.17923E-1 3.28557E-1 3.35145E-1 3.34861E-1 3.39461E-1 3.37871E-1 3.29451E-1 3.16117E-1 3.16032E-1 3.11864E-1 3.04637E-1 2.96453E-1 2.99308E-1 3.0303E-1 3.03977E-1 3.18301E-1 3.28377E-1 3.41491E-1 3.54741E-1 3.92005E-1 4.24938E-1 4.24866E-1 3.94135E-1 3.7526E-1 3.80701E-1 3.78969E-1 3.89947E-1 3.89976E-1 3.68948E-1 3.52038E-1 3.47834E-1 3.50599E-1 3.72097E-1 3.96196E-1 4.10192E-1 4.42742E-1 4.86018E-1 5.02581E-1 5.0774E-1
3.58231E-1 3.57387E-1 3.6199E-1 3.66447E-1 3.71233E-1 3.70107E-1 3.67781E-1 3.55403E-1 3.52579E-1 3.49554E-1 3.6041E-1 3.78042E-1 3.7307E-1 3.49869E-1 3.34874E-1 3.32974E-1 3.29333E-1 3.20756E-1 3.16775E-1 3.1779E-1 3.18575E-1 3.25877E-1 3.31552E-1 3.3836E-1 3.44785E-1 3.30178E-1 3.31446E-1 3.36406E-1 3.30999E-1 3.31508E-1 3.25323E-1 3.14717E-1 3.08298E-1 3.02208E-1 3.00591E-1 3.05286E-1 3.10715E-1 3.21159E-1 3.27453E-1 3.31901E-1 3.4648E-1 3.6693E-1 3.91121E-1 4.04854E-1 3.90886E-1 3.9356E-1 4.04567E-1 4.14158E-1 4.20108E-1 4.315E-1 4.35022E-1 4.23286E-1 4.12786E-1 3.95539E-1 4.00817E-1 4.26306E-1 4.4543E-1 4.71321E-1 5.05847E-1 5.08411E-1 -9999
3.63954E-1 3.64986E-1 3.69969E-1 3.79666E-1 3.8809E-1 3.85295E-1 3.84204E-1 3.69366E-1 3.68712E-1 3.72147E-1 3.85572E-1 3.83423E-1 3.68739E-1 3.53771E-1 3.39707E-1 3.27675E-1 3.27958E-1 3.24734E-1 3.25225E-1 3.21503E-1 3.27562E-1 3.28762E-1 3.2916E-1 3.38356E-1 3.41725E-1 3.32152E-1 3.29302E-1 3.32582E-1 3.28371E-1 3.23109E-1 3.20258E-1 3.1693E-1 3.08863E-1 3.0512E-1 3.07497E-1 3.10372E-1 3.20309E-1 3.40854E-1 3.40229E-1 3.41534E-1 3.48617E-1 3.69098E-1 3.73395E-1 3.84772E-1 3.86358E-1 3.94174E-1 4.04849E-1 4.12971E-1 4.17946E-1 4.23554E-1 4.21339E-1 4.16501E-1 4.14235E-1 4.40008E-1 4.64846E-1 4.86766E-1 4.74621E-1 4.96783E-1 4.98935E-1 -9999 5.40004E-1
3.67874E-1 3.73405E-1 3.69379E-1 3.71149E-1 3.71808E-1 3.71248E-1 3.80934E-1 3.91088E-1 3.83979E-1 3.7323E-1 3.81344E-1 3.87582E-1 3.80467E-1 3.63466E-1 3.48077E-1 3.40853E-1 3.30692E-1 3.29971E-1 3.3095E-1 3.3596E-1 3.3581E-1 3.33945E-1 3.38608E-1 3.45287E-1 3.38034E-1 3.36248E-1 3.40213E-1 3.39682E-1 3.32987E-1 3.2413E-1 3.21414E-1 3.24528E-1 3.17375E-1 3.14525E-1 3.19562E-1 3.2475E-1 3.35319E-1 3.44704E-1 3.50661E-1 3.51442E-1 3.57985E-1 3.65926E-1 3.70428E-1 3.89023E-1 3.93698E-1 3.96011E-1 4.01006E-1 4.02195E-1 4.10108E-1 4.14392E-1 4.14274E-1 4.06666E-1 3.96753E-1 4.10198E-1 4.43067E-1 4.7714E-1 5.01038E-1 5.39529E-1 5.44241E-1 5.12339E-1 4.94802E-1
3.80774E-1 3.7837E-1 3.83692E-1 3.84543E-1 3.77671E-1 3.70422E-1 3.78165E-1 3.75625E-1 3.78126E-1 3.71862E-1 3.73616E-1 3.81421E-1 3.79618E-1 3.72602E-1 3.6148E-1 3.55412E-1 3.51621E-1 3.5111E-1 3.44005E-1 3.4416E-1 3.43455E-1 3.4349E-1 3.48769E-1 3.49066E-1 3.46269E-1 3.45062E-1 3.51526E-1 3.49207E-1 3.44486E-1 3.3517E-1 3.32287E-1 3.27481E-1 3.24423E-1 3.28384E-1 3.35223E-1 3.36238E-1 3.48383E-1 3.5589E-1 3.68986E-1 3.73715E-1 3.78687E-1 3.86134E-1 3.8639E-1 3.94224E-1 4.07055E-1 4.00325E-1 4.00327E-1 4.04077E-1 3.95365E-1 3.96309E-1 3.96818E-1 3.94836E-1 4.06978E-1 4.01429E-1 4.3524E-1 4.84609E-1 5.20657E-1 5.23674E-1 5.03354E-1 4.81037E-1 4.67091E-1
3.88493E-1 3.92354E-1 3.92686E-1 3.83503E-1 3.75151E-1 3.73085E-1 3.81033E-1 3.84722E-1 3.79945E-1 3.80034E-1 3.8564E-1 3.81693E-1 3.78228E-1 3.71259E-1 3.63555E-1 3.61911E-1 3.62684E-1 3.60697E-1 3.55681E-1 3.52808E-1 3.57235E-1 3.55671E-1 3.5985E-1 3.58879E-1 3.56891E-1 3.58155E-1 3.58232E-1 3.53419E-1 3.50172E-1 3.46869E-1 3.43488E-1 3.42498E-1 3.32004E-1 3.37011E-1 3.46913E-1 3.56176E-1 3.61151E-1 3.70938E-1 3.74289E-1 3.85917E-1 3.90439E-1 3.94881E-1 4.04741E-1 4.14783E-1 4.19501E-1 4.18934E-1 4.13747E-1 4.20396E-1 4.0975E-1 4.05641E-1 3.9977E-1 4.05703E-1 4.32792E-1 4.31824E-1 4.40931E-1 4.83786E-1 5.33946E-1 4.9937E-1 4.89224E-1 4.67443E-1 4.48323E-1
4.03084E-1 4.05558E-1 4.19589E-1 4.00497E-1 3.80227E-1 3.73297E-1 3.82689E-1 3.81731E-1 3.82674E-1 3.88313E-1 3.89452E-1 3.8975E-1 3.85763E-1 3.80783E-1 3.70937E-1 3.75183E-1 3.70025E-1 3.61277E-1 3.66082E-1 3.68758E-1 3.65554E-1 3.65283E-1 3.69723E-1 3.70688E-1 3.72585E-1 3.69913E-1 3.6455E-1 3.61197E-1 3.61877E-1 3.62019E-1 3.62712E-1 3.56706E-1 3.42809E-1 3.4585E-1 3.5897E-1 3.61739E-1 3.70035E-1 3.76679E-1 3.84452E-1 3.90974E-1 4.00145E-1 4.16697E-1 4.21455E-1 4.29327E-1 4.30429E-1 4.30132E-1 4.34926E-1 4.36396E-1 4.32368E-1 4.27389E-1 4.23783E-1 4.68614E-1 4.37167E-1 4.5202E-1 4.66225E-1 5.17989E-1 5.04783E-1 4.93825E-1 4.76292E-1 4.67379E-1 4.49603E-1
4.1348E-1 4.10027E-1 4.04188E-1 3.98285E-1 3.89583E-1 3.85108E-1 3.83111E-1 3.86453E-1 3.88221E-1 3.90954E-1 3.89226E-1 3.97684E-1 3.89488E-1 3.88636E-1 3.84111E-1 3.84786E-1 3.76597E-1 3.6805E-1 3.76996E-1 3.77102E-1 3.78972E-1 3.7845E-1 3.79066E-1 3.80733E-1 3.86172E-1 3.77522E-1 3.75949E-1 3.79713E-1 3.82617E-1 3.81572E-1 3.60178E-1 3.61003E-1 3.55371E-1 3.55032E-1 3.64274E-1 3.75717E-1 3.83387E-1 3.87962E-1 4.00807E-1 4.08694E-1 4.15447E-1 4.30935E-1 4.39441E-1 4.47336E-1 4.4762E-1 4.5136E-1 4.65442E-1 4.56875E-1 4.45954E-1 4.38184E-1 4.55437E-1 4.89548E-1 5.01636E-1 4.86269E-1 5.30289E-1 5.01609E-1 4.80597E-1 4.67014E-1 4.62949E-1 4.66175E-1 4.60021E-1
4.18815E-1 4.20795E-1 4.10731E-1 4.01465E-1 3.94749E-1 3.94314E-1 3.83509E-1 3.85554E-1 3.86798E-1 3.89353E-1 3.88374E-1 3.89785E-1 3.87572E-1 3.82197E-1 3.81652E-1 3.93374E-1 3.80832E-1 3.80147E-1 3.82607E-1 3.83088E-1 3.85511E-1 3.9158E-1 3.91988E-1 3.91947E-1 3.95867E-1 3.88717E-1 3.81373E-1 3.75907E-1 3.77799E-1 3.77603E-1 3.67937E-1 3.6248E-1 3.60538E-1 3.65048E-1 3.68855E-1 3.79165E-1 3.91007E-1 4.01288E-1 4.1076E-1 4.1474E-1 4.27408E-1 4.45991E-1 4.5274E-1 4.57132E-1 4.63662E-1 4.71681E-1 4.92425E-1 4.82582E-1 4.79337E-1 4.84277E-1 5.09715E-1 5.03084E-1 -9999 5.18927E-1 4.96584E-1 4.83925E-1 4.55205E-1 4.49384E-1 4.57938E-1 4.58229E-1 4.5492E-1
4.31719E-1 4.24432E-1 4.15816E-1 4.13695E-1 4.04766E-1 3.98339E-1 3.94087E-1 3.94767E-1 3.91867E-1 3.92553E-1 3.90776E-1 3.93556E-1 3.91266E-1 3.88705E-1 3.91041E-1 3.90807E-1 3.93972E-1 3.92187E-1 3.93344E-1 4.02069E-1 4.15966E-1 4.06329E-1 4.1658E-1 4.09636E-1 4.06876E-1 3.96547E-1 3.87968E-1 3.81134E-1 3.74961E-1 3.74493E-1 3.76041E-1 3.78092E-1 3.76778E-1 3.75048E-1 3.82138E-1 3.93718E-1 4.05004E-1 4.2434E-1 4.29854E-1 4.40034E-1 4.43742E-1 4.58163E-1 4.67793E-1 4.84495E-1 4.92459E-1 5.10136E-1 5.24582E-1 5.21732E-1 5.27973E-1 5.35129E-1 5.31177E-1 5.85338E-1 5.29344E-1 4.96015E-1 4.75441E-1 4.67588E-1 4.45472E-1 4.43082E-1 4.52575E-1 4.5156E-1 4.54564E-1
4.4245E-1 4.42396E-1 4.2656E-1 4.14122E-1 4.04235E-1 3.95671E-1 3.96922E-1 4.06505E-1 3.98675E-1 3.94669E-1 3.92044E-1 3.95925E-1 3.9023E-1 3.90167E-1 3.97721E-1 4.06599E-1 4.06206E-1 4.15139E-1 4.16562E-1 4.26765E-1 4.35249E-1 4.32528E-1 4.29804E-1 4.18761E-1 4.17706E-1 4.06564E-1 3.97829E-1 3.90027E-1 3.82145E-1 3.85427E-1 3.81727E-1 3.81499E-1 3.8454E-1 3.93034E-1 4.0264E-1 4.1564E-1 4.30655E-1 4.5176E-1 4.56182E-1 4.6106E-1 4.60179E-1 4.70667E-1 4.85377E-1 4.99401E-1 5.19314E-1 5.24067E-1 5.37265E-1 5.43954E-1 5.45063E-1 5.31765E-1 5.05248E-1 5.06512E-1 4.87346E-1 4.78384E-1 4.71104E-1 4.58541E-1 4.46386E-1 4.49999E-1 4.4974E-1 4.48143E-1 4.43443E-1
4.38848E-1 4.35507E-1 4.20537E-1 4.13363E-1 4.08113E-1 4.00732E-1 4.02278E-1 4.03664E-1 4.06693E-1 4.00514E-1 4.04784E-1 4.06245E-1 4.00879E-1 4.06032E-1 4.08601E-1 4.13486E-1 4.26719E-1 4.31224E-1 4.3354E-1 4.52762E-1 4.61721E-1 4.36449E-1 4.28474E-1 4.32572E-1 4.34875E-1 4.17233E-1 4.09392E-1 4.02852E-1 4.00452E-1 3.98268E-1 3.97934E-1 4.02547E-1 4.0974E-1 4.05597E-1 4.22598E-1 4.31571E-1 4.56905E-1 4.6892E-1 4.8335E-1 4.67328E-1 4.70996E-1 4.80671E-1 4.85554E-1 5.02135E-1 5.09399E-1 5.21039E-1 5.35094E-1 5.43493E-1 5.16033E-1 4.95825E-1 4.7869E-1 4.72149E-1 4.69565E-1 4.68407E-1 4.70432E-1 4.62323E-1 4.53742E-1 4.4936E-1 4.49964E-1 4.5046E-1 4.3829E-1
4.31113E-1 4.3351E-1 4.19772E-1 4.07498E-1 4.13427E-1 4.11513E-1 4.07225E-1 4.10258E-1 4.08987E-1 4.08699E-1 4.10664E-1 4.23297E-1 4.21208E-1 4.1862E-1 4.18084E-1 4.26401E-1 4.34846E-1 4.4209E-1 4.40341E-1 4.40467E-1 4.44691E-1 4.42184E-1 4.43706E-1 4.45682E-1 4.48589E-1 4.33799E-1 4.28489E-1 4.21798E-1 4.1652E-1 4.17856E-1 4.18286E-1 4.1368E-1 4.18883E-1 4.27125E-1 4.39888E-1 4.65853E-1 4.8359E-1 5.01923E-1 5.10125E-1 4.86704E-1 4.88556E-1 5.06215E-1 5.05793E-1 5.10841E-1 5.14884E-1 5.12835E-1 5.16932E-1 5.13068E-1 4.9781E-1 4.71323E-1 4.69408E-1 4.6252E-1 4.60136E-1 4.7131E-1 4.6688E-1 4.64474E-1 4.61049E-1 4.51215E-1 4.48574E-1 4.44952E-1 4.43012E-1
4.16307E-1 4.27308E-1 4.29966E-1 4.16079E-1 4.14373E-1 4.07362E-1 4.08428E-1 4.18609E-1 4.24954E-1 4.19155E-1 4.25024E-1 4.3199E-1 4.41666E-1 4.33244E-1 4.25562E-1 4.32571E-1 4.46251E-1 4.45517E-1 4.48658E-1 4.45747E-1 4.49055E-1 4.54798E-1 4.50981E-1 4.46979E-1 4.51678E-1 4.49301E-1 4.42717E-1 4.37044E-1 4.23938E-1 4.34425E-1 4.45779E-1 4.47339E-1 4.43659E-1 4.59133E-1 4.75949E-1 4.92653E-1 5.00387E-1 5.07142E-1 5.18955E-1 5.18371E-1 5.05923E-1 5.16603E-1 5.0283E-1 5.11344E-1 5.171E-1 5.13415E-1 5.12307E-1 4.97684E-1 4.85802E-1 4.73439E-1 4.65344E-1 4.61705E-1 4.68103E-1 4.73657E-1 4.68863E-1 4.66016E-1 4.61628E-1 4.65494E-1 4.58799E-1 4.57316E-1 4.52947E-1
4.18319E-1 4.27459E-1 4.25919E-1 4.23243E-1 4.25446E-1 4.23853E-1 4.26165E-1 4.35387E-1 4.45159E-1 4.42581E-1 4.32691E-1 4.3713E-1 4.41113E-1 4.4125E-1 4.45123E-1 4.42317E-1 4.50636E-1 4.58103E-1 4.67494E-1 4.6061E-1 4.67729E-1 4.62129E-1 4.57347E-1 4.58657E-1 4.68789E-1 4.64562E-1 4.57469E-1 4.52679E-1 4.41901E-1 4.56436E-1 4.7386E-1 4.82256E-1 4.82404E-1 4.9385E-1 5.00229E-1 5.10848E-1 5.14623E-1 5.16547E-1 5.29104E-1 5.18749E-1 5.06026E-1 5.00522E-1 5.10234E-1 5.18924E-1 5.18858E-1 5.25812E-1 5.16691E-1 4.93E-1 4.78643E-1 4.74346E-1 4.63544E-1 4.59106E-1 4.5914E-1 4.57327E-1 4.57052E-1 4.60167E-1 4.61515E-1 4.71523E-1 4.69227E-1 4.68655E-1 4.64129E-1
4.17454E-1 4.29071E-1 4.28032E-1 4.25078E-1 4.25074E-1 4.17066E-1 4.2271E-1 4.33216E-1 4.49157E-1 4.56788E-1 4.58241E-1 4.51872E-1 4.48597E-1 4.52003E-1 4.56221E-1 4.5485E-1 4.5985E-1 4.67253E-1 4.74659E-1 4.81767E-1 4.82127E-1 4.64088E-1 4.61677E-1 4.68233E-1 4.83085E-1 4.78158E-1 4.78172E-1 4.66721E-1 4.6038E-1 4.80349E-1 4.93094E-1 5.05145E-1 5.12023E-1 5.03117E-1 5.0203E-1 5.12339E-1 5.40692E-1 5.45818E-1 5.30295E-1 5.18007E-1 5.03795E-1 4.98343E-1 5.09154E-1 5.17218E-1 5.21829E-1 5.20513E-1 5.09085E-1 4.84252E-1 4.81638E-1 4.75859E-1 4.64347E-1 4.57693E-1 4.4179E-1 4.36421E-1 4.4938E-1 4.55816E-1 4.6366E-1 4.64309E-1 4.7099E-1 4.61562E-1 4.62079E-1
4.31704E-1 4.31289E-1 4.32775E-1 4.35421E-1 4.28787E-1 4.29366E-1 4.29184E-1 4.34599E-1 4.46841E-1 4.55968E-1 4.60298E-1 4.74825E-1 4.57681E-1 4.60696E-1 4.64211E-1 4.65069E-1 4.6864E-1 4.7391E-1 4.79281E-1 4.85214E-1 4.85873E-1 4.79977E-1 4.73631E-1 4.79753E-1 5.00331E-1 4.89356E-1 4.95395E-1 4.94995E-1 4.87013E-1 4.99468E-1 5.11547E-1 5.22186E-1 5.18952E-1 5.03975E-1 5.21439E-1 5.4088E-1 5.36244E-1 5.28346E-1 5.22471E-1 5.31651E-1 5.24027E-1 5.13995E-1 5.13548E-1 5.15366E-1 5.07616E-1 5.04192E-1 4.98905E-1 4.83654E-1 4.78256E-1 4.76175E-1 4.68476E-1 4.52441E-1 4.42023E-1 4.4235E-1 4.58285E-1 4.67003E-1 4.70788E-1 4.73428E-1 4.71402E-1 4.73913E-1 4.7142E-1
4.42964E-1 4.42475E-1 4.4524E-1 4.46905E-1 4.45776E-1 4.32953E-1 4.29872E-1 4.34612E-1 4.52395E-1 4.54844E-1 4.6313E-1 4.67927E-1 4.65605E-1 4.65667E-1 4.70716E-1 4.70243E-1 4.70104E-1 4.79716E-1 4.87375E-1 4.93217E-1 4.93927E-1 4.9629E-1 4.94471E-1 5.03851E-1 5.00787E-1 5.15691E-1 5.22201E-1 5.11221E-1 5.15218E-1 5.22561E-1 5.31041E-1 5.29261E-1 5.30854E-1 5.39739E-1 5.50316E-1 5.48251E-1 5.43262E-1 5.37404E-1 5.29888E-1 5.27507E-1 5.25209E-1 5.18839E-1 5.1576E-1 5.05722E-1 5.02583E-1 5.049E-1 5.00049E-1 4.87807E-1 4.80469E-1 4.82169E-1 4.74942E-1 4.60703E-1 4.52789E-1 4.52563E-1 4.60135E-1 4.70386E-1 4.93805E-1 4.84509E-1 4.74231E-1 4.81864E-1 5.04345E-1
4.62706E-1 4.62442E-1 4.60974E-1 4.57028E-1 4.48461E-1 4.42163E-1 4.37287E-1 4.40937E-1 4.49233E-1 4.60567E-1 4.69993E-1 4.70368E-1 4.74343E-1 4.68977E-1 4.68109E-1 4.77793E-1 4.74449E-1 4.78307E-1 4.97831E-1 5.08426E-1 5.09309E-1 5.08432E-1 5.1637E-1 5.24501E-1 5.29484E-1 5.259E-1 5.19942E-1 5.21155E-1 5.26181E-1 5.36739E-1 5.37806E-1 5.52936E-1 5.64142E-1 5.71429E-1 5.71609E-1 5.64884E-1 5.6083E-1 5.5662E-1 5.49713E-1 5.44303E-1 5.34026E-1 5.23285E-1 5.1624E-1 4.98717E-1 4.98535E-1 5.06243E-1 5.02811E-1 4.96839E-1 4.98495E-1 4.85517E-1 4.75054E-1 4.70207E-1 4.64917E-1 4.62785E-1 4.62814E-1 4.71204E-1 4.8716E-1 5.07134E-1 4.83393E-1 4.87095E-1 5.10276E-1
4.86078E-1 4.76987E-1 4.67624E-1 4.60575E-1 4.58974E-1 4.52321E-1 4.42103E-1 4.5277E-1 4.59431E-1 4.57749E-1 4.52962E-1 4.58531E-1 4.72804E-1 4.77934E-1 4.74776E-1 4.75698E-1 4.73029E-1 4.76533E-1 4.89073E-1 5.17068E-1 5.31355E-1 5.28101E-1 5.18963E-1 5.29265E-1 5.34761E-1 5.27387E-1 5.24553E-1 5.24354E-1 5.24347E-1 5.42394E-1 5.61262E-1 5.73881E-1 5.74914E-1 5.73945E-1 5.71233E-1 5.62786E-1 5.59668E-1 5.60548E-1 5.66368E-1 5.61372E-1 5.42585E-1 5.26559E-1 5.13326E-1 4.93145E-1 4.93575E-1 5.04698E-1 4.97968E-1 4.98193E-1 5.05193E-1 4.96037E-1 4.82618E-1 4.65554E-1 4.63749E-1 4.68906E-1 4.68053E-1 4.85224E-1 4.80818E-1 4.92307E-1 5.08045E-1 5.22129E-1 5.39419E-1
5.047E-1 4.9134E-1 4.88301E-1 4.7849E-1 4.67933E-1 4.61633E-1 4.56343E-1 4.52481E-1 4.61687E-1 4.61681E-1 4.61069E-1 4.67955E-1 4.6622E-1 4.76632E-1 4.89484E-1 4.96379E-1 4.86497E-1 4.74818E-1 4.86753E-1 5.04791E-1 5.14707E-1 5.19767E-1 5.26588E-1 5.34645E-1 5.36701E-1 5.34741E-1 5.38105E-1 5.35046E-1 5.43362E-1 5.48422E-1 5.65834E-1 5.64811E-1 5.53655E-1 5.44912E-1 5.39864E-1 5.46608E-1 5.48093E-1 5.56617E-1 5.70841E-1 5.73252E-1 5.56639E-1 5.51201E-1 5.27924E-1 5.0479E-1 4.95612E-1 4.91036E-1 4.8478E-1 4.79127E-1 4.80556E-1 4.71214E-1 4.70648E-1 4.76589E-1 4.8273E-1 4.8149E-1 4.82065E-1 4.86967E-1 4.88151E-1 5.10097E-1 5.34425E-1 5.40304E-1 5.46444E-1
5.08485E-1 5.01436E-1 4.97071E-1 4.88947E-1 4.82279E-1 4.7271E-1 4.75625E-1 4.70245E-1 4.71343E-1 4.69179E-1 4.72159E-1 4.71491E-1 4.788E-1 4.80672E-1 4.88749E-1 4.98334E-1 4.98223E-1 5.03333E-1 5.05718E-1 5.15546E-1 5.27187E-1 5.29357E-1 5.3129E-1 5.35114E-1 5.43274E-1 5.56428E-1 5.54601E-1 5.58051E-1 5.63505E-1 5.63204E-1 5.60184E-1 5.54091E-1 5.42208E-1 5.26735E-1 5.20364E-1 5.33797E-1 5.47122E-1 5.52183E-1 5.6038E-1 5.62612E-1 5.59155E-1 5.53726E-1 5.23692E-1 4.98056E-1 4.82203E-1 4.72476E-1 4.64579E-1 4.62783E-1 4.63488E-1 4.64793E-1 4.6402E-1 4.72891E-1 4.77622E-1 4.88749E-1 5.04072E-1 5.25751E-1 5.11324E-1 5.27598E-1 5.39105E-1 5.42953E-1 5.51235E-1
