maxent_outputs/white_flowers_linear/white_181.asc
ncols         426
nrows         180
xllcorner     -130.0
yllcorner     24.0
cellsize      0.16666666666666666
NODATA_value  -9999
[rows 108 to 134 of 180, columns 244 to 304 of 426]
6.69944E-1 6.76471E-1 6.78029E-1 6.81712E-1 6.86598E-1 6.84941E-1 6.80815E-1 6.74135E-1 6.81505E-1 6.69432E-1 6.75584E-1 6.80201E-1 6.85175E-1 6.83437E-1 6.75186E-1 6.78315E-1 6.80558E-1 6.89759E-1 6.99835E-1 7.19423E-1 7.2455E-1 7.15114E-1 7.18508E-1 7.32475E-1 7.63606E-1 7.68994E-1 7.65325E-1 7.49845E-1 7.09531E-1 6.83054E-1 6.74531E-1 6.80169E-1 6.75079E-1 6.65283E-1 6.65601E-1 6.77212E-1 6.86835E-1 6.91347E-1 7.20104E-1 7.23777E-1 7.82545E-1 7.9387E-1 7.96445E-1 7.95685E-1 8.05991E-1 7.5469E-1 7.33351E-1 7.45427E-1 7.3146E-1 7.13284E-1 6.98071E-1 6.8594E-1 6.81952E-1 6.87372E-1 6.93355E-1 6.9215E-1 6.84533E-1 6.88656E-1 6.80895E-1 6.84073E-1 6.88775E-1
6.68395E-1 6.76978E-1 6.85134E-1 6.87905E-1 6.85459E-1 6.80307E-1 6.83055E-1 6.74958E-1 6.80998E-1 6.75972E-1 6.76891E-1 6.7649E-1 6.81217E-1 6.89812E-1 6.8891E-1 6.91851E-1 6.97199E-1 7.00447E-1 7.14795E-1 7.25654E-1 7.24054E-1 7.14533E-1 7.27289E-1 7.48348E-1 7.61438E-1 7.55605E-1 7.55342E-1 7.26901E-1 7.08939E-1 6.89837E-1 6.89638E-1 6.77448E-1 6.83487E-1 7.11788E-1 7.2429E-1 7.46795E-1 8.24425E-1 7.86702E-1 8.03637E-1 7.30799E-1 7.08625E-1 8.39063E-1 8.71152E-1 7.81029E-1 7.62973E-1 7.37038E-1 7.43551E-1 7.30383E-1 7.20407E-1 7.04929E-1 7.01816E-1 6.84539E-1 6.83341E-1 6.93696E-1 7.04068E-1 6.9565E-1 6.82987E-1 6.89465E-1 6.79375E-1 6.90449E-1 6.90094E-1
6.72318E-1 6.81104E-1 6.8857E-1 6.83977E-1 6.78083E-1 6.75849E-1 6.77374E-1 6.78497E-1 6.88147E-1 6.87784E-1 6.94366E-1 6.93039E-1 6.91081E-1 6.92621E-1 6.85012E-1 6.88061E-1 6.96105E-1 7.11815E-1 7.27637E-1 7.36203E-1 7.25172E-1 7.35908E-1 7.68686E-1 7.68253E-1 7.40724E-1 7.54851E-1 7.13216E-1 7.0519E-1 7.05158E-1 7.02962E-1 7.03413E-1 7.09032E-1 7.71589E-1 8.19707E-1 8.67288E-1 8.91769E-1 8.67081E-1 8.44845E-1 7.83592E-1 7.7159E-1 7.48119E-1 8.00147E-1 8.05792E-1 7.6704E-1 7.61231E-1 7.84362E-1 7.56435E-1 7.19219E-1 6.98789E-1 7.05965E-1 7.13015E-1 6.90834E-1 6.95997E-1 7.0105E-1 7.05526E-1 6.91514E-1 6.92327E-1 6.83755E-1 6.71063E-1 6.76078E-1 6.77266E-1
6.75744E-1 6.78405E-1 6.89688E-1 6.8555E-1 6.7712E-1 6.77583E-1 6.79017E-1 6.89912E-1 6.99028E-1 6.99935E-1 7.01597E-1 7.05258E-1 7.09279E-1 7.00686E-1 6.9458E-1 6.93975E-1 6.97015E-1 7.06701E-1 7.22207E-1 7.31121E-1 7.51567E-1 7.8146E-1 7.74914E-1 7.56307E-1 7.54224E-1 7.15465E-1 6.995E-1 7.02019E-1 7.02579E-1 7.08847E-1 7.17313E-1 7.97628E-1 8.00692E-1 7.96407E-1 7.89489E-1 8.02938E-1 8.04572E-1 8.92972E-1 8.92572E-1 8.72147E-1 7.87711E-1 7.98879E-1 7.97935E-1 7.42308E-1 7.33918E-1 7.3835E-1 7.11253E-1 7.08007E-1 6.96403E-1 6.89418E-1 7.03275E-1 6.93477E-1 6.88828E-1 6.88576E-1 6.9092E-1 6.97781E-1 6.91705E-1 6.78017E-1 6.74554E-1 6.7157E-1 6.79966E-1
6.85409E-1 6.82385E-1 6.82212E-1 6.78404E-1 6.78383E-1 6.8159E-1 6.85413E-1 6.91324E-1 6.9721E-1 7.09617E-1 7.07846E-1 7.08646E-1 7.08703E-1 6.96675E-1 6.96322E-1 6.9045E-1 6.93803E-1 7.02167E-1 7.20603E-1 7.27342E-1 7.5168E-1 7.76048E-1 7.65662E-1 7.4572E-1 7.41929E-1 7.0759E-1 7.04191E-1 6.99307E-1 7.1627E-1 7.32687E-1 7.62592E-1 8.25453E-1 8.259E-1 8.35403E-1 8.6153E-1 8.12396E-1 8.58305E-1 8.8221E-1 9.22456E-1 8.66209E-1 8.47053E-1 8.22599E-1 7.88506E-1 7.34176E-1 7.22204E-1 7.14053E-1 7.03946E-1 7.06736E-1 6.99554E-1 6.92947E-1 7.00404E-1 7.05361E-1 6.86519E-1 6.81002E-1 6.72862E-1 6.75054E-1 6.6781E-1 6.79351E-1 6.76156E-1 6.76726E-1 6.69882E-1
6.88106E-1 6.8886E-1 6.87535E-1 6.81174E-1 6.81308E-1 6.837E-1 6.96477E-1 6.93779E-1 7.0292E-1 7.08014E-1 6.99577E-1 7.02779E-1 7.00735E-1 6.98176E-1 6.90188E-1 6.89587E-1 6.92424E-1 7.00441E-1 7.1934E-1 7.50296E-1 7.53301E-1 7.46094E-1 7.21729E-1 7.49506E-1 7.16772E-1 7.12929E-1 7.08767E-1 7.07341E-1 7.52561E-1 7.53772E-1 7.53988E-1 7.43372E-1 7.67339E-1 8.35528E-1 8.9559E-1 8.56537E-1 9.14457E-1 9.21632E-1 8.85746E-1 8.83659E-1 8.28459E-1 7.89915E-1 7.5162E-1 7.29264E-1 7.2124E-1 7.13455E-1 7.03071E-1 6.95841E-1 6.94756E-1 6.98102E-1 6.93405E-1 6.96172E-1 6.85253E-1 6.76729E-1 6.62955E-1 6.52713E-1 6.52749E-1 6.5801E-1 6.555E-1 6.64831E-1 6.71266E-1
6.99632E-1 6.95622E-1 6.91033E-1 6.8894E-1 6.85641E-1 6.86355E-1 6.96908E-1 7.03793E-1 7.00052E-1 6.9492E-1 6.9869E-1 7.00289E-1 6.99959E-1 6.93004E-1 6.99721E-1 6.98533E-1 6.9688E-1 7.08444E-1 7.33567E-1 7.45532E-1 7.28329E-1 7.17013E-1 7.42305E-1 7.34984E-1 7.05944E-1 7.12797E-1 7.09892E-1 7.33869E-1 8.14875E-1 7.65126E-1 7.52325E-1 7.64088E-1 7.8416E-1 8.36323E-1 8.65751E-1 8.70553E-1 8.74947E-1 8.49474E-1 8.06451E-1 7.94746E-1 7.74988E-1 7.65357E-1 7.35367E-1 7.17638E-1 7.15481E-1 7.01468E-1 6.88825E-1 6.84338E-1 6.90112E-1 6.89951E-1 6.92609E-1 6.90591E-1 6.91344E-1 6.83953E-1 6.64562E-1 6.60439E-1 6.53566E-1 6.44678E-1 6.49714E-1 6.51489E-1 6.55705E-1
6.99189E-1 6.9354E-1 6.94856E-1 6.95247E-1 6.93984E-1 6.89912E-1 6.91969E-1 6.93535E-1 6.96775E-1 6.96024E-1 6.94838E-1 6.96647E-1 7.05266E-1 7.04228E-1 6.96028E-1 6.99668E-1 7.0423E-1 7.01837E-1 7.22461E-1 7.15845E-1 7.11886E-1 7.37663E-1 7.35563E-1 7.42136E-1 7.13681E-1 7.23346E-1 7.10269E-1 7.3486E-1 7.78713E-1 7.90946E-1 7.98076E-1 8.1256E-1 8.31564E-1 8.49639E-1 8.41395E-1 8.51706E-1 8.25402E-1 7.9191E-1 7.81566E-1 7.59153E-1 7.50253E-1 7.3768E-1 7.23271E-1 7.04789E-1 6.98973E-1 6.89771E-1 6.85851E-1 6.81997E-1 6.88345E-1 6.84635E-1 6.89555E-1 6.92585E-1 6.93068E-1 6.89992E-1 6.73465E-1 6.56758E-1 6.50145E-1 6.47434E-1 6.47786E-1 6.48503E-1 6.55198E-1
6.9716E-1 6.93069E-1 6.9154E-1 6.93827E-1 6.90447E-1 6.91707E-1 6.98839E-1 6.97132E-1 7.03172E-1 7.01793E-1 6.94643E-1 6.97144E-1 6.99765E-1 7.00009E-1 6.99548E-1 6.89968E-1 6.94631E-1 6.90913E-1 7.01838E-1 7.12123E-1 7.27479E-1 7.32299E-1 7.37152E-1 7.25377E-1 7.04973E-1 7.18673E-1 6.9102E-1 7.07554E-1 7.54885E-1 7.8659E-1 8.099E-1 8.02104E-1 7.98393E-1 8.00387E-1 7.95425E-1 8.06645E-1 7.742E-1 7.67424E-1 7.50029E-1 7.41351E-1 7.27972E-1 7.22829E-1 7.10232E-1 7.01903E-1 6.90535E-1 6.83295E-1 6.763E-1 6.74921E-1 6.84318E-1 6.83397E-1 6.83076E-1 6.92559E-1 6.93932E-1 6.7827E-1 6.77862E-1 6.67406E-1 6.60145E-1 6.54777E-1 6.52867E-1 6.55123E-1 6.5519E-1
6.91895E-1 6.88739E-1 6.91675E-1 6.85256E-1 6.92244E-1 6.93594E-1 6.96548E-1 7.00224E-1 7.03602E-1 7.04799E-1 7.09831E-1 7.0773E-1 7.04954E-1 6.97527E-1 6.93108E-1 6.9923E-1 7.0011E-1 6.94415E-1 7.06494E-1 7.0375E-1 7.1029E-1 7.12852E-1 7.10634E-1 6.89854E-1 7.01913E-1 6.91164E-1 6.896E-1 6.92051E-1 7.4143E-1 7.57899E-1 7.7017E-1 7.6855E-1 7.71082E-1 7.76222E-1 7.73715E-1 7.53356E-1 7.35526E-1 7.42603E-1 7.46437E-1 7.31297E-1 7.15262E-1 7.06999E-1 6.96642E-1 6.90336E-1 6.90286E-1 6.84552E-1 6.76584E-1 6.74898E-1 6.76582E-1 6.80766E-1 6.83239E-1 6.86877E-1 6.80997E-1 6.73039E-1 6.75687E-1 6.7192E-1 6.62803E-1 6.60975E-1 6.56179E-1 6.56186E-1 6.5765E-1
6.87937E-1 6.89175E-1 6.89669E-1 6.81832E-1 6.92697E-1 6.95009E-1 6.98425E-1 7.00152E-1 7.01994E-1 7.05725E-1 7.13481E-1 7.08315E-1 7.0637E-1 7.10099E-1 7.09705E-1 7.07022E-1 7.004E-1 6.86261E-1 6.91468E-1 6.90794E-1 6.87781E-1 7.01214E-1 6.96868E-1 6.92655E-1 6.95969E-1 6.89901E-1 6.89358E-1 7.09227E-1 7.36132E-1 7.35215E-1 7.40782E-1 7.66348E-1 7.77005E-1 7.54707E-1 7.35657E-1 7.28964E-1 7.14906E-1 7.10984E-1 7.09691E-1 7.13787E-1 7.03195E-1 6.96092E-1 6.91382E-1 6.89961E-1 6.93408E-1 6.84487E-1 6.82718E-1 6.827E-1 6.81371E-1 6.86617E-1 6.86218E-1 6.7305E-1 6.67647E-1 6.72431E-1 6.6792E-1 6.67767E-1 6.65999E-1 6.60645E-1 6.52963E-1 6.56392E-1 6.60734E-1
6.80214E-1 6.82976E-1 6.88109E-1 6.7679E-1 6.80913E-1 6.8943E-1 6.96423E-1 6.97802E-1 6.979E-1 6.98838E-1 7.02945E-1 7.01867E-1 7.04408E-1 7.11806E-1 7.01383E-1 6.9455E-1 6.9275E-1 6.83625E-1 6.80993E-1 6.755E-1 6.76246E-1 6.77966E-1 6.8747E-1 6.93867E-1 6.93735E-1 6.92271E-1 6.9439E-1 7.0628E-1 7.30219E-1 7.40116E-1 7.51291E-1 7.51064E-1 7.52537E-1 7.25729E-1 7.1594E-1 7.16433E-1 7.10216E-1 6.9478E-1 6.93889E-1 6.96028E-1 6.97008E-1 6.92081E-1 6.87564E-1 6.85524E-1 6.80906E-1 6.79655E-1 6.85246E-1 6.9893E-1 6.9646E-1 6.78555E-1 6.80103E-1 6.73652E-1 6.67946E-1 6.73666E-1 6.63929E-1 6.59686E-1 6.54685E-1 6.43941E-1 6.5183E-1 6.6146E-1 6.66391E-1
6.76086E-1 6.78206E-1 6.82839E-1 6.74729E-1 6.77785E-1 6.87203E-1 6.9369E-1 6.98184E-1 6.94377E-1 6.91442E-1 6.97681E-1 6.95555E-1 6.91759E-1 6.90833E-1 6.87856E-1 6.8861E-1 6.89849E-1 6.9872E-1 6.77115E-1 6.68611E-1 6.73416E-1 6.87097E-1 7.02541E-1 7.06307E-1 7.00374E-1 7.10985E-1 7.13344E-1 7.11157E-1 7.2321E-1 7.39413E-1 7.49007E-1 7.49089E-1 7.40904E-1 7.17231E-1 7.09782E-1 7.09649E-1 6.97418E-1 6.91475E-1 6.83379E-1 6.86651E-1 6.96143E-1 6.95426E-1 6.82094E-1 6.74658E-1 6.72621E-1 6.81542E-1 6.88069E-1 6.84927E-1 6.7713E-1 6.68927E-1 6.66354E-1 6.69647E-1 6.72966E-1 6.66075E-1 6.60362E-1 6.57833E-1 6.56111E-1 6.51894E-1 6.56781E-1 6.68287E-1 6.7003E-1
6.81192E-1 6.81484E-1 6.77797E-1 6.77263E-1 6.80485E-1 6.89229E-1 6.94831E-1 6.95267E-1 6.92255E-1 6.9205E-1 7.00231E-1 6.93077E-1 6.85378E-1 6.76659E-1 6.80218E-1 6.81323E-1 7.07082E-1 6.8859E-1 6.74676E-1 6.71845E-1 6.69764E-1 6.99895E-1 7.12673E-1 7.03879E-1 7.1317E-1 7.2042E-1 7.13454E-1 7.08986E-1 7.12697E-1 7.31853E-1 7.39129E-1 7.33553E-1 7.21485E-1 7.11396E-1 6.97975E-1 6.88254E-1 6.83455E-1 6.85573E-1 6.86417E-1 6.91921E-1 6.89769E-1 6.86448E-1 6.94491E-1 6.70214E-1 6.74341E-1 6.78607E-1 6.75592E-1 6.72397E-1 6.73516E-1 6.75877E-1 6.77196E-1 6.73591E-1 6.69783E-1 6.60604E-1 6.56791E-1 6.56663E-1 6.61103E-1 6.63509E-1 6.68694E-1 6.73021E-1 6.80872E-1
6.84463E-1 6.85502E-1 6.80918E-1 6.88928E-1 6.90773E-1 7.03771E-1 7.02043E-1 6.95323E-1 6.9548E-1 6.92963E-1 6.98467E-1 7.0438E-1 6.96243E-1 6.84652E-1 6.90909E-1 7.11546E-1 6.95744E-1 6.89673E-1 6.84929E-1 6.7457E-1 6.80707E-1 6.9613E-1 7.01419E-1 7.1309E-1 7.13657E-1 7.12258E-1 7.10448E-1 6.98375E-1 7.06613E-1 7.18851E-1 7.14519E-1 7.0733E-1 7.0633E-1 6.99776E-1 6.87081E-1 6.76963E-1 6.77371E-1 6.8098E-1 6.79977E-1 6.86502E-1 6.87331E-1 6.85299E-1 6.72354E-1 6.70695E-1 6.6945E-1 6.7556E-1 6.70803E-1 6.70012E-1 6.74927E-1 6.73111E-1 6.77135E-1 6.67203E-1 6.62541E-1 6.70363E-1 6.65181E-1 6.56529E-1 6.59242E-1 6.65596E-1 6.71857E-1 6.8173E-1 6.80656E-1
6.94953E-1 6.9324E-1 6.90801E-1 6.98772E-1 6.91205E-1 7.00507E-1 6.96349E-1 6.90865E-1 6.93213E-1 6.98776E-1 7.07227E-1 7.10782E-1 6.97342E-1 6.89847E-1 7.0365E-1 7.12826E-1 7.01773E-1 6.80604E-1 6.90205E-1 6.90846E-1 7.12592E-1 7.1794E-1 7.09816E-1 7.0501E-1 7.15252E-1 7.04246E-1 6.9737E-1 7.01442E-1 7.00108E-1 7.04149E-1 7.04038E-1 6.9647E-1 6.89978E-1 6.88064E-1 6.74413E-1 6.73144E-1 6.77588E-1 6.71584E-1 6.74091E-1 6.81678E-1 6.82583E-1 6.77761E-1 6.7773E-1 6.71725E-1 6.61852E-1 6.68273E-1 6.64241E-1 6.64129E-1 6.68358E-1 6.70996E-1 6.69737E-1 6.60073E-1 6.53864E-1 6.60957E-1 6.89333E-1 6.79361E-1 6.69838E-1 6.71614E-1 6.77304E-1 6.8205E-1 6.91146E-1
7.02111E-1 7.07664E-1 7.05716E-1 6.90298E-1 6.83772E-1 6.81027E-1 6.82382E-1 6.85991E-1 6.92827E-1 7.05384E-1 7.17881E-1 7.10378E-1 6.94454E-1 6.93429E-1 6.86437E-1 6.92742E-1 6.79693E-1 6.85037E-1 6.86156E-1 7.11066E-1 7.17085E-1 7.09616E-1 7.11948E-1 7.09625E-1 7.04049E-1 6.92856E-1 6.91544E-1 6.94043E-1 6.91361E-1 6.91817E-1 6.97393E-1 6.83473E-1 6.79498E-1 6.78589E-1 6.75914E-1 6.71071E-1 6.72243E-1 6.69199E-1 6.68922E-1 6.69273E-1 6.7927E-1 6.75868E-1 6.68671E-1 6.61069E-1 6.55707E-1 6.59295E-1 6.68302E-1 6.62152E-1 6.64363E-1 6.66299E-1 6.6215E-1 6.56462E-1 6.5576E-1 6.60579E-1 6.63589E-1 6.98757E-1 6.74761E-1 6.7892E-1 6.89642E-1 6.90691E-1 6.99915E-1
7.10353E-1 7.08778E-1 7.07247E-1 6.91255E-1 6.79813E-1 6.76481E-1 6.74624E-1 6.83615E-1 6.92294E-1 7.0179E-1 7.09128E-1 7.06355E-1 7.00817E-1 6.92975E-1 6.86006E-1 6.78776E-1 6.84852E-1 6.91953E-1 7.03236E-1 7.02342E-1 6.94153E-1 7.0355E-1 6.95979E-1 6.9493E-1 7.00622E-1 7.08478E-1 6.93378E-1 6.91574E-1 6.84009E-1 6.8587E-1 6.81965E-1 6.76242E-1 6.73965E-1 6.79899E-1 6.7602E-1 6.74545E-1 6.76968E-1 6.68802E-1 6.62708E-1 6.66691E-1 6.69803E-1 6.72238E-1 6.6975E-1 6.596E-1 6.56275E-1 6.55741E-1 6.60503E-1 6.63248E-1 6.61002E-1 6.59657E-1 6.60024E-1 6.61101E-1 6.63091E-1 6.65564E-1 6.67583E-1 6.67854E-1 6.7049E-1 6.77766E-1 6.90768E-1 7.01449E-1 7.02767E-1
7.15755E-1 7.07925E-1 7.03867E-1 6.98064E-1 6.85539E-1 6.79293E-1 6.8103E-1 6.82638E-1 6.93067E-1 7.00731E-1 7.08205E-1 7.17209E-1 7.08406E-1 7.02619E-1 6.8855E-1 6.913E-1 6.91894E-1 6.95793E-1 6.95359E-1 6.92774E-1 7.01293E-1 6.93062E-1 6.94486E-1 7.00182E-1 7.01974E-1 6.95599E-1 6.91136E-1 6.97547E-1 6.88957E-1 6.86055E-1 6.71484E-1 6.69891E-1 6.66282E-1 6.79309E-1 6.76377E-1 6.71581E-1 6.66456E-1 6.59899E-1 6.61088E-1 6.66061E-1 6.66129E-1 6.68238E-1 6.66114E-1 6.58991E-1 6.61241E-1 6.60425E-1 6.57688E-1 6.62403E-1 6.56196E-1 6.55935E-1 6.6273E-1 6.6594E-1 6.67123E-1 6.69199E-1 6.68546E-1 6.66302E-1 6.79164E-1 6.876E-1 7.02215E-1 -9999 -9999
7.11914E-1 7.10669E-1 7.08535E-1 6.94785E-1 6.86639E-1 6.83426E-1 6.88251E-1 6.91747E-1 6.95921E-1 6.9837E-1 7.0089E-1 7.03352E-1 6.98272E-1 6.9709E-1 6.87357E-1 6.88294E-1 6.92161E-1 6.89906E-1 6.86223E-1 7.00485E-1 7.25978E-1 7.0118E-1 6.96354E-1 7.01351E-1 6.93898E-1 6.90347E-1 6.8532E-1 6.84296E-1 6.75413E-1 6.65691E-1 6.58556E-1 6.59099E-1 6.62188E-1 6.66296E-1 6.68237E-1 6.66774E-1 6.62139E-1 6.596E-1 6.57967E-1 6.62378E-1 6.60281E-1 6.6022E-1 6.62194E-1 6.65559E-1 6.61626E-1 6.67288E-1 6.63321E-1 6.62919E-1 6.5893E-1 6.55921E-1 6.6093E-1 6.65898E-1 6.68148E-1 6.68901E-1 6.68014E-1 6.69356E-1 6.93007E-1 7.00093E-1 -9999 -9999 -9999
7.13548E-1 7.13327E-1 7.06642E-1 7.03731E-1 6.95846E-1 6.98019E-1 6.95923E-1 7.02359E-1 6.97755E-1 6.92131E-1 6.89886E-1 6.84476E-1 6.79095E-1 6.84348E-1 6.85317E-1 6.81045E-1 6.81684E-1 6.85673E-1 6.86383E-1 6.83797E-1 6.89369E-1 6.84252E-1 6.8905E-1 7.01224E-1 6.87619E-1 6.78182E-1 6.71604E-1 6.65008E-1 6.63866E-1 6.67475E-1 6.61958E-1 6.53144E-1 6.62201E-1 6.65987E-1 6.67146E-1 6.66361E-1 6.6495E-1 6.61512E-1 6.59234E-1 6.58131E-1 6.5624E-1 6.52427E-1 6.62741E-1 6.75415E-1 6.73118E-1 6.70378E-1 6.63225E-1 6.59115E-1 6.60046E-1 6.5665E-1 6.61121E-1 6.71604E-1 6.80699E-1 6.80725E-1 6.87641E-1 6.80486E-1 6.96979E-1 -9999 -9999 -9999 -9999
7.19844E-1 7.07842E-1 7.10052E-1 7.14102E-1 7.15386E-1 7.08173E-1 7.09579E-1 6.97391E-1 6.94319E-1 6.80411E-1 6.69805E-1 6.72057E-1 6.66031E-1 6.70684E-1 6.73172E-1 6.809E-1 6.7622E-1 6.84731E-1 6.90453E-1 6.82656E-1 6.74042E-1 6.80862E-1 6.81462E-1 6.82033E-1 6.70114E-1 6.60913E-1 6.62311E-1 6.60761E-1 6.6644E-1 6.60596E-1 6.52684E-1 6.50395E-1 6.54E-1 6.6113E-1 6.60618E-1 6.66324E-1 6.69547E-1 6.68299E-1 6.63969E-1 6.56011E-1 6.58395E-1 6.57232E-1 6.66079E-1 6.80652E-1 6.77567E-1 6.76949E-1 6.66244E-1 6.62189E-1 6.59259E-1 6.58395E-1 6.66948E-1 6.81212E-1 6.81438E-1 6.92456E-1 6.92613E-1 -9999 -9999 -9999 -9999 -9999 -9999
7.23748E-1 7.09459E-1 7.03118E-1 7.09971E-1 7.15891E-1 7.17475E-1 7.04544E-1 6.97374E-1 6.88339E-1 6.74782E-1 6.67008E-1 6.68354E-1 6.69423E-1 6.71478E-1 6.76753E-1 6.71683E-1 6.71101E-1 6.65723E-1 6.6928E-1 6.73803E-1 6.76775E-1 6.82733E-1 6.84425E-1 6.74742E-1 6.61538E-1 6.58337E-1 6.57856E-1 6.59826E-1 6.58454E-1 6.566E-1 6.5583E-1 6.48218E-1 6.4908E-1 6.57319E-1 6.60751E-1 6.63072E-1 6.76065E-1 6.71141E-1 6.62885E-1 6.55613E-1 6.54386E-1 6.63446E-1 6.69258E-1 6.78627E-1 6.75594E-1 6.72717E-1 6.65254E-1 6.58548E-1 6.5431E-1 6.60355E-1 6.70347E-1 6.8556E-1 6.88513E-1 6.94214E-1 -9999 -9999 -9999 -9999 -9999 -9999 -9999
7.25816E-1 7.13543E-1 7.01647E-1 6.91405E-1 7.10243E-1 7.2475E-1 7.10855E-1 6.93507E-1 6.85298E-1 6.76424E-1 6.68024E-1 6.7463E-1 6.82383E-1 6.76667E-1 6.72805E-1 6.75911E-1 6.70193E-1 6.76101E-1 6.83066E-1 6.95722E-1 6.98915E-1 7.00355E-1 6.89377E-1 6.75499E-1 6.63901E-1 6.64877E-1 6.60934E-1 6.58151E-1 6.57059E-1 6.59058E-1 6.56271E-1 6.55977E-1 6.50242E-1 6.53769E-1 6.63736E-1 6.6098E-1 6.67909E-1 6.69722E-1 6.60569E-1 6.53528E-1 6.55876E-1 6.62227E-1 6.68358E-1 6.7367E-1 6.75781E-1 6.74763E-1 6.66822E-1 6.63187E-1 6.59644E-1 6.73327E-1 6.82585E-1 6.88627E-1 -9999 -9999 -9999 -9999 -9999 -9999 -9999 -9999 -9999
7.3015E-1 7.19514E-1 7.11518E-1 6.97285E-1 7.05422E-1 7.08888E-1 7.04016E-1 7.04845E-1 6.90729E-1 6.87188E-1 6.75014E-1 6.75839E-1 6.80704E-1 6.81433E-1 6.81333E-1 6.88552E-1 6.88279E-1 6.89265E-1 6.90036E-1 6.9598E-1 6.97445E-1 6.9927E-1 6.86927E-1 6.82979E-1 6.7339E-1 6.84848E-1 6.66676E-1 6.67015E-1 6.66872E-1 6.65622E-1 6.59981E-1 6.58791E-1 6.57746E-1 6.60531E-1 6.67429E-1 6.66353E-1 6.6143E-1 6.64631E-1 6.60669E-1 6.58869E-1 6.61222E-1 6.63119E-1 6.68278E-1 6.73215E-1 6.76332E-1 6.74851E-1 6.7486E-1 6.72817E-1 6.76974E-1 6.89553E-1 6.98407E-1 -9999 -9999 -9999 -9999 -9999 -9999 -9999 -9999 -9999 -9999
7.35033E-1 7.28438E-1 7.18422E-1 7.11117E-1 7.12485E-1 7.14853E-1 7.10818E-1 7.05963E-1 6.99128E-1 7.00238E-1 6.95481E-1 6.88894E-1 6.85608E-1 6.94813E-1 6.96087E-1 6.98081E-1 6.957E-1 6.96291E-1 6.98949E-1 7.02872E-1 7.08099E-1 6.97306E-1 6.92263E-1 6.84946E-1 6.8864E-1 6.97525E-1 6.80013E-1 6.82658E-1 6.77408E-1 6.7665E-1 6.69373E-1 6.66701E-1 6.65917E-1 6.71498E-1 6.76054E-1 6.80133E-1 6.8103E-1 6.71647E-1 6.69972E-1 6.69106E-1 6.62652E-1 6.64533E-1 6.6601E-1 6.71791E-1 6.7954E-1 6.7525E-1 6.74881E-1 6.82912E-1 6.98297E-1 6.99412E-1 -9999 -9999 -9999 -9999 -9999 -9999 -9999 -9999 -9999 -9999 -9999
7.42609E-1 7.34896E-1 7.2643E-1 7.2156E-1 7.14697E-1 7.18949E-1 7.16963E-1 7.17478E-1 7.18459E-1 7.12037E-1 7.01953E-1 7.03253E-1 7.05394E-1 7.07617E-1 7.04562E-1 7.08928E-1 7.09614E-1 7.09582E-1 7.15148E-1 7.15062E-1 7.12074E-1 7.07868E-1 7.01622E-1 7.00156E-1 7.01833E-1 7.00928E-1 6.92531E-1 6.89537E-1 6.83938E-1 6.80929E-1 6.799E-1 6.78819E-1 6.78824E-1 6.85867E-1 6.9248E-1 6.93824E-1 6.91289E-1 6.7905E-1 6.70314E-1 6.69106E-1 6.67473E-1 6.67718E-1 6.69332E-1 6.68322E-1 6.72499E-1 6.82331E-1 6.8125E-1 6.9077E-1 7.11765E-1 7.12901E-1 -9999 -9999 -9999 -9999 -9999 -9999 -9999 -9999 -9999 -9999 -9999
