maxent_outputs/white_flowers_linear/white_65.asc
ncols         426
nrows         180
xllcorner     -130.0
yllcorner     24.0
cellsize      0.16666666666666666
NODATA_value  -9999
[rows 135 to 161 of 180, columns 122 to 182 of 426]
3.40389E-1 3.3158E-1 3.50693E-1 2.99063E-1 2.46946E-1 2.52928E-1 3.02788E-1 2.95795E-1 3.21721E-1 3.3903E-1 3.35327E-1 3.34502E-1 3.57081E-1 3.55775E-1 3.51086E-1 3.52229E-1 3.40883E-1 3.35102E-1 3.29727E-1 3.15113E-1 3.31236E-1 3.42788E-1 3.25134E-1 3.14798E-1 2.84831E-1 2.95112E-1 2.98678E-1 2.8008E-1 2.89172E-1 3.50628E-1 3.10734E-1 3.27711E-1 3.58794E-1 3.92268E-1 4.13594E-1 4.32293E-1 4.51124E-1 4.55484E-1 4.53461E-1 4.58788E-1 4.64319E-1 4.75807E-1 4.84521E-1 5.02134E-1 4.91156E-1 4.78872E-1 4.76758E-1 4.74955E-1 4.73762E-1 4.73605E-1 4.84078E-1 4.97953E-1 5.12888E-1 5.37114E-1 5.57288E-1 5.74945E-1 5.7965E-1 5.88581E-1 5.93599E-1 6.08232E-1 6.26997E-1
3.48231E-1 3.45555E-1 3.90896E-1 3.32307E-1 2.68433E-1 2.28366E-1 3.03559E-1 3.01261E-1 3.15467E-1 3.39596E-1 3.35574E-1 3.10087E-1 3.51079E-1 3.62443E-1 3.53612E-1 3.55544E-1 3.41919E-1 3.38252E-1 3.23237E-1 3.01017E-1 2.91682E-1 3.17826E-1 3.39312E-1 3.50223E-1 3.29367E-1 2.97324E-1 2.97729E-1 2.76651E-1 2.89077E-1 3.47709E-1 3.37963E-1 3.24067E-1 3.66836E-1 3.9223E-1 4.15076E-1 4.36109E-1 4.58004E-1 4.54599E-1 4.50573E-1 4.60324E-1 4.67431E-1 4.82137E-1 4.97623E-1 5.12241E-1 4.90767E-1 4.93331E-1 4.88515E-1 4.80922E-1 4.77569E-1 4.80377E-1 4.85018E-1 4.88524E-1 5.06878E-1 5.35869E-1 5.52971E-1 5.58367E-1 5.6078E-1 5.75612E-1 5.74085E-1 5.86044E-1 6.01891E-1
3.61288E-1 3.95679E-1 4.19321E-1 2.93242E-1 2.14815E-1 2.70892E-1 2.99539E-1 3.13648E-1 3.2991E-1 3.39003E-1 3.3843E-1 3.0444E-1 3.42112E-1 3.6631E-1 3.74097E-1 3.63612E-1 3.46848E-1 3.42137E-1 3.32134E-1 3.1562E-1 2.94876E-1 2.93689E-1 2.85224E-1 3.45592E-1 3.64682E-1 3.23721E-1 3.23553E-1 3.17549E-1 3.30329E-1 3.61457E-1 3.55002E-1 3.22997E-1 3.40917E-1 3.62355E-1 4.03356E-1 4.30361E-1 4.5004E-1 4.43194E-1 4.4515E-1 4.53266E-1 4.61265E-1 4.81178E-1 4.99989E-1 5.14843E-1 5.25407E-1 5.11751E-1 4.79562E-1 4.83006E-1 4.7072E-1 4.79014E-1 4.7871E-1 4.91418E-1 5.06994E-1 5.20378E-1 5.36356E-1 5.45081E-1 5.45742E-1 5.57791E-1 5.66549E-1 5.79388E-1 5.90665E-1
3.56111E-1 3.58377E-1 4.44857E-1 3.02052E-1 2.70087E-1 3.04196E-1 3.0786E-1 3.11803E-1 3.254E-1 3.30144E-1 3.18844E-1 2.78655E-1 3.24176E-1 3.70457E-1 3.73493E-1 3.67819E-1 3.53976E-1 3.45964E-1 3.48192E-1 3.42471E-1 3.17576E-1 2.90746E-1 2.88054E-1 2.99263E-1 3.47791E-1 3.75441E-1 3.74442E-1 3.18609E-1 3.44061E-1 3.59197E-1 3.56636E-1 3.37772E-1 3.09381E-1 3.14849E-1 3.88406E-1 4.1176E-1 4.28436E-1 4.26429E-1 4.32624E-1 4.41873E-1 4.59956E-1 4.72964E-1 4.82474E-1 4.98245E-1 5.06587E-1 5.06896E-1 5.18254E-1 4.98508E-1 4.91308E-1 4.96483E-1 4.90899E-1 4.98915E-1 5.09566E-1 5.1657E-1 5.33851E-1 5.48623E-1 5.59728E-1 5.73149E-1 5.83199E-1 5.89638E-1 5.96884E-1
3.41873E-1 4.04512E-1 4.08658E-1 4.02928E-1 2.9163E-1 2.88819E-1 2.92857E-1 3.02858E-1 2.98908E-1 3.08068E-1 3.18595E-1 2.77539E-1 3.1215E-1 3.46592E-1 3.55191E-1 3.63939E-1 3.33346E-1 3.43832E-1 3.48504E-1 3.47352E-1 3.30313E-1 3.06442E-1 3.0264E-1 2.93493E-1 2.80504E-1 3.40298E-1 4.05868E-1 4.2342E-1 3.83803E-1 3.53618E-1 3.41456E-1 3.40294E-1 2.85087E-1 2.69157E-1 3.10197E-1 3.46977E-1 3.83338E-1 4.09221E-1 4.16575E-1 4.21827E-1 4.27244E-1 4.46129E-1 4.59133E-1 4.52957E-1 4.68461E-1 4.87715E-1 5.18898E-1 5.30313E-1 5.09642E-1 5.13991E-1 5.0733E-1 5.13263E-1 5.30336E-1 5.37081E-1 5.41384E-1 5.53214E-1 5.65042E-1 5.75045E-1 5.75105E-1 5.7952E-1 5.99186E-1
3.18664E-1 4.54344E-1 3.31784E-1 3.07508E-1 3.74669E-1 2.80147E-1 2.07873E-1 2.49236E-1 2.74618E-1 2.98072E-1 3.10963E-1 2.67854E-1 2.90058E-1 3.36779E-1 3.40395E-1 3.40927E-1 3.55108E-1 3.50434E-1 3.5597E-1 3.52098E-1 3.31907E-1 3.20913E-1 3.16182E-1 3.21741E-1 3.09819E-1 3.15668E-1 3.77686E-1 4.08334E-1 4.2819E-1 3.86663E-1 3.30881E-1 3.28297E-1 2.97756E-1 2.71113E-1 3.11998E-1 3.37071E-1 3.60545E-1 3.95869E-1 3.98336E-1 3.88385E-1 3.97513E-1 4.24379E-1 4.41716E-1 4.5929E-1 4.84721E-1 5.04683E-1 5.20966E-1 5.32669E-1 5.27462E-1 5.27893E-1 5.23753E-1 5.35485E-1 5.49838E-1 5.5618E-1 5.63252E-1 5.65803E-1 5.71226E-1 5.80831E-1 5.89762E-1 5.97265E-1 6.18819E-1
3.40373E-1 4.85229E-1 4.04187E-1 2.87488E-1 4.00883E-1 3.17019E-1 2.07661E-1 1.86023E-1 2.20362E-1 2.74877E-1 3.03002E-1 2.88867E-1 3.11221E-1 3.37907E-1 3.37683E-1 3.347E-1 3.35162E-1 3.42122E-1 3.47898E-1 3.29896E-1 3.16115E-1 3.20136E-1 3.02459E-1 3.36289E-1 3.46003E-1 3.40639E-1 3.83434E-1 3.949E-1 4.11686E-1 4.29116E-1 3.25936E-1 3.2456E-1 3.26198E-1 3.0839E-1 3.09606E-1 3.36296E-1 3.62266E-1 3.65435E-1 3.36547E-1 3.36179E-1 3.6486E-1 4.00459E-1 4.29882E-1 4.61452E-1 4.9135E-1 5.14544E-1 5.33153E-1 5.48607E-1 5.39598E-1 5.45816E-1 5.51754E-1 5.60884E-1 5.74335E-1 5.85862E-1 5.82434E-1 5.84084E-1 5.89717E-1 5.89875E-1 5.98044E-1 6.02815E-1 6.00558E-1
3.43654E-1 4.6902E-1 4.52211E-1 3.36078E-1 3.85787E-1 2.84691E-1 1.8253E-1 1.64863E-1 1.96776E-1 2.59423E-1 2.83332E-1 2.96063E-1 3.22275E-1 3.3477E-1 3.30975E-1 3.20185E-1 3.35076E-1 3.33476E-1 3.14705E-1 2.94074E-1 2.89669E-1 3.04991E-1 3.12615E-1 3.37244E-1 3.55117E-1 3.4077E-1 3.82685E-1 4.02747E-1 3.86699E-1 4.45827E-1 3.98858E-1 3.17633E-1 3.20588E-1 3.29693E-1 3.26686E-1 3.16321E-1 3.18462E-1 3.4196E-1 3.60449E-1 3.70844E-1 3.7055E-1 4.03283E-1 4.48144E-1 4.75216E-1 5.09696E-1 5.37433E-1 5.49571E-1 5.59011E-1 5.64963E-1 5.6145E-1 5.82169E-1 5.95523E-1 6.05118E-1 6.01007E-1 5.93219E-1 5.91884E-1 5.95837E-1 5.95872E-1 6.01238E-1 5.95203E-1 6.0386E-1
3.54248E-1 4.81115E-1 5.09828E-1 3.4947E-1 2.75973E-1 2.61509E-1 2.19324E-1 1.76369E-1 1.66211E-1 2.12925E-1 2.19136E-1 2.901E-1 3.17475E-1 3.17974E-1 3.30937E-1 3.21104E-1 3.33794E-1 2.93371E-1 2.65459E-1 2.74264E-1 2.8908E-1 3.09927E-1 3.31122E-1 3.48324E-1 3.64613E-1 3.42104E-1 3.61515E-1 3.95607E-1 3.75111E-1 4.55287E-1 4.23362E-1 3.19471E-1 3.21149E-1 3.56447E-1 3.46774E-1 3.27317E-1 3.47878E-1 3.90367E-1 4.13382E-1 4.15193E-1 4.13689E-1 4.5067E-1 4.94541E-1 5.28884E-1 5.47001E-1 5.68713E-1 5.82572E-1 5.77053E-1 5.96941E-1 6.0187E-1 6.13701E-1 6.25499E-1 6.25461E-1 6.27244E-1 6.18366E-1 6.02184E-1 5.96703E-1 5.97313E-1 6.0084E-1 6.03944E-1 6.12336E-1
4.04804E-1 4.63657E-1 4.9541E-1 4.06276E-1 2.95266E-1 2.26725E-1 2.3249E-1 1.48548E-1 1.30345E-1 1.9096E-1 1.86811E-1 1.96103E-1 2.96359E-1 2.9417E-1 3.0368E-1 3.19838E-1 3.19964E-1 3.16017E-1 2.75613E-1 2.59862E-1 2.82276E-1 2.96583E-1 3.181E-1 3.46748E-1 3.54235E-1 3.16275E-1 3.05422E-1 3.55684E-1 3.60877E-1 4.43413E-1 4.64095E-1 3.59014E-1 3.70818E-1 3.99192E-1 3.92981E-1 4.00087E-1 3.96049E-1 4.0543E-1 4.5864E-1 4.35606E-1 4.69004E-1 5.02587E-1 5.53836E-1 5.94241E-1 6.07548E-1 5.99005E-1 6.08876E-1 6.13269E-1 6.28516E-1 6.46087E-1 6.50357E-1 6.62732E-1 6.6307E-1 6.50311E-1 6.24872E-1 6.22396E-1 6.05303E-1 6.20642E-1 6.23131E-1 6.20462E-1 6.14133E-1
5.1136E-1 4.47126E-1 5.32469E-1 4.57009E-1 4.00559E-1 2.17303E-1 2.07129E-1 1.60208E-1 1.33727E-1 1.65665E-1 1.85571E-1 1.76044E-1 2.04029E-1 2.76817E-1 2.37011E-1 2.89157E-1 2.65751E-1 3.0079E-1 2.77296E-1 2.53719E-1 2.79601E-1 3.04897E-1 3.14484E-1 3.49506E-1 3.49089E-1 3.10349E-1 2.986E-1 3.49834E-1 3.98045E-1 4.2166E-1 5.35531E-1 5.0044E-1 4.53406E-1 4.54324E-1 4.27775E-1 4.38221E-1 4.23849E-1 4.2681E-1 4.76613E-1 5.34333E-1 5.37827E-1 5.5184E-1 5.78655E-1 5.87055E-1 6.02702E-1 6.34917E-1 6.35874E-1 6.46019E-1 6.57851E-1 6.8062E-1 6.78367E-1 6.80993E-1 6.89681E-1 6.72035E-1 6.54161E-1 6.48934E-1 6.32819E-1 6.68075E-1 6.4881E-1 6.59993E-1 6.5566E-1
5.46752E-1 4.80966E-1 5.08439E-1 4.85927E-1 4.53942E-1 3.76277E-1 2.29587E-1 1.46944E-1 1.61395E-1 1.36992E-1 1.45605E-1 1.71668E-1 1.66317E-1 2.52161E-1 2.06337E-1 2.60057E-1 2.01791E-1 2.04837E-1 2.62029E-1 2.80828E-1 2.93804E-1 3.34157E-1 3.56918E-1 3.53821E-1 3.43721E-1 3.01115E-1 3.17067E-1 3.89456E-1 4.72388E-1 4.68646E-1 5.40302E-1 5.71784E-1 5.64283E-1 4.82168E-1 4.05071E-1 4.36138E-1 4.7174E-1 4.67641E-1 5.10049E-1 5.2904E-1 5.70944E-1 5.90046E-1 5.28249E-1 5.33735E-1 5.71315E-1 6.02253E-1 6.18222E-1 6.33203E-1 6.54185E-1 6.80572E-1 7.06449E-1 7.09562E-1 7.19792E-1 7.16736E-1 7.08534E-1 6.79863E-1 6.78218E-1 6.8796E-1 6.8611E-1 6.88664E-1 6.9184E-1
5.56589E-1 4.37511E-1 5.48132E-1 5.20599E-1 5.06839E-1 4.12771E-1 2.66947E-1 2.22177E-1 1.78296E-1 1.40902E-1 1.51369E-1 1.59443E-1 1.60122E-1 2.45486E-1 2.13463E-1 2.32413E-1 2.0963E-1 1.73681E-1 2.04218E-1 2.87915E-1 3.08961E-1 3.59697E-1 3.9417E-1 3.92473E-1 3.56561E-1 3.12205E-1 3.33849E-1 4.07929E-1 4.78964E-1 4.34883E-1 4.85113E-1 5.5843E-1 5.74077E-1 5.11267E-1 4.42938E-1 4.49265E-1 5.23968E-1 4.89981E-1 5.04402E-1 5.24424E-1 5.28791E-1 6.13114E-1 5.25216E-1 5.28511E-1 4.95955E-1 5.50439E-1 6.04174E-1 6.27734E-1 6.50821E-1 6.7841E-1 6.98932E-1 7.1554E-1 7.3311E-1 7.33662E-1 7.32886E-1 7.24845E-1 7.13773E-1 7.27205E-1 7.24741E-1 7.24381E-1 7.36296E-1
5.77165E-1 5.00837E-1 5.59384E-1 4.60393E-1 4.48725E-1 3.44528E-1 3.23714E-1 2.00908E-1 1.64543E-1 1.44145E-1 1.42889E-1 1.55914E-1 1.55908E-1 2.36071E-1 2.13154E-1 2.24642E-1 2.22135E-1 1.95658E-1 1.77189E-1 2.62113E-1 3.07186E-1 3.37471E-1 4.03418E-1 3.99255E-1 3.84509E-1 3.61989E-1 4.02351E-1 4.62518E-1 4.63323E-1 4.20953E-1 3.88182E-1 4.91924E-1 4.88829E-1 4.28255E-1 5.12682E-1 5.6816E-1 5.91209E-1 5.19238E-1 4.2226E-1 6.08265E-1 5.91454E-1 4.40469E-1 4.6261E-1 5.05496E-1 4.79488E-1 4.96848E-1 5.53843E-1 5.98459E-1 6.34551E-1 6.58639E-1 6.75822E-1 7.03003E-1 7.29803E-1 7.4186E-1 7.40822E-1 7.4267E-1 7.42998E-1 7.5037E-1 7.55428E-1 7.55308E-1 7.53832E-1
5.27356E-1 5.88573E-1 5.89795E-1 4.33427E-1 3.54041E-1 4.14254E-1 3.16471E-1 2.18653E-1 2.06692E-1 1.56342E-1 1.70945E-1 1.65697E-1 1.84758E-1 2.29128E-1 1.90252E-1 2.05607E-1 2.06233E-1 1.9449E-1 1.79785E-1 2.65199E-1 3.11521E-1 3.23226E-1 4.05464E-1 3.83476E-1 3.7952E-1 3.67349E-1 4.26483E-1 4.70727E-1 4.2241E-1 4.17253E-1 4.19832E-1 4.3016E-1 3.76657E-1 3.5031E-1 4.5986E-1 5.61872E-1 5.45091E-1 6.11211E-1 6.12063E-1 6.25706E-1 6.0722E-1 4.28457E-1 3.44016E-1 4.68558E-1 4.20082E-1 3.52181E-1 4.83173E-1 5.64011E-1 5.95266E-1 6.35457E-1 6.60752E-1 6.86823E-1 7.10815E-1 7.35838E-1 7.46523E-1 7.52892E-1 7.68603E-1 7.7812E-1 7.7155E-1 7.65469E-1 7.63273E-1
5.52656E-1 5.00192E-1 5.07817E-1 4.41016E-1 3.32252E-1 4.07727E-1 3.05427E-1 2.47078E-1 1.64078E-1 1.85871E-1 1.82037E-1 1.87571E-1 1.94061E-1 2.1887E-1 1.84581E-1 1.87179E-1 1.82828E-1 1.79739E-1 1.642E-1 2.36053E-1 3.15477E-1 3.29538E-1 4.13171E-1 4.05741E-1 4.04196E-1 4.24623E-1 4.3496E-1 4.19937E-1 4.22107E-1 4.29574E-1 4.20068E-1 3.93577E-1 3.3973E-1 3.47423E-1 4.19544E-1 4.65788E-1 5.43217E-1 6.1079E-1 6.40219E-1 5.40926E-1 5.56492E-1 5.24299E-1 3.36263E-1 4.07353E-1 3.99498E-1 3.77246E-1 4.69599E-1 4.97235E-1 5.62775E-1 5.97427E-1 6.35238E-1 6.62782E-1 6.95601E-1 7.3123E-1 7.52414E-1 7.62805E-1 7.8015E-1 7.88457E-1 7.86011E-1 7.8213E-1 7.77605E-1
6.67615E-1 4.55821E-1 4.24421E-1 4.06296E-1 2.8551E-1 3.34418E-1 2.58232E-1 2.27132E-1 1.38602E-1 2.11158E-1 2.13286E-1 1.82449E-1 1.8595E-1 1.69584E-1 1.93119E-1 2.05707E-1 2.0666E-1 1.83207E-1 1.76448E-1 2.11563E-1 2.9392E-1 3.69072E-1 4.00139E-1 4.30928E-1 4.40219E-1 4.32595E-1 3.88161E-1 3.67822E-1 4.1446E-1 4.23455E-1 4.14942E-1 3.96387E-1 3.59533E-1 3.52002E-1 3.83749E-1 3.79224E-1 4.33374E-1 5.52174E-1 5.87281E-1 5.74651E-1 5.23514E-1 4.91437E-1 4.23925E-1 4.33386E-1 4.75496E-1 4.27991E-1 5.15103E-1 5.25375E-1 5.41897E-1 5.88602E-1 6.22606E-1 6.47287E-1 6.8068E-1 7.14043E-1 7.547E-1 7.69452E-1 7.86727E-1 7.94264E-1 8.04283E-1 8.01195E-1 7.92159E-1
7.35186E-1 5.46889E-1 3.9726E-1 3.96259E-1 2.73127E-1 2.98481E-1 2.1625E-1 2.18821E-1 1.45471E-1 1.49397E-1 1.98416E-1 1.69353E-1 1.80338E-1 1.89794E-1 1.73199E-1 1.77163E-1 2.09061E-1 2.10067E-1 2.26642E-1 2.06232E-1 2.7735E-1 3.45584E-1 3.3355E-1 4.07045E-1 4.49266E-1 4.50709E-1 3.79864E-1 3.65424E-1 3.78318E-1 3.79789E-1 3.65201E-1 3.81382E-1 3.81169E-1 3.81783E-1 3.77888E-1 3.67091E-1 3.55714E-1 4.57928E-1 5.37328E-1 5.60378E-1 5.56377E-1 5.01127E-1 3.64365E-1 3.81554E-1 4.07635E-1 5.39857E-1 5.65651E-1 5.57123E-1 5.42917E-1 5.43032E-1 5.85135E-1 6.23987E-1 6.62313E-1 6.92809E-1 7.30145E-1 7.58792E-1 7.69986E-1 7.89339E-1 8.03663E-1 8.10923E-1 8.06327E-1
7.50545E-1 5.87565E-1 5.3658E-1 3.51221E-1 2.48319E-1 2.91855E-1 2.46857E-1 2.06397E-1 1.63938E-1 1.41665E-1 1.65678E-1 1.83759E-1 1.64608E-1 1.86919E-1 1.80279E-1 1.71354E-1 1.98397E-1 2.1603E-1 2.25175E-1 2.74174E-1 2.8118E-1 2.61586E-1 3.44743E-1 4.05961E-1 4.42614E-1 4.55561E-1 4.30934E-1 4.0173E-1 3.49449E-1 3.36614E-1 3.36944E-1 3.57638E-1 3.6048E-1 3.82551E-1 3.98397E-1 3.83094E-1 4.09626E-1 4.5287E-1 4.87976E-1 4.44062E-1 5.41871E-1 5.33496E-1 3.69656E-1 3.91472E-1 3.92117E-1 4.19568E-1 5.43195E-1 5.76629E-1 5.84242E-1 5.58636E-1 5.66603E-1 6.09319E-1 6.39105E-1 6.70242E-1 7.01661E-1 7.33291E-1 7.56671E-1 7.73364E-1 7.92641E-1 8.08752E-1 8.08471E-1
7.18558E-1 6.72313E-1 6.17461E-1 3.26779E-1 2.93731E-1 2.57742E-1 3.54369E-1 2.7635E-1 1.52827E-1 1.34742E-1 1.44383E-1 1.39349E-1 1.37062E-1 1.75928E-1 1.60272E-1 1.75953E-1 1.87822E-1 2.32405E-1 2.7233E-1 2.82269E-1 3.15641E-1 2.9453E-1 3.64947E-1 4.00209E-1 4.34093E-1 4.49699E-1 4.42416E-1 4.15731E-1 4.13501E-1 3.42851E-1 3.39732E-1 3.56954E-1 3.55488E-1 3.66795E-1 4.07427E-1 3.99418E-1 4.0858E-1 4.19249E-1 4.82955E-1 3.47086E-1 4.73591E-1 4.65466E-1 4.37478E-1 3.80655E-1 4.15057E-1 4.17285E-1 5.12728E-1 5.6705E-1 6.01833E-1 6.05454E-1 6.00414E-1 6.05551E-1 6.22663E-1 6.50943E-1 6.82427E-1 7.21592E-1 7.49635E-1 7.66259E-1 7.82929E-1 7.99852E-1 7.96623E-1
7.30978E-1 6.56837E-1 5.9245E-1 3.85503E-1 3.5354E-1 4.44246E-1 4.52634E-1 4.43483E-1 2.21223E-1 1.57578E-1 1.40525E-1 1.33392E-1 1.32847E-1 1.45679E-1 1.54245E-1 1.71396E-1 1.82063E-1 2.32423E-1 2.52964E-1 2.92915E-1 3.28266E-1 3.26028E-1 3.67237E-1 4.22757E-1 4.40731E-1 4.41981E-1 4.4237E-1 4.32585E-1 4.1179E-1 3.84661E-1 3.92271E-1 3.93413E-1 4.05682E-1 4.24875E-1 4.36E-1 4.25103E-1 4.32472E-1 4.4571E-1 4.96127E-1 4.00397E-1 3.95382E-1 4.24206E-1 4.21127E-1 4.18079E-1 4.26763E-1 4.76268E-1 5.40163E-1 6.14742E-1 6.35963E-1 6.61814E-1 6.65104E-1 6.45169E-1 6.21584E-1 6.37579E-1 6.77442E-1 7.13305E-1 7.47252E-1 7.67416E-1 7.80439E-1 7.87272E-1 7.81619E-1
7.12439E-1 6.43284E-1 5.93787E-1 4.99266E-1 4.50584E-1 5.9457E-1 4.64055E-1 4.60024E-1 2.86551E-1 2.42623E-1 1.81953E-1 1.40623E-1 1.38452E-1 1.33169E-1 1.56228E-1 1.91677E-1 1.91736E-1 2.74954E-1 2.76103E-1 3.02908E-1 3.26946E-1 3.57602E-1 3.86767E-1 3.9929E-1 4.12063E-1 4.27932E-1 4.46811E-1 4.36941E-1 4.23137E-1 4.01929E-1 3.98598E-1 3.88736E-1 3.6175E-1 4.16419E-1 4.39957E-1 4.09739E-1 4.31073E-1 4.8853E-1 5.20982E-1 4.98187E-1 4.73806E-1 4.12179E-1 4.44083E-1 4.16063E-1 4.1692E-1 4.58183E-1 4.27299E-1 5.62271E-1 6.52763E-1 6.9727E-1 7.1673E-1 7.04767E-1 6.73312E-1 6.47978E-1 6.90141E-1 7.2346E-1 7.49778E-1 7.66977E-1 7.8021E-1 7.79613E-1 7.8658E-1
7.0577E-1 6.49487E-1 6.47898E-1 5.87402E-1 5.84483E-1 5.75431E-1 3.37353E-1 3.77961E-1 3.38273E-1 3.1851E-1 2.25058E-1 1.60161E-1 1.5944E-1 1.57813E-1 1.73101E-1 2.06223E-1 1.67785E-1 2.33967E-1 2.73738E-1 2.692E-1 3.32928E-1 3.39866E-1 3.45164E-1 3.81387E-1 4.04548E-1 4.10845E-1 4.29186E-1 4.37174E-1 4.17735E-1 4.22103E-1 3.88808E-1 3.89025E-1 3.668E-1 3.94392E-1 4.1374E-1 4.48155E-1 4.33605E-1 4.96406E-1 5.18015E-1 5.12011E-1 5.11794E-1 3.9163E-1 4.15801E-1 4.49857E-1 4.13861E-1 4.39044E-1 4.93234E-1 5.47087E-1 5.64201E-1 6.57114E-1 7.1995E-1 7.27953E-1 7.22613E-1 7.15283E-1 7.32508E-1 7.45357E-1 7.6516E-1 7.74598E-1 7.79231E-1 7.8869E-1 7.90884E-1
7.28721E-1 7.08306E-1 7.11462E-1 6.34647E-1 6.99381E-1 5.5536E-1 4.95384E-1 5.72685E-1 3.55319E-1 2.49672E-1 2.50434E-1 2.59184E-1 1.86857E-1 1.84097E-1 2.05621E-1 2.13313E-1 2.32494E-1 2.75623E-1 2.92168E-1 2.87818E-1 3.1564E-1 3.23937E-1 3.76919E-1 4.14019E-1 4.3112E-1 4.51196E-1 4.37285E-1 4.45659E-1 4.36396E-1 4.27093E-1 3.62416E-1 3.8037E-1 4.15438E-1 4.31092E-1 3.92819E-1 4.68378E-1 4.54606E-1 4.76237E-1 4.95541E-1 4.90789E-1 5.04817E-1 3.64351E-1 3.57925E-1 4.50575E-1 4.23097E-1 4.42437E-1 5.05441E-1 5.95447E-1 6.1144E-1 6.83057E-1 7.20933E-1 7.36065E-1 7.43845E-1 7.45349E-1 7.51902E-1 7.62052E-1 7.72416E-1 7.80621E-1 7.88718E-1 8.00744E-1 8.12141E-1
7.88001E-1 7.56514E-1 7.51549E-1 7.43214E-1 7.57534E-1 6.54475E-1 5.79586E-1 5.97239E-1 4.64949E-1 3.61928E-1 2.69278E-1 3.30016E-1 2.56795E-1 2.25006E-1 1.96386E-1 1.85631E-1 2.176E-1 2.89451E-1 2.5421E-1 3.27212E-1 3.60278E-1 3.68401E-1 3.75649E-1 3.78238E-1 3.97266E-1 4.28253E-1 4.30184E-1 4.31582E-1 4.44778E-1 3.89858E-1 3.88699E-1 3.62328E-1 4.17001E-1 3.95778E-1 4.66617E-1 4.55772E-1 4.69459E-1 5.09674E-1 5.18752E-1 5.14464E-1 5.10357E-1 4.12243E-1 3.27399E-1 4.62835E-1 4.99463E-1 4.79026E-1 4.38426E-1 5.76218E-1 6.59377E-1 6.79392E-1 7.27312E-1 7.41648E-1 7.47314E-1 7.5174E-1 7.45087E-1 7.65918E-1 7.77564E-1 7.96894E-1 7.94035E-1 8.02789E-1 8.21493E-1
8.12239E-1 8.0591E-1 8.03363E-1 8.03912E-1 8.00703E-1 6.23618E-1 4.56261E-1 5.8781E-1 4.37073E-1 3.16524E-1 4.59312E-1 3.50464E-1 2.41371E-1 2.10703E-1 2.20516E-1 2.08788E-1 2.10356E-1 2.5093E-1 2.0551E-1 3.28828E-1 3.49506E-1 3.27134E-1 3.57694E-1 3.22433E-1 3.41693E-1 3.77182E-1 4.12718E-1 4.17757E-1 4.2909E-1 4.03133E-1 3.69097E-1 3.91928E-1 3.89814E-1 3.21441E-1 4.57926E-1 4.03454E-1 4.66114E-1 5.1564E-1 5.28438E-1 5.35491E-1 5.28841E-1 4.53337E-1 3.71328E-1 4.76776E-1 5.4466E-1 4.40223E-1 4.40371E-1 5.98171E-1 6.90871E-1 7.09582E-1 7.24164E-1 7.12203E-1 7.14604E-1 7.3904E-1 7.53089E-1 7.59728E-1 7.78901E-1 8.05327E-1 8.1437E-1 8.14104E-1 8.2316E-1
8.13267E-1 8.17192E-1 8.10145E-1 7.64769E-1 7.61306E-1 6.68026E-1 5.67996E-1 6.19644E-1 5.43958E-1 4.41473E-1 5.29883E-1 5.36018E-1 3.28939E-1 2.46874E-1 2.00464E-1 2.01911E-1 2.03045E-1 2.18602E-1 2.09568E-1 3.23428E-1 3.31998E-1 2.79029E-1 3.12705E-1 3.02206E-1 3.27592E-1 3.53719E-1 3.86895E-1 4.06797E-1 4.21164E-1 4.06314E-1 3.69385E-1 4.12044E-1 3.77E-1 4.25137E-1 4.9645E-1 5.1609E-1 5.39388E-1 5.4576E-1 5.05943E-1 5.42699E-1 5.18956E-1 4.64083E-1 3.56593E-1 3.54647E-1 4.81903E-1 5.12266E-1 5.0958E-1 6.31579E-1 6.95588E-1 7.10847E-1 7.31042E-1 6.53113E-1 6.28774E-1 6.86344E-1 7.4715E-1 7.3797E-1 7.67684E-1 8.03812E-1 8.13119E-1 8.20183E-1 8.26178E-1
