maxent_outputs/white_flowers_linear/white_247.asc
ncols         426
nrows         180
xllcorner     -130.0
yllcorner     24.0
cellsize      0.16666666666666666
NODATA_value  -9999
[rows 81 to 107 of 180, columns 183 to 243 of 426]
3.39878E-1 3.37207E-1 3.37506E-1 3.38227E-1 3.39576E-1 3.45431E-1 3.52966E-1 3.53802E-1 3.53828E-1 3.58443E-1 3.65556E-1 3.6834E-1 3.71109E-1 3.68083E-1 3.68398E-1 3.74773E-1 3.74448E-1 3.81657E-1 3.91072E-1 4.04488E-1 4.08322E-1 4.09208E-1 4.09248E-1 4.15607E-1 4.11722E-1 4.14161E-1 4.21467E-1 4.21757E-1 4.18925E-1 4.21466E-1 4.25719E-1 4.30904E-1 4.33823E-1 4.3813E-1 4.47237E-1 4.69467E-1 4.90632E-1 5.15514E-1 5.1233E-1 4.96751E-1 4.89563E-1 4.72935E-1 4.62709E-1 4.57207E-1 4.57778E-1 4.65863E-1 4.77746E-1 4.82326E-1 4.91274E-1 4.89633E-1 4.99103E-1 5.08401E-1 5.07533E-1 5.03904E-1 5.12901E-1 5.25473E-1 5.32897E-1 5.38521E-1 5.2642E-1 5.27924E-1 5.24675E-1
3.39299E-1 3.38846E-1 3.35332E-1 3.35393E-1 3.39956E-1 3.44998E-1 3.52853E-1 3.58901E-1 3.64325E-1 3.65846E-1 3.71869E-1 3.80126E-1 3.80106E-1 3.79408E-1 3.77436E-1 3.8141E-1 3.85683E-1 3.8493E-1 3.93066E-1 4.04048E-1 4.0806E-1 4.08241E-1 4.15067E-1 4.22909E-1 4.23524E-1 4.18334E-1 4.24983E-1 4.24318E-1 4.21881E-1 4.27035E-1 4.34328E-1 4.39701E-1 4.3974E-1 4.43401E-1 4.52535E-1 4.78476E-1 5.24846E-1 5.8112E-1 6.14728E-1 5.57313E-1 5.21216E-1 4.90576E-1 4.73173E-1 4.69962E-1 4.72262E-1 4.81079E-1 4.87282E-1 4.9419E-1 5.00552E-1 5.02341E-1 5.04017E-1 5.09364E-1 5.14293E-1 5.18568E-1 5.22767E-1 5.3076E-1 5.33608E-1 5.30789E-1 5.30026E-1 5.25435E-1 5.26473E-1
3.42277E-1 3.44534E-1 3.35455E-1 3.36316E-1 3.43606E-1 3.49156E-1 3.55571E-1 3.59344E-1 3.67454E-1 3.69853E-1 3.75121E-1 3.85024E-1 3.87431E-1 3.91423E-1 3.91942E-1 3.86547E-1 3.87065E-1 3.89526E-1 3.90159E-1 3.981E-1 4.09034E-1 4.15249E-1 4.20316E-1 4.19984E-1 4.30017E-1 4.32747E-1 4.28373E-1 4.28144E-1 4.33105E-1 4.32419E-1 4.38089E-1 4.41186E-1 4.43932E-1 4.46978E-1 4.62133E-1 4.86903E-1 5.29772E-1 5.87327E-1 6.19557E-1 5.68961E-1 5.30191E-1 5.02555E-1 4.83904E-1 4.82161E-1 4.85934E-1 4.90303E-1 5.01908E-1 5.07917E-1 5.10754E-1 5.09517E-1 5.0337E-1 5.10336E-1 5.14562E-1 5.20664E-1 5.27945E-1 5.31465E-1 5.2821E-1 5.33175E-1 5.32619E-1 5.34027E-1 5.36597E-1
3.41067E-1 3.39293E-1 3.3769E-1 3.34983E-1 3.40705E-1 3.52714E-1 3.57192E-1 3.62364E-1 3.70352E-1 3.71759E-1 3.76524E-1 3.84903E-1 3.8601E-1 3.89009E-1 3.90879E-1 3.9273E-1 3.9108E-1 3.89102E-1 3.91574E-1 3.95827E-1 4.0714E-1 4.17374E-1 4.1996E-1 4.26196E-1 4.26693E-1 4.33152E-1 4.4204E-1 4.41906E-1 4.43057E-1 4.42033E-1 4.38449E-1 4.42151E-1 4.46554E-1 4.50869E-1 4.61584E-1 4.80734E-1 5.05614E-1 5.32049E-1 5.39815E-1 5.3591E-1 5.19644E-1 5.02183E-1 4.9332E-1 4.90464E-1 4.9604E-1 5.02409E-1 5.14291E-1 5.20426E-1 5.19906E-1 5.07436E-1 5.07979E-1 5.1679E-1 5.16743E-1 5.26256E-1 5.20714E-1 5.19086E-1 5.24284E-1 5.31023E-1 5.42349E-1 5.48744E-1 5.46777E-1
3.43792E-1 3.38442E-1 3.37645E-1 3.38966E-1 3.41493E-1 3.507E-1 3.57831E-1 3.63461E-1 3.68106E-1 3.72889E-1 3.79944E-1 3.84866E-1 3.85381E-1 3.8552E-1 3.85732E-1 3.87251E-1 3.8724E-1 3.90624E-1 3.97024E-1 4.02083E-1 4.09789E-1 4.15846E-1 4.21413E-1 4.27556E-1 4.30978E-1 4.33583E-1 4.38197E-1 4.48827E-1 4.51546E-1 4.50781E-1 4.44961E-1 4.51229E-1 4.48644E-1 4.54239E-1 4.61345E-1 4.67854E-1 4.83156E-1 4.95169E-1 4.97092E-1 5.10225E-1 5.08794E-1 5.00721E-1 4.97128E-1 5.0119E-1 5.0355E-1 5.13839E-1 5.25231E-1 5.31468E-1 5.31197E-1 5.21452E-1 5.1758E-1 5.22906E-1 5.23845E-1 5.25774E-1 5.2149E-1 5.16589E-1 5.25226E-1 5.36459E-1 5.50208E-1 5.60966E-1 5.64499E-1
3.46247E-1 3.4626E-1 3.46608E-1 3.46999E-1 3.50162E-1 3.55188E-1 3.61603E-1 3.68514E-1 3.72762E-1 3.82253E-1 3.8539E-1 3.86357E-1 3.85869E-1 3.81136E-1 3.85205E-1 3.84508E-1 3.84629E-1 3.94839E-1 3.97786E-1 4.01734E-1 4.0789E-1 4.19464E-1 4.27908E-1 4.34211E-1 4.36242E-1 4.40747E-1 4.4811E-1 4.52975E-1 4.56699E-1 4.63897E-1 4.61778E-1 4.62906E-1 4.6353E-1 4.65612E-1 4.68027E-1 4.73251E-1 4.82343E-1 4.92057E-1 5.00773E-1 5.0391E-1 5.09374E-1 5.14776E-1 5.165E-1 5.11877E-1 5.12538E-1 5.2609E-1 5.33304E-1 5.39644E-1 5.3643E-1 5.39274E-1 5.35252E-1 5.31945E-1 5.31104E-1 5.33094E-1 5.31024E-1 5.30584E-1 5.40085E-1 5.48556E-1 5.58918E-1 5.70781E-1 5.78865E-1
3.46357E-1 3.5321E-1 3.54698E-1 3.58936E-1 3.56709E-1 3.62528E-1 3.74167E-1 3.77735E-1 3.84344E-1 3.87313E-1 3.87607E-1 3.89654E-1 3.87764E-1 3.89021E-1 3.87849E-1 3.85382E-1 3.91743E-1 4.01721E-1 4.02627E-1 4.03843E-1 4.13894E-1 4.20219E-1 4.295E-1 4.35939E-1 4.42283E-1 4.45798E-1 4.541E-1 4.60936E-1 4.62946E-1 4.74091E-1 4.76177E-1 4.76397E-1 4.81618E-1 4.82778E-1 4.84501E-1 4.8989E-1 4.92665E-1 4.99631E-1 5.06429E-1 5.10118E-1 5.18403E-1 5.22914E-1 5.20796E-1 5.21047E-1 5.17791E-1 5.26835E-1 5.35019E-1 5.37088E-1 5.42782E-1 5.47937E-1 5.4938E-1 5.46401E-1 5.46062E-1 5.44879E-1 5.39752E-1 5.44734E-1 5.53492E-1 5.62751E-1 5.71849E-1 5.79033E-1 5.84472E-1
3.47955E-1 3.55231E-1 3.62455E-1 3.63737E-1 3.64661E-1 3.68706E-1 3.74442E-1 3.78839E-1 3.8448E-1 3.88898E-1 3.94386E-1 3.91669E-1 3.9314E-1 3.92851E-1 3.89913E-1 3.94803E-1 3.99478E-1 4.12666E-1 4.11193E-1 4.12379E-1 4.17604E-1 4.27101E-1 4.32874E-1 4.44158E-1 4.5451E-1 4.52011E-1 4.58719E-1 4.65177E-1 4.75022E-1 4.7975E-1 4.83058E-1 4.88092E-1 4.93071E-1 5.02398E-1 5.02906E-1 4.98398E-1 5.04296E-1 5.04376E-1 5.07359E-1 5.15094E-1 5.18155E-1 5.22021E-1 5.25565E-1 5.21937E-1 5.2079E-1 5.2646E-1 5.32354E-1 5.36608E-1 5.43316E-1 5.48323E-1 5.52716E-1 5.52023E-1 5.56942E-1 5.56071E-1 5.54725E-1 5.57777E-1 5.6879E-1 5.78898E-1 5.85226E-1 5.90031E-1 5.93262E-1
3.53402E-1 3.59576E-1 3.66711E-1 3.66549E-1 3.70649E-1 3.75452E-1 3.77036E-1 3.83691E-1 3.88218E-1 3.92514E-1 3.99125E-1 4.02881E-1 3.99677E-1 3.96754E-1 3.93984E-1 4.03585E-1 4.10183E-1 4.14976E-1 4.16961E-1 4.20004E-1 4.26806E-1 4.38389E-1 4.4419E-1 4.51382E-1 4.62628E-1 4.64653E-1 4.72327E-1 4.75111E-1 4.83398E-1 4.88239E-1 4.86367E-1 4.88769E-1 4.96713E-1 5.02671E-1 5.06478E-1 5.09453E-1 5.1171E-1 5.14912E-1 5.11517E-1 5.18906E-1 5.17259E-1 5.19984E-1 5.25606E-1 5.32279E-1 5.2814E-1 5.33353E-1 5.35351E-1 5.40456E-1 5.50513E-1 5.51104E-1 5.55771E-1 5.62843E-1 5.71615E-1 5.7344E-1 5.70893E-1 5.72131E-1 5.80719E-1 5.89055E-1 5.94626E-1 5.97398E-1 5.97401E-1
3.54557E-1 3.60391E-1 3.68606E-1 3.74744E-1 3.80686E-1 3.85612E-1 3.81844E-1 3.84483E-1 3.86965E-1 3.89757E-1 3.99878E-1 4.0979E-1 4.08203E-1 4.04924E-1 4.11187E-1 4.05126E-1 4.07551E-1 4.08186E-1 4.15329E-1 4.25992E-1 4.32395E-1 4.39748E-1 4.43988E-1 4.49841E-1 4.64965E-1 4.71048E-1 4.76081E-1 4.83341E-1 4.85015E-1 4.91269E-1 4.88686E-1 4.8871E-1 4.9814E-1 5.00915E-1 5.07935E-1 5.11611E-1 5.14322E-1 5.123E-1 5.15915E-1 5.1507E-1 5.13807E-1 5.1968E-1 5.2933E-1 5.34872E-1 5.3841E-1 5.3916E-1 5.43816E-1 5.52743E-1 5.5432E-1 5.58775E-1 5.62506E-1 5.70153E-1 5.79365E-1 5.91609E-1 5.94538E-1 5.98344E-1 5.99171E-1 6.00752E-1 5.97448E-1 5.96119E-1 5.96157E-1
3.56012E-1 3.61922E-1 3.70165E-1 3.78423E-1 3.79223E-1 3.80346E-1 3.82897E-1 3.82548E-1 3.83826E-1 3.86607E-1 4.00925E-1 4.14258E-1 4.10917E-1 4.11839E-1 4.153E-1 4.11272E-1 4.01486E-1 4.05503E-1 4.15731E-1 4.23476E-1 4.33625E-1 4.356E-1 4.38883E-1 4.47609E-1 4.61628E-1 4.74E-1 4.78018E-1 4.80145E-1 4.83274E-1 4.88961E-1 4.89223E-1 4.91496E-1 4.97156E-1 5.06349E-1 5.08328E-1 5.18037E-1 5.1459E-1 5.12914E-1 5.1689E-1 5.12764E-1 5.1034E-1 5.11709E-1 5.24137E-1 5.41513E-1 5.44624E-1 5.46992E-1 5.50431E-1 5.59006E-1 5.66567E-1 5.70189E-1 5.77484E-1 5.82709E-1 5.90423E-1 5.98984E-1 6.11803E-1 6.19395E-1 6.16794E-1 6.12065E-1 6.07771E-1 6.0125E-1 5.94883E-1
3.57164E-1 3.59566E-1 3.69466E-1 3.73391E-1 3.76715E-1 3.75278E-1 3.76838E-1 3.81203E-1 3.8353E-1 3.83098E-1 3.98667E-1 4.10359E-1 4.17606E-1 4.17842E-1 4.09623E-1 4.08583E-1 4.04805E-1 4.09031E-1 4.1918E-1 4.22108E-1 4.3091E-1 4.37036E-1 4.37445E-1 4.47121E-1 4.64536E-1 4.75474E-1 4.8006E-1 4.8246E-1 4.87898E-1 4.93677E-1 4.96067E-1 4.96756E-1 5.02855E-1 5.07674E-1 5.14627E-1 5.17251E-1 5.17299E-1 5.17387E-1 5.22329E-1 5.25968E-1 5.18517E-1 5.10475E-1 5.25544E-1 5.40023E-1 5.49596E-1 5.51368E-1 5.54295E-1 5.6123E-1 5.72594E-1 5.78543E-1 5.87324E-1 5.96527E-1 6.09273E-1 6.16183E-1 6.26182E-1 6.26554E-1 6.23806E-1 6.24682E-1 6.15327E-1 6.09822E-1 6.06027E-1
3.59292E-1 3.65797E-1 3.71548E-1 3.77829E-1 3.81675E-1 3.78807E-1 3.81567E-1 3.87666E-1 3.89601E-1 3.90082E-1 3.98862E-1 4.10439E-1 4.2316E-1 4.2925E-1 4.10018E-1 4.07103E-1 4.18992E-1 4.21725E-1 4.21505E-1 4.23467E-1 4.28834E-1 4.37663E-1 4.39175E-1 4.48369E-1 4.62306E-1 4.75755E-1 4.82592E-1 4.85934E-1 4.90536E-1 5.00457E-1 5.07083E-1 5.08431E-1 5.1064E-1 5.18715E-1 5.23771E-1 5.2523E-1 5.24163E-1 5.26237E-1 5.30733E-1 5.3611E-1 5.36527E-1 5.31978E-1 5.38534E-1 5.48303E-1 5.52498E-1 5.53211E-1 5.60979E-1 5.68861E-1 5.77653E-1 5.89907E-1 5.98403E-1 6.09072E-1 6.23226E-1 6.27853E-1 6.31966E-1 6.30871E-1 6.26251E-1 6.30976E-1 6.30237E-1 6.24662E-1 6.17023E-1
3.60995E-1 3.7059E-1 3.83071E-1 3.82481E-1 3.83916E-1 3.8351E-1 3.881E-1 3.91974E-1 3.96024E-1 3.98153E-1 4.05064E-1 4.127E-1 4.20735E-1 4.28512E-1 4.16339E-1 4.14073E-1 4.23934E-1 4.25787E-1 4.24815E-1 4.25937E-1 4.35253E-1 4.40197E-1 4.44335E-1 4.53933E-1 4.68052E-1 4.78799E-1 4.89472E-1 4.94241E-1 5.06957E-1 5.15958E-1 5.1487E-1 5.16323E-1 5.2231E-1 5.23276E-1 5.30148E-1 5.42074E-1 5.51401E-1 5.35644E-1 5.40275E-1 5.47688E-1 5.58927E-1 5.52876E-1 5.53869E-1 5.55965E-1 5.58094E-1 5.64496E-1 5.71314E-1 5.75728E-1 5.86711E-1 5.94217E-1 6.1038E-1 6.22181E-1 6.27379E-1 6.30868E-1 6.31711E-1 6.3189E-1 6.28476E-1 6.35525E-1 6.4089E-1 6.38047E-1 6.37008E-1
3.68073E-1 3.76173E-1 3.84668E-1 3.8814E-1 3.8905E-1 3.91306E-1 3.91917E-1 3.94115E-1 3.98008E-1 4.02038E-1 4.0451E-1 4.08179E-1 4.12488E-1 4.20687E-1 4.19571E-1 4.19639E-1 4.20653E-1 4.26152E-1 4.26939E-1 4.38099E-1 4.44469E-1 4.45516E-1 4.52462E-1 4.60898E-1 4.75032E-1 4.92239E-1 4.99238E-1 5.06412E-1 5.11853E-1 5.21966E-1 5.23098E-1 5.27495E-1 5.27887E-1 5.29437E-1 5.34559E-1 5.40598E-1 5.40245E-1 5.3683E-1 5.39475E-1 5.48886E-1 5.63416E-1 5.64404E-1 5.62474E-1 5.69839E-1 5.74926E-1 5.80638E-1 5.89905E-1 5.9033E-1 5.92621E-1 5.99796E-1 6.20085E-1 6.27291E-1 6.32176E-1 6.39734E-1 6.41448E-1 6.41107E-1 6.35592E-1 6.37147E-1 6.47776E-1 6.52689E-1 6.63148E-1
3.70073E-1 3.74319E-1 3.83086E-1 3.87874E-1 3.91641E-1 3.93234E-1 3.96986E-1 3.97306E-1 4.00609E-1 4.02546E-1 4.10944E-1 4.11674E-1 4.16701E-1 4.24785E-1 4.27926E-1 4.28239E-1 4.3254E-1 4.31639E-1 4.36291E-1 4.39781E-1 4.46736E-1 4.56823E-1 4.69054E-1 4.76142E-1 4.87351E-1 4.9641E-1 5.02392E-1 5.13274E-1 5.17486E-1 5.27978E-1 5.32429E-1 5.3316E-1 5.34227E-1 5.3272E-1 5.36821E-1 5.34866E-1 5.39302E-1 5.41297E-1 5.45484E-1 5.51026E-1 5.58266E-1 5.67566E-1 5.76994E-1 5.86963E-1 5.92803E-1 6.03188E-1 6.05723E-1 6.02538E-1 6.04221E-1 6.09751E-1 6.20213E-1 6.33007E-1 6.36487E-1 6.37893E-1 6.37256E-1 6.45871E-1 6.42687E-1 6.50579E-1 6.57079E-1 6.68556E-1 6.80858E-1
3.708E-1 3.73859E-1 3.79267E-1 3.87219E-1 3.92114E-1 3.97906E-1 4.00067E-1 4.04853E-1 4.05583E-1 4.13236E-1 4.16713E-1 4.24681E-1 4.38497E-1 4.42069E-1 4.38515E-1 4.43428E-1 4.43477E-1 4.41353E-1 4.47265E-1 4.51934E-1 4.5433E-1 4.64332E-1 4.8493E-1 4.84151E-1 4.9394E-1 5.11363E-1 5.15176E-1 5.19186E-1 5.2936E-1 5.36646E-1 5.43234E-1 5.43275E-1 5.44844E-1 5.38073E-1 5.44203E-1 5.41324E-1 5.46751E-1 5.4704E-1 5.53353E-1 5.6352E-1 5.6884E-1 5.72988E-1 5.8911E-1 5.99651E-1 6.04649E-1 6.08961E-1 6.07262E-1 6.07993E-1 6.11085E-1 6.18198E-1 6.29831E-1 6.35294E-1 6.38086E-1 6.45447E-1 6.43867E-1 6.52492E-1 6.55885E-1 6.5681E-1 6.71924E-1 6.92225E-1 7.09751E-1
3.71484E-1 3.784E-1 3.84487E-1 3.88197E-1 3.96565E-1 4.0236E-1 4.03423E-1 4.06604E-1 4.12668E-1 4.14698E-1 4.25747E-1 4.34988E-1 4.4857E-1 4.50805E-1 4.48444E-1 4.49127E-1 4.53508E-1 4.5507E-1 4.62213E-1 4.66347E-1 4.70397E-1 4.80125E-1 4.96601E-1 4.99864E-1 5.03015E-1 5.22228E-1 5.20756E-1 5.22472E-1 5.33317E-1 5.44625E-1 5.53109E-1 5.58319E-1 5.6044E-1 5.57353E-1 5.688E-1 5.58792E-1 5.55781E-1 5.63062E-1 5.65777E-1 5.74014E-1 5.77681E-1 5.82671E-1 5.94035E-1 6.04041E-1 6.08613E-1 6.05459E-1 6.05167E-1 6.07934E-1 6.16129E-1 6.2489E-1 6.34824E-1 6.43987E-1 6.49956E-1 6.54289E-1 6.58708E-1 6.65648E-1 6.70957E-1 6.80442E-1 6.85532E-1 7.08698E-1 7.28629E-1
3.83674E-1 3.88289E-1 3.93472E-1 3.97517E-1 4.0144E-1 4.06775E-1 4.11676E-1 4.15378E-1 4.20007E-1 4.22238E-1 4.30679E-1 4.3853E-1 4.51805E-1 4.5233E-1 4.57052E-1 4.59E-1 4.63717E-1 4.64508E-1 4.67992E-1 4.75667E-1 4.81295E-1 4.90183E-1 5.02442E-1 5.17603E-1 5.25222E-1 5.21694E-1 5.22236E-1 5.3019E-1 5.40816E-1 5.49987E-1 5.56845E-1 5.70995E-1 5.70017E-1 5.72263E-1 5.71252E-1 5.70543E-1 5.75409E-1 5.83249E-1 5.82642E-1 5.92957E-1 5.93131E-1 5.91989E-1 6.0102E-1 6.0603E-1 6.03904E-1 6.05086E-1 6.06946E-1 6.13524E-1 6.25877E-1 6.37152E-1 6.43857E-1 6.52501E-1 6.60724E-1 6.72314E-1 6.83073E-1 6.84214E-1 6.96924E-1 7.09013E-1 7.13024E-1 7.23669E-1 7.40618E-1
3.95124E-1 4.01044E-1 3.96319E-1 4.01292E-1 4.10736E-1 4.1798E-1 4.22716E-1 4.26402E-1 4.30078E-1 4.36333E-1 4.41744E-1 4.51182E-1 4.53385E-1 4.58369E-1 4.6189E-1 4.69587E-1 4.68252E-1 4.73454E-1 4.75729E-1 4.82719E-1 4.93243E-1 5.04507E-1 5.16302E-1 5.22852E-1 5.28808E-1 5.24921E-1 5.28041E-1 5.36192E-1 5.50877E-1 5.56592E-1 5.64483E-1 5.71037E-1 5.68649E-1 5.68594E-1 5.75042E-1 5.79806E-1 5.94085E-1 5.93843E-1 5.94644E-1 5.98934E-1 5.97053E-1 5.95838E-1 6.05691E-1 6.12391E-1 6.13136E-1 6.08361E-1 6.06846E-1 6.1639E-1 6.33916E-1 6.50308E-1 6.54389E-1 6.60558E-1 6.74222E-1 6.88876E-1 6.94725E-1 7.06682E-1 7.17447E-1 7.30389E-1 7.29424E-1 7.37947E-1 7.5158E-1
3.97228E-1 4.02327E-1 3.99466E-1 4.00622E-1 4.08417E-1 4.19808E-1 4.33285E-1 4.34993E-1 4.41633E-1 4.46457E-1 4.55381E-1 4.62715E-1 4.63538E-1 4.63778E-1 4.6727E-1 4.7426E-1 4.7141E-1 4.79644E-1 4.8924E-1 5.03066E-1 5.13067E-1 5.20651E-1 5.28123E-1 5.3694E-1 5.33473E-1 5.34442E-1 5.41707E-1 5.49567E-1 5.62711E-1 5.71117E-1 5.75246E-1 5.76681E-1 5.69109E-1 5.66311E-1 5.69902E-1 5.80222E-1 5.95221E-1 5.94721E-1 5.94287E-1 5.96351E-1 5.96274E-1 5.96096E-1 6.09532E-1 6.22169E-1 6.2455E-1 6.23571E-1 6.19498E-1 6.27199E-1 6.45715E-1 6.62085E-1 6.71329E-1 6.78157E-1 6.90066E-1 7.02924E-1 7.15909E-1 7.25916E-1 7.36547E-1 7.34367E-1 7.38769E-1 7.3599E-1 7.4364E-1
3.99154E-1 4.02195E-1 4.0728E-1 4.11965E-1 4.17782E-1 4.27272E-1 4.42509E-1 4.45666E-1 4.45474E-1 4.48317E-1 4.55389E-1 4.65252E-1 4.67679E-1 4.69565E-1 4.69851E-1 4.79205E-1 4.8111E-1 4.80723E-1 5.0045E-1 5.18632E-1 5.32418E-1 5.39905E-1 5.42374E-1 5.50963E-1 5.50678E-1 5.50147E-1 5.59789E-1 5.67933E-1 5.77961E-1 5.87084E-1 5.93901E-1 5.86783E-1 5.74066E-1 5.66041E-1 5.76482E-1 5.88662E-1 6.00873E-1 6.017E-1 6.03812E-1 6.02859E-1 5.98972E-1 6.01833E-1 6.1688E-1 6.2531E-1 6.35968E-1 6.40152E-1 6.44351E-1 6.45228E-1 6.63354E-1 6.79585E-1 6.93345E-1 7.04083E-1 7.06221E-1 7.18012E-1 7.20441E-1 7.32324E-1 7.21045E-1 7.2911E-1 7.32277E-1 7.26345E-1 7.38066E-1
4.03629E-1 4.07582E-1 4.08702E-1 4.14732E-1 4.22396E-1 4.35275E-1 4.45564E-1 4.52321E-1 4.52423E-1 4.54081E-1 4.62579E-1 4.66154E-1 4.74606E-1 4.77546E-1 4.8074E-1 5.00802E-1 5.00767E-1 5.00063E-1 5.15013E-1 5.33145E-1 5.4653E-1 5.52734E-1 5.53751E-1 5.66479E-1 5.68882E-1 5.73703E-1 5.79917E-1 5.8125E-1 5.99005E-1 6.01838E-1 6.0326E-1 6.00898E-1 5.92432E-1 5.89427E-1 5.99127E-1 6.13196E-1 6.13811E-1 6.12877E-1 6.12446E-1 6.12539E-1 6.11064E-1 6.13661E-1 6.25433E-1 6.32447E-1 6.46567E-1 6.55525E-1 6.65038E-1 6.71405E-1 6.80026E-1 6.98266E-1 7.1418E-1 7.27813E-1 7.35057E-1 7.37585E-1 7.31599E-1 7.20004E-1 7.23638E-1 7.2892E-1 7.41983E-1 7.4062E-1 7.56662E-1
4.10572E-1 4.14737E-1 4.18012E-1 4.20914E-1 4.26445E-1 4.35037E-1 4.40583E-1 4.48505E-1 4.54565E-1 4.64825E-1 4.68815E-1 4.72383E-1 4.77218E-1 4.84373E-1 4.94155E-1 5.04606E-1 5.11023E-1 5.14694E-1 5.29061E-1 5.4469E-1 5.5408E-1 5.59455E-1 5.62168E-1 5.90116E-1 5.84697E-1 5.89696E-1 6.00814E-1 6.13735E-1 6.12138E-1 6.11788E-1 6.17394E-1 6.19041E-1 6.19059E-1 6.2063E-1 6.30208E-1 6.39513E-1 6.47182E-1 6.32097E-1 6.28578E-1 6.35335E-1 6.32403E-1 6.39581E-1 6.40599E-1 6.50443E-1 6.59401E-1 6.71308E-1 6.8195E-1 6.85293E-1 6.97843E-1 7.10664E-1 7.3147E-1 7.46453E-1 7.56029E-1 7.61947E-1 7.49557E-1 7.29726E-1 7.19368E-1 7.35989E-1 7.51912E-1 7.65259E-1 7.75826E-1
4.12066E-1 4.10046E-1 4.209E-1 4.25123E-1 4.31294E-1 4.36527E-1 4.43164E-1 4.50248E-1 4.59246E-1 4.75526E-1 4.76698E-1 4.83539E-1 4.83835E-1 4.90144E-1 5.01989E-1 5.12004E-1 5.21336E-1 5.28988E-1 5.34265E-1 5.47301E-1 5.60746E-1 5.58258E-1 5.76213E-1 5.91896E-1 5.95587E-1 5.97968E-1 6.14096E-1 6.21221E-1 6.20133E-1 6.15521E-1 6.26811E-1 6.2802E-1 6.34094E-1 6.61429E-1 6.56326E-1 6.38073E-1 6.29612E-1 6.40855E-1 6.40524E-1 6.45336E-1 6.63494E-1 6.7828E-1 6.65954E-1 6.85581E-1 6.72948E-1 6.836E-1 6.95159E-1 7.0582E-1 7.20687E-1 7.37327E-1 7.51552E-1 7.63534E-1 7.78223E-1 7.86766E-1 7.71229E-1 7.49753E-1 7.36066E-1 7.50024E-1 7.59753E-1 7.71724E-1 7.85594E-1
4.09234E-1 4.12548E-1 4.16053E-1 4.27573E-1 4.34288E-1 4.3836E-1 4.44467E-1 4.58916E-1 4.67185E-1 4.70656E-1 4.77396E-1 4.85888E-1 4.94648E-1 4.98161E-1 5.07949E-1 5.17604E-1 5.27976E-1 5.38922E-1 5.51789E-1 5.54566E-1 5.55545E-1 5.65057E-1 5.78757E-1 5.91111E-1 5.99993E-1 6.18069E-1 6.26968E-1 6.2789E-1 6.28952E-1 6.28696E-1 6.27795E-1 6.30486E-1 6.49656E-1 6.60559E-1 6.58463E-1 6.55223E-1 6.54189E-1 6.58536E-1 6.55145E-1 6.48799E-1 6.57151E-1 6.65567E-1 6.76495E-1 6.94069E-1 6.90788E-1 6.92949E-1 7.07075E-1 7.23863E-1 7.39381E-1 7.53997E-1 7.69834E-1 7.69803E-1 7.86899E-1 7.8435E-1 7.70194E-1 7.57926E-1 7.54206E-1 7.5982E-1 7.63187E-1 7.766E-1 7.83604E-1
4.09471E-1 4.11238E-1 4.17727E-1 4.24852E-1 4.35007E-1 4.42913E-1 4.52844E-1 4.5793E-1 4.6707E-1 4.74852E-1 4.8122E-1 4.91671E-1 4.97811E-1 5.09374E-1 5.12445E-1 5.20479E-1 5.24788E-1 5.39061E-1 5.48236E-1 5.52612E-1 5.56213E-1 5.70964E-1 5.83116E-1 5.98099E-1 6.07877E-1 6.35121E-1 6.39997E-1 6.41004E-1 6.40382E-1 6.38578E-1 6.43043E-1 6.45748E-1 6.55692E-1 6.63146E-1 6.6331E-1 6.67584E-1 6.65945E-1 6.69392E-1 6.6288E-1 6.58659E-1 6.57543E-1 6.69474E-1 6.93049E-1 6.95086E-1 7.02581E-1 7.07088E-1 7.13846E-1 7.25365E-1 7.4645E-1 7.64941E-1 7.78682E-1 7.7056E-1 7.77025E-1 7.82239E-1 7.71968E-1 7.67619E-1 7.66837E-1 7.64902E-1 7.6852E-1 7.83342E-1 7.86823E-1
