maxent_outputs/white_flowers_linear/white_96.asc
ncols         426
nrows         180
xllcorner     -130.0
yllcorner     24.0
cellsize      0.16666666666666666
NODATA_value  -9999
[rows 0 to 26 of 180, columns 122 to 182 of 426]
2.27889E-1 2.26044E-1 2.29179E-1 2.17304E-1 2.14127E-1 2.18945E-1 2.21525E-1 2.24552E-1 2.21954E-1 2.19834E-1 2.14631E-1 2.13501E-1 2.15959E-1 2.16484E-1 2.18196E-1 2.16986E-1 2.19525E-1 2.16454E-1 2.131E-1 2.12636E-1 2.19618E-1 2.17452E-1 2.14845E-1 2.15795E-1 2.0757E-1 2.0864E-1 2.05685E-1 2.02023E-1 2.02016E-1 2.04669E-1 2.07495E-1 2.10546E-1 2.13488E-1 2.14624E-1 2.1601E-1 2.16974E-1 2.18874E-1 2.23783E-1 2.27356E-1 2.29485E-1 2.32047E-1 2.33352E-1 2.33282E-1 2.33512E-1 2.34337E-1 2.3177E-1 2.29483E-1 2.30988E-1 2.32423E-1 2.30917E-1 2.25555E-1 2.2993E-1 2.29305E-1 2.27545E-1 2.3201E-1 2.40201E-1 2.47213E-1 2.38985E-1 2.408E-1 2.44349E-1 2.30629E-1
2.15695E-1 2.12652E-1 2.09883E-1 2.08177E-1 2.0789E-1 2.07533E-1 2.08223E-1 2.0799E-1 2.16929E-1 2.23097E-1 2.17776E-1 2.13598E-1 2.09307E-1 2.15298E-1 2.22779E-1 2.17667E-1 2.1624E-1 2.16561E-1 2.15953E-1 2.11839E-1 2.18513E-1 2.1884E-1 2.17859E-1 2.1525E-1 2.11649E-1 2.13711E-1 2.14563E-1 2.07675E-1 2.10065E-1 2.10933E-1 2.12592E-1 2.18658E-1 2.20766E-1 2.26567E-1 2.2328E-1 2.2021E-1 2.23102E-1 2.27131E-1 2.28181E-1 2.32259E-1 2.35041E-1 2.34013E-1 2.34068E-1 2.3202E-1 2.32745E-1 2.36591E-1 2.35137E-1 2.32662E-1 2.27288E-1 2.18579E-1 2.19513E-1 2.31699E-1 2.37432E-1 2.3719E-1 2.37089E-1 2.39673E-1 2.54871E-1 2.48903E-1 2.36311E-1 2.35287E-1 2.31736E-1
2.11584E-1 2.09294E-1 2.04836E-1 2.03604E-1 2.08794E-1 2.07108E-1 2.1039E-1 2.05858E-1 2.07517E-1 2.08101E-1 2.18806E-1 2.13075E-1 2.08031E-1 2.09552E-1 2.17928E-1 2.19481E-1 2.17325E-1 2.16086E-1 2.16937E-1 2.17502E-1 2.1703E-1 2.20458E-1 2.18594E-1 2.1544E-1 2.08406E-1 2.08084E-1 2.08114E-1 2.10165E-1 2.11754E-1 2.14387E-1 2.12185E-1 2.13356E-1 2.14882E-1 2.17452E-1 2.21315E-1 2.30533E-1 2.35902E-1 2.3586E-1 2.27706E-1 2.34846E-1 2.38224E-1 2.40299E-1 2.35668E-1 2.36135E-1 2.32691E-1 2.42845E-1 2.37181E-1 2.32711E-1 2.31088E-1 2.26838E-1 2.2986E-1 2.37178E-1 2.39715E-1 2.41316E-1 2.44005E-1 2.46053E-1 2.51961E-1 2.47395E-1 2.42626E-1 2.35412E-1 2.33854E-1
2.19343E-1 2.14886E-1 2.10277E-1 2.08055E-1 2.07792E-1 2.06893E-1 2.03054E-1 2.01479E-1 2.02116E-1 2.01396E-1 2.07358E-1 2.12603E-1 2.1636E-1 2.10091E-1 2.12146E-1 2.17915E-1 2.1887E-1 2.18596E-1 2.18849E-1 2.20995E-1 2.20409E-1 2.20609E-1 2.16344E-1 2.13744E-1 2.11865E-1 2.06862E-1 2.03089E-1 2.06366E-1 2.09765E-1 2.14625E-1 2.16068E-1 2.16842E-1 2.2017E-1 2.21131E-1 2.23131E-1 2.25344E-1 2.27159E-1 2.26979E-1 2.31571E-1 2.33797E-1 2.36978E-1 2.37298E-1 2.24071E-1 2.04461E-1 2.07005E-1 2.34883E-1 2.31296E-1 2.28368E-1 2.2826E-1 2.30442E-1 2.30837E-1 2.34227E-1 2.45158E-1 2.56616E-1 2.62438E-1 2.65869E-1 2.65833E-1 2.65857E-1 2.46068E-1 2.39024E-1 2.37734E-1
2.22791E-1 2.21585E-1 2.19476E-1 2.1864E-1 2.14893E-1 2.12505E-1 2.11139E-1 2.05973E-1 2.03529E-1 2.0202E-1 2.00849E-1 2.02937E-1 2.07256E-1 2.12542E-1 2.16173E-1 2.21244E-1 2.22061E-1 2.2326E-1 2.24831E-1 2.24611E-1 2.24779E-1 2.23787E-1 2.23157E-1 2.21302E-1 2.17465E-1 2.12322E-1 2.125E-1 2.13637E-1 2.16984E-1 2.22528E-1 2.24495E-1 2.2668E-1 2.28879E-1 2.24604E-1 2.25315E-1 2.26063E-1 2.28022E-1 2.30816E-1 2.33627E-1 2.34355E-1 2.28711E-1 2.15913E-1 2.02649E-1 1.94713E-1 2.19744E-1 2.35897E-1 2.28638E-1 2.27668E-1 2.31785E-1 2.34881E-1 2.37165E-1 2.42729E-1 2.40084E-1 2.42033E-1 2.52888E-1 2.60375E-1 2.72413E-1 2.70938E-1 2.58873E-1 2.53933E-1 2.51994E-1
2.29525E-1 2.30202E-1 2.31036E-1 2.29146E-1 2.28204E-1 2.22611E-1 2.16887E-1 2.23559E-1 2.10963E-1 2.0533E-1 2.02647E-1 2.01004E-1 2.00676E-1 2.05424E-1 2.15853E-1 2.25379E-1 2.27211E-1 2.2613E-1 2.2799E-1 2.28058E-1 2.28948E-1 2.28976E-1 2.28026E-1 2.24415E-1 2.22947E-1 2.20562E-1 2.18952E-1 2.18575E-1 2.18309E-1 2.19424E-1 2.21765E-1 2.24583E-1 2.3167E-1 2.32958E-1 2.29107E-1 2.26835E-1 2.26521E-1 2.25619E-1 2.26628E-1 2.18739E-1 2.1117E-1 2.06935E-1 2.0912E-1 2.18906E-1 2.37041E-1 2.35794E-1 2.30284E-1 2.3232E-1 2.42722E-1 2.48163E-1 2.4653E-1 2.65825E-1 2.687E-1 2.66488E-1 2.71073E-1 2.66989E-1 2.65193E-1 2.62754E-1 2.57766E-1 2.4562E-1 2.50056E-1
2.32166E-1 2.37644E-1 2.38245E-1 2.38976E-1 2.35084E-1 2.30339E-1 2.2532E-1 2.19213E-1 2.14336E-1 2.12272E-1 2.09244E-1 2.07403E-1 2.04029E-1 2.07689E-1 2.13982E-1 2.26549E-1 2.29449E-1 2.29479E-1 2.31845E-1 2.3146E-1 2.3116E-1 2.32286E-1 2.30604E-1 2.28328E-1 2.25077E-1 2.22337E-1 2.22672E-1 2.2388E-1 2.2214E-1 2.20949E-1 2.22462E-1 2.27727E-1 2.32243E-1 2.36487E-1 2.31326E-1 2.25216E-1 2.22853E-1 2.20581E-1 2.20004E-1 2.16404E-1 2.15682E-1 2.17155E-1 2.24099E-1 2.28823E-1 2.34502E-1 2.30994E-1 2.35488E-1 2.42615E-1 2.57968E-1 2.71225E-1 2.67692E-1 2.63884E-1 2.87841E-1 2.86392E-1 2.65007E-1 2.76031E-1 2.77937E-1 2.78999E-1 2.68578E-1 2.57486E-1 2.4698E-1
2.2725E-1 2.29612E-1 2.31635E-1 2.3102E-1 2.33459E-1 2.30751E-1 2.3312E-1 2.31235E-1 2.26798E-1 2.20055E-1 2.15526E-1 2.1475E-1 2.12332E-1 2.12905E-1 2.20923E-1 2.26241E-1 2.28051E-1 2.30649E-1 2.31167E-1 2.32825E-1 2.31642E-1 2.31406E-1 2.29794E-1 2.2896E-1 2.23462E-1 2.18959E-1 2.21979E-1 2.23273E-1 2.23248E-1 2.23458E-1 2.23952E-1 2.27578E-1 2.33117E-1 2.35128E-1 2.31418E-1 2.24087E-1 2.23457E-1 2.26201E-1 2.21606E-1 2.19054E-1 2.18745E-1 2.25962E-1 2.29056E-1 2.273E-1 2.27065E-1 2.3644E-1 2.38158E-1 2.37916E-1 2.35537E-1 2.28477E-1 2.49602E-1 2.64127E-1 2.73719E-1 2.77494E-1 2.59518E-1 2.71836E-1 2.62207E-1 2.70685E-1 2.77749E-1 2.66765E-1 2.5484E-1
2.36965E-1 2.28911E-1 2.21464E-1 2.19898E-1 2.23341E-1 2.23247E-1 2.22831E-1 2.28961E-1 2.32119E-1 2.38061E-1 2.32665E-1 2.28647E-1 2.23846E-1 2.18741E-1 2.21253E-1 2.2535E-1 2.28468E-1 2.27428E-1 2.30271E-1 2.34302E-1 2.3519E-1 2.35798E-1 2.34525E-1 2.2853E-1 2.24363E-1 2.20066E-1 2.24371E-1 2.20534E-1 2.23315E-1 2.22156E-1 2.25011E-1 2.27982E-1 2.30847E-1 2.32597E-1 2.29867E-1 2.2474E-1 2.22581E-1 2.24914E-1 2.22256E-1 2.2664E-1 2.28534E-1 2.30137E-1 2.32959E-1 2.33565E-1 2.29914E-1 2.23289E-1 2.1019E-1 2.05688E-1 2.07429E-1 2.10282E-1 2.20778E-1 2.55151E-1 2.62854E-1 2.82147E-1 2.60049E-1 2.64032E-1 2.57969E-1 2.59689E-1 2.76532E-1 2.7323E-1 2.55365E-1
2.36345E-1 2.33486E-1 2.28946E-1 2.21118E-1 2.18173E-1 2.20959E-1 2.18274E-1 2.19892E-1 2.20008E-1 2.22589E-1 2.30868E-1 2.37308E-1 2.35731E-1 2.33389E-1 2.29245E-1 2.28329E-1 2.26248E-1 2.26737E-1 2.30319E-1 2.35075E-1 2.37138E-1 2.35645E-1 2.33628E-1 2.30319E-1 2.26649E-1 2.20794E-1 2.20453E-1 2.23856E-1 2.25369E-1 2.23919E-1 2.24461E-1 2.26156E-1 2.28474E-1 2.27958E-1 2.26776E-1 2.2397E-1 2.18103E-1 2.14173E-1 2.14565E-1 2.21527E-1 2.26456E-1 2.29682E-1 2.27931E-1 2.23907E-1 2.22051E-1 2.14176E-1 2.06118E-1 2.04944E-1 2.07153E-1 2.16995E-1 2.32327E-1 2.53788E-1 2.55798E-1 2.77544E-1 2.73722E-1 2.71057E-1 2.62283E-1 2.64788E-1 2.65845E-1 2.6524E-1 2.52955E-1
2.3753E-1 2.34869E-1 2.34236E-1 2.29028E-1 2.22564E-1 2.24409E-1 2.24325E-1 2.24409E-1 2.24502E-1 2.22873E-1 2.26544E-1 2.38149E-1 2.39792E-1 2.37736E-1 2.35288E-1 2.3263E-1 2.30236E-1 2.29509E-1 2.32643E-1 2.34623E-1 2.36654E-1 2.35567E-1 2.34393E-1 2.30399E-1 2.28165E-1 2.2356E-1 2.22488E-1 2.21263E-1 2.21589E-1 2.25905E-1 2.27927E-1 2.25462E-1 2.27189E-1 2.28624E-1 2.27021E-1 2.24685E-1 2.1985E-1 2.13813E-1 2.14203E-1 2.18205E-1 2.2135E-1 2.22537E-1 2.18511E-1 2.22289E-1 2.24827E-1 2.17891E-1 2.12874E-1 2.20393E-1 2.19516E-1 2.30267E-1 2.41165E-1 2.43325E-1 2.4906E-1 2.60907E-1 2.58288E-1 2.58347E-1 2.6131E-1 2.76165E-1 2.68917E-1 2.58075E-1 2.53607E-1
2.3455E-1 2.35124E-1 2.30671E-1 2.24982E-1 2.25284E-1 2.26909E-1 2.27779E-1 2.28927E-1 2.31233E-1 2.31436E-1 2.31324E-1 2.39428E-1 2.42569E-1 2.40113E-1 2.39559E-1 2.39963E-1 2.36275E-1 2.36272E-1 2.34804E-1 2.34972E-1 2.36924E-1 2.354E-1 2.34897E-1 2.32394E-1 2.29274E-1 2.23695E-1 2.20427E-1 2.21534E-1 2.22946E-1 2.2662E-1 2.2922E-1 2.29948E-1 2.29237E-1 2.29675E-1 2.2927E-1 2.25585E-1 2.1871E-1 2.14555E-1 2.14154E-1 2.13734E-1 2.21107E-1 2.19975E-1 2.1673E-1 2.14445E-1 2.177E-1 2.19496E-1 2.18697E-1 2.23093E-1 2.21787E-1 2.22996E-1 2.30326E-1 2.40315E-1 2.51374E-1 2.58607E-1 2.53267E-1 2.53414E-1 2.62007E-1 2.74477E-1 2.70547E-1 2.56209E-1 2.61616E-1
2.25191E-1 2.30294E-1 2.29021E-1 2.2892E-1 2.22882E-1 2.26416E-1 2.2606E-1 2.26743E-1 2.30344E-1 2.34719E-1 2.39909E-1 2.39946E-1 2.41129E-1 2.39783E-1 2.40014E-1 2.3777E-1 2.3589E-1 2.38279E-1 2.35279E-1 2.37006E-1 2.39171E-1 2.40814E-1 2.4014E-1 2.37951E-1 2.34096E-1 2.26182E-1 2.23092E-1 2.24017E-1 2.25979E-1 2.28982E-1 2.30768E-1 2.47803E-1 2.41687E-1 2.46021E-1 2.38677E-1 2.28455E-1 2.25786E-1 2.20399E-1 2.17834E-1 2.17808E-1 2.19181E-1 2.22479E-1 2.19692E-1 2.17598E-1 2.16751E-1 2.22334E-1 2.23374E-1 2.23383E-1 2.2252E-1 2.22992E-1 2.30071E-1 2.31844E-1 2.22764E-1 2.34156E-1 2.59142E-1 2.60716E-1 2.52966E-1 2.65804E-1 2.67879E-1 2.56604E-1 2.5257E-1
2.22718E-1 2.25893E-1 2.25448E-1 2.25592E-1 2.23508E-1 2.27432E-1 2.27286E-1 2.26474E-1 2.26507E-1 2.32287E-1 2.37087E-1 2.36405E-1 2.40118E-1 2.41829E-1 2.39747E-1 2.39355E-1 2.37288E-1 2.3731E-1 2.37068E-1 2.37474E-1 2.37821E-1 2.38686E-1 2.42226E-1 2.39829E-1 2.34234E-1 2.34658E-1 2.2567E-1 2.26315E-1 2.28761E-1 2.29603E-1 2.32983E-1 2.40349E-1 2.35925E-1 2.33726E-1 2.35506E-1 2.37122E-1 2.38287E-1 2.3575E-1 2.30307E-1 2.22865E-1 2.21122E-1 2.2138E-1 2.17497E-1 2.18523E-1 2.19746E-1 2.239E-1 2.19929E-1 2.213E-1 2.19915E-1 2.18141E-1 2.20107E-1 2.14212E-1 2.12265E-1 2.22258E-1 2.48131E-1 2.48588E-1 2.50819E-1 2.59806E-1 2.67009E-1 2.63544E-1 2.55744E-1
2.26712E-1 2.31141E-1 2.26982E-1 2.28458E-1 2.28851E-1 2.23702E-1 2.23219E-1 2.31582E-1 2.35884E-1 2.35276E-1 2.31003E-1 2.28071E-1 2.29528E-1 2.33971E-1 2.36232E-1 2.41081E-1 2.41398E-1 2.37249E-1 2.36441E-1 2.32245E-1 2.28349E-1 2.28679E-1 2.31923E-1 2.33847E-1 2.32504E-1 2.31155E-1 2.30302E-1 2.28081E-1 2.27073E-1 2.30876E-1 2.28436E-1 2.24127E-1 2.24507E-1 2.28001E-1 2.32894E-1 2.35201E-1 2.36006E-1 2.33285E-1 2.32607E-1 2.3079E-1 2.30407E-1 2.33135E-1 2.29384E-1 2.24764E-1 2.2028E-1 2.16785E-1 2.13499E-1 2.08368E-1 2.09239E-1 2.07061E-1 2.09343E-1 2.111E-1 2.09009E-1 2.15007E-1 2.40485E-1 2.41646E-1 2.53567E-1 2.49217E-1 2.52658E-1 2.63533E-1 2.59809E-1
2.33863E-1 2.35174E-1 2.33436E-1 2.29824E-1 2.32912E-1 2.34397E-1 2.27929E-1 2.32319E-1 2.32567E-1 2.38315E-1 2.29804E-1 2.25988E-1 2.28172E-1 2.31881E-1 2.34268E-1 2.42204E-1 2.44383E-1 2.38689E-1 2.35314E-1 2.35341E-1 2.30219E-1 2.29136E-1 2.28261E-1 2.25593E-1 2.30741E-1 2.32448E-1 2.32035E-1 2.29309E-1 2.28228E-1 2.26553E-1 2.22159E-1 2.18344E-1 2.24016E-1 2.27522E-1 2.28244E-1 2.29789E-1 2.30747E-1 2.28821E-1 2.27363E-1 2.3114E-1 2.3379E-1 2.31275E-1 2.32072E-1 2.27093E-1 2.20057E-1 2.21442E-1 2.17037E-1 2.11597E-1 1.97843E-1 1.95906E-1 1.99893E-1 2.116E-1 2.12853E-1 2.18166E-1 2.37169E-1 2.37603E-1 2.42655E-1 2.44281E-1 2.61963E-1 2.56472E-1 2.48922E-1
2.35427E-1 2.34811E-1 2.37698E-1 2.34803E-1 2.34048E-1 2.34904E-1 2.30749E-1 2.29734E-1 2.34322E-1 2.39082E-1 2.36534E-1 2.34705E-1 2.31713E-1 2.28534E-1 2.28376E-1 2.37306E-1 2.45288E-1 2.3679E-1 2.31709E-1 2.35332E-1 2.31957E-1 2.31588E-1 2.32686E-1 2.27559E-1 2.28374E-1 2.33161E-1 2.40744E-1 2.31151E-1 2.31348E-1 2.27458E-1 2.22832E-1 2.18622E-1 2.21106E-1 2.25251E-1 2.26155E-1 2.29339E-1 2.28027E-1 2.24664E-1 2.23043E-1 2.26691E-1 2.33814E-1 2.35275E-1 2.3008E-1 2.27114E-1 2.17874E-1 2.18085E-1 2.1678E-1 2.14857E-1 2.1316E-1 2.06241E-1 2.07445E-1 2.13023E-1 2.23447E-1 2.29549E-1 2.33065E-1 2.37848E-1 2.42513E-1 2.49738E-1 2.63365E-1 2.75367E-1 2.55114E-1
2.36189E-1 2.37174E-1 2.38758E-1 2.39828E-1 2.43288E-1 2.39665E-1 2.34978E-1 2.33371E-1 2.35785E-1 2.43759E-1 2.39203E-1 2.3763E-1 2.29519E-1 2.26475E-1 2.29685E-1 2.36423E-1 2.40526E-1 2.43419E-1 2.40636E-1 2.37664E-1 2.36883E-1 2.34416E-1 2.35936E-1 2.34373E-1 2.30851E-1 2.33788E-1 2.41084E-1 2.33716E-1 2.30787E-1 2.30844E-1 2.29505E-1 2.26223E-1 2.24605E-1 2.23538E-1 2.22538E-1 2.24762E-1 2.25381E-1 2.26188E-1 2.28007E-1 2.28346E-1 2.30856E-1 2.32312E-1 2.30621E-1 2.29707E-1 2.21303E-1 2.18509E-1 2.20196E-1 2.17872E-1 2.19322E-1 2.19352E-1 2.1237E-1 2.15163E-1 2.23391E-1 2.27568E-1 2.32204E-1 2.37207E-1 2.42402E-1 2.50029E-1 2.56057E-1 2.65504E-1 2.60555E-1
2.4517E-1 2.42218E-1 2.38692E-1 2.3631E-1 2.41639E-1 2.47538E-1 2.48208E-1 2.455E-1 2.42832E-1 2.4043E-1 2.34173E-1 2.29079E-1 2.31141E-1 2.29689E-1 2.30797E-1 2.36068E-1 2.49184E-1 2.4171E-1 2.43926E-1 2.45441E-1 2.42992E-1 2.42052E-1 2.37428E-1 2.3508E-1 2.35941E-1 2.36738E-1 2.40269E-1 2.39732E-1 2.34689E-1 2.31703E-1 2.32929E-1 2.32017E-1 2.27416E-1 2.24387E-1 2.24408E-1 2.21819E-1 2.21863E-1 2.25936E-1 2.28563E-1 2.28291E-1 2.34263E-1 2.34703E-1 2.34673E-1 2.32366E-1 2.2939E-1 2.2468E-1 2.23034E-1 2.19597E-1 2.17953E-1 2.18098E-1 2.08928E-1 2.07354E-1 2.16645E-1 2.21108E-1 2.2574E-1 2.30971E-1 2.34464E-1 2.26399E-1 2.35204E-1 2.54989E-1 2.55604E-1
2.45812E-1 2.41049E-1 2.35861E-1 2.35571E-1 2.37202E-1 2.41624E-1 2.50661E-1 2.51122E-1 2.42426E-1 2.41205E-1 2.35225E-1 2.26676E-1 2.31064E-1 2.40801E-1 2.45817E-1 2.47731E-1 2.45562E-1 2.48039E-1 2.46126E-1 2.47514E-1 2.43327E-1 2.41799E-1 2.43431E-1 2.43377E-1 2.42205E-1 2.41391E-1 2.40252E-1 2.40352E-1 2.39137E-1 2.35928E-1 2.32816E-1 2.35659E-1 2.33341E-1 2.31025E-1 2.32735E-1 2.31981E-1 2.29669E-1 2.2732E-1 2.28896E-1 2.30832E-1 2.38285E-1 2.39096E-1 2.3803E-1 2.36562E-1 2.35069E-1 2.34527E-1 2.31602E-1 2.23308E-1 2.20319E-1 2.2091E-1 2.11355E-1 2.08353E-1 2.11076E-1 2.06148E-1 2.12729E-1 2.18078E-1 2.19881E-1 2.20388E-1 2.21038E-1 2.19944E-1 2.48893E-1
2.34003E-1 2.35754E-1 2.28435E-1 2.28915E-1 2.31499E-1 2.352E-1 2.40936E-1 2.46919E-1 2.44086E-1 2.3944E-1 2.38948E-1 2.37605E-1 2.40702E-1 2.35585E-1 2.29055E-1 2.33107E-1 2.372E-1 2.45116E-1 2.47803E-1 2.46375E-1 2.48281E-1 2.48113E-1 2.4618E-1 2.44334E-1 2.41648E-1 2.43625E-1 2.44579E-1 2.40157E-1 2.37829E-1 2.33406E-1 2.27558E-1 2.24519E-1 2.24508E-1 2.23888E-1 2.24312E-1 2.27816E-1 2.33354E-1 2.35105E-1 2.36468E-1 2.3972E-1 2.42231E-1 2.4622E-1 2.43865E-1 2.42576E-1 2.37454E-1 2.39444E-1 2.41653E-1 2.36185E-1 2.26055E-1 2.27045E-1 2.1891E-1 2.1682E-1 2.17812E-1 2.13466E-1 2.08661E-1 2.09059E-1 2.12012E-1 2.13876E-1 2.14092E-1 2.16602E-1 2.28261E-1
2.37511E-1 2.34976E-1 2.30291E-1 2.27395E-1 2.29317E-1 2.33727E-1 2.37345E-1 2.402E-1 2.40351E-1 2.38359E-1 2.35326E-1 2.35176E-1 2.38029E-1 2.36001E-1 2.33826E-1 2.3529E-1 2.3641E-1 2.41517E-1 2.42334E-1 2.39164E-1 2.45184E-1 2.50203E-1 2.52898E-1 2.5867E-1 2.5234E-1 2.45425E-1 2.43219E-1 2.37161E-1 2.33702E-1 2.29652E-1 2.31295E-1 2.27621E-1 2.24233E-1 2.20309E-1 2.22584E-1 2.25632E-1 2.2993E-1 2.33983E-1 2.40002E-1 2.39794E-1 2.43679E-1 2.45401E-1 2.40325E-1 2.36003E-1 2.35168E-1 2.33794E-1 2.36779E-1 2.39135E-1 2.36017E-1 2.33191E-1 2.34374E-1 2.29456E-1 2.29107E-1 2.24548E-1 2.14646E-1 2.05223E-1 2.0854E-1 2.13247E-1 2.13715E-1 2.10787E-1 2.28147E-1
2.35184E-1 2.30108E-1 2.30537E-1 2.29713E-1 2.31755E-1 2.34155E-1 2.36527E-1 2.43302E-1 2.40643E-1 2.40216E-1 2.37968E-1 2.38674E-1 2.39261E-1 2.38931E-1 2.37359E-1 2.36799E-1 2.39219E-1 2.38458E-1 2.40464E-1 2.35502E-1 2.35241E-1 2.366E-1 2.38647E-1 2.47671E-1 2.67142E-1 2.58803E-1 2.48038E-1 2.39294E-1 2.32158E-1 2.31239E-1 2.31317E-1 2.29345E-1 2.28001E-1 2.28165E-1 2.25252E-1 2.25727E-1 2.27047E-1 2.28934E-1 2.32248E-1 2.34455E-1 2.36819E-1 2.38899E-1 2.38071E-1 2.35104E-1 2.32975E-1 2.34181E-1 2.3366E-1 2.35703E-1 2.38121E-1 2.38351E-1 2.42159E-1 2.4059E-1 2.32822E-1 2.22667E-1 2.16637E-1 2.0937E-1 2.09826E-1 2.14142E-1 2.20519E-1 2.2798E-1 2.38562E-1
2.4427E-1 2.41538E-1 2.4128E-1 2.42085E-1 2.37432E-1 2.38636E-1 2.41026E-1 2.39887E-1 2.37941E-1 2.35507E-1 2.33722E-1 2.29645E-1 2.29746E-1 2.35827E-1 2.37238E-1 2.40591E-1 2.40878E-1 2.36735E-1 2.40284E-1 2.39018E-1 2.41568E-1 2.56042E-1 2.6307E-1 2.45783E-1 2.49117E-1 2.58385E-1 2.57432E-1 2.52896E-1 2.41721E-1 2.36647E-1 2.35064E-1 2.33947E-1 2.33147E-1 2.32273E-1 2.33019E-1 2.32595E-1 2.3071E-1 2.31943E-1 2.32233E-1 2.3224E-1 2.3099E-1 2.32645E-1 2.30717E-1 2.30219E-1 2.27571E-1 2.28792E-1 2.32706E-1 2.34334E-1 2.36213E-1 2.37928E-1 2.36718E-1 2.42669E-1 2.43208E-1 2.30333E-1 2.22103E-1 2.20387E-1 2.21583E-1 2.24206E-1 2.2703E-1 2.3462E-1 2.35388E-1
2.57265E-1 2.57469E-1 2.53298E-1 2.57078E-1 2.53288E-1 2.48469E-1 2.45438E-1 2.3868E-1 2.35731E-1 2.34092E-1 2.34246E-1 2.33636E-1 2.39116E-1 2.43441E-1 2.38252E-1 2.38162E-1 2.37307E-1 2.42791E-1 2.48842E-1 2.42793E-1 2.46167E-1 2.49038E-1 2.4966E-1 2.47278E-1 2.40687E-1 2.45598E-1 2.40938E-1 2.4548E-1 2.5189E-1 2.50209E-1 2.49412E-1 2.46798E-1 2.42996E-1 2.38773E-1 2.37538E-1 2.38182E-1 2.37982E-1 2.35371E-1 2.33741E-1 2.33335E-1 2.27364E-1 2.22212E-1 2.22507E-1 2.27665E-1 2.27326E-1 2.2547E-1 2.25472E-1 2.292E-1 2.31976E-1 2.35978E-1 2.33656E-1 2.40577E-1 2.53336E-1 2.44201E-1 2.38803E-1 2.37585E-1 2.39354E-1 2.41681E-1 2.42962E-1 2.38673E-1 2.3781E-1
2.46443E-1 2.40067E-1 2.31452E-1 2.341E-1 2.36837E-1 2.40372E-1 2.45114E-1 2.34345E-1 2.29855E-1 2.33094E-1 2.34171E-1 2.42319E-1 2.45399E-1 2.46158E-1 2.4425E-1 2.36864E-1 2.32966E-1 2.35851E-1 2.45106E-1 2.50135E-1 2.53261E-1 2.5495E-1 2.55514E-1 2.55878E-1 2.49005E-1 2.4565E-1 2.37978E-1 2.31371E-1 2.37308E-1 2.57092E-1 2.64329E-1 2.58821E-1 2.57104E-1 2.51308E-1 2.43531E-1 2.4355E-1 2.41198E-1 2.40552E-1 2.38376E-1 2.34841E-1 2.32184E-1 2.25038E-1 2.23144E-1 2.2689E-1 2.28142E-1 2.27128E-1 2.2224E-1 2.22495E-1 2.27493E-1 2.32785E-1 2.37819E-1 2.47137E-1 2.53537E-1 2.59908E-1 2.54049E-1 2.50138E-1 2.44923E-1 2.43487E-1 2.47679E-1 2.47098E-1 2.43223E-1
2.21461E-1 2.18035E-1 2.14074E-1 2.20001E-1 2.34939E-1 2.46289E-1 2.36227E-1 2.29756E-1 2.27191E-1 2.28537E-1 2.31039E-1 2.25413E-1 2.36785E-1 2.45306E-1 2.4767E-1 2.42073E-1 2.36038E-1 2.38022E-1 2.44317E-1 2.48972E-1 2.53582E-1 2.57328E-1 2.60818E-1 2.63781E-1 2.62726E-1 2.60689E-1 2.56832E-1 2.48627E-1 2.48151E-1 2.56228E-1 2.67585E-1 2.66923E-1 2.62806E-1 2.60819E-1 2.53242E-1 2.50812E-1 2.46845E-1 2.45446E-1 2.41058E-1 2.372E-1 2.34073E-1 2.30339E-1 2.28442E-1 2.30033E-1 2.31393E-1 2.27452E-1 2.21636E-1 2.19095E-1 2.25439E-1 2.34293E-1 2.40879E-1 2.47182E-1 2.49807E-1 2.59345E-1 2.58316E-1 2.52961E-1 2.4396E-1 2.40445E-1 2.448E-1 2.47425E-1 2.4709E-1
