maxent_outputs/white_flowers_linear/white_71.asc
ncols         426
nrows         180
xllcorner     -130.0
yllcorner     24.0
cellsize      0.16666666666666666
NODATA_value  -9999
[rows 108 to 134 of 180, columns 61 to 121 of 426]
5.44103E-1 5.37524E-1 5.23048E-1 5.30867E-1 5.41874E-1 5.27362E-1 4.37154E-1 2.38755E-1 2.21179E-1 1.68321E-1 1.88065E-1 3.6122E-1 4.69498E-1 3.72033E-1 3.67615E-1 5.4589E-1 3.862E-1 5.43179E-1 6.99331E-1 6.12026E-1 5.02526E-1 5.46146E-1 4.69131E-1 4.25982E-1 4.12429E-1 3.47796E-1 3.47788E-1 4.39698E-1 4.77425E-1 5.56253E-1 6.03506E-1 5.64761E-1 5.31461E-1 4.92035E-1 4.24006E-1 2.80356E-1 3.81484E-1 3.67234E-1 2.99585E-1 3.09292E-1 1.6605E-1 1.67455E-1 1.78206E-1 1.8559E-1 1.8155E-1 1.53577E-1 1.26136E-1 1.23583E-1 1.42572E-1 2.03114E-1 2.71886E-1 2.35658E-1 1.94779E-1 1.87276E-1 1.83991E-1 1.77749E-1 1.71208E-1 1.62037E-1 1.45905E-1 1.39871E-1 1.63948E-1
5.54641E-1 5.45385E-1 5.39168E-1 5.48326E-1 5.39646E-1 5.18969E-1 4.04945E-1 2.70409E-1 3.63209E-1 3.05364E-1 2.98624E-1 3.80114E-1 4.71364E-1 4.66758E-1 4.95583E-1 5.03319E-1 5.07996E-1 5.16797E-1 5.25521E-1 6.56116E-1 6.61306E-1 6.23052E-1 5.28061E-1 3.80552E-1 4.15207E-1 4.28792E-1 4.07525E-1 4.34612E-1 5.02187E-1 5.08319E-1 6.1553E-1 5.69094E-1 4.81163E-1 4.10263E-1 4.20865E-1 3.1965E-1 2.96859E-1 3.65431E-1 3.80269E-1 2.84173E-1 1.81099E-1 1.73102E-1 1.82637E-1 1.87345E-1 1.85839E-1 1.68409E-1 1.53763E-1 1.36597E-1 1.47206E-1 2.09818E-1 2.51333E-1 2.5913E-1 2.2341E-1 2.04063E-1 1.94603E-1 1.87748E-1 1.77188E-1 1.65972E-1 1.46821E-1 1.47036E-1 1.48716E-1
5.67605E-1 5.64613E-1 5.54584E-1 5.51921E-1 5.46626E-1 5.29154E-1 4.11051E-1 3.5167E-1 3.54748E-1 3.41238E-1 2.96105E-1 4.05581E-1 4.74401E-1 4.65149E-1 5.13669E-1 4.81098E-1 4.96958E-1 4.24571E-1 4.68523E-1 5.29087E-1 5.40595E-1 6.08061E-1 5.86932E-1 4.64873E-1 4.12022E-1 3.63655E-1 4.41929E-1 3.76732E-1 3.71647E-1 4.49177E-1 6.21069E-1 5.98564E-1 4.67554E-1 4.07471E-1 4.31776E-1 4.15474E-1 2.94517E-1 2.71152E-1 2.81007E-1 2.22382E-1 2.06584E-1 1.77688E-1 1.68362E-1 1.90676E-1 1.87418E-1 1.78643E-1 1.6716E-1 1.4767E-1 1.59466E-1 1.95615E-1 2.38883E-1 2.5843E-1 2.34676E-1 2.21117E-1 2.10552E-1 2.02156E-1 1.90615E-1 1.73653E-1 1.62132E-1 1.60043E-1 1.56941E-1
5.33565E-1 5.73002E-1 5.71036E-1 5.67569E-1 5.94277E-1 5.80247E-1 5.00464E-1 3.58934E-1 2.96995E-1 2.91936E-1 3.67078E-1 4.54347E-1 4.4953E-1 4.26911E-1 4.47228E-1 4.14379E-1 4.23592E-1 4.19933E-1 4.23373E-1 4.39117E-1 4.69046E-1 5.58358E-1 5.96466E-1 4.50251E-1 3.85234E-1 3.36484E-1 4.18326E-1 4.10677E-1 3.77703E-1 4.70747E-1 6.11258E-1 6.5424E-1 4.79987E-1 4.01516E-1 3.81918E-1 4.10846E-1 3.59458E-1 2.91232E-1 2.3478E-1 2.12384E-1 2.18595E-1 2.12859E-1 1.91299E-1 1.99828E-1 1.94784E-1 1.81194E-1 1.5776E-1 1.24673E-1 1.0878E-1 1.366E-1 1.96343E-1 2.54446E-1 2.50093E-1 2.25851E-1 2.16754E-1 2.06509E-1 1.91963E-1 1.76334E-1 1.82942E-1 1.73669E-1 1.6672E-1
4.23941E-1 5.1632E-1 5.83846E-1 5.87273E-1 5.89115E-1 5.92079E-1 5.52044E-1 4.16557E-1 3.66061E-1 3.36535E-1 4.47359E-1 4.85097E-1 4.24701E-1 4.26163E-1 4.26857E-1 3.99242E-1 4.13048E-1 4.03427E-1 4.48747E-1 5.11537E-1 5.60131E-1 5.47983E-1 6.09159E-1 5.39777E-1 4.06326E-1 3.48737E-1 3.56866E-1 3.44039E-1 3.90778E-1 5.30097E-1 5.13367E-1 6.80356E-1 5.36147E-1 4.76505E-1 4.28635E-1 3.86544E-1 3.44502E-1 3.16342E-1 2.43466E-1 2.20046E-1 2.09041E-1 2.26266E-1 2.32359E-1 2.33162E-1 2.17553E-1 1.74231E-1 1.5422E-1 1.32309E-1 1.18423E-1 1.38712E-1 1.7723E-1 2.22003E-1 2.41691E-1 2.34472E-1 2.17115E-1 2.08799E-1 1.967E-1 2.01298E-1 1.96301E-1 1.8944E-1 1.81177E-1
4.21263E-1 4.30505E-1 5.52178E-1 5.93064E-1 5.89621E-1 5.88626E-1 5.11834E-1 3.2259E-1 3.10079E-1 3.93811E-1 4.60637E-1 4.50733E-1 4.42703E-1 4.35597E-1 4.50331E-1 4.51423E-1 4.21272E-1 4.41858E-1 5.23344E-1 5.11497E-1 5.56709E-1 6.01036E-1 6.05138E-1 5.63344E-1 4.78259E-1 4.73079E-1 3.63261E-1 4.07262E-1 4.47432E-1 5.51272E-1 6.12365E-1 7.10511E-1 5.91939E-1 5.2653E-1 5.00221E-1 3.12299E-1 3.68349E-1 3.74203E-1 2.93565E-1 2.47647E-1 2.17248E-1 2.11088E-1 2.4794E-1 2.41285E-1 2.40319E-1 2.1939E-1 1.87095E-1 1.77377E-1 1.48635E-1 1.39898E-1 1.58019E-1 2.04414E-1 2.24746E-1 2.33055E-1 2.2503E-1 2.15739E-1 2.07637E-1 2.06422E-1 1.99387E-1 2.01459E-1 1.94784E-1
4.16177E-1 4.21067E-1 3.86059E-1 3.72346E-1 3.60215E-1 4.46061E-1 4.03982E-1 3.50014E-1 4.01923E-1 4.55206E-1 4.57706E-1 4.51131E-1 4.31664E-1 4.13641E-1 4.38656E-1 4.52557E-1 4.63939E-1 4.931E-1 5.31556E-1 5.40541E-1 5.06853E-1 5.76376E-1 5.51408E-1 5.48587E-1 5.12151E-1 4.43728E-1 5.03099E-1 5.28379E-1 5.31907E-1 5.82922E-1 6.82863E-1 7.00095E-1 6.62454E-1 5.7101E-1 5.40863E-1 3.52703E-1 4.14167E-1 4.41005E-1 3.0863E-1 2.52237E-1 2.2009E-1 2.14548E-1 2.43209E-1 2.68579E-1 2.85786E-1 3.17494E-1 3.33359E-1 3.25357E-1 2.77376E-1 1.62325E-1 1.31727E-1 1.6738E-1 2.06227E-1 2.17365E-1 2.22115E-1 2.21136E-1 2.15328E-1 2.15486E-1 2.06099E-1 2.02526E-1 1.9567E-1
3.65059E-1 3.30273E-1 3.45592E-1 2.76982E-1 2.20647E-1 2.96274E-1 4.17691E-1 4.04479E-1 4.44067E-1 4.60801E-1 4.40732E-1 4.24054E-1 3.95491E-1 3.84179E-1 4.15898E-1 4.28134E-1 4.21922E-1 4.07247E-1 4.09191E-1 4.73986E-1 5.32449E-1 5.61874E-1 5.84517E-1 5.50558E-1 4.92832E-1 5.09634E-1 5.81294E-1 5.9897E-1 5.44574E-1 5.89516E-1 6.27316E-1 7.05707E-1 7.08514E-1 6.48152E-1 5.7297E-1 4.4978E-1 4.33925E-1 5.20394E-1 3.6805E-1 3.56543E-1 2.59904E-1 2.52113E-1 2.46172E-1 2.58465E-1 2.75468E-1 2.77976E-1 3.26313E-1 4.05221E-1 3.72777E-1 2.35878E-1 1.46948E-1 1.47565E-1 1.74425E-1 1.92825E-1 2.01018E-1 2.00475E-1 1.95909E-1 1.94158E-1 2.00632E-1 2.01261E-1 1.93933E-1
5.11015E-1 4.67981E-1 3.53893E-1 3.36798E-1 3.23661E-1 3.80377E-1 5.09941E-1 5.24548E-1 4.4923E-1 4.1024E-1 4.29155E-1 4.10839E-1 3.84081E-1 3.79972E-1 4.00044E-1 4.02005E-1 3.86063E-1 4.07908E-1 4.02958E-1 4.35169E-1 4.80815E-1 4.9599E-1 6.24369E-1 6.98089E-1 6.97201E-1 6.77875E-1 6.68781E-1 5.6012E-1 5.36284E-1 6.17636E-1 6.23948E-1 6.3791E-1 7.13415E-1 6.1225E-1 5.71782E-1 5.259E-1 4.98299E-1 5.74971E-1 5.09843E-1 4.4721E-1 4.12084E-1 3.73316E-1 2.78973E-1 2.47974E-1 2.6206E-1 2.951E-1 3.09774E-1 3.94746E-1 3.9115E-1 2.64183E-1 1.72545E-1 1.47793E-1 1.54497E-1 1.60694E-1 1.73548E-1 1.81716E-1 1.8003E-1 1.84008E-1 1.93309E-1 1.96904E-1 2.00561E-1
6.70196E-1 6.05313E-1 5.99082E-1 6.14965E-1 5.67291E-1 6.04797E-1 5.95253E-1 6.1139E-1 5.5205E-1 4.12391E-1 3.401E-1 3.00697E-1 2.74596E-1 3.05171E-1 3.5113E-1 3.81115E-1 3.52628E-1 3.82683E-1 4.08338E-1 4.52125E-1 4.978E-1 5.18056E-1 5.504E-1 6.34425E-1 6.93304E-1 7.04347E-1 6.9036E-1 6.16679E-1 6.27909E-1 6.40105E-1 6.5223E-1 6.72856E-1 7.01273E-1 7.04536E-1 6.4831E-1 6.20722E-1 5.87269E-1 6.05272E-1 5.27241E-1 5.36891E-1 5.106E-1 3.83133E-1 3.35724E-1 2.95028E-1 2.35078E-1 3.21551E-1 3.85047E-1 3.50457E-1 3.98717E-1 2.96029E-1 2.10473E-1 1.89171E-1 1.54044E-1 1.39727E-1 1.46483E-1 1.60348E-1 1.72723E-1 1.87291E-1 1.95783E-1 1.90827E-1 1.87064E-1
-9999 -9999 6.80831E-1 6.99468E-1 7.01527E-1 6.96623E-1 6.39481E-1 6.69365E-1 6.92217E-1 5.73934E-1 4.54563E-1 4.42741E-1 3.7998E-1 2.94798E-1 4.43045E-1 3.95422E-1 2.74625E-1 2.02792E-1 2.10811E-1 3.31574E-1 4.26409E-1 5.02511E-1 5.52885E-1 5.97664E-1 6.0274E-1 6.22294E-1 6.71436E-1 6.81036E-1 6.98252E-1 6.58471E-1 6.42981E-1 6.84962E-1 6.68625E-1 7.11872E-1 7.00761E-1 6.75576E-1 6.54439E-1 6.35804E-1 6.14429E-1 5.67377E-1 4.99622E-1 4.33844E-1 3.52263E-1 3.60506E-1 3.08328E-1 3.81784E-1 4.53512E-1 3.78104E-1 4.49986E-1 3.82325E-1 3.27818E-1 2.898E-1 2.65499E-1 1.9582E-1 1.68571E-1 1.69584E-1 1.79712E-1 1.78556E-1 1.82205E-1 1.72478E-1 1.5552E-1
6.91313E-1 6.78366E-1 7.85313E-1 7.42036E-1 7.21799E-1 6.84872E-1 6.91169E-1 6.90622E-1 7.55466E-1 7.51675E-1 7.25309E-1 7.11685E-1 6.51623E-1 6.43066E-1 6.4045E-1 6.21757E-1 4.95977E-1 2.46708E-1 2.39402E-1 4.3528E-1 4.23282E-1 4.17889E-1 4.64566E-1 5.60396E-1 6.10642E-1 6.12002E-1 6.13479E-1 6.58075E-1 6.87214E-1 6.91144E-1 6.95755E-1 7.11251E-1 6.94571E-1 6.98221E-1 6.5275E-1 6.20784E-1 6.12109E-1 5.85416E-1 5.54439E-1 5.67915E-1 5.24206E-1 4.9421E-1 5.06863E-1 4.58894E-1 4.65055E-1 4.96836E-1 5.42985E-1 4.13412E-1 5.34274E-1 4.3765E-1 3.70431E-1 3.92033E-1 2.76728E-1 2.44E-1 2.36858E-1 2.19926E-1 2.25622E-1 2.19523E-1 1.97368E-1 1.78557E-1 1.38054E-1
7.14785E-1 6.71215E-1 -9999 -9999 -9999 -9999 -9999 -9999 7.89413E-1 7.76856E-1 7.58494E-1 7.35241E-1 6.86837E-1 6.84191E-1 6.57364E-1 5.78665E-1 5.4937E-1 4.86357E-1 4.77351E-1 6.21519E-1 6.29115E-1 5.17818E-1 4.25098E-1 5.43253E-1 6.03896E-1 6.46297E-1 6.82216E-1 7.0814E-1 6.85646E-1 6.97293E-1 6.9314E-1 7.15628E-1 6.85624E-1 6.75108E-1 6.64018E-1 6.39642E-1 6.0385E-1 5.74687E-1 5.74162E-1 5.54544E-1 5.42286E-1 5.24959E-1 5.58199E-1 5.55148E-1 5.90586E-1 6.41117E-1 6.10749E-1 5.13183E-1 5.33257E-1 5.22313E-1 4.13592E-1 4.60363E-1 2.89212E-1 2.67866E-1 2.86276E-1 2.73251E-1 2.57459E-1 2.48478E-1 2.21681E-1 2.09752E-1 1.43187E-1
-9999 -9999 -9999 -9999 -9999 -9999 -9999 -9999 7.55544E-1 7.76287E-1 7.62413E-1 7.65203E-1 7.23404E-1 5.72866E-1 5.83756E-1 5.61926E-1 5.485E-1 5.31761E-1 3.30471E-1 4.59515E-1 6.88434E-1 7.44982E-1 6.51966E-1 5.13025E-1 5.28359E-1 5.88059E-1 7.20464E-1 7.42701E-1 7.33851E-1 7.45994E-1 7.30061E-1 7.18264E-1 7.04414E-1 6.92876E-1 6.70694E-1 6.53423E-1 6.3702E-1 6.03032E-1 5.93233E-1 5.94551E-1 5.81952E-1 5.94E-1 6.0516E-1 6.13837E-1 6.48417E-1 6.72731E-1 6.57165E-1 6.05883E-1 6.02702E-1 6.03343E-1 4.47948E-1 5.19956E-1 4.91261E-1 3.87612E-1 4.46333E-1 3.32432E-1 2.80758E-1 2.68372E-1 2.41297E-1 2.11599E-1 1.6575E-1
-9999 -9999 -9999 -9999 -9999 -9999 -9999 -9999 -9999 -9999 7.7994E-1 7.6662E-1 7.29842E-1 7.00594E-1 5.76007E-1 6.0383E-1 5.89184E-1 4.98422E-1 3.81903E-1 3.54522E-1 3.91036E-1 6.76211E-1 7.51391E-1 7.48795E-1 6.73563E-1 6.41569E-1 5.80732E-1 6.80993E-1 7.50953E-1 7.52355E-1 7.3291E-1 7.00894E-1 7.2088E-1 6.88474E-1 6.50008E-1 6.47278E-1 6.46686E-1 6.31892E-1 6.22122E-1 6.26524E-1 6.45715E-1 6.50206E-1 6.49149E-1 6.26781E-1 6.61136E-1 6.84888E-1 6.95494E-1 6.75756E-1 6.60272E-1 6.43301E-1 6.11927E-1 5.22999E-1 4.94291E-1 4.96787E-1 3.81235E-1 3.69508E-1 3.21633E-1 2.78405E-1 2.41376E-1 2.17779E-1 1.9108E-1
-9999 -9999 -9999 -9999 8.10445E-1 -9999 -9999 7.50888E-1 7.31758E-1 8.2993E-1 -9999 -9999 7.41439E-1 7.2874E-1 6.90581E-1 6.94111E-1 6.35118E-1 4.74586E-1 4.06192E-1 4.00059E-1 5.36448E-1 5.66953E-1 7.36546E-1 7.96431E-1 7.89784E-1 7.24891E-1 6.60547E-1 6.36698E-1 7.02729E-1 7.40681E-1 7.39332E-1 7.36078E-1 7.21796E-1 6.7154E-1 6.25891E-1 6.05909E-1 6.55449E-1 6.48974E-1 6.46902E-1 6.59641E-1 6.5164E-1 6.79467E-1 6.62828E-1 6.42577E-1 6.5433E-1 6.69429E-1 6.93078E-1 6.92102E-1 6.77048E-1 6.4929E-1 6.11474E-1 5.30763E-1 4.23675E-1 4.18255E-1 4.38784E-1 4.61775E-1 4.42277E-1 3.55666E-1 2.89628E-1 2.25755E-1 2.02431E-1
-9999 7.41058E-1 7.12853E-1 -9999 -9999 -9999 -9999 -9999 7.40003E-1 7.505E-1 -9999 -9999 -9999 -9999 7.45016E-1 7.19772E-1 6.58971E-1 5.43697E-1 4.30443E-1 3.7926E-1 5.85279E-1 7.3357E-1 7.68817E-1 7.79915E-1 7.90019E-1 7.90093E-1 7.72766E-1 7.00042E-1 6.87633E-1 7.28481E-1 7.58888E-1 7.40297E-1 7.13516E-1 6.78816E-1 6.83232E-1 6.80561E-1 6.78744E-1 6.92906E-1 6.86804E-1 6.81019E-1 6.94813E-1 6.90487E-1 6.84646E-1 6.78766E-1 6.64692E-1 6.50924E-1 6.71239E-1 6.64932E-1 6.44654E-1 6.1727E-1 6.21748E-1 6.21542E-1 5.38564E-1 4.43901E-1 3.90378E-1 4.42751E-1 4.74614E-1 4.37065E-1 3.68238E-1 2.71324E-1 2.44203E-1
-9999 -9999 -9999 -9999 -9999 -9999 -9999 7.86438E-1 -9999 -9999 -9999 -9999 -9999 -9999 7.87795E-1 7.48462E-1 7.14483E-1 6.29294E-1 5.27715E-1 4.05904E-1 5.1396E-1 6.02086E-1 7.68276E-1 7.75899E-1 7.77859E-1 7.49253E-1 7.34983E-1 7.62896E-1 7.45009E-1 7.22448E-1 7.54905E-1 7.78344E-1 7.66369E-1 7.19978E-1 6.95036E-1 7.27519E-1 7.19708E-1 7.24015E-1 7.16464E-1 7.12379E-1 7.20596E-1 6.97736E-1 6.98811E-1 6.81544E-1 6.54709E-1 6.42923E-1 6.43519E-1 6.26537E-1 6.31537E-1 6.20561E-1 6.16967E-1 6.28602E-1 5.86768E-1 5.72099E-1 5.41885E-1 4.86416E-1 4.0897E-1 3.67652E-1 4.33433E-1 3.85035E-1 3.2077E-1
-9999 -9999 -9999 -9999 -9999 -9999 -9999 7.54864E-1 7.29388E-1 -9999 -9999 -9999 -9999 -9999 -9999 7.58044E-1 7.30241E-1 6.92351E-1 5.99374E-1 3.6794E-1 4.37793E-1 6.54989E-1 7.46044E-1 7.69142E-1 7.73186E-1 7.3478E-1 7.2091E-1 7.46234E-1 7.5614E-1 7.51157E-1 7.41835E-1 7.78079E-1 7.77847E-1 7.54334E-1 7.35429E-1 7.4098E-1 7.27464E-1 7.17182E-1 7.11103E-1 7.14416E-1 7.0955E-1 6.6554E-1 6.93823E-1 6.83984E-1 6.41877E-1 6.28078E-1 6.27149E-1 5.97508E-1 6.16763E-1 5.98441E-1 6.00603E-1 5.88102E-1 5.30042E-1 4.87717E-1 5.49212E-1 4.78679E-1 4.10988E-1 3.40462E-1 3.95332E-1 4.12554E-1 4.09202E-1
-9999 -9999 -9999 -9999 -9999 -9999 -9999 -9999 7.79006E-1 -9999 -9999 -9999 -9999 -9999 -9999 7.91711E-1 7.70236E-1 7.19315E-1 6.07605E-1 4.59925E-1 3.82755E-1 4.75693E-1 6.68335E-1 7.76226E-1 7.61318E-1 7.34821E-1 7.15654E-1 7.2894E-1 7.46507E-1 7.60163E-1 7.63091E-1 7.44299E-1 7.60704E-1 7.76084E-1 7.34721E-1 7.00524E-1 7.18377E-1 7.23411E-1 7.1981E-1 7.09862E-1 6.99888E-1 6.86868E-1 6.89955E-1 6.56408E-1 5.94031E-1 5.8868E-1 6.07888E-1 6.11366E-1 6.05898E-1 5.89949E-1 6.02413E-1 5.78608E-1 5.3296E-1 4.71193E-1 5.00452E-1 4.89441E-1 3.68455E-1 3.61979E-1 3.10351E-1 2.55544E-1 3.79846E-1
-9999 -9999 -9999 -9999 -9999 -9999 -9999 -9999 -9999 -9999 -9999 -9999 -9999 -9999 -9999 -9999 7.77975E-1 7.37238E-1 6.53701E-1 5.4969E-1 4.39247E-1 4.0515E-1 4.48858E-1 7.0588E-1 7.81009E-1 7.74061E-1 7.63351E-1 7.22946E-1 7.06756E-1 6.96547E-1 7.04763E-1 7.29334E-1 7.56155E-1 7.28526E-1 7.23305E-1 7.10138E-1 7.10608E-1 7.20021E-1 7.19371E-1 7.11851E-1 7.05761E-1 6.84787E-1 6.59265E-1 6.08564E-1 5.63482E-1 5.65018E-1 5.92115E-1 6.05017E-1 6.09332E-1 5.90811E-1 5.97729E-1 5.77553E-1 5.27323E-1 4.79418E-1 4.1304E-1 4.81609E-1 4.01025E-1 3.1093E-1 3.28163E-1 2.91252E-1 3.15547E-1
-9999 -9999 -9999 -9999 -9999 -9999 -9999 -9999 -9999 -9999 -9999 -9999 -9999 -9999 -9999 8.30138E-1 7.54107E-1 7.32144E-1 6.71627E-1 6.06988E-1 4.94212E-1 3.88248E-1 3.35577E-1 4.23253E-1 7.71197E-1 7.69673E-1 7.35766E-1 7.29445E-1 6.77799E-1 6.86814E-1 7.54982E-1 7.50999E-1 7.40995E-1 7.08764E-1 6.77454E-1 6.7508E-1 6.92244E-1 6.96757E-1 7.02836E-1 7.01895E-1 6.89134E-1 6.64548E-1 6.36298E-1 5.7419E-1 5.56125E-1 5.61515E-1 5.85658E-1 5.89431E-1 5.8942E-1 5.90811E-1 5.92159E-1 5.71833E-1 5.65385E-1 4.90052E-1 3.03921E-1 4.28107E-1 4.28795E-1 3.52134E-1 3.09809E-1 3.22946E-1 3.30192E-1
-9999 -9999 -9999 -9999 -9999 -9999 -9999 -9999 -9999 -9999 -9999 -9999 -9999 -9999 -9999 -9999 7.5612E-1 7.39452E-1 6.51532E-1 6.06051E-1 5.30094E-1 3.8544E-1 3.09723E-1 3.82577E-1 7.37046E-1 7.59111E-1 7.71813E-1 7.44147E-1 6.88972E-1 7.00017E-1 7.46397E-1 7.52248E-1 7.40623E-1 7.02172E-1 7.01127E-1 6.60685E-1 6.77207E-1 6.77393E-1 6.90339E-1 6.82645E-1 6.69407E-1 6.42467E-1 6.12604E-1 5.71673E-1 5.47348E-1 5.48054E-1 5.61888E-1 5.73535E-1 5.76304E-1 5.62257E-1 5.69895E-1 5.57014E-1 5.67438E-1 5.87509E-1 5.27422E-1 3.55253E-1 3.97871E-1 3.71494E-1 3.28727E-1 3.319E-1 3.28181E-1
-9999 -9999 -9999 -9999 -9999 -9999 -9999 -9999 -9999 -9999 -9999 -9999 -9999 -9999 -9999 -9999 -9999 7.38012E-1 7.13283E-1 6.43928E-1 5.55207E-1 4.47593E-1 3.523E-1 2.92308E-1 6.26197E-1 7.33859E-1 7.76179E-1 7.63466E-1 7.45888E-1 7.40471E-1 7.56486E-1 7.53509E-1 7.59652E-1 7.46572E-1 7.20428E-1 7.16449E-1 7.01719E-1 6.90026E-1 6.96976E-1 6.89529E-1 6.58819E-1 6.42436E-1 5.81296E-1 5.56774E-1 5.47761E-1 5.52737E-1 5.56318E-1 5.29517E-1 5.16957E-1 5.13292E-1 5.2641E-1 5.06476E-1 5.20654E-1 5.34045E-1 4.91902E-1 4.06024E-1 3.8399E-1 3.78532E-1 3.40298E-1 3.35839E-1 3.24231E-1
-9999 -9999 -9999 -9999 -9999 -9999 -9999 -9999 -9999 -9999 -9999 -9999 -9999 -9999 -9999 -9999 -9999 7.55405E-1 7.32537E-1 7.15073E-1 5.88003E-1 5.12697E-1 4.14905E-1 2.99962E-1 5.14879E-1 7.12204E-1 7.80074E-1 7.98713E-1 8.02653E-1 7.77479E-1 7.71553E-1 7.62939E-1 7.60084E-1 7.67383E-1 7.427E-1 7.21921E-1 7.24364E-1 7.06508E-1 7.00536E-1 6.99515E-1 6.78868E-1 6.47795E-1 6.09628E-1 5.8209E-1 5.76062E-1 5.58873E-1 5.4366E-1 5.3379E-1 5.02765E-1 4.34028E-1 4.71987E-1 4.24678E-1 4.61331E-1 4.8407E-1 4.25505E-1 3.94736E-1 3.54693E-1 3.69398E-1 3.41118E-1 3.29187E-1 3.36366E-1
-9999 -9999 -9999 -9999 -9999 -9999 -9999 -9999 -9999 -9999 -9999 -9999 -9999 -9999 -9999 -9999 -9999 -9999 7.68324E-1 7.25253E-1 6.34054E-1 5.1862E-1 4.4167E-1 3.64115E-1 3.81399E-1 6.26081E-1 7.44346E-1 7.79172E-1 8.2789E-1 8.19352E-1 8.07093E-1 7.92228E-1 7.63664E-1 7.67441E-1 7.57576E-1 7.46184E-1 7.43286E-1 7.33248E-1 7.22529E-1 7.06528E-1 6.7789E-1 6.38683E-1 5.9011E-1 5.91128E-1 5.72099E-1 5.63592E-1 5.38094E-1 5.21054E-1 5.00353E-1 4.21192E-1 4.45559E-1 4.29366E-1 4.48567E-1 3.87459E-1 3.22571E-1 3.31936E-1 3.37605E-1 3.72104E-1 3.62994E-1 3.3798E-1 3.45569E-1
-9999 -9999 -9999 -9999 -9999 -9999 -9999 -9999 -9999 -9999 -9999 -9999 -9999 -9999 -9999 -9999 -9999 -9999 7.52076E-1 7.02347E-1 6.63793E-1 5.44789E-1 4.31931E-1 4.25291E-1 4.2825E-1 4.39054E-1 6.66931E-1 7.5916E-1 8.15784E-1 8.28864E-1 8.01754E-1 8.53411E-1 7.93001E-1 7.67629E-1 7.64562E-1 7.77129E-1 7.4849E-1 7.35421E-1 7.52291E-1 7.15057E-1 6.92075E-1 6.53162E-1 6.13691E-1 5.64645E-1 5.50337E-1 5.42523E-1 5.16253E-1 4.88241E-1 4.83645E-1 4.32892E-1 4.15394E-1 4.01351E-1 4.14217E-1 3.85836E-1 3.52719E-1 3.04276E-1 3.27523E-1 3.67207E-1 3.61834E-1 3.47877E-1 3.49603E-1
