maxent_outputs/white_flowers_linear/white_301.asc
ncols         426
nrows         180
xllcorner     -130.0
yllcorner     24.0
cellsize      0.16666666666666666
NODATA_value  -9999
[rows 27 to 53 of 180, columns 244 to 304 of 426]
8.46499E-2 8.78584E-2 9.61468E-2 1.11265E-1 1.26505E-1 1.41298E-1 1.28969E-1 9.63942E-2 8.62561E-2 8.39548E-2 8.3559E-2 9.13333E-2 9.52258E-2 9.26749E-2 1.19244E-1 1.00212E-1 1.04026E-1 1.04204E-1 1.0735E-1 1.07009E-1 1.01425E-1 1.01589E-1 1.06851E-1 9.94188E-2 9.78554E-2 1.11331E-1 1.02368E-1 1.0075E-1 1.00784E-1 9.80059E-2 1.00267E-1 1.00225E-1 1.02869E-1 1.03808E-1 1.08315E-1 1.06676E-1 1.03958E-1 1.0568E-1 1.0374E-1 1.02638E-1 1.01656E-1 1.02379E-1 1.08735E-1 1.1026E-1 1.03657E-1 1.02379E-1 1.03479E-1 1.07953E-1 1.09149E-1 1.06749E-1 1.0359E-1 1.05034E-1 1.07506E-1 1.02131E-1 9.98779E-2 9.66648E-2 9.17063E-2 8.93624E-2 8.91609E-2 8.66855E-2 8.39332E-2
8.30886E-2 8.75186E-2 9.8195E-2 9.20371E-2 8.91748E-2 1.00172E-1 9.77655E-2 9.09389E-2 8.69269E-2 8.27364E-2 7.93912E-2 9.4011E-2 9.08494E-2 1.01796E-1 9.55195E-2 9.80998E-2 1.05503E-1 1.16783E-1 1.11794E-1 1.11406E-1 1.07009E-1 9.88877E-2 9.9638E-2 1.04746E-1 1.04214E-1 1.05347E-1 9.77191E-2 9.89144E-2 9.9791E-2 9.77355E-2 9.80713E-2 1.00511E-1 9.88011E-2 1.03117E-1 1.05519E-1 1.06601E-1 1.04505E-1 1.0338E-1 9.82206E-2 9.88353E-2 1.02116E-1 1.01809E-1 1.03527E-1 1.08206E-1 1.08343E-1 1.08795E-1 1.07716E-1 1.07779E-1 1.11908E-1 1.11581E-1 1.06402E-1 1.05181E-1 1.03094E-1 9.63112E-2 9.65898E-2 9.71321E-2 9.33768E-2 9.09366E-2 9.22098E-2 8.65539E-2 8.85128E-2
8.14171E-2 8.55315E-2 9.38983E-2 9.6374E-2 9.59692E-2 9.73742E-2 1.17635E-1 1.11916E-1 9.01702E-2 9.21953E-2 9.81649E-2 1.0386E-1 9.98239E-2 1.09261E-1 9.98959E-2 1.07353E-1 1.29331E-1 1.37944E-1 1.28747E-1 1.18959E-1 1.02365E-1 1.04264E-1 1.03464E-1 1.12019E-1 1.15207E-1 1.0987E-1 1.01533E-1 1.05303E-1 1.05789E-1 1.05637E-1 1.07622E-1 1.0271E-1 1.00903E-1 1.03742E-1 1.02985E-1 1.10014E-1 1.09962E-1 1.14513E-1 1.09034E-1 1.07224E-1 1.11266E-1 1.04902E-1 1.03926E-1 1.07523E-1 1.06722E-1 1.09239E-1 1.10082E-1 1.0619E-1 1.07613E-1 1.09184E-1 1.04524E-1 1.03085E-1 1.00216E-1 1.00312E-1 1.00944E-1 9.98349E-2 9.59645E-2 9.64069E-2 9.91088E-2 8.91001E-2 9.05194E-2
7.95105E-2 8.06159E-2 9.02105E-2 9.90724E-2 1.04557E-1 1.09998E-1 1.40741E-1 1.69756E-1 1.57744E-1 1.78539E-1 1.58511E-1 1.35448E-1 1.26603E-1 1.37296E-1 1.47211E-1 1.34925E-1 1.37314E-1 1.46222E-1 1.40963E-1 1.27231E-1 1.14423E-1 1.15238E-1 1.12518E-1 1.08906E-1 1.06056E-1 1.01681E-1 1.09425E-1 1.08424E-1 1.05135E-1 1.28164E-1 1.1023E-1 1.06596E-1 1.04279E-1 1.0382E-1 1.08171E-1 1.17679E-1 1.10855E-1 1.0646E-1 1.1025E-1 1.10343E-1 1.0865E-1 1.10163E-1 1.05539E-1 1.03913E-1 1.02457E-1 1.05757E-1 1.08659E-1 1.05406E-1 1.05082E-1 1.07191E-1 1.0414E-1 1.0429E-1 9.8883E-2 1.02885E-1 1.0448E-1 1.26548E-1 1.26137E-1 1.06754E-1 1.03837E-1 9.33968E-2 9.15562E-2
8.49861E-2 8.24703E-2 8.83336E-2 9.65029E-2 1.23985E-1 1.64303E-1 1.31462E-1 1.6055E-1 2.00586E-1 2.46453E-1 2.97661E-1 3.18634E-1 2.79287E-1 2.57587E-1 2.81032E-1 2.8554E-1 2.46017E-1 2.33782E-1 1.54611E-1 1.26647E-1 1.18432E-1 1.18911E-1 1.27055E-1 1.08263E-1 1.02486E-1 1.06237E-1 1.0832E-1 1.14111E-1 1.07207E-1 1.14245E-1 1.11845E-1 1.09405E-1 1.09475E-1 1.08084E-1 1.13957E-1 1.15118E-1 1.13586E-1 1.0987E-1 1.07946E-1 1.1138E-1 1.06655E-1 1.07303E-1 1.09143E-1 1.07017E-1 1.05076E-1 1.02652E-1 1.03545E-1 1.03814E-1 1.03507E-1 1.04873E-1 1.06311E-1 1.01711E-1 1.04279E-1 1.10314E-1 1.14402E-1 1.36136E-1 1.43799E-1 1.19141E-1 1.34377E-1 1.03251E-1 9.64357E-2
1.01512E-1 1.14612E-1 1.47589E-1 1.54817E-1 1.84699E-1 1.94932E-1 2.86208E-1 3.77061E-1 4.39361E-1 4.51954E-1 4.67299E-1 4.7607E-1 4.7562E-1 4.77852E-1 4.73739E-1 4.85658E-1 4.80009E-1 4.55354E-1 2.37814E-1 1.39584E-1 1.28162E-1 1.17232E-1 1.12027E-1 1.09819E-1 1.09524E-1 1.14942E-1 1.08626E-1 1.1085E-1 1.19829E-1 1.11959E-1 1.20398E-1 1.07639E-1 1.10728E-1 1.14388E-1 1.14263E-1 1.15449E-1 1.14362E-1 1.10751E-1 1.1342E-1 1.111E-1 1.09228E-1 1.07787E-1 1.10191E-1 1.10061E-1 1.106E-1 1.08344E-1 1.11412E-1 1.06013E-1 1.04332E-1 1.07089E-1 1.16999E-1 1.09452E-1 1.07097E-1 1.08338E-1 1.08082E-1 1.0704E-1 1.2185E-1 1.25805E-1 1.29238E-1 1.17292E-1 1.08325E-1
1.45404E-1 2.54985E-1 2.59537E-1 2.08853E-1 2.75912E-1 3.69658E-1 4.31733E-1 4.46937E-1 4.65114E-1 4.72612E-1 4.82824E-1 4.97304E-1 5.03257E-1 5.03378E-1 5.11492E-1 5.08433E-1 4.93767E-1 4.69856E-1 3.69741E-1 1.6569E-1 1.36022E-1 1.23113E-1 1.17043E-1 1.14392E-1 1.18198E-1 1.1831E-1 1.12749E-1 1.16009E-1 1.19289E-1 1.21043E-1 1.33312E-1 1.29276E-1 1.23348E-1 1.39369E-1 1.31727E-1 1.2566E-1 1.20977E-1 1.13295E-1 1.18876E-1 1.12981E-1 1.11698E-1 1.10077E-1 1.09682E-1 1.13293E-1 1.15124E-1 1.14966E-1 1.13032E-1 1.16205E-1 1.12909E-1 1.18295E-1 1.24453E-1 1.1742E-1 1.17107E-1 1.17402E-1 1.14919E-1 1.13054E-1 1.20658E-1 1.18015E-1 1.19004E-1 1.19139E-1 1.23419E-1
2.01607E-1 2.69854E-1 3.39278E-1 3.84177E-1 4.09691E-1 4.09907E-1 4.47417E-1 4.6566E-1 4.80058E-1 4.90866E-1 5.06547E-1 5.12328E-1 5.19011E-1 5.19804E-1 5.21602E-1 5.2055E-1 5.0684E-1 4.92703E-1 4.65889E-1 2.21163E-1 1.40878E-1 1.34182E-1 1.30296E-1 1.21993E-1 1.24399E-1 1.26599E-1 1.23306E-1 1.29449E-1 1.28359E-1 1.26034E-1 1.4163E-1 1.45199E-1 1.33328E-1 1.2799E-1 1.24781E-1 1.22056E-1 1.25721E-1 1.17391E-1 1.13568E-1 1.1444E-1 1.20357E-1 1.168E-1 1.15772E-1 1.15113E-1 1.15175E-1 1.15889E-1 1.16419E-1 1.1877E-1 1.19896E-1 1.2009E-1 1.20879E-1 1.16036E-1 1.25548E-1 1.2271E-1 1.29949E-1 1.31558E-1 1.286E-1 1.25394E-1 1.27579E-1 1.31448E-1 1.20769E-1
3.41991E-1 3.84466E-1 3.25872E-1 2.97752E-1 3.02775E-1 4.02584E-1 4.56951E-1 4.83666E-1 4.92392E-1 5.10092E-1 5.26618E-1 5.32164E-1 5.32016E-1 5.32149E-1 5.33577E-1 5.3053E-1 5.23359E-1 5.08693E-1 4.90085E-1 4.01311E-1 2.30571E-1 1.66935E-1 1.50957E-1 1.4699E-1 1.49573E-1 1.46289E-1 1.51985E-1 1.47084E-1 1.46538E-1 1.49587E-1 1.37686E-1 1.40413E-1 1.38544E-1 1.27197E-1 1.27158E-1 1.31481E-1 1.32189E-1 1.28118E-1 1.16346E-1 1.2188E-1 1.21529E-1 1.25732E-1 1.3195E-1 1.18194E-1 1.18165E-1 1.14572E-1 1.1726E-1 1.21931E-1 1.19746E-1 1.20871E-1 1.25088E-1 1.29848E-1 1.33732E-1 1.28732E-1 1.32226E-1 1.38893E-1 1.36211E-1 1.35634E-1 1.36056E-1 1.29781E-1 1.2727E-1
3.53667E-1 2.60235E-1 3.05441E-1 3.81316E-1 4.3698E-1 4.64247E-1 4.79823E-1 4.9497E-1 5.08551E-1 5.30335E-1 5.38794E-1 5.40385E-1 5.39012E-1 5.4261E-1 5.92492E-1 5.91985E-1 5.92858E-1 5.79635E-1 5.63799E-1 5.42939E-1 4.70603E-1 3.69303E-1 3.29379E-1 3.25123E-1 3.63252E-1 3.94631E-1 3.08218E-1 1.88796E-1 1.68953E-1 1.52418E-1 1.42607E-1 1.31945E-1 1.43526E-1 1.38216E-1 1.3444E-1 1.33147E-1 1.36728E-1 1.23041E-1 1.21617E-1 1.23622E-1 1.23019E-1 1.24946E-1 1.19974E-1 1.15901E-1 1.18696E-1 1.19099E-1 1.29159E-1 1.3302E-1 1.31402E-1 1.31494E-1 1.30113E-1 1.33478E-1 1.35556E-1 1.31122E-1 1.37932E-1 1.35764E-1 1.33012E-1 1.3722E-1 1.34715E-1 1.30058E-1 1.29642E-1
4.02207E-1 3.92869E-1 4.40869E-1 4.5157E-1 4.65695E-1 4.83288E-1 4.95024E-1 5.04461E-1 5.25911E-1 5.3168E-1 5.35452E-1 5.31426E-1 5.42736E-1 5.48837E-1 5.98193E-1 5.96528E-1 5.95086E-1 5.86752E-1 5.79155E-1 5.70958E-1 3.91576E-1 3.21631E-1 3.9451E-1 5.01417E-1 5.03142E-1 5.03352E-1 2.59188E-1 1.87643E-1 1.70137E-1 1.56438E-1 1.56289E-1 1.46942E-1 1.3846E-1 1.32542E-1 1.41974E-1 1.28776E-1 1.26481E-1 1.18845E-1 1.24401E-1 1.29418E-1 1.27821E-1 1.2079E-1 1.31127E-1 1.33747E-1 1.26229E-1 1.23821E-1 1.31392E-1 1.38318E-1 1.3027E-1 1.36083E-1 1.36852E-1 1.33264E-1 1.35558E-1 1.39255E-1 1.39944E-1 1.39357E-1 1.34061E-1 1.32152E-1 1.34438E-1 1.24318E-1 1.27844E-1
4.20292E-1 4.3639E-1 4.51127E-1 4.65549E-1 4.89214E-1 4.81226E-1 4.9418E-1 4.68076E-1 4.61965E-1 4.87762E-1 5.05196E-1 5.22967E-1 5.35515E-1 5.45565E-1 6.04182E-1 5.97452E-1 5.98484E-1 5.94079E-1 5.87154E-1 5.80643E-1 5.15976E-1 5.02103E-1 5.18943E-1 5.18891E-1 5.20932E-1 4.94848E-1 2.63516E-1 2.10826E-1 1.84617E-1 1.66295E-1 1.53509E-1 1.51486E-1 1.40267E-1 1.44288E-1 1.44579E-1 1.31175E-1 1.28289E-1 1.24095E-1 1.22441E-1 1.21035E-1 1.23857E-1 1.23874E-1 1.30053E-1 1.25995E-1 1.29076E-1 1.30985E-1 1.29754E-1 1.33239E-1 1.3428E-1 1.32254E-1 1.37014E-1 1.41805E-1 1.34551E-1 1.36174E-1 1.44477E-1 1.4485E-1 1.42333E-1 1.3913E-1 1.46823E-1 1.3731E-1 1.43714E-1
4.27735E-1 4.39937E-1 4.408E-1 4.59034E-1 4.56409E-1 3.88988E-1 3.02599E-1 2.96088E-1 3.2308E-1 3.56824E-1 4.28795E-1 4.81993E-1 5.1971E-1 5.40035E-1 5.98405E-1 5.97866E-1 5.99283E-1 5.98213E-1 5.91575E-1 5.86898E-1 5.3069E-1 5.02995E-1 5.42383E-1 5.38249E-1 5.35897E-1 5.25903E-1 4.61464E-1 3.50169E-1 2.15695E-1 1.67449E-1 1.58116E-1 1.60006E-1 1.51307E-1 1.51242E-1 1.47812E-1 1.44838E-1 1.38382E-1 1.41774E-1 1.34363E-1 1.33729E-1 1.35143E-1 1.30365E-1 1.26921E-1 1.30189E-1 1.25522E-1 1.27839E-1 1.28808E-1 1.28484E-1 1.24614E-1 1.27715E-1 1.33458E-1 1.3963E-1 1.40816E-1 1.46326E-1 1.52576E-1 1.55262E-1 1.50237E-1 1.45183E-1 1.73303E-1 1.43224E-1 1.40428E-1
4.25997E-1 4.3008E-1 4.16059E-1 3.89625E-1 3.04092E-1 2.52607E-1 2.65016E-1 3.40041E-1 4.21319E-1 4.57206E-1 4.58725E-1 4.58786E-1 4.81944E-1 5.11559E-1 5.80654E-1 5.91888E-1 5.93418E-1 5.9621E-1 5.92989E-1 5.87812E-1 5.33412E-1 5.34629E-1 5.47364E-1 5.48887E-1 5.50608E-1 5.37741E-1 5.23414E-1 4.50285E-1 2.61372E-1 1.78154E-1 1.67998E-1 1.55846E-1 1.52345E-1 1.50721E-1 1.5785E-1 1.55181E-1 1.49853E-1 1.44249E-1 1.37841E-1 1.34483E-1 1.4007E-1 1.4182E-1 1.51696E-1 1.41484E-1 1.31646E-1 1.26207E-1 1.34544E-1 1.2984E-1 1.33547E-1 1.42635E-1 1.38649E-1 1.45162E-1 1.47021E-1 1.46151E-1 1.68495E-1 1.57059E-1 1.51685E-1 1.48066E-1 1.53337E-1 1.67876E-1 1.48784E-1
3.8975E-1 3.65792E-1 3.18569E-1 2.56186E-1 2.4464E-1 2.68173E-1 3.69894E-1 4.37461E-1 4.51258E-1 4.53056E-1 4.51427E-1 4.5627E-1 4.67976E-1 4.87135E-1 5.68817E-1 5.83251E-1 5.84992E-1 5.85389E-1 5.83178E-1 5.81659E-1 5.32758E-1 5.36544E-1 5.45227E-1 5.52938E-1 5.51887E-1 5.44032E-1 5.20291E-1 3.60165E-1 2.11376E-1 1.94134E-1 1.79902E-1 1.67375E-1 1.68012E-1 1.68866E-1 1.65813E-1 1.59284E-1 1.56405E-1 1.48195E-1 1.39062E-1 1.34161E-1 1.42811E-1 1.40977E-1 1.36249E-1 1.39559E-1 1.37162E-1 1.2992E-1 1.41182E-1 1.45318E-1 1.46357E-1 1.46905E-1 1.40851E-1 1.46624E-1 1.57086E-1 1.59374E-1 1.67204E-1 1.79863E-1 1.60648E-1 1.59365E-1 1.59784E-1 1.81812E-1 1.71187E-1
2.59615E-1 2.32671E-1 2.09828E-1 2.05688E-1 2.27036E-1 2.85459E-1 3.14735E-1 3.01841E-1 3.1818E-1 3.74767E-1 4.31691E-1 4.5942E-1 4.58393E-1 4.73773E-1 4.91372E-1 5.1118E-1 5.08455E-1 5.05723E-1 5.10277E-1 5.06197E-1 5.06787E-1 5.21321E-1 5.22425E-1 5.22069E-1 5.28314E-1 5.21107E-1 5.13198E-1 4.19075E-1 3.23643E-1 2.58864E-1 2.00964E-1 1.84568E-1 1.86708E-1 1.8057E-1 1.7987E-1 1.72063E-1 1.73369E-1 1.71443E-1 1.59209E-1 1.43844E-1 1.44853E-1 1.46753E-1 1.35374E-1 1.42674E-1 1.54282E-1 1.48659E-1 1.49118E-1 1.4469E-1 1.45413E-1 1.48349E-1 1.52623E-1 1.62687E-1 1.6987E-1 1.71224E-1 1.76696E-1 1.93119E-1 1.73617E-1 1.61159E-1 1.62146E-1 1.65787E-1 1.90997E-1
1.88214E-1 1.75225E-1 1.74158E-1 1.92287E-1 2.04574E-1 2.14386E-1 1.91815E-1 1.83303E-1 1.94825E-1 2.36922E-1 2.99844E-1 4.35735E-1 4.53924E-1 4.56078E-1 4.68805E-1 4.8711E-1 4.82693E-1 4.84588E-1 4.69709E-1 4.44882E-1 4.01037E-1 3.98633E-1 4.34727E-1 3.80643E-1 3.39985E-1 3.1894E-1 4.25419E-1 4.67253E-1 3.84365E-1 2.74974E-1 2.17515E-1 2.04137E-1 2.07687E-1 1.94979E-1 1.84763E-1 1.78009E-1 1.69358E-1 1.70356E-1 1.62435E-1 1.66787E-1 1.55029E-1 1.51616E-1 1.5919E-1 1.58408E-1 1.60876E-1 1.63574E-1 1.58765E-1 1.52897E-1 1.54822E-1 1.57406E-1 1.66662E-1 2.45453E-1 1.96166E-1 1.89525E-1 1.75367E-1 1.73453E-1 1.8125E-1 1.73507E-1 1.63151E-1 1.58986E-1 1.65842E-1
1.53708E-1 1.61486E-1 1.51965E-1 1.60471E-1 1.50296E-1 1.40886E-1 1.39144E-1 1.43288E-1 1.50159E-1 1.7832E-1 2.14013E-1 2.93297E-1 4.16463E-1 4.03253E-1 4.2945E-1 4.40394E-1 4.33743E-1 3.80453E-1 2.93546E-1 2.53914E-1 2.54273E-1 2.49569E-1 2.38711E-1 2.35977E-1 2.42815E-1 2.67499E-1 4.14009E-1 4.48383E-1 3.67184E-1 2.31336E-1 2.22116E-1 2.35127E-1 2.30944E-1 2.06011E-1 1.93769E-1 1.95887E-1 1.83235E-1 1.91097E-1 1.81204E-1 1.8439E-1 1.72099E-1 1.76209E-1 1.75407E-1 1.79776E-1 1.82424E-1 1.82922E-1 1.76268E-1 1.82604E-1 1.77354E-1 1.68081E-1 1.63129E-1 1.79336E-1 1.9621E-1 1.95337E-1 1.93216E-1 1.89431E-1 1.81965E-1 1.7465E-1 1.6852E-1 1.63408E-1 1.61873E-1
1.44885E-1 1.41341E-1 1.39949E-1 1.32824E-1 1.27354E-1 1.23765E-1 1.31907E-1 1.34982E-1 1.38069E-1 1.55558E-1 1.75437E-1 1.90662E-1 2.27975E-1 2.36727E-1 2.62645E-1 2.84674E-1 2.82989E-1 2.62059E-1 2.43281E-1 2.20357E-1 2.14478E-1 2.29178E-1 2.1931E-1 2.2198E-1 2.37743E-1 2.43186E-1 2.65977E-1 2.68251E-1 2.61837E-1 2.23699E-1 2.33041E-1 2.48308E-1 2.40025E-1 2.25122E-1 2.05992E-1 2.03358E-1 2.03986E-1 2.03777E-1 2.08469E-1 1.91192E-1 1.96714E-1 2.04724E-1 1.89023E-1 1.89981E-1 1.93134E-1 1.9337E-1 1.94643E-1 2.02073E-1 1.98524E-1 1.90266E-1 1.88027E-1 2.01714E-1 2.1367E-1 2.07018E-1 2.05729E-1 2.09896E-1 2.06595E-1 1.94351E-1 1.73735E-1 1.59891E-1 1.59799E-1
1.24422E-1 1.23285E-1 1.30413E-1 1.28949E-1 1.23469E-1 1.24842E-1 1.34912E-1 1.40312E-1 1.47953E-1 1.63177E-1 1.74119E-1 1.73043E-1 1.88761E-1 2.01268E-1 2.06663E-1 2.20209E-1 2.474E-1 2.54687E-1 2.31865E-1 2.24196E-1 2.43491E-1 2.62157E-1 2.37117E-1 2.27122E-1 2.44746E-1 2.40694E-1 2.27396E-1 2.34811E-1 2.14567E-1 2.17028E-1 2.38926E-1 2.59457E-1 2.50799E-1 2.97861E-1 2.98636E-1 2.79685E-1 2.57487E-1 2.40113E-1 2.3647E-1 2.37104E-1 2.21258E-1 2.28653E-1 2.20261E-1 2.15797E-1 2.20738E-1 2.19804E-1 2.23242E-1 2.40432E-1 2.46515E-1 2.17836E-1 2.19474E-1 2.21393E-1 2.27284E-1 2.29149E-1 2.30592E-1 2.4144E-1 2.49017E-1 2.50574E-1 2.52149E-1 2.00307E-1 1.68777E-1
1.14197E-1 1.17847E-1 1.21349E-1 1.2432E-1 1.1891E-1 1.29471E-1 1.35363E-1 1.40707E-1 1.55369E-1 1.6325E-1 1.68779E-1 1.71801E-1 1.84333E-1 2.00543E-1 2.13992E-1 2.26987E-1 2.38699E-1 2.49721E-1 2.47967E-1 2.48621E-1 2.55324E-1 2.65724E-1 2.74347E-1 3.0045E-1 2.88926E-1 2.71782E-1 2.61593E-1 2.60985E-1 2.65519E-1 2.41175E-1 2.35578E-1 2.49546E-1 2.79958E-1 2.8903E-1 3.00728E-1 3.64044E-1 3.73996E-1 3.68779E-1 3.62707E-1 3.65095E-1 3.54638E-1 3.37972E-1 3.12177E-1 2.90809E-1 2.64585E-1 2.65013E-1 2.67956E-1 2.53386E-1 2.49338E-1 2.45232E-1 2.42658E-1 2.41097E-1 2.47272E-1 2.45036E-1 2.43091E-1 2.34657E-1 2.23414E-1 2.15853E-1 2.00623E-1 1.75758E-1 1.59439E-1
1.13343E-1 1.17021E-1 1.22329E-1 1.28492E-1 1.30955E-1 1.36361E-1 1.38512E-1 1.4381E-1 1.57001E-1 1.6376E-1 1.68603E-1 1.74768E-1 1.85763E-1 2.06608E-1 2.17171E-1 2.34614E-1 2.50569E-1 2.44856E-1 3.1647E-1 3.49484E-1 3.44598E-1 3.65903E-1 3.88521E-1 3.75924E-1 3.69361E-1 3.63291E-1 3.12589E-1 2.91559E-1 3.23199E-1 3.57121E-1 3.70116E-1 3.81192E-1 3.75261E-1 3.45215E-1 3.18367E-1 2.97589E-1 3.04257E-1 3.11111E-1 2.89283E-1 3.18556E-1 2.98729E-1 2.81026E-1 2.86111E-1 3.11524E-1 2.71219E-1 3.50173E-1 3.93006E-1 4.30293E-1 3.93446E-1 3.56904E-1 3.38651E-1 2.72918E-1 2.66931E-1 2.65589E-1 2.5918E-1 2.49354E-1 2.3756E-1 2.18584E-1 1.97893E-1 1.82696E-1 1.73403E-1
1.10166E-1 1.13833E-1 1.22412E-1 1.25723E-1 1.29537E-1 1.31257E-1 1.37568E-1 1.4518E-1 1.55821E-1 1.64696E-1 1.65989E-1 1.80572E-1 1.96838E-1 2.45436E-1 2.67242E-1 2.87742E-1 2.82386E-1 3.49921E-1 4.18068E-1 4.51221E-1 4.48033E-1 4.082E-1 3.24847E-1 3.30644E-1 3.86892E-1 3.55226E-1 2.9875E-1 2.79171E-1 2.80358E-1 3.03294E-1 4.08394E-1 4.40134E-1 4.52047E-1 4.55361E-1 4.59498E-1 4.49434E-1 4.47144E-1 4.27704E-1 4.13487E-1 4.16395E-1 3.86746E-1 3.0892E-1 2.95817E-1 2.92058E-1 3.1805E-1 3.26467E-1 4.20121E-1 5.36686E-1 5.38255E-1 5.33915E-1 5.39767E-1 4.94135E-1 3.02008E-1 2.85638E-1 2.8922E-1 2.78695E-1 2.53038E-1 2.33507E-1 2.17648E-1 2.07816E-1 1.97163E-1
1.16338E-1 1.1473E-1 1.18315E-1 1.27708E-1 1.2968E-1 1.34326E-1 1.40475E-1 1.48371E-1 1.61209E-1 1.7184E-1 1.75342E-1 1.98302E-1 2.57551E-1 3.41062E-1 3.41476E-1 3.26749E-1 3.52706E-1 4.27688E-1 4.41733E-1 4.45945E-1 4.39833E-1 4.23533E-1 3.48861E-1 3.94914E-1 4.04393E-1 3.12093E-1 2.59259E-1 2.56895E-1 2.59066E-1 2.60582E-1 2.76261E-1 3.49566E-1 4.15439E-1 4.48059E-1 4.5106E-1 4.57655E-1 4.67107E-1 4.74777E-1 4.70045E-1 4.90607E-1 4.99779E-1 5.0184E-1 4.68403E-1 4.00196E-1 3.88179E-1 4.06078E-1 5.42988E-1 5.48122E-1 5.615E-1 5.65325E-1 5.6563E-1 5.66405E-1 4.74859E-1 3.38817E-1 3.12329E-1 2.99321E-1 2.72404E-1 2.59615E-1 2.42862E-1 2.29063E-1 2.251E-1
1.17852E-1 1.20179E-1 1.24E-1 1.26116E-1 1.34359E-1 1.42154E-1 1.47976E-1 1.5578E-1 1.68907E-1 1.79656E-1 1.85348E-1 2.21881E-1 3.13313E-1 3.41755E-1 3.06383E-1 3.44995E-1 4.04324E-1 4.33712E-1 4.41721E-1 4.41906E-1 4.15468E-1 4.11606E-1 4.31623E-1 4.24597E-1 3.97512E-1 3.25504E-1 2.68573E-1 2.60592E-1 2.68059E-1 2.49892E-1 2.5845E-1 2.60611E-1 2.73623E-1 3.28948E-1 3.85636E-1 4.35478E-1 4.54849E-1 4.67314E-1 4.82173E-1 4.8795E-1 5.0045E-1 5.11398E-1 5.22871E-1 5.37995E-1 5.31322E-1 5.01947E-1 5.61995E-1 5.67982E-1 5.80453E-1 5.80589E-1 5.82177E-1 5.74447E-1 5.58682E-1 4.52226E-1 3.30247E-1 3.31404E-1 2.91726E-1 2.74828E-1 2.61914E-1 2.52611E-1 2.52752E-1
1.17193E-1 1.14244E-1 1.22905E-1 1.31798E-1 1.43298E-1 1.53646E-1 1.61043E-1 1.66605E-1 1.78111E-1 1.95619E-1 2.1855E-1 2.87963E-1 3.22021E-1 2.82401E-1 3.32591E-1 3.87341E-1 4.11847E-1 4.27194E-1 4.33827E-1 4.24669E-1 4.31013E-1 4.30793E-1 3.89976E-1 3.76574E-1 3.00674E-1 2.81236E-1 2.57718E-1 2.42759E-1 2.31904E-1 2.36566E-1 2.34787E-1 2.41818E-1 2.46812E-1 2.54673E-1 2.82257E-1 3.2814E-1 4.27002E-1 4.5706E-1 4.73014E-1 4.82226E-1 4.93057E-1 5.1241E-1 5.24151E-1 5.38361E-1 5.58194E-1 5.16693E-1 4.70063E-1 4.81538E-1 5.35923E-1 5.73306E-1 5.74015E-1 5.71548E-1 5.65633E-1 5.46274E-1 4.25896E-1 3.61959E-1 3.08805E-1 3.15993E-1 3.04526E-1 2.83718E-1 2.68527E-1
1.22871E-1 1.22803E-1 1.39291E-1 1.49359E-1 1.65438E-1 1.6248E-1 1.64023E-1 1.72042E-1 1.85649E-1 2.17703E-1 2.79979E-1 3.37891E-1 2.63678E-1 2.99897E-1 3.84572E-1 3.99746E-1 4.09901E-1 4.25925E-1 4.35378E-1 3.79785E-1 4.02017E-1 3.88936E-1 3.3194E-1 3.59729E-1 2.82406E-1 2.56902E-1 2.25191E-1 2.04824E-1 2.13103E-1 2.20784E-1 2.30312E-1 2.40418E-1 2.46171E-1 2.62591E-1 2.79929E-1 3.08323E-1 3.74688E-1 4.50387E-1 4.65448E-1 4.75763E-1 4.85943E-1 5.06916E-1 5.20911E-1 5.36419E-1 5.53573E-1 5.54299E-1 5.06394E-1 4.2193E-1 4.78671E-1 5.60997E-1 5.71698E-1 5.77489E-1 5.74107E-1 5.61994E-1 5.55926E-1 4.5418E-1 3.53567E-1 3.35093E-1 3.49521E-1 3.07696E-1 2.6899E-1
