maxent_outputs/white_flowers_linear/white_20.asc
ncols         426
nrows         180
xllcorner     -130.0
yllcorner     24.0
cellsize      0.16666666666666666
NODATA_value  -9999
[rows 27 to 53 of 180, columns 305 to 365 of 426]
2.45681E-2 2.46483E-2 2.47515E-2 2.55098E-2 2.45154E-2 2.46271E-2 2.43215E-2 2.38619E-2 2.39858E-2 2.46178E-2 2.49442E-2 2.42658E-2 2.31768E-2 2.37372E-2 2.42252E-2 2.56345E-2 2.73723E-2 2.61524E-2 2.39566E-2 2.3729E-2 2.2723E-2 2.20948E-2 2.25099E-2 2.29021E-2 2.09726E-2 2.12296E-2 2.13815E-2 1.88438E-2 1.91429E-2 1.93148E-2 1.82888E-2 1.74116E-2 1.75808E-2 1.72533E-2 1.77223E-2 1.55259E-2 1.72843E-2 1.77182E-2 1.8805E-2 1.92617E-2 1.92364E-2 2.16837E-2 2.26941E-2 2.26439E-2 2.04723E-2 1.95645E-2 2.04041E-2 2.23909E-2 1.87084E-2 1.91046E-2 1.76165E-2 1.8796E-2 1.85527E-2 1.83779E-2 2.08251E-2 2.15718E-2 2.1729E-2 2.55081E-2 2.14432E-2 2.14903E-2 2.36021E-2
2.39785E-2 2.4149E-2 2.45991E-2 2.43665E-2 2.368E-2 2.39695E-2 2.39303E-2 2.35345E-2 2.30047E-2 2.39095E-2 2.54039E-2 2.5408E-2 2.54434E-2 2.4527E-2 2.48855E-2 2.40823E-2 2.45324E-2 2.29855E-2 2.20706E-2 2.14244E-2 2.04697E-2 2.07897E-2 2.14715E-2 2.08631E-2 2.0064E-2 2.1022E-2 1.97607E-2 1.87649E-2 1.90301E-2 1.90978E-2 1.91329E-2 1.8217E-2 1.85584E-2 1.77415E-2 1.74594E-2 1.75499E-2 1.80511E-2 1.90676E-2 2.02168E-2 2.13716E-2 2.08795E-2 2.23743E-2 2.3495E-2 2.26759E-2 2.08799E-2 1.79184E-2 2.01463E-2 2.24799E-2 1.93278E-2 1.76155E-2 1.62953E-2 1.68269E-2 1.77012E-2 1.74216E-2 2.05827E-2 2.15892E-2 2.03114E-2 2.22237E-2 2.43907E-2 2.91273E-2 2.83154E-2
2.60869E-2 2.55196E-2 2.45358E-2 2.37419E-2 2.37353E-2 2.46166E-2 2.44957E-2 2.34995E-2 2.34848E-2 2.48359E-2 2.56767E-2 2.67353E-2 2.83844E-2 2.96811E-2 2.47385E-2 2.31985E-2 2.18955E-2 2.19056E-2 2.12268E-2 2.07862E-2 2.03195E-2 2.02462E-2 2.02766E-2 2.03849E-2 1.95905E-2 1.87359E-2 1.92785E-2 1.87532E-2 1.842E-2 1.80433E-2 1.85147E-2 1.81767E-2 1.85248E-2 1.82688E-2 1.79152E-2 1.89282E-2 2.08121E-2 2.16506E-2 2.21342E-2 2.30571E-2 2.34047E-2 2.36448E-2 2.41412E-2 2.39702E-2 2.38298E-2 2.27576E-2 2.05604E-2 2.24372E-2 2.30765E-2 1.88428E-2 1.68611E-2 1.62731E-2 1.7396E-2 1.82332E-2 1.82155E-2 1.95778E-2 2.13755E-2 2.19045E-2 2.28866E-2 2.84014E-2 3.42701E-2
2.52654E-2 2.53771E-2 2.39654E-2 2.59986E-2 2.54154E-2 2.34221E-2 2.37602E-2 2.35155E-2 2.34018E-2 2.52952E-2 2.55877E-2 2.55036E-2 2.65442E-2 2.4831E-2 2.2941E-2 2.21559E-2 2.15173E-2 2.17537E-2 2.03999E-2 2.10485E-2 2.1407E-2 2.14466E-2 2.07121E-2 1.99269E-2 1.88684E-2 1.87898E-2 1.88582E-2 1.84461E-2 1.88214E-2 1.81372E-2 1.78174E-2 1.75815E-2 1.70762E-2 1.64612E-2 1.7833E-2 1.92237E-2 2.07797E-2 2.37158E-2 2.4626E-2 2.45547E-2 2.49869E-2 2.60662E-2 2.61943E-2 2.6519E-2 2.62412E-2 2.63842E-2 2.60172E-2 2.20366E-2 2.17681E-2 1.5171E-2 1.53029E-2 1.50739E-2 1.77366E-2 1.72036E-2 1.85417E-2 1.90752E-2 2.34215E-2 2.58254E-2 3.07227E-2 3.3165E-2 4.30866E-2
2.53022E-2 2.70483E-2 2.40012E-2 2.37633E-2 2.36809E-2 2.35339E-2 2.43737E-2 2.48972E-2 2.49242E-2 2.45876E-2 2.43167E-2 2.3779E-2 2.5998E-2 2.7361E-2 2.21581E-2 2.09679E-2 2.07946E-2 2.08936E-2 2.10498E-2 2.14593E-2 2.29625E-2 2.17331E-2 2.08747E-2 2.08258E-2 2.10649E-2 2.06698E-2 2.15702E-2 2.22058E-2 1.92141E-2 1.85944E-2 1.74404E-2 1.81923E-2 1.66746E-2 1.51358E-2 1.61942E-2 1.67585E-2 1.90317E-2 2.24596E-2 2.83675E-2 2.99485E-2 2.92946E-2 3.35773E-2 3.56333E-2 3.16564E-2 3.0243E-2 2.70544E-2 2.7025E-2 2.50433E-2 2.31602E-2 1.62208E-2 1.4973E-2 1.50545E-2 1.51885E-2 1.48161E-2 1.81527E-2 2.0967E-2 2.68368E-2 3.16641E-2 3.6712E-2 4.15206E-2 4.77474E-2
2.54761E-2 2.64413E-2 2.75875E-2 2.61025E-2 2.3877E-2 2.35058E-2 2.40016E-2 2.22689E-2 2.37828E-2 2.63381E-2 2.30404E-2 2.28677E-2 2.73298E-2 2.29333E-2 2.11409E-2 2.24537E-2 2.30364E-2 2.17098E-2 2.24269E-2 2.41388E-2 2.39939E-2 2.29592E-2 2.12716E-2 2.33925E-2 2.40683E-2 2.39727E-2 2.44368E-2 2.42036E-2 2.2206E-2 1.90022E-2 2.0248E-2 1.93024E-2 1.76052E-2 1.53934E-2 1.59596E-2 1.67277E-2 1.67782E-2 2.0068E-2 2.33063E-2 2.8319E-2 3.21949E-2 4.57991E-2 6.1814E-2 6.01016E-2 4.20852E-2 3.14274E-2 3.02618E-2 2.7586E-2 2.89004E-2 2.66703E-2 2.06386E-2 1.66145E-2 1.53693E-2 1.59064E-2 2.0514E-2 2.44316E-2 2.60516E-2 3.26047E-2 4.43971E-2 4.91064E-2 5.35155E-2
2.89936E-2 2.71192E-2 2.58282E-2 2.84731E-2 2.96578E-2 2.99847E-2 2.87765E-2 2.61655E-2 2.65261E-2 2.49639E-2 2.37764E-2 2.42127E-2 2.55289E-2 2.22919E-2 2.16187E-2 2.36575E-2 2.36782E-2 2.18725E-2 2.11208E-2 2.14653E-2 2.19855E-2 2.33027E-2 2.42525E-2 2.51993E-2 2.57401E-2 2.15328E-2 2.18807E-2 2.29049E-2 2.23164E-2 2.36494E-2 2.33546E-2 2.03932E-2 1.8911E-2 1.70891E-2 1.62463E-2 1.75471E-2 1.84534E-2 2.08126E-2 2.16199E-2 2.27771E-2 2.61848E-2 3.06725E-2 3.80617E-2 4.24963E-2 3.48991E-2 3.3515E-2 3.50823E-2 3.59555E-2 3.56361E-2 4.03201E-2 4.10232E-2 3.49006E-2 3.09235E-2 2.39714E-2 2.50466E-2 3.09348E-2 3.35914E-2 3.90541E-2 4.94254E-2 5.38182E-2 -9999
3.01513E-2 3.1496E-2 2.96449E-2 3.06214E-2 3.37421E-2 3.24702E-2 3.22416E-2 2.78801E-2 2.79428E-2 2.80201E-2 2.92106E-2 2.60433E-2 2.34447E-2 2.26786E-2 2.32127E-2 2.22537E-2 2.28015E-2 2.21352E-2 2.25647E-2 2.13366E-2 2.28513E-2 2.30584E-2 2.28705E-2 2.40036E-2 2.36428E-2 2.10003E-2 2.01081E-2 2.11169E-2 2.07946E-2 2.09234E-2 2.1652E-2 2.17373E-2 1.95468E-2 1.82959E-2 1.82584E-2 1.88639E-2 2.01376E-2 2.53976E-2 2.32016E-2 2.306E-2 2.35902E-2 2.69635E-2 2.61362E-2 2.75674E-2 2.74137E-2 2.81604E-2 2.98806E-2 3.03798E-2 3.08272E-2 3.3857E-2 3.25697E-2 3.10275E-2 2.97829E-2 3.81134E-2 4.71831E-2 5.31878E-2 4.21045E-2 4.78706E-2 4.85968E-2 -9999 7.1523E-2
3.03935E-2 3.26197E-2 2.98528E-2 2.78145E-2 2.77556E-2 2.84926E-2 3.08568E-2 3.27754E-2 2.95315E-2 2.63204E-2 2.78326E-2 2.94131E-2 2.81225E-2 2.5662E-2 2.41556E-2 2.38809E-2 2.2236E-2 2.18175E-2 2.26496E-2 2.42608E-2 2.36786E-2 2.32109E-2 2.44962E-2 2.4317E-2 2.05127E-2 1.97523E-2 2.10116E-2 2.11634E-2 2.09169E-2 2.0209E-2 2.17078E-2 2.44564E-2 2.29697E-2 2.07167E-2 2.18947E-2 2.27334E-2 2.46527E-2 2.61183E-2 2.59919E-2 2.38903E-2 2.32305E-2 2.34794E-2 2.17966E-2 2.51439E-2 2.47566E-2 2.33039E-2 2.28108E-2 2.14083E-2 2.31609E-2 2.42447E-2 2.51884E-2 2.53032E-2 2.2125E-2 2.74018E-2 3.82044E-2 4.77461E-2 5.88068E-2 7.75418E-2 7.91656E-2 5.55414E-2 4.72438E-2
3.38564E-2 3.18147E-2 3.14429E-2 3.0582E-2 3.05132E-2 2.93333E-2 3.00857E-2 2.84827E-2 2.83906E-2 2.68462E-2 2.67142E-2 2.90644E-2 2.82173E-2 2.73041E-2 2.60225E-2 2.6351E-2 2.58549E-2 2.5896E-2 2.46296E-2 2.45548E-2 2.44485E-2 2.42783E-2 2.47514E-2 2.36999E-2 2.13262E-2 2.04011E-2 2.25901E-2 2.19709E-2 2.20277E-2 2.17954E-2 2.36219E-2 2.52386E-2 2.6116E-2 2.56187E-2 2.64365E-2 2.54766E-2 2.79658E-2 2.86334E-2 3.03311E-2 2.86398E-2 2.67555E-2 2.5629E-2 2.34622E-2 2.24921E-2 2.32996E-2 1.88542E-2 1.71368E-2 1.61482E-2 1.39262E-2 1.55162E-2 1.75512E-2 1.87027E-2 2.59896E-2 2.60724E-2 3.70509E-2 5.19712E-2 6.77474E-2 7.21871E-2 5.57538E-2 4.12004E-2 3.84219E-2
3.33303E-2 3.31779E-2 3.14564E-2 2.95228E-2 3.04264E-2 3.15236E-2 3.11319E-2 3.02205E-2 2.8714E-2 2.87034E-2 2.99536E-2 2.87252E-2 2.77332E-2 2.65977E-2 2.55444E-2 2.62532E-2 2.7276E-2 2.68294E-2 2.57492E-2 2.46785E-2 2.52568E-2 2.48911E-2 2.50693E-2 2.34446E-2 2.20794E-2 2.22853E-2 2.25618E-2 2.17725E-2 2.20222E-2 2.28046E-2 2.43955E-2 2.70029E-2 2.5692E-2 2.69309E-2 2.87245E-2 3.03714E-2 2.95998E-2 3.09491E-2 3.07115E-2 3.02741E-2 2.7688E-2 2.51571E-2 2.457E-2 2.39065E-2 2.12923E-2 1.76995E-2 1.4807E-2 1.44043E-2 1.24715E-2 1.35533E-2 1.4325E-2 1.97514E-2 4.42741E-2 4.02781E-2 3.85272E-2 5.6464E-2 7.35679E-2 5.26088E-2 4.12215E-2 3.3091E-2 3.27151E-2
3.39333E-2 3.24641E-2 3.67358E-2 3.29102E-2 2.93179E-2 2.89966E-2 3.07944E-2 2.87181E-2 2.83219E-2 2.94874E-2 2.97928E-2 2.9885E-2 2.88793E-2 2.81665E-2 2.65876E-2 2.78655E-2 2.67645E-2 2.46269E-2 2.54753E-2 2.59018E-2 2.51169E-2 2.47718E-2 2.52588E-2 2.4716E-2 2.4732E-2 2.36966E-2 2.24639E-2 2.21746E-2 2.32689E-2 2.4369E-2 2.64309E-2 2.76448E-2 2.51023E-2 2.61877E-2 3.02525E-2 2.98174E-2 3.07916E-2 3.08512E-2 3.16217E-2 2.84224E-2 2.70269E-2 2.79658E-2 2.47661E-2 2.29658E-2 1.84605E-2 1.50513E-2 1.39683E-2 1.31144E-2 1.25968E-2 1.36608E-2 1.58947E-2 4.00922E-2 3.98204E-2 4.68842E-2 6.83345E-2 7.01138E-2 5.42169E-2 4.05594E-2 3.14765E-2 3.31737E-2 3.50193E-2
3.31111E-2 3.06432E-2 2.97574E-2 2.9582E-2 2.93357E-2 2.97779E-2 2.93505E-2 2.88185E-2 2.89195E-2 2.91035E-2 2.86149E-2 3.06041E-2 2.90684E-2 2.95777E-2 2.90091E-2 3.02153E-2 2.75801E-2 2.50015E-2 2.6739E-2 2.63717E-2 2.60236E-2 2.57269E-2 2.56268E-2 2.46965E-2 2.5886E-2 2.4081E-2 2.361E-2 2.54705E-2 2.7689E-2 2.87538E-2 2.44231E-2 2.6522E-2 2.56717E-2 2.56261E-2 2.86071E-2 3.13823E-2 3.40164E-2 3.24005E-2 3.48785E-2 3.15241E-2 2.95875E-2 2.8631E-2 2.61211E-2 2.27021E-2 1.82112E-2 1.61117E-2 1.64768E-2 1.40124E-2 1.25381E-2 1.28293E-2 1.81375E-2 4.08752E-2 5.89881E-2 6.065E-2 7.99473E-2 5.81776E-2 4.46566E-2 3.373E-2 3.24022E-2 3.62848E-2 4.12105E-2
3.24757E-2 3.23821E-2 2.9923E-2 2.889E-2 2.8829E-2 2.96433E-2 2.76636E-2 2.76903E-2 2.75078E-2 2.7839E-2 2.66867E-2 2.78768E-2 2.76179E-2 2.70447E-2 2.7327E-2 3.10918E-2 2.69889E-2 2.55855E-2 2.60754E-2 2.59827E-2 2.59061E-2 2.72689E-2 2.61243E-2 2.52391E-2 2.54696E-2 2.52979E-2 2.48309E-2 2.40156E-2 2.55246E-2 2.65623E-2 2.49452E-2 2.603E-2 2.61567E-2 2.66169E-2 2.6908E-2 2.81285E-2 3.18195E-2 3.5705E-2 3.32508E-2 3.03504E-2 3.06931E-2 3.09477E-2 2.56332E-2 2.12752E-2 1.91602E-2 1.74682E-2 1.9643E-2 1.7253E-2 1.71063E-2 1.84659E-2 2.83633E-2 3.29147E-2 -9999 7.07888E-2 5.43865E-2 4.76906E-2 3.55921E-2 3.3453E-2 3.65115E-2 3.92727E-2 4.07885E-2
3.6291E-2 3.35944E-2 3.23582E-2 3.34355E-2 3.17333E-2 3.04893E-2 2.91216E-2 2.9216E-2 2.74977E-2 2.68388E-2 2.64753E-2 2.68575E-2 2.6844E-2 2.64816E-2 2.6809E-2 2.71206E-2 2.77695E-2 2.65596E-2 2.66811E-2 2.90663E-2 3.26325E-2 3.04737E-2 3.12168E-2 2.81243E-2 2.74305E-2 2.61514E-2 2.46894E-2 2.39829E-2 2.32365E-2 2.42806E-2 2.57624E-2 2.78897E-2 2.80979E-2 2.68544E-2 2.6823E-2 2.93289E-2 3.10025E-2 3.7427E-2 3.52741E-2 3.60397E-2 3.21366E-2 3.31614E-2 2.91898E-2 2.76595E-2 2.44236E-2 2.65708E-2 2.89251E-2 2.45263E-2 2.7516E-2 4.01119E-2 4.55503E-2 1.09659E-1 7.22259E-2 4.94444E-2 3.75943E-2 3.82041E-2 3.64799E-2 3.66897E-2 4.03089E-2 3.9078E-2 4.24753E-2
4.00337E-2 4.24252E-2 3.79859E-2 3.45053E-2 3.15702E-2 2.8997E-2 2.86744E-2 3.14073E-2 2.79159E-2 2.57883E-2 2.49503E-2 2.71161E-2 2.56006E-2 2.51415E-2 2.6523E-2 2.91055E-2 2.84483E-2 3.04693E-2 3.15147E-2 3.53703E-2 3.82986E-2 3.58991E-2 3.2679E-2 2.97822E-2 2.92856E-2 2.63532E-2 2.5251E-2 2.41109E-2 2.31148E-2 2.57593E-2 2.67305E-2 2.84159E-2 2.80365E-2 2.98944E-2 3.08993E-2 3.16238E-2 3.55748E-2 4.09096E-2 3.92992E-2 3.84072E-2 3.77522E-2 3.98567E-2 3.87225E-2 3.77444E-2 3.84445E-2 3.97656E-2 4.42499E-2 4.47646E-2 5.44007E-2 6.76657E-2 6.60894E-2 6.03427E-2 4.39558E-2 3.77919E-2 3.52259E-2 3.72485E-2 4.18486E-2 4.2377E-2 4.06361E-2 4.02224E-2 3.90701E-2
4.14062E-2 4.24119E-2 3.69767E-2 3.48741E-2 3.2501E-2 3.03018E-2 2.98589E-2 2.93945E-2 3.00592E-2 2.6946E-2 2.74965E-2 2.87721E-2 2.70674E-2 2.77762E-2 2.8918E-2 2.99089E-2 3.51959E-2 3.74841E-2 3.74964E-2 4.4926E-2 4.55941E-2 3.28733E-2 3.08047E-2 3.17419E-2 3.26706E-2 2.71979E-2 2.66126E-2 2.50009E-2 2.43291E-2 2.56314E-2 2.83179E-2 3.32848E-2 3.22853E-2 2.8346E-2 3.17897E-2 3.14437E-2 3.74054E-2 3.80447E-2 4.3897E-2 4.09533E-2 4.35898E-2 4.60688E-2 4.81301E-2 4.93501E-2 4.89912E-2 4.94737E-2 5.53692E-2 6.04515E-2 5.5139E-2 5.45916E-2 4.89014E-2 4.31662E-2 3.54387E-2 3.21269E-2 3.51284E-2 3.68026E-2 4.17581E-2 4.25872E-2 4.27504E-2 4.28983E-2 3.64039E-2
4.10049E-2 4.4348E-2 3.82484E-2 3.27686E-2 3.50679E-2 3.39822E-2 3.14676E-2 3.11036E-2 3.02688E-2 2.82657E-2 2.90313E-2 3.29651E-2 3.28029E-2 3.10544E-2 3.08935E-2 3.35807E-2 3.72696E-2 4.04339E-2 4.05089E-2 3.95518E-2 3.73344E-2 3.38355E-2 3.40975E-2 3.31483E-2 3.47608E-2 3.08394E-2 3.18408E-2 2.80382E-2 2.67729E-2 2.69663E-2 2.79886E-2 2.76357E-2 2.75908E-2 2.8721E-2 3.1552E-2 3.78035E-2 4.01385E-2 4.40831E-2 4.66336E-2 4.59544E-2 5.03423E-2 5.56805E-2 5.7533E-2 5.51438E-2 5.4456E-2 5.02076E-2 5.13629E-2 5.18964E-2 5.07712E-2 4.71724E-2 4.60833E-2 3.40743E-2 2.87279E-2 3.4453E-2 3.58899E-2 3.94028E-2 4.20131E-2 4.09127E-2 4.11645E-2 4.02374E-2 3.96823E-2
3.76682E-2 4.27151E-2 4.50796E-2 3.62079E-2 3.50539E-2 3.30174E-2 3.20238E-2 3.43358E-2 3.41875E-2 3.09384E-2 3.36818E-2 3.64837E-2 4.04374E-2 3.81459E-2 3.45095E-2 3.57443E-2 4.06867E-2 4.10534E-2 4.36563E-2 4.24062E-2 4.11594E-2 3.96337E-2 3.71003E-2 3.34318E-2 3.55109E-2 3.65165E-2 3.69097E-2 2.92886E-2 2.51619E-2 2.61669E-2 2.83381E-2 2.92716E-2 2.88084E-2 3.34954E-2 4.08655E-2 4.52019E-2 4.61881E-2 4.7814E-2 5.21782E-2 5.64101E-2 6.03536E-2 6.34458E-2 5.24453E-2 5.19731E-2 5.36278E-2 5.04808E-2 4.90439E-2 4.71188E-2 4.63211E-2 4.71728E-2 4.30303E-2 4.0083E-2 3.60259E-2 3.76118E-2 3.82441E-2 4.04624E-2 3.93997E-2 4.3933E-2 4.58386E-2 4.5655E-2 4.26068E-2
4.57555E-2 4.46187E-2 4.21211E-2 4.15881E-2 4.24322E-2 4.23356E-2 4.2047E-2 4.21749E-2 4.1433E-2 3.90989E-2 3.56996E-2 3.82695E-2 4.03208E-2 4.04811E-2 4.0587E-2 3.87221E-2 4.08489E-2 4.33711E-2 4.67283E-2 4.51609E-2 4.56922E-2 4.31625E-2 3.73834E-2 3.64187E-2 4.013E-2 3.87174E-2 3.91178E-2 3.42412E-2 2.88033E-2 2.66178E-2 2.89612E-2 3.25637E-2 3.67987E-2 4.37413E-2 4.67828E-2 5.0698E-2 5.32085E-2 5.47922E-2 6.446E-2 6.549E-2 6.26301E-2 6.08065E-2 5.7363E-2 5.46935E-2 4.85139E-2 4.4992E-2 4.28316E-2 3.93617E-2 3.82507E-2 5.06424E-2 5.09605E-2 4.56197E-2 4.25212E-2 3.98861E-2 3.66724E-2 3.97577E-2 3.93678E-2 4.83926E-2 4.95365E-2 4.97736E-2 4.73033E-2
4.36365E-2 4.36335E-2 3.99865E-2 3.73695E-2 3.97036E-2 3.74763E-2 3.9701E-2 4.28717E-2 4.54304E-2 4.74464E-2 4.92268E-2 4.43216E-2 4.36109E-2 4.31295E-2 4.33653E-2 4.13952E-2 4.19246E-2 4.3499E-2 4.42677E-2 4.76642E-2 4.91903E-2 4.09253E-2 3.84631E-2 3.91056E-2 4.3244E-2 4.11233E-2 4.01495E-2 3.95548E-2 3.27369E-2 3.08587E-2 3.2808E-2 3.99316E-2 4.91056E-2 5.2651E-2 5.39129E-2 5.82994E-2 7.13675E-2 7.36683E-2 6.578E-2 6.04224E-2 6.23121E-2 6.16548E-2 5.72445E-2 5.15277E-2 4.13506E-2 3.95212E-2 3.89168E-2 3.69034E-2 4.29917E-2 4.77075E-2 5.0472E-2 5.0605E-2 4.4669E-2 3.64398E-2 3.78271E-2 3.72356E-2 4.16271E-2 4.53326E-2 4.93915E-2 4.60947E-2 4.40599E-2
4.31519E-2 3.96616E-2 3.86935E-2 3.90406E-2 3.89492E-2 4.13133E-2 4.25796E-2 4.32684E-2 4.60589E-2 4.87388E-2 5.00693E-2 5.57326E-2 4.79267E-2 4.75022E-2 4.71466E-2 4.46096E-2 4.52133E-2 4.49063E-2 4.46648E-2 4.53374E-2 4.56455E-2 4.31808E-2 3.81575E-2 3.85519E-2 4.78395E-2 4.22039E-2 4.37313E-2 4.45069E-2 3.5583E-2 3.75167E-2 4.43039E-2 5.18762E-2 5.83333E-2 5.85306E-2 6.39256E-2 7.17895E-2 6.84515E-2 6.51288E-2 6.43724E-2 6.65726E-2 6.5343E-2 6.25976E-2 5.85818E-2 4.95442E-2 4.17146E-2 3.87223E-2 4.46258E-2 4.79906E-2 4.83959E-2 4.41523E-2 4.70986E-2 4.92585E-2 4.78928E-2 3.9933E-2 4.28688E-2 4.48149E-2 4.77463E-2 4.79881E-2 4.64366E-2 4.98398E-2 4.33172E-2
3.80427E-2 3.66642E-2 3.73864E-2 3.8533E-2 4.02239E-2 3.84008E-2 3.87799E-2 4.14697E-2 4.79739E-2 4.66787E-2 4.95117E-2 5.04463E-2 5.00034E-2 4.95563E-2 5.12749E-2 4.86787E-2 4.77081E-2 4.69995E-2 4.63891E-2 4.61614E-2 4.54942E-2 4.75061E-2 4.34647E-2 4.5033E-2 4.46068E-2 4.66258E-2 5.074E-2 4.66172E-2 4.60306E-2 4.88304E-2 5.73244E-2 5.96684E-2 6.50213E-2 7.31133E-2 7.42036E-2 7.07401E-2 6.92008E-2 6.9108E-2 6.54513E-2 6.17194E-2 6.10139E-2 6.03618E-2 5.94151E-2 5.27457E-2 4.90954E-2 4.63673E-2 5.00403E-2 4.76924E-2 4.53991E-2 3.97906E-2 4.33902E-2 4.36377E-2 3.95732E-2 3.98067E-2 4.3262E-2 4.65256E-2 5.6031E-2 4.79513E-2 4.15997E-2 4.6637E-2 5.54411E-2
3.88997E-2 3.50805E-2 3.57749E-2 3.67353E-2 3.72331E-2 3.68106E-2 3.89354E-2 4.21215E-2 4.46049E-2 4.98169E-2 5.22606E-2 5.19758E-2 5.24062E-2 5.01305E-2 5.06456E-2 5.39984E-2 5.38508E-2 5.43446E-2 5.35197E-2 5.0972E-2 5.17528E-2 5.30156E-2 5.44838E-2 5.66071E-2 5.74404E-2 5.69571E-2 5.82804E-2 5.92456E-2 6.28638E-2 6.51697E-2 6.15071E-2 7.28104E-2 7.92925E-2 8.28078E-2 8.07658E-2 7.6986E-2 7.51023E-2 7.24985E-2 6.79647E-2 6.40978E-2 5.78432E-2 5.782E-2 6.14174E-2 5.97694E-2 5.36007E-2 5.38739E-2 4.87248E-2 4.27497E-2 3.81404E-2 4.11774E-2 3.89172E-2 4.09954E-2 4.44949E-2 4.57909E-2 4.16474E-2 4.35361E-2 4.92245E-2 5.50838E-2 3.81598E-2 3.82205E-2 4.79616E-2
4.45306E-2 3.86767E-2 3.68842E-2 3.58944E-2 3.72295E-2 3.80378E-2 3.8385E-2 4.46262E-2 4.76202E-2 4.58668E-2 4.20286E-2 4.38569E-2 5.03841E-2 5.29442E-2 5.38531E-2 5.67553E-2 6.28856E-2 6.33143E-2 6.04714E-2 6.52276E-2 7.09375E-2 6.78714E-2 5.83011E-2 5.81954E-2 5.99625E-2 5.75365E-2 5.8005E-2 5.93723E-2 6.22514E-2 6.88629E-2 7.80401E-2 8.69695E-2 8.74458E-2 8.87632E-2 8.56895E-2 8.23351E-2 7.72073E-2 7.2188E-2 6.81283E-2 5.98333E-2 5.36831E-2 5.28737E-2 6.33118E-2 6.86748E-2 6.27861E-2 5.53957E-2 4.4662E-2 3.91599E-2 3.3043E-2 3.85424E-2 3.95092E-2 2.95024E-2 3.57734E-2 4.26593E-2 4.13411E-2 4.90957E-2 4.25987E-2 4.514E-2 4.86475E-2 5.22078E-2 5.90216E-2
5.15313E-2 4.68344E-2 4.66469E-2 4.20378E-2 3.94024E-2 3.89339E-2 3.98746E-2 4.16407E-2 4.63009E-2 4.74075E-2 4.64586E-2 4.91125E-2 4.88954E-2 5.58069E-2 6.27231E-2 6.65029E-2 6.71063E-2 6.52004E-2 6.46213E-2 6.53995E-2 6.51431E-2 6.31487E-2 6.08945E-2 6.06438E-2 6.06959E-2 5.91847E-2 6.28583E-2 6.47462E-2 6.87808E-2 7.184E-2 8.34461E-2 8.54386E-2 8.29422E-2 8.38807E-2 8.59085E-2 8.86849E-2 8.2612E-2 7.58159E-2 7.01642E-2 5.86386E-2 5.07012E-2 5.67716E-2 6.48014E-2 6.439E-2 5.61359E-2 4.8689E-2 4.17256E-2 3.40204E-2 3.07011E-2 2.80468E-2 2.91022E-2 3.91225E-2 4.50347E-2 4.93378E-2 4.75425E-2 4.61187E-2 4.35849E-2 5.07392E-2 6.10589E-2 6.29637E-2 6.44345E-2
5.35573E-2 5.13603E-2 4.96665E-2 4.58351E-2 4.39122E-2 4.23873E-2 4.55056E-2 4.59696E-2 5.00036E-2 4.89765E-2 5.08602E-2 4.982E-2 5.52224E-2 5.86931E-2 6.15933E-2 6.47288E-2 6.90233E-2 7.27226E-2 7.24381E-2 7.17265E-2 7.31906E-2 6.85739E-2 6.45476E-2 6.34927E-2 6.59338E-2 7.10548E-2 7.57398E-2 8.08921E-2 8.44064E-2 8.29701E-2 8.36731E-2 8.49015E-2 8.96355E-2 9.57471E-2 1.00596E-1 1.05211E-1 1.01278E-1 8.13763E-2 6.58136E-2 5.59477E-2 5.54001E-2 5.95949E-2 5.68796E-2 4.87411E-2 4.56685E-2 4.42743E-2 4.36529E-2 3.96965E-2 3.46425E-2 3.67345E-2 3.39988E-2 3.55141E-2 3.53817E-2 4.26747E-2 5.04019E-2 5.81335E-2 5.06868E-2 5.71778E-2 6.37075E-2 6.23517E-2 6.69389E-2
