maxent_outputs/white_flowers_linear/white_58.asc
ncols         426
nrows         180
xllcorner     -130.0
yllcorner     24.0
cellsize      0.16666666666666666
NODATA_value  -9999
[rows 81 to 107 of 180, columns 244 to 304 of 426]
2.793E-1 2.77826E-1 2.76239E-1 2.73561E-1 2.74901E-1 2.78407E-1 2.77555E-1 2.78442E-1 2.82537E-1 2.83587E-1 2.89527E-1 2.89835E-1 2.99364E-1 3.06087E-1 3.09461E-1 3.11406E-1 3.09784E-1 3.04562E-1 3.02763E-1 3.0423E-1 3.0223E-1 2.9978E-1 3.02091E-1 3.01115E-1 2.94423E-1 2.98313E-1 3.03004E-1 3.04496E-1 3.05364E-1 3.07803E-1 3.06278E-1 3.01226E-1 3.03236E-1 2.90576E-1 2.9118E-1 3.01656E-1 3.06723E-1 3.06726E-1 3.0269E-1 2.90169E-1 2.94949E-1 3.04291E-1 3.13525E-1 3.2278E-1 3.29539E-1 3.23239E-1 3.24726E-1 3.38341E-1 3.3413E-1 3.26515E-1 3.21001E-1 3.28819E-1 3.44525E-1 3.31626E-1 3.37427E-1 3.60036E-1 3.71282E-1 3.48773E-1 3.27275E-1 3.33747E-1 3.26851E-1
2.89018E-1 2.86517E-1 2.86686E-1 2.92597E-1 2.90884E-1 2.91611E-1 2.90465E-1 2.91997E-1 2.9247E-1 3.00817E-1 3.02682E-1 3.09449E-1 3.13425E-1 3.03081E-1 3.03102E-1 3.06155E-1 3.07441E-1 3.04441E-1 3.0196E-1 3.07433E-1 3.08057E-1 3.07898E-1 3.08433E-1 3.07313E-1 2.98224E-1 2.95474E-1 2.96945E-1 2.98215E-1 3.03868E-1 3.13708E-1 3.17382E-1 3.042E-1 3.03646E-1 2.9688E-1 2.97174E-1 3.12332E-1 3.16116E-1 3.23554E-1 3.26203E-1 3.03741E-1 3.0496E-1 3.15052E-1 3.21385E-1 3.32848E-1 3.46482E-1 3.46858E-1 3.43947E-1 3.37225E-1 3.41704E-1 3.35164E-1 3.30414E-1 3.41078E-1 3.51872E-1 3.3846E-1 3.42844E-1 3.53041E-1 3.67844E-1 3.5703E-1 3.4352E-1 3.28911E-1 3.18752E-1
2.99614E-1 2.99285E-1 3.01205E-1 3.04963E-1 3.04845E-1 3.05274E-1 3.06532E-1 3.06989E-1 3.08981E-1 3.16872E-1 3.20934E-1 3.26439E-1 3.21604E-1 3.14301E-1 3.15751E-1 3.13572E-1 3.13291E-1 3.08261E-1 3.10746E-1 3.2052E-1 3.20536E-1 3.18125E-1 3.15537E-1 3.07695E-1 3.02128E-1 2.9362E-1 2.92442E-1 3.01504E-1 3.10526E-1 3.2167E-1 3.33559E-1 3.20405E-1 3.09909E-1 3.13315E-1 3.05779E-1 3.19059E-1 3.2891E-1 3.44754E-1 3.46221E-1 3.21651E-1 3.22535E-1 3.389E-1 3.45081E-1 3.51189E-1 3.51595E-1 3.50492E-1 3.58243E-1 3.50625E-1 3.42672E-1 3.3952E-1 3.3986E-1 3.58999E-1 3.45387E-1 3.41191E-1 3.47941E-1 3.5646E-1 3.69448E-1 3.58476E-1 3.42092E-1 2.99677E-1 2.68795E-1
3.11252E-1 3.09875E-1 3.14678E-1 3.14108E-1 3.13886E-1 3.16163E-1 3.17465E-1 3.1815E-1 3.16062E-1 3.18784E-1 3.26495E-1 3.43319E-1 3.38143E-1 3.31842E-1 3.24817E-1 3.20181E-1 3.18101E-1 3.22992E-1 3.35729E-1 3.40568E-1 3.30143E-1 3.24662E-1 3.15646E-1 3.14219E-1 3.06637E-1 3.1227E-1 3.09489E-1 3.08679E-1 3.15912E-1 3.25053E-1 3.4842E-1 3.52656E-1 3.37023E-1 3.2828E-1 3.15535E-1 3.31849E-1 3.43874E-1 3.62488E-1 3.66902E-1 3.49629E-1 3.45939E-1 3.45734E-1 3.47506E-1 3.58114E-1 3.61819E-1 3.56898E-1 3.61594E-1 3.64128E-1 3.48599E-1 3.42695E-1 3.53518E-1 3.65243E-1 3.47588E-1 3.46381E-1 3.53173E-1 3.61463E-1 3.71047E-1 3.61175E-1 3.15283E-1 2.95482E-1 2.76955E-1
3.2494E-1 3.22163E-1 3.22376E-1 3.20487E-1 3.23527E-1 3.26197E-1 3.2805E-1 3.29318E-1 3.27455E-1 3.288E-1 3.39565E-1 3.48368E-1 3.51027E-1 3.46445E-1 3.35839E-1 3.32001E-1 3.31746E-1 3.43763E-1 3.56896E-1 3.48351E-1 3.39175E-1 3.36319E-1 3.31679E-1 3.22851E-1 3.21414E-1 3.31241E-1 3.26612E-1 3.17279E-1 3.31869E-1 3.44564E-1 3.65169E-1 3.6074E-1 3.4905E-1 3.33409E-1 3.27516E-1 3.38308E-1 3.55164E-1 3.69227E-1 3.70647E-1 3.53699E-1 3.55833E-1 3.54383E-1 3.55957E-1 3.61481E-1 3.62526E-1 3.65297E-1 3.66779E-1 3.67491E-1 3.62431E-1 3.64301E-1 3.7062E-1 3.66792E-1 3.57957E-1 3.55411E-1 3.61349E-1 3.69772E-1 3.85067E-1 3.31818E-1 3.04278E-1 2.97535E-1 2.64817E-1
3.36387E-1 3.35194E-1 3.31344E-1 3.36159E-1 3.39143E-1 3.36328E-1 3.34738E-1 3.42486E-1 3.37085E-1 3.41292E-1 3.46196E-1 3.62701E-1 3.59819E-1 3.55454E-1 3.54845E-1 3.49083E-1 3.49746E-1 3.61581E-1 3.64599E-1 3.52426E-1 3.54433E-1 3.51091E-1 3.43842E-1 3.36063E-1 3.39012E-1 3.47886E-1 3.41737E-1 3.41964E-1 3.51534E-1 3.65989E-1 3.69698E-1 3.69057E-1 3.61515E-1 3.47834E-1 3.45205E-1 3.51485E-1 3.63174E-1 3.72913E-1 3.71205E-1 3.55547E-1 3.65025E-1 3.69317E-1 3.71053E-1 3.75455E-1 3.72381E-1 3.82547E-1 3.86752E-1 3.90831E-1 3.87631E-1 3.9129E-1 3.95126E-1 3.85721E-1 3.76428E-1 3.73726E-1 3.76476E-1 3.82749E-1 3.67339E-1 3.34013E-1 3.01953E-1 2.72351E-1 2.54019E-1
3.46635E-1 3.43861E-1 3.47143E-1 3.49249E-1 3.45458E-1 3.45142E-1 3.49771E-1 3.56294E-1 3.54696E-1 3.65749E-1 3.72771E-1 3.7336E-1 3.66766E-1 3.69317E-1 3.68126E-1 3.66304E-1 3.72578E-1 3.79304E-1 3.73308E-1 3.68428E-1 3.72202E-1 3.67734E-1 3.58832E-1 3.50331E-1 3.63379E-1 3.71546E-1 3.65597E-1 3.70915E-1 3.89205E-1 3.85666E-1 3.83889E-1 3.82876E-1 3.70652E-1 3.48403E-1 3.53805E-1 3.61673E-1 3.65133E-1 3.78911E-1 3.80541E-1 3.73482E-1 3.72328E-1 3.73123E-1 3.83432E-1 3.9217E-1 3.92539E-1 3.94719E-1 4.04087E-1 4.19637E-1 4.11752E-1 4.09926E-1 4.0149E-1 3.97609E-1 3.88819E-1 3.88177E-1 3.90311E-1 3.8488E-1 3.60065E-1 3.36155E-1 2.96665E-1 2.66215E-1 2.65547E-1
3.51528E-1 3.57573E-1 3.59048E-1 3.58211E-1 3.58243E-1 3.6071E-1 3.67768E-1 3.69428E-1 3.7274E-1 3.77929E-1 3.88364E-1 3.78892E-1 3.79418E-1 3.79738E-1 3.79058E-1 3.80183E-1 3.83547E-1 3.91016E-1 3.92323E-1 3.90659E-1 3.94358E-1 3.86302E-1 3.78678E-1 3.7404E-1 3.76897E-1 3.78385E-1 3.92906E-1 4.1106E-1 4.03477E-1 4.08711E-1 4.01919E-1 3.91761E-1 3.77297E-1 3.67065E-1 3.68739E-1 3.78883E-1 3.79618E-1 3.82455E-1 3.95087E-1 3.91837E-1 3.85499E-1 3.86923E-1 3.94252E-1 3.9846E-1 4.0895E-1 4.19542E-1 4.3146E-1 4.26951E-1 4.22024E-1 4.14529E-1 4.08327E-1 4.05507E-1 3.97525E-1 3.9793E-1 3.94517E-1 3.85108E-1 3.68663E-1 3.30114E-1 2.97935E-1 2.52285E-1 2.51156E-1
3.63226E-1 3.71577E-1 3.70349E-1 3.67647E-1 3.7285E-1 3.75793E-1 3.80338E-1 3.8455E-1 3.86812E-1 3.88129E-1 3.9954E-1 3.9273E-1 3.96305E-1 3.91193E-1 3.904E-1 3.89867E-1 3.94594E-1 4.20941E-1 4.13763E-1 4.11855E-1 4.15435E-1 4.11389E-1 4.07833E-1 4.01127E-1 3.96512E-1 4.02944E-1 4.26649E-1 4.22039E-1 4.25567E-1 4.37008E-1 4.19568E-1 4.08346E-1 3.94113E-1 3.8234E-1 3.82441E-1 3.87917E-1 3.89533E-1 3.96369E-1 4.03994E-1 4.01021E-1 4.00882E-1 4.04987E-1 4.09444E-1 4.19711E-1 4.2458E-1 4.37197E-1 4.28326E-1 4.35676E-1 4.27604E-1 4.25436E-1 4.20698E-1 4.18763E-1 4.056E-1 4.017E-1 3.85666E-1 3.61895E-1 3.40075E-1 3.19464E-1 2.7582E-1 2.22338E-1 2.80538E-1
3.74709E-1 3.79594E-1 3.77985E-1 3.7911E-1 3.88939E-1 3.90124E-1 3.91093E-1 3.94203E-1 3.99633E-1 4.00987E-1 4.05638E-1 4.03846E-1 4.06548E-1 4.06903E-1 4.03886E-1 4.0826E-1 4.15329E-1 4.21342E-1 4.20309E-1 4.35525E-1 4.31731E-1 4.34689E-1 4.27897E-1 4.20942E-1 4.19172E-1 4.29682E-1 4.3682E-1 4.40511E-1 4.21104E-1 4.38647E-1 4.38189E-1 4.17327E-1 4.07082E-1 3.95932E-1 3.97344E-1 4.01897E-1 4.03359E-1 4.14147E-1 4.14528E-1 4.12415E-1 4.14376E-1 4.22893E-1 4.27824E-1 4.42803E-1 4.45404E-1 4.52537E-1 4.43508E-1 4.40721E-1 4.3769E-1 4.35332E-1 4.36421E-1 4.34753E-1 4.24138E-1 4.04564E-1 3.643E-1 3.25538E-1 3.19227E-1 2.81827E-1 2.62432E-1 2.55065E-1 3.43514E-1
4.04614E-1 3.89724E-1 3.89158E-1 3.9537E-1 4.01999E-1 4.08918E-1 4.09795E-1 4.14685E-1 4.12055E-1 4.18045E-1 4.19909E-1 4.13521E-1 4.21035E-1 4.21352E-1 4.22957E-1 4.30582E-1 4.27121E-1 4.30611E-1 4.40128E-1 4.49654E-1 4.56283E-1 4.51717E-1 4.46638E-1 4.43525E-1 4.56216E-1 4.5825E-1 4.56739E-1 4.50956E-1 4.35456E-1 4.4592E-1 4.42029E-1 4.3864E-1 4.31701E-1 4.27167E-1 4.21312E-1 4.25242E-1 4.13761E-1 4.3188E-1 4.39811E-1 4.3254E-1 4.34469E-1 4.34479E-1 4.50201E-1 4.53458E-1 4.56107E-1 4.54625E-1 4.52019E-1 4.41058E-1 4.3795E-1 4.37463E-1 4.39038E-1 4.33414E-1 4.25666E-1 3.79173E-1 3.21908E-1 2.91307E-1 2.9534E-1 2.46992E-1 2.30294E-1 2.85544E-1 3.30245E-1
4.03743E-1 3.99049E-1 4.00379E-1 4.06155E-1 4.12617E-1 4.19047E-1 4.28212E-1 4.26507E-1 4.26695E-1 4.31357E-1 4.33964E-1 4.2972E-1 4.38471E-1 4.41374E-1 4.41026E-1 4.40154E-1 4.40126E-1 4.39332E-1 4.37497E-1 4.42079E-1 4.49307E-1 4.68642E-1 4.62356E-1 4.67299E-1 4.59907E-1 4.66146E-1 4.55191E-1 4.51212E-1 4.48019E-1 4.53757E-1 4.49811E-1 4.41359E-1 4.31303E-1 4.29874E-1 4.33592E-1 4.34493E-1 4.38521E-1 4.32586E-1 4.46078E-1 4.56161E-1 4.51886E-1 4.48013E-1 4.60882E-1 4.63287E-1 4.66908E-1 4.55993E-1 4.58707E-1 4.5233E-1 4.47308E-1 4.38036E-1 4.40404E-1 4.17185E-1 3.79144E-1 3.49236E-1 2.89927E-1 2.78922E-1 2.41771E-1 2.48686E-1 2.49919E-1 2.88438E-1 3.13526E-1
4.05597E-1 4.10456E-1 4.11402E-1 4.17092E-1 4.25869E-1 4.28383E-1 4.39421E-1 4.38952E-1 4.44914E-1 4.54927E-1 4.49996E-1 4.48508E-1 4.53278E-1 4.54195E-1 4.56421E-1 4.5545E-1 4.61471E-1 4.53832E-1 4.56354E-1 4.53459E-1 4.6054E-1 4.88204E-1 4.82475E-1 4.69975E-1 4.5802E-1 4.56509E-1 4.67958E-1 4.5728E-1 4.52287E-1 4.5103E-1 4.48115E-1 4.47422E-1 4.46363E-1 4.29327E-1 4.35248E-1 4.2477E-1 4.32626E-1 4.4023E-1 4.55419E-1 4.59285E-1 4.73804E-1 4.74551E-1 4.73571E-1 4.6721E-1 4.72818E-1 4.79083E-1 4.66636E-1 4.56419E-1 4.43052E-1 4.32524E-1 3.9873E-1 3.52818E-1 3.29676E-1 3.04496E-1 2.62767E-1 2.55981E-1 2.62486E-1 2.54239E-1 2.6648E-1 2.95248E-1 2.98318E-1
4.22993E-1 4.27449E-1 4.38109E-1 4.31879E-1 4.39893E-1 4.4596E-1 4.47888E-1 4.54544E-1 4.66785E-1 4.60448E-1 4.57257E-1 4.61772E-1 4.68119E-1 4.68973E-1 4.65473E-1 4.7015E-1 4.65556E-1 4.69284E-1 4.73244E-1 4.6617E-1 4.81691E-1 5.21517E-1 4.95799E-1 4.78334E-1 4.64352E-1 4.55576E-1 4.65624E-1 4.58861E-1 4.5005E-1 4.43204E-1 4.45178E-1 4.43955E-1 4.4332E-1 4.48341E-1 4.49888E-1 4.37703E-1 4.34131E-1 4.48555E-1 4.62543E-1 4.65766E-1 4.76012E-1 4.76493E-1 4.74583E-1 4.70964E-1 4.67249E-1 4.67661E-1 4.60588E-1 4.48009E-1 4.31988E-1 4.15972E-1 3.80445E-1 3.34545E-1 3.02805E-1 2.60333E-1 2.46495E-1 2.90519E-1 2.9051E-1 2.9364E-1 3.26754E-1 3.32941E-1 3.56312E-1
4.53523E-1 4.49303E-1 4.65002E-1 4.48282E-1 4.54433E-1 4.56321E-1 4.61915E-1 4.69632E-1 4.78994E-1 4.76388E-1 4.81904E-1 4.83804E-1 4.85901E-1 4.87936E-1 4.87873E-1 4.86676E-1 4.84674E-1 4.88611E-1 4.86484E-1 4.76785E-1 4.98376E-1 5.12491E-1 4.97726E-1 4.89502E-1 4.81548E-1 4.70155E-1 4.69251E-1 4.58847E-1 4.50727E-1 4.46297E-1 4.45944E-1 4.46439E-1 4.42515E-1 4.56066E-1 4.66343E-1 4.58648E-1 4.43155E-1 4.55888E-1 4.67568E-1 4.79243E-1 4.86286E-1 4.75643E-1 4.73481E-1 4.7812E-1 4.62569E-1 4.53197E-1 4.41703E-1 4.18716E-1 4.15569E-1 3.86703E-1 3.35193E-1 2.98176E-1 2.61853E-1 2.78684E-1 3.11561E-1 3.02425E-1 3.31209E-1 3.43019E-1 3.77074E-1 3.82516E-1 3.87299E-1
4.77296E-1 4.76161E-1 4.72264E-1 4.64957E-1 4.71326E-1 4.76137E-1 4.79024E-1 4.92944E-1 4.92313E-1 5.00284E-1 5.08262E-1 5.04822E-1 5.03679E-1 5.02452E-1 5.0647E-1 5.04152E-1 5.03744E-1 4.84377E-1 4.77111E-1 4.81794E-1 4.9557E-1 5.21696E-1 5.13395E-1 4.92438E-1 4.89594E-1 4.89865E-1 4.80586E-1 4.79386E-1 4.61118E-1 4.62997E-1 4.66951E-1 4.68629E-1 4.71898E-1 4.63092E-1 4.50052E-1 4.5411E-1 4.56815E-1 4.6088E-1 4.77371E-1 4.88905E-1 4.92807E-1 4.88847E-1 4.70888E-1 4.79516E-1 4.61803E-1 4.37193E-1 4.09412E-1 3.8275E-1 3.71415E-1 3.68092E-1 3.0891E-1 3.06476E-1 3.19915E-1 3.38103E-1 3.30633E-1 3.41791E-1 3.55751E-1 4.02552E-1 3.94486E-1 4.36198E-1 4.16548E-1
5.02125E-1 5.0017E-1 4.85322E-1 4.83852E-1 4.91697E-1 4.92582E-1 4.92932E-1 5.03158E-1 5.09037E-1 5.04651E-1 5.05601E-1 5.07756E-1 5.1344E-1 5.18671E-1 5.09392E-1 5.01194E-1 4.9461E-1 4.84294E-1 4.8267E-1 4.8147E-1 4.84716E-1 5.10855E-1 5.23265E-1 5.03471E-1 4.97974E-1 4.94697E-1 4.89385E-1 4.8634E-1 4.90118E-1 4.86903E-1 4.72726E-1 4.91212E-1 4.83828E-1 4.69378E-1 4.64385E-1 4.6227E-1 4.65223E-1 4.75347E-1 4.87343E-1 5.05694E-1 4.92783E-1 4.97697E-1 4.9159E-1 4.61361E-1 4.57469E-1 4.24991E-1 3.90481E-1 3.75651E-1 3.49609E-1 3.26848E-1 3.44534E-1 3.37521E-1 3.64019E-1 3.42911E-1 3.42185E-1 3.94601E-1 4.06075E-1 4.43474E-1 4.37899E-1 4.90585E-1 4.2737E-1
4.99868E-1 4.99602E-1 4.96639E-1 4.96496E-1 5.00232E-1 5.05963E-1 5.10568E-1 5.1958E-1 5.13935E-1 5.18268E-1 5.19296E-1 5.17158E-1 5.12352E-1 5.16508E-1 5.18376E-1 5.11574E-1 5.02351E-1 5.01259E-1 4.96527E-1 4.95846E-1 4.97888E-1 4.9922E-1 5.21836E-1 5.17193E-1 5.03051E-1 5.03307E-1 4.95348E-1 4.8874E-1 4.88836E-1 4.84811E-1 4.84217E-1 4.8525E-1 4.84954E-1 4.83523E-1 4.92988E-1 4.95071E-1 4.85109E-1 4.82167E-1 4.93955E-1 5.10053E-1 5.07574E-1 4.935E-1 4.87865E-1 4.79921E-1 4.6978E-1 4.55677E-1 4.25168E-1 3.91747E-1 3.45831E-1 3.26852E-1 3.67794E-1 3.80984E-1 3.52924E-1 3.27918E-1 3.46603E-1 3.93232E-1 4.61144E-1 4.75059E-1 4.75963E-1 4.98928E-1 5.32197E-1
5.11447E-1 5.16589E-1 5.21649E-1 5.23054E-1 5.20016E-1 5.28699E-1 5.32323E-1 5.27321E-1 5.32389E-1 5.37957E-1 5.34427E-1 5.28572E-1 5.22267E-1 5.2756E-1 5.23932E-1 5.15166E-1 5.08955E-1 5.0207E-1 5.0489E-1 5.11498E-1 5.10977E-1 5.11616E-1 5.1751E-1 5.15184E-1 5.18502E-1 5.19183E-1 5.10497E-1 5.00616E-1 4.92938E-1 4.90579E-1 4.80348E-1 4.69857E-1 4.66032E-1 4.87336E-1 4.92566E-1 5.02478E-1 4.97667E-1 4.91982E-1 4.91799E-1 5.01167E-1 5.01781E-1 4.96623E-1 4.7433E-1 4.65418E-1 4.51638E-1 4.40018E-1 4.17101E-1 3.72066E-1 3.39502E-1 3.49292E-1 3.66436E-1 3.71597E-1 3.08152E-1 3.34843E-1 3.71331E-1 4.27555E-1 4.84993E-1 4.95184E-1 4.93469E-1 5.39722E-1 5.64186E-1
5.34251E-1 5.34859E-1 5.45754E-1 5.41657E-1 5.43098E-1 5.50186E-1 5.43781E-1 5.3456E-1 5.41725E-1 5.5189E-1 5.49808E-1 5.48712E-1 5.3463E-1 5.32155E-1 5.32225E-1 5.27058E-1 5.2151E-1 5.18947E-1 5.22199E-1 5.2647E-1 5.25283E-1 5.27545E-1 5.34098E-1 5.34486E-1 5.47819E-1 5.34278E-1 5.30389E-1 5.10551E-1 5.02198E-1 5.03663E-1 5.0029E-1 4.79013E-1 4.77445E-1 4.94875E-1 4.90082E-1 4.9864E-1 5.05872E-1 4.97883E-1 4.86561E-1 4.70964E-1 4.63958E-1 4.63673E-1 4.58674E-1 4.43498E-1 4.12634E-1 3.93005E-1 3.95885E-1 3.49628E-1 3.43276E-1 3.48788E-1 3.4618E-1 3.68136E-1 3.85701E-1 3.86817E-1 4.26201E-1 4.73049E-1 5.29481E-1 5.41097E-1 5.59232E-1 5.69644E-1 5.74752E-1
5.5173E-1 5.58297E-1 5.43139E-1 5.59862E-1 5.77625E-1 5.81646E-1 5.83425E-1 5.7991E-1 5.53661E-1 5.50151E-1 5.50143E-1 5.46449E-1 5.40828E-1 5.33032E-1 5.3488E-1 5.29806E-1 5.32203E-1 5.3007E-1 5.25983E-1 5.28102E-1 5.27444E-1 5.2633E-1 5.37218E-1 5.45197E-1 5.38626E-1 5.28437E-1 5.33526E-1 5.33874E-1 5.31E-1 5.2254E-1 5.10605E-1 4.79066E-1 4.83702E-1 4.98129E-1 4.86511E-1 4.84112E-1 4.73791E-1 4.77633E-1 4.73739E-1 4.23962E-1 4.30034E-1 4.35368E-1 4.31852E-1 4.19955E-1 4.00854E-1 3.87445E-1 3.60129E-1 3.23887E-1 3.27616E-1 3.42444E-1 3.58996E-1 3.83432E-1 4.01172E-1 3.90145E-1 3.92068E-1 4.27289E-1 5.3153E-1 5.69497E-1 5.87169E-1 5.91927E-1 5.96786E-1
5.46396E-1 5.65964E-1 5.63201E-1 5.69933E-1 5.83982E-1 5.86381E-1 6.0533E-1 6.05617E-1 5.86701E-1 5.52608E-1 5.45448E-1 5.38516E-1 5.34795E-1 5.27893E-1 5.35069E-1 5.31103E-1 5.32504E-1 5.42549E-1 5.45869E-1 5.57674E-1 5.43348E-1 5.33147E-1 5.47395E-1 5.57294E-1 5.63699E-1 5.69166E-1 5.6708E-1 5.50729E-1 5.5283E-1 5.33912E-1 5.22721E-1 5.02659E-1 5.07454E-1 4.98245E-1 4.65599E-1 4.5257E-1 4.48572E-1 4.1921E-1 3.91708E-1 4.19208E-1 3.79032E-1 4.246E-1 4.30976E-1 4.08931E-1 3.87984E-1 3.80867E-1 3.94239E-1 3.64666E-1 3.60122E-1 3.66454E-1 3.8718E-1 3.85286E-1 3.64565E-1 3.70758E-1 4.08051E-1 5.07681E-1 5.43836E-1 5.74258E-1 5.86903E-1 5.86858E-1 6.0791E-1
5.66663E-1 5.79103E-1 5.74707E-1 5.76579E-1 5.83692E-1 5.84068E-1 5.93818E-1 6.05649E-1 5.98334E-1 5.60478E-1 5.54887E-1 5.4766E-1 5.40985E-1 5.36383E-1 5.39769E-1 5.37116E-1 5.36685E-1 5.46884E-1 5.55607E-1 5.6503E-1 5.54731E-1 5.46942E-1 5.66486E-1 5.7937E-1 5.67688E-1 5.52697E-1 5.42379E-1 5.42146E-1 5.41252E-1 5.24051E-1 5.17855E-1 5.17863E-1 5.05862E-1 4.94019E-1 4.83706E-1 4.4761E-1 4.59125E-1 4.50503E-1 4.49004E-1 4.3846E-1 4.61902E-1 4.37886E-1 4.34696E-1 4.26838E-1 4.32368E-1 4.17471E-1 3.66718E-1 3.38076E-1 3.42104E-1 3.56939E-1 3.78443E-1 3.69115E-1 3.74984E-1 3.64141E-1 5.02262E-1 5.56578E-1 5.7565E-1 5.80187E-1 5.89946E-1 6.04023E-1 6.20618E-1
5.84813E-1 5.88561E-1 5.83021E-1 5.80247E-1 5.78999E-1 5.79594E-1 5.82936E-1 6.13635E-1 6.03484E-1 5.77381E-1 5.66199E-1 5.67385E-1 5.587E-1 5.50325E-1 5.44839E-1 5.42834E-1 5.43836E-1 5.54358E-1 5.66458E-1 5.67669E-1 5.68807E-1 5.64002E-1 5.79453E-1 5.90752E-1 5.89079E-1 5.58335E-1 5.29626E-1 5.23619E-1 5.3136E-1 5.11773E-1 4.97052E-1 5.07027E-1 4.69258E-1 4.78315E-1 4.87794E-1 4.81582E-1 4.75525E-1 4.79065E-1 4.77931E-1 4.82942E-1 4.96235E-1 4.76654E-1 4.60301E-1 4.58918E-1 3.99659E-1 3.67001E-1 3.09134E-1 3.54293E-1 3.64086E-1 3.70779E-1 3.93645E-1 4.56319E-1 5.08133E-1 5.15955E-1 5.53478E-1 5.77174E-1 5.927E-1 6.05062E-1 6.17866E-1 6.3678E-1 6.4281E-1
5.90848E-1 5.89418E-1 5.97286E-1 5.90314E-1 5.87717E-1 5.78986E-1 5.85532E-1 6.18268E-1 5.95252E-1 5.92321E-1 5.88925E-1 5.79088E-1 5.7343E-1 5.56974E-1 5.53711E-1 5.5545E-1 5.6593E-1 5.81949E-1 5.88836E-1 5.97969E-1 5.89619E-1 5.9792E-1 5.93741E-1 5.67285E-1 5.57216E-1 5.48919E-1 5.04161E-1 5.1169E-1 5.22557E-1 5.01097E-1 4.78522E-1 5.05569E-1 5.2161E-1 5.17949E-1 5.06896E-1 5.0337E-1 4.99526E-1 4.99328E-1 5.02745E-1 4.93576E-1 4.73736E-1 4.96085E-1 4.82257E-1 4.1684E-1 3.84948E-1 3.46579E-1 3.33987E-1 3.66188E-1 3.80874E-1 4.31211E-1 4.96065E-1 5.53948E-1 5.68905E-1 5.71083E-1 5.86516E-1 5.99521E-1 6.16113E-1 6.229E-1 6.28029E-1 6.42246E-1 6.54859E-1
6.00101E-1 6.03368E-1 6.0167E-1 5.93113E-1 5.89657E-1 5.86709E-1 5.92636E-1 6.06942E-1 6.04635E-1 5.83278E-1 5.83493E-1 5.77683E-1 5.84048E-1 5.82355E-1 5.79027E-1 5.98068E-1 6.10049E-1 5.97619E-1 5.97653E-1 6.03954E-1 6.12026E-1 6.06199E-1 5.77373E-1 5.57472E-1 5.36129E-1 5.04806E-1 4.98753E-1 5.1158E-1 5.04318E-1 4.7135E-1 4.74318E-1 5.50995E-1 5.45585E-1 5.27782E-1 5.17117E-1 5.33559E-1 5.32263E-1 5.14403E-1 5.10019E-1 4.8097E-1 4.73588E-1 4.58651E-1 4.34953E-1 3.837E-1 3.56783E-1 3.34796E-1 3.6335E-1 4.30753E-1 5.27366E-1 5.62108E-1 5.70717E-1 5.82999E-1 5.91285E-1 5.93428E-1 5.98858E-1 6.12341E-1 6.07544E-1 6.25193E-1 6.30586E-1 6.41517E-1 6.45491E-1
6.10839E-1 6.0922E-1 6.05672E-1 6.0197E-1 6.00168E-1 6.03103E-1 6.0038E-1 6.02191E-1 6.0896E-1 5.85318E-1 5.78654E-1 5.77869E-1 5.79574E-1 5.82429E-1 5.94769E-1 6.11578E-1 6.20706E-1 6.00571E-1 5.96411E-1 5.98424E-1 6.07087E-1 6.08311E-1 5.74434E-1 5.56605E-1 5.07648E-1 4.91488E-1 4.98403E-1 5.15128E-1 5.30661E-1 5.01801E-1 5.40399E-1 5.59544E-1 5.51213E-1 5.47838E-1 5.33887E-1 5.27538E-1 5.34138E-1 5.19337E-1 5.05295E-1 4.57052E-1 4.01908E-1 4.03388E-1 3.74604E-1 3.1964E-1 3.12662E-1 4.04952E-1 4.73849E-1 5.44454E-1 5.61409E-1 5.56154E-1 5.77587E-1 5.94667E-1 6.11254E-1 6.16835E-1 6.16466E-1 6.05942E-1 6.24608E-1 6.37681E-1 6.44294E-1 6.54817E-1 6.5266E-1
