maxent_outputs/white_flowers_linear/white_297.asc
ncols         426
nrows         180
xllcorner     -130.0
yllcorner     24.0
cellsize      0.16666666666666666
NODATA_value  -9999
[rows 81 to 107 of 180, columns 61 to 121 of 426]
1.98585E-1 1.89464E-1 2.03668E-1 1.89753E-1 1.79871E-1 1.94205E-1 1.84476E-1 1.64245E-1 1.72227E-1 1.58897E-1 1.70539E-1 1.73241E-1 1.52283E-1 1.51111E-1 1.52916E-1 1.53211E-1 1.5104E-1 1.43828E-1 1.39643E-1 1.3906E-1 1.31171E-1 1.28504E-1 1.13987E-1 1.11671E-1 1.08335E-1 1.10563E-1 1.10598E-1 1.08309E-1 1.15886E-1 1.15614E-1 1.17164E-1 1.18103E-1 1.12719E-1 1.34642E-1 1.45851E-1 1.50319E-1 1.62364E-1 1.5569E-1 1.5809E-1 1.64438E-1 1.65961E-1 1.54201E-1 1.41188E-1 1.36172E-1 1.3516E-1 1.27218E-1 1.31033E-1 1.49883E-1 1.42576E-1 1.07468E-1 9.98447E-2 9.82167E-2 8.84476E-2 9.48983E-2 9.69337E-2 9.63574E-2 8.36285E-2 8.43986E-2 8.35092E-2 7.83141E-2 7.76828E-2
2.16659E-1 2.38976E-1 2.09732E-1 2.05104E-1 1.79859E-1 1.91721E-1 1.80714E-1 1.86508E-1 1.81169E-1 1.68724E-1 1.70935E-1 1.6043E-1 1.68432E-1 1.72155E-1 1.58271E-1 1.61035E-1 1.55583E-1 1.41099E-1 1.54063E-1 1.40496E-1 1.29562E-1 1.2291E-1 1.13965E-1 1.13779E-1 1.10442E-1 1.07669E-1 1.19992E-1 1.18847E-1 1.13411E-1 1.16298E-1 1.15061E-1 1.23492E-1 1.25032E-1 1.31688E-1 1.35924E-1 1.41691E-1 1.46881E-1 1.49012E-1 1.58818E-1 1.62525E-1 1.59744E-1 1.55534E-1 1.39862E-1 1.3856E-1 1.30073E-1 1.33362E-1 1.27759E-1 1.57157E-1 1.82764E-1 1.2343E-1 1.01866E-1 8.92197E-2 8.67772E-2 8.87266E-2 9.10531E-2 1.0326E-1 9.4329E-2 8.71168E-2 7.8093E-2 7.20119E-2 7.12364E-2
1.91635E-1 3.77133E-1 2.33341E-1 1.99776E-1 1.77246E-1 1.85333E-1 1.92591E-1 1.86623E-1 1.80415E-1 1.79609E-1 1.68785E-1 1.65469E-1 1.85163E-1 1.7994E-1 1.53185E-1 1.52617E-1 1.43396E-1 1.45064E-1 1.45531E-1 1.24385E-1 1.24431E-1 1.20276E-1 1.18978E-1 1.05207E-1 1.16841E-1 1.16207E-1 1.28725E-1 1.13767E-1 1.02296E-1 1.02531E-1 1.19143E-1 1.18165E-1 1.25277E-1 1.23711E-1 1.25729E-1 1.28628E-1 1.49158E-1 1.46236E-1 1.5639E-1 1.61144E-1 1.4405E-1 1.44889E-1 1.5238E-1 1.41745E-1 1.33737E-1 1.35233E-1 1.3473E-1 1.62187E-1 1.37807E-1 1.24738E-1 1.05014E-1 8.97756E-2 8.10098E-2 8.9123E-2 1.00786E-1 1.02102E-1 9.5571E-2 8.51243E-2 8.06775E-2 7.60996E-2 7.43938E-2
1.67759E-1 2.47133E-1 2.68715E-1 2.18428E-1 2.04848E-1 2.05367E-1 1.98827E-1 1.87831E-1 1.76206E-1 1.73816E-1 1.76911E-1 2.16877E-1 1.81207E-1 1.71442E-1 1.37328E-1 1.46181E-1 1.47616E-1 1.3632E-1 1.25552E-1 1.13785E-1 1.17029E-1 1.22294E-1 1.19905E-1 1.08165E-1 1.18698E-1 1.22077E-1 1.17473E-1 1.11651E-1 1.04404E-1 1.21012E-1 1.23728E-1 1.17129E-1 1.18416E-1 1.15797E-1 1.1814E-1 1.18499E-1 1.44865E-1 1.41318E-1 1.56522E-1 1.56631E-1 1.58348E-1 1.45466E-1 1.57667E-1 1.45959E-1 1.25797E-1 1.24751E-1 1.29647E-1 1.39142E-1 1.18677E-1 1.05733E-1 1.0163E-1 9.15857E-2 7.55995E-2 8.11559E-2 8.85388E-2 9.31659E-2 9.99698E-2 9.64539E-2 9.04857E-2 8.68035E-2 8.46894E-2
1.75296E-1 1.79701E-1 1.81269E-1 2.1847E-1 2.17377E-1 2.07018E-1 1.92756E-1 1.77833E-1 1.65361E-1 1.76922E-1 2.05656E-1 1.99536E-1 1.62234E-1 1.44396E-1 1.37231E-1 1.43953E-1 1.37856E-1 1.17448E-1 1.32636E-1 1.20111E-1 1.12838E-1 1.15171E-1 1.20561E-1 1.11684E-1 1.17863E-1 1.20778E-1 9.82182E-2 1.0917E-1 1.05952E-1 1.16683E-1 1.24611E-1 1.1884E-1 1.25573E-1 1.23749E-1 1.20025E-1 1.29601E-1 1.40027E-1 1.43164E-1 1.59731E-1 1.53048E-1 1.43507E-1 1.5094E-1 1.41441E-1 1.39431E-1 1.39191E-1 1.30431E-1 1.26181E-1 1.26893E-1 1.14828E-1 9.61205E-2 8.96659E-2 7.2993E-2 7.3052E-2 9.33161E-2 8.98908E-2 9.4136E-2 1.01673E-1 1.06207E-1 1.08179E-1 1.0258E-1 8.94225E-2
1.95162E-1 1.93772E-1 2.02072E-1 2.18923E-1 2.14737E-1 1.96736E-1 1.83007E-1 1.75935E-1 1.77569E-1 1.69451E-1 1.89395E-1 1.41191E-1 1.34651E-1 1.28974E-1 1.27223E-1 1.32583E-1 1.26068E-1 1.18542E-1 1.2242E-1 1.16604E-1 1.00252E-1 1.03788E-1 1.15549E-1 1.16236E-1 1.18655E-1 1.20968E-1 9.73506E-2 1.08773E-1 1.00557E-1 1.15325E-1 1.14252E-1 1.1458E-1 1.18835E-1 1.15039E-1 1.27288E-1 1.34384E-1 1.40837E-1 1.51048E-1 1.54628E-1 1.49481E-1 1.52743E-1 1.41866E-1 1.37811E-1 1.29784E-1 1.35621E-1 1.47292E-1 1.26922E-1 1.20046E-1 1.09193E-1 1.03351E-1 9.59363E-2 7.11954E-2 8.45368E-2 1.08109E-1 1.08596E-1 1.07403E-1 1.08789E-1 8.8752E-2 1.19746E-1 1.04824E-1 9.30441E-2
1.75843E-1 1.69895E-1 1.96492E-1 2.10363E-1 2.10645E-1 1.9358E-1 1.8682E-1 1.85269E-1 1.85461E-1 1.76594E-1 1.77857E-1 1.52698E-1 1.22957E-1 1.24856E-1 1.18489E-1 1.24299E-1 1.17292E-1 1.36788E-1 1.30062E-1 1.1351E-1 1.16414E-1 1.09588E-1 1.24879E-1 1.22459E-1 1.18945E-1 1.09704E-1 1.05803E-1 9.89656E-2 1.02275E-1 1.08409E-1 1.03784E-1 1.06844E-1 1.17175E-1 1.08467E-1 1.32197E-1 1.26027E-1 1.46582E-1 1.43958E-1 1.42844E-1 1.49833E-1 1.5317E-1 1.43661E-1 1.2235E-1 1.29202E-1 1.30311E-1 1.36408E-1 1.21036E-1 1.19558E-1 1.04204E-1 9.80537E-2 8.13872E-2 7.65468E-2 9.5139E-2 1.0235E-1 9.88907E-2 1.13624E-1 1.16835E-1 1.17984E-1 1.35829E-1 1.15563E-1 8.64834E-2
1.57984E-1 1.85652E-1 1.86658E-1 2.09798E-1 1.97758E-1 1.9489E-1 1.9399E-1 1.8867E-1 1.95574E-1 1.67299E-1 1.6107E-1 1.48246E-1 1.23248E-1 1.18956E-1 1.23898E-1 1.19364E-1 1.28157E-1 1.41879E-1 1.27062E-1 1.15756E-1 1.13689E-1 1.11797E-1 1.11877E-1 1.07773E-1 1.16037E-1 1.11122E-1 9.79994E-2 8.29878E-2 1.00192E-1 9.99663E-2 9.81684E-2 1.09097E-1 1.22039E-1 1.09113E-1 1.31972E-1 1.25962E-1 1.37412E-1 1.5132E-1 1.45792E-1 1.55819E-1 1.46585E-1 1.26148E-1 1.24169E-1 1.24282E-1 1.21328E-1 1.29648E-1 1.20242E-1 1.23355E-1 1.16598E-1 9.27824E-2 7.06933E-2 8.29303E-2 1.06036E-1 9.12676E-2 1.02873E-1 1.13395E-1 1.15786E-1 1.30921E-1 1.37761E-1 1.26185E-1 8.64938E-2
1.64895E-1 1.41278E-1 1.55691E-1 1.94288E-1 1.85536E-1 1.91632E-1 1.97311E-1 1.9003E-1 1.7802E-1 1.74172E-1 1.58321E-1 1.52595E-1 1.18628E-1 1.10406E-1 1.19369E-1 1.21092E-1 1.41158E-1 1.38639E-1 1.08824E-1 1.04661E-1 1.00759E-1 1.04751E-1 1.06434E-1 1.10018E-1 1.16707E-1 1.15234E-1 9.9805E-2 1.02157E-1 1.07226E-1 1.06034E-1 9.06671E-2 1.1863E-1 1.25236E-1 1.30491E-1 1.34862E-1 1.33611E-1 1.40946E-1 1.41148E-1 1.5491E-1 1.58275E-1 1.69625E-1 1.46883E-1 1.26975E-1 1.2221E-1 1.11627E-1 1.18605E-1 1.13781E-1 1.16768E-1 1.11235E-1 8.74262E-2 6.84286E-2 9.1756E-2 9.70132E-2 9.42672E-2 1.12329E-1 1.18264E-1 1.27195E-1 1.26145E-1 1.2706E-1 1.26569E-1 1.17788E-1
1.59063E-1 1.41509E-1 1.58715E-1 1.86078E-1 1.91434E-1 1.77895E-1 1.93704E-1 1.86188E-1 1.94851E-1 1.84655E-1 1.79063E-1 1.67208E-1 1.24884E-1 1.18477E-1 1.02919E-1 1.13478E-1 1.35092E-1 1.1966E-1 1.0435E-1 9.70366E-2 9.99354E-2 1.09823E-1 1.047E-1 1.09173E-1 1.18644E-1 1.21592E-1 1.08997E-1 1.17543E-1 1.23627E-1 1.1362E-1 9.65214E-2 1.21846E-1 1.13336E-1 1.05357E-1 1.31677E-1 1.34707E-1 1.3459E-1 1.33895E-1 1.47169E-1 1.55008E-1 1.74624E-1 1.5525E-1 1.29001E-1 1.1903E-1 1.20331E-1 1.14065E-1 1.11699E-1 1.18293E-1 1.10389E-1 9.09241E-2 8.46447E-2 1.00237E-1 9.88858E-2 9.98981E-2 9.96137E-2 1.08489E-1 1.26612E-1 1.09618E-1 1.13412E-1 1.11164E-1 1.07011E-1
1.23556E-1 1.20708E-1 1.6039E-1 1.69341E-1 1.74015E-1 1.68865E-1 2.44077E-1 1.97218E-1 1.61368E-1 1.67291E-1 1.73684E-1 1.59608E-1 1.31956E-1 1.2347E-1 1.01081E-1 1.16289E-1 1.3804E-1 9.41543E-2 9.76078E-2 9.53657E-2 9.80574E-2 1.09896E-1 1.09143E-1 1.03236E-1 1.24093E-1 1.22018E-1 1.24936E-1 1.26369E-1 1.31683E-1 1.14738E-1 1.06186E-1 1.24519E-1 1.18478E-1 1.16374E-1 1.31377E-1 1.2541E-1 1.26086E-1 1.3578E-1 1.37162E-1 1.37785E-1 1.45515E-1 1.3332E-1 1.32994E-1 1.27234E-1 1.18658E-1 1.01234E-1 1.22832E-1 9.90478E-2 7.88896E-2 6.86683E-2 9.57359E-2 1.18254E-1 1.16364E-1 1.07197E-1 1.03242E-1 1.25042E-1 1.08783E-1 1.1084E-1 1.20321E-1 1.11601E-1 1.13112E-1
8.34445E-2 1.07791E-1 1.29937E-1 1.24041E-1 1.24993E-1 1.54886E-1 1.66234E-1 2.19801E-1 1.89204E-1 1.82509E-1 1.56259E-1 1.39325E-1 1.31491E-1 1.51315E-1 1.44971E-1 1.39046E-1 1.22912E-1 1.05689E-1 9.17363E-2 1.1019E-1 1.12155E-1 1.20883E-1 1.12463E-1 1.17521E-1 1.18777E-1 1.05845E-1 1.17334E-1 1.30638E-1 1.35913E-1 1.3054E-1 1.22298E-1 1.19293E-1 1.3167E-1 1.27797E-1 1.26641E-1 1.22165E-1 1.21084E-1 1.31988E-1 1.37052E-1 1.40329E-1 1.26714E-1 1.24672E-1 1.26825E-1 1.15965E-1 1.02873E-1 1.17427E-1 1.00323E-1 8.03768E-2 7.19659E-2 7.33987E-2 9.50247E-2 1.18765E-1 1.20826E-1 1.35926E-1 1.29044E-1 1.06209E-1 1.02326E-1 1.02384E-1 1.23302E-1 1.2265E-1 1.22218E-1
7.87695E-2 6.91026E-2 8.23085E-2 8.42021E-2 1.28863E-1 1.30462E-1 1.15944E-1 1.70928E-1 1.55853E-1 1.63366E-1 1.93556E-1 1.38655E-1 1.54207E-1 1.64666E-1 1.60952E-1 1.43894E-1 1.26563E-1 1.1617E-1 1.07776E-1 1.15209E-1 1.16086E-1 1.13658E-1 1.18219E-1 1.21419E-1 1.01074E-1 1.1258E-1 1.20041E-1 1.29742E-1 1.3126E-1 1.32872E-1 1.34241E-1 1.17986E-1 1.26456E-1 1.23208E-1 1.1913E-1 1.17377E-1 1.23772E-1 1.31212E-1 1.33081E-1 1.34148E-1 1.2557E-1 1.18906E-1 1.07503E-1 1.04323E-1 8.21873E-2 1.09446E-1 8.96975E-2 8.01401E-2 7.04261E-2 8.35378E-2 9.53907E-2 1.23381E-1 1.31822E-1 1.33107E-1 1.23872E-1 1.15721E-1 1.13698E-1 1.10776E-1 1.31106E-1 1.41338E-1 1.48471E-1
6.40114E-2 5.60169E-2 6.83673E-2 9.7114E-2 7.69067E-2 8.68769E-2 9.10937E-2 1.26953E-1 1.50188E-1 1.67539E-1 1.9871E-1 1.77426E-1 1.51855E-1 1.72919E-1 1.68429E-1 1.55335E-1 1.45849E-1 1.26904E-1 1.22356E-1 1.2111E-1 1.23839E-1 1.11265E-1 1.27333E-1 1.17066E-1 1.1917E-1 1.14482E-1 1.27712E-1 1.38486E-1 1.44567E-1 1.46962E-1 1.51904E-1 1.33612E-1 1.22311E-1 1.12671E-1 1.11712E-1 1.09193E-1 1.10852E-1 1.12899E-1 1.27728E-1 1.2168E-1 1.14908E-1 1.25419E-1 1.14183E-1 1.07389E-1 8.48145E-2 1.08302E-1 9.84683E-2 7.44837E-2 5.75958E-2 7.06574E-2 8.91653E-2 1.25161E-1 1.33608E-1 1.28284E-1 1.24708E-1 1.1995E-1 1.38955E-1 1.23269E-1 1.31267E-1 1.53895E-1 1.4595E-1
8.29691E-2 6.3443E-2 5.66534E-2 6.77524E-2 1.0809E-1 1.15349E-1 9.0544E-2 1.17273E-1 1.37277E-1 1.4437E-1 1.88101E-1 1.78407E-1 1.74395E-1 1.74676E-1 1.58338E-1 1.53269E-1 1.52916E-1 1.43669E-1 1.37029E-1 1.28476E-1 1.21417E-1 1.20394E-1 1.26679E-1 1.26084E-1 1.10893E-1 1.29595E-1 1.30218E-1 1.4006E-1 1.50368E-1 1.56666E-1 1.56817E-1 1.39284E-1 1.24142E-1 1.21754E-1 1.10515E-1 9.80629E-2 1.13051E-1 1.21198E-1 1.23364E-1 1.114E-1 1.16484E-1 1.06876E-1 1.0551E-1 9.9131E-2 8.57995E-2 9.33233E-2 8.26789E-2 7.88932E-2 4.90263E-2 5.73631E-2 6.46153E-2 1.09501E-1 1.30444E-1 1.16427E-1 1.12471E-1 1.35242E-1 1.57354E-1 1.41163E-1 1.39469E-1 1.30267E-1 1.37689E-1
1.40786E-1 1.00757E-1 7.06564E-2 5.13842E-2 1.07763E-1 9.99016E-2 9.68005E-2 1.06928E-1 1.21985E-1 1.21663E-1 1.65888E-1 1.76199E-1 1.68141E-1 1.77785E-1 1.77213E-1 1.64071E-1 1.46184E-1 1.37133E-1 1.29932E-1 1.31375E-1 1.15919E-1 1.12428E-1 1.25118E-1 1.30277E-1 1.32103E-1 1.30322E-1 1.33246E-1 1.35196E-1 1.61365E-1 1.64097E-1 1.49202E-1 1.40644E-1 1.33804E-1 1.31008E-1 1.1429E-1 1.14058E-1 1.13175E-1 1.04504E-1 1.04786E-1 1.07116E-1 1.10507E-1 1.0318E-1 9.59818E-2 8.64548E-2 8.19122E-2 7.76968E-2 7.70625E-2 7.22583E-2 8.05976E-2 1.04372E-1 1.14281E-1 1.30266E-1 1.28714E-1 1.40106E-1 1.16038E-1 1.51748E-1 1.83654E-1 1.5746E-1 1.32425E-1 1.10831E-1 1.03204E-1
1.53354E-1 1.04618E-1 6.73016E-2 4.4369E-2 7.66448E-2 8.52183E-2 8.16531E-2 1.12375E-1 1.47553E-1 8.9502E-2 1.6161E-1 1.47499E-1 1.58376E-1 1.92304E-1 1.6534E-1 1.55866E-1 1.63132E-1 1.55445E-1 1.44549E-1 1.26287E-1 1.24778E-1 1.20211E-1 1.1983E-1 1.31387E-1 1.22662E-1 1.2834E-1 1.3111E-1 1.56898E-1 1.70472E-1 1.62355E-1 1.45992E-1 1.50485E-1 1.39245E-1 1.30876E-1 1.14418E-1 1.15937E-1 1.02652E-1 1.02765E-1 1.17129E-1 1.14185E-1 1.12377E-1 9.342E-2 7.64813E-2 7.39757E-2 7.90131E-2 7.36588E-2 7.43583E-2 8.64323E-2 1.06256E-1 1.22544E-1 1.37185E-1 1.4613E-1 1.44622E-1 1.6247E-1 1.65136E-1 1.73645E-1 2.19873E-1 1.5977E-1 1.29264E-1 9.88168E-2 9.95545E-2
2.12493E-1 1.1977E-1 7.31489E-2 9.28483E-2 8.93536E-2 6.83755E-2 7.83282E-2 1.21459E-1 1.97822E-1 7.08291E-2 1.22438E-1 1.60021E-1 1.60345E-1 1.58285E-1 1.57748E-1 1.66239E-1 1.73282E-1 1.62789E-1 1.5059E-1 1.36385E-1 1.30281E-1 1.2247E-1 1.22047E-1 1.3228E-1 1.36118E-1 1.45396E-1 1.5244E-1 1.96922E-1 1.72473E-1 1.53939E-1 1.51322E-1 1.63778E-1 1.50241E-1 1.26594E-1 1.22829E-1 1.17136E-1 1.16493E-1 1.18589E-1 1.11829E-1 1.226E-1 8.81276E-2 7.61026E-2 6.30805E-2 7.11461E-2 7.33673E-2 7.86672E-2 1.08581E-1 1.10552E-1 1.10609E-1 1.24394E-1 1.39579E-1 1.52387E-1 1.74269E-1 1.83221E-1 2.0425E-1 2.1401E-1 1.81465E-1 1.63642E-1 1.34128E-1 1.10356E-1 1.25035E-1
2.70906E-1 1.78584E-1 1.26687E-1 1.50172E-1 9.75917E-2 6.28674E-2 4.62043E-2 1.58677E-1 2.17347E-1 1.21184E-1 1.07865E-1 1.81772E-1 1.55676E-1 1.35063E-1 1.74553E-1 1.781E-1 1.95987E-1 1.65955E-1 1.46021E-1 1.32922E-1 1.34427E-1 1.2424E-1 1.32184E-1 1.46231E-1 1.45039E-1 1.66635E-1 1.67385E-1 1.94827E-1 1.97148E-1 1.70604E-1 1.56569E-1 1.92636E-1 1.68364E-1 1.37246E-1 1.73158E-1 1.6264E-1 1.59547E-1 1.24603E-1 9.8985E-2 1.55634E-1 9.92137E-2 9.64484E-2 9.33015E-2 8.72054E-2 8.72455E-2 9.77148E-2 1.18762E-1 1.22855E-1 1.24622E-1 1.38146E-1 1.47396E-1 1.52162E-1 1.78792E-1 2.06926E-1 2.2981E-1 1.89349E-1 1.62735E-1 1.71218E-1 1.46614E-1 1.20173E-1 1.38636E-1
3.31994E-1 2.77655E-1 2.03069E-1 1.36554E-1 8.30763E-2 6.73297E-2 3.86492E-2 6.67762E-2 1.23006E-1 1.97481E-1 1.4163E-1 2.22523E-1 2.43874E-1 2.57089E-1 1.98289E-1 1.79495E-1 2.08452E-1 2.0519E-1 1.70249E-1 1.45223E-1 1.21371E-1 1.11322E-1 1.48576E-1 1.48185E-1 1.51196E-1 1.64482E-1 1.85609E-1 1.9207E-1 2.39918E-1 1.92581E-1 2.09495E-1 2.41126E-1 2.6015E-1 2.13888E-1 2.44041E-1 2.35313E-1 2.26996E-1 1.86603E-1 2.13565E-1 2.32814E-1 1.89361E-1 1.46955E-1 1.23246E-1 1.21818E-1 1.11186E-1 1.08272E-1 1.27361E-1 1.56603E-1 1.57952E-1 1.64614E-1 1.76344E-1 1.90288E-1 1.51025E-1 2.26687E-1 2.2833E-1 2.13537E-1 2.11109E-1 1.89733E-1 1.64695E-1 1.52124E-1 1.48039E-1
4.29086E-1 4.01875E-1 2.81749E-1 1.67203E-1 9.65752E-2 7.73169E-2 4.45919E-2 4.91685E-2 5.94828E-2 2.30231E-1 1.03595E-1 1.6833E-1 2.63888E-1 2.67979E-1 3.30321E-1 2.32125E-1 1.90225E-1 1.96412E-1 2.12895E-1 1.93701E-1 1.62337E-1 1.58873E-1 1.78741E-1 1.66685E-1 1.56922E-1 1.72368E-1 2.13961E-1 2.14192E-1 2.52029E-1 2.83271E-1 2.84853E-1 3.20675E-1 2.7709E-1 2.9967E-1 3.1022E-1 2.73886E-1 2.50348E-1 2.76295E-1 2.57653E-1 2.0531E-1 1.86476E-1 1.58462E-1 1.28606E-1 1.43637E-1 1.36978E-1 1.253E-1 1.28686E-1 1.62671E-1 1.65406E-1 2.0022E-1 2.31046E-1 2.96515E-1 2.36543E-1 2.05255E-1 1.79531E-1 1.75738E-1 1.90883E-1 1.61185E-1 1.50639E-1 1.49887E-1 1.43033E-1
5.05015E-1 4.63999E-1 3.96596E-1 3.57097E-1 2.45887E-1 1.4041E-1 1.00778E-1 6.65168E-2 4.98066E-2 2.19613E-1 1.43731E-1 2.63509E-1 3.02723E-1 1.98572E-1 2.97282E-1 4.05798E-1 2.04526E-1 2.3563E-1 2.7037E-1 2.40211E-1 2.25102E-1 1.9629E-1 2.03389E-1 2.10193E-1 1.97434E-1 2.31973E-1 2.3434E-1 2.21215E-1 2.33838E-1 3.3199E-1 3.34139E-1 3.46165E-1 2.70411E-1 3.63877E-1 3.64532E-1 3.56267E-1 2.5939E-1 2.40025E-1 2.37273E-1 1.82864E-1 1.59567E-1 1.52123E-1 1.58672E-1 1.55848E-1 1.41484E-1 1.29223E-1 1.20055E-1 1.18053E-1 1.33421E-1 2.11625E-1 2.03351E-1 2.07967E-1 2.03567E-1 1.73804E-1 1.35299E-1 1.44465E-1 1.60735E-1 1.57871E-1 1.58885E-1 1.43172E-1 1.34853E-1
5.6377E-1 5.09414E-1 4.96964E-1 3.9748E-1 2.74455E-1 1.35343E-1 1.0392E-1 8.79157E-2 4.62062E-2 1.67315E-1 2.34986E-1 2.41636E-1 4.68455E-1 2.87493E-1 2.34296E-1 6.09814E-1 5.12567E-1 3.43675E-1 3.19844E-1 3.11576E-1 2.97187E-1 2.63355E-1 2.3991E-1 2.21889E-1 2.23011E-1 2.51858E-1 2.52236E-1 1.80345E-1 1.93567E-1 3.54219E-1 4.03946E-1 3.9479E-1 3.94332E-1 4.27081E-1 3.83756E-1 2.79082E-1 1.8907E-1 1.64079E-1 1.8958E-1 1.77281E-1 1.44727E-1 1.46845E-1 1.45419E-1 1.5508E-1 1.3311E-1 9.97566E-2 1.12501E-1 1.20175E-1 1.64778E-1 1.73264E-1 1.36419E-1 1.47529E-1 1.45536E-1 1.48003E-1 1.46054E-1 1.11638E-1 1.35887E-1 1.42791E-1 1.40764E-1 1.29212E-1 1.23689E-1
5.21913E-1 5.19691E-1 5.32803E-1 4.93395E-1 3.87784E-1 2.75026E-1 1.26591E-1 5.56201E-2 4.30465E-2 6.44764E-2 2.34043E-1 2.02817E-1 2.44367E-1 2.63683E-1 2.7322E-1 5.2296E-1 5.29532E-1 6.38035E-1 4.02886E-1 3.31879E-1 3.32222E-1 3.20611E-1 2.94364E-1 2.32798E-1 2.5508E-1 2.75189E-1 2.71239E-1 1.49785E-1 1.78238E-1 3.49452E-1 3.97312E-1 4.26049E-1 4.50938E-1 4.2715E-1 2.66291E-1 2.87083E-1 2.41148E-1 1.56044E-1 1.6268E-1 1.58434E-1 1.49817E-1 1.43183E-1 1.64951E-1 1.74212E-1 1.03315E-1 7.34872E-2 8.7546E-2 1.51643E-1 1.6424E-1 1.183E-1 1.08619E-1 1.13957E-1 1.15431E-1 1.17228E-1 1.14318E-1 1.07043E-1 1.14127E-1 1.15673E-1 1.29347E-1 1.29804E-1 1.19533E-1
5.50865E-1 5.53329E-1 5.35693E-1 5.30257E-1 5.0616E-1 4.19891E-1 1.9041E-1 6.12403E-2 6.49517E-2 5.18402E-2 1.38571E-1 2.97106E-1 2.0742E-1 2.65345E-1 4.30567E-1 2.76451E-1 3.18502E-1 6.71197E-1 5.1973E-1 3.44842E-1 3.57828E-1 3.58684E-1 3.36498E-1 1.85011E-1 1.43648E-1 1.78093E-1 2.95669E-1 2.99618E-1 2.82321E-1 3.83641E-1 3.81991E-1 4.09813E-1 4.83971E-1 4.2557E-1 3.7172E-1 3.92193E-1 2.30687E-1 1.41702E-1 1.50116E-1 1.33988E-1 1.4757E-1 1.50647E-1 1.64645E-1 2.30872E-1 1.46038E-1 7.21533E-2 7.01398E-2 1.51921E-1 1.19907E-1 1.14302E-1 1.2174E-1 1.15122E-1 1.11018E-1 1.19825E-1 1.18932E-1 1.16336E-1 1.0332E-1 9.44769E-2 9.78886E-2 1.12177E-1 1.22974E-1
5.52606E-1 5.53635E-1 5.55926E-1 5.51944E-1 5.1918E-1 4.08861E-1 2.45063E-1 1.01488E-1 9.5542E-2 6.89431E-2 1.21098E-1 2.45139E-1 1.73954E-1 2.46735E-1 4.11393E-1 3.81137E-1 2.13746E-1 6.41452E-1 5.4916E-1 3.46529E-1 3.90284E-1 3.781E-1 3.38126E-1 2.84646E-1 1.42463E-1 1.28951E-1 2.72441E-1 4.33871E-1 4.51341E-1 4.29875E-1 4.1815E-1 4.46991E-1 5.27561E-1 3.75044E-1 4.07904E-1 4.19096E-1 2.16905E-1 1.25995E-1 1.84887E-1 2.17505E-1 2.1293E-1 2.45976E-1 2.2407E-1 1.89235E-1 2.19638E-1 1.55379E-1 8.39938E-2 1.49849E-1 1.40344E-1 1.37171E-1 1.39521E-1 1.30908E-1 1.25967E-1 1.30923E-1 1.24503E-1 1.13421E-1 9.91101E-2 1.0078E-1 9.7517E-2 9.38782E-2 1.16102E-1
5.79126E-1 5.62565E-1 5.45608E-1 5.36129E-1 5.29415E-1 5.11163E-1 3.55088E-1 1.47218E-1 1.26157E-1 8.18775E-2 1.19489E-1 2.85196E-1 2.5214E-1 1.99679E-1 3.28587E-1 4.94297E-1 2.13531E-1 5.59764E-1 6.36498E-1 3.1798E-1 3.82062E-1 4.15317E-1 3.43765E-1 3.1315E-1 2.88337E-1 2.26233E-1 3.11278E-1 4.41377E-1 4.89391E-1 4.8763E-1 6.00024E-1 5.15576E-1 5.7326E-1 4.96148E-1 4.71963E-1 3.53406E-1 2.34899E-1 1.60101E-1 2.00145E-1 2.91135E-1 1.63853E-1 1.37449E-1 1.25724E-1 1.48616E-1 1.15198E-1 1.73324E-1 1.87128E-1 1.97241E-1 1.62381E-1 1.62127E-1 1.65247E-1 1.49929E-1 1.37967E-1 1.3246E-1 1.19556E-1 1.09335E-1 1.03326E-1 9.57826E-2 9.47826E-2 1.01231E-1 1.10019E-1
