maxent_outputs/white_flowers_linear/white_183.asc
ncols         426
nrows         180
xllcorner     -130.0
yllcorner     24.0
cellsize      0.16666666666666666
NODATA_value  -9999
[rows 81 to 107 of 180, columns 61 to 121 of 426]
4.21023E-1 5.28454E-1 4.51924E-1 5.09445E-1 4.4397E-1 4.63327E-1 4.54592E-1 4.86711E-1 4.49339E-1 5.0027E-1 4.66704E-1 4.39052E-1 5.09104E-1 4.95105E-1 4.67822E-1 4.35246E-1 4.26886E-1 5.42773E-1 5.39977E-1 4.31506E-1 4.38462E-1 4.95572E-1 4.67544E-1 5.33053E-1 4.48182E-1 5.53888E-1 5.82499E-1 4.82351E-1 4.96611E-1 5.0884E-1 4.91229E-1 4.82274E-1 4.42711E-1 5.36208E-1 4.15562E-1 3.80967E-1 3.93209E-1 3.87073E-1 3.85217E-1 3.94541E-1 4.24528E-1 4.47209E-1 4.0138E-1 6.11137E-1 4.51743E-1 6.51142E-1 5.35687E-1 4.74811E-1 5.54589E-1 6.184E-1 5.28519E-1 6.80231E-1 7.07831E-1 6.62659E-1 6.06985E-1 6.03669E-1 5.00479E-1 4.74562E-1 4.25196E-1 3.97126E-1 3.92761E-1
4.65627E-1 4.97483E-1 5.06363E-1 4.76506E-1 4.94895E-1 4.09429E-1 4.8657E-1 4.64336E-1 4.22476E-1 4.79638E-1 4.8484E-1 4.12109E-1 4.89244E-1 4.90593E-1 4.96507E-1 5.06246E-1 4.62347E-1 5.38249E-1 4.83351E-1 4.67683E-1 5.39071E-1 4.69159E-1 4.71833E-1 5.06364E-1 4.43729E-1 5.85491E-1 5.05881E-1 5.45357E-1 5.48293E-1 5.93001E-1 4.72212E-1 5.17749E-1 4.91648E-1 5.02348E-1 4.58888E-1 4.30864E-1 3.86722E-1 3.81607E-1 3.86856E-1 3.86164E-1 3.90655E-1 4.06489E-1 3.99618E-1 5.05635E-1 4.33858E-1 4.6592E-1 4.40553E-1 5.0789E-1 5.22136E-1 6.05924E-1 5.91951E-1 6.46851E-1 6.47366E-1 5.59143E-1 5.04138E-1 4.9408E-1 4.46328E-1 4.12901E-1 3.66559E-1 3.3613E-1 3.28293E-1
5.45325E-1 6.5002E-1 5.19746E-1 5.01133E-1 4.88248E-1 4.14632E-1 4.84242E-1 4.05229E-1 4.29387E-1 4.14241E-1 4.1454E-1 4.72343E-1 4.21535E-1 4.31512E-1 4.81843E-1 4.57275E-1 4.89764E-1 4.85098E-1 5.29428E-1 5.0492E-1 4.883E-1 4.57955E-1 5.18172E-1 4.64149E-1 4.82639E-1 5.76772E-1 5.19567E-1 5.41132E-1 4.84575E-1 5.78315E-1 5.00248E-1 4.8085E-1 5.37284E-1 4.7767E-1 4.47152E-1 4.81165E-1 4.26378E-1 3.78872E-1 3.89085E-1 3.94309E-1 3.64499E-1 3.72617E-1 4.34409E-1 5.0778E-1 4.67139E-1 4.77452E-1 4.6496E-1 4.7071E-1 4.61276E-1 5.22019E-1 5.37984E-1 6.00576E-1 6.43324E-1 6.3479E-1 5.57661E-1 5.27106E-1 4.6585E-1 4.09897E-1 3.74E-1 3.30456E-1 3.12856E-1
5.36562E-1 5.34462E-1 5.13313E-1 4.87859E-1 4.70408E-1 4.48241E-1 4.14355E-1 3.98749E-1 3.83082E-1 4.0201E-1 5.21305E-1 4.36451E-1 3.88477E-1 4.5371E-1 4.30625E-1 4.77405E-1 4.7981E-1 4.96863E-1 4.7656E-1 4.81729E-1 5.49457E-1 5.68812E-1 5.02789E-1 4.67403E-1 5.39082E-1 5.59965E-1 5.27938E-1 5.20374E-1 4.91103E-1 5.53447E-1 4.77044E-1 5.64472E-1 5.82214E-1 4.40161E-1 4.57994E-1 6.10228E-1 4.25342E-1 3.71247E-1 3.90094E-1 3.90419E-1 4.20694E-1 3.87532E-1 4.8076E-1 5.05144E-1 5.54606E-1 5.06362E-1 5.16891E-1 4.32402E-1 5.92332E-1 5.68223E-1 5.69636E-1 5.80014E-1 5.7246E-1 6.07153E-1 6.14027E-1 6.14613E-1 5.75996E-1 4.94633E-1 4.36741E-1 3.6052E-1 3.50792E-1
4.83648E-1 5.0865E-1 5.27767E-1 4.90526E-1 4.66772E-1 4.26693E-1 3.89538E-1 3.76153E-1 3.69857E-1 4.55422E-1 4.1172E-1 4.13303E-1 5.20074E-1 4.71264E-1 4.75437E-1 5.19236E-1 5.07378E-1 5.87689E-1 4.8693E-1 5.40208E-1 5.12074E-1 5.2032E-1 4.83661E-1 4.75882E-1 5.14394E-1 5.57492E-1 4.51166E-1 5.23519E-1 5.09884E-1 5.83419E-1 4.87654E-1 5.65392E-1 4.85392E-1 5.42847E-1 6.01515E-1 6.22717E-1 3.92341E-1 3.89383E-1 4.38555E-1 3.9033E-1 4.3452E-1 4.40225E-1 3.94172E-1 4.00081E-1 4.30412E-1 4.37069E-1 4.88313E-1 4.51106E-1 5.83536E-1 5.54068E-1 5.56612E-1 6.34788E-1 5.94931E-1 5.52786E-1 5.38572E-1 5.63562E-1 5.94061E-1 5.33075E-1 4.66593E-1 4.09504E-1 4.03857E-1
4.78227E-1 5.15144E-1 5.12145E-1 4.54728E-1 4.31426E-1 3.93368E-1 3.86473E-1 3.83882E-1 4.1192E-1 5.14907E-1 3.99584E-1 5.6597E-1 4.55399E-1 4.59755E-1 5.26702E-1 4.8104E-1 5.05019E-1 5.31321E-1 5.64174E-1 4.95625E-1 4.38869E-1 4.51415E-1 4.97618E-1 5.21999E-1 5.11646E-1 5.04126E-1 4.50036E-1 5.39991E-1 4.57643E-1 5.2732E-1 4.96542E-1 5.84305E-1 4.40085E-1 5.12822E-1 5.10134E-1 4.04319E-1 4.3591E-1 4.19149E-1 3.99756E-1 3.99993E-1 4.47492E-1 3.95998E-1 3.7606E-1 3.66841E-1 3.85157E-1 4.62207E-1 4.2683E-1 4.44741E-1 5.91942E-1 4.64658E-1 5.16951E-1 6.72676E-1 6.20336E-1 4.71569E-1 4.30905E-1 4.35707E-1 5.3794E-1 6.27006E-1 5.08671E-1 5.03612E-1 4.69835E-1
4.91776E-1 5.2306E-1 4.9606E-1 4.59842E-1 4.32679E-1 4.01427E-1 4.06156E-1 3.97526E-1 4.63464E-1 4.47495E-1 4.75755E-1 4.99773E-1 5.44241E-1 5.1428E-1 4.78677E-1 4.50521E-1 5.58143E-1 4.87714E-1 4.92238E-1 5.14437E-1 5.51462E-1 4.64016E-1 5.94639E-1 5.55188E-1 4.83407E-1 4.77683E-1 5.38861E-1 4.86119E-1 5.52643E-1 5.19308E-1 5.03205E-1 6.50152E-1 4.36405E-1 6.14365E-1 4.8563E-1 3.79097E-1 4.51346E-1 3.74481E-1 3.98036E-1 4.97853E-1 4.20431E-1 3.84802E-1 3.55558E-1 3.73448E-1 3.78503E-1 5.27314E-1 4.24491E-1 4.55009E-1 5.72608E-1 4.34251E-1 6.40064E-1 6.76141E-1 6.03899E-1 4.42873E-1 3.96771E-1 4.1389E-1 4.15834E-1 5.50106E-1 5.01875E-1 5.37095E-1 5.2077E-1
5.02012E-1 4.80399E-1 4.94122E-1 4.45857E-1 4.35244E-1 4.35731E-1 4.15247E-1 4.16912E-1 4.31484E-1 4.06621E-1 4.59944E-1 4.63476E-1 5.43083E-1 4.84181E-1 5.311E-1 5.2843E-1 5.77516E-1 4.60654E-1 5.33169E-1 5.4094E-1 5.68835E-1 5.14103E-1 5.02656E-1 4.49148E-1 5.03701E-1 5.41396E-1 5.87114E-1 4.39964E-1 5.29056E-1 5.1515E-1 5.67052E-1 6.58924E-1 4.57324E-1 6.83018E-1 5.57663E-1 3.80561E-1 4.76327E-1 4.18243E-1 4.68321E-1 4.54175E-1 3.95111E-1 3.5894E-1 3.61787E-1 3.64547E-1 3.77642E-1 5.29662E-1 4.94325E-1 4.6271E-1 4.7483E-1 5.67138E-1 6.77659E-1 5.74701E-1 4.78487E-1 3.85607E-1 4.32431E-1 4.58547E-1 3.79516E-1 4.35069E-1 4.27132E-1 5.27731E-1 5.79434E-1
4.66144E-1 5.22241E-1 5.38099E-1 4.45185E-1 4.16617E-1 4.21131E-1 4.2636E-1 4.16868E-1 4.80477E-1 4.65245E-1 4.64197E-1 4.65282E-1 4.67836E-1 5.52002E-1 5.29221E-1 6.09259E-1 4.53302E-1 5.34133E-1 5.90968E-1 5.00396E-1 6.02591E-1 5.95634E-1 4.78751E-1 5.30916E-1 4.72863E-1 4.77193E-1 5.84577E-1 5.22015E-1 4.70629E-1 5.96E-1 4.92209E-1 5.4784E-1 5.2383E-1 5.69253E-1 4.17431E-1 4.07875E-1 4.49873E-1 5.04303E-1 4.66204E-1 4.2688E-1 4.11218E-1 4.03535E-1 3.65745E-1 3.6167E-1 3.60084E-1 4.54075E-1 5.86504E-1 4.57569E-1 4.40178E-1 6.44034E-1 6.51139E-1 5.53909E-1 4.06217E-1 3.7786E-1 4.28353E-1 4.38807E-1 3.96263E-1 3.82726E-1 3.74015E-1 4.66727E-1 5.15587E-1
4.57385E-1 5.12517E-1 5.05006E-1 4.5415E-1 4.37736E-1 4.96148E-1 3.98235E-1 4.24954E-1 4.28379E-1 3.88694E-1 4.23823E-1 4.34836E-1 5.02662E-1 5.25074E-1 5.74942E-1 5.61679E-1 4.337E-1 5.75052E-1 5.16786E-1 5.74361E-1 5.23597E-1 5.73565E-1 5.01478E-1 4.95565E-1 4.56226E-1 4.38222E-1 6.27094E-1 5.0864E-1 4.52523E-1 5.65163E-1 5.5008E-1 5.49052E-1 4.77246E-1 7.18038E-1 4.6185E-1 4.62878E-1 4.33186E-1 4.92827E-1 4.48667E-1 4.09233E-1 4.52261E-1 4.7096E-1 3.77249E-1 3.67414E-1 3.96788E-1 6.0505E-1 6.10208E-1 4.36576E-1 5.13385E-1 5.7836E-1 5.69426E-1 4.5406E-1 4.09338E-1 4.29262E-1 4.44393E-1 4.46502E-1 3.70194E-1 3.14678E-1 3.19863E-1 3.42239E-1 3.53452E-1
5.23012E-1 5.43446E-1 4.91975E-1 4.68851E-1 4.65126E-1 5.08899E-1 5.2808E-1 4.92753E-1 4.72825E-1 4.60318E-1 4.28287E-1 4.601E-1 4.69818E-1 5.50856E-1 6.05973E-1 5.93796E-1 4.86563E-1 6.55388E-1 5.02363E-1 6.40469E-1 4.94658E-1 5.41848E-1 4.93293E-1 4.58795E-1 4.91766E-1 3.84689E-1 4.70402E-1 4.88606E-1 4.41087E-1 5.71114E-1 5.89037E-1 4.9224E-1 4.54516E-1 5.99498E-1 4.56274E-1 4.57669E-1 4.75214E-1 4.75564E-1 4.03949E-1 3.79682E-1 4.16805E-1 4.11438E-1 4.23268E-1 4.28218E-1 5.18077E-1 6.03744E-1 4.67665E-1 5.05799E-1 5.93059E-1 6.47421E-1 5.44714E-1 4.32653E-1 4.06221E-1 4.5186E-1 4.52549E-1 4.32018E-1 3.24474E-1 3.18607E-1 3.28097E-1 3.42696E-1 3.45793E-1
6.08228E-1 5.53118E-1 5.27364E-1 5.62492E-1 5.68806E-1 5.09891E-1 5.71589E-1 4.34749E-1 4.76589E-1 4.70684E-1 5.04645E-1 4.68871E-1 4.64533E-1 4.84989E-1 5.28695E-1 4.85974E-1 5.31809E-1 5.3936E-1 5.05585E-1 5.43439E-1 5.24745E-1 4.90138E-1 4.34569E-1 4.75696E-1 3.88028E-1 3.52183E-1 5.30812E-1 4.76027E-1 4.3065E-1 5.63839E-1 5.42079E-1 4.55414E-1 5.12105E-1 4.61991E-1 4.53409E-1 5.39598E-1 3.95831E-1 4.9226E-1 3.98253E-1 4.90116E-1 4.08776E-1 4.01597E-1 4.7205E-1 5.30317E-1 5.75572E-1 5.16614E-1 5.93788E-1 6.05088E-1 6.56558E-1 6.35138E-1 5.39679E-1 4.16473E-1 4.20149E-1 4.12948E-1 3.88954E-1 3.49891E-1 3.42586E-1 3.37631E-1 3.56999E-1 3.83347E-1 4.00226E-1
6.45461E-1 6.57127E-1 5.80425E-1 6.09353E-1 5.32291E-1 4.91995E-1 5.83563E-1 4.90447E-1 4.97436E-1 4.89777E-1 4.65352E-1 5.20515E-1 4.62636E-1 4.53774E-1 4.22505E-1 4.59056E-1 4.88463E-1 5.14405E-1 5.72484E-1 4.70785E-1 5.29399E-1 3.91912E-1 4.30318E-1 4.04762E-1 3.30685E-1 3.97297E-1 5.58889E-1 4.22323E-1 4.09022E-1 5.12851E-1 5.19021E-1 4.57252E-1 5.18732E-1 5.4421E-1 4.56412E-1 5.47035E-1 4.30194E-1 5.20514E-1 4.04459E-1 4.81295E-1 4.15745E-1 4.28478E-1 5.35125E-1 5.54664E-1 7.33972E-1 5.53397E-1 6.15063E-1 5.20097E-1 5.27637E-1 5.2478E-1 5.9807E-1 4.38295E-1 3.84077E-1 3.58457E-1 3.29524E-1 3.3909E-1 3.76489E-1 3.8567E-1 3.78945E-1 3.92466E-1 3.82661E-1
6.26418E-1 6.30699E-1 6.33253E-1 5.14667E-1 5.66241E-1 5.38293E-1 5.28471E-1 5.14065E-1 5.03372E-1 5.06816E-1 4.47603E-1 4.81918E-1 4.51571E-1 4.51307E-1 4.01506E-1 4.92146E-1 4.64255E-1 5.03681E-1 4.82333E-1 4.27651E-1 4.81968E-1 3.64163E-1 4.15307E-1 3.56068E-1 3.93825E-1 5.4888E-1 4.64513E-1 4.18568E-1 4.38542E-1 4.99274E-1 4.93511E-1 4.99984E-1 5.57123E-1 5.41572E-1 5.29698E-1 5.48894E-1 4.85317E-1 5.39182E-1 4.70634E-1 4.08068E-1 3.69875E-1 4.57842E-1 4.50465E-1 5.11244E-1 7.07186E-1 5.06858E-1 5.45129E-1 5.30325E-1 5.21219E-1 5.38813E-1 5.4862E-1 4.79569E-1 3.81058E-1 3.68715E-1 3.6632E-1 3.47207E-1 3.99483E-1 4.38979E-1 4.209E-1 3.99196E-1 3.82937E-1
6.15056E-1 6.53367E-1 6.72058E-1 6.34153E-1 5.31783E-1 4.8563E-1 4.88467E-1 4.99701E-1 4.78075E-1 4.81583E-1 4.53692E-1 3.99259E-1 4.67459E-1 4.28289E-1 4.38383E-1 4.62059E-1 4.3551E-1 4.52427E-1 4.55876E-1 4.30949E-1 4.87968E-1 4.28393E-1 3.85009E-1 4.09189E-1 5.72369E-1 4.75387E-1 4.00711E-1 4.17431E-1 4.85896E-1 4.45435E-1 4.37005E-1 5.05943E-1 4.65735E-1 5.19732E-1 5.30772E-1 4.85448E-1 5.24303E-1 4.74297E-1 4.14789E-1 3.75415E-1 4.45161E-1 4.74437E-1 4.88912E-1 5.14858E-1 5.32146E-1 5.64831E-1 5.69571E-1 5.3964E-1 5.93129E-1 6.85828E-1 6.96095E-1 5.30424E-1 4.2E-1 4.56797E-1 5.56069E-1 3.81962E-1 3.97591E-1 4.34647E-1 4.30001E-1 4.27315E-1 4.48924E-1
6.09462E-1 6.55745E-1 6.6278E-1 6.91414E-1 5.51394E-1 5.30845E-1 4.85215E-1 4.60562E-1 5.31086E-1 5.4378E-1 4.24508E-1 4.34756E-1 4.24387E-1 4.56292E-1 4.57675E-1 4.26225E-1 4.05197E-1 3.9641E-1 3.92029E-1 4.6796E-1 5.39222E-1 4.38616E-1 4.17172E-1 4.33653E-1 4.20675E-1 4.51358E-1 4.37055E-1 4.01036E-1 4.92768E-1 4.46241E-1 3.9481E-1 5.41387E-1 4.48824E-1 4.5766E-1 5.4274E-1 4.98401E-1 4.09987E-1 3.71007E-1 3.63631E-1 3.69131E-1 3.91517E-1 4.19209E-1 4.51798E-1 5.65235E-1 4.34485E-1 6.00374E-1 5.3468E-1 6.17781E-1 6.31729E-1 5.59935E-1 4.98078E-1 4.63908E-1 4.4856E-1 4.41935E-1 5.1737E-1 4.1499E-1 3.99073E-1 4.19877E-1 4.74721E-1 5.15631E-1 5.42951E-1
6.04759E-1 6.1756E-1 6.54056E-1 7.01116E-1 6.27098E-1 5.38193E-1 5.29647E-1 5.28925E-1 5.3916E-1 6.62364E-1 4.18432E-1 5.233E-1 5.18398E-1 3.91032E-1 4.63446E-1 4.52728E-1 4.38824E-1 4.44887E-1 4.30356E-1 3.95904E-1 4.52418E-1 4.60777E-1 4.02962E-1 4.15865E-1 3.53645E-1 4.50515E-1 4.73682E-1 4.30757E-1 4.21877E-1 4.53753E-1 3.94446E-1 4.73141E-1 3.99584E-1 4.84456E-1 4.79599E-1 4.36802E-1 3.81334E-1 3.77735E-1 4.44177E-1 4.09705E-1 4.12229E-1 5.79337E-1 6.67015E-1 5.78391E-1 4.70298E-1 5.28337E-1 4.83648E-1 6.20435E-1 5.1683E-1 4.53914E-1 4.33866E-1 4.21095E-1 4.49986E-1 4.07491E-1 3.85033E-1 4.25992E-1 4.18009E-1 4.27161E-1 5.01561E-1 5.63994E-1 5.6351E-1
5.85928E-1 6.53205E-1 6.7059E-1 6.47535E-1 6.55514E-1 6.40055E-1 5.38454E-1 4.86371E-1 4.18886E-1 6.79298E-1 5.38772E-1 4.69698E-1 4.79712E-1 4.6279E-1 4.67964E-1 4.32452E-1 4.23229E-1 4.0817E-1 4.57998E-1 4.04256E-1 3.88125E-1 4.13199E-1 4.45433E-1 4.09521E-1 4.36965E-1 4.62303E-1 5.04673E-1 4.22236E-1 4.29428E-1 4.13032E-1 4.89606E-1 4.70611E-1 4.60085E-1 4.78242E-1 4.78439E-1 4.87362E-1 4.50822E-1 4.71242E-1 5.16194E-1 4.90321E-1 5.62774E-1 6.40699E-1 6.69543E-1 5.49801E-1 5.33205E-1 5.74142E-1 4.77507E-1 4.95963E-1 5.4215E-1 4.96244E-1 4.24449E-1 3.99507E-1 4.20205E-1 4.44541E-1 3.64071E-1 3.9664E-1 4.22113E-1 4.51081E-1 4.66867E-1 5.14724E-1 5.1396E-1
5.05227E-1 5.98032E-1 5.97313E-1 5.67492E-1 6.4304E-1 6.83464E-1 7.10969E-1 4.723E-1 3.94447E-1 5.51896E-1 5.83235E-1 4.60696E-1 4.96273E-1 5.42989E-1 4.46013E-1 4.21367E-1 4.29665E-1 4.33346E-1 4.2305E-1 3.85739E-1 4.063E-1 4.17143E-1 4.81924E-1 4.05208E-1 5.07044E-1 4.11101E-1 4.39184E-1 4.28933E-1 4.47661E-1 4.15309E-1 5.14498E-1 4.8511E-1 5.10661E-1 5.03423E-1 4.7865E-1 4.98526E-1 4.81468E-1 5.20761E-1 6.1186E-1 4.83907E-1 5.727E-1 5.36701E-1 5.83404E-1 5.49284E-1 5.67725E-1 5.64937E-1 4.81379E-1 4.58905E-1 4.421E-1 4.67331E-1 4.82559E-1 4.57487E-1 3.88831E-1 4.13196E-1 4.10462E-1 3.82872E-1 4.30375E-1 4.32462E-1 4.4693E-1 4.78154E-1 4.31468E-1
4.58252E-1 4.9147E-1 5.6284E-1 6.20241E-1 6.71432E-1 6.67473E-1 6.97139E-1 6.38325E-1 5.09006E-1 4.6315E-1 5.09965E-1 4.51045E-1 4.49033E-1 4.41857E-1 4.83733E-1 4.68423E-1 3.72703E-1 4.1032E-1 4.49994E-1 4.38631E-1 4.64733E-1 4.901E-1 4.47999E-1 3.7068E-1 3.80129E-1 4.28534E-1 3.95349E-1 4.45236E-1 3.97928E-1 4.46914E-1 4.72278E-1 4.38438E-1 4.37148E-1 4.45744E-1 4.14379E-1 4.39841E-1 4.31432E-1 4.59088E-1 4.68956E-1 4.30383E-1 4.68059E-1 5.16612E-1 4.86098E-1 4.91595E-1 4.80735E-1 4.91083E-1 4.59767E-1 4.38051E-1 4.32902E-1 4.25422E-1 4.19678E-1 4.25232E-1 4.6937E-1 4.0435E-1 4.1279E-1 4.19652E-1 3.95108E-1 4.13947E-1 4.47471E-1 4.24841E-1 3.85831E-1
4.30695E-1 4.57072E-1 4.90299E-1 5.85646E-1 6.51261E-1 6.47487E-1 6.95087E-1 7.19733E-1 6.24378E-1 4.26682E-1 5.59622E-1 4.89118E-1 4.08381E-1 4.43568E-1 4.28469E-1 4.48264E-1 4.41721E-1 3.65576E-1 3.9316E-1 4.29469E-1 4.63156E-1 4.35007E-1 3.76379E-1 3.95707E-1 4.06605E-1 4.67955E-1 4.08162E-1 3.67785E-1 4.32324E-1 4.20776E-1 4.16726E-1 4.05662E-1 4.17429E-1 3.99445E-1 3.88404E-1 4.38116E-1 4.21211E-1 3.47442E-1 3.64517E-1 4.21745E-1 4.50733E-1 5.03711E-1 4.87703E-1 4.68553E-1 4.47855E-1 4.47062E-1 4.43943E-1 3.97173E-1 3.83489E-1 3.87678E-1 4.03642E-1 4.62928E-1 4.42524E-1 4.70976E-1 4.30968E-1 4.4701E-1 4.2604E-1 4.02127E-1 4.21269E-1 3.67311E-1 3.79657E-1
4.2641E-1 4.11957E-1 4.43969E-1 4.74067E-1 5.30605E-1 6.1133E-1 6.52857E-1 6.76195E-1 7.00577E-1 4.35388E-1 5.6878E-1 4.6575E-1 4.43065E-1 4.99187E-1 4.52442E-1 4.46469E-1 5.24014E-1 4.2918E-1 4.21508E-1 4.26059E-1 4.45892E-1 4.59921E-1 3.84415E-1 3.72499E-1 4.444E-1 4.21095E-1 4.0396E-1 3.84637E-1 4.52322E-1 3.76746E-1 4.09236E-1 4.11398E-1 4.73712E-1 3.88159E-1 3.61498E-1 3.75503E-1 4.47912E-1 4.02779E-1 4.02935E-1 4.07984E-1 4.14713E-1 4.29017E-1 4.60532E-1 3.94926E-1 4.05724E-1 4.63316E-1 4.92026E-1 4.37144E-1 4.38274E-1 3.90471E-1 3.80079E-1 3.94954E-1 4.23307E-1 4.4417E-1 4.54216E-1 4.77393E-1 4.85387E-1 4.23169E-1 4.4075E-1 3.88067E-1 3.86466E-1
4.3675E-1 4.12816E-1 4.27374E-1 4.41067E-1 4.93785E-1 5.84247E-1 6.16916E-1 6.53446E-1 7.4807E-1 5.13515E-1 4.39977E-1 5.12344E-1 3.54013E-1 4.38025E-1 4.92291E-1 3.45417E-1 3.93429E-1 4.37228E-1 3.79897E-1 3.70297E-1 3.77048E-1 3.96711E-1 3.89605E-1 3.74877E-1 4.09026E-1 3.90812E-1 4.06805E-1 4.86151E-1 4.9379E-1 3.82462E-1 3.74223E-1 3.42628E-1 3.6325E-1 3.62871E-1 3.67074E-1 4.61064E-1 4.99587E-1 4.61077E-1 4.22449E-1 4.25682E-1 3.90423E-1 4.10252E-1 3.69127E-1 4.08967E-1 4.72082E-1 5.7866E-1 5.08191E-1 4.44767E-1 4.2465E-1 4.13199E-1 4.06038E-1 4.02797E-1 4.04461E-1 4.23076E-1 4.83845E-1 5.02861E-1 5.16598E-1 4.38901E-1 4.04067E-1 3.78113E-1 3.7246E-1
4.11833E-1 4.11693E-1 4.23866E-1 4.28535E-1 4.45297E-1 5.17253E-1 6.05238E-1 6.89359E-1 7.25671E-1 7.19331E-1 4.39123E-1 5.20084E-1 5.08008E-1 4.84927E-1 4.8628E-1 3.58834E-1 3.49651E-1 3.25914E-1 4.25245E-1 3.50107E-1 3.41916E-1 3.72286E-1 4.01122E-1 4.18905E-1 3.86379E-1 3.73443E-1 4.02672E-1 5.6647E-1 5.04591E-1 3.93742E-1 3.47902E-1 3.51624E-1 3.4369E-1 3.80051E-1 4.96351E-1 4.30841E-1 4.46119E-1 4.57867E-1 4.31998E-1 4.57098E-1 4.31515E-1 4.12704E-1 4.24075E-1 4.43292E-1 5.26088E-1 6.1079E-1 5.38309E-1 3.93645E-1 4.16642E-1 4.38172E-1 4.0996E-1 4.06299E-1 4.07522E-1 4.40484E-1 4.32042E-1 4.53891E-1 4.98742E-1 5.04529E-1 4.19672E-1 3.96536E-1 3.79505E-1
4.29453E-1 4.31102E-1 4.25835E-1 4.29992E-1 4.33405E-1 4.55435E-1 6.00257E-1 7.04342E-1 6.75194E-1 6.71073E-1 5.69678E-1 4.12266E-1 4.87566E-1 4.59648E-1 4.06209E-1 4.95629E-1 4.8036E-1 3.23386E-1 4.1798E-1 4.37485E-1 3.43113E-1 3.66362E-1 4.25625E-1 5.39535E-1 5.38251E-1 4.83615E-1 3.94423E-1 4.39476E-1 4.59772E-1 3.6808E-1 3.60711E-1 3.93201E-1 3.5733E-1 3.75132E-1 3.84793E-1 3.83443E-1 4.81736E-1 4.81171E-1 4.45261E-1 4.85178E-1 4.91215E-1 4.65305E-1 4.49642E-1 4.45972E-1 5.20229E-1 6.14875E-1 5.83426E-1 4.43561E-1 4.13309E-1 4.27875E-1 3.99405E-1 3.97285E-1 4.04873E-1 4.02011E-1 4.3432E-1 4.52875E-1 4.36104E-1 4.7791E-1 4.91373E-1 4.86711E-1 4.11658E-1
4.17405E-1 4.2883E-1 4.41397E-1 4.41674E-1 4.33753E-1 4.54439E-1 5.73502E-1 6.49878E-1 5.96626E-1 6.36187E-1 5.82248E-1 4.53766E-1 5.27669E-1 4.69074E-1 4.23315E-1 4.38916E-1 5.78292E-1 3.68166E-1 4.19282E-1 4.29051E-1 3.57059E-1 4.04768E-1 3.72089E-1 4.31521E-1 6.04516E-1 6.12969E-1 4.77171E-1 3.97577E-1 3.68883E-1 3.69673E-1 3.99779E-1 3.80358E-1 3.84457E-1 4.23687E-1 4.11128E-1 3.67469E-1 4.88179E-1 4.61107E-1 4.74571E-1 4.60756E-1 4.60396E-1 4.54801E-1 4.39624E-1 4.78846E-1 4.73376E-1 5.41873E-1 5.98118E-1 5.11327E-1 4.19326E-1 4.10545E-1 3.94345E-1 3.86849E-1 3.84003E-1 3.92623E-1 4.15117E-1 4.24302E-1 4.33895E-1 4.53975E-1 4.8189E-1 4.78401E-1 4.25937E-1
4.36436E-1 4.2883E-1 4.27198E-1 4.30192E-1 4.29598E-1 4.26446E-1 5.25478E-1 6.27536E-1 5.74694E-1 6.01351E-1 5.87405E-1 4.57853E-1 5.01763E-1 5.11459E-1 4.9029E-1 3.57407E-1 5.95808E-1 3.96251E-1 3.83637E-1 4.77638E-1 4.24516E-1 3.9654E-1 3.94474E-1 3.54754E-1 4.24173E-1 5.22614E-1 4.50058E-1 4.02885E-1 3.81152E-1 3.82484E-1 4.29659E-1 4.32051E-1 4.06975E-1 4.01185E-1 3.86169E-1 4.15816E-1 4.5609E-1 4.79568E-1 4.66511E-1 4.56802E-1 4.98328E-1 4.59588E-1 4.28961E-1 4.28888E-1 4.64786E-1 4.71572E-1 4.76593E-1 4.63148E-1 4.55161E-1 3.95883E-1 3.62518E-1 3.68918E-1 3.85005E-1 3.83273E-1 3.96974E-1 4.08629E-1 4.0299E-1 4.15555E-1 4.2268E-1 4.28383E-1 3.94511E-1
