maxent_outputs/white_flowers_linear/white_286.asc
ncols         426
nrows         180
xllcorner     -130.0
yllcorner     24.0
cellsize      0.16666666666666666
NODATA_value  -9999
[rows 0 to 26 of 180, columns 244 to 304 of 426]
1.09011E-1 1.0907E-1 1.10381E-1 1.10008E-1 1.11395E-1 1.12929E-1 1.12519E-1 1.12316E-1 1.14498E-1 1.16431E-1 1.18142E-1 1.1918E-1 1.17494E-1 1.18391E-1 1.19258E-1 1.19318E-1 1.21458E-1 1.28334E-1 1.28702E-1 1.24543E-1 1.23815E-1 1.24423E-1 1.2813E-1 1.25839E-1 1.25674E-1 1.253E-1 1.24697E-1 1.24578E-1 1.25101E-1 1.33785E-1 1.26593E-1 1.30251E-1 1.24291E-1 1.22013E-1 1.24592E-1 1.23682E-1 1.25103E-1 1.28588E-1 1.30788E-1 1.33621E-1 1.34904E-1 1.33494E-1 1.40015E-1 1.46733E-1 -9999 -9999 -9999 -9999 -9999 -9999 -9999 -9999 -9999 -9999 -9999 -9999 8.95863E-1 -9999 -9999 -9999 9.51395E-1
1.14026E-1 1.11445E-1 1.13241E-1 1.11346E-1 1.11873E-1 1.11896E-1 1.1343E-1 1.12691E-1 1.1587E-1 1.15304E-1 1.14603E-1 1.15578E-1 1.17372E-1 1.193E-1 1.19616E-1 1.21821E-1 1.22533E-1 1.21936E-1 1.22853E-1 1.22727E-1 1.24477E-1 1.25515E-1 1.27534E-1 1.27091E-1 1.26426E-1 1.27117E-1 1.24882E-1 1.23965E-1 1.25108E-1 1.24366E-1 1.22589E-1 1.25293E-1 1.24333E-1 1.22029E-1 1.25359E-1 1.25474E-1 1.29412E-1 1.34321E-1 1.30473E-1 1.32274E-1 1.31676E-1 1.32855E-1 1.37531E-1 1.44548E-1 -9999 -9999 -9999 -9999 -9999 -9999 -9999 -9999 -9999 -9999 -9999 -9999 -9999 -9999 -9999 -9999 8.46458E-1
1.10131E-1 1.12802E-1 1.13447E-1 1.13368E-1 1.16713E-1 1.16506E-1 1.20379E-1 1.19769E-1 1.2017E-1 1.16025E-1 1.14714E-1 1.15636E-1 1.16213E-1 1.17801E-1 1.18122E-1 1.19505E-1 1.21588E-1 1.23731E-1 1.25404E-1 1.2517E-1 1.25215E-1 1.25586E-1 1.27372E-1 1.27969E-1 1.27027E-1 1.27266E-1 1.25435E-1 1.26799E-1 1.26597E-1 1.27901E-1 1.29331E-1 1.28645E-1 1.28453E-1 1.29667E-1 1.2921E-1 1.2938E-1 1.27767E-1 1.26998E-1 1.30521E-1 1.32262E-1 1.31857E-1 1.34471E-1 1.40117E-1 -9999 -9999 -9999 -9999 -9999 -9999 -9999 -9999 -9999 -9999 -9999 -9999 -9999 -9999 2.93431E-1 -9999 -9999 8.57073E-1
1.11959E-1 1.1321E-1 1.10052E-1 1.10509E-1 1.09129E-1 1.08753E-1 1.12269E-1 1.14579E-1 1.1361E-1 1.13776E-1 1.18268E-1 1.16696E-1 1.15544E-1 1.1666E-1 1.19675E-1 1.20399E-1 1.20208E-1 1.21163E-1 1.23554E-1 1.27215E-1 1.26762E-1 1.28682E-1 1.31271E-1 1.36554E-1 1.33152E-1 1.29246E-1 1.28491E-1 1.29447E-1 1.27704E-1 1.27464E-1 1.28E-1 1.28544E-1 1.29883E-1 1.30422E-1 1.30298E-1 1.28731E-1 1.29871E-1 1.29776E-1 1.33039E-1 1.35457E-1 1.3439E-1 1.32487E-1 1.35565E-1 1.40619E-1 -9999 -9999 -9999 -9999 -9999 -9999 -9999 -9999 -9999 -9999 -9999 1.9422E-1 1.94431E-1 3.9541E-1 -9999 -9999 -9999
1.1009E-1 1.10029E-1 1.10204E-1 1.10303E-1 1.06858E-1 1.10648E-1 1.11531E-1 1.11521E-1 1.11815E-1 1.12882E-1 1.15727E-1 1.16002E-1 1.18471E-1 1.18938E-1 1.18338E-1 1.18874E-1 1.21465E-1 1.22611E-1 1.24428E-1 1.24372E-1 1.2792E-1 1.29949E-1 1.34919E-1 1.38173E-1 1.31679E-1 1.3108E-1 1.28988E-1 1.29286E-1 1.2956E-1 1.28203E-1 1.27225E-1 1.27309E-1 1.27791E-1 1.28748E-1 1.29517E-1 1.29998E-1 1.30505E-1 1.3592E-1 1.31918E-1 1.34817E-1 1.35231E-1 1.3684E-1 1.34409E-1 1.61345E-1 -9999 1.42695E-1 1.41974E-1 1.43643E-1 1.49282E-1 1.4999E-1 -9999 -9999 -9999 -9999 -9999 1.96245E-1 2.81798E-1 6.20762E-1 8.5219E-1 -9999 -9999
1.12948E-1 1.14094E-1 1.11126E-1 1.16984E-1 1.13135E-1 1.12855E-1 1.15155E-1 1.15455E-1 1.15319E-1 1.17699E-1 1.21366E-1 1.25143E-1 1.22571E-1 1.19645E-1 1.1965E-1 1.20649E-1 1.20278E-1 1.20901E-1 1.24443E-1 1.25852E-1 1.27326E-1 1.29328E-1 1.33427E-1 1.32766E-1 1.33843E-1 1.30074E-1 1.30632E-1 1.28139E-1 1.29391E-1 1.29247E-1 1.276E-1 1.27859E-1 1.26273E-1 1.28288E-1 1.27884E-1 1.28514E-1 1.29985E-1 1.30218E-1 1.3351E-1 1.35373E-1 1.37791E-1 1.40121E-1 1.52397E-1 1.62048E-1 1.38429E-1 1.33341E-1 1.3509E-1 1.36111E-1 1.40524E-1 1.39662E-1 1.48203E-1 3.54907E-1 -9999 -9999 -9999 -9999 2.13473E-1 1.87099E-1 -9999 -9999 -9999
1.24695E-1 1.2526E-1 1.15375E-1 1.13785E-1 1.17182E-1 1.15379E-1 1.18683E-1 1.17957E-1 1.23194E-1 1.22458E-1 1.23011E-1 1.33998E-1 1.27868E-1 1.21293E-1 1.21502E-1 1.21587E-1 1.20912E-1 1.22443E-1 1.24604E-1 1.25878E-1 1.28137E-1 1.28954E-1 1.27701E-1 1.30951E-1 1.32004E-1 1.31685E-1 1.29071E-1 1.29743E-1 1.28999E-1 1.28435E-1 1.29199E-1 1.30799E-1 1.3006E-1 1.31461E-1 1.29513E-1 1.29836E-1 1.32316E-1 1.30681E-1 1.33454E-1 1.3266E-1 1.36398E-1 1.39706E-1 1.4453E-1 1.45734E-1 1.43361E-1 1.42605E-1 1.45132E-1 1.4551E-1 1.46018E-1 1.46512E-1 1.45691E-1 1.5379E-1 -9999 -9999 -9999 -9999 -9999 -9999 -9999 -9999 9.43337E-1
1.13585E-1 1.12804E-1 1.14006E-1 1.1609E-1 1.18545E-1 1.14238E-1 1.13928E-1 1.163E-1 1.16078E-1 1.18077E-1 1.20824E-1 1.22905E-1 1.21613E-1 1.20538E-1 1.20888E-1 1.21212E-1 1.21301E-1 1.24003E-1 1.2602E-1 1.27318E-1 1.27557E-1 1.27775E-1 1.27428E-1 1.296E-1 1.31E-1 1.29504E-1 1.28609E-1 1.29755E-1 1.29641E-1 1.29465E-1 1.27756E-1 1.27813E-1 1.29413E-1 1.31213E-1 1.30486E-1 1.3235E-1 1.33058E-1 1.2847E-1 1.31425E-1 1.32756E-1 1.34293E-1 1.3619E-1 1.37222E-1 1.43105E-1 1.53589E-1 -9999 -9999 -9999 1.58596E-1 1.55506E-1 1.52544E-1 1.56435E-1 -9999 -9999 -9999 -9999 -9999 -9999 -9999 -9999 8.99983E-1
1.09573E-1 1.09782E-1 1.10031E-1 1.11932E-1 1.11428E-1 1.11497E-1 1.15493E-1 1.18194E-1 1.22978E-1 1.19876E-1 1.21375E-1 1.22859E-1 1.22986E-1 1.19838E-1 1.21637E-1 1.24289E-1 1.22855E-1 1.2563E-1 1.26432E-1 1.27924E-1 1.27864E-1 1.29706E-1 1.28666E-1 1.32224E-1 1.27629E-1 1.32888E-1 1.31111E-1 1.2993E-1 1.3154E-1 1.31163E-1 1.30855E-1 1.30975E-1 1.30889E-1 1.3413E-1 1.35315E-1 1.30759E-1 1.3431E-1 1.30965E-1 1.32042E-1 1.32811E-1 1.32837E-1 1.33817E-1 1.31293E-1 1.34776E-1 1.40376E-1 1.43448E-1 1.46941E-1 -9999 -9999 -9999 -9999 -9999 -9999 -9999 -9999 -9999 -9999 -9999 3.57732E-1 -9999 9.10024E-1
1.09144E-1 1.11881E-1 1.12504E-1 1.15159E-1 1.13165E-1 1.14083E-1 1.15039E-1 1.1733E-1 1.17722E-1 1.19078E-1 1.19537E-1 1.2008E-1 1.19327E-1 1.19865E-1 1.20459E-1 1.24657E-1 1.29142E-1 1.30236E-1 1.28988E-1 1.29492E-1 1.28524E-1 1.27907E-1 1.29796E-1 1.3037E-1 1.40023E-1 1.33558E-1 1.31676E-1 1.33441E-1 1.3198E-1 1.33089E-1 1.32353E-1 1.32369E-1 1.33181E-1 1.36676E-1 1.36341E-1 1.36889E-1 1.36705E-1 1.35218E-1 1.33659E-1 1.33149E-1 1.33297E-1 1.30089E-1 1.29087E-1 1.33005E-1 1.34347E-1 1.37971E-1 1.4567E-1 -9999 -9999 -9999 -9999 -9999 -9999 -9999 9.37913E-1 -9999 -9999 -9999 -9999 -9999 9.41947E-1
1.11315E-1 1.13446E-1 1.14115E-1 1.162E-1 1.14185E-1 1.18332E-1 1.19147E-1 1.19892E-1 1.26545E-1 1.22239E-1 1.22323E-1 1.23558E-1 1.2217E-1 1.23294E-1 1.23862E-1 1.26197E-1 1.26247E-1 1.2866E-1 1.30656E-1 1.30518E-1 1.30006E-1 1.31262E-1 1.31683E-1 1.31472E-1 1.46694E-1 1.47492E-1 1.34284E-1 1.33701E-1 1.34964E-1 1.36952E-1 1.34559E-1 1.33955E-1 1.36411E-1 1.35342E-1 1.39425E-1 1.38484E-1 1.36019E-1 1.36345E-1 1.35033E-1 1.34878E-1 1.34707E-1 1.34931E-1 1.31713E-1 1.29416E-1 1.34999E-1 1.39721E-1 1.47583E-1 2.80135E-1 -9999 -9999 -9999 -9999 -9999 -9999 -9999 -9999 -9999 -9999 3.02912E-1 1.97922E-1 -9999
1.14347E-1 1.14348E-1 1.13177E-1 1.15462E-1 1.1817E-1 1.20066E-1 1.1841E-1 1.17981E-1 1.16554E-1 1.17695E-1 1.20756E-1 1.21718E-1 1.2511E-1 1.25642E-1 1.27123E-1 1.27543E-1 1.28619E-1 1.30333E-1 1.31214E-1 1.30877E-1 1.31089E-1 1.30898E-1 1.31862E-1 1.33136E-1 1.34808E-1 1.35512E-1 1.35137E-1 1.35112E-1 1.37753E-1 1.38413E-1 1.39805E-1 1.39117E-1 1.38192E-1 1.37445E-1 1.3764E-1 1.38465E-1 1.3973E-1 1.3724E-1 1.33434E-1 1.37172E-1 1.33547E-1 1.31199E-1 1.31569E-1 1.30051E-1 1.31409E-1 1.30783E-1 1.37518E-1 1.46464E-1 1.50304E-1 1.57625E-1 1.62179E-1 -9999 -9999 -9999 -9999 -9999 -9999 -9999 1.86452E-1 1.80102E-1 1.84637E-1
1.12494E-1 1.13496E-1 1.14027E-1 1.1689E-1 1.19291E-1 1.15513E-1 1.18831E-1 1.18204E-1 1.15961E-1 1.17154E-1 1.18332E-1 1.21228E-1 1.22948E-1 1.25043E-1 1.26459E-1 1.30347E-1 1.29149E-1 1.3188E-1 1.33831E-1 1.34093E-1 1.33915E-1 1.34069E-1 1.34414E-1 1.37656E-1 1.39509E-1 1.37477E-1 1.39439E-1 1.39292E-1 1.39959E-1 1.41059E-1 1.40382E-1 1.38343E-1 1.40503E-1 1.40007E-1 1.40621E-1 1.4162E-1 1.40305E-1 1.37447E-1 1.38123E-1 1.40354E-1 1.37903E-1 1.33704E-1 1.33423E-1 1.31826E-1 1.31706E-1 1.32515E-1 1.34519E-1 1.38354E-1 1.41989E-1 1.48651E-1 1.55376E-1 1.62344E-1 -9999 -9999 -9999 -9999 -9999 -9999 1.8166E-1 1.67581E-1 2.06228E-1
1.15128E-1 1.14913E-1 1.16304E-1 1.16611E-1 1.1827E-1 1.1805E-1 1.17719E-1 1.21016E-1 1.19463E-1 1.20549E-1 1.19698E-1 1.21649E-1 1.23479E-1 1.24778E-1 1.28836E-1 1.30347E-1 1.34279E-1 1.35218E-1 1.36178E-1 1.37068E-1 1.37109E-1 1.38527E-1 1.37696E-1 1.38882E-1 1.38755E-1 1.38844E-1 1.39294E-1 1.40205E-1 1.42942E-1 1.44165E-1 1.44409E-1 1.43644E-1 1.4408E-1 1.42805E-1 1.43877E-1 1.43557E-1 1.4137E-1 1.42996E-1 1.39641E-1 1.38594E-1 1.37029E-1 1.35789E-1 1.34858E-1 1.33365E-1 1.35389E-1 1.3668E-1 1.37309E-1 1.37774E-1 1.4187E-1 1.46048E-1 1.48807E-1 1.52883E-1 1.60339E-1 -9999 -9999 -9999 -9999 -9999 -9999 -9999 2.45943E-1
1.14809E-1 1.16132E-1 1.19465E-1 1.22444E-1 1.24684E-1 1.21839E-1 1.20826E-1 1.2262E-1 1.25632E-1 1.2551E-1 1.22392E-1 1.23879E-1 1.25142E-1 1.27519E-1 1.28803E-1 1.3414E-1 1.38221E-1 1.36605E-1 1.379E-1 1.40399E-1 1.41336E-1 1.42663E-1 1.45612E-1 1.432E-1 1.41649E-1 1.4549E-1 1.42534E-1 1.4301E-1 1.42915E-1 1.45756E-1 1.46891E-1 1.45664E-1 1.4597E-1 1.49134E-1 1.46681E-1 1.46964E-1 1.47047E-1 1.43897E-1 1.40624E-1 1.40514E-1 1.4036E-1 1.39458E-1 1.37964E-1 1.3599E-1 1.37143E-1 1.38861E-1 1.39626E-1 1.41914E-1 1.44904E-1 1.47925E-1 1.50409E-1 1.53951E-1 1.61516E-1 1.69389E-1 -9999 -9999 -9999 -9999 1.88807E-1 1.85094E-1 1.85984E-1
1.16763E-1 1.19063E-1 1.22181E-1 1.22322E-1 1.23957E-1 1.26268E-1 1.25727E-1 1.2512E-1 1.29153E-1 1.30649E-1 1.26321E-1 1.28875E-1 1.31771E-1 1.35989E-1 1.34608E-1 1.37383E-1 1.40277E-1 1.41627E-1 1.40955E-1 1.40643E-1 1.4094E-1 1.4352E-1 1.52908E-1 1.4731E-1 1.45696E-1 1.47788E-1 1.45292E-1 1.46694E-1 1.46936E-1 1.50222E-1 1.5368E-1 1.50895E-1 1.51928E-1 1.50857E-1 1.49349E-1 1.49037E-1 1.44945E-1 1.42505E-1 1.42896E-1 1.39684E-1 1.40713E-1 1.38222E-1 1.37189E-1 1.37009E-1 1.36967E-1 1.42026E-1 1.44114E-1 1.48444E-1 1.50062E-1 1.5193E-1 1.58947E-1 1.66394E-1 1.65541E-1 1.72039E-1 -9999 -9999 -9999 1.82884E-1 1.80873E-1 1.79021E-1 1.8506E-1
1.21037E-1 1.23666E-1 1.23701E-1 1.24805E-1 1.27715E-1 1.25898E-1 1.29326E-1 1.32205E-1 1.30912E-1 1.34323E-1 1.37356E-1 1.38751E-1 1.3746E-1 1.3855E-1 1.3821E-1 1.3921E-1 1.38961E-1 1.42132E-1 1.44513E-1 1.46645E-1 1.44983E-1 1.45556E-1 1.46117E-1 1.46994E-1 1.49416E-1 1.53457E-1 1.49665E-1 1.50561E-1 1.52597E-1 1.54884E-1 1.55223E-1 1.54842E-1 1.52365E-1 1.52598E-1 1.51473E-1 1.50821E-1 1.48022E-1 1.47574E-1 1.44857E-1 1.4179E-1 1.4577E-1 1.42449E-1 1.39723E-1 1.39143E-1 1.41411E-1 1.43534E-1 1.49027E-1 1.53904E-1 1.54054E-1 1.57881E-1 1.63602E-1 1.67652E-1 1.74918E-1 1.7162E-1 1.67715E-1 1.68812E-1 1.80338E-1 1.81446E-1 1.82142E-1 1.83068E-1 1.82179E-1
1.22773E-1 1.23253E-1 1.25057E-1 1.27396E-1 1.27705E-1 1.28915E-1 1.30248E-1 1.33335E-1 1.36201E-1 1.35768E-1 1.35819E-1 1.3603E-1 1.36267E-1 1.35697E-1 1.37795E-1 1.38115E-1 1.41154E-1 1.43866E-1 1.45757E-1 1.49679E-1 1.49772E-1 1.50356E-1 1.51085E-1 1.51139E-1 1.51591E-1 1.51352E-1 1.54925E-1 1.56178E-1 1.59944E-1 1.58993E-1 1.5763E-1 1.57739E-1 1.55777E-1 1.54363E-1 1.53536E-1 1.5375E-1 1.5221E-1 1.51313E-1 1.52448E-1 1.51003E-1 1.45745E-1 1.42154E-1 1.41731E-1 1.41428E-1 1.43665E-1 1.53989E-1 1.59646E-1 1.5826E-1 1.58886E-1 1.6406E-1 1.67912E-1 1.69357E-1 1.64926E-1 1.63856E-1 1.58635E-1 1.6226E-1 1.78062E-1 1.87094E-1 1.82761E-1 1.81011E-1 1.84136E-1
1.26152E-1 1.29114E-1 1.30892E-1 1.31359E-1 1.33504E-1 1.3418E-1 1.34327E-1 1.33156E-1 1.36736E-1 1.36692E-1 1.35838E-1 1.3514E-1 1.38678E-1 1.3967E-1 1.36849E-1 1.39846E-1 1.45329E-1 1.51921E-1 1.5563E-1 1.53325E-1 1.54407E-1 1.55074E-1 1.55932E-1 1.55895E-1 1.5737E-1 1.62691E-1 1.61125E-1 1.60834E-1 1.6528E-1 1.60005E-1 1.57177E-1 1.60203E-1 1.57875E-1 1.63905E-1 1.56616E-1 1.52841E-1 1.51358E-1 1.49809E-1 1.49198E-1 1.48576E-1 1.48633E-1 1.49438E-1 1.47631E-1 1.48548E-1 1.5466E-1 1.56588E-1 1.57091E-1 1.64408E-1 1.61478E-1 1.60147E-1 1.63708E-1 1.65438E-1 1.61573E-1 1.61677E-1 1.63351E-1 1.64072E-1 1.70425E-1 1.7534E-1 1.75064E-1 1.72888E-1 1.72562E-1
1.30261E-1 1.35049E-1 1.30554E-1 1.32059E-1 1.3688E-1 1.36195E-1 1.4263E-1 1.39046E-1 1.36667E-1 1.34383E-1 1.3373E-1 1.33429E-1 1.3905E-1 1.46705E-1 1.44335E-1 1.44368E-1 1.51988E-1 1.50093E-1 1.60075E-1 1.64936E-1 1.63778E-1 1.60582E-1 1.62129E-1 1.60559E-1 1.63039E-1 1.6663E-1 1.67432E-1 1.67043E-1 1.67695E-1 1.66124E-1 1.6097E-1 1.62332E-1 1.62743E-1 1.62919E-1 1.5861E-1 1.55016E-1 1.51377E-1 1.48997E-1 1.48937E-1 1.51271E-1 1.53427E-1 1.56908E-1 1.54454E-1 1.54575E-1 1.56456E-1 1.56514E-1 1.57579E-1 1.61598E-1 1.59671E-1 1.55774E-1 1.59179E-1 1.56742E-1 1.5775E-1 1.58482E-1 1.59293E-1 1.64864E-1 1.64001E-1 1.66412E-1 1.67878E-1 1.68823E-1 1.7012E-1
1.3166E-1 1.32231E-1 1.34275E-1 1.34515E-1 1.38902E-1 1.38937E-1 1.42214E-1 1.38256E-1 1.35855E-1 1.38086E-1 1.41644E-1 1.45987E-1 1.37052E-1 1.39718E-1 1.40979E-1 1.4404E-1 1.52546E-1 1.52394E-1 1.55852E-1 1.62293E-1 1.645E-1 1.61972E-1 1.63036E-1 1.66788E-1 1.65367E-1 1.63184E-1 1.63117E-1 1.66951E-1 1.74991E-1 1.69894E-1 1.67104E-1 1.66022E-1 1.60356E-1 1.61412E-1 1.59535E-1 1.54595E-1 1.53641E-1 1.53296E-1 1.51885E-1 1.57389E-1 1.63739E-1 1.59718E-1 1.57526E-1 1.58799E-1 1.63457E-1 1.621E-1 1.625E-1 1.65599E-1 1.65748E-1 1.63203E-1 1.61826E-1 1.57852E-1 1.53598E-1 1.49524E-1 1.52049E-1 1.55217E-1 1.56581E-1 1.56587E-1 1.58509E-1 1.64304E-1 1.68616E-1
1.3433E-1 1.40509E-1 1.38464E-1 1.38789E-1 1.40326E-1 1.42112E-1 1.40164E-1 1.40565E-1 1.39217E-1 1.40846E-1 1.38132E-1 1.44293E-1 1.47263E-1 1.48263E-1 1.47467E-1 1.4874E-1 1.50483E-1 1.53051E-1 1.52591E-1 1.60657E-1 1.66334E-1 1.68817E-1 1.65174E-1 1.65769E-1 1.66473E-1 1.6804E-1 1.71384E-1 1.71712E-1 1.78477E-1 1.78562E-1 1.70272E-1 1.67296E-1 1.66367E-1 1.66864E-1 1.62419E-1 1.60493E-1 1.61111E-1 1.58806E-1 1.61445E-1 1.67815E-1 1.69244E-1 1.64101E-1 1.62811E-1 1.64038E-1 1.63326E-1 1.67833E-1 1.66757E-1 1.65056E-1 1.61375E-1 1.61233E-1 1.58669E-1 1.53681E-1 1.50608E-1 1.54631E-1 1.71489E-1 1.57158E-1 1.54594E-1 1.5222E-1 1.53955E-1 1.56278E-1 1.58476E-1
1.38896E-1 1.41754E-1 1.47366E-1 1.62184E-1 1.80598E-1 1.72484E-1 1.5738E-1 1.45803E-1 1.43746E-1 1.41305E-1 1.36951E-1 1.38498E-1 1.42008E-1 1.40064E-1 1.4794E-1 1.51142E-1 1.61865E-1 1.55955E-1 1.59436E-1 1.60127E-1 1.67795E-1 1.74274E-1 1.76098E-1 1.76905E-1 1.77019E-1 1.77523E-1 1.76469E-1 1.77813E-1 1.76039E-1 1.78384E-1 1.78455E-1 1.76921E-1 1.72489E-1 1.70443E-1 1.68519E-1 1.6923E-1 1.72761E-1 1.6919E-1 1.68535E-1 1.68679E-1 1.71059E-1 1.69451E-1 1.6563E-1 1.70057E-1 1.66219E-1 1.67149E-1 1.72904E-1 1.65433E-1 1.57171E-1 1.58161E-1 1.57138E-1 1.54234E-1 1.57666E-1 1.61101E-1 1.64283E-1 1.55056E-1 1.53913E-1 1.56626E-1 1.56663E-1 1.54669E-1 1.54505E-1
1.47188E-1 1.53333E-1 1.72014E-1 2.13768E-1 2.00437E-1 2.07886E-1 2.01053E-1 1.64951E-1 1.49152E-1 1.44758E-1 1.41892E-1 1.51904E-1 1.39037E-1 1.39138E-1 1.47985E-1 1.46894E-1 1.57763E-1 1.53701E-1 1.62046E-1 1.66395E-1 1.67197E-1 1.75542E-1 1.82078E-1 1.89573E-1 1.88862E-1 1.87274E-1 1.79392E-1 1.81653E-1 1.83807E-1 1.81348E-1 1.83101E-1 1.84374E-1 1.77001E-1 1.74144E-1 1.73438E-1 1.73415E-1 1.79488E-1 1.81586E-1 1.77439E-1 1.74431E-1 1.73002E-1 1.74823E-1 1.75702E-1 1.76789E-1 1.72549E-1 1.69639E-1 1.68354E-1 1.60594E-1 1.61643E-1 1.59275E-1 1.59091E-1 1.57533E-1 1.58318E-1 1.53487E-1 1.54248E-1 1.50074E-1 1.53456E-1 1.56457E-1 1.55741E-1 1.55012E-1 1.56637E-1
1.56113E-1 1.6035E-1 2.01952E-1 2.37807E-1 2.32198E-1 2.60761E-1 2.68306E-1 2.33386E-1 1.58526E-1 1.44971E-1 1.52827E-1 1.59109E-1 1.40655E-1 1.40904E-1 1.44683E-1 1.52393E-1 1.58297E-1 1.66159E-1 1.89509E-1 1.79543E-1 1.7119E-1 1.73313E-1 1.8156E-1 1.82598E-1 1.84442E-1 1.79967E-1 1.82502E-1 1.85685E-1 1.8765E-1 1.88411E-1 1.81958E-1 1.84599E-1 1.80778E-1 1.75664E-1 1.76991E-1 1.79185E-1 1.79704E-1 1.76802E-1 1.7905E-1 1.72254E-1 1.73848E-1 1.69097E-1 1.72326E-1 1.76504E-1 1.68942E-1 1.67507E-1 1.71784E-1 1.69202E-1 1.66987E-1 1.63927E-1 1.61652E-1 1.59267E-1 1.57975E-1 1.57394E-1 1.54382E-1 1.55229E-1 1.52886E-1 1.59462E-1 1.60785E-1 1.55262E-1 1.53326E-1
1.56001E-1 1.73557E-1 2.43044E-1 2.63634E-1 2.72276E-1 2.78084E-1 2.80652E-1 2.21547E-1 1.59606E-1 1.50964E-1 1.56536E-1 1.48416E-1 1.50502E-1 1.47994E-1 1.52016E-1 1.55041E-1 1.76973E-1 1.61535E-1 1.72151E-1 1.95319E-1 1.81305E-1 1.77841E-1 1.79661E-1 1.86004E-1 1.82689E-1 1.79997E-1 1.78348E-1 1.779E-1 1.79291E-1 1.788E-1 1.81419E-1 1.85761E-1 1.83404E-1 1.76549E-1 1.76948E-1 1.8217E-1 1.78102E-1 1.73173E-1 1.72845E-1 1.7289E-1 1.69893E-1 1.73122E-1 1.75846E-1 1.761E-1 1.69128E-1 1.62143E-1 1.63632E-1 1.65697E-1 1.65189E-1 1.68178E-1 1.70636E-1 1.6842E-1 1.67869E-1 1.59542E-1 1.61008E-1 1.60048E-1 1.56713E-1 1.60308E-1 1.57987E-1 1.55967E-1 1.51491E-1
1.54387E-1 1.61653E-1 2.18845E-1 2.43609E-1 2.43852E-1 2.61676E-1 2.70855E-1 1.87875E-1 1.49138E-1 1.46227E-1 1.43875E-1 1.45532E-1 1.47027E-1 1.53977E-1 1.69037E-1 1.94274E-1 1.84903E-1 1.82453E-1 1.69976E-1 1.7534E-1 1.72436E-1 1.75756E-1 1.81236E-1 1.77418E-1 1.70427E-1 1.71121E-1 1.73925E-1 1.77086E-1 1.81378E-1 1.78819E-1 1.80306E-1 1.79876E-1 1.81974E-1 1.82056E-1 1.8365E-1 1.81442E-1 1.8071E-1 1.79823E-1 1.79546E-1 1.76438E-1 1.72853E-1 1.77694E-1 1.80125E-1 1.76726E-1 1.67422E-1 1.68165E-1 1.68456E-1 1.75018E-1 1.73591E-1 1.7622E-1 1.76695E-1 1.74411E-1 1.61346E-1 1.65591E-1 1.65066E-1 1.61733E-1 1.6183E-1 1.58303E-1 1.53452E-1 1.53733E-1 1.52848E-1
