maxent_outputs/white_flowers_linear/white_131.asc
ncols         426
nrows         180
xllcorner     -130.0
yllcorner     24.0
cellsize      0.16666666666666666
NODATA_value  -9999
[rows 0 to 26 of 180, columns 244 to 304 of 426]
3.87935E-1 3.87834E-1 3.89788E-1 3.8988E-1 3.92038E-1 3.93933E-1 3.92907E-1 3.92732E-1 3.95117E-1 3.96685E-1 3.99432E-1 4.0069E-1 4.00058E-1 4.01135E-1 3.99721E-1 4.01117E-1 4.03828E-1 4.14599E-1 4.15013E-1 4.09172E-1 4.08871E-1 4.09928E-1 4.14295E-1 4.08723E-1 4.08823E-1 4.07576E-1 4.06534E-1 4.08749E-1 4.09461E-1 4.20064E-1 4.13107E-1 4.1697E-1 4.10199E-1 4.05241E-1 4.1018E-1 4.07675E-1 4.08407E-1 4.13617E-1 4.13512E-1 4.15086E-1 4.1851E-1 4.19675E-1 4.28495E-1 4.37882E-1 -9999 -9999 -9999 -9999 -9999 -9999 -9999 -9999 -9999 -9999 -9999 -9999 9.01098E-1 -9999 -9999 -9999 9.37842E-1
3.93361E-1 3.91748E-1 3.9518E-1 3.92159E-1 3.92868E-1 3.94551E-1 3.97071E-1 3.97087E-1 4.00103E-1 3.98911E-1 3.9708E-1 3.97511E-1 4.00151E-1 4.02837E-1 4.04222E-1 4.04848E-1 4.04483E-1 4.04537E-1 4.06582E-1 4.06049E-1 4.08825E-1 4.08041E-1 4.11105E-1 4.11425E-1 4.1021E-1 4.10576E-1 4.07941E-1 4.06544E-1 4.09105E-1 4.06217E-1 4.0681E-1 4.08283E-1 4.06956E-1 4.0425E-1 4.0863E-1 4.08706E-1 4.12833E-1 4.19049E-1 4.12053E-1 4.14683E-1 4.12952E-1 4.14943E-1 4.24025E-1 4.36917E-1 -9999 -9999 -9999 -9999 -9999 -9999 -9999 -9999 -9999 -9999 -9999 -9999 -9999 -9999 -9999 -9999 8.85717E-1
3.90228E-1 3.92944E-1 3.93708E-1 3.92819E-1 3.97352E-1 3.97545E-1 4.03949E-1 4.04592E-1 4.04327E-1 4.00582E-1 3.99667E-1 3.99876E-1 4.00204E-1 4.00625E-1 4.00708E-1 4.01432E-1 4.03894E-1 4.05872E-1 4.08399E-1 4.07159E-1 4.08969E-1 4.09391E-1 4.10076E-1 4.10572E-1 4.10733E-1 4.11783E-1 4.08539E-1 4.09882E-1 4.10921E-1 4.12491E-1 4.15008E-1 4.11997E-1 4.10855E-1 4.11133E-1 4.11187E-1 4.11323E-1 4.08235E-1 4.07514E-1 4.11398E-1 4.13081E-1 4.14082E-1 4.167E-1 4.2859E-1 -9999 -9999 -9999 -9999 -9999 -9999 -9999 -9999 -9999 -9999 -9999 -9999 -9999 -9999 5.86651E-1 -9999 -9999 8.88748E-1
3.90932E-1 3.93862E-1 3.91578E-1 3.89843E-1 3.90411E-1 3.91155E-1 3.96199E-1 3.98729E-1 3.97866E-1 3.98917E-1 4.04225E-1 4.03623E-1 4.01492E-1 4.01774E-1 4.05455E-1 4.04671E-1 4.03536E-1 4.04854E-1 4.07098E-1 4.11794E-1 4.11567E-1 4.14107E-1 4.16487E-1 4.21781E-1 4.18238E-1 4.15839E-1 4.11361E-1 4.13248E-1 4.13235E-1 4.13048E-1 4.12535E-1 4.117E-1 4.11833E-1 4.13823E-1 4.11639E-1 4.09972E-1 4.09846E-1 4.10627E-1 4.11865E-1 4.1615E-1 4.13947E-1 4.12436E-1 4.1793E-1 4.25445E-1 -9999 -9999 -9999 -9999 -9999 -9999 -9999 -9999 -9999 -9999 -9999 5.02211E-1 5.01787E-1 6.49659E-1 -9999 -9999 -9999
3.8989E-1 3.90406E-1 3.91583E-1 3.91722E-1 3.89372E-1 3.95481E-1 3.95292E-1 3.94529E-1 3.96269E-1 3.98159E-1 4.03953E-1 4.05367E-1 4.0577E-1 4.06228E-1 4.06237E-1 4.05204E-1 4.06446E-1 4.06832E-1 4.09796E-1 4.09345E-1 4.11783E-1 4.15628E-1 4.19562E-1 4.23498E-1 4.15637E-1 4.16926E-1 4.12745E-1 4.13471E-1 4.12835E-1 4.12244E-1 4.09751E-1 4.08681E-1 4.07498E-1 4.09824E-1 4.09385E-1 4.10027E-1 4.09078E-1 4.13959E-1 4.10227E-1 4.12937E-1 4.12958E-1 4.16711E-1 4.1463E-1 4.48941E-1 -9999 4.22227E-1 4.2105E-1 4.26445E-1 4.33645E-1 4.36376E-1 -9999 -9999 -9999 -9999 -9999 5.01745E-1 5.7955E-1 7.81101E-1 8.83367E-1 -9999 -9999
3.94149E-1 3.96579E-1 3.92704E-1 4.01845E-1 3.98055E-1 3.97292E-1 4.00345E-1 4.00254E-1 4.02393E-1 4.05174E-1 4.10749E-1 4.1452E-1 4.13387E-1 4.10806E-1 4.08809E-1 4.10538E-1 4.06488E-1 4.07834E-1 4.09806E-1 4.10814E-1 4.13297E-1 4.16453E-1 4.19928E-1 4.17543E-1 4.18031E-1 4.15315E-1 4.17377E-1 4.15109E-1 4.14319E-1 4.13204E-1 4.10699E-1 4.09295E-1 4.08339E-1 4.08495E-1 4.07109E-1 4.07133E-1 4.0785E-1 4.08336E-1 4.12579E-1 4.13527E-1 4.15424E-1 4.20106E-1 4.34174E-1 4.46048E-1 4.13596E-1 4.09123E-1 4.12565E-1 4.15238E-1 4.19183E-1 4.19747E-1 4.30987E-1 6.18952E-1 -9999 -9999 -9999 -9999 5.22925E-1 4.94871E-1 -9999 -9999 -9999
4.06703E-1 4.08484E-1 3.97527E-1 3.97097E-1 4.01729E-1 4.02285E-1 4.07269E-1 4.06863E-1 4.12256E-1 4.1281E-1 4.14438E-1 4.2492E-1 4.19073E-1 4.12212E-1 4.12159E-1 4.11344E-1 4.08857E-1 4.09645E-1 4.11472E-1 4.13308E-1 4.13845E-1 4.15308E-1 4.12469E-1 4.16142E-1 4.16621E-1 4.17505E-1 4.153E-1 4.15282E-1 4.15862E-1 4.12593E-1 4.12361E-1 4.11138E-1 4.0934E-1 4.13554E-1 4.10879E-1 4.09068E-1 4.09278E-1 4.08805E-1 4.13029E-1 4.12341E-1 4.15527E-1 4.19767E-1 4.24288E-1 4.22674E-1 4.27488E-1 4.23802E-1 4.29247E-1 4.25788E-1 4.2652E-1 4.25611E-1 4.25697E-1 4.39785E-1 -9999 -9999 -9999 -9999 -9999 -9999 -9999 -9999 9.37946E-1
3.94702E-1 3.95974E-1 3.96886E-1 3.99223E-1 4.03692E-1 4.01515E-1 4.02111E-1 4.0438E-1 4.04684E-1 4.08909E-1 4.11449E-1 4.15656E-1 4.12668E-1 4.11626E-1 4.10379E-1 4.09979E-1 4.10629E-1 4.13208E-1 4.1519E-1 4.16453E-1 4.16122E-1 4.13081E-1 4.12659E-1 4.15971E-1 4.16853E-1 4.16076E-1 4.1445E-1 4.15926E-1 4.16207E-1 4.1368E-1 4.10187E-1 4.08202E-1 4.08473E-1 4.10292E-1 4.0843E-1 4.09926E-1 4.11209E-1 4.05714E-1 4.06839E-1 4.09437E-1 4.13741E-1 4.14072E-1 4.14203E-1 4.18199E-1 4.33958E-1 -9999 -9999 -9999 4.44169E-1 4.37972E-1 4.32125E-1 4.4069E-1 -9999 -9999 -9999 -9999 -9999 -9999 -9999 -9999 9.13796E-1
3.92271E-1 3.93858E-1 3.94226E-1 3.976E-1 3.97754E-1 3.98961E-1 4.04827E-1 4.0892E-1 4.123E-1 4.1096E-1 4.13699E-1 4.15158E-1 4.1539E-1 4.13448E-1 4.14334E-1 4.17533E-1 4.13109E-1 4.16721E-1 4.16601E-1 4.18533E-1 4.16672E-1 4.177E-1 4.15092E-1 4.20831E-1 4.16432E-1 4.17957E-1 4.1759E-1 4.18382E-1 4.17295E-1 4.13319E-1 4.12356E-1 4.10949E-1 4.11427E-1 4.16045E-1 4.15575E-1 4.09107E-1 4.11952E-1 4.06724E-1 4.05907E-1 4.08512E-1 4.10591E-1 4.11381E-1 4.0565E-1 4.07956E-1 4.15075E-1 4.20992E-1 4.20306E-1 -9999 -9999 -9999 -9999 -9999 -9999 -9999 -9999 -9999 -9999 -9999 6.44222E-1 -9999 9.2111E-1
3.91494E-1 3.96673E-1 3.98199E-1 4.015E-1 4.00365E-1 4.0266E-1 4.05624E-1 4.09349E-1 4.10228E-1 4.12022E-1 4.11857E-1 4.12835E-1 4.11245E-1 4.12517E-1 4.14191E-1 4.17849E-1 4.22038E-1 4.24004E-1 4.20657E-1 4.2149E-1 4.17992E-1 4.16599E-1 4.18261E-1 4.1953E-1 4.29809E-1 4.24102E-1 4.20014E-1 4.20742E-1 4.1753E-1 4.17482E-1 4.14957E-1 4.13412E-1 4.15278E-1 4.16744E-1 4.15689E-1 4.15914E-1 4.15155E-1 4.12927E-1 4.08941E-1 4.07516E-1 4.0746E-1 4.01348E-1 3.99523E-1 4.03417E-1 4.04524E-1 4.08607E-1 4.17151E-1 -9999 -9999 -9999 -9999 -9999 -9999 -9999 9.32462E-1 -9999 -9999 -9999 -9999 -9999 9.39189E-1
3.93608E-1 3.97595E-1 3.99849E-1 4.01584E-1 3.98873E-1 4.04699E-1 4.08152E-1 4.1079E-1 4.16561E-1 4.14403E-1 4.16269E-1 4.16709E-1 4.1525E-1 4.16799E-1 4.19648E-1 4.21238E-1 4.21133E-1 4.22224E-1 4.25151E-1 4.23901E-1 4.21534E-1 4.22198E-1 4.2268E-1 4.20751E-1 4.37161E-1 4.39409E-1 4.2304E-1 4.22492E-1 4.1954E-1 4.1732E-1 4.16361E-1 4.15507E-1 4.16765E-1 4.15816E-1 4.18493E-1 4.17627E-1 4.14182E-1 4.12433E-1 4.09437E-1 4.09131E-1 4.06749E-1 4.04711E-1 4.00499E-1 4.00034E-1 4.07476E-1 4.09829E-1 4.17432E-1 5.51684E-1 -9999 -9999 -9999 -9999 -9999 -9999 -9999 -9999 -9999 -9999 5.89456E-1 5.14627E-1 -9999
3.9826E-1 3.98773E-1 3.97802E-1 4.01529E-1 4.05439E-1 4.07922E-1 4.07624E-1 4.0865E-1 4.07423E-1 4.09688E-1 4.14305E-1 4.15666E-1 4.18563E-1 4.21862E-1 4.23869E-1 4.24035E-1 4.24648E-1 4.26625E-1 4.26091E-1 4.23479E-1 4.24058E-1 4.2304E-1 4.22622E-1 4.2492E-1 4.25402E-1 4.25889E-1 4.22048E-1 4.19604E-1 4.1956E-1 4.20724E-1 4.2263E-1 4.21533E-1 4.19785E-1 4.17784E-1 4.16982E-1 4.16118E-1 4.16385E-1 4.12859E-1 4.06835E-1 4.10363E-1 4.04833E-1 4.01268E-1 4.01277E-1 4.02118E-1 3.99548E-1 3.98074E-1 4.06947E-1 4.1618E-1 4.23142E-1 4.33518E-1 4.39696E-1 -9999 -9999 -9999 -9999 -9999 -9999 -9999 4.90912E-1 4.85321E-1 4.95435E-1
3.95858E-1 3.98361E-1 4.00016E-1 4.05915E-1 4.08125E-1 4.05362E-1 4.09194E-1 4.1028E-1 4.07719E-1 4.10977E-1 4.14728E-1 4.18349E-1 4.21379E-1 4.21833E-1 4.23969E-1 4.28006E-1 4.2566E-1 4.2828E-1 4.28422E-1 4.2836E-1 4.27184E-1 4.28006E-1 4.27394E-1 4.31203E-1 4.30313E-1 4.26039E-1 4.26955E-1 4.2522E-1 4.24324E-1 4.24893E-1 4.24392E-1 4.21362E-1 4.23388E-1 4.21371E-1 4.20759E-1 4.19745E-1 4.17052E-1 4.13013E-1 4.12879E-1 4.1447E-1 4.10838E-1 4.04989E-1 4.01566E-1 4.00535E-1 3.99286E-1 3.98736E-1 4.02016E-1 4.08311E-1 4.13758E-1 4.22413E-1 4.36638E-1 4.52425E-1 -9999 -9999 -9999 -9999 -9999 -9999 4.83547E-1 4.73674E-1 5.26941E-1
3.99139E-1 4.01029E-1 4.0422E-1 4.0708E-1 4.08092E-1 4.07286E-1 4.09378E-1 4.12653E-1 4.14313E-1 4.17999E-1 4.18267E-1 4.21046E-1 4.22084E-1 4.23255E-1 4.28775E-1 4.31252E-1 4.35064E-1 4.34177E-1 4.33607E-1 4.33713E-1 4.3348E-1 4.32577E-1 4.30853E-1 4.31961E-1 4.30531E-1 4.30069E-1 4.30406E-1 4.28015E-1 4.2972E-1 4.29845E-1 4.29198E-1 4.25875E-1 4.26988E-1 4.24305E-1 4.2203E-1 4.21413E-1 4.19791E-1 4.22318E-1 4.15057E-1 4.13709E-1 4.11587E-1 4.07823E-1 4.04963E-1 4.02651E-1 4.04015E-1 4.04045E-1 4.04544E-1 4.06828E-1 4.11651E-1 4.19806E-1 4.28796E-1 4.3931E-1 4.50909E-1 -9999 -9999 -9999 -9999 -9999 -9999 -9999 5.60875E-1
3.98431E-1 4.01751E-1 4.07115E-1 4.11229E-1 4.13236E-1 4.11657E-1 4.11501E-1 4.15054E-1 4.19976E-1 4.20895E-1 4.19205E-1 4.23878E-1 4.23317E-1 4.27443E-1 4.31401E-1 4.36479E-1 4.39604E-1 4.37013E-1 4.37755E-1 4.38778E-1 4.39044E-1 4.39583E-1 4.4024E-1 4.377E-1 4.35061E-1 4.39955E-1 4.35124E-1 4.3379E-1 4.30968E-1 4.31915E-1 4.31172E-1 4.26358E-1 4.27195E-1 4.30969E-1 4.26239E-1 4.27887E-1 4.27479E-1 4.22965E-1 4.18145E-1 4.17449E-1 4.15431E-1 4.12138E-1 4.09214E-1 4.06529E-1 4.07946E-1 4.09816E-1 4.10821E-1 4.12064E-1 4.15424E-1 4.20963E-1 4.30555E-1 4.39582E-1 4.52862E-1 4.6009E-1 -9999 -9999 -9999 -9999 4.83639E-1 4.88276E-1 4.90511E-1
4.00672E-1 4.06304E-1 4.109E-1 4.11758E-1 4.13564E-1 4.17217E-1 4.17951E-1 4.18617E-1 4.23827E-1 4.28115E-1 4.24728E-1 4.28542E-1 4.30477E-1 4.37096E-1 4.36664E-1 4.40378E-1 4.42963E-1 4.42579E-1 4.41787E-1 4.39351E-1 4.37496E-1 4.40985E-1 4.51554E-1 4.44494E-1 4.40586E-1 4.42989E-1 4.39778E-1 4.37545E-1 4.35167E-1 4.36261E-1 4.38763E-1 4.34957E-1 4.34583E-1 4.33591E-1 4.31663E-1 4.29854E-1 4.25343E-1 4.22145E-1 4.21036E-1 4.1663E-1 4.16625E-1 4.1374E-1 4.11504E-1 4.10816E-1 4.10536E-1 4.14965E-1 4.19242E-1 4.23787E-1 4.25634E-1 4.31634E-1 4.43117E-1 4.54802E-1 4.55928E-1 4.66698E-1 -9999 -9999 -9999 4.83327E-1 4.82956E-1 4.77729E-1 4.85834E-1
4.0682E-1 4.10412E-1 4.12747E-1 4.16167E-1 4.18941E-1 4.19628E-1 4.24991E-1 4.27113E-1 4.28843E-1 4.3412E-1 4.38295E-1 4.38744E-1 4.39117E-1 4.3985E-1 4.40801E-1 4.41666E-1 4.39563E-1 4.42866E-1 4.46228E-1 4.47409E-1 4.43675E-1 4.42912E-1 4.44773E-1 4.45241E-1 4.48064E-1 4.5066E-1 4.43588E-1 4.42629E-1 4.43273E-1 4.42526E-1 4.42322E-1 4.39674E-1 4.37493E-1 4.36242E-1 4.32102E-1 4.30609E-1 4.28941E-1 4.28884E-1 4.2465E-1 4.20156E-1 4.24126E-1 4.20065E-1 4.16678E-1 4.16384E-1 4.17335E-1 4.20553E-1 4.2728E-1 4.32185E-1 4.33072E-1 4.40656E-1 4.50325E-1 4.56489E-1 4.65579E-1 4.67058E-1 4.64517E-1 4.67719E-1 4.81106E-1 4.83938E-1 4.83038E-1 4.79998E-1 4.83167E-1
4.09085E-1 4.10484E-1 4.13472E-1 4.17801E-1 4.20108E-1 4.22871E-1 4.25763E-1 4.29882E-1 4.33903E-1 4.35168E-1 4.3726E-1 4.38633E-1 4.40523E-1 4.4172E-1 4.43029E-1 4.42854E-1 4.45475E-1 4.47242E-1 4.4958E-1 4.53388E-1 4.50998E-1 4.50161E-1 4.50056E-1 4.48897E-1 4.49257E-1 4.47089E-1 4.47713E-1 4.46909E-1 4.50984E-1 4.48052E-1 4.45287E-1 4.45204E-1 4.40976E-1 4.39214E-1 4.36905E-1 4.36183E-1 4.3356E-1 4.34316E-1 4.35433E-1 4.32643E-1 4.2666E-1 4.215E-1 4.19696E-1 4.19048E-1 4.20189E-1 4.31343E-1 4.38651E-1 4.38013E-1 4.41892E-1 4.48837E-1 4.53677E-1 4.57879E-1 4.55349E-1 4.58254E-1 4.53809E-1 4.58342E-1 4.78252E-1 4.87814E-1 4.83663E-1 4.79624E-1 4.82894E-1
4.1288E-1 4.16727E-1 4.21161E-1 4.24018E-1 4.28198E-1 4.30964E-1 4.33865E-1 4.31144E-1 4.32536E-1 4.35796E-1 4.37207E-1 4.39028E-1 4.44519E-1 4.45797E-1 4.44091E-1 4.48064E-1 4.54023E-1 4.60778E-1 4.61776E-1 4.58281E-1 4.56294E-1 4.56406E-1 4.55383E-1 4.54453E-1 4.5432E-1 4.58246E-1 4.5379E-1 4.52287E-1 4.55535E-1 4.49265E-1 4.45676E-1 4.47652E-1 4.43818E-1 4.49096E-1 4.42213E-1 4.37742E-1 4.3628E-1 4.35656E-1 4.33617E-1 4.3335E-1 4.31446E-1 4.29512E-1 4.26506E-1 4.28594E-1 4.34388E-1 4.34306E-1 4.3642E-1 4.45872E-1 4.42777E-1 4.42572E-1 4.48098E-1 4.55E-1 4.5158E-1 4.52306E-1 4.5403E-1 4.55624E-1 4.64174E-1 4.69025E-1 4.71102E-1 4.70099E-1 4.72633E-1
4.15745E-1 4.23217E-1 4.19435E-1 4.24616E-1 4.3216E-1 4.32205E-1 4.41049E-1 4.3651E-1 4.33266E-1 4.31891E-1 4.34446E-1 4.37518E-1 4.43782E-1 4.52703E-1 4.51643E-1 4.53282E-1 4.62542E-1 4.60961E-1 4.6866E-1 4.69098E-1 4.66041E-1 4.61819E-1 4.63185E-1 4.59908E-1 4.61707E-1 4.64752E-1 4.6329E-1 4.61845E-1 4.60575E-1 4.56165E-1 4.50578E-1 4.51786E-1 4.5123E-1 4.51318E-1 4.47992E-1 4.44922E-1 4.4125E-1 4.38368E-1 4.3727E-1 4.36746E-1 4.38002E-1 4.39113E-1 4.38482E-1 4.36956E-1 4.37036E-1 4.35708E-1 4.36377E-1 4.41483E-1 4.4052E-1 4.37071E-1 4.44501E-1 4.44337E-1 4.49099E-1 4.51294E-1 4.54751E-1 4.6049E-1 4.58852E-1 4.61334E-1 4.63017E-1 4.66553E-1 4.7055E-1
4.18184E-1 4.21744E-1 4.24284E-1 4.27938E-1 4.36701E-1 4.38536E-1 4.44327E-1 4.38537E-1 4.35088E-1 4.40668E-1 4.46818E-1 4.51738E-1 4.43739E-1 4.50413E-1 4.50096E-1 4.52819E-1 4.62966E-1 4.63475E-1 4.64702E-1 4.67575E-1 4.66854E-1 4.62279E-1 4.62257E-1 4.66603E-1 4.64589E-1 4.61815E-1 4.5947E-1 4.6284E-1 4.66961E-1 4.60506E-1 4.56948E-1 4.55688E-1 4.52033E-1 4.533E-1 4.51354E-1 4.46262E-1 4.45341E-1 4.43553E-1 4.42125E-1 4.47224E-1 4.503E-1 4.44744E-1 4.41388E-1 4.41591E-1 4.44043E-1 4.42848E-1 4.44559E-1 4.48269E-1 4.50469E-1 4.48268E-1 4.49264E-1 4.485E-1 4.48515E-1 4.47821E-1 4.52453E-1 4.5728E-1 4.57685E-1 4.57752E-1 4.58539E-1 4.6412E-1 4.69024E-1
4.21969E-1 4.30915E-1 4.29675E-1 4.33822E-1 4.38472E-1 4.44065E-1 4.42094E-1 4.45293E-1 4.43326E-1 4.46966E-1 4.42388E-1 4.50224E-1 4.56329E-1 4.5921E-1 4.60428E-1 4.62436E-1 4.63455E-1 4.6455E-1 4.61504E-1 4.65741E-1 4.68814E-1 4.67178E-1 4.63196E-1 4.64682E-1 4.65763E-1 4.67247E-1 4.69012E-1 4.68375E-1 4.7335E-1 4.70727E-1 4.6238E-1 4.59723E-1 4.60424E-1 4.61127E-1 4.57297E-1 4.5546E-1 4.55676E-1 4.53374E-1 4.52881E-1 4.58513E-1 4.5839E-1 4.50308E-1 4.48352E-1 4.48166E-1 4.46075E-1 4.50795E-1 4.4963E-1 4.49969E-1 4.48838E-1 4.50399E-1 4.51406E-1 4.49643E-1 4.49118E-1 4.56861E-1 4.74413E-1 4.61246E-1 4.58728E-1 4.54972E-1 4.57904E-1 4.59982E-1 4.62597E-1
4.28774E-1 4.33468E-1 4.39985E-1 4.63261E-1 4.89933E-1 4.82167E-1 4.64779E-1 4.53124E-1 4.51149E-1 4.50391E-1 4.4372E-1 4.46134E-1 4.5195E-1 4.51045E-1 4.59326E-1 4.64374E-1 4.76361E-1 4.67693E-1 4.67558E-1 4.64612E-1 4.70843E-1 4.75027E-1 4.74122E-1 4.74407E-1 4.7515E-1 4.76311E-1 4.74551E-1 4.74052E-1 4.72084E-1 4.73448E-1 4.71513E-1 4.70357E-1 4.67959E-1 4.66829E-1 4.65511E-1 4.66158E-1 4.68424E-1 4.63254E-1 4.60902E-1 4.61595E-1 4.62556E-1 4.58962E-1 4.54695E-1 4.57454E-1 4.52077E-1 4.53634E-1 4.581E-1 4.5146E-1 4.48143E-1 4.51423E-1 4.53029E-1 4.51941E-1 4.59893E-1 4.63483E-1 4.67772E-1 4.59822E-1 4.59431E-1 4.61938E-1 4.64695E-1 4.60664E-1 4.61809E-1
4.36965E-1 4.469E-1 4.71867E-1 5.17678E-1 5.09745E-1 5.20203E-1 5.15415E-1 4.76527E-1 4.60467E-1 4.56247E-1 4.51124E-1 4.61409E-1 4.48835E-1 4.47818E-1 4.56785E-1 4.57559E-1 4.68521E-1 4.60357E-1 4.66582E-1 4.7148E-1 4.7053E-1 4.77895E-1 4.80516E-1 4.85924E-1 4.84222E-1 4.85144E-1 4.77745E-1 4.78572E-1 4.79013E-1 4.7613E-1 4.77942E-1 4.78964E-1 4.75049E-1 4.72608E-1 4.73105E-1 4.73185E-1 4.77058E-1 4.79481E-1 4.76622E-1 4.7108E-1 4.69122E-1 4.687E-1 4.6958E-1 4.68026E-1 4.63933E-1 4.59529E-1 4.56924E-1 4.52027E-1 4.53716E-1 4.53623E-1 4.5775E-1 4.5624E-1 4.6052E-1 4.58092E-1 4.61002E-1 4.5628E-1 4.597E-1 4.63275E-1 4.64165E-1 4.62961E-1 4.66856E-1
4.47385E-1 4.54399E-1 5.04633E-1 5.41011E-1 5.39212E-1 5.63318E-1 5.68613E-1 5.4591E-1 4.72686E-1 4.60608E-1 4.66683E-1 4.71E-1 4.48649E-1 4.48866E-1 4.5207E-1 4.59628E-1 4.64775E-1 4.67068E-1 4.89083E-1 4.8325E-1 4.77219E-1 4.78871E-1 4.86032E-1 4.86435E-1 4.87701E-1 4.83551E-1 4.81953E-1 4.84572E-1 4.85389E-1 4.87148E-1 4.82859E-1 4.86573E-1 4.8521E-1 4.79387E-1 4.80856E-1 4.81834E-1 4.81563E-1 4.80772E-1 4.82309E-1 4.74478E-1 4.7418E-1 4.69283E-1 4.69E-1 4.71598E-1 4.64236E-1 4.64012E-1 4.64835E-1 4.62535E-1 4.61539E-1 4.61453E-1 4.60636E-1 4.61314E-1 4.61865E-1 4.63061E-1 4.61572E-1 4.62808E-1 4.62021E-1 4.68889E-1 4.69555E-1 4.64079E-1 4.61832E-1
4.48521E-1 4.69026E-1 5.42535E-1 5.6433E-1 5.74926E-1 5.7983E-1 5.825E-1 5.40253E-1 4.78637E-1 4.70111E-1 4.7264E-1 4.61042E-1 4.62312E-1 4.5842E-1 4.58001E-1 4.61884E-1 4.77624E-1 4.57631E-1 4.73585E-1 5.0002E-1 4.86491E-1 4.82845E-1 4.83891E-1 4.9146E-1 4.87615E-1 4.83601E-1 4.82239E-1 4.8095E-1 4.82379E-1 4.82456E-1 4.85783E-1 4.88998E-1 4.87225E-1 4.82438E-1 4.83759E-1 4.87837E-1 4.86227E-1 4.81602E-1 4.81726E-1 4.79382E-1 4.75301E-1 4.76727E-1 4.75903E-1 4.75959E-1 4.65477E-1 4.55257E-1 4.54027E-1 4.58594E-1 4.61694E-1 4.67835E-1 4.72056E-1 4.72718E-1 4.74498E-1 4.66478E-1 4.68517E-1 4.68773E-1 4.66275E-1 4.71643E-1 4.68469E-1 4.65732E-1 4.59212E-1
4.48372E-1 4.58692E-1 5.25077E-1 5.52294E-1 5.56209E-1 5.72537E-1 5.78505E-1 5.11523E-1 4.73943E-1 4.70682E-1 4.66723E-1 4.63486E-1 4.63441E-1 4.68165E-1 4.8103E-1 5.05164E-1 4.90745E-1 4.85529E-1 4.75858E-1 4.82051E-1 4.78156E-1 4.7934E-1 4.8561E-1 4.82971E-1 4.78272E-1 4.77946E-1 4.79093E-1 4.82196E-1 4.87756E-1 4.83614E-1 4.83928E-1 4.83585E-1 4.87081E-1 4.8823E-1 4.88874E-1 4.89935E-1 4.90281E-1 4.8968E-1 4.88615E-1 4.8514E-1 4.79817E-1 4.82292E-1 4.84593E-1 4.7808E-1 4.64674E-1 4.64077E-1 4.61505E-1 4.66269E-1 4.70751E-1 4.78366E-1 4.80897E-1 4.80156E-1 4.66651E-1 4.7306E-1 4.72745E-1 4.71352E-1 4.72793E-1 4.67204E-1 4.6171E-1 4.62183E-1 4.6274E-1
