maxent_outputs/white_flowers_linear/white_343.asc
ncols         426
nrows         180
xllcorner     -130.0
yllcorner     24.0
cellsize      0.16666666666666666
NODATA_value  -9999
[rows 27 to 53 of 180, columns 244 to 304 of 426]
1.51186E-2 1.63439E-2 1.90007E-2 2.22096E-2 2.6299E-2 3.07475E-2 2.7592E-2 1.87744E-2 1.62376E-2 1.56863E-2 1.56917E-2 1.80027E-2 1.89586E-2 1.80487E-2 2.3925E-2 1.75105E-2 1.74374E-2 1.67733E-2 1.70762E-2 1.73454E-2 1.68221E-2 1.69153E-2 1.75317E-2 1.58195E-2 1.5448E-2 1.83445E-2 1.61938E-2 1.55213E-2 1.55154E-2 1.49776E-2 1.53757E-2 1.5439E-2 1.55422E-2 1.57952E-2 1.67766E-2 1.60438E-2 1.55957E-2 1.63918E-2 1.68549E-2 1.70716E-2 1.79577E-2 1.8242E-2 1.78931E-2 1.74122E-2 1.63993E-2 1.6108E-2 1.67334E-2 1.71016E-2 1.73295E-2 1.68129E-2 1.61523E-2 1.72489E-2 1.80855E-2 1.77346E-2 1.72682E-2 1.74955E-2 1.69675E-2 1.70206E-2 1.70865E-2 1.69609E-2 1.68819E-2
1.47732E-2 1.63372E-2 1.97078E-2 1.82928E-2 1.72953E-2 2.04421E-2 1.92828E-2 1.70747E-2 1.60713E-2 1.51424E-2 1.44815E-2 1.78634E-2 1.70365E-2 1.89311E-2 1.68702E-2 1.65635E-2 1.72009E-2 1.94027E-2 1.84623E-2 1.8535E-2 1.82508E-2 1.65703E-2 1.65996E-2 1.74984E-2 1.72879E-2 1.69372E-2 1.51759E-2 1.54472E-2 1.56719E-2 1.52339E-2 1.4919E-2 1.54656E-2 1.47081E-2 1.56086E-2 1.61903E-2 1.60314E-2 1.60317E-2 1.61893E-2 1.55834E-2 1.61845E-2 1.78361E-2 1.74686E-2 1.71118E-2 1.72849E-2 1.73984E-2 1.74599E-2 1.71965E-2 1.67417E-2 1.76139E-2 1.6733E-2 1.64863E-2 1.68358E-2 1.70867E-2 1.61623E-2 1.61731E-2 1.67928E-2 1.65412E-2 1.65973E-2 1.74237E-2 1.66723E-2 1.76417E-2
1.47982E-2 1.62499E-2 1.86706E-2 2.00272E-2 1.95464E-2 1.97346E-2 2.55757E-2 2.32041E-2 1.71408E-2 1.71588E-2 1.86377E-2 1.95206E-2 1.79661E-2 2.00445E-2 1.68437E-2 1.79546E-2 2.14869E-2 2.36456E-2 2.17463E-2 2.04187E-2 1.74759E-2 1.83453E-2 1.79692E-2 1.95398E-2 1.95873E-2 1.83601E-2 1.644E-2 1.68259E-2 1.69303E-2 1.69468E-2 1.69464E-2 1.58727E-2 1.55977E-2 1.56789E-2 1.56306E-2 1.70207E-2 1.74865E-2 1.88891E-2 1.81374E-2 1.82467E-2 1.91588E-2 1.74295E-2 1.68754E-2 1.73137E-2 1.72949E-2 1.78968E-2 1.76434E-2 1.64523E-2 1.63324E-2 1.59086E-2 1.62433E-2 1.64247E-2 1.64898E-2 1.69163E-2 1.75492E-2 1.74524E-2 1.67194E-2 1.73454E-2 1.85255E-2 1.69803E-2 1.78118E-2
1.46809E-2 1.49765E-2 1.79716E-2 2.11122E-2 2.2794E-2 2.40354E-2 3.27764E-2 4.08156E-2 3.48757E-2 4.07402E-2 3.42136E-2 2.73417E-2 2.34761E-2 2.54267E-2 2.61284E-2 2.29956E-2 2.24887E-2 2.45934E-2 2.42529E-2 2.24139E-2 2.07088E-2 2.0747E-2 2.04458E-2 1.89108E-2 1.80696E-2 1.7017E-2 1.81546E-2 1.8047E-2 1.73724E-2 2.22057E-2 1.74941E-2 1.67477E-2 1.58112E-2 1.57541E-2 1.65812E-2 1.89939E-2 1.75098E-2 1.70698E-2 1.82816E-2 1.87386E-2 1.83827E-2 1.82988E-2 1.75204E-2 1.67964E-2 1.66665E-2 1.74758E-2 1.76906E-2 1.70568E-2 1.6635E-2 1.70815E-2 1.6769E-2 1.73708E-2 1.70048E-2 1.74771E-2 1.78558E-2 2.35421E-2 2.36622E-2 1.92594E-2 1.92364E-2 1.76253E-2 1.77438E-2
1.65529E-2 1.58982E-2 1.69212E-2 1.98393E-2 2.92173E-2 4.19238E-2 2.97332E-2 3.6698E-2 4.90837E-2 6.40012E-2 8.15057E-2 8.80896E-2 7.135E-2 6.35552E-2 6.63578E-2 6.51922E-2 4.9949E-2 4.60117E-2 2.90141E-2 2.38007E-2 2.18113E-2 2.2219E-2 2.40874E-2 1.89036E-2 1.77831E-2 1.80337E-2 1.80308E-2 1.93418E-2 1.78312E-2 1.8956E-2 1.79651E-2 1.73624E-2 1.68852E-2 1.7054E-2 1.81858E-2 1.88093E-2 1.84767E-2 1.7675E-2 1.80811E-2 1.86587E-2 1.77826E-2 1.80565E-2 1.8411E-2 1.8124E-2 1.73988E-2 1.66376E-2 1.74797E-2 1.76543E-2 1.71652E-2 1.73576E-2 1.78551E-2 1.76286E-2 1.81446E-2 1.85404E-2 1.90889E-2 2.46542E-2 2.77315E-2 2.19236E-2 2.64856E-2 1.96452E-2 1.8578E-2
2.17916E-2 2.48592E-2 3.53665E-2 3.76663E-2 4.76117E-2 4.95959E-2 8.13003E-2 1.23027E-1 1.49008E-1 1.54588E-1 1.55225E-1 1.5627E-1 1.55883E-1 1.48019E-1 1.43153E-1 1.4988E-1 1.45497E-1 1.41843E-1 5.96216E-2 2.77163E-2 2.48937E-2 2.22309E-2 2.06885E-2 1.98979E-2 1.90137E-2 1.96286E-2 1.83551E-2 1.84445E-2 2.0316E-2 1.86499E-2 1.99082E-2 1.68145E-2 1.6969E-2 1.8092E-2 1.83697E-2 1.85012E-2 1.85182E-2 1.81891E-2 1.91156E-2 1.8939E-2 1.85184E-2 1.82624E-2 1.88884E-2 1.86365E-2 1.83579E-2 1.81009E-2 1.90008E-2 1.84305E-2 1.76836E-2 1.76804E-2 1.97217E-2 1.82039E-2 1.77769E-2 1.72468E-2 1.69059E-2 1.64986E-2 2.01416E-2 2.18758E-2 2.43472E-2 2.19802E-2 2.05367E-2
3.85988E-2 7.72105E-2 7.67689E-2 5.59722E-2 7.90441E-2 1.16861E-1 1.46612E-1 1.50748E-1 1.53813E-1 1.5544E-1 1.57419E-1 1.61352E-1 1.60944E-1 1.61327E-1 1.61634E-1 1.60368E-1 1.55187E-1 1.57701E-1 1.13579E-1 3.49697E-2 2.62494E-2 2.31102E-2 2.15047E-2 2.01805E-2 2.09303E-2 2.08726E-2 1.86819E-2 1.94309E-2 2.00959E-2 1.97675E-2 2.20293E-2 2.05396E-2 1.92083E-2 2.30512E-2 2.16595E-2 2.07142E-2 1.99721E-2 1.8608E-2 2.01354E-2 1.874E-2 1.88208E-2 1.89149E-2 1.84931E-2 1.9554E-2 1.95909E-2 1.9224E-2 1.84961E-2 1.88833E-2 1.83261E-2 1.92754E-2 2.12343E-2 1.94474E-2 1.89046E-2 1.82146E-2 1.73782E-2 1.6759E-2 1.83905E-2 1.90817E-2 2.05998E-2 2.20194E-2 2.41205E-2
5.62223E-2 8.06845E-2 1.0741E-1 1.28355E-1 1.35026E-1 1.29487E-1 1.43618E-1 1.52922E-1 1.53672E-1 1.56438E-1 1.61074E-1 1.64829E-1 1.64755E-1 1.65194E-1 1.66521E-1 1.66065E-1 1.64188E-1 1.63781E-1 1.57854E-1 5.07587E-2 2.70382E-2 2.54041E-2 2.3802E-2 2.19926E-2 2.18888E-2 2.23513E-2 2.10862E-2 2.19664E-2 2.05268E-2 1.94132E-2 2.26696E-2 2.33733E-2 2.06691E-2 1.98469E-2 1.99307E-2 1.95106E-2 2.03681E-2 1.94675E-2 1.90415E-2 1.95428E-2 2.05819E-2 2.01255E-2 2.00341E-2 1.97117E-2 1.94789E-2 1.92399E-2 1.90671E-2 1.86466E-2 1.8966E-2 1.95838E-2 1.97031E-2 1.8249E-2 1.98636E-2 1.82613E-2 1.88456E-2 1.8473E-2 1.8536E-2 1.96761E-2 2.14399E-2 2.45879E-2 2.27905E-2
1.11252E-1 1.28025E-1 9.91399E-2 8.27165E-2 8.04879E-2 1.19853E-1 1.45839E-1 1.51145E-1 1.55669E-1 1.61363E-1 1.66508E-1 1.70009E-1 1.70878E-1 1.71369E-1 1.72117E-1 1.71491E-1 1.72456E-1 1.69495E-1 1.66593E-1 1.2222E-1 5.20535E-2 3.31418E-2 2.85553E-2 2.69372E-2 2.70543E-2 2.56844E-2 2.71991E-2 2.50471E-2 2.29439E-2 2.27321E-2 2.03381E-2 2.07388E-2 2.07845E-2 1.90911E-2 1.95835E-2 2.10726E-2 2.20096E-2 2.13444E-2 1.92624E-2 2.07369E-2 2.0985E-2 2.17106E-2 2.32034E-2 1.98111E-2 1.95508E-2 1.89743E-2 1.87092E-2 1.96157E-2 1.88293E-2 1.91782E-2 2.01043E-2 2.07091E-2 2.04645E-2 1.94276E-2 1.92328E-2 1.98639E-2 1.95691E-2 2.1791E-2 2.33921E-2 2.35074E-2 2.3759E-2
1.13478E-1 6.97319E-2 8.26656E-2 1.13852E-1 1.34026E-1 1.42914E-1 1.46695E-1 1.49865E-1 1.56107E-1 1.63428E-1 1.68704E-1 1.70558E-1 1.70255E-1 1.73011E-1 2.12184E-1 2.12893E-1 2.1329E-1 2.10799E-1 2.08318E-1 2.0031E-1 1.52659E-1 9.992E-2 8.34837E-2 8.01847E-2 9.3788E-2 1.03552E-1 6.70156E-2 3.12694E-2 2.47773E-2 2.09718E-2 1.93782E-2 1.78342E-2 2.05359E-2 2.07474E-2 2.02572E-2 2.10031E-2 2.26263E-2 2.05622E-2 2.00937E-2 2.08988E-2 2.10222E-2 2.18488E-2 2.02251E-2 1.94245E-2 1.96735E-2 1.99097E-2 2.15475E-2 2.18517E-2 2.16711E-2 2.12217E-2 2.05517E-2 2.09022E-2 2.08294E-2 2.04723E-2 2.07345E-2 2.05487E-2 2.12163E-2 2.30856E-2 2.41149E-2 2.34292E-2 2.37086E-2
1.36111E-1 1.23468E-1 1.39356E-1 1.39249E-1 1.39035E-1 1.44939E-1 1.47658E-1 1.51971E-1 1.57918E-1 1.61214E-1 1.64274E-1 1.66797E-1 1.73497E-1 1.77552E-1 2.16796E-1 2.16407E-1 2.15858E-1 2.16083E-1 2.12424E-1 2.06799E-1 1.103E-1 7.865E-2 1.06108E-1 1.56826E-1 1.49781E-1 1.43574E-1 4.63881E-2 2.74142E-2 2.28183E-2 1.98853E-2 2.00807E-2 1.96732E-2 1.86849E-2 1.85503E-2 2.12522E-2 2.02305E-2 2.04851E-2 1.9262E-2 2.12721E-2 2.2575E-2 2.20188E-2 2.08663E-2 2.29636E-2 2.3477E-2 2.13143E-2 2.09608E-2 2.20798E-2 2.30331E-2 2.14627E-2 2.22477E-2 2.18742E-2 2.13361E-2 2.14334E-2 2.17037E-2 2.1788E-2 2.23358E-2 2.25352E-2 2.3554E-2 2.45832E-2 2.22078E-2 2.343E-2
1.39964E-1 1.40363E-1 1.40334E-1 1.36914E-1 1.41513E-1 1.42026E-1 1.45662E-1 1.33565E-1 1.309E-1 1.4281E-1 1.51891E-1 1.61045E-1 1.71384E-1 1.76173E-1 2.16374E-1 2.17436E-1 2.18902E-1 2.16433E-1 2.12245E-1 2.09196E-1 1.67108E-1 1.56885E-1 1.61543E-1 1.56725E-1 1.5111E-1 1.36236E-1 4.38607E-2 2.92859E-2 2.41471E-2 2.11248E-2 1.97435E-2 1.9886E-2 1.93445E-2 2.04094E-2 2.13114E-2 1.9752E-2 2.03576E-2 2.03042E-2 2.02151E-2 2.01932E-2 2.11425E-2 2.14932E-2 2.26846E-2 2.16355E-2 2.21104E-2 2.26387E-2 2.24103E-2 2.26253E-2 2.2459E-2 2.14634E-2 2.19642E-2 2.25901E-2 2.06476E-2 2.12861E-2 2.35742E-2 2.42797E-2 2.46111E-2 2.54929E-2 2.86635E-2 2.62783E-2 2.51361E-2
1.43169E-1 1.41582E-1 1.31047E-1 1.29814E-1 1.28838E-1 1.05384E-1 6.71511E-2 6.3685E-2 7.43478E-2 8.84608E-2 1.19534E-1 1.44478E-1 1.6603E-1 1.74813E-1 2.13188E-1 2.18545E-1 2.20217E-1 2.20303E-1 2.16301E-1 2.14453E-1 1.69414E-1 1.53646E-1 1.6783E-1 1.64734E-1 1.57311E-1 1.4796E-1 1.20281E-1 7.46403E-2 3.2129E-2 2.24193E-2 2.04716E-2 2.19329E-2 2.17587E-2 2.20131E-2 2.16203E-2 2.21066E-2 2.22007E-2 2.38086E-2 2.27598E-2 2.28075E-2 2.35475E-2 2.28711E-2 2.18657E-2 2.29637E-2 2.17727E-2 2.23042E-2 2.24024E-2 2.17289E-2 2.04707E-2 2.11821E-2 2.13939E-2 2.18433E-2 2.17024E-2 2.30654E-2 2.59878E-2 2.74935E-2 2.6909E-2 2.68062E-2 3.6094E-2 2.85319E-2 2.46605E-2
1.41758E-1 1.36259E-1 1.21634E-1 1.03686E-1 7.41045E-2 5.17899E-2 5.62306E-2 8.19326E-2 1.13961E-1 1.36768E-1 1.37758E-1 1.40538E-1 1.49196E-1 1.62247E-1 2.10392E-1 2.16814E-1 2.17578E-1 2.19821E-1 2.18564E-1 2.151E-1 1.75545E-1 1.71492E-1 1.7364E-1 1.68938E-1 1.63209E-1 1.55938E-1 1.41389E-1 1.1585E-1 4.56441E-2 2.47155E-2 2.36094E-2 2.30205E-2 2.25183E-2 2.1206E-2 2.30363E-2 2.37551E-2 2.4234E-2 2.44575E-2 2.36635E-2 2.31491E-2 2.47003E-2 2.55453E-2 2.77591E-2 2.55939E-2 2.30056E-2 2.17134E-2 2.33538E-2 2.22761E-2 2.25642E-2 2.36223E-2 2.28979E-2 2.34152E-2 2.3448E-2 2.33428E-2 2.9295E-2 2.67954E-2 2.56762E-2 2.58495E-2 2.75368E-2 3.311E-2 2.46635E-2
1.28905E-1 1.11417E-1 8.25317E-2 5.41508E-2 4.72983E-2 5.61366E-2 8.85569E-2 1.22468E-1 1.3445E-1 1.39351E-1 1.41245E-1 1.42507E-1 1.47183E-1 1.56305E-1 2.07284E-1 2.15307E-1 2.15509E-1 2.15259E-1 2.18931E-1 2.16991E-1 1.76547E-1 1.78366E-1 1.75961E-1 1.70294E-1 1.65754E-1 1.56821E-1 1.43925E-1 7.71366E-2 3.12546E-2 2.80262E-2 2.57122E-2 2.40186E-2 2.39812E-2 2.38576E-2 2.45764E-2 2.54548E-2 2.6482E-2 2.62215E-2 2.48376E-2 2.3807E-2 2.55784E-2 2.53644E-2 2.45414E-2 2.50031E-2 2.42382E-2 2.25432E-2 2.47999E-2 2.59017E-2 2.54663E-2 2.49464E-2 2.31616E-2 2.40382E-2 2.65963E-2 2.66793E-2 2.88583E-2 3.21484E-2 2.76424E-2 2.76751E-2 2.73555E-2 3.20112E-2 2.60906E-2
7.2478E-2 6.04925E-2 5.03949E-2 4.64483E-2 5.05406E-2 6.80007E-2 7.80163E-2 7.58016E-2 8.23432E-2 1.09383E-1 1.38357E-1 1.48495E-1 1.50788E-1 1.54938E-1 1.64451E-1 1.71858E-1 1.69127E-1 1.6596E-1 1.72047E-1 1.7268E-1 1.71923E-1 1.75356E-1 1.73116E-1 1.63461E-1 1.54743E-1 1.4822E-1 1.41172E-1 9.96877E-2 6.68675E-2 4.66037E-2 2.96215E-2 2.53931E-2 2.75084E-2 2.56175E-2 2.79741E-2 2.97357E-2 3.14372E-2 3.2133E-2 2.9942E-2 2.70958E-2 2.6898E-2 2.69281E-2 2.37673E-2 2.59449E-2 2.85591E-2 2.69398E-2 2.69551E-2 2.57424E-2 2.51338E-2 2.51743E-2 2.62864E-2 2.81245E-2 2.86596E-2 2.9277E-2 2.92902E-2 3.42505E-2 2.98032E-2 2.7136E-2 2.67931E-2 2.64075E-2 3.15689E-2
4.94731E-2 4.54122E-2 4.43791E-2 5.0815E-2 5.15098E-2 5.37461E-2 4.35734E-2 4.06003E-2 4.41223E-2 5.79517E-2 7.97453E-2 1.47811E-1 1.55135E-1 1.55896E-1 1.59093E-1 1.61926E-1 1.59749E-1 1.59758E-1 1.56775E-1 1.45615E-1 1.24902E-1 1.24334E-1 1.3982E-1 1.04904E-1 8.20237E-2 7.15758E-2 1.09007E-1 1.22179E-1 8.91203E-2 4.92428E-2 3.27505E-2 3.01249E-2 2.97731E-2 3.08944E-2 3.15759E-2 3.24368E-2 3.16235E-2 3.32889E-2 3.2501E-2 3.4231E-2 2.96888E-2 2.8262E-2 2.9845E-2 2.92389E-2 3.01889E-2 3.14231E-2 2.84172E-2 2.71509E-2 2.67708E-2 2.78735E-2 3.00979E-2 4.93004E-2 3.45467E-2 3.24956E-2 2.89625E-2 2.8759E-2 3.06052E-2 2.90969E-2 2.69596E-2 2.60223E-2 2.71137E-2
3.97966E-2 4.50268E-2 4.31779E-2 4.50696E-2 3.87258E-2 3.36697E-2 3.18629E-2 3.30024E-2 3.42996E-2 4.1209E-2 5.17192E-2 8.46908E-2 1.44896E-1 1.38567E-1 1.4684E-1 1.4226E-1 1.31537E-1 1.08079E-1 7.59063E-2 6.42007E-2 6.54454E-2 6.55686E-2 6.17508E-2 5.82009E-2 5.64675E-2 5.8607E-2 1.08783E-1 1.22158E-1 8.72143E-2 4.51372E-2 4.00921E-2 3.93111E-2 3.86494E-2 3.58046E-2 3.58443E-2 3.94696E-2 3.75671E-2 4.05408E-2 3.92324E-2 4.01537E-2 3.63795E-2 3.6045E-2 3.51162E-2 3.55457E-2 3.66441E-2 3.63537E-2 3.27167E-2 3.45068E-2 3.32098E-2 3.19843E-2 3.04849E-2 3.02978E-2 3.26197E-2 3.21522E-2 3.1396E-2 3.16102E-2 3.07201E-2 2.98813E-2 2.79232E-2 2.67777E-2 2.70382E-2
3.8864E-2 3.91198E-2 3.97978E-2 3.67864E-2 3.38598E-2 3.17038E-2 3.25746E-2 3.35522E-2 3.3849E-2 3.79606E-2 4.32138E-2 4.86956E-2 6.41489E-2 6.94132E-2 7.8104E-2 7.55483E-2 6.73438E-2 6.30904E-2 5.8746E-2 5.50143E-2 5.56748E-2 6.22364E-2 6.15166E-2 6.06989E-2 6.06147E-2 5.85938E-2 6.3203E-2 6.31754E-2 6.16009E-2 5.10084E-2 5.17091E-2 4.96292E-2 4.5412E-2 4.44268E-2 4.33218E-2 4.69005E-2 4.80433E-2 4.72294E-2 4.85421E-2 4.36654E-2 4.35965E-2 4.41503E-2 3.8314E-2 3.8768E-2 3.91636E-2 3.86855E-2 3.88072E-2 3.82912E-2 3.62751E-2 3.66356E-2 3.66013E-2 3.49749E-2 3.55847E-2 3.39328E-2 3.32218E-2 3.53313E-2 3.64335E-2 3.51389E-2 3.10446E-2 2.72174E-2 2.9764E-2
3.31777E-2 3.36395E-2 3.57607E-2 3.66007E-2 3.51184E-2 3.4421E-2 3.69768E-2 3.81196E-2 4.02335E-2 4.40477E-2 4.71089E-2 4.61844E-2 5.25422E-2 5.78834E-2 5.97002E-2 5.84935E-2 6.17385E-2 6.35442E-2 5.79903E-2 5.79186E-2 6.81101E-2 8.02499E-2 7.03567E-2 6.66308E-2 7.02945E-2 6.42915E-2 5.69658E-2 5.77555E-2 5.12647E-2 5.22526E-2 5.78118E-2 5.95882E-2 5.4566E-2 7.31296E-2 8.06411E-2 7.69541E-2 7.07249E-2 6.07695E-2 5.91812E-2 5.87837E-2 5.14184E-2 5.20371E-2 4.87383E-2 4.64585E-2 4.71046E-2 4.63562E-2 4.61759E-2 4.77461E-2 4.75545E-2 3.96827E-2 4.06523E-2 3.84148E-2 3.75094E-2 3.68129E-2 3.77265E-2 4.23393E-2 4.7508E-2 5.14527E-2 5.74041E-2 4.62003E-2 4.00088E-2
3.14116E-2 3.35176E-2 3.44697E-2 3.59557E-2 3.50727E-2 3.89218E-2 4.01292E-2 4.14662E-2 4.55018E-2 4.8184E-2 4.96078E-2 4.98193E-2 5.39628E-2 5.90913E-2 6.3542E-2 6.49037E-2 6.59871E-2 6.78495E-2 6.67168E-2 6.83871E-2 7.3143E-2 8.13369E-2 8.65727E-2 9.99408E-2 9.04296E-2 7.99E-2 7.43646E-2 7.44111E-2 7.38814E-2 6.4669E-2 6.18938E-2 6.67199E-2 7.78628E-2 8.229E-2 8.8503E-2 1.22219E-1 1.2736E-1 1.19255E-1 1.13454E-1 1.12144E-1 1.05268E-1 9.26861E-2 8.23922E-2 7.15827E-2 5.99629E-2 5.81725E-2 5.64645E-2 4.91257E-2 4.72126E-2 4.49554E-2 4.31359E-2 4.09589E-2 3.97554E-2 3.79755E-2 3.80051E-2 3.8033E-2 3.83604E-2 3.93596E-2 4.0103E-2 3.97136E-2 3.79888E-2
3.35583E-2 3.45453E-2 3.67119E-2 3.84085E-2 3.99091E-2 4.29238E-2 4.27967E-2 4.54881E-2 4.91005E-2 4.98607E-2 5.09217E-2 5.38535E-2 5.7043E-2 6.33045E-2 6.84674E-2 7.32638E-2 7.62406E-2 7.018E-2 1.00415E-1 1.17427E-1 1.15224E-1 1.30418E-1 1.45745E-1 1.44372E-1 1.37054E-1 1.29585E-1 1.02484E-1 9.05805E-2 1.05621E-1 1.22055E-1 1.28924E-1 1.34491E-1 1.34564E-1 1.15871E-1 1.04905E-1 9.61583E-2 1.00074E-1 9.5393E-2 8.20534E-2 9.26378E-2 8.27276E-2 7.07048E-2 7.0466E-2 7.54392E-2 6.06663E-2 8.44542E-2 9.61072E-2 1.0941E-1 9.02706E-2 7.39116E-2 6.51625E-2 4.57696E-2 4.15637E-2 3.97446E-2 3.87388E-2 3.78889E-2 3.72725E-2 3.65764E-2 3.40534E-2 3.42683E-2 3.27204E-2
3.33632E-2 3.41144E-2 3.63074E-2 3.72919E-2 3.93838E-2 3.99273E-2 4.2609E-2 4.63196E-2 5.0559E-2 5.2096E-2 5.28428E-2 5.74549E-2 6.38138E-2 8.2369E-2 9.2843E-2 1.02469E-1 9.5119E-2 1.24268E-1 1.63521E-1 1.7958E-1 1.76645E-1 1.53807E-1 1.10766E-1 1.17109E-1 1.47627E-1 1.28412E-1 9.99375E-2 9.05783E-2 9.12814E-2 1.01055E-1 1.566E-1 1.79E-1 1.8671E-1 1.89414E-1 1.87762E-1 1.8042E-1 1.75999E-1 1.56333E-1 1.39074E-1 1.40628E-1 1.18889E-1 7.99787E-2 7.23139E-2 6.81779E-2 7.1999E-2 7.14995E-2 1.01428E-1 1.50661E-1 1.46325E-1 1.38752E-1 1.32077E-1 1.09504E-1 4.90632E-2 4.25937E-2 4.25528E-2 4.16366E-2 3.70647E-2 3.54456E-2 3.44133E-2 3.56884E-2 3.32018E-2
3.53623E-2 3.3813E-2 3.58079E-2 3.90609E-2 3.97093E-2 4.16336E-2 4.42161E-2 4.8142E-2 5.32993E-2 5.54177E-2 5.57695E-2 6.49212E-2 9.29865E-2 1.33842E-1 1.38673E-1 1.28172E-1 1.36681E-1 1.79186E-1 1.81719E-1 1.81603E-1 1.72675E-1 1.63789E-1 1.20246E-1 1.47187E-1 1.56467E-1 1.02897E-1 8.0429E-2 8.11684E-2 8.25015E-2 8.40483E-2 8.77954E-2 1.22683E-1 1.60915E-1 1.78524E-1 1.81661E-1 1.81964E-1 1.84476E-1 1.83342E-1 1.73377E-1 1.83928E-1 1.82405E-1 1.73514E-1 1.45375E-1 1.0522E-1 9.40992E-2 9.27449E-2 1.51566E-1 1.46298E-1 1.49051E-1 1.42301E-1 1.37924E-1 1.33384E-1 9.90212E-2 5.70995E-2 4.64107E-2 4.25834E-2 3.88818E-2 3.66726E-2 3.57952E-2 3.44226E-2 3.38293E-2
3.56775E-2 3.63312E-2 3.83893E-2 3.8897E-2 4.231E-2 4.56715E-2 4.80767E-2 5.05255E-2 5.41718E-2 5.63889E-2 5.90121E-2 7.36395E-2 1.22475E-1 1.40496E-1 1.21079E-1 1.40254E-1 1.70518E-1 1.80186E-1 1.78073E-1 1.75467E-1 1.54591E-1 1.51048E-1 1.65118E-1 1.61791E-1 1.43662E-1 1.09147E-1 8.51264E-2 8.34634E-2 8.5365E-2 7.63697E-2 8.00339E-2 7.93313E-2 8.39857E-2 1.08922E-1 1.37484E-1 1.63671E-1 1.74384E-1 1.74381E-1 1.7594E-1 1.72236E-1 1.72427E-1 1.72127E-1 1.71596E-1 1.66585E-1 1.50721E-1 1.31576E-1 1.5759E-1 1.54736E-1 1.49928E-1 1.45769E-1 1.42524E-1 1.38493E-1 1.33541E-1 9.64951E-2 6.04439E-2 6.09317E-2 4.32384E-2 3.85757E-2 3.65877E-2 3.52331E-2 3.53594E-2
3.63607E-2 3.5213E-2 3.81807E-2 4.1897E-2 4.70773E-2 5.05309E-2 5.35673E-2 5.47461E-2 5.7063E-2 6.17148E-2 6.97748E-2 1.02358E-1 1.24019E-1 1.08096E-1 1.35529E-1 1.65848E-1 1.70563E-1 1.72801E-1 1.70138E-1 1.59752E-1 1.59514E-1 1.59382E-1 1.3791E-1 1.30451E-1 9.35784E-2 9.10611E-2 7.9423E-2 7.18209E-2 6.87963E-2 7.08352E-2 6.89069E-2 7.04702E-2 7.21975E-2 7.55969E-2 8.48164E-2 1.04778E-1 1.52812E-1 1.67277E-1 1.64993E-1 1.63525E-1 1.62838E-1 1.62578E-1 1.61601E-1 1.59897E-1 1.58067E-1 1.44183E-1 1.21141E-1 1.19061E-1 1.37479E-1 1.43391E-1 1.39467E-1 1.37727E-1 1.37821E-1 1.34566E-1 9.46825E-2 7.56699E-2 5.18335E-2 4.70067E-2 4.50605E-2 4.05514E-2 3.81682E-2
3.958E-2 3.93062E-2 4.64584E-2 4.99735E-2 5.64539E-2 5.41737E-2 5.46311E-2 5.65962E-2 5.92681E-2 6.83098E-2 9.6147E-2 1.24472E-1 9.32586E-2 1.1352E-1 1.61392E-1 1.64745E-1 1.63594E-1 1.62308E-1 1.5863E-1 1.24688E-1 1.35417E-1 1.29316E-1 1.05413E-1 1.21609E-1 9.0919E-2 8.11076E-2 6.58612E-2 5.83385E-2 6.09489E-2 6.33552E-2 6.71393E-2 7.06055E-2 7.32575E-2 7.79308E-2 8.54724E-2 9.66342E-2 1.23475E-1 1.56118E-1 1.60095E-1 1.55325E-1 1.54411E-1 1.5405E-1 1.54077E-1 1.53375E-1 1.52914E-1 1.54431E-1 1.40188E-1 9.54113E-2 1.13666E-1 1.38705E-1 1.36104E-1 1.37491E-1 1.37796E-1 1.38143E-1 1.36673E-1 9.75134E-2 6.12553E-2 5.33221E-2 5.76464E-2 4.93237E-2 4.0764E-2
