maxent_outputs/white_flowers_linear/white_233.asc
ncols         426
nrows         180
xllcorner     -130.0
yllcorner     24.0
cellsize      0.16666666666666666
NODATA_value  -9999
[rows 54 to 80 of 180, columns 183 to 243 of 426]
3.21258E-1 3.3107E-1 3.37453E-1 3.31648E-1 3.27664E-1 3.24657E-1 3.21388E-1 3.19155E-1 3.22915E-1 3.27028E-1 3.32906E-1 3.3519E-1 3.34517E-1 3.33316E-1 3.24879E-1 3.35646E-1 3.50528E-1 3.54722E-1 3.59531E-1 3.60791E-1 3.54854E-1 3.53212E-1 3.62114E-1 3.71677E-1 3.68197E-1 3.69084E-1 3.57264E-1 3.51477E-1 3.48734E-1 3.54866E-1 3.62267E-1 3.6736E-1 3.71946E-1 3.7825E-1 3.89722E-1 4.04859E-1 4.02366E-1 3.98457E-1 4.01295E-1 3.95669E-1 4.02745E-1 3.93478E-1 3.96324E-1 3.96387E-1 4.002E-1 3.95959E-1 3.96996E-1 3.8722E-1 3.8466E-1 3.90927E-1 3.99026E-1 3.96779E-1 4.02654E-1 4.0974E-1 4.16963E-1 4.17707E-1 4.21793E-1 4.20858E-1 4.29382E-1 4.27732E-1 4.31409E-1
3.16854E-1 3.22736E-1 3.26441E-1 3.26196E-1 3.25716E-1 3.284E-1 3.21988E-1 3.22756E-1 3.23718E-1 3.27368E-1 3.32957E-1 3.39902E-1 3.34872E-1 3.29757E-1 3.27307E-1 3.34848E-1 3.478E-1 3.56174E-1 3.66855E-1 3.68217E-1 3.65871E-1 3.63436E-1 3.66E-1 3.75352E-1 3.79896E-1 3.68441E-1 3.5897E-1 3.50636E-1 3.55391E-1 3.64724E-1 3.66464E-1 3.65306E-1 3.68097E-1 3.76238E-1 3.78911E-1 3.8814E-1 4.0078E-1 4.03664E-1 3.97488E-1 4.01415E-1 4.06217E-1 4.10591E-1 4.06813E-1 4.04709E-1 4.05911E-1 4.01352E-1 4.02689E-1 4.00901E-1 3.97229E-1 4.01832E-1 4.13415E-1 4.24657E-1 4.21314E-1 4.15994E-1 4.17808E-1 4.23278E-1 4.23613E-1 4.31209E-1 4.38385E-1 4.43677E-1 4.43615E-1
3.29225E-1 3.30476E-1 3.33865E-1 3.31141E-1 3.32488E-1 3.31647E-1 3.30896E-1 3.2692E-1 3.29539E-1 3.28955E-1 3.33854E-1 3.39889E-1 3.41321E-1 3.35273E-1 3.41386E-1 3.33286E-1 3.38968E-1 3.50289E-1 3.60645E-1 3.66081E-1 3.72125E-1 3.73335E-1 3.74984E-1 3.7703E-1 3.76829E-1 3.74531E-1 3.72624E-1 3.65963E-1 3.64199E-1 3.65709E-1 3.67408E-1 3.6547E-1 3.68793E-1 3.77255E-1 3.76589E-1 3.8696E-1 3.94892E-1 3.99846E-1 4.00519E-1 4.03044E-1 4.08946E-1 4.13916E-1 4.18539E-1 4.14075E-1 4.15449E-1 4.15959E-1 4.17715E-1 4.1534E-1 4.13328E-1 4.06843E-1 4.11493E-1 4.17699E-1 4.28033E-1 4.16403E-1 4.18524E-1 4.25448E-1 4.24518E-1 4.28354E-1 4.36682E-1 4.39003E-1 4.37577E-1
3.27832E-1 3.28148E-1 3.35454E-1 3.3488E-1 3.36684E-1 3.34956E-1 3.32723E-1 3.33275E-1 3.35067E-1 3.335E-1 3.34401E-1 3.42203E-1 3.44688E-1 3.42479E-1 3.36908E-1 3.32239E-1 3.31427E-1 3.38991E-1 3.50136E-1 3.54988E-1 3.64446E-1 3.71606E-1 3.75344E-1 3.77683E-1 3.78194E-1 3.7906E-1 3.74552E-1 3.72625E-1 3.7305E-1 3.74997E-1 3.69816E-1 3.65048E-1 3.58667E-1 3.6825E-1 3.75745E-1 3.858E-1 3.98716E-1 4.01342E-1 4.02875E-1 4.08171E-1 4.08118E-1 4.05388E-1 4.05515E-1 4.12824E-1 4.17584E-1 4.20132E-1 4.21665E-1 4.23616E-1 4.16417E-1 4.11654E-1 4.15592E-1 4.15081E-1 4.27138E-1 4.3182E-1 4.29703E-1 4.2789E-1 4.31394E-1 4.34192E-1 4.36527E-1 4.29599E-1 4.32137E-1
3.17722E-1 3.18482E-1 3.22261E-1 3.30253E-1 3.37127E-1 3.4069E-1 3.37913E-1 3.38954E-1 3.38743E-1 3.37114E-1 3.37802E-1 3.47132E-1 3.60996E-1 3.46672E-1 3.43299E-1 3.29036E-1 3.29597E-1 3.33223E-1 3.41954E-1 3.54521E-1 3.61261E-1 3.69061E-1 3.76692E-1 3.79861E-1 3.80511E-1 3.7904E-1 3.77177E-1 3.76661E-1 3.7508E-1 3.73469E-1 3.73002E-1 3.72292E-1 3.67243E-1 3.7207E-1 3.83632E-1 3.9012E-1 3.9542E-1 4.00842E-1 3.9945E-1 3.996E-1 4.07891E-1 4.05748E-1 4.04552E-1 4.07322E-1 4.10735E-1 4.16558E-1 4.20167E-1 4.23711E-1 4.17896E-1 4.20113E-1 4.21327E-1 4.21152E-1 4.27076E-1 4.36832E-1 4.29573E-1 4.32062E-1 4.41526E-1 4.41086E-1 4.37718E-1 4.31243E-1 4.34669E-1
3.293E-1 3.1961E-1 3.18772E-1 3.21633E-1 3.28697E-1 3.47159E-1 3.41723E-1 3.42186E-1 3.42685E-1 3.41772E-1 3.42506E-1 3.44337E-1 3.50466E-1 3.50887E-1 3.46107E-1 3.38427E-1 3.36259E-1 3.37359E-1 3.39895E-1 3.47754E-1 3.57914E-1 3.67451E-1 3.77772E-1 3.79395E-1 3.79636E-1 3.79434E-1 3.81105E-1 3.79856E-1 3.7612E-1 3.77216E-1 3.73235E-1 3.71002E-1 3.75307E-1 3.71886E-1 3.7727E-1 3.83217E-1 3.90071E-1 3.94772E-1 3.97842E-1 3.95641E-1 4.03513E-1 4.03924E-1 4.04116E-1 4.04699E-1 4.12663E-1 4.21639E-1 4.26465E-1 4.32091E-1 4.22352E-1 4.21879E-1 4.30329E-1 4.25384E-1 4.2471E-1 4.32787E-1 4.33339E-1 4.40007E-1 4.4375E-1 4.46403E-1 4.41788E-1 4.41299E-1 4.42314E-1
3.39036E-1 3.3968E-1 3.30115E-1 3.27299E-1 3.32611E-1 3.39577E-1 3.43717E-1 3.48215E-1 3.4902E-1 3.46495E-1 3.49407E-1 3.48065E-1 3.50454E-1 3.55766E-1 3.56646E-1 3.50192E-1 3.47012E-1 3.45989E-1 3.46952E-1 3.50188E-1 3.59041E-1 3.65401E-1 3.72768E-1 3.71132E-1 3.75748E-1 3.74974E-1 3.78789E-1 3.78141E-1 3.79754E-1 3.80264E-1 3.75743E-1 3.76683E-1 3.75633E-1 3.72001E-1 3.71812E-1 3.77646E-1 3.85434E-1 3.88421E-1 3.91511E-1 3.9098E-1 3.95283E-1 4.0292E-1 4.05226E-1 4.1062E-1 4.12699E-1 4.16688E-1 4.26355E-1 4.37592E-1 4.43475E-1 4.30236E-1 4.33342E-1 4.2937E-1 4.23655E-1 4.31371E-1 4.40126E-1 4.41918E-1 4.43774E-1 4.49943E-1 4.48228E-1 4.46611E-1 4.55867E-1
3.55648E-1 3.44744E-1 3.38234E-1 3.35836E-1 3.35801E-1 3.39961E-1 3.48499E-1 3.49837E-1 3.52194E-1 3.52616E-1 3.48557E-1 3.53033E-1 3.50412E-1 3.50845E-1 3.56214E-1 3.52932E-1 3.54271E-1 3.51231E-1 3.51607E-1 3.56453E-1 3.59938E-1 3.64515E-1 3.67564E-1 3.68438E-1 3.67754E-1 3.78058E-1 3.77872E-1 3.72688E-1 3.78492E-1 3.81275E-1 3.86912E-1 3.81787E-1 3.80939E-1 3.73559E-1 3.71648E-1 3.80641E-1 3.87013E-1 3.92496E-1 3.94247E-1 3.985E-1 3.94951E-1 3.96056E-1 4.07299E-1 4.18032E-1 4.22117E-1 4.25729E-1 4.29508E-1 4.38689E-1 4.44183E-1 4.50348E-1 4.42659E-1 4.34122E-1 4.30197E-1 4.38364E-1 4.39683E-1 4.40635E-1 4.43535E-1 4.50234E-1 4.47762E-1 4.51193E-1 4.61362E-1
3.67227E-1 3.61157E-1 3.51949E-1 3.4408E-1 3.40738E-1 3.43626E-1 3.47188E-1 3.54585E-1 3.55273E-1 3.54074E-1 3.53353E-1 3.51441E-1 3.5596E-1 3.58246E-1 3.59491E-1 3.59411E-1 3.60628E-1 3.60703E-1 3.56057E-1 3.5521E-1 3.58907E-1 3.6268E-1 3.66503E-1 3.69902E-1 3.68392E-1 3.68691E-1 3.74267E-1 3.69592E-1 3.70922E-1 3.85395E-1 3.94851E-1 3.90211E-1 3.85119E-1 3.7915E-1 3.8274E-1 3.84294E-1 3.94131E-1 4.01206E-1 3.98427E-1 4.05886E-1 4.03814E-1 3.99741E-1 4.03571E-1 4.14965E-1 4.22227E-1 4.20161E-1 4.20043E-1 4.30996E-1 4.44731E-1 4.63801E-1 4.53338E-1 4.22241E-1 4.32828E-1 4.46466E-1 4.45073E-1 4.46047E-1 4.5293E-1 4.50623E-1 4.4708E-1 4.56879E-1 4.70059E-1
3.67645E-1 3.79745E-1 3.67947E-1 3.57626E-1 3.43925E-1 3.43703E-1 3.45383E-1 3.52551E-1 3.57622E-1 3.58052E-1 3.54108E-1 3.54739E-1 3.58953E-1 3.57335E-1 3.5654E-1 3.54681E-1 3.56375E-1 3.55827E-1 3.54262E-1 3.55038E-1 3.5896E-1 3.65394E-1 3.67445E-1 3.68533E-1 3.6798E-1 3.73675E-1 3.81709E-1 3.69937E-1 3.72625E-1 3.8092E-1 3.90357E-1 3.89912E-1 3.85542E-1 3.8681E-1 3.84946E-1 3.87973E-1 3.93347E-1 4.01978E-1 4.05117E-1 4.10554E-1 4.10062E-1 4.11491E-1 4.0999E-1 4.11534E-1 4.22355E-1 4.2638E-1 4.30165E-1 4.40702E-1 4.54841E-1 4.77646E-1 4.70379E-1 4.47509E-1 4.47992E-1 4.52288E-1 4.56909E-1 4.59108E-1 4.62247E-1 4.65208E-1 4.58365E-1 4.62832E-1 4.67015E-1
3.6681E-1 3.66159E-1 3.72406E-1 3.75924E-1 3.56154E-1 3.49826E-1 3.55417E-1 3.55256E-1 3.64126E-1 3.6589E-1 3.59998E-1 3.58074E-1 3.61294E-1 3.61725E-1 3.55348E-1 3.53134E-1 3.52965E-1 3.54531E-1 3.56643E-1 3.5986E-1 3.64855E-1 3.71909E-1 3.70293E-1 3.67082E-1 3.6718E-1 3.68964E-1 3.74296E-1 3.78228E-1 3.85775E-1 3.86558E-1 3.87988E-1 3.86082E-1 3.84063E-1 3.89697E-1 3.89809E-1 3.90778E-1 3.94511E-1 4.02039E-1 4.08708E-1 4.10228E-1 4.13682E-1 4.17453E-1 4.172E-1 4.20496E-1 4.25499E-1 4.30081E-1 4.36377E-1 4.37683E-1 4.50526E-1 4.7108E-1 4.75825E-1 4.6016E-1 4.54846E-1 4.5797E-1 4.64127E-1 4.57919E-1 4.5778E-1 4.66121E-1 4.55999E-1 4.6183E-1 4.5947E-1
3.64498E-1 3.65483E-1 3.61096E-1 3.63891E-1 3.71437E-1 3.66757E-1 3.63622E-1 3.66355E-1 3.65828E-1 3.65844E-1 3.68864E-1 3.68771E-1 3.63488E-1 3.62335E-1 3.57755E-1 3.52403E-1 3.52528E-1 3.51827E-1 3.58969E-1 3.62899E-1 3.69297E-1 3.7121E-1 3.67786E-1 3.629E-1 3.69039E-1 3.72627E-1 3.76134E-1 3.83117E-1 3.88355E-1 3.88263E-1 3.83511E-1 3.8107E-1 3.81921E-1 3.8647E-1 3.93074E-1 3.9323E-1 3.99166E-1 3.99426E-1 4.04016E-1 4.07135E-1 4.06666E-1 4.13956E-1 4.23912E-1 4.25759E-1 4.31853E-1 4.35386E-1 4.41546E-1 4.42057E-1 4.45726E-1 4.60389E-1 4.59512E-1 4.58406E-1 4.5393E-1 4.58391E-1 4.67452E-1 4.71375E-1 4.7494E-1 4.71852E-1 4.69897E-1 4.63936E-1 4.78963E-1
3.65087E-1 3.63934E-1 3.59271E-1 3.56781E-1 3.5725E-1 3.60591E-1 3.67181E-1 3.67074E-1 3.65162E-1 3.71673E-1 3.88719E-1 3.92918E-1 3.78093E-1 3.65532E-1 3.57184E-1 3.57257E-1 3.56292E-1 3.60367E-1 3.62256E-1 3.67845E-1 3.71683E-1 3.68995E-1 3.65763E-1 3.65087E-1 3.68663E-1 3.68511E-1 3.74256E-1 3.79503E-1 3.86583E-1 3.85813E-1 3.82637E-1 3.80395E-1 3.80807E-1 3.80327E-1 3.80794E-1 3.91143E-1 3.94371E-1 3.97649E-1 4.02936E-1 4.01937E-1 4.05574E-1 4.10786E-1 4.26546E-1 4.34023E-1 4.32448E-1 4.36037E-1 4.45523E-1 4.46252E-1 4.45111E-1 4.49462E-1 4.5311E-1 4.43665E-1 4.41593E-1 4.46084E-1 4.56505E-1 4.69922E-1 4.69959E-1 4.7083E-1 4.66215E-1 4.64527E-1 4.65463E-1
3.724E-1 3.66433E-1 3.65197E-1 3.61201E-1 3.61548E-1 3.62631E-1 3.6718E-1 3.67424E-1 3.71223E-1 3.83601E-1 3.86854E-1 3.9192E-1 3.85549E-1 3.76312E-1 3.73645E-1 3.71301E-1 3.68519E-1 3.7143E-1 3.71069E-1 3.7347E-1 3.73903E-1 3.71806E-1 3.67721E-1 3.67571E-1 3.6713E-1 3.7274E-1 3.74128E-1 3.82755E-1 3.84288E-1 3.86588E-1 3.87685E-1 3.84627E-1 3.84756E-1 3.86727E-1 3.85839E-1 3.90158E-1 3.97452E-1 4.06378E-1 4.03236E-1 4.01527E-1 4.06949E-1 4.1394E-1 4.24098E-1 4.29638E-1 4.37544E-1 4.35481E-1 4.32864E-1 4.43131E-1 4.44878E-1 4.48373E-1 4.51905E-1 4.50287E-1 4.479E-1 4.5347E-1 4.54758E-1 4.65213E-1 4.71018E-1 4.70051E-1 4.6855E-1 4.70583E-1 4.71789E-1
3.6937E-1 3.67379E-1 3.65012E-1 3.60992E-1 3.61494E-1 3.61491E-1 3.6218E-1 3.63628E-1 3.69011E-1 3.78574E-1 3.85104E-1 3.88247E-1 3.88083E-1 3.75448E-1 3.69919E-1 3.72385E-1 3.79796E-1 3.77173E-1 3.83401E-1 3.78087E-1 3.75434E-1 3.77145E-1 3.80806E-1 3.79406E-1 3.70308E-1 3.73694E-1 3.78012E-1 3.82358E-1 3.88302E-1 3.89625E-1 3.90687E-1 3.89685E-1 3.91654E-1 3.93023E-1 3.88541E-1 3.92469E-1 3.97311E-1 4.07713E-1 4.07457E-1 4.09256E-1 4.12268E-1 4.14458E-1 4.20056E-1 4.25077E-1 4.36361E-1 4.38634E-1 4.34231E-1 4.37324E-1 4.37639E-1 4.44379E-1 4.48309E-1 4.56412E-1 4.6561E-1 4.61767E-1 4.60868E-1 4.69613E-1 4.7095E-1 4.71705E-1 4.72907E-1 4.72198E-1 4.76339E-1
3.67878E-1 3.68804E-1 3.69503E-1 3.64865E-1 3.61319E-1 3.59314E-1 3.60276E-1 3.64116E-1 3.66368E-1 3.71282E-1 3.79768E-1 3.74697E-1 3.78826E-1 3.75973E-1 3.71025E-1 3.73511E-1 3.80813E-1 3.86818E-1 3.8888E-1 3.83483E-1 3.83784E-1 3.83859E-1 3.86835E-1 3.84105E-1 3.81642E-1 3.82278E-1 3.86955E-1 3.93007E-1 3.90922E-1 3.9075E-1 3.89655E-1 3.95502E-1 4.00661E-1 3.95859E-1 3.91686E-1 3.90893E-1 4.00441E-1 4.06947E-1 4.12105E-1 4.11992E-1 4.15211E-1 4.1858E-1 4.22971E-1 4.31804E-1 4.38528E-1 4.38295E-1 4.44084E-1 4.42476E-1 4.42379E-1 4.50479E-1 4.54374E-1 4.61364E-1 4.68381E-1 4.77595E-1 4.74397E-1 4.78164E-1 4.83339E-1 4.78128E-1 4.76912E-1 4.77348E-1 4.77265E-1
3.6109E-1 3.61154E-1 3.61713E-1 3.61746E-1 3.58607E-1 3.56926E-1 3.56352E-1 3.60562E-1 3.65825E-1 3.7121E-1 3.74647E-1 3.73168E-1 3.72764E-1 3.7846E-1 3.76688E-1 3.80256E-1 3.77332E-1 3.81223E-1 3.99489E-1 3.90096E-1 3.86704E-1 3.97416E-1 3.89654E-1 3.91648E-1 3.92911E-1 3.90378E-1 3.9886E-1 4.02878E-1 4.0117E-1 3.98472E-1 3.98415E-1 3.95501E-1 3.99006E-1 4.01608E-1 3.92816E-1 3.93876E-1 3.98704E-1 4.05846E-1 4.14406E-1 4.17231E-1 4.21703E-1 4.24495E-1 4.32852E-1 4.36361E-1 4.39886E-1 4.43073E-1 4.45442E-1 4.4983E-1 4.51278E-1 4.50661E-1 4.63089E-1 4.71152E-1 4.74578E-1 4.76335E-1 4.78599E-1 4.79968E-1 4.91798E-1 4.90977E-1 4.87683E-1 4.82904E-1 4.82004E-1
3.5312E-1 3.56427E-1 3.60028E-1 3.59934E-1 3.59529E-1 3.57579E-1 3.55361E-1 3.6103E-1 3.66175E-1 3.71998E-1 3.72544E-1 3.72475E-1 3.73012E-1 3.76175E-1 3.73789E-1 3.76957E-1 3.79421E-1 3.80318E-1 3.88156E-1 3.97003E-1 3.91773E-1 4.02666E-1 4.00411E-1 4.01669E-1 4.04747E-1 4.06095E-1 4.02191E-1 4.05805E-1 4.08733E-1 4.09538E-1 4.09641E-1 4.01192E-1 3.97867E-1 4.06839E-1 3.96478E-1 4.00889E-1 4.03875E-1 4.12005E-1 4.1828E-1 4.3E-1 4.29754E-1 4.32872E-1 4.39014E-1 4.41386E-1 4.43158E-1 4.48047E-1 4.48792E-1 4.45404E-1 4.55462E-1 4.63865E-1 4.66666E-1 4.7072E-1 4.70838E-1 4.71693E-1 4.75433E-1 4.88967E-1 4.97274E-1 4.96068E-1 4.94292E-1 4.89256E-1 4.88879E-1
3.56494E-1 3.56091E-1 3.5889E-1 3.60569E-1 3.61524E-1 3.58774E-1 3.58443E-1 3.59714E-1 3.67987E-1 3.68931E-1 3.69301E-1 3.70586E-1 3.70619E-1 3.72146E-1 3.73814E-1 3.76247E-1 3.81245E-1 3.85201E-1 3.90768E-1 4.01956E-1 4.04035E-1 4.1207E-1 4.0823E-1 4.12352E-1 4.12972E-1 4.1096E-1 4.10969E-1 4.1415E-1 4.14324E-1 4.14167E-1 4.12649E-1 4.0756E-1 3.95233E-1 4.02577E-1 4.03071E-1 4.13472E-1 4.19082E-1 4.24407E-1 4.2523E-1 4.32697E-1 4.34634E-1 4.43548E-1 4.49927E-1 4.50579E-1 4.50333E-1 4.45823E-1 4.4604E-1 4.58113E-1 4.67582E-1 4.74883E-1 4.73807E-1 4.7229E-1 4.728E-1 4.71061E-1 4.78783E-1 4.9037E-1 5.01064E-1 5.02055E-1 4.9874E-1 4.94356E-1 4.95674E-1
3.63051E-1 3.65389E-1 3.65396E-1 3.66707E-1 3.6907E-1 3.65649E-1 3.61135E-1 3.62454E-1 3.66913E-1 3.68458E-1 3.68742E-1 3.72287E-1 3.72586E-1 3.76997E-1 3.76829E-1 3.79474E-1 3.83752E-1 3.87234E-1 3.96293E-1 4.07679E-1 4.05973E-1 4.14403E-1 4.16791E-1 4.13003E-1 4.11946E-1 4.12761E-1 4.18324E-1 4.19413E-1 4.23609E-1 4.27498E-1 4.23005E-1 4.11806E-1 4.06683E-1 4.10811E-1 4.26153E-1 4.3266E-1 4.39564E-1 4.44691E-1 4.41778E-1 4.38836E-1 4.46838E-1 4.47265E-1 4.49012E-1 4.52066E-1 4.50719E-1 4.52907E-1 4.60666E-1 4.72253E-1 4.76004E-1 4.87432E-1 4.84457E-1 4.79805E-1 4.80174E-1 4.82008E-1 4.89887E-1 4.95116E-1 5.01387E-1 5.02479E-1 4.98438E-1 4.93256E-1 4.90273E-1
3.62942E-1 3.66313E-1 3.66047E-1 3.69737E-1 3.72004E-1 3.6987E-1 3.65487E-1 3.67686E-1 3.67022E-1 3.71619E-1 3.75017E-1 3.76296E-1 3.76005E-1 3.75132E-1 3.7831E-1 3.82289E-1 3.87478E-1 3.93768E-1 4.02241E-1 4.0638E-1 4.109E-1 4.13171E-1 4.15555E-1 4.16692E-1 4.12486E-1 4.13615E-1 4.20189E-1 4.2742E-1 4.29258E-1 4.34339E-1 4.3207E-1 4.26395E-1 4.2629E-1 4.29666E-1 4.38228E-1 4.5546E-1 4.68301E-1 4.83174E-1 4.76682E-1 4.55286E-1 4.53855E-1 4.57206E-1 4.51247E-1 4.51678E-1 4.54806E-1 4.58044E-1 4.64567E-1 4.7526E-1 4.78987E-1 4.83941E-1 4.89675E-1 4.87619E-1 4.86373E-1 4.85792E-1 5.00554E-1 5.03728E-1 5.00874E-1 4.97047E-1 4.98029E-1 4.95925E-1 4.94528E-1
3.59893E-1 3.64614E-1 3.70769E-1 3.76246E-1 3.75956E-1 3.70727E-1 3.7028E-1 3.70469E-1 3.75809E-1 3.78201E-1 3.83743E-1 3.79525E-1 3.79535E-1 3.82525E-1 3.85702E-1 3.93022E-1 3.92079E-1 4.01067E-1 4.06561E-1 4.03261E-1 4.15908E-1 4.25262E-1 4.18526E-1 4.16836E-1 4.13135E-1 4.17975E-1 4.21942E-1 4.26452E-1 4.31254E-1 4.33616E-1 4.33828E-1 4.30263E-1 4.32992E-1 4.3758E-1 4.45467E-1 4.55722E-1 4.92758E-1 5.49033E-1 5.63733E-1 4.92696E-1 4.72645E-1 4.63337E-1 4.5383E-1 4.52215E-1 4.58561E-1 4.64119E-1 4.72308E-1 4.81042E-1 4.85172E-1 4.89392E-1 4.89827E-1 4.98986E-1 4.94297E-1 4.94966E-1 4.97591E-1 5.0306E-1 5.06514E-1 5.06055E-1 5.04559E-1 4.97585E-1 4.97073E-1
3.57531E-1 3.60342E-1 3.70187E-1 3.76296E-1 3.70124E-1 3.6715E-1 3.69766E-1 3.76093E-1 3.77087E-1 3.80424E-1 3.8375E-1 3.8251E-1 3.82272E-1 3.86226E-1 3.90359E-1 3.90206E-1 3.86834E-1 3.86722E-1 3.99667E-1 4.0707E-1 4.1472E-1 4.28178E-1 4.21657E-1 4.13618E-1 4.14613E-1 4.20571E-1 4.27511E-1 4.33432E-1 4.37037E-1 4.41164E-1 4.39526E-1 4.40985E-1 4.41263E-1 4.44734E-1 4.47576E-1 4.61731E-1 4.94049E-1 5.67654E-1 6.06303E-1 5.34886E-1 4.90548E-1 4.6473E-1 4.56955E-1 4.53852E-1 4.62092E-1 4.70646E-1 4.75083E-1 4.83826E-1 4.88239E-1 4.90647E-1 4.94807E-1 4.97078E-1 5.01589E-1 5.05919E-1 5.07428E-1 5.10722E-1 5.14463E-1 5.14777E-1 5.09382E-1 5.06982E-1 5.11919E-1
3.52078E-1 3.55499E-1 3.59111E-1 3.62295E-1 3.70257E-1 3.67143E-1 3.69958E-1 3.75363E-1 3.84386E-1 3.86872E-1 3.84524E-1 3.84665E-1 3.83886E-1 3.84731E-1 3.85608E-1 3.89835E-1 3.90305E-1 3.89353E-1 3.95856E-1 4.10166E-1 4.16569E-1 4.205E-1 4.21241E-1 4.16134E-1 4.18986E-1 4.22268E-1 4.32486E-1 4.39818E-1 4.46746E-1 4.44582E-1 4.44108E-1 4.51155E-1 4.49216E-1 4.50482E-1 4.48896E-1 4.5768E-1 4.77008E-1 5.1642E-1 5.38713E-1 5.13042E-1 4.80977E-1 4.67369E-1 4.55358E-1 4.58469E-1 4.66556E-1 4.77551E-1 4.8811E-1 4.89382E-1 4.89855E-1 4.94552E-1 5.04543E-1 5.1118E-1 5.12946E-1 5.18597E-1 5.18909E-1 5.18722E-1 5.25427E-1 5.16849E-1 5.14327E-1 5.1455E-1 5.26199E-1
3.49558E-1 3.56878E-1 3.59838E-1 3.62936E-1 3.62483E-1 3.62932E-1 3.74122E-1 3.83486E-1 3.82175E-1 3.84944E-1 3.87722E-1 3.90043E-1 3.8573E-1 3.84689E-1 3.85624E-1 3.93436E-1 3.9601E-1 3.97967E-1 3.99616E-1 4.10161E-1 4.1458E-1 4.19618E-1 4.31312E-1 4.20379E-1 4.1963E-1 4.28266E-1 4.36041E-1 4.46376E-1 4.46897E-1 4.43516E-1 4.44709E-1 4.45179E-1 4.54111E-1 4.55041E-1 4.57406E-1 4.59097E-1 4.63047E-1 4.82265E-1 4.93244E-1 4.87839E-1 4.75922E-1 4.68223E-1 4.6739E-1 4.69459E-1 4.72748E-1 4.84321E-1 4.93224E-1 4.9858E-1 5.01419E-1 5.00209E-1 5.11688E-1 5.20937E-1 5.2813E-1 5.29787E-1 5.21146E-1 5.24566E-1 5.30352E-1 5.28297E-1 5.27736E-1 5.30857E-1 5.40846E-1
3.56884E-1 3.6117E-1 3.61098E-1 3.598E-1 3.62787E-1 3.6643E-1 3.73904E-1 3.74479E-1 3.7864E-1 3.83173E-1 3.85624E-1 3.9096E-1 3.86095E-1 3.83655E-1 3.86258E-1 3.93286E-1 4.02565E-1 4.15462E-1 4.11557E-1 4.08962E-1 4.17218E-1 4.26548E-1 4.29167E-1 4.26035E-1 4.24599E-1 4.31361E-1 4.39478E-1 4.4719E-1 4.48045E-1 4.4649E-1 4.4663E-1 4.46652E-1 4.52598E-1 4.62228E-1 4.66477E-1 4.70252E-1 4.70278E-1 4.75585E-1 4.79684E-1 4.69912E-1 4.66586E-1 4.69719E-1 4.70265E-1 4.74048E-1 4.79524E-1 4.87964E-1 4.91713E-1 4.93814E-1 5.04171E-1 5.05383E-1 5.209E-1 5.24937E-1 5.26704E-1 5.20685E-1 5.13139E-1 5.20549E-1 5.33816E-1 5.42373E-1 5.43609E-1 5.48018E-1 5.47483E-1
3.57952E-1 3.58205E-1 3.60297E-1 3.60881E-1 3.59903E-1 3.6172E-1 3.66886E-1 3.71334E-1 3.7517E-1 3.77336E-1 3.82313E-1 3.8598E-1 3.83541E-1 3.83805E-1 3.86624E-1 3.92166E-1 4.00326E-1 4.09809E-1 4.17186E-1 4.15182E-1 4.18353E-1 4.23917E-1 4.30217E-1 4.31115E-1 4.30757E-1 4.349E-1 4.43498E-1 4.47223E-1 4.51123E-1 4.50969E-1 4.54199E-1 4.56165E-1 4.59614E-1 4.66753E-1 4.71371E-1 4.82907E-1 4.90898E-1 4.95345E-1 4.90104E-1 4.83491E-1 4.86576E-1 4.80579E-1 4.80258E-1 4.75514E-1 4.78966E-1 4.88756E-1 4.97344E-1 5.00837E-1 5.08361E-1 5.13354E-1 5.25872E-1 5.3157E-1 5.23738E-1 5.19326E-1 5.2219E-1 5.35172E-1 5.45611E-1 5.53263E-1 5.49761E-1 5.53589E-1 5.49154E-1
