maxent_outputs/white_flowers_linear/white_217.asc
ncols         426
nrows         180
xllcorner     -130.0
yllcorner     24.0
cellsize      0.16666666666666666
NODATA_value  -9999
[rows 81 to 107 of 180, columns 183 to 243 of 426]
3.57985E-1 3.54425E-1 3.5315E-1 3.55072E-1 3.56101E-1 3.59597E-1 3.65931E-1 3.65692E-1 3.64772E-1 3.68724E-1 3.75314E-1 3.79231E-1 3.81621E-1 3.77372E-1 3.75138E-1 3.80167E-1 3.83307E-1 3.90659E-1 3.98415E-1 4.08767E-1 4.13575E-1 4.11165E-1 4.10291E-1 4.16984E-1 4.15258E-1 4.19568E-1 4.25432E-1 4.32734E-1 4.31037E-1 4.29701E-1 4.31739E-1 4.38378E-1 4.41178E-1 4.44817E-1 4.51477E-1 4.73839E-1 4.95409E-1 5.18089E-1 5.17917E-1 5.03379E-1 4.92191E-1 4.7865E-1 4.68349E-1 4.60836E-1 4.59763E-1 4.65736E-1 4.75274E-1 4.76448E-1 4.86043E-1 4.87153E-1 4.94785E-1 5.03087E-1 5.03577E-1 5.01441E-1 5.10247E-1 5.19668E-1 5.2491E-1 5.2783E-1 5.18758E-1 5.24045E-1 5.24864E-1
3.49842E-1 3.5222E-1 3.49731E-1 3.48838E-1 3.52763E-1 3.58288E-1 3.65307E-1 3.70623E-1 3.72451E-1 3.72365E-1 3.7786E-1 3.86E-1 3.8568E-1 3.84794E-1 3.82982E-1 3.86505E-1 3.89906E-1 3.9237E-1 4.0261E-1 4.08854E-1 4.09094E-1 4.09103E-1 4.14367E-1 4.22678E-1 4.20512E-1 4.20142E-1 4.2695E-1 4.31292E-1 4.29901E-1 4.32566E-1 4.353E-1 4.42797E-1 4.41933E-1 4.48504E-1 4.53818E-1 4.79483E-1 5.24223E-1 5.76957E-1 6.09949E-1 5.59403E-1 5.19885E-1 4.93626E-1 4.77105E-1 4.71308E-1 4.70674E-1 4.76394E-1 4.81532E-1 4.85923E-1 4.92551E-1 4.96417E-1 4.99607E-1 5.02578E-1 5.05843E-1 5.13221E-1 5.16922E-1 5.2284E-1 5.20628E-1 5.19891E-1 5.21643E-1 5.19653E-1 5.23925E-1
3.45052E-1 3.49414E-1 3.41293E-1 3.43149E-1 3.49318E-1 3.55029E-1 3.60478E-1 3.63819E-1 3.72343E-1 3.75313E-1 3.79827E-1 3.89185E-1 3.908E-1 3.93609E-1 3.93613E-1 3.90979E-1 3.89354E-1 3.90731E-1 3.98011E-1 4.0335E-1 4.08483E-1 4.12613E-1 4.16431E-1 4.14614E-1 4.23629E-1 4.29883E-1 4.2949E-1 4.31031E-1 4.36473E-1 4.38739E-1 4.41772E-1 4.41319E-1 4.42385E-1 4.49249E-1 4.6389E-1 4.8361E-1 5.25248E-1 5.79048E-1 6.1077E-1 5.66815E-1 5.27134E-1 5.03446E-1 4.84996E-1 4.81969E-1 4.81583E-1 4.83668E-1 4.92391E-1 4.96543E-1 4.97615E-1 5.04087E-1 4.99762E-1 5.05892E-1 5.06302E-1 5.12737E-1 5.18135E-1 5.19559E-1 5.17185E-1 5.22799E-1 5.22516E-1 5.25758E-1 5.30181E-1
3.46246E-1 3.45398E-1 3.42806E-1 3.40003E-1 3.47352E-1 3.59185E-1 3.62315E-1 3.66389E-1 3.7317E-1 3.69827E-1 3.77798E-1 3.87996E-1 3.88899E-1 3.91331E-1 3.92087E-1 3.92923E-1 3.93129E-1 3.9228E-1 4.00291E-1 4.02539E-1 4.07204E-1 4.23281E-1 4.23992E-1 4.24128E-1 4.2473E-1 4.29301E-1 4.41519E-1 4.41753E-1 4.44215E-1 4.45065E-1 4.41839E-1 4.43546E-1 4.50728E-1 4.48603E-1 4.61614E-1 4.7649E-1 4.9863E-1 5.24294E-1 5.34268E-1 5.32592E-1 5.15244E-1 5.00991E-1 4.92486E-1 4.87205E-1 4.90411E-1 4.94157E-1 5.03296E-1 5.05759E-1 5.05808E-1 5.01897E-1 5.03618E-1 5.10577E-1 5.09168E-1 5.1353E-1 5.09822E-1 5.13798E-1 5.18188E-1 5.22607E-1 5.30587E-1 5.36803E-1 5.38134E-1
3.4204E-1 3.34877E-1 3.33893E-1 3.34232E-1 3.39158E-1 3.49188E-1 3.57195E-1 3.64798E-1 3.66128E-1 3.66731E-1 3.76029E-1 3.82901E-1 3.86957E-1 3.88134E-1 3.88144E-1 3.87963E-1 3.87868E-1 3.95288E-1 4.00224E-1 4.07361E-1 4.16736E-1 4.2349E-1 4.23624E-1 4.28064E-1 4.30344E-1 4.31627E-1 4.39231E-1 4.43273E-1 4.48861E-1 4.50559E-1 4.47749E-1 4.53288E-1 4.50862E-1 4.54218E-1 4.57448E-1 4.62355E-1 4.75572E-1 4.86658E-1 4.90746E-1 5.05864E-1 5.02613E-1 4.97809E-1 4.94423E-1 4.9547E-1 4.95716E-1 5.04127E-1 5.13302E-1 5.18513E-1 5.1616E-1 5.05816E-1 5.07697E-1 5.16723E-1 5.122E-1 5.09938E-1 5.13109E-1 5.12006E-1 5.1966E-1 5.27557E-1 5.38102E-1 5.48424E-1 5.51405E-1
3.43753E-1 3.41194E-1 3.41424E-1 3.40481E-1 3.4187E-1 3.47059E-1 3.5263E-1 3.5988E-1 3.65289E-1 3.75357E-1 3.78054E-1 3.7998E-1 3.79004E-1 3.76252E-1 3.85413E-1 3.86798E-1 3.89945E-1 3.97046E-1 4.06224E-1 4.1017E-1 4.15068E-1 4.2681E-1 4.28236E-1 4.3195E-1 4.37131E-1 4.39859E-1 4.41096E-1 4.52274E-1 4.5238E-1 4.58958E-1 4.60715E-1 4.64121E-1 4.6402E-1 4.64163E-1 4.63015E-1 4.70607E-1 4.75141E-1 4.808E-1 4.92247E-1 4.95967E-1 4.99244E-1 5.07034E-1 5.10384E-1 5.03605E-1 5.02832E-1 5.13233E-1 5.1971E-1 5.24141E-1 5.19955E-1 5.19464E-1 5.1442E-1 5.20546E-1 5.18024E-1 5.16424E-1 5.19369E-1 5.23068E-1 5.31313E-1 5.37156E-1 5.44962E-1 5.55126E-1 5.6363E-1
3.4055E-1 3.46409E-1 3.48121E-1 3.51643E-1 3.48918E-1 3.52295E-1 3.62913E-1 3.65669E-1 3.71336E-1 3.7636E-1 3.81905E-1 3.87081E-1 3.83028E-1 3.80489E-1 3.83215E-1 3.87202E-1 3.92175E-1 4.07584E-1 4.09887E-1 4.0899E-1 4.1923E-1 4.2463E-1 4.31107E-1 4.33926E-1 4.41436E-1 4.46799E-1 4.50968E-1 4.53283E-1 4.55268E-1 4.66973E-1 4.70073E-1 4.74047E-1 4.78647E-1 4.76937E-1 4.75831E-1 4.81126E-1 4.82727E-1 4.87167E-1 4.93894E-1 4.97605E-1 5.0575E-1 5.12092E-1 5.14287E-1 5.1234E-1 5.08101E-1 5.13513E-1 5.19649E-1 5.22161E-1 5.2637E-1 5.32827E-1 5.28446E-1 5.22257E-1 5.27805E-1 5.23557E-1 5.22728E-1 5.28496E-1 5.39618E-1 5.47599E-1 5.55838E-1 5.6214E-1 5.6751E-1
3.45663E-1 3.52837E-1 3.58264E-1 3.58977E-1 3.59093E-1 3.62984E-1 3.65884E-1 3.65816E-1 3.69678E-1 3.77137E-1 3.80182E-1 3.83505E-1 3.86102E-1 3.84909E-1 3.84417E-1 3.91849E-1 4.00773E-1 4.11303E-1 4.08976E-1 4.07549E-1 4.15529E-1 4.23091E-1 4.31559E-1 4.41703E-1 4.50111E-1 4.5283E-1 4.54028E-1 4.57346E-1 4.65892E-1 4.74203E-1 4.74357E-1 4.76704E-1 4.84221E-1 4.89136E-1 4.88892E-1 4.85084E-1 4.88876E-1 4.90138E-1 4.96287E-1 4.98978E-1 5.06061E-1 5.10832E-1 5.16012E-1 5.14532E-1 5.13413E-1 5.16436E-1 5.20162E-1 5.2214E-1 5.26808E-1 5.29877E-1 5.35125E-1 5.29804E-1 5.3127E-1 5.31959E-1 5.32354E-1 5.35309E-1 5.48385E-1 5.59603E-1 5.66301E-1 5.71371E-1 5.75007E-1
3.47665E-1 3.53159E-1 3.57173E-1 3.54017E-1 3.58527E-1 3.62166E-1 3.64031E-1 3.69173E-1 3.74747E-1 3.7685E-1 3.83271E-1 3.88188E-1 3.88101E-1 3.8797E-1 3.87677E-1 3.99401E-1 4.06418E-1 4.15404E-1 4.18737E-1 4.17993E-1 4.2146E-1 4.30033E-1 4.36006E-1 4.42567E-1 4.54216E-1 4.57662E-1 4.62299E-1 4.65495E-1 4.74149E-1 4.78109E-1 4.78587E-1 4.80281E-1 4.8571E-1 4.9395E-1 4.95181E-1 4.95651E-1 4.9728E-1 4.99573E-1 4.95931E-1 5.00975E-1 5.0027E-1 5.03835E-1 5.10626E-1 5.21559E-1 5.21248E-1 5.23785E-1 5.23848E-1 5.26391E-1 5.32359E-1 5.29262E-1 5.29988E-1 5.40401E-1 5.41386E-1 5.45927E-1 5.4621E-1 5.48004E-1 5.58311E-1 5.6653E-1 5.72717E-1 5.74559E-1 5.76547E-1
3.49359E-1 3.53358E-1 3.59005E-1 3.61883E-1 3.68168E-1 3.74319E-1 3.71481E-1 3.76412E-1 3.76016E-1 3.75925E-1 3.82434E-1 3.91411E-1 3.91115E-1 3.92144E-1 4.02912E-1 4.00689E-1 4.08549E-1 4.15691E-1 4.20336E-1 4.28405E-1 4.35395E-1 4.37155E-1 4.38575E-1 4.43597E-1 4.56254E-1 4.60644E-1 4.64434E-1 4.74411E-1 4.80283E-1 4.83761E-1 4.83377E-1 4.84247E-1 4.92492E-1 4.93281E-1 4.97479E-1 4.9686E-1 4.98818E-1 4.97818E-1 4.99018E-1 4.97689E-1 4.96412E-1 5.00708E-1 5.08492E-1 5.2073E-1 5.26962E-1 5.26027E-1 5.27374E-1 5.32185E-1 5.37593E-1 5.39034E-1 5.38059E-1 5.38869E-1 5.45052E-1 5.55998E-1 5.58375E-1 5.63884E-1 5.66138E-1 5.70014E-1 5.69354E-1 5.69653E-1 5.70912E-1
3.46795E-1 3.51176E-1 3.57303E-1 3.66479E-1 3.68721E-1 3.70378E-1 3.74067E-1 3.75249E-1 3.76287E-1 3.76273E-1 3.84301E-1 3.96627E-1 3.96567E-1 4.01491E-1 4.11432E-1 4.10645E-1 4.0635E-1 4.09615E-1 4.19833E-1 4.28989E-1 4.3274E-1 4.31804E-1 4.33893E-1 4.43046E-1 4.55972E-1 4.66245E-1 4.7147E-1 4.73718E-1 4.7868E-1 4.83172E-1 4.83456E-1 4.83891E-1 4.88192E-1 4.96262E-1 4.96167E-1 5.04163E-1 5.02394E-1 5.00347E-1 5.00737E-1 4.9783E-1 4.97141E-1 4.95595E-1 5.01706E-1 5.21614E-1 5.26864E-1 5.26425E-1 5.27541E-1 5.33973E-1 5.3843E-1 5.46004E-1 5.52502E-1 5.55544E-1 5.57317E-1 5.61362E-1 5.7376E-1 5.8024E-1 5.75918E-1 5.77581E-1 5.73921E-1 5.70321E-1 5.65419E-1
3.49509E-1 3.52025E-1 3.61391E-1 3.65857E-1 3.68109E-1 3.66829E-1 3.70372E-1 3.75682E-1 3.75364E-1 3.72152E-1 3.84572E-1 3.97272E-1 4.06293E-1 4.12106E-1 4.07579E-1 4.10501E-1 4.07216E-1 4.11796E-1 4.17696E-1 4.20584E-1 4.28183E-1 4.32842E-1 4.33394E-1 4.40456E-1 4.56073E-1 4.64288E-1 4.70627E-1 4.72682E-1 4.81417E-1 4.86903E-1 4.84175E-1 4.86678E-1 4.91796E-1 4.96116E-1 5.04051E-1 5.05612E-1 5.07395E-1 5.07305E-1 5.08489E-1 5.0963E-1 5.0446E-1 4.9448E-1 5.0514E-1 5.15003E-1 5.23795E-1 5.25379E-1 5.31151E-1 5.33166E-1 5.47852E-1 5.46959E-1 5.52047E-1 5.61093E-1 5.72786E-1 5.79155E-1 5.86024E-1 5.83019E-1 5.82139E-1 5.86059E-1 5.77081E-1 5.74064E-1 5.72254E-1
3.52276E-1 3.58212E-1 3.63221E-1 3.66708E-1 3.69343E-1 3.66541E-1 3.70146E-1 3.77943E-1 3.81486E-1 3.81712E-1 3.8749E-1 4.02023E-1 4.16503E-1 4.209E-1 4.04286E-1 4.06139E-1 4.16652E-1 4.17621E-1 4.16694E-1 4.18202E-1 4.25391E-1 4.35744E-1 4.37114E-1 4.45594E-1 4.55496E-1 4.66045E-1 4.72105E-1 4.74374E-1 4.78917E-1 4.8933E-1 4.93375E-1 4.94586E-1 4.96286E-1 5.00993E-1 5.06519E-1 5.07225E-1 5.10428E-1 5.1395E-1 5.20177E-1 5.22003E-1 5.19382E-1 5.13552E-1 5.15796E-1 5.2112E-1 5.26652E-1 5.29207E-1 5.35394E-1 5.43758E-1 5.54096E-1 5.61981E-1 5.6599E-1 5.72251E-1 5.83617E-1 5.9007E-1 5.90212E-1 5.8649E-1 5.87417E-1 5.88046E-1 5.87413E-1 5.85985E-1 5.81701E-1
3.5091E-1 3.61183E-1 3.71974E-1 3.70307E-1 3.71557E-1 3.7067E-1 3.75597E-1 3.78674E-1 3.8423E-1 3.86848E-1 3.92279E-1 4.01778E-1 4.13212E-1 4.21257E-1 4.0957E-1 4.08405E-1 4.18788E-1 4.22871E-1 4.2485E-1 4.23484E-1 4.32373E-1 4.36942E-1 4.40046E-1 4.49883E-1 4.59331E-1 4.70418E-1 4.78646E-1 4.81582E-1 4.89597E-1 4.96941E-1 4.96693E-1 5.01462E-1 5.06758E-1 5.04769E-1 5.08538E-1 5.20968E-1 5.29787E-1 5.15487E-1 5.19534E-1 5.26529E-1 5.35438E-1 5.26582E-1 5.25916E-1 5.27462E-1 5.35846E-1 5.39009E-1 5.4945E-1 5.54431E-1 5.61134E-1 5.68014E-1 5.80144E-1 5.87634E-1 5.91899E-1 5.92353E-1 5.87206E-1 5.90412E-1 5.89334E-1 5.91171E-1 5.99005E-1 6.00666E-1 6.00548E-1
3.59339E-1 3.65282E-1 3.72879E-1 3.75646E-1 3.75613E-1 3.77957E-1 3.79252E-1 3.81971E-1 3.8431E-1 3.88956E-1 3.9056E-1 3.94255E-1 4.02071E-1 4.13368E-1 4.11817E-1 4.14929E-1 4.17462E-1 4.25435E-1 4.29702E-1 4.33677E-1 4.36241E-1 4.41632E-1 4.46335E-1 4.52146E-1 4.65355E-1 4.82951E-1 4.87376E-1 4.9248E-1 4.94403E-1 5.03088E-1 5.03295E-1 5.05416E-1 5.06047E-1 5.07939E-1 5.12033E-1 5.1842E-1 5.20008E-1 5.18986E-1 5.212E-1 5.27887E-1 5.40263E-1 5.38164E-1 5.38292E-1 5.45789E-1 5.55185E-1 5.53011E-1 5.67079E-1 5.6784E-1 5.6926E-1 5.73428E-1 5.93098E-1 6.02008E-1 6.005E-1 6.04392E-1 6.0625E-1 5.98061E-1 5.92192E-1 5.94499E-1 6.08187E-1 6.12554E-1 6.21401E-1
3.60929E-1 3.64898E-1 3.72216E-1 3.75922E-1 3.79158E-1 3.8055E-1 3.83018E-1 3.82617E-1 3.85029E-1 3.87112E-1 3.95023E-1 3.94841E-1 4.01652E-1 4.1349E-1 4.15448E-1 4.19847E-1 4.25081E-1 4.28613E-1 4.27661E-1 4.29449E-1 4.34626E-1 4.47352E-1 4.60303E-1 4.63013E-1 4.71736E-1 4.83762E-1 4.89726E-1 4.96478E-1 4.98542E-1 5.06401E-1 5.0903E-1 5.11458E-1 5.12978E-1 5.11024E-1 5.1267E-1 5.15086E-1 5.22044E-1 5.22744E-1 5.27477E-1 5.31224E-1 5.38485E-1 5.46173E-1 5.53815E-1 5.6139E-1 5.64985E-1 5.7323E-1 5.81121E-1 5.7754E-1 5.7938E-1 5.84272E-1 5.9591E-1 6.13341E-1 6.12421E-1 6.0693E-1 6.10315E-1 6.13546E-1 6.01984E-1 6.03483E-1 6.13432E-1 6.28024E-1 6.36266E-1
3.6376E-1 3.65206E-1 3.69516E-1 3.75978E-1 3.80266E-1 3.85237E-1 3.8557E-1 3.89232E-1 3.89092E-1 3.9396E-1 3.986E-1 4.06629E-1 4.17454E-1 4.25373E-1 4.227E-1 4.29769E-1 4.35431E-1 4.39054E-1 4.36533E-1 4.36721E-1 4.4124E-1 4.49381E-1 4.68439E-1 4.67006E-1 4.74579E-1 4.92905E-1 4.99131E-1 5.00528E-1 5.0975E-1 5.13548E-1 5.20774E-1 5.22809E-1 5.245E-1 5.16797E-1 5.21977E-1 5.23863E-1 5.28376E-1 5.29625E-1 5.38552E-1 5.43575E-1 5.52231E-1 5.55867E-1 5.6403E-1 5.74626E-1 5.7721E-1 5.83821E-1 5.85068E-1 5.87491E-1 5.8983E-1 5.97967E-1 6.09835E-1 6.1775E-1 6.15395E-1 6.2493E-1 6.19107E-1 6.28179E-1 6.22055E-1 6.16809E-1 6.27112E-1 6.43204E-1 6.6129E-1
3.6821E-1 3.72604E-1 3.75286E-1 3.78776E-1 3.85275E-1 3.89175E-1 3.89176E-1 3.90181E-1 3.94436E-1 3.94201E-1 4.02763E-1 4.12695E-1 4.24117E-1 4.29174E-1 4.28547E-1 4.32204E-1 4.42938E-1 4.50894E-1 4.49953E-1 4.50765E-1 4.54203E-1 4.60477E-1 4.73588E-1 4.77826E-1 4.81311E-1 4.9764E-1 4.98829E-1 5.04003E-1 5.14013E-1 5.22179E-1 5.32704E-1 5.39536E-1 5.41059E-1 5.37841E-1 5.48381E-1 5.37701E-1 5.39428E-1 5.46747E-1 5.49958E-1 5.5804E-1 5.65078E-1 5.65538E-1 5.72672E-1 5.83572E-1 5.86658E-1 5.86094E-1 5.89479E-1 5.92112E-1 5.99059E-1 6.07044E-1 6.14881E-1 6.19596E-1 6.34363E-1 6.31928E-1 6.28869E-1 6.37289E-1 6.4034E-1 6.42778E-1 6.42161E-1 6.60238E-1 6.80242E-1
3.74861E-1 3.79053E-1 3.78383E-1 3.80179E-1 3.85311E-1 3.91249E-1 3.96803E-1 3.97203E-1 3.98839E-1 3.97593E-1 4.08547E-1 4.14315E-1 4.25959E-1 4.26782E-1 4.33401E-1 4.3941E-1 4.49889E-1 4.53969E-1 4.53954E-1 4.56429E-1 4.61361E-1 4.69677E-1 4.78681E-1 4.90783E-1 5.00374E-1 4.96807E-1 4.96604E-1 5.06308E-1 5.17624E-1 5.27162E-1 5.36527E-1 5.49969E-1 5.5163E-1 5.53232E-1 5.49473E-1 5.50947E-1 5.55303E-1 5.65141E-1 5.68352E-1 5.78417E-1 5.78433E-1 5.78652E-1 5.8229E-1 5.90708E-1 5.89364E-1 5.86522E-1 5.88425E-1 5.88111E-1 6.0001E-1 6.13693E-1 6.18521E-1 6.21269E-1 6.26915E-1 6.39366E-1 6.47989E-1 6.49676E-1 6.6063E-1 6.66748E-1 6.65381E-1 6.76642E-1 6.86289E-1
3.76428E-1 3.86744E-1 3.79217E-1 3.83835E-1 3.88609E-1 3.91282E-1 3.97359E-1 3.99229E-1 4.02546E-1 4.07485E-1 4.11346E-1 4.21671E-1 4.26543E-1 4.32015E-1 4.35904E-1 4.46317E-1 4.49677E-1 4.56127E-1 4.54367E-1 4.62316E-1 4.7019E-1 4.78276E-1 4.8755E-1 4.93548E-1 5.00104E-1 4.97574E-1 4.99195E-1 5.09525E-1 5.23885E-1 5.29086E-1 5.39456E-1 5.49216E-1 5.52163E-1 5.56027E-1 5.58198E-1 5.62578E-1 5.76523E-1 5.78944E-1 5.82129E-1 5.89656E-1 5.89808E-1 5.83795E-1 5.89611E-1 6.0082E-1 5.96096E-1 5.92927E-1 5.9057E-1 5.94455E-1 6.02252E-1 6.16488E-1 6.21566E-1 6.22921E-1 6.32932E-1 6.43737E-1 6.50842E-1 6.63003E-1 6.74591E-1 6.81829E-1 6.75374E-1 6.81954E-1 6.97739E-1
3.72352E-1 3.81367E-1 3.75388E-1 3.73104E-1 3.81568E-1 3.87939E-1 3.99362E-1 4.00558E-1 4.11E-1 4.1492E-1 4.22189E-1 4.28243E-1 4.31551E-1 4.35869E-1 4.39872E-1 4.48207E-1 4.51348E-1 4.56348E-1 4.59473E-1 4.75444E-1 4.82843E-1 4.88238E-1 4.96144E-1 5.00701E-1 5.02141E-1 5.05113E-1 5.09431E-1 5.19908E-1 5.3161E-1 5.43746E-1 5.52605E-1 5.56507E-1 5.53073E-1 5.53595E-1 5.60039E-1 5.69227E-1 5.7849E-1 5.77593E-1 5.82465E-1 5.88058E-1 5.87806E-1 5.81184E-1 5.9333E-1 6.0424E-1 6.0633E-1 6.05642E-1 5.97095E-1 6.00943E-1 6.13502E-1 6.27281E-1 6.28779E-1 6.37619E-1 6.43432E-1 6.56778E-1 6.6694E-1 6.76907E-1 6.82248E-1 6.79911E-1 6.81101E-1 6.80755E-1 6.85434E-1
3.71585E-1 3.77904E-1 3.8455E-1 3.84805E-1 3.82704E-1 3.89589E-1 4.02934E-1 4.06766E-1 4.12229E-1 4.13065E-1 4.20698E-1 4.29918E-1 4.32406E-1 4.36896E-1 4.42807E-1 4.50764E-1 4.54111E-1 4.59119E-1 4.72303E-1 4.8439E-1 4.94124E-1 4.98357E-1 5.04588E-1 5.08515E-1 5.1293E-1 5.16606E-1 5.24324E-1 5.30958E-1 5.43272E-1 5.60915E-1 5.70615E-1 5.67826E-1 5.58631E-1 5.57563E-1 5.68712E-1 5.74275E-1 5.787E-1 5.8103E-1 5.82157E-1 5.81202E-1 5.76315E-1 5.7637E-1 5.84865E-1 5.93517E-1 6.0521E-1 6.14437E-1 6.15249E-1 6.12979E-1 6.29048E-1 6.42978E-1 6.51559E-1 6.57362E-1 6.62076E-1 6.66602E-1 6.6647E-1 6.75162E-1 6.6681E-1 6.76841E-1 6.73556E-1 6.69841E-1 6.80615E-1
3.75253E-1 3.77178E-1 3.75493E-1 3.85015E-1 3.86621E-1 3.98289E-1 4.06301E-1 4.1148E-1 4.15261E-1 4.1795E-1 4.25259E-1 4.28135E-1 4.36341E-1 4.39873E-1 4.46273E-1 4.66965E-1 4.65839E-1 4.71429E-1 4.82173E-1 4.95643E-1 5.04554E-1 5.04483E-1 5.09668E-1 5.17904E-1 5.25597E-1 5.31416E-1 5.37461E-1 5.41491E-1 5.61253E-1 5.72565E-1 5.79779E-1 5.79082E-1 5.76191E-1 5.79376E-1 5.82393E-1 5.88246E-1 5.89473E-1 5.82442E-1 5.77633E-1 5.79922E-1 5.80955E-1 5.80322E-1 5.89758E-1 5.9295E-1 6.0939E-1 6.23042E-1 6.2741E-1 6.2975E-1 6.37822E-1 6.54075E-1 6.6927E-1 6.74458E-1 6.80049E-1 6.78199E-1 6.68673E-1 6.57704E-1 6.65052E-1 6.6885E-1 6.80327E-1 6.81115E-1 6.97114E-1
3.89017E-1 3.94098E-1 3.90221E-1 3.85184E-1 3.94324E-1 3.98128E-1 4.04528E-1 4.14213E-1 4.21272E-1 4.30152E-1 4.32457E-1 4.33394E-1 4.37646E-1 4.44166E-1 4.53218E-1 4.64229E-1 4.68295E-1 4.77424E-1 4.90446E-1 5.02766E-1 5.10766E-1 5.07558E-1 5.1273E-1 5.38911E-1 5.37848E-1 5.42622E-1 5.54463E-1 5.71773E-1 5.72301E-1 5.77326E-1 5.87071E-1 5.92425E-1 5.98247E-1 6.05979E-1 6.05751E-1 6.07205E-1 6.15747E-1 5.98811E-1 5.8748E-1 5.97311E-1 5.90538E-1 5.95875E-1 5.98821E-1 6.02951E-1 6.18128E-1 6.31412E-1 6.374E-1 6.3676E-1 6.50096E-1 6.55086E-1 6.77611E-1 6.87136E-1 6.92655E-1 6.9289E-1 6.80838E-1 6.65173E-1 6.58367E-1 6.72036E-1 6.87585E-1 7.02443E-1 7.13852E-1
3.90113E-1 3.84308E-1 3.9626E-1 3.9378E-1 3.94489E-1 3.97743E-1 4.02915E-1 4.15329E-1 4.24169E-1 4.42888E-1 4.41256E-1 4.46344E-1 4.45616E-1 4.50795E-1 4.61801E-1 4.69438E-1 4.76675E-1 4.83418E-1 4.901E-1 5.00927E-1 5.13214E-1 5.0667E-1 5.2367E-1 5.40623E-1 5.45988E-1 5.45545E-1 5.66737E-1 5.81292E-1 5.84303E-1 5.84937E-1 6.00541E-1 6.01887E-1 6.10444E-1 6.3833E-1 6.30282E-1 6.07258E-1 6.02969E-1 6.10723E-1 6.03406E-1 6.00368E-1 6.1928E-1 6.28851E-1 6.18026E-1 6.31458E-1 6.24407E-1 6.37356E-1 6.41128E-1 6.48022E-1 6.69807E-1 6.80707E-1 6.88738E-1 6.98706E-1 7.08354E-1 7.15972E-1 7.03626E-1 6.88883E-1 6.70493E-1 6.84649E-1 6.94865E-1 7.0729E-1 7.21422E-1
3.92753E-1 3.89782E-1 3.88707E-1 4.00752E-1 4.07505E-1 4.07544E-1 4.05714E-1 4.18268E-1 4.29451E-1 4.34707E-1 4.39532E-1 4.48959E-1 4.59647E-1 4.62277E-1 4.68551E-1 4.76753E-1 4.84745E-1 4.92506E-1 5.01825E-1 5.07176E-1 5.09779E-1 5.13269E-1 5.26517E-1 5.37529E-1 5.46813E-1 5.63304E-1 5.81429E-1 5.90646E-1 5.94003E-1 5.95443E-1 6.00007E-1 6.01345E-1 6.22455E-1 6.32285E-1 6.34288E-1 6.31031E-1 6.35311E-1 6.37999E-1 6.22663E-1 6.10051E-1 6.14152E-1 6.14683E-1 6.22393E-1 6.38423E-1 6.39371E-1 6.42857E-1 6.53311E-1 6.66523E-1 6.80105E-1 6.90251E-1 7.03168E-1 6.97795E-1 7.14919E-1 7.15477E-1 7.05081E-1 6.90566E-1 6.87552E-1 6.94211E-1 6.97368E-1 7.10336E-1 7.21044E-1
3.9061E-1 3.92518E-1 3.95596E-1 3.9996E-1 4.11589E-1 4.14107E-1 4.17353E-1 4.18374E-1 4.26629E-1 4.35393E-1 4.42187E-1 4.51425E-1 4.59754E-1 4.70171E-1 4.71433E-1 4.76965E-1 4.79543E-1 4.92442E-1 5.01063E-1 5.06966E-1 5.0923E-1 5.23333E-1 5.32596E-1 5.42164E-1 5.51382E-1 5.80839E-1 5.95539E-1 6.01739E-1 6.02059E-1 6.03855E-1 6.1234E-1 6.15991E-1 6.27155E-1 6.37001E-1 6.41393E-1 6.46466E-1 6.56437E-1 6.52454E-1 6.29514E-1 6.2208E-1 6.16251E-1 6.22011E-1 6.45948E-1 6.46057E-1 6.4446E-1 6.53231E-1 6.59341E-1 6.6526E-1 6.80786E-1 6.9699E-1 7.02416E-1 6.95216E-1 7.04867E-1 7.1751E-1 7.02804E-1 6.9726E-1 6.98151E-1 6.96712E-1 6.99074E-1 7.1577E-1 7.24044E-1
