maxent_outputs/white_flowers_linear/white_244.asc
ncols         426
nrows         180
xllcorner     -130.0
yllcorner     24.0
cellsize      0.16666666666666666
NODATA_value  -9999
[rows 108 to 134 of 180, columns 183 to 243 of 426]
4.10113E-1 4.12634E-1 4.2469E-1 4.34535E-1 4.40581E-1 4.48647E-1 4.54889E-1 4.63004E-1 4.72935E-1 4.84573E-1 4.92521E-1 4.99932E-1 5.13235E-1 5.1772E-1 5.16189E-1 5.18919E-1 5.19946E-1 5.32239E-1 5.38008E-1 5.47344E-1 5.59057E-1 5.74079E-1 5.96267E-1 6.08205E-1 6.21533E-1 6.4649E-1 6.4915E-1 6.52656E-1 6.42313E-1 6.51217E-1 6.66548E-1 6.77591E-1 6.87098E-1 6.90717E-1 6.8988E-1 6.88845E-1 6.85746E-1 6.8365E-1 6.78552E-1 6.78574E-1 6.60829E-1 6.69269E-1 6.90348E-1 7.07851E-1 7.16288E-1 7.19748E-1 7.19368E-1 7.36554E-1 7.50697E-1 7.65005E-1 7.66437E-1 7.56529E-1 7.54341E-1 7.54388E-1 7.65204E-1 7.57272E-1 7.63098E-1 7.64877E-1 7.68396E-1 7.77829E-1 7.69343E-1
4.08821E-1 4.16776E-1 4.26839E-1 4.35671E-1 4.48178E-1 4.57231E-1 4.61005E-1 4.65207E-1 4.73673E-1 4.89029E-1 5.01401E-1 5.10494E-1 5.23808E-1 5.2498E-1 5.22963E-1 5.25388E-1 5.26184E-1 5.32546E-1 5.40956E-1 5.51607E-1 5.65099E-1 5.79936E-1 5.92149E-1 6.06488E-1 6.20171E-1 6.40281E-1 6.51776E-1 6.51313E-1 6.36293E-1 6.54696E-1 6.79545E-1 6.94439E-1 6.99638E-1 7.06183E-1 7.00163E-1 6.97376E-1 6.95587E-1 6.90392E-1 6.92603E-1 6.92791E-1 6.90545E-1 6.88288E-1 7.06528E-1 7.20353E-1 7.30352E-1 7.34684E-1 7.35381E-1 7.49841E-1 7.62369E-1 7.7179E-1 7.68749E-1 7.59217E-1 7.48594E-1 7.50438E-1 7.70153E-1 7.60966E-1 7.5983E-1 7.64641E-1 7.69149E-1 7.77246E-1 7.70727E-1
4.26699E-1 4.31558E-1 4.35381E-1 4.47443E-1 4.59186E-1 4.63497E-1 4.70568E-1 4.71945E-1 4.80557E-1 4.90501E-1 5.08827E-1 5.22108E-1 5.30266E-1 5.28494E-1 5.27406E-1 5.28899E-1 5.35923E-1 5.45725E-1 5.49724E-1 5.59608E-1 5.7418E-1 5.85172E-1 5.92135E-1 5.96521E-1 6.13586E-1 6.4344E-1 6.52166E-1 6.48471E-1 6.45755E-1 6.58888E-1 6.78837E-1 6.95565E-1 7.00769E-1 7.0595E-1 7.14503E-1 7.03296E-1 6.99569E-1 6.95937E-1 7.02956E-1 7.04091E-1 7.05868E-1 7.06869E-1 7.21294E-1 7.43784E-1 7.521E-1 7.48608E-1 7.50538E-1 7.6406E-1 7.76432E-1 7.7449E-1 7.74376E-1 7.65593E-1 7.62322E-1 7.60625E-1 7.70758E-1 7.66198E-1 7.59242E-1 7.65916E-1 7.65588E-1 7.71329E-1 7.75169E-1
4.32025E-1 4.36092E-1 4.45994E-1 4.54187E-1 4.6512E-1 4.68035E-1 4.73982E-1 4.85786E-1 4.95379E-1 5.11872E-1 5.19989E-1 5.27721E-1 5.33651E-1 5.41211E-1 5.39403E-1 5.42396E-1 5.48823E-1 5.58776E-1 5.63752E-1 5.71204E-1 5.79942E-1 5.89346E-1 5.99003E-1 6.04438E-1 6.18808E-1 6.39028E-1 6.50633E-1 6.55545E-1 6.5209E-1 6.65491E-1 6.91014E-1 6.97762E-1 6.99314E-1 7.09979E-1 7.10676E-1 7.01812E-1 6.94691E-1 6.98518E-1 7.01153E-1 7.08029E-1 7.07757E-1 7.17853E-1 7.32243E-1 7.47152E-1 7.67227E-1 7.64755E-1 7.72111E-1 7.77769E-1 7.8502E-1 7.86151E-1 7.77425E-1 7.65694E-1 7.68357E-1 7.73398E-1 7.76741E-1 7.71202E-1 7.69131E-1 7.65958E-1 7.65768E-1 7.73224E-1 7.78747E-1
4.32808E-1 4.37072E-1 4.52203E-1 4.63066E-1 4.65041E-1 4.68896E-1 4.82298E-1 4.92147E-1 4.99626E-1 5.14459E-1 5.24192E-1 5.3246E-1 5.44855E-1 5.545E-1 5.54872E-1 5.57705E-1 5.69599E-1 5.77863E-1 5.7639E-1 5.83236E-1 5.90584E-1 5.97951E-1 6.05036E-1 6.26448E-1 6.31527E-1 6.40159E-1 6.45338E-1 6.52211E-1 6.63925E-1 6.78836E-1 6.95381E-1 7.00986E-1 7.03712E-1 7.11001E-1 7.19565E-1 7.29731E-1 7.14468E-1 7.13249E-1 7.12401E-1 7.15532E-1 7.23424E-1 7.40172E-1 7.56518E-1 7.70952E-1 7.77934E-1 7.89774E-1 7.9639E-1 7.93677E-1 7.98246E-1 7.9026E-1 7.85061E-1 7.77485E-1 7.80778E-1 7.86303E-1 7.82931E-1 7.74891E-1 7.76299E-1 7.71717E-1 7.73729E-1 7.79442E-1 7.83361E-1
4.42981E-1 4.47891E-1 4.5792E-1 4.65651E-1 4.70026E-1 4.75148E-1 4.84206E-1 4.92916E-1 5.01025E-1 5.09664E-1 5.21727E-1 5.33288E-1 5.45324E-1 5.56919E-1 5.63651E-1 5.71004E-1 5.80376E-1 5.89353E-1 5.88776E-1 5.92763E-1 6.04371E-1 6.07667E-1 6.20281E-1 6.33982E-1 6.36965E-1 6.48886E-1 6.58831E-1 6.60064E-1 6.77434E-1 6.90104E-1 7.04918E-1 7.01102E-1 6.95901E-1 7.03792E-1 7.20961E-1 7.13838E-1 6.97849E-1 7.03413E-1 7.17842E-1 7.34603E-1 7.40119E-1 7.67403E-1 7.78844E-1 7.85987E-1 7.97785E-1 8.0151E-1 8.04047E-1 7.99586E-1 7.95341E-1 7.89649E-1 7.91038E-1 7.97491E-1 7.98628E-1 7.89881E-1 7.85692E-1 7.79992E-1 7.85742E-1 7.89355E-1 7.85586E-1 7.88041E-1 7.9003E-1
4.57673E-1 4.63606E-1 4.64783E-1 4.7766E-1 4.88506E-1 4.93422E-1 4.91575E-1 4.97731E-1 5.04943E-1 5.12439E-1 5.19358E-1 5.33788E-1 5.47728E-1 5.58077E-1 5.70946E-1 5.8064E-1 5.92098E-1 5.97256E-1 5.98167E-1 6.05424E-1 6.13072E-1 6.23454E-1 6.33043E-1 6.39059E-1 6.45345E-1 6.53741E-1 6.55579E-1 6.61542E-1 6.76925E-1 6.99035E-1 7.15465E-1 7.17588E-1 6.97498E-1 7.19799E-1 7.20009E-1 7.17287E-1 7.22286E-1 7.34093E-1 7.46932E-1 7.60703E-1 7.73032E-1 7.87956E-1 7.83492E-1 7.87064E-1 7.94084E-1 8.01033E-1 8.01206E-1 7.92792E-1 7.87118E-1 7.7806E-1 7.80538E-1 7.88724E-1 7.94201E-1 7.91028E-1 7.82331E-1 7.84873E-1 7.83879E-1 7.86165E-1 7.88262E-1 7.95363E-1 8.03668E-1
4.59624E-1 4.67944E-1 4.76874E-1 4.86192E-1 5.04968E-1 5.1215E-1 5.06251E-1 5.02689E-1 5.05426E-1 5.14721E-1 5.30772E-1 5.44106E-1 5.56542E-1 5.69611E-1 5.77307E-1 5.84812E-1 5.97032E-1 5.97887E-1 6.0496E-1 6.14102E-1 6.26231E-1 6.38498E-1 6.46416E-1 6.53934E-1 6.53473E-1 6.57758E-1 6.65099E-1 6.83204E-1 7.06972E-1 7.21405E-1 7.39639E-1 7.41334E-1 7.27803E-1 7.29914E-1 7.34781E-1 7.46365E-1 7.5079E-1 7.66917E-1 7.82019E-1 7.86474E-1 7.92262E-1 8.02057E-1 8.0325E-1 8.05162E-1 7.9731E-1 8.01412E-1 7.95218E-1 7.8839E-1 7.82722E-1 7.72643E-1 7.73655E-1 7.77837E-1 7.8597E-1 7.84379E-1 7.80227E-1 7.79872E-1 7.92167E-1 7.88666E-1 7.91959E-1 7.99654E-1 8.04353E-1
4.67314E-1 4.73981E-1 4.80201E-1 4.86757E-1 4.97511E-1 5.0494E-1 5.13573E-1 5.15579E-1 5.1637E-1 5.22735E-1 5.38424E-1 5.51854E-1 5.61504E-1 5.72927E-1 5.75985E-1 5.77323E-1 5.86185E-1 5.95128E-1 6.02214E-1 6.16904E-1 6.35836E-1 6.51477E-1 6.60988E-1 6.62974E-1 6.61433E-1 6.64943E-1 6.81293E-1 6.9657E-1 7.1617E-1 7.36367E-1 7.43181E-1 7.50609E-1 7.55984E-1 7.56367E-1 7.53965E-1 7.57238E-1 7.88073E-1 7.96731E-1 7.92937E-1 7.98162E-1 8.01278E-1 8.10606E-1 8.0489E-1 8.02374E-1 8.0224E-1 7.98011E-1 7.98527E-1 7.87363E-1 7.76199E-1 7.69224E-1 7.66912E-1 7.70313E-1 7.75903E-1 7.87336E-1 7.78041E-1 7.81917E-1 7.86655E-1 7.8912E-1 7.94587E-1 8.01229E-1 8.01974E-1
4.80828E-1 4.85195E-1 4.84859E-1 4.88388E-1 5.01226E-1 5.10932E-1 5.23399E-1 5.25238E-1 5.29487E-1 5.34534E-1 5.42627E-1 5.57695E-1 5.7125E-1 5.8599E-1 5.90698E-1 5.83346E-1 5.83444E-1 5.946E-1 6.06724E-1 6.23482E-1 6.43671E-1 6.5749E-1 6.63567E-1 6.64127E-1 6.64709E-1 6.68217E-1 6.85478E-1 6.95356E-1 7.17955E-1 7.31716E-1 7.41227E-1 7.53899E-1 7.81836E-1 7.95185E-1 7.91417E-1 7.89707E-1 7.89891E-1 7.94045E-1 8.02869E-1 8.05604E-1 8.07517E-1 8.08184E-1 8.07964E-1 8.10858E-1 8.12509E-1 8.05678E-1 8.01103E-1 7.86039E-1 7.70819E-1 7.62574E-1 7.61636E-1 7.60532E-1 7.7083E-1 7.7769E-1 7.75276E-1 7.77926E-1 7.80079E-1 7.84782E-1 8.01771E-1 8.06932E-1 8.04363E-1
4.89736E-1 4.94877E-1 4.97697E-1 5.05239E-1 5.0959E-1 5.18721E-1 5.2929E-1 5.36473E-1 5.41217E-1 5.40065E-1 5.504E-1 5.6298E-1 5.76321E-1 5.95284E-1 6.09121E-1 6.04636E-1 6.01636E-1 6.08247E-1 6.16582E-1 6.28319E-1 6.40858E-1 6.56852E-1 6.60146E-1 6.61343E-1 6.69454E-1 6.74061E-1 6.87789E-1 6.99084E-1 7.27119E-1 7.38729E-1 7.41622E-1 7.41969E-1 7.65672E-1 7.81491E-1 7.97066E-1 7.96132E-1 8.01688E-1 8.0479E-1 8.01652E-1 7.95261E-1 8.0173E-1 8.03655E-1 8.08197E-1 8.1131E-1 8.19359E-1 8.13521E-1 7.99041E-1 7.92124E-1 7.74467E-1 7.60475E-1 7.60649E-1 7.61188E-1 7.65803E-1 7.65678E-1 7.71734E-1 7.78455E-1 7.75806E-1 7.84842E-1 7.93597E-1 7.97793E-1 7.9272E-1
4.95687E-1 5.01669E-1 5.09187E-1 5.17741E-1 5.19493E-1 5.26295E-1 5.30768E-1 5.43873E-1 5.49108E-1 5.5601E-1 5.62126E-1 5.75016E-1 5.92879E-1 6.07947E-1 6.17936E-1 6.13392E-1 6.13365E-1 6.23383E-1 6.25381E-1 6.36941E-1 6.50003E-1 6.55379E-1 6.66387E-1 6.83469E-1 6.94219E-1 6.85329E-1 6.92902E-1 7.06684E-1 7.19898E-1 7.29021E-1 7.26464E-1 7.3874E-1 7.63931E-1 7.75792E-1 7.88648E-1 8.0327E-1 8.03341E-1 8.0729E-1 7.97704E-1 7.96402E-1 8.01275E-1 8.06077E-1 8.07031E-1 8.13777E-1 8.1611E-1 8.08833E-1 8.01171E-1 7.89978E-1 7.83226E-1 7.67043E-1 7.6584E-1 7.66209E-1 7.64995E-1 7.69438E-1 7.69507E-1 7.77903E-1 7.79439E-1 7.86318E-1 7.93379E-1 7.90528E-1 7.85086E-1
5.02433E-1 5.08559E-1 5.12012E-1 5.16332E-1 5.2406E-1 5.32078E-1 5.41805E-1 5.50675E-1 5.59165E-1 5.68985E-1 5.81045E-1 6.01042E-1 6.10081E-1 6.16349E-1 6.11978E-1 6.21536E-1 6.27903E-1 6.40325E-1 6.28041E-1 6.38095E-1 6.47174E-1 6.62284E-1 6.74982E-1 6.93091E-1 6.97779E-1 6.99067E-1 7.06952E-1 7.2258E-1 7.30448E-1 7.27306E-1 7.27645E-1 7.43939E-1 7.69237E-1 7.83386E-1 8.00828E-1 8.20452E-1 8.15452E-1 8.19368E-1 8.16283E-1 8.04439E-1 8.03764E-1 8.07643E-1 8.08981E-1 8.1281E-1 8.13438E-1 8.10026E-1 8.03242E-1 7.92526E-1 7.82606E-1 7.71237E-1 7.70258E-1 7.67215E-1 7.71053E-1 7.70224E-1 7.71982E-1 7.77103E-1 7.81865E-1 7.83456E-1 7.96092E-1 7.91358E-1 7.81513E-1
5.12549E-1 5.19585E-1 5.14905E-1 5.15238E-1 5.21748E-1 5.30982E-1 5.46597E-1 5.63446E-1 5.68782E-1 5.78854E-1 5.9758E-1 6.16973E-1 6.33705E-1 6.35257E-1 6.3181E-1 6.27939E-1 6.30354E-1 6.3423E-1 6.35517E-1 6.45207E-1 6.60162E-1 6.72852E-1 6.82983E-1 6.9761E-1 7.03906E-1 7.12504E-1 7.09848E-1 7.1775E-1 7.30789E-1 7.4174E-1 7.47517E-1 7.67586E-1 7.93482E-1 8.09517E-1 8.19991E-1 8.2863E-1 8.23265E-1 8.26681E-1 8.24313E-1 8.16168E-1 8.09825E-1 8.11281E-1 8.15072E-1 8.15526E-1 8.15745E-1 8.13612E-1 8.11328E-1 7.97103E-1 7.82619E-1 7.73299E-1 7.73605E-1 7.78104E-1 7.82295E-1 7.79211E-1 7.7914E-1 7.82776E-1 7.88985E-1 7.86513E-1 8.00565E-1 7.9521E-1 7.88461E-1
5.12329E-1 5.13346E-1 5.15046E-1 5.22094E-1 5.29328E-1 5.33688E-1 5.47051E-1 5.61711E-1 5.70778E-1 5.83706E-1 5.95942E-1 6.17553E-1 6.33324E-1 6.33778E-1 6.38915E-1 6.3088E-1 6.23554E-1 6.32169E-1 6.47603E-1 6.59955E-1 6.73261E-1 6.82997E-1 6.91362E-1 7.00048E-1 7.09034E-1 7.07104E-1 7.12018E-1 7.23189E-1 7.40469E-1 7.57603E-1 7.73765E-1 7.86651E-1 7.98736E-1 8.10377E-1 8.35883E-1 8.39581E-1 8.35121E-1 8.35524E-1 8.3397E-1 8.24564E-1 8.18154E-1 8.14123E-1 8.17197E-1 8.18363E-1 8.20081E-1 8.18873E-1 8.15118E-1 8.03036E-1 7.91723E-1 7.80945E-1 7.73731E-1 7.77327E-1 7.76771E-1 7.83285E-1 7.93231E-1 7.91258E-1 7.9801E-1 7.94582E-1 8.01472E-1 7.97154E-1 7.93327E-1
5.18065E-1 5.19094E-1 5.19323E-1 5.26183E-1 5.36577E-1 5.44318E-1 5.55233E-1 5.64729E-1 5.74635E-1 5.86612E-1 6.00566E-1 6.16251E-1 6.23241E-1 6.33474E-1 6.51267E-1 6.36989E-1 6.23893E-1 6.41187E-1 6.60446E-1 6.76317E-1 6.85164E-1 6.85185E-1 6.94283E-1 6.99696E-1 7.07434E-1 7.10263E-1 7.14699E-1 7.26859E-1 7.45735E-1 7.68219E-1 7.86804E-1 8.07606E-1 8.1003E-1 8.05042E-1 8.37214E-1 8.4317E-1 8.42702E-1 8.39964E-1 8.37459E-1 8.28165E-1 8.25831E-1 8.25254E-1 8.22542E-1 8.23047E-1 8.26296E-1 8.22554E-1 8.16093E-1 8.03231E-1 7.96106E-1 7.8825E-1 7.78344E-1 7.72337E-1 7.75318E-1 7.88808E-1 7.95206E-1 8.01357E-1 8.06053E-1 8.07774E-1 8.07351E-1 8.08446E-1 8.04324E-1
5.22974E-1 5.24172E-1 5.29048E-1 5.38007E-1 5.42563E-1 5.54086E-1 5.66454E-1 5.75009E-1 5.85881E-1 6.00738E-1 6.04023E-1 6.18561E-1 6.23978E-1 6.34618E-1 6.52135E-1 6.43917E-1 6.42025E-1 6.55922E-1 6.70659E-1 6.80256E-1 6.89057E-1 6.91606E-1 7.02444E-1 7.0861E-1 7.08947E-1 7.15254E-1 7.23925E-1 7.37899E-1 7.52421E-1 7.71493E-1 7.95369E-1 8.19038E-1 8.22055E-1 8.31581E-1 8.38872E-1 8.44665E-1 8.41518E-1 8.4419E-1 8.37955E-1 8.30759E-1 8.28727E-1 8.36475E-1 8.34325E-1 8.33832E-1 8.33967E-1 8.30916E-1 8.1881E-1 8.01787E-1 7.92947E-1 7.92359E-1 7.86719E-1 7.79259E-1 7.85369E-1 7.97023E-1 8.07383E-1 8.12235E-1 8.1073E-1 8.13888E-1 8.16546E-1 8.16472E-1 8.15192E-1
5.44585E-1 5.37136E-1 5.42901E-1 5.54721E-1 5.61494E-1 5.70575E-1 5.84072E-1 5.89671E-1 5.97777E-1 6.04976E-1 6.12724E-1 6.25094E-1 6.3597E-1 6.46224E-1 6.63094E-1 6.68929E-1 6.66982E-1 6.70206E-1 6.72906E-1 6.77837E-1 6.91311E-1 6.9662E-1 7.01485E-1 7.07553E-1 7.12463E-1 7.18678E-1 7.30511E-1 7.36032E-1 7.59029E-1 7.72033E-1 7.88667E-1 7.96385E-1 8.10381E-1 8.30184E-1 8.3985E-1 8.42039E-1 8.33668E-1 8.33066E-1 8.32791E-1 8.28236E-1 8.31914E-1 8.3936E-1 8.38953E-1 8.36156E-1 8.42657E-1 8.32787E-1 8.13881E-1 8.02975E-1 7.91723E-1 7.89764E-1 7.98906E-1 7.8803E-1 7.92458E-1 7.99947E-1 8.06039E-1 8.05951E-1 7.99772E-1 8.09547E-1 8.16618E-1 8.24049E-1 8.24517E-1
5.56046E-1 5.51972E-1 5.64254E-1 5.75796E-1 5.83021E-1 5.99235E-1 6.12312E-1 6.08349E-1 6.09183E-1 6.11657E-1 6.1754E-1 6.36479E-1 6.54236E-1 6.60058E-1 6.69625E-1 6.81199E-1 6.92993E-1 6.86527E-1 6.79276E-1 6.85078E-1 6.97339E-1 7.02081E-1 6.99029E-1 7.15489E-1 7.1427E-1 7.2007E-1 7.22008E-1 7.33078E-1 7.62614E-1 7.74972E-1 7.86691E-1 7.97913E-1 8.12916E-1 8.28158E-1 8.38835E-1 8.40733E-1 8.29645E-1 8.28342E-1 8.27202E-1 8.30079E-1 8.35961E-1 8.42941E-1 8.40114E-1 8.37816E-1 8.36657E-1 8.2497E-1 8.11751E-1 8.05155E-1 7.95409E-1 7.99301E-1 8.05448E-1 7.95015E-1 8.0258E-1 8.02092E-1 7.99864E-1 8.00636E-1 8.00307E-1 8.07095E-1 8.14455E-1 8.20601E-1 8.25691E-1
5.65428E-1 5.60408E-1 5.77986E-1 5.97512E-1 5.99019E-1 6.0882E-1 6.19615E-1 6.18367E-1 6.14406E-1 6.1358E-1 6.15774E-1 6.34789E-1 6.69889E-1 6.74019E-1 6.74808E-1 6.88746E-1 6.99794E-1 6.95813E-1 6.88976E-1 6.89011E-1 6.95138E-1 6.9411E-1 6.9212E-1 7.00481E-1 7.02838E-1 7.14628E-1 7.26394E-1 7.46261E-1 7.64545E-1 7.88261E-1 7.88691E-1 8.01646E-1 8.22987E-1 8.26359E-1 8.31306E-1 8.28275E-1 8.19865E-1 8.20611E-1 8.21134E-1 8.2769E-1 8.30537E-1 8.36762E-1 8.46855E-1 8.32363E-1 8.27495E-1 8.28315E-1 8.14204E-1 8.05367E-1 8.02156E-1 8.08979E-1 8.15157E-1 8.1111E-1 8.0846E-1 8.05716E-1 8.07385E-1 8.03548E-1 8.09579E-1 8.09998E-1 8.18785E-1 8.23272E-1 8.27214E-1
5.78302E-1 5.80427E-1 5.95204E-1 5.9799E-1 6.03558E-1 6.11689E-1 6.15931E-1 6.21668E-1 6.12797E-1 6.16613E-1 6.22236E-1 6.28465E-1 6.48082E-1 6.55132E-1 6.66814E-1 6.82183E-1 6.89657E-1 6.95394E-1 6.9307E-1 6.93614E-1 6.92525E-1 6.91092E-1 6.92116E-1 6.95953E-1 7.04131E-1 7.12935E-1 7.2462E-1 7.49645E-1 7.74734E-1 7.83425E-1 7.9417E-1 8.03305E-1 8.08655E-1 8.19685E-1 8.19326E-1 8.10387E-1 8.04633E-1 8.13776E-1 8.18093E-1 8.26526E-1 8.27753E-1 8.33018E-1 8.35485E-1 8.36721E-1 8.28407E-1 8.29434E-1 8.23803E-1 8.10463E-1 8.11518E-1 8.14943E-1 8.21177E-1 8.18983E-1 8.16454E-1 8.13095E-1 8.12822E-1 8.16991E-1 8.22347E-1 8.32285E-1 8.26905E-1 8.33871E-1 8.34355E-1
5.87735E-1 6.00259E-1 5.98175E-1 5.93623E-1 5.95318E-1 6.10799E-1 6.2454E-1 6.20487E-1 6.18325E-1 6.20719E-1 6.28248E-1 6.33569E-1 6.42271E-1 6.50694E-1 6.59897E-1 6.74652E-1 6.82977E-1 6.89292E-1 6.9853E-1 7.10281E-1 7.07568E-1 7.01984E-1 7.01637E-1 7.09696E-1 7.14501E-1 7.23647E-1 7.31221E-1 7.50685E-1 7.76004E-1 7.90004E-1 7.95628E-1 7.96255E-1 8.02977E-1 8.04414E-1 8.07334E-1 7.90361E-1 7.97904E-1 8.05471E-1 8.20437E-1 8.277E-1 8.30144E-1 8.3557E-1 8.36202E-1 8.35747E-1 8.28272E-1 8.35772E-1 8.31196E-1 8.22641E-1 8.23188E-1 8.24756E-1 8.23924E-1 8.28826E-1 8.23509E-1 8.19386E-1 8.22292E-1 8.37832E-1 8.53978E-1 8.39972E-1 8.40003E-1 8.46898E-1 8.49312E-1
5.87388E-1 6.03004E-1 5.94151E-1 5.88696E-1 5.9628E-1 6.03383E-1 6.23822E-1 6.25724E-1 6.29827E-1 6.26433E-1 6.27462E-1 6.30115E-1 6.46367E-1 6.56909E-1 6.64116E-1 6.74407E-1 6.74864E-1 6.86419E-1 7.0571E-1 7.21501E-1 7.30034E-1 7.19388E-1 7.24047E-1 7.26882E-1 7.37081E-1 7.37524E-1 7.4114E-1 7.50198E-1 7.68445E-1 7.93439E-1 7.92022E-1 8.00088E-1 8.02892E-1 8.01148E-1 7.91119E-1 7.89026E-1 7.99002E-1 8.06559E-1 8.25193E-1 8.35563E-1 8.45709E-1 8.51085E-1 8.48599E-1 8.4421E-1 8.42748E-1 8.4509E-1 8.41731E-1 8.29663E-1 8.30774E-1 8.26502E-1 8.30833E-1 8.34431E-1 8.3062E-1 8.26743E-1 8.33849E-1 8.49722E-1 8.46602E-1 8.43121E-1 8.47534E-1 8.59512E-1 8.57885E-1
5.82392E-1 5.84949E-1 5.90592E-1 5.9695E-1 6.03769E-1 6.10187E-1 6.27842E-1 6.28646E-1 6.34216E-1 6.33752E-1 6.34035E-1 6.41579E-1 6.63729E-1 6.68838E-1 6.73677E-1 6.70589E-1 6.71409E-1 6.87327E-1 7.14184E-1 7.24205E-1 7.28343E-1 7.35906E-1 7.38681E-1 7.40759E-1 7.47156E-1 7.40218E-1 7.38991E-1 7.51552E-1 7.71161E-1 7.7946E-1 7.94991E-1 8.01499E-1 8.03861E-1 8.04466E-1 7.97292E-1 7.97785E-1 8.06271E-1 8.20675E-1 8.3338E-1 8.51158E-1 8.60802E-1 8.64494E-1 8.57214E-1 8.50782E-1 8.55857E-1 8.54257E-1 8.49201E-1 8.4059E-1 8.36983E-1 8.36492E-1 8.44695E-1 8.43895E-1 8.4386E-1 8.4475E-1 8.51346E-1 8.53322E-1 8.51575E-1 8.42533E-1 8.50604E-1 8.59023E-1 8.55723E-1
5.83727E-1 5.93248E-1 6.04907E-1 6.10947E-1 6.21599E-1 6.24206E-1 6.30996E-1 6.39525E-1 6.39857E-1 6.4178E-1 6.46863E-1 6.57501E-1 6.80345E-1 6.80264E-1 6.83999E-1 6.75925E-1 6.73179E-1 6.86189E-1 7.09149E-1 7.24041E-1 7.34608E-1 7.43427E-1 7.49845E-1 7.4886E-1 7.5048E-1 7.55075E-1 7.4733E-1 7.57847E-1 7.71541E-1 7.84769E-1 7.96493E-1 8.03408E-1 8.08752E-1 8.18008E-1 8.0596E-1 8.11166E-1 8.21416E-1 8.32761E-1 8.50967E-1 8.65762E-1 8.68714E-1 8.68399E-1 8.65963E-1 8.62791E-1 8.62583E-1 8.6654E-1 8.70179E-1 8.59421E-1 8.52435E-1 8.51623E-1 8.59943E-1 8.57353E-1 8.61126E-1 8.63179E-1 8.72581E-1 8.64082E-1 8.56914E-1 8.51019E-1 8.51944E-1 8.4888E-1 8.52432E-1
5.84167E-1 5.97911E-1 6.06291E-1 6.088E-1 6.2685E-1 6.32821E-1 6.38043E-1 6.37786E-1 6.38933E-1 6.49442E-1 6.58461E-1 6.73546E-1 6.80342E-1 6.83892E-1 6.9039E-1 6.89096E-1 6.85954E-1 6.9794E-1 7.08039E-1 7.26194E-1 7.40798E-1 7.52506E-1 7.54107E-1 7.64616E-1 7.57189E-1 7.59554E-1 7.61599E-1 7.6648E-1 7.7976E-1 7.90526E-1 7.97018E-1 8.09066E-1 8.13763E-1 8.23807E-1 8.3075E-1 8.30213E-1 8.45174E-1 8.51185E-1 8.62966E-1 8.71004E-1 8.75989E-1 8.84678E-1 8.78594E-1 8.70273E-1 8.73862E-1 8.73402E-1 8.80101E-1 8.80675E-1 8.78828E-1 8.74601E-1 8.72927E-1 8.77388E-1 8.77498E-1 8.74613E-1 8.73402E-1 8.65468E-1 8.63659E-1 8.61861E-1 8.58683E-1 8.55048E-1 8.56563E-1
5.85073E-1 5.91981E-1 6.02276E-1 6.13886E-1 6.24694E-1 6.33942E-1 6.35484E-1 6.43656E-1 6.44402E-1 6.5775E-1 6.74513E-1 6.87799E-1 6.85216E-1 7.02889E-1 7.08337E-1 7.0319E-1 7.03867E-1 7.12458E-1 7.189E-1 7.29371E-1 7.5059E-1 7.57432E-1 7.58299E-1 7.67123E-1 7.64673E-1 7.6595E-1 7.6447E-1 7.76836E-1 7.92827E-1 7.96267E-1 8.0643E-1 8.12409E-1 8.19932E-1 8.29895E-1 8.60686E-1 8.55319E-1 8.64482E-1 8.68475E-1 8.76476E-1 8.8251E-1 8.93606E-1 9.01282E-1 8.97393E-1 8.87607E-1 8.91223E-1 8.88942E-1 8.96583E-1 8.98766E-1 9.01848E-1 8.9842E-1 8.91235E-1 8.79392E-1 8.76368E-1 8.69316E-1 8.69703E-1 8.74169E-1 8.75451E-1 8.71593E-1 8.72111E-1 8.71074E-1 8.69526E-1
