maxent_outputs/white_flowers_linear/white_155.asc
ncols         426
nrows         180
xllcorner     -130.0
yllcorner     24.0
cellsize      0.16666666666666666
NODATA_value  -9999
[rows 27 to 53 of 180, columns 305 to 365 of 426]
4.56176E-1 4.52414E-1 4.53251E-1 4.62165E-1 4.56601E-1 4.61372E-1 4.65804E-1 4.66724E-1 4.69196E-1 4.68639E-1 4.67774E-1 4.61038E-1 4.59139E-1 4.6114E-1 4.60684E-1 4.63857E-1 4.74244E-1 4.71775E-1 4.64677E-1 4.68262E-1 4.68906E-1 4.68545E-1 4.77506E-1 4.80907E-1 4.68514E-1 4.80318E-1 4.89947E-1 4.77298E-1 4.88012E-1 4.9776E-1 4.85456E-1 4.80406E-1 4.83995E-1 4.84176E-1 4.86252E-1 4.88766E-1 4.88333E-1 4.87513E-1 4.89553E-1 4.85412E-1 4.85724E-1 4.86517E-1 4.88693E-1 4.90882E-1 4.9817E-1 5.00204E-1 5.02452E-1 5.05625E-1 5.12657E-1 5.26291E-1 5.18841E-1 5.28033E-1 5.39143E-1 5.39818E-1 5.44863E-1 5.54412E-1 5.49324E-1 5.34257E-1 5.43529E-1 5.49376E-1 5.6335E-1
4.63426E-1 4.59878E-1 4.53077E-1 4.53953E-1 4.54961E-1 4.59086E-1 4.62969E-1 4.65043E-1 4.62027E-1 4.64398E-1 4.68936E-1 4.66833E-1 4.59154E-1 4.54482E-1 4.56148E-1 4.61456E-1 4.69168E-1 4.61955E-1 4.60989E-1 4.65478E-1 4.61601E-1 4.69003E-1 4.71631E-1 4.73232E-1 4.67382E-1 4.86141E-1 4.828E-1 4.82966E-1 4.81445E-1 4.86048E-1 4.85186E-1 4.79081E-1 4.85628E-1 4.81865E-1 4.81474E-1 4.82027E-1 4.80052E-1 4.80619E-1 4.81184E-1 4.8395E-1 4.85133E-1 4.86314E-1 4.88915E-1 4.96884E-1 5.00229E-1 5.08235E-1 5.08024E-1 5.15093E-1 5.14668E-1 5.25292E-1 5.31374E-1 5.27554E-1 5.37736E-1 5.43656E-1 5.45893E-1 5.54089E-1 5.53096E-1 5.49495E-1 5.63815E-1 5.79701E-1 5.87321E-1
4.72085E-1 4.70472E-1 4.59989E-1 4.58133E-1 4.58285E-1 4.66544E-1 4.68468E-1 4.68817E-1 4.68944E-1 4.74648E-1 4.74006E-1 4.74262E-1 4.74849E-1 4.74432E-1 4.59797E-1 4.65112E-1 4.57558E-1 4.58958E-1 4.57312E-1 4.5887E-1 4.60074E-1 4.62278E-1 4.65474E-1 4.70265E-1 4.69413E-1 4.77653E-1 4.89042E-1 4.82446E-1 4.78909E-1 4.77887E-1 4.77761E-1 4.77951E-1 4.83671E-1 4.87198E-1 4.85428E-1 4.78118E-1 4.79161E-1 4.78513E-1 4.79047E-1 4.8464E-1 4.85989E-1 4.85132E-1 4.92088E-1 4.98046E-1 5.0319E-1 5.07604E-1 5.18728E-1 5.30347E-1 5.25714E-1 5.30046E-1 5.43026E-1 5.34184E-1 5.36451E-1 5.4286E-1 5.47942E-1 5.54042E-1 5.59641E-1 5.67836E-1 5.75395E-1 5.96163E-1 6.16699E-1
4.66501E-1 4.69127E-1 4.56784E-1 4.72023E-1 4.71559E-1 4.59508E-1 4.68133E-1 4.72286E-1 4.70641E-1 4.79765E-1 4.77378E-1 4.76825E-1 4.77512E-1 4.687E-1 4.65563E-1 4.64379E-1 4.63121E-1 4.66344E-1 4.5842E-1 4.67249E-1 4.68074E-1 4.71272E-1 4.72122E-1 4.70845E-1 4.78451E-1 4.80865E-1 4.84761E-1 4.83454E-1 4.85847E-1 4.79917E-1 4.83236E-1 4.80835E-1 4.84978E-1 4.86615E-1 4.81135E-1 4.79255E-1 4.8035E-1 4.81132E-1 4.79214E-1 4.81966E-1 4.77748E-1 4.7885E-1 4.78628E-1 4.89288E-1 4.98759E-1 5.08786E-1 5.24411E-1 5.32549E-1 5.28857E-1 5.46296E-1 5.60705E-1 5.46023E-1 5.65233E-1 5.53901E-1 5.60384E-1 5.67542E-1 5.65375E-1 5.79266E-1 6.00463E-1 6.16429E-1 6.36119E-1
4.70544E-1 4.80509E-1 4.6134E-1 4.64871E-1 4.68949E-1 4.70384E-1 4.82951E-1 4.83498E-1 4.81288E-1 4.80752E-1 4.83158E-1 4.83064E-1 4.89583E-1 4.98816E-1 4.7867E-1 4.69615E-1 4.69535E-1 4.68452E-1 4.7069E-1 4.68996E-1 4.81839E-1 4.7816E-1 4.77111E-1 4.90731E-1 4.90779E-1 4.87915E-1 5.00135E-1 5.05644E-1 4.88046E-1 4.9457E-1 4.8295E-1 4.7873E-1 4.85259E-1 4.87906E-1 4.92883E-1 4.88438E-1 4.95083E-1 4.99712E-1 4.90115E-1 4.85802E-1 4.81283E-1 4.95376E-1 5.03704E-1 5.01034E-1 5.04272E-1 5.04312E-1 5.21198E-1 5.3653E-1 5.43894E-1 5.59489E-1 5.68914E-1 5.59752E-1 5.70287E-1 5.65525E-1 5.80284E-1 5.84246E-1 5.89801E-1 6.05214E-1 6.19725E-1 6.30485E-1 6.40701E-1
4.85773E-1 4.96904E-1 4.99902E-1 4.93265E-1 4.82694E-1 4.81797E-1 4.84808E-1 4.74382E-1 4.76201E-1 4.89281E-1 4.84437E-1 4.92256E-1 5.17137E-1 4.92895E-1 4.8287E-1 4.89498E-1 4.84782E-1 4.74714E-1 4.77754E-1 4.85381E-1 4.90304E-1 4.87362E-1 4.78708E-1 4.99382E-1 5.10341E-1 5.135E-1 5.22784E-1 5.22298E-1 5.12567E-1 5.00439E-1 4.94305E-1 4.81763E-1 4.87656E-1 4.89651E-1 4.8947E-1 4.86668E-1 4.86886E-1 5.06547E-1 5.055E-1 5.06533E-1 5.07836E-1 5.3895E-1 5.81727E-1 5.8062E-1 5.38822E-1 5.2259E-1 5.30052E-1 5.21981E-1 5.39123E-1 5.62987E-1 5.76582E-1 5.85607E-1 5.89635E-1 5.91872E-1 5.9554E-1 6.05754E-1 6.1439E-1 6.29464E-1 6.43371E-1 6.42026E-1 6.45561E-1
5.06233E-1 5.01463E-1 5.1437E-1 5.20426E-1 5.2449E-1 5.25551E-1 5.17925E-1 5.01147E-1 4.9816E-1 4.8994E-1 5.03457E-1 5.27389E-1 5.28095E-1 5.07473E-1 4.99211E-1 4.98223E-1 4.92341E-1 4.78663E-1 4.70871E-1 4.7342E-1 4.73706E-1 4.88633E-1 5.01358E-1 5.1296E-1 5.2199E-1 4.98482E-1 5.06647E-1 5.17438E-1 5.10911E-1 5.1357E-1 5.0284E-1 4.90005E-1 4.97675E-1 4.97087E-1 4.8945E-1 4.91507E-1 4.9435E-1 5.06029E-1 5.15282E-1 5.13022E-1 5.19048E-1 5.31975E-1 5.43256E-1 5.56055E-1 5.3489E-1 5.46197E-1 5.58116E-1 5.54862E-1 5.52492E-1 5.65248E-1 5.80986E-1 5.81935E-1 5.90434E-1 6.00121E-1 6.05809E-1 6.10014E-1 6.23178E-1 6.36409E-1 6.48568E-1 6.39616E-1 -9999
5.09216E-1 5.07002E-1 5.21924E-1 5.35689E-1 5.44078E-1 5.43591E-1 5.37624E-1 5.16326E-1 5.13531E-1 5.16322E-1 5.38617E-1 5.40089E-1 5.23257E-1 5.05608E-1 4.95539E-1 4.84842E-1 4.85111E-1 4.84181E-1 4.91018E-1 4.82814E-1 4.92733E-1 4.95822E-1 4.98427E-1 5.08617E-1 5.12489E-1 4.9803E-1 4.99529E-1 5.07931E-1 5.03273E-1 5.00308E-1 5.00065E-1 4.87658E-1 4.89929E-1 4.90224E-1 4.93874E-1 4.97437E-1 5.0943E-1 5.27527E-1 5.29025E-1 5.29023E-1 5.33748E-1 5.47103E-1 5.48514E-1 5.56898E-1 5.5881E-1 5.68472E-1 5.75426E-1 5.82373E-1 5.82435E-1 5.73097E-1 5.79719E-1 5.83201E-1 5.94815E-1 6.09915E-1 6.25882E-1 6.35973E-1 6.3334E-1 6.48263E-1 6.35912E-1 -9999 7.04624E-1
5.14883E-1 5.23781E-1 5.21901E-1 5.24044E-1 5.25624E-1 5.32127E-1 5.40585E-1 5.51351E-1 5.30921E-1 5.21729E-1 5.3679E-1 5.54071E-1 5.46467E-1 5.27E-1 5.1737E-1 5.09995E-1 4.98807E-1 5.05427E-1 5.05869E-1 5.10489E-1 5.1166E-1 5.04058E-1 5.10996E-1 5.20131E-1 5.05099E-1 5.09213E-1 5.24906E-1 5.23519E-1 5.16733E-1 5.08264E-1 5.04283E-1 4.99516E-1 4.92362E-1 5.00925E-1 5.04644E-1 5.09203E-1 5.19423E-1 5.27709E-1 5.33132E-1 5.35953E-1 5.44937E-1 5.48732E-1 5.51838E-1 5.69664E-1 5.73668E-1 5.87908E-1 6.01284E-1 6.15074E-1 6.19565E-1 6.19982E-1 6.19408E-1 6.13063E-1 6.27097E-1 6.24089E-1 6.26085E-1 6.40956E-1 6.65431E-1 7.01793E-1 6.86885E-1 6.62259E-1 6.58581E-1
5.30022E-1 5.32748E-1 5.3832E-1 5.41858E-1 5.41288E-1 5.33797E-1 5.49337E-1 5.36905E-1 5.3765E-1 5.29733E-1 5.33402E-1 5.49997E-1 5.57321E-1 5.55221E-1 5.397E-1 5.34186E-1 5.26083E-1 5.26281E-1 5.2339E-1 5.23091E-1 5.19172E-1 5.15447E-1 5.25676E-1 5.30017E-1 5.30627E-1 5.30046E-1 5.31997E-1 5.30974E-1 5.36217E-1 5.20098E-1 5.09185E-1 4.96214E-1 4.91582E-1 5.07828E-1 5.15518E-1 5.13895E-1 5.26822E-1 5.3466E-1 5.45593E-1 5.56799E-1 5.67648E-1 5.76399E-1 5.72529E-1 5.88843E-1 6.01495E-1 6.13772E-1 6.30786E-1 6.56186E-1 6.71129E-1 6.52409E-1 6.45223E-1 6.42226E-1 6.31662E-1 6.24686E-1 6.27163E-1 6.53155E-1 6.99812E-1 6.7055E-1 6.4874E-1 6.46839E-1 6.35781E-1
5.3783E-1 5.45478E-1 5.50206E-1 5.45361E-1 5.35416E-1 5.35884E-1 5.52346E-1 5.54043E-1 5.41492E-1 5.44683E-1 5.60431E-1 5.60471E-1 5.61044E-1 5.50853E-1 5.30854E-1 5.32022E-1 5.34521E-1 5.34079E-1 5.32838E-1 5.29024E-1 5.36954E-1 5.2936E-1 5.37152E-1 5.44431E-1 5.49065E-1 5.48822E-1 5.51089E-1 5.46982E-1 5.50424E-1 5.40035E-1 5.32011E-1 5.25258E-1 5.16534E-1 5.16202E-1 5.27539E-1 5.40583E-1 5.43156E-1 5.53748E-1 5.53778E-1 5.6704E-1 5.77971E-1 5.88209E-1 5.97452E-1 6.08939E-1 6.27947E-1 6.56783E-1 6.76762E-1 6.87659E-1 6.92632E-1 6.83589E-1 6.60794E-1 6.6007E-1 6.04472E-1 6.14087E-1 6.36184E-1 6.53805E-1 6.77168E-1 6.51094E-1 6.50577E-1 6.47833E-1 6.35148E-1
5.4936E-1 5.52526E-1 5.72135E-1 5.63826E-1 5.46481E-1 5.34995E-1 5.50866E-1 5.48813E-1 5.51313E-1 5.6264E-1 5.66729E-1 5.71748E-1 5.63932E-1 5.54331E-1 5.39321E-1 5.50992E-1 5.49997E-1 5.43603E-1 5.47447E-1 5.50292E-1 5.45582E-1 5.41053E-1 5.43776E-1 5.43975E-1 5.50469E-1 5.50504E-1 5.54765E-1 5.55622E-1 5.58235E-1 5.52139E-1 5.58573E-1 5.46553E-1 5.29473E-1 5.29162E-1 5.3919E-1 5.37265E-1 5.4957E-1 5.60098E-1 5.59028E-1 5.80548E-1 5.9145E-1 6.00128E-1 6.17528E-1 6.31947E-1 6.55098E-1 6.81192E-1 7.01018E-1 7.0946E-1 7.09188E-1 6.98337E-1 6.82641E-1 6.44442E-1 6.02217E-1 6.15054E-1 5.94994E-1 6.3821E-1 6.41514E-1 6.54839E-1 6.63681E-1 6.50498E-1 6.27964E-1
5.53217E-1 5.57412E-1 5.6152E-1 5.67151E-1 5.67602E-1 5.62887E-1 5.59265E-1 5.62886E-1 5.65693E-1 5.66263E-1 5.64178E-1 5.77384E-1 5.70128E-1 5.66324E-1 5.66834E-1 5.68276E-1 5.64636E-1 5.48756E-1 5.5298E-1 5.53543E-1 5.57883E-1 5.55081E-1 5.512E-1 5.63401E-1 5.71961E-1 5.62117E-1 5.63665E-1 5.71181E-1 5.76666E-1 5.76041E-1 5.42803E-1 5.44152E-1 5.32757E-1 5.39605E-1 5.40897E-1 5.57322E-1 5.63282E-1 5.7148E-1 5.63378E-1 5.92764E-1 5.95181E-1 6.09458E-1 6.2432E-1 6.54037E-1 6.77449E-1 6.93221E-1 7.04839E-1 7.21273E-1 7.2132E-1 7.15362E-1 7.23776E-1 6.81397E-1 6.60554E-1 6.35613E-1 6.44361E-1 6.27736E-1 6.37755E-1 6.52642E-1 6.55232E-1 6.37778E-1 6.17836E-1
5.64667E-1 5.67091E-1 5.66726E-1 5.69242E-1 5.73756E-1 5.75533E-1 5.55329E-1 5.60622E-1 5.63856E-1 5.63507E-1 5.60471E-1 5.64008E-1 5.65386E-1 5.5896E-1 5.60787E-1 5.71918E-1 5.60561E-1 5.57263E-1 5.54729E-1 5.50117E-1 5.59787E-1 5.62918E-1 5.66113E-1 5.72376E-1 5.80013E-1 5.6663E-1 5.52158E-1 5.53551E-1 5.64775E-1 5.65688E-1 5.53303E-1 5.38541E-1 5.31906E-1 5.40293E-1 5.42633E-1 5.65306E-1 5.65935E-1 5.60327E-1 5.82524E-1 5.87625E-1 6.01836E-1 6.19151E-1 6.46834E-1 6.71416E-1 6.90545E-1 7.09021E-1 7.17256E-1 7.24868E-1 7.31595E-1 7.41063E-1 7.23608E-1 7.14649E-1 -9999 6.30453E-1 6.37518E-1 6.355E-1 6.39064E-1 6.43616E-1 6.3641E-1 6.17189E-1 6.14333E-1
5.78119E-1 5.76679E-1 5.76331E-1 5.82608E-1 5.78953E-1 5.71668E-1 5.64819E-1 5.6769E-1 5.60702E-1 5.66505E-1 5.64241E-1 5.6589E-1 5.69511E-1 5.65962E-1 5.66025E-1 5.63821E-1 5.67355E-1 5.62084E-1 5.58593E-1 5.67645E-1 5.74595E-1 5.56494E-1 5.81265E-1 5.79876E-1 5.76055E-1 5.68475E-1 5.56619E-1 5.58504E-1 5.6439E-1 5.62926E-1 5.64986E-1 5.56407E-1 5.57444E-1 5.59377E-1 5.64304E-1 5.72254E-1 5.78165E-1 5.83798E-1 5.93844E-1 5.99755E-1 6.09881E-1 6.22837E-1 6.4502E-1 6.71768E-1 6.96091E-1 7.05911E-1 7.13667E-1 7.30139E-1 7.37993E-1 7.03622E-1 6.8415E-1 6.76274E-1 6.35213E-1 6.44086E-1 6.56447E-1 6.38643E-1 6.21631E-1 6.22209E-1 6.08358E-1 6.0624E-1 5.98971E-1
5.84552E-1 5.85172E-1 5.80757E-1 5.73511E-1 5.67761E-1 5.61308E-1 5.65436E-1 5.78929E-1 5.719E-1 5.69324E-1 5.62302E-1 5.62776E-1 5.60664E-1 5.63997E-1 5.71295E-1 5.72438E-1 5.73868E-1 5.77651E-1 5.65867E-1 5.74009E-1 5.77793E-1 5.80522E-1 5.8693E-1 5.70683E-1 5.83057E-1 5.84636E-1 5.78631E-1 5.68869E-1 5.71658E-1 5.67152E-1 5.5919E-1 5.54866E-1 5.61251E-1 5.70331E-1 5.75859E-1 5.88121E-1 5.8935E-1 5.98467E-1 6.07053E-1 6.15253E-1 6.03715E-1 6.08898E-1 6.30513E-1 6.38387E-1 6.57286E-1 6.61637E-1 6.62886E-1 6.6681E-1 6.63859E-1 6.24351E-1 5.95596E-1 6.26291E-1 6.50141E-1 6.58918E-1 6.56795E-1 6.27784E-1 5.97677E-1 5.95494E-1 5.97754E-1 5.94839E-1 5.94172E-1
5.78352E-1 5.77857E-1 5.76845E-1 5.77909E-1 5.70647E-1 5.66182E-1 5.73476E-1 5.72489E-1 5.73999E-1 5.66805E-1 5.71206E-1 5.68084E-1 5.62834E-1 5.67054E-1 5.73699E-1 5.79061E-1 5.81877E-1 5.77876E-1 5.76728E-1 5.89211E-1 6.05545E-1 5.94207E-1 5.71478E-1 5.80683E-1 5.94446E-1 5.94487E-1 5.84274E-1 5.82476E-1 5.90238E-1 5.84537E-1 5.71506E-1 5.70372E-1 5.81746E-1 5.84965E-1 5.9297E-1 5.94969E-1 6.10655E-1 6.20404E-1 6.19757E-1 5.97146E-1 5.86536E-1 5.97072E-1 5.9888E-1 6.11239E-1 6.15774E-1 6.32466E-1 6.33852E-1 6.28568E-1 6.18336E-1 6.00842E-1 6.12235E-1 6.37579E-1 6.55096E-1 6.71156E-1 6.54423E-1 6.3185E-1 6.04685E-1 5.96121E-1 5.92603E-1 5.91526E-1 5.97334E-1
5.73544E-1 5.74915E-1 5.73278E-1 5.73826E-1 5.84097E-1 5.81043E-1 5.73547E-1 5.73706E-1 5.65512E-1 5.70199E-1 5.61106E-1 5.74363E-1 5.68165E-1 5.73714E-1 5.78764E-1 5.83452E-1 5.8215E-1 5.83989E-1 5.77831E-1 5.7139E-1 5.84518E-1 5.85687E-1 5.76567E-1 5.9127E-1 6.00867E-1 5.93472E-1 5.83894E-1 5.99439E-1 5.95316E-1 5.94168E-1 5.95169E-1 5.94347E-1 5.94413E-1 6.04834E-1 6.05783E-1 6.15812E-1 6.20034E-1 6.24702E-1 6.24149E-1 6.00412E-1 5.90084E-1 6.03819E-1 6.10641E-1 6.18096E-1 6.20379E-1 6.22619E-1 6.30459E-1 6.2458E-1 6.10771E-1 5.99898E-1 6.1724E-1 6.52885E-1 6.78752E-1 6.63454E-1 6.41805E-1 6.28507E-1 6.20909E-1 6.04228E-1 5.90875E-1 5.89457E-1 5.90583E-1
5.6131E-1 5.6986E-1 5.70757E-1 5.73998E-1 5.75427E-1 5.66569E-1 5.68302E-1 5.72081E-1 5.68513E-1 5.66053E-1 5.64351E-1 5.7029E-1 5.81108E-1 5.76385E-1 5.72036E-1 5.84197E-1 5.89049E-1 5.86803E-1 5.7901E-1 5.73582E-1 5.86505E-1 5.9428E-1 5.899E-1 6.01934E-1 5.96958E-1 5.89879E-1 5.81743E-1 6.08985E-1 6.12849E-1 6.22137E-1 6.28774E-1 6.22279E-1 6.23329E-1 6.23393E-1 6.15086E-1 6.18185E-1 6.16597E-1 6.10735E-1 6.21788E-1 6.13302E-1 5.9296E-1 6.08357E-1 6.07896E-1 6.23561E-1 6.29843E-1 6.30635E-1 6.35362E-1 6.26612E-1 6.23642E-1 6.08777E-1 6.29738E-1 6.28967E-1 6.48638E-1 6.45983E-1 6.3651E-1 6.27927E-1 6.28973E-1 6.18962E-1 5.96383E-1 5.88666E-1 5.90053E-1
5.44254E-1 5.56983E-1 5.62992E-1 5.62116E-1 5.66233E-1 5.65566E-1 5.63703E-1 5.67544E-1 5.73152E-1 5.72198E-1 5.70043E-1 5.70807E-1 5.73325E-1 5.76779E-1 5.8186E-1 5.8519E-1 5.90291E-1 5.93634E-1 6.02855E-1 5.8981E-1 6.17317E-1 6.1322E-1 6.17066E-1 6.17721E-1 6.14795E-1 6.06663E-1 5.93187E-1 6.09035E-1 6.16606E-1 6.43471E-1 6.51442E-1 6.49029E-1 6.34507E-1 6.18782E-1 6.06435E-1 6.15499E-1 6.01279E-1 5.98893E-1 6.17855E-1 6.02681E-1 5.90908E-1 5.90703E-1 6.07331E-1 6.2255E-1 6.33053E-1 6.5998E-1 6.67731E-1 6.67975E-1 6.59548E-1 6.10684E-1 5.99536E-1 6.11366E-1 6.14071E-1 6.25751E-1 6.3189E-1 6.19805E-1 6.21681E-1 6.07202E-1 5.99419E-1 5.97128E-1 5.90032E-1
5.62133E-1 5.79368E-1 5.85054E-1 5.88966E-1 5.83158E-1 5.71262E-1 5.66092E-1 5.64877E-1 5.64667E-1 5.62225E-1 5.63893E-1 5.73719E-1 5.75257E-1 5.81059E-1 5.87142E-1 5.90952E-1 5.98635E-1 6.0081E-1 5.99781E-1 6.12683E-1 6.29562E-1 6.19844E-1 6.18357E-1 6.2009E-1 6.27309E-1 6.19135E-1 6.19279E-1 6.02212E-1 6.21342E-1 6.46263E-1 6.55764E-1 6.47875E-1 6.31951E-1 5.99129E-1 5.84468E-1 5.90766E-1 6.1398E-1 6.23094E-1 6.10569E-1 6.07271E-1 5.93914E-1 5.89911E-1 6.06044E-1 6.23192E-1 6.66206E-1 6.82196E-1 6.75165E-1 6.58268E-1 6.47806E-1 6.18887E-1 6.02906E-1 5.94466E-1 5.98389E-1 6.1384E-1 6.1972E-1 6.23056E-1 6.1786E-1 6.00874E-1 5.95125E-1 5.9052E-1 6.02118E-1
5.90007E-1 5.93525E-1 5.95039E-1 5.9946E-1 5.89559E-1 5.82799E-1 5.70214E-1 5.68712E-1 5.66023E-1 5.62957E-1 5.6014E-1 5.7733E-1 5.66872E-1 5.79419E-1 5.83692E-1 5.92701E-1 5.92191E-1 5.95429E-1 5.98313E-1 6.16581E-1 6.35123E-1 6.28091E-1 6.34264E-1 6.33926E-1 6.37557E-1 6.21212E-1 6.24793E-1 6.31309E-1 6.4677E-1 6.51601E-1 6.44978E-1 6.40114E-1 6.08858E-1 5.79534E-1 5.91701E-1 6.1627E-1 6.15562E-1 6.05812E-1 6.05655E-1 6.27479E-1 6.18604E-1 6.14139E-1 6.1436E-1 6.37958E-1 6.59917E-1 6.7632E-1 6.58207E-1 6.45233E-1 6.37832E-1 6.42785E-1 6.29015E-1 6.01893E-1 6.00213E-1 6.18143E-1 6.18217E-1 6.1655E-1 6.10197E-1 6.04445E-1 6.00935E-1 5.95999E-1 6.14387E-1
6.14708E-1 6.14135E-1 6.13266E-1 6.15372E-1 6.13986E-1 5.99337E-1 5.87576E-1 5.79535E-1 5.7397E-1 5.74205E-1 5.72373E-1 5.69274E-1 5.65207E-1 5.71137E-1 5.75437E-1 5.76856E-1 5.81507E-1 6.00956E-1 6.07396E-1 6.14239E-1 6.33648E-1 6.2955E-1 6.38371E-1 6.41048E-1 6.21034E-1 6.34978E-1 6.42126E-1 6.43304E-1 6.46885E-1 6.49673E-1 6.30635E-1 6.06537E-1 6.02647E-1 6.06089E-1 6.19079E-1 6.16344E-1 6.20317E-1 6.1596E-1 6.20844E-1 6.29559E-1 6.32427E-1 6.31554E-1 6.35153E-1 6.32226E-1 6.38473E-1 6.59427E-1 6.49459E-1 6.55666E-1 6.58394E-1 6.7038E-1 6.44126E-1 6.28641E-1 6.38121E-1 6.28747E-1 6.15357E-1 6.13591E-1 6.3433E-1 6.21568E-1 6.17325E-1 6.14191E-1 6.22105E-1
6.353E-1 6.4243E-1 6.38558E-1 6.30426E-1 6.14787E-1 6.05841E-1 5.9421E-1 5.89833E-1 5.8825E-1 5.7604E-1 5.76791E-1 5.75013E-1 5.76001E-1 5.67159E-1 5.71545E-1 5.77424E-1 5.69907E-1 5.80616E-1 6.02129E-1 6.24701E-1 6.21027E-1 6.10836E-1 6.12874E-1 6.12486E-1 6.14511E-1 6.01705E-1 5.98578E-1 6.08656E-1 6.07655E-1 6.17419E-1 6.16789E-1 6.23075E-1 6.24266E-1 6.25982E-1 6.33748E-1 6.29406E-1 6.27726E-1 6.25229E-1 6.37374E-1 6.44874E-1 6.47399E-1 6.49311E-1 6.3589E-1 6.18959E-1 6.40748E-1 6.40472E-1 6.55817E-1 6.72707E-1 6.90444E-1 6.6521E-1 6.58824E-1 6.46447E-1 6.25366E-1 6.09803E-1 6.19763E-1 6.17035E-1 6.2471E-1 6.44604E-1 6.38455E-1 6.49361E-1 6.43534E-1
6.53006E-1 6.54964E-1 6.46085E-1 6.39268E-1 6.28924E-1 6.14339E-1 6.00885E-1 6.04929E-1 6.00003E-1 5.90144E-1 5.89656E-1 5.90989E-1 5.90948E-1 5.83479E-1 5.77958E-1 5.78149E-1 5.66535E-1 5.64144E-1 5.76105E-1 6.05319E-1 6.07856E-1 5.97797E-1 5.9851E-1 6.11924E-1 6.15685E-1 6.06902E-1 6.12193E-1 6.06642E-1 6.07305E-1 6.24891E-1 6.32664E-1 6.38964E-1 6.32729E-1 6.30842E-1 6.29308E-1 6.22726E-1 6.24577E-1 6.33188E-1 6.45592E-1 6.69858E-1 6.68086E-1 6.68944E-1 6.36041E-1 5.93953E-1 6.14197E-1 6.38051E-1 6.66968E-1 6.83285E-1 7.057E-1 6.79356E-1 6.61115E-1 6.83374E-1 6.47023E-1 6.2634E-1 6.27056E-1 6.14293E-1 6.30101E-1 6.3439E-1 6.41691E-1 6.46811E-1 6.4335E-1
6.68318E-1 6.59602E-1 6.58033E-1 6.50392E-1 6.38404E-1 6.24531E-1 6.15126E-1 6.03001E-1 5.98272E-1 5.8936E-1 5.8987E-1 5.95625E-1 5.94104E-1 5.98978E-1 6.01845E-1 6.03432E-1 5.91664E-1 5.68791E-1 5.73229E-1 5.89764E-1 5.98124E-1 6.0359E-1 6.07713E-1 6.11168E-1 6.11194E-1 6.21372E-1 6.27565E-1 6.17822E-1 6.22934E-1 6.20176E-1 6.31213E-1 6.27795E-1 6.17927E-1 6.06029E-1 5.96083E-1 6.06809E-1 6.12696E-1 6.28762E-1 6.51897E-1 6.77082E-1 6.91447E-1 6.81193E-1 6.40001E-1 6.25645E-1 6.29587E-1 6.49379E-1 6.64159E-1 6.79304E-1 6.87533E-1 6.88467E-1 6.88117E-1 6.52613E-1 6.32098E-1 6.28673E-1 6.31811E-1 6.3342E-1 6.35211E-1 6.42386E-1 6.42594E-1 6.4683E-1 6.45938E-1
6.61803E-1 6.59089E-1 6.55732E-1 6.44084E-1 6.4234E-1 6.32833E-1 6.26909E-1 6.13069E-1 6.04334E-1 6.04877E-1 6.0781E-1 6.04582E-1 6.05294E-1 6.07594E-1 6.07559E-1 6.12754E-1 5.99168E-1 5.95147E-1 5.93267E-1 6.02963E-1 6.15789E-1 6.16017E-1 6.09145E-1 6.10268E-1 6.2407E-1 6.36144E-1 6.24505E-1 6.29353E-1 6.32589E-1 6.33271E-1 6.28649E-1 6.26311E-1 6.12307E-1 5.86736E-1 5.72464E-1 5.84535E-1 5.9991E-1 6.1725E-1 6.56249E-1 6.85168E-1 6.91004E-1 6.79445E-1 6.47767E-1 6.53774E-1 6.46024E-1 6.45191E-1 6.31651E-1 6.41337E-1 6.59676E-1 6.5244E-1 6.56867E-1 6.54626E-1 6.67524E-1 6.66174E-1 6.4815E-1 6.43669E-1 6.46279E-1 6.49661E-1 6.46258E-1 6.52482E-1 6.52852E-1
