maxent_outputs/white_flowers_linear/white_112.asc
ncols         426
nrows         180
xllcorner     -130.0
yllcorner     24.0
cellsize      0.16666666666666666
NODATA_value  -9999
[rows 81 to 107 of 180, columns 244 to 304 of 426]
5.85185E-1 5.85315E-1 5.8546E-1 5.86665E-1 5.87109E-1 5.85716E-1 5.85735E-1 5.87159E-1 5.91577E-1 5.94002E-1 5.96849E-1 5.9735E-1 6.01081E-1 6.03445E-1 6.04978E-1 6.13738E-1 6.19387E-1 6.15234E-1 6.09818E-1 6.08968E-1 6.05995E-1 6.02927E-1 6.06555E-1 6.10154E-1 6.05305E-1 6.03936E-1 6.04525E-1 6.05754E-1 6.05448E-1 6.04665E-1 6.0498E-1 6.0284E-1 6.02991E-1 5.99154E-1 5.98532E-1 6.01167E-1 6.06493E-1 6.08311E-1 6.0718E-1 6.04589E-1 6.11978E-1 6.18632E-1 6.24014E-1 6.30874E-1 6.28669E-1 6.21049E-1 6.19264E-1 6.2629E-1 6.30195E-1 6.25751E-1 6.22381E-1 6.23604E-1 6.32344E-1 6.2873E-1 6.31455E-1 6.44553E-1 6.53128E-1 6.4474E-1 6.33011E-1 6.3861E-1 6.44056E-1
5.86913E-1 5.88939E-1 5.93426E-1 5.98891E-1 5.93758E-1 5.93411E-1 5.93071E-1 5.94668E-1 5.98353E-1 6.06655E-1 6.08608E-1 6.13397E-1 6.13844E-1 6.09583E-1 6.09567E-1 6.15587E-1 6.20572E-1 6.17054E-1 6.10054E-1 6.10176E-1 6.09024E-1 6.10455E-1 6.16641E-1 6.19105E-1 6.0771E-1 6.02887E-1 6.03166E-1 6.01052E-1 6.03261E-1 6.09062E-1 6.13462E-1 6.06873E-1 6.05385E-1 5.99842E-1 5.99313E-1 6.08087E-1 6.13529E-1 6.17842E-1 6.17752E-1 6.07224E-1 6.10743E-1 6.18545E-1 6.27898E-1 6.32966E-1 6.36474E-1 6.32577E-1 6.2814E-1 6.24749E-1 6.28229E-1 6.27832E-1 6.26028E-1 6.29227E-1 6.34592E-1 6.30034E-1 6.33264E-1 6.3849E-1 6.46528E-1 6.47492E-1 6.43602E-1 6.44031E-1 6.44129E-1
5.91644E-1 5.96214E-1 6.0292E-1 6.06597E-1 6.00586E-1 5.99664E-1 6.01558E-1 6.03813E-1 6.08316E-1 6.18462E-1 6.22808E-1 6.25803E-1 6.24877E-1 6.22564E-1 6.23134E-1 6.22403E-1 6.22114E-1 6.16608E-1 6.11789E-1 6.11878E-1 6.11287E-1 6.17624E-1 6.21311E-1 6.17679E-1 6.12627E-1 6.05018E-1 6.02248E-1 6.03638E-1 6.04224E-1 6.12748E-1 6.20854E-1 6.17226E-1 6.11319E-1 6.0334E-1 6.0261E-1 6.08049E-1 6.20426E-1 6.26835E-1 6.24027E-1 6.15745E-1 6.22504E-1 6.33375E-1 6.37313E-1 6.36567E-1 6.36016E-1 6.34918E-1 6.33906E-1 6.26544E-1 6.24884E-1 6.27348E-1 6.28273E-1 6.38534E-1 6.33608E-1 6.33273E-1 6.36421E-1 6.42351E-1 6.50619E-1 6.50763E-1 6.44183E-1 6.37771E-1 6.27857E-1
5.99555E-1 6.0303E-1 6.11694E-1 6.09712E-1 6.0583E-1 6.05038E-1 6.07027E-1 6.10818E-1 6.13721E-1 6.1923E-1 6.26107E-1 6.35873E-1 6.35804E-1 6.3251E-1 6.27579E-1 6.23842E-1 6.22842E-1 6.22243E-1 6.23589E-1 6.22701E-1 6.16069E-1 6.18245E-1 6.19841E-1 6.19143E-1 6.12519E-1 6.12081E-1 6.0991E-1 6.05808E-1 6.05942E-1 6.14374E-1 6.29576E-1 6.32814E-1 6.27477E-1 6.22652E-1 6.15756E-1 6.2154E-1 6.25448E-1 6.36023E-1 6.33767E-1 6.29306E-1 6.33916E-1 6.38802E-1 6.36374E-1 6.37526E-1 6.36042E-1 6.33835E-1 6.34118E-1 6.35115E-1 6.2966E-1 6.30071E-1 6.36323E-1 6.41005E-1 6.36844E-1 6.37293E-1 6.39365E-1 6.44822E-1 6.51118E-1 6.4991E-1 6.38914E-1 6.29852E-1 6.20139E-1
6.08882E-1 6.12217E-1 6.18174E-1 6.15738E-1 6.1495E-1 6.14816E-1 6.15195E-1 6.18908E-1 6.21513E-1 6.25145E-1 6.32093E-1 6.36231E-1 6.39593E-1 6.3691E-1 6.29229E-1 6.26636E-1 6.27799E-1 6.30897E-1 6.35213E-1 6.28756E-1 6.21574E-1 6.22183E-1 6.25766E-1 6.19079E-1 6.17471E-1 6.2071E-1 6.17603E-1 6.11639E-1 6.15729E-1 6.23083E-1 6.36428E-1 6.36113E-1 6.30778E-1 6.22518E-1 6.17354E-1 6.20364E-1 6.27085E-1 6.32588E-1 6.34679E-1 6.31299E-1 6.3421E-1 6.37484E-1 6.41455E-1 6.4193E-1 6.38532E-1 6.38275E-1 6.38128E-1 6.40819E-1 6.41075E-1 6.4444E-1 6.50013E-1 6.46856E-1 6.43897E-1 6.44377E-1 6.46932E-1 6.49852E-1 6.55841E-1 6.44899E-1 6.30121E-1 6.23942E-1 6.12347E-1
6.19186E-1 6.23675E-1 6.2608E-1 6.30388E-1 6.29429E-1 6.25386E-1 6.24063E-1 6.29796E-1 6.29596E-1 6.33836E-1 6.34804E-1 6.38737E-1 6.36234E-1 6.36327E-1 6.35829E-1 6.35964E-1 6.36206E-1 6.43318E-1 6.42684E-1 6.36558E-1 6.3185E-1 6.29192E-1 6.27358E-1 6.22914E-1 6.29498E-1 6.32072E-1 6.27228E-1 6.27938E-1 6.29938E-1 6.35559E-1 6.38314E-1 6.39555E-1 6.34564E-1 6.26968E-1 6.23233E-1 6.22916E-1 6.28302E-1 6.31762E-1 6.32303E-1 6.31082E-1 6.37938E-1 6.41913E-1 6.45055E-1 6.50673E-1 6.45175E-1 6.48174E-1 6.49851E-1 6.54139E-1 6.57152E-1 6.61082E-1 6.63173E-1 6.58345E-1 6.5592E-1 6.55081E-1 6.57819E-1 6.58835E-1 6.59276E-1 6.51464E-1 6.33305E-1 6.14505E-1 6.01799E-1
6.28695E-1 6.30632E-1 6.33859E-1 6.38755E-1 6.38184E-1 6.34894E-1 6.37289E-1 6.41119E-1 6.41952E-1 6.47066E-1 6.47197E-1 6.4307E-1 6.37623E-1 6.41403E-1 6.47667E-1 6.4849E-1 6.48446E-1 6.51122E-1 6.48925E-1 6.45413E-1 6.42623E-1 6.37602E-1 6.33584E-1 6.3223E-1 6.41635E-1 6.47028E-1 6.43473E-1 6.43352E-1 6.51424E-1 6.50543E-1 6.4883E-1 6.47721E-1 6.40366E-1 6.26767E-1 6.29053E-1 6.30989E-1 6.34688E-1 6.39117E-1 6.40808E-1 6.41223E-1 6.42807E-1 6.43629E-1 6.48252E-1 6.56613E-1 6.54168E-1 6.54854E-1 6.60426E-1 6.68625E-1 6.71858E-1 6.74584E-1 6.70636E-1 6.66798E-1 6.66114E-1 6.67583E-1 6.67545E-1 6.68993E-1 6.65399E-1 6.59956E-1 6.34181E-1 6.07126E-1 6.04099E-1
6.32253E-1 6.36903E-1 6.37984E-1 6.40987E-1 6.43043E-1 6.4564E-1 6.49585E-1 6.52197E-1 6.5392E-1 6.57306E-1 6.58109E-1 6.51044E-1 6.48974E-1 6.51027E-1 6.51493E-1 6.53023E-1 6.54394E-1 6.58861E-1 6.60257E-1 6.59943E-1 6.57052E-1 6.52318E-1 6.47556E-1 6.47384E-1 6.51443E-1 6.53741E-1 6.58092E-1 6.62484E-1 6.61838E-1 6.6619E-1 6.64601E-1 6.57949E-1 6.48965E-1 6.42754E-1 6.44261E-1 6.47464E-1 6.45742E-1 6.47819E-1 6.51776E-1 6.5259E-1 6.5232E-1 6.54336E-1 6.54063E-1 6.56001E-1 6.61212E-1 6.65117E-1 6.72889E-1 6.73793E-1 6.78761E-1 6.76377E-1 6.74868E-1 6.74317E-1 6.74257E-1 6.76851E-1 6.77294E-1 6.76937E-1 6.74137E-1 6.59446E-1 6.3612E-1 6.0396E-1 5.99992E-1
6.36169E-1 6.45257E-1 6.46067E-1 6.46089E-1 6.50327E-1 6.56988E-1 6.6192E-1 6.65397E-1 6.63378E-1 6.62036E-1 6.63023E-1 6.57398E-1 6.58665E-1 6.53793E-1 6.55928E-1 6.59001E-1 6.6179E-1 6.76319E-1 6.72707E-1 6.73506E-1 6.72254E-1 6.69712E-1 6.67937E-1 6.65838E-1 6.64236E-1 6.68032E-1 6.74923E-1 6.70038E-1 6.73423E-1 6.81592E-1 6.75804E-1 6.70118E-1 6.62413E-1 6.56834E-1 6.55457E-1 6.57209E-1 6.56542E-1 6.58898E-1 6.61733E-1 6.62929E-1 6.61412E-1 6.5829E-1 6.56997E-1 6.62459E-1 6.66032E-1 6.74128E-1 6.75574E-1 6.79046E-1 6.79905E-1 6.80522E-1 6.78843E-1 6.7815E-1 6.79602E-1 6.81124E-1 6.82568E-1 6.72225E-1 6.6034E-1 6.48573E-1 6.24068E-1 5.94937E-1 6.10703E-1
6.43168E-1 6.5007E-1 6.52293E-1 6.54144E-1 6.61714E-1 6.65498E-1 6.68412E-1 6.6933E-1 6.70089E-1 6.67325E-1 6.64291E-1 6.60556E-1 6.61224E-1 6.61202E-1 6.64786E-1 6.71482E-1 6.75041E-1 6.77756E-1 6.80473E-1 6.8541E-1 6.83346E-1 6.8499E-1 6.82227E-1 6.8002E-1 6.79819E-1 6.8342E-1 6.85003E-1 6.81917E-1 6.74811E-1 6.85105E-1 6.88505E-1 6.77651E-1 6.706E-1 6.65706E-1 6.65274E-1 6.67255E-1 6.6542E-1 6.68695E-1 6.69994E-1 6.68964E-1 6.62386E-1 6.61961E-1 6.62364E-1 6.68757E-1 6.74386E-1 6.79916E-1 6.80313E-1 6.80331E-1 6.83108E-1 6.83671E-1 6.81044E-1 6.81197E-1 6.83292E-1 6.84239E-1 6.73535E-1 6.57702E-1 6.4712E-1 6.29718E-1 6.13246E-1 6.07649E-1 6.2736E-1
6.5736E-1 6.5558E-1 6.57457E-1 6.63896E-1 6.68243E-1 6.72422E-1 6.75837E-1 6.80597E-1 6.76459E-1 6.73764E-1 6.6906E-1 6.64339E-1 6.66139E-1 6.68874E-1 6.76567E-1 6.85497E-1 6.84853E-1 6.86443E-1 6.91195E-1 6.96579E-1 6.97565E-1 6.94597E-1 6.94999E-1 6.95518E-1 7.00515E-1 7.00328E-1 6.97276E-1 6.91791E-1 6.87015E-1 6.91715E-1 6.92539E-1 6.8922E-1 6.82517E-1 6.78333E-1 6.76735E-1 6.77843E-1 6.73417E-1 6.77856E-1 6.78861E-1 6.73692E-1 6.68856E-1 6.6309E-1 6.70875E-1 6.74714E-1 6.76768E-1 6.81248E-1 6.82331E-1 6.82251E-1 6.84769E-1 6.86068E-1 6.86174E-1 6.84287E-1 6.79928E-1 6.72058E-1 6.5773E-1 6.46728E-1 6.36682E-1 6.15245E-1 6.03856E-1 6.1048E-1 6.17828E-1
6.57755E-1 6.59994E-1 6.63315E-1 6.67601E-1 6.72817E-1 6.76232E-1 6.82903E-1 6.8235E-1 6.80316E-1 6.79306E-1 6.76531E-1 6.75054E-1 6.76263E-1 6.80934E-1 6.87869E-1 6.94505E-1 6.94993E-1 6.93135E-1 6.94405E-1 6.96851E-1 7.02203E-1 7.05873E-1 7.0463E-1 7.08193E-1 7.03404E-1 7.04412E-1 6.97571E-1 6.95475E-1 6.93931E-1 6.96263E-1 6.9552E-1 6.90779E-1 6.8543E-1 6.8114E-1 6.81896E-1 6.81879E-1 6.798E-1 6.75826E-1 6.78299E-1 6.79176E-1 6.73032E-1 6.68644E-1 6.76571E-1 6.77459E-1 6.8115E-1 6.79761E-1 6.82709E-1 6.86576E-1 6.89435E-1 6.90198E-1 6.8747E-1 6.78303E-1 6.63779E-1 6.56573E-1 6.43885E-1 6.3769E-1 6.20195E-1 6.1326E-1 6.07523E-1 6.12071E-1 6.15653E-1
6.61089E-1 6.6581E-1 6.68093E-1 6.71638E-1 6.77602E-1 6.7856E-1 6.84486E-1 6.82241E-1 6.83407E-1 6.88102E-1 6.85838E-1 6.84941E-1 6.87513E-1 6.91775E-1 6.98543E-1 7.03186E-1 7.0937E-1 7.06093E-1 7.06146E-1 7.05118E-1 7.09394E-1 7.12904E-1 7.14673E-1 7.09303E-1 7.03661E-1 7.02576E-1 7.04159E-1 6.99843E-1 6.96622E-1 6.946E-1 6.94728E-1 6.93153E-1 6.91921E-1 6.83225E-1 6.81628E-1 6.75483E-1 6.71366E-1 6.71273E-1 6.7388E-1 6.75675E-1 6.81385E-1 6.78132E-1 6.79161E-1 6.78012E-1 6.83283E-1 6.86684E-1 6.84811E-1 6.86346E-1 6.8647E-1 6.84497E-1 6.70735E-1 6.49827E-1 6.38041E-1 6.3657E-1 6.29431E-1 6.25018E-1 6.20116E-1 6.15334E-1 6.14328E-1 6.1833E-1 6.26544E-1
6.71203E-1 6.74072E-1 6.79552E-1 6.79381E-1 6.83114E-1 6.84973E-1 6.81648E-1 6.83903E-1 6.89654E-1 6.89466E-1 6.88939E-1 6.92981E-1 6.9885E-1 7.04672E-1 7.07554E-1 7.12832E-1 7.15729E-1 7.17232E-1 7.18026E-1 7.14212E-1 7.19185E-1 7.26669E-1 7.20887E-1 7.15038E-1 7.08054E-1 7.04417E-1 7.02998E-1 6.98847E-1 6.95213E-1 6.93726E-1 6.93604E-1 6.94221E-1 6.90877E-1 6.85917E-1 6.80415E-1 6.7226E-1 6.66109E-1 6.68556E-1 6.71079E-1 6.74582E-1 6.7885E-1 6.78587E-1 6.80063E-1 6.80353E-1 6.8185E-1 6.83689E-1 6.83178E-1 6.81038E-1 6.74254E-1 6.71854E-1 6.55648E-1 6.35951E-1 6.24971E-1 6.18242E-1 6.17966E-1 6.28659E-1 6.26541E-1 6.28299E-1 6.32755E-1 6.36822E-1 6.44342E-1
6.83353E-1 6.8395E-1 6.93452E-1 6.88277E-1 6.93181E-1 6.91033E-1 6.8913E-1 6.88122E-1 6.9334E-1 6.94412E-1 7.00801E-1 7.05455E-1 7.13728E-1 7.18912E-1 7.21808E-1 7.22853E-1 7.25E-1 7.27452E-1 7.27885E-1 7.21339E-1 7.29846E-1 7.30332E-1 7.26161E-1 7.22345E-1 7.18137E-1 7.12093E-1 7.08557E-1 7.02168E-1 6.9812E-1 6.96672E-1 6.96378E-1 6.9778E-1 6.90742E-1 6.8695E-1 6.84537E-1 6.76425E-1 6.65862E-1 6.70206E-1 6.75062E-1 6.80326E-1 6.81565E-1 6.83837E-1 6.83031E-1 6.86102E-1 6.8428E-1 6.82968E-1 6.77344E-1 6.70338E-1 6.67099E-1 6.51448E-1 6.32501E-1 6.1915E-1 6.09197E-1 6.1595E-1 6.28686E-1 6.31026E-1 6.38616E-1 6.43024E-1 6.50541E-1 6.54605E-1 6.59135E-1
6.95922E-1 6.96952E-1 7.00472E-1 7.01069E-1 7.03392E-1 7.01639E-1 6.99783E-1 7.02314E-1 7.01195E-1 7.07191E-1 7.14443E-1 7.2123E-1 7.28035E-1 7.32334E-1 7.34625E-1 7.34409E-1 7.3451E-1 7.29455E-1 7.25734E-1 7.23556E-1 7.28755E-1 7.41473E-1 7.37433E-1 7.2789E-1 7.25071E-1 7.22231E-1 7.17006E-1 7.14273E-1 7.06583E-1 7.05215E-1 7.05719E-1 7.06393E-1 7.00653E-1 6.93047E-1 6.79871E-1 6.72221E-1 6.68163E-1 6.72961E-1 6.81403E-1 6.86411E-1 6.88355E-1 6.90799E-1 6.88377E-1 6.93552E-1 6.91276E-1 6.82802E-1 6.7197E-1 6.56433E-1 6.43311E-1 6.39343E-1 6.1599E-1 6.14825E-1 6.20233E-1 6.26916E-1 6.32835E-1 6.41404E-1 6.50015E-1 6.6388E-1 6.66698E-1 6.76704E-1 6.76447E-1
7.09192E-1 7.12091E-1 7.10731E-1 7.12456E-1 7.15816E-1 7.14668E-1 7.11592E-1 7.13704E-1 7.15652E-1 7.17224E-1 7.22677E-1 7.28606E-1 7.31751E-1 7.36916E-1 7.39637E-1 7.36743E-1 7.33889E-1 7.33055E-1 7.33273E-1 7.31511E-1 7.33068E-1 7.41866E-1 7.42932E-1 7.33502E-1 7.30601E-1 7.2991E-1 7.25628E-1 7.2285E-1 7.21658E-1 7.15163E-1 7.07019E-1 7.16413E-1 7.08115E-1 6.9612E-1 6.87221E-1 6.81765E-1 6.81705E-1 6.82768E-1 6.91273E-1 6.97028E-1 6.93821E-1 6.97099E-1 7.00093E-1 6.92771E-1 6.93815E-1 6.84726E-1 6.67778E-1 6.49783E-1 6.29371E-1 6.16793E-1 6.23401E-1 6.21838E-1 6.27319E-1 6.24445E-1 6.37567E-1 6.54542E-1 6.66992E-1 6.80817E-1 6.82933E-1 6.97388E-1 6.99022E-1
7.14902E-1 7.17686E-1 7.19563E-1 7.226E-1 7.26376E-1 7.2713E-1 7.28362E-1 7.29075E-1 7.27861E-1 7.32469E-1 7.3261E-1 7.33619E-1 7.30525E-1 7.39549E-1 7.43626E-1 7.40275E-1 7.38951E-1 7.40383E-1 7.40529E-1 7.41903E-1 7.40694E-1 7.42661E-1 7.48352E-1 7.43952E-1 7.38871E-1 7.397E-1 7.35351E-1 7.32503E-1 7.25889E-1 7.15168E-1 7.10384E-1 7.14952E-1 7.10606E-1 7.00555E-1 6.99237E-1 6.98107E-1 6.96091E-1 6.93307E-1 6.97589E-1 7.03324E-1 7.02337E-1 7.01328E-1 7.01963E-1 7.00527E-1 6.99276E-1 6.94134E-1 6.78854E-1 6.55056E-1 6.28459E-1 6.14403E-1 6.26932E-1 6.27025E-1 6.20854E-1 6.21339E-1 6.40178E-1 6.62287E-1 6.83202E-1 6.89968E-1 6.9922E-1 7.12674E-1 7.20278E-1
7.19701E-1 7.23331E-1 7.30182E-1 7.34451E-1 7.3685E-1 7.40713E-1 7.40301E-1 7.39436E-1 7.40925E-1 7.43203E-1 7.44693E-1 7.40715E-1 7.41712E-1 7.48205E-1 7.47131E-1 7.4354E-1 7.41457E-1 7.41854E-1 7.44067E-1 7.45951E-1 7.47223E-1 7.48382E-1 7.49134E-1 7.4777E-1 7.505E-1 7.52735E-1 7.49257E-1 7.4173E-1 7.35049E-1 7.24367E-1 7.14609E-1 7.12896E-1 7.05591E-1 7.06174E-1 7.07254E-1 7.08122E-1 7.05184E-1 7.0349E-1 7.04953E-1 7.07091E-1 7.06819E-1 7.03016E-1 6.96225E-1 6.95083E-1 6.92707E-1 6.86882E-1 6.70924E-1 6.45747E-1 6.24915E-1 6.18926E-1 6.25322E-1 6.26989E-1 6.17778E-1 6.30952E-1 6.50832E-1 6.78528E-1 6.97325E-1 7.03698E-1 7.10144E-1 7.2236E-1 7.2908E-1
7.26602E-1 7.31604E-1 7.42057E-1 7.46411E-1 7.50788E-1 7.53739E-1 7.5091E-1 7.48637E-1 7.51139E-1 7.52883E-1 7.52819E-1 7.535E-1 7.51399E-1 7.52271E-1 7.5286E-1 7.48432E-1 7.4681E-1 7.45213E-1 7.46564E-1 7.51688E-1 7.51719E-1 7.52289E-1 7.55015E-1 7.54682E-1 7.63105E-1 7.6035E-1 7.58545E-1 7.47905E-1 7.38749E-1 7.32682E-1 7.24618E-1 7.137E-1 7.07524E-1 7.11686E-1 7.12442E-1 7.14229E-1 7.1226E-1 7.107E-1 7.06078E-1 7.02975E-1 6.99478E-1 6.94605E-1 6.88259E-1 6.82497E-1 6.73424E-1 6.66866E-1 6.61489E-1 6.36256E-1 6.25799E-1 6.21846E-1 6.22824E-1 6.31098E-1 6.4185E-1 6.48877E-1 6.76269E-1 7.00807E-1 7.19437E-1 7.23247E-1 7.29069E-1 7.3237E-1 7.3387E-1
7.32797E-1 7.42701E-1 7.4465E-1 7.57962E-1 7.66924E-1 7.68156E-1 7.69303E-1 7.67947E-1 7.58534E-1 7.53364E-1 7.54115E-1 7.56265E-1 7.56022E-1 7.54343E-1 7.53732E-1 7.5136E-1 7.49719E-1 7.48674E-1 7.48829E-1 7.55367E-1 7.59374E-1 7.5966E-1 7.62197E-1 7.65603E-1 7.65357E-1 7.62819E-1 7.60644E-1 7.55741E-1 7.4893E-1 7.39737E-1 7.31775E-1 7.11773E-1 7.11029E-1 7.17898E-1 7.18131E-1 7.17196E-1 7.13619E-1 7.14083E-1 7.07762E-1 6.87099E-1 6.82935E-1 6.80487E-1 6.7775E-1 6.73366E-1 6.64965E-1 6.59404E-1 6.47322E-1 6.29516E-1 6.23452E-1 6.21703E-1 6.2811E-1 6.37072E-1 6.52008E-1 6.54042E-1 6.67959E-1 6.92657E-1 7.23129E-1 7.38241E-1 7.53591E-1 7.47184E-1 7.45536E-1
7.33259E-1 7.50042E-1 7.57442E-1 7.67056E-1 7.73294E-1 7.74089E-1 7.82254E-1 7.79919E-1 7.68758E-1 7.52739E-1 7.53268E-1 7.52872E-1 7.52891E-1 7.50591E-1 7.51872E-1 7.52432E-1 7.48911E-1 7.53145E-1 7.55148E-1 7.643E-1 7.66211E-1 7.6368E-1 7.70442E-1 7.72651E-1 7.73606E-1 7.7957E-1 7.76052E-1 7.61766E-1 7.58406E-1 7.46182E-1 7.39458E-1 7.30422E-1 7.26194E-1 7.26286E-1 7.21632E-1 7.15628E-1 7.1261E-1 6.97407E-1 6.83689E-1 6.86332E-1 6.66053E-1 6.73169E-1 6.73571E-1 6.69024E-1 6.64224E-1 6.60147E-1 6.59162E-1 6.45762E-1 6.33233E-1 6.30005E-1 6.38034E-1 6.43139E-1 6.46466E-1 6.57084E-1 6.83197E-1 7.22913E-1 7.31249E-1 7.38979E-1 7.4438E-1 7.4599E-1 7.48912E-1
7.4766E-1 7.59718E-1 7.68329E-1 7.72533E-1 7.76795E-1 7.77798E-1 7.78581E-1 7.81527E-1 7.72337E-1 7.5853E-1 7.56445E-1 7.53512E-1 7.50091E-1 7.4679E-1 7.49074E-1 7.48956E-1 7.50556E-1 7.54466E-1 7.60306E-1 7.71204E-1 7.70379E-1 7.67519E-1 7.71919E-1 7.75285E-1 7.73323E-1 7.6972E-1 7.64246E-1 7.61602E-1 7.57909E-1 7.46932E-1 7.39295E-1 7.35754E-1 7.34577E-1 7.30733E-1 7.26052E-1 7.13289E-1 7.11858E-1 7.03284E-1 6.98832E-1 6.91086E-1 6.8716E-1 6.73912E-1 6.72927E-1 6.73114E-1 6.74784E-1 6.71229E-1 6.60558E-1 6.46684E-1 6.4111E-1 6.41163E-1 6.45418E-1 6.47318E-1 6.57011E-1 6.66488E-1 7.33618E-1 7.4131E-1 7.38855E-1 7.4146E-1 7.43198E-1 7.49586E-1 7.5398E-1
7.61163E-1 7.69005E-1 7.74851E-1 7.76948E-1 7.78347E-1 7.77964E-1 7.76254E-1 7.84075E-1 7.73178E-1 7.62894E-1 7.57635E-1 7.56385E-1 7.51358E-1 7.46818E-1 7.46089E-1 7.45177E-1 7.46777E-1 7.54636E-1 7.65873E-1 7.71733E-1 7.71804E-1 7.69877E-1 7.73735E-1 7.80114E-1 7.79439E-1 7.68309E-1 7.61838E-1 7.56477E-1 7.55868E-1 7.49007E-1 7.40874E-1 7.35355E-1 7.25479E-1 7.25149E-1 7.23205E-1 7.17709E-1 7.108E-1 7.06856E-1 7.04001E-1 7.01193E-1 6.93187E-1 6.81262E-1 6.78346E-1 6.83713E-1 6.75555E-1 6.70417E-1 6.5061E-1 6.63819E-1 6.61079E-1 6.57646E-1 6.67867E-1 6.97431E-1 7.20869E-1 7.33354E-1 7.41888E-1 7.41669E-1 7.43338E-1 7.45331E-1 7.51208E-1 7.57521E-1 7.58269E-1
7.69343E-1 7.74477E-1 7.81622E-1 7.79777E-1 7.77794E-1 7.72691E-1 7.73782E-1 7.84461E-1 7.70614E-1 7.63643E-1 7.60687E-1 7.54535E-1 7.50588E-1 7.45356E-1 7.43353E-1 7.42752E-1 7.48826E-1 7.59948E-1 7.68119E-1 7.74154E-1 7.7368E-1 7.75296E-1 7.75092E-1 7.70833E-1 7.67981E-1 7.65326E-1 7.51584E-1 7.51352E-1 7.52059E-1 7.428E-1 7.32535E-1 7.3321E-1 7.36985E-1 7.32257E-1 7.25032E-1 7.19161E-1 7.13541E-1 7.08307E-1 7.07367E-1 6.98187E-1 6.79944E-1 6.84849E-1 6.85751E-1 6.83479E-1 6.80505E-1 6.69035E-1 6.68887E-1 6.83715E-1 6.89189E-1 7.01909E-1 7.19855E-1 7.36135E-1 7.45216E-1 7.48074E-1 7.48492E-1 7.44692E-1 7.46056E-1 7.49417E-1 7.53283E-1 7.57714E-1 7.61523E-1
7.75235E-1 7.79297E-1 7.81011E-1 7.79544E-1 7.75577E-1 7.71704E-1 7.72173E-1 7.74788E-1 7.73116E-1 7.61158E-1 7.59458E-1 7.55891E-1 7.51319E-1 7.47794E-1 7.474E-1 7.54054E-1 7.62663E-1 7.62027E-1 7.67529E-1 7.72793E-1 7.75224E-1 7.74935E-1 7.69287E-1 7.66676E-1 7.62293E-1 7.531E-1 7.47767E-1 7.48392E-1 7.44204E-1 7.33902E-1 7.28208E-1 7.40859E-1 7.40521E-1 7.3142E-1 7.26561E-1 7.31763E-1 7.23252E-1 7.10394E-1 7.0351E-1 6.85259E-1 6.76283E-1 6.78544E-1 6.83833E-1 6.83238E-1 6.71184E-1 6.66598E-1 6.88026E-1 7.22397E-1 7.46444E-1 7.50631E-1 7.51808E-1 7.52873E-1 7.54538E-1 7.51274E-1 7.46123E-1 7.46886E-1 7.44208E-1 7.50985E-1 7.52843E-1 7.58332E-1 7.61627E-1
7.74706E-1 7.78351E-1 7.80713E-1 7.79406E-1 7.77265E-1 7.7524E-1 7.72456E-1 7.70858E-1 7.72169E-1 7.59055E-1 7.58978E-1 7.5777E-1 7.52633E-1 7.49049E-1 7.53595E-1 7.61905E-1 7.67352E-1 7.62783E-1 7.66586E-1 7.69088E-1 7.72222E-1 7.7486E-1 7.66613E-1 7.649E-1 7.53126E-1 7.47916E-1 7.46974E-1 7.48674E-1 7.45201E-1 7.33904E-1 7.32145E-1 7.31713E-1 7.33647E-1 7.31811E-1 7.29848E-1 7.27468E-1 7.1769E-1 7.1076E-1 6.96233E-1 6.86567E-1 6.85019E-1 6.85741E-1 6.80232E-1 6.61398E-1 6.53316E-1 7.01699E-1 7.32497E-1 7.54367E-1 7.58332E-1 7.58645E-1 7.5946E-1 7.58834E-1 7.60095E-1 7.61156E-1 7.53573E-1 7.45607E-1 7.50156E-1 7.57705E-1 7.58961E-1 7.63201E-1 7.69942E-1
