maxent_outputs/white_flowers_linear/white_215.asc
ncols         426
nrows         180
xllcorner     -130.0
yllcorner     24.0
cellsize      0.16666666666666666
NODATA_value  -9999
[rows 108 to 134 of 180, columns 61 to 121 of 426]
4.02352E-1 4.22048E-1 3.95362E-1 4.18609E-1 4.20302E-1 4.00367E-1 4.67884E-1 5.20492E-1 5.17097E-1 4.87551E-1 4.89185E-1 4.3622E-1 3.78098E-1 4.38414E-1 4.44676E-1 3.71655E-1 4.60655E-1 4.03811E-1 3.52157E-1 3.91943E-1 4.03339E-1 3.36572E-1 3.85483E-1 3.64853E-1 3.59562E-1 4.3309E-1 4.30439E-1 3.79309E-1 4.00753E-1 3.60701E-1 3.95527E-1 3.93989E-1 3.6356E-1 3.77674E-1 3.84264E-1 4.25085E-1 4.01224E-1 4.2326E-1 4.38338E-1 4.48753E-1 4.47901E-1 3.87917E-1 3.55618E-1 3.50941E-1 3.60298E-1 3.9066E-1 4.18402E-1 4.38897E-1 4.13683E-1 3.90055E-1 3.37125E-1 3.3628E-1 3.50228E-1 3.59503E-1 3.57392E-1 3.69154E-1 3.601E-1 3.71062E-1 3.7836E-1 4.0277E-1 3.57575E-1
4.03897E-1 3.90524E-1 3.98525E-1 4.17511E-1 4.17932E-1 3.95412E-1 4.56351E-1 5.18622E-1 4.81727E-1 4.8697E-1 4.89462E-1 4.39115E-1 3.27886E-1 3.51503E-1 3.81429E-1 3.79199E-1 3.81092E-1 3.71332E-1 3.76749E-1 3.45479E-1 3.49425E-1 3.51747E-1 3.75463E-1 4.60708E-1 3.94474E-1 3.551E-1 3.90818E-1 3.74412E-1 3.98235E-1 3.92526E-1 4.1543E-1 4.0217E-1 3.78828E-1 4.24528E-1 3.74121E-1 4.27661E-1 4.12629E-1 3.93354E-1 4.08691E-1 4.54772E-1 4.39377E-1 4.01535E-1 3.71201E-1 3.45536E-1 3.51876E-1 3.50758E-1 3.65121E-1 3.83217E-1 3.84388E-1 3.7489E-1 3.43248E-1 3.27826E-1 3.48057E-1 3.48008E-1 3.52221E-1 3.45246E-1 3.44843E-1 3.7699E-1 3.7396E-1 3.71239E-1 3.67961E-1
4.19436E-1 4.04035E-1 4.2215E-1 4.25371E-1 4.14589E-1 3.95269E-1 4.6109E-1 4.95254E-1 4.82956E-1 4.58314E-1 4.88201E-1 4.11128E-1 3.77606E-1 3.72157E-1 3.45855E-1 3.66742E-1 3.68509E-1 4.02832E-1 3.83356E-1 3.82008E-1 3.93157E-1 3.48756E-1 3.43415E-1 3.86988E-1 3.82861E-1 4.40486E-1 3.61709E-1 4.3634E-1 4.43728E-1 4.24596E-1 4.13496E-1 4.24341E-1 3.88983E-1 4.27907E-1 3.58014E-1 3.50854E-1 4.29707E-1 3.94299E-1 3.99353E-1 3.99592E-1 4.12777E-1 4.04773E-1 4.00804E-1 3.67546E-1 3.57213E-1 3.58219E-1 3.69036E-1 3.79598E-1 3.81437E-1 3.81227E-1 3.64915E-1 3.33521E-1 3.39852E-1 3.37105E-1 3.38544E-1 3.45395E-1 3.59925E-1 3.68978E-1 3.63896E-1 3.4801E-1 3.62754E-1
4.2175E-1 4.06631E-1 4.13032E-1 4.11395E-1 4.21174E-1 4.05577E-1 4.38827E-1 5.10573E-1 5.13059E-1 4.86253E-1 4.48222E-1 4.07475E-1 3.98089E-1 4.03137E-1 3.78409E-1 3.90439E-1 3.92744E-1 3.81434E-1 3.90064E-1 3.96098E-1 3.9209E-1 3.7922E-1 3.46522E-1 4.11282E-1 3.97151E-1 4.26872E-1 3.85388E-1 4.02207E-1 4.4916E-1 4.13232E-1 3.90114E-1 4.0199E-1 4.28024E-1 4.35513E-1 4.41431E-1 3.56071E-1 3.97235E-1 3.9187E-1 4.11852E-1 3.8904E-1 3.8376E-1 4.06553E-1 4.18446E-1 3.93619E-1 4.02321E-1 3.94986E-1 4.09982E-1 4.35833E-1 4.53481E-1 4.20746E-1 3.82854E-1 3.62554E-1 3.43372E-1 3.37835E-1 3.33142E-1 3.4701E-1 3.79512E-1 3.9057E-1 3.73947E-1 3.51682E-1 3.6396E-1
4.2791E-1 4.1102E-1 4.07095E-1 4.03348E-1 4.18569E-1 4.06199E-1 4.27109E-1 4.89223E-1 4.96643E-1 4.96687E-1 4.27214E-1 3.66921E-1 3.87213E-1 3.64031E-1 3.65963E-1 3.82897E-1 3.44398E-1 3.64335E-1 3.86218E-1 3.7368E-1 3.45278E-1 3.81887E-1 3.33201E-1 3.49248E-1 4.16174E-1 4.34137E-1 4.28687E-1 4.50193E-1 4.37287E-1 3.93974E-1 4.46357E-1 4.07193E-1 4.53752E-1 3.91041E-1 4.39319E-1 3.87095E-1 4.13599E-1 4.23052E-1 4.07288E-1 3.93406E-1 4.11861E-1 3.82418E-1 4.15688E-1 3.84344E-1 4.08358E-1 4.44339E-1 4.25632E-1 4.05581E-1 4.44016E-1 4.32412E-1 3.79965E-1 3.86004E-1 3.78796E-1 3.39304E-1 3.30439E-1 3.57743E-1 3.71543E-1 3.7868E-1 3.6399E-1 3.54458E-1 3.58352E-1
4.35327E-1 4.17474E-1 4.1754E-1 4.20574E-1 4.21471E-1 4.15813E-1 4.33069E-1 4.90669E-1 4.70433E-1 4.54156E-1 3.82439E-1 3.61099E-1 3.6286E-1 3.63749E-1 3.51616E-1 3.43356E-1 3.66358E-1 3.7988E-1 3.4366E-1 3.57561E-1 3.45387E-1 3.37745E-1 3.07668E-1 3.39323E-1 4.02564E-1 3.91805E-1 4.59797E-1 4.4363E-1 4.1499E-1 3.89559E-1 4.02056E-1 3.68169E-1 4.39568E-1 3.83979E-1 4.24017E-1 4.93953E-1 4.24507E-1 4.15671E-1 4.27935E-1 3.988E-1 4.05234E-1 4.25366E-1 3.87333E-1 4.09444E-1 3.96107E-1 4.4586E-1 4.47339E-1 4.43005E-1 4.41236E-1 4.23231E-1 3.97944E-1 3.93459E-1 3.87868E-1 3.67277E-1 3.50021E-1 3.42458E-1 3.47361E-1 3.58302E-1 3.50361E-1 3.75942E-1 3.70776E-1
4.6963E-1 4.41928E-1 4.45483E-1 4.62735E-1 4.76025E-1 4.55561E-1 4.82555E-1 4.80172E-1 4.37816E-1 4.01478E-1 3.77269E-1 3.59071E-1 3.59093E-1 3.67526E-1 3.55932E-1 3.39501E-1 3.494E-1 3.6641E-1 3.57622E-1 3.35629E-1 3.79452E-1 3.67312E-1 3.72796E-1 3.49925E-1 3.44364E-1 4.26849E-1 4.05412E-1 3.89529E-1 3.87127E-1 3.86926E-1 3.80313E-1 3.46729E-1 3.96389E-1 4.11033E-1 3.98208E-1 4.93414E-1 4.34655E-1 4.11322E-1 4.29307E-1 4.44802E-1 4.23298E-1 4.64689E-1 3.94634E-1 3.63499E-1 3.83572E-1 3.83485E-1 4.15804E-1 4.40829E-1 4.5261E-1 4.49186E-1 4.17725E-1 3.95128E-1 3.84393E-1 3.834E-1 3.69842E-1 3.64885E-1 3.44353E-1 3.49455E-1 3.45054E-1 3.63554E-1 3.69512E-1
5.36237E-1 5.2228E-1 4.6479E-1 4.79325E-1 4.71756E-1 4.79371E-1 4.65551E-1 4.56518E-1 4.15631E-1 3.78563E-1 3.58191E-1 3.52181E-1 3.68985E-1 3.79521E-1 3.65432E-1 3.77798E-1 3.89527E-1 3.9761E-1 4.17332E-1 3.88551E-1 3.65643E-1 3.68834E-1 3.65159E-1 3.90446E-1 4.32936E-1 4.18509E-1 4.00331E-1 3.53038E-1 4.05373E-1 3.66934E-1 3.96946E-1 3.64986E-1 3.61709E-1 3.58813E-1 3.64693E-1 4.31121E-1 4.40125E-1 3.74899E-1 4.3796E-1 4.15163E-1 4.33771E-1 4.50753E-1 4.14516E-1 3.89001E-1 3.70559E-1 4.11063E-1 4.17985E-1 3.75836E-1 4.05339E-1 4.32515E-1 4.43014E-1 3.87247E-1 3.86497E-1 3.89524E-1 3.7888E-1 3.73362E-1 3.73E-1 3.65825E-1 3.60726E-1 3.60917E-1 3.63309E-1
5.64462E-1 5.31517E-1 5.36264E-1 5.25746E-1 4.99879E-1 5.137E-1 5.09947E-1 5.1236E-1 4.88549E-1 4.30238E-1 3.92433E-1 3.70915E-1 3.67166E-1 3.72764E-1 3.78468E-1 3.9235E-1 4.10285E-1 3.91502E-1 4.05513E-1 3.98357E-1 3.9888E-1 3.97397E-1 3.81389E-1 3.73041E-1 3.75624E-1 3.68027E-1 3.59026E-1 4.09391E-1 4.00803E-1 3.64874E-1 3.52903E-1 4.06305E-1 3.82375E-1 4.03746E-1 3.71052E-1 3.55282E-1 4.04977E-1 3.79007E-1 3.95512E-1 4.1569E-1 4.28958E-1 4.225E-1 4.23165E-1 4.41425E-1 4.20663E-1 3.99056E-1 4.31291E-1 3.74795E-1 3.80791E-1 4.28587E-1 4.22702E-1 4.14984E-1 4.15542E-1 4.07233E-1 4.0101E-1 3.93371E-1 3.72101E-1 3.75648E-1 3.74097E-1 3.83016E-1 3.80842E-1
6.36345E-1 6.14912E-1 6.06518E-1 5.66901E-1 5.62778E-1 5.46868E-1 5.14048E-1 4.92528E-1 4.85166E-1 4.69754E-1 4.4816E-1 4.38335E-1 4.29824E-1 4.02034E-1 3.96044E-1 3.92298E-1 4.06205E-1 3.89424E-1 3.89186E-1 3.70205E-1 3.84639E-1 3.89574E-1 4.08385E-1 3.96364E-1 3.69847E-1 3.3369E-1 3.42648E-1 3.85289E-1 3.8102E-1 3.64619E-1 3.68258E-1 3.47871E-1 3.68125E-1 3.80063E-1 3.85244E-1 3.64657E-1 3.79136E-1 3.79911E-1 4.04917E-1 3.98004E-1 3.9865E-1 4.04669E-1 4.05622E-1 4.3109E-1 4.82256E-1 4.25718E-1 3.83107E-1 4.22629E-1 4.03096E-1 4.35196E-1 4.58754E-1 4.48816E-1 4.5603E-1 4.45205E-1 4.26632E-1 4.1069E-1 4.07223E-1 3.95166E-1 3.87336E-1 4.07069E-1 4.21058E-1
-9999 -9999 6.56881E-1 6.49667E-1 6.17124E-1 5.84679E-1 5.36652E-1 5.31942E-1 5.43116E-1 5.29965E-1 5.11854E-1 5.22558E-1 5.00593E-1 4.99973E-1 4.87872E-1 4.7898E-1 4.80326E-1 4.82464E-1 4.70205E-1 4.45367E-1 3.91228E-1 3.6345E-1 3.56882E-1 3.719E-1 3.88963E-1 3.62174E-1 3.32184E-1 3.52001E-1 3.40414E-1 3.93562E-1 4.03731E-1 3.66258E-1 3.94123E-1 3.89235E-1 3.83999E-1 3.63084E-1 3.69422E-1 3.65427E-1 3.4524E-1 3.61163E-1 3.75356E-1 4.08715E-1 4.40739E-1 4.05614E-1 4.56592E-1 4.3625E-1 3.85986E-1 4.23527E-1 4.20775E-1 4.2595E-1 4.01102E-1 4.17664E-1 4.37207E-1 4.54294E-1 4.46433E-1 4.5076E-1 4.48121E-1 4.42562E-1 4.26704E-1 4.31086E-1 4.50311E-1
7.18262E-1 7.13942E-1 8.1627E-1 7.10723E-1 6.73378E-1 6.29908E-1 6.00858E-1 6.09598E-1 6.36061E-1 5.88855E-1 5.47004E-1 5.40374E-1 5.20201E-1 5.06209E-1 5.05606E-1 4.8545E-1 4.83546E-1 5.23642E-1 5.08965E-1 4.6989E-1 4.35765E-1 4.06691E-1 4.10522E-1 3.96198E-1 3.61842E-1 3.76604E-1 3.91184E-1 3.65014E-1 3.55776E-1 3.43433E-1 3.50145E-1 3.65449E-1 3.54348E-1 3.37966E-1 3.39256E-1 3.45213E-1 3.55901E-1 3.55721E-1 3.86485E-1 3.6584E-1 3.52298E-1 3.52158E-1 3.79533E-1 4.31576E-1 4.44453E-1 4.52694E-1 4.15208E-1 4.32531E-1 4.02441E-1 4.42328E-1 4.26532E-1 4.16219E-1 4.18429E-1 4.27755E-1 4.39911E-1 4.40987E-1 4.41975E-1 4.48969E-1 4.6387E-1 4.754E-1 5.0631E-1
7.22702E-1 6.97901E-1 -9999 -9999 -9999 -9999 -9999 -9999 6.76146E-1 6.17688E-1 5.88193E-1 5.75259E-1 5.47168E-1 5.22078E-1 4.96108E-1 4.68982E-1 4.50521E-1 4.57152E-1 4.73698E-1 4.32971E-1 4.26136E-1 4.46697E-1 4.38828E-1 4.19769E-1 3.76635E-1 3.81045E-1 3.88606E-1 3.73247E-1 4.01592E-1 3.81986E-1 3.53458E-1 3.80298E-1 3.58865E-1 3.27187E-1 3.45509E-1 3.35479E-1 3.5205E-1 3.86704E-1 3.50382E-1 3.51586E-1 3.44328E-1 3.60068E-1 3.7692E-1 3.90404E-1 4.04985E-1 4.00331E-1 3.9776E-1 4.21973E-1 4.09001E-1 4.26941E-1 4.40956E-1 4.01176E-1 4.47154E-1 4.55778E-1 4.26815E-1 4.38186E-1 4.39981E-1 4.20948E-1 4.61347E-1 4.7679E-1 5.42926E-1
-9999 -9999 -9999 -9999 -9999 -9999 -9999 -9999 6.93032E-1 6.54651E-1 6.29379E-1 6.16968E-1 5.92244E-1 5.36429E-1 4.75043E-1 4.22897E-1 4.19833E-1 4.37726E-1 5.02212E-1 4.92193E-1 4.19332E-1 4.06975E-1 4.25409E-1 4.21982E-1 4.04967E-1 4.11647E-1 3.76422E-1 3.43031E-1 4.08905E-1 3.93261E-1 3.69403E-1 3.90726E-1 3.61153E-1 3.37753E-1 3.80951E-1 3.3813E-1 3.63586E-1 3.5773E-1 3.95047E-1 3.99021E-1 3.74445E-1 3.63327E-1 3.45628E-1 3.43588E-1 3.5904E-1 3.75064E-1 3.75586E-1 3.86142E-1 3.82495E-1 4.08731E-1 4.47569E-1 4.00788E-1 4.16086E-1 4.49858E-1 4.15215E-1 4.4899E-1 4.45966E-1 4.26293E-1 4.31054E-1 4.52407E-1 4.96219E-1
-9999 -9999 -9999 -9999 -9999 -9999 -9999 -9999 -9999 -9999 7.08746E-1 6.86487E-1 6.272E-1 5.69089E-1 5.20626E-1 4.61858E-1 4.38593E-1 4.34859E-1 4.49633E-1 4.6904E-1 4.7014E-1 4.18082E-1 3.95655E-1 4.37206E-1 4.27651E-1 3.91942E-1 4.17069E-1 4.03721E-1 3.60497E-1 3.53211E-1 3.57012E-1 3.54181E-1 3.8928E-1 3.61834E-1 4.00319E-1 3.89283E-1 3.35337E-1 3.34558E-1 3.33826E-1 3.31909E-1 3.65913E-1 3.58213E-1 3.3715E-1 3.87739E-1 3.48744E-1 3.65666E-1 3.85597E-1 3.86363E-1 3.94152E-1 3.82838E-1 4.24997E-1 4.47381E-1 4.26164E-1 4.10418E-1 4.40085E-1 4.4241E-1 4.6119E-1 4.59373E-1 4.40127E-1 4.1965E-1 4.53331E-1
-9999 -9999 -9999 -9999 8.33394E-1 -9999 -9999 7.3778E-1 6.98646E-1 8.46748E-1 -9999 -9999 6.56765E-1 6.19212E-1 5.67308E-1 5.41959E-1 5.03404E-1 4.74041E-1 4.59044E-1 4.64109E-1 4.50283E-1 4.64103E-1 4.53714E-1 5.48818E-1 4.30832E-1 4.38895E-1 4.14832E-1 4.02161E-1 3.8923E-1 3.76522E-1 3.61042E-1 3.66816E-1 3.8427E-1 3.41483E-1 4.02138E-1 4.08406E-1 3.83642E-1 3.60036E-1 3.71027E-1 3.5591E-1 3.41397E-1 3.31644E-1 3.19068E-1 3.36561E-1 3.42986E-1 3.49189E-1 3.7597E-1 3.83009E-1 3.79688E-1 3.83475E-1 4.14512E-1 4.59869E-1 4.64516E-1 4.39549E-1 4.20199E-1 3.85402E-1 3.83019E-1 4.09372E-1 4.29636E-1 4.48578E-1 4.09371E-1
-9999 7.52642E-1 6.97385E-1 -9999 -9999 -9999 -9999 -9999 7.05079E-1 7.41616E-1 -9999 -9999 -9999 -9999 6.3605E-1 5.78555E-1 5.26703E-1 4.86403E-1 4.42015E-1 4.51338E-1 4.22884E-1 3.81662E-1 4.20267E-1 4.46694E-1 5.71951E-1 4.6512E-1 3.91258E-1 4.03721E-1 3.72714E-1 3.66901E-1 3.76086E-1 4.06561E-1 4.02299E-1 3.9178E-1 3.90114E-1 4.14467E-1 3.85509E-1 3.67559E-1 3.59461E-1 3.71666E-1 3.53315E-1 3.39465E-1 3.32449E-1 3.41584E-1 3.35922E-1 3.80722E-1 3.4463E-1 3.44452E-1 3.52734E-1 3.39977E-1 3.52377E-1 4.11575E-1 4.53023E-1 4.73856E-1 4.6072E-1 4.20422E-1 3.63408E-1 3.80021E-1 4.0961E-1 3.87445E-1 4.17967E-1
-9999 -9999 -9999 -9999 -9999 -9999 -9999 7.80478E-1 -9999 -9999 -9999 -9999 -9999 -9999 6.98343E-1 6.39345E-1 5.61735E-1 4.88776E-1 4.66646E-1 4.67843E-1 4.30406E-1 4.45595E-1 4.24569E-1 3.84417E-1 4.3229E-1 3.96616E-1 3.67988E-1 3.66383E-1 3.86645E-1 4.04319E-1 4.15725E-1 4.17433E-1 3.93808E-1 3.97051E-1 4.19622E-1 3.73072E-1 3.77618E-1 3.70893E-1 3.45018E-1 3.41226E-1 3.48329E-1 3.50074E-1 3.51618E-1 3.63503E-1 3.51951E-1 3.46707E-1 3.37684E-1 3.24819E-1 3.43794E-1 3.31606E-1 3.40511E-1 3.88694E-1 4.15262E-1 4.23071E-1 4.22772E-1 4.2935E-1 4.33553E-1 4.49504E-1 3.70996E-1 3.97001E-1 4.20741E-1
-9999 -9999 -9999 -9999 -9999 -9999 -9999 7.49866E-1 7.1584E-1 -9999 -9999 -9999 -9999 -9999 -9999 6.61166E-1 5.82658E-1 5.34505E-1 4.96802E-1 4.90582E-1 4.73795E-1 4.46543E-1 4.4025E-1 4.06456E-1 3.85884E-1 3.70022E-1 3.66388E-1 3.46347E-1 3.41574E-1 3.61281E-1 4.04842E-1 4.13662E-1 3.92808E-1 3.77173E-1 3.96394E-1 3.7739E-1 3.41576E-1 3.34745E-1 3.1882E-1 3.2954E-1 3.34028E-1 3.27078E-1 3.26459E-1 3.48791E-1 3.82878E-1 3.58089E-1 3.53345E-1 3.30337E-1 3.324E-1 3.2091E-1 3.44811E-1 3.73669E-1 4.08147E-1 4.20836E-1 3.87146E-1 4.30235E-1 4.34246E-1 4.78224E-1 3.96878E-1 3.51842E-1 3.72648E-1
-9999 -9999 -9999 -9999 -9999 -9999 -9999 -9999 7.34865E-1 -9999 -9999 -9999 -9999 -9999 -9999 7.02324E-1 6.27432E-1 5.67131E-1 5.26082E-1 4.96245E-1 4.951E-1 4.63618E-1 4.6074E-1 4.30106E-1 3.88717E-1 3.76463E-1 3.69776E-1 3.47734E-1 3.37563E-1 3.54325E-1 3.90071E-1 3.83787E-1 4.03462E-1 4.13549E-1 3.75112E-1 3.45147E-1 3.47162E-1 3.26505E-1 3.32249E-1 3.24779E-1 3.12663E-1 3.19174E-1 3.52966E-1 3.72067E-1 4.04327E-1 3.635E-1 3.94128E-1 3.3663E-1 3.24164E-1 3.24819E-1 3.656E-1 3.64261E-1 4.109E-1 4.36087E-1 4.043E-1 4.08722E-1 4.77436E-1 4.2553E-1 4.5762E-1 4.8204E-1 3.88534E-1
-9999 -9999 -9999 -9999 -9999 -9999 -9999 -9999 -9999 -9999 -9999 -9999 -9999 -9999 -9999 -9999 6.57691E-1 5.9862E-1 5.39916E-1 5.04043E-1 4.60682E-1 4.41428E-1 4.61942E-1 4.65487E-1 4.29344E-1 4.10265E-1 3.88627E-1 3.70478E-1 3.67657E-1 3.67592E-1 3.75944E-1 3.69873E-1 3.73647E-1 4.09072E-1 3.60814E-1 3.603E-1 3.46837E-1 3.51967E-1 3.38391E-1 3.41927E-1 3.59351E-1 3.44761E-1 3.75254E-1 3.86531E-1 3.97299E-1 3.56941E-1 3.67242E-1 3.51662E-1 3.45053E-1 3.46994E-1 3.55921E-1 3.66355E-1 4.3287E-1 4.22239E-1 4.63455E-1 4.02029E-1 4.51511E-1 4.61429E-1 3.85221E-1 4.36236E-1 4.34686E-1
-9999 -9999 -9999 -9999 -9999 -9999 -9999 -9999 -9999 -9999 -9999 -9999 -9999 -9999 -9999 8.21263E-1 6.44501E-1 6.0577E-1 5.49108E-1 5.07828E-1 4.85242E-1 4.7274E-1 4.68619E-1 4.87946E-1 4.35973E-1 4.6609E-1 4.6798E-1 4.10882E-1 3.87633E-1 3.72302E-1 3.74999E-1 3.56546E-1 3.54744E-1 3.82776E-1 3.77234E-1 3.71388E-1 3.58578E-1 3.51749E-1 3.61089E-1 3.65363E-1 3.77722E-1 3.86429E-1 3.71409E-1 3.94641E-1 3.87915E-1 3.64526E-1 3.67349E-1 3.6246E-1 3.43864E-1 3.90995E-1 3.88616E-1 3.55695E-1 4.09899E-1 4.58465E-1 5.3214E-1 4.42541E-1 4.00853E-1 4.49252E-1 4.34525E-1 3.7252E-1 4.06562E-1
-9999 -9999 -9999 -9999 -9999 -9999 -9999 -9999 -9999 -9999 -9999 -9999 -9999 -9999 -9999 -9999 6.51292E-1 6.34501E-1 5.85969E-1 5.19199E-1 5.0154E-1 5.15261E-1 4.87241E-1 5.11507E-1 4.84442E-1 4.39677E-1 5.22154E-1 4.2768E-1 3.93646E-1 3.85048E-1 3.73329E-1 3.63058E-1 3.56874E-1 3.44043E-1 3.96532E-1 3.8062E-1 3.97401E-1 3.71402E-1 3.6146E-1 3.43496E-1 3.62274E-1 3.73802E-1 3.53374E-1 3.59262E-1 3.36498E-1 3.65896E-1 3.64818E-1 3.57864E-1 3.65118E-1 3.53677E-1 3.89635E-1 3.7489E-1 4.25422E-1 4.17552E-1 4.31548E-1 4.84443E-1 4.22872E-1 4.02954E-1 4.22016E-1 3.67523E-1 3.76168E-1
-9999 -9999 -9999 -9999 -9999 -9999 -9999 -9999 -9999 -9999 -9999 -9999 -9999 -9999 -9999 -9999 -9999 6.45896E-1 5.82608E-1 5.39825E-1 5.16078E-1 5.12708E-1 5.15805E-1 4.91384E-1 5.55935E-1 4.92782E-1 4.9753E-1 4.80892E-1 4.03041E-1 3.93404E-1 3.86165E-1 3.67148E-1 3.71553E-1 3.77123E-1 3.50668E-1 3.87696E-1 4.0444E-1 3.66139E-1 3.58189E-1 3.71618E-1 3.49868E-1 3.82313E-1 3.75595E-1 3.66092E-1 3.26348E-1 3.68135E-1 3.90434E-1 4.0047E-1 4.09438E-1 3.81049E-1 3.88464E-1 3.72703E-1 3.94793E-1 3.95236E-1 4.01965E-1 4.46331E-1 4.23816E-1 3.93402E-1 4.28085E-1 3.69106E-1 3.58302E-1
-9999 -9999 -9999 -9999 -9999 -9999 -9999 -9999 -9999 -9999 -9999 -9999 -9999 -9999 -9999 -9999 -9999 6.40906E-1 6.26369E-1 6.0021E-1 5.60615E-1 4.66707E-1 5.09792E-1 5.08142E-1 5.6186E-1 5.64145E-1 5.39542E-1 4.82005E-1 4.55622E-1 4.80372E-1 4.77328E-1 3.95519E-1 3.80079E-1 3.79253E-1 3.56454E-1 3.42208E-1 3.56904E-1 3.92406E-1 3.81831E-1 3.60527E-1 3.85303E-1 3.71883E-1 3.61103E-1 3.66233E-1 3.60557E-1 3.4398E-1 3.43526E-1 3.70915E-1 3.96642E-1 4.57103E-1 3.79973E-1 4.33703E-1 4.12373E-1 3.88581E-1 4.20233E-1 4.08236E-1 4.29179E-1 3.70089E-1 4.21396E-1 4.35404E-1 3.71871E-1
-9999 -9999 -9999 -9999 -9999 -9999 -9999 -9999 -9999 -9999 -9999 -9999 -9999 -9999 -9999 -9999 -9999 -9999 7.14736E-1 6.03697E-1 5.81658E-1 5.25486E-1 5.05243E-1 5.1516E-1 5.34282E-1 5.36397E-1 5.6103E-1 4.84273E-1 5.15523E-1 5.12285E-1 5.12282E-1 4.75415E-1 4.19284E-1 3.83762E-1 3.70786E-1 3.61722E-1 3.60999E-1 4.20398E-1 4.18983E-1 3.61711E-1 3.67511E-1 3.91923E-1 3.79015E-1 3.51391E-1 3.35437E-1 3.41422E-1 3.37399E-1 3.52607E-1 3.70083E-1 4.54436E-1 3.77229E-1 4.02156E-1 3.85146E-1 4.35475E-1 4.44774E-1 3.95117E-1 4.53031E-1 3.81759E-1 4.09983E-1 4.30879E-1 3.90375E-1
-9999 -9999 -9999 -9999 -9999 -9999 -9999 -9999 -9999 -9999 -9999 -9999 -9999 -9999 -9999 -9999 -9999 -9999 7.24397E-1 6.30225E-1 5.66723E-1 5.70227E-1 5.38174E-1 4.76352E-1 5.00861E-1 5.34678E-1 5.43871E-1 5.31152E-1 5.19282E-1 5.07965E-1 5.04647E-1 6.51604E-1 4.71299E-1 4.04495E-1 4.02396E-1 4.45853E-1 3.94816E-1 3.73046E-1 3.91759E-1 3.58333E-1 3.82724E-1 3.61357E-1 3.94093E-1 3.53092E-1 3.35236E-1 3.50538E-1 3.91219E-1 3.72002E-1 3.61076E-1 4.11561E-1 3.97009E-1 3.96293E-1 4.07546E-1 4.31567E-1 4.27667E-1 4.23404E-1 4.37486E-1 3.99965E-1 3.98462E-1 4.28315E-1 3.72465E-1
