maxent_outputs/white_flowers_linear/white_223.asc
ncols         426
nrows         180
xllcorner     -130.0
yllcorner     24.0
cellsize      0.16666666666666666
NODATA_value  -9999
[rows 27 to 53 of 180, columns 122 to 182 of 426]
3.61448E-1 3.62753E-1 3.60884E-1 3.68153E-1 3.87504E-1 3.80557E-1 3.68176E-1 3.72667E-1 3.65363E-1 3.52579E-1 3.42309E-1 3.32694E-1 3.37458E-1 3.63314E-1 3.68834E-1 3.61177E-1 3.58177E-1 3.4631E-1 3.51152E-1 3.57056E-1 3.60423E-1 3.61664E-1 3.58447E-1 3.62372E-1 3.44842E-1 3.68434E-1 3.21087E-1 3.22701E-1 3.56372E-1 3.83759E-1 3.86967E-1 3.92744E-1 3.91807E-1 3.70658E-1 3.60915E-1 3.53021E-1 3.49471E-1 3.52581E-1 3.53403E-1 3.51681E-1 3.47508E-1 3.47016E-1 3.45576E-1 3.4587E-1 3.43783E-1 3.44205E-1 3.51347E-1 3.57416E-1 3.58761E-1 3.58596E-1 3.56259E-1 3.50522E-1 3.44931E-1 3.49898E-1 3.62468E-1 3.66567E-1 3.63163E-1 3.61757E-1 3.59552E-1 3.56299E-1 3.58413E-1
3.26404E-1 3.37786E-1 3.45215E-1 3.5238E-1 3.6926E-1 3.66229E-1 3.58113E-1 3.5336E-1 3.51522E-1 3.47918E-1 3.34374E-1 3.29907E-1 3.24258E-1 3.2934E-1 3.37963E-1 3.51615E-1 3.49682E-1 3.52166E-1 3.52939E-1 3.59533E-1 3.67806E-1 3.59038E-1 3.52286E-1 3.68458E-1 3.79064E-1 3.27496E-1 2.97147E-1 2.87348E-1 3.22432E-1 3.30077E-1 3.64879E-1 3.71859E-1 3.72915E-1 3.68874E-1 3.60305E-1 3.50344E-1 3.48731E-1 3.46413E-1 3.49916E-1 3.47026E-1 3.489E-1 3.46746E-1 3.47388E-1 3.4399E-1 3.43643E-1 3.44194E-1 3.47796E-1 3.49583E-1 3.49719E-1 3.5446E-1 3.43057E-1 3.38424E-1 3.37829E-1 3.44358E-1 3.51048E-1 3.5884E-1 3.64731E-1 3.61098E-1 3.55443E-1 3.58281E-1 3.61927E-1
3.16757E-1 3.24644E-1 3.25426E-1 3.40773E-1 3.67025E-1 3.66264E-1 3.63214E-1 3.52898E-1 3.47947E-1 3.36836E-1 3.35676E-1 3.33648E-1 3.22303E-1 3.1764E-1 3.26559E-1 3.20826E-1 3.14448E-1 3.13078E-1 3.20895E-1 3.31958E-1 3.47803E-1 3.48642E-1 3.3532E-1 3.0246E-1 3.41746E-1 3.60771E-1 3.8824E-1 3.23754E-1 2.81267E-1 3.13275E-1 3.12263E-1 3.24683E-1 3.43051E-1 3.48951E-1 3.46746E-1 3.46633E-1 3.48199E-1 3.41828E-1 3.42966E-1 3.46135E-1 3.44312E-1 3.41239E-1 3.42512E-1 3.41603E-1 3.40276E-1 3.44832E-1 3.43053E-1 3.39521E-1 3.28671E-1 3.37118E-1 3.31144E-1 3.29877E-1 3.29483E-1 3.34621E-1 3.43466E-1 3.62837E-1 3.72335E-1 3.80042E-1 3.71778E-1 3.6292E-1 3.57046E-1
3.29276E-1 3.2104E-1 3.19411E-1 3.33728E-1 3.60658E-1 3.71897E-1 3.69598E-1 3.60597E-1 3.55449E-1 3.48395E-1 3.3818E-1 3.32772E-1 3.22379E-1 3.32794E-1 3.30606E-1 3.20437E-1 3.10773E-1 3.13524E-1 3.24901E-1 3.458E-1 3.39145E-1 3.31528E-1 3.11348E-1 3.12083E-1 2.95506E-1 3.24903E-1 3.47106E-1 2.81632E-1 2.56987E-1 3.53223E-1 3.53752E-1 3.44358E-1 3.37007E-1 3.40122E-1 3.34002E-1 3.36499E-1 3.38519E-1 3.4139E-1 3.38623E-1 3.47217E-1 3.48918E-1 3.44292E-1 3.4565E-1 3.43418E-1 3.39126E-1 3.43305E-1 3.39523E-1 3.39151E-1 3.30887E-1 3.30715E-1 3.30562E-1 3.2558E-1 3.26188E-1 3.27148E-1 3.28908E-1 3.52252E-1 3.60837E-1 3.62056E-1 3.62492E-1 3.59678E-1 3.51418E-1
3.52372E-1 3.44562E-1 3.38955E-1 3.42649E-1 3.57053E-1 3.67855E-1 3.70385E-1 3.6426E-1 3.60117E-1 3.54113E-1 3.4742E-1 3.37219E-1 3.20882E-1 3.22945E-1 3.25053E-1 3.18748E-1 3.14976E-1 3.20705E-1 3.24921E-1 3.28057E-1 3.35453E-1 3.24635E-1 3.10265E-1 3.0304E-1 2.65991E-1 2.61896E-1 3.18159E-1 3.15625E-1 2.58332E-1 2.82198E-1 3.07195E-1 3.26799E-1 3.41411E-1 3.41641E-1 3.35136E-1 3.35153E-1 3.29999E-1 3.31282E-1 3.39127E-1 3.42477E-1 3.4218E-1 3.43635E-1 3.42993E-1 3.46528E-1 3.39447E-1 3.44425E-1 3.43492E-1 3.35996E-1 3.35053E-1 3.31034E-1 3.32182E-1 3.24993E-1 3.25801E-1 3.25505E-1 3.24895E-1 3.24451E-1 3.27288E-1 3.27846E-1 3.25569E-1 3.32045E-1 3.35838E-1
3.66087E-1 3.64222E-1 3.62697E-1 3.55199E-1 3.49288E-1 3.49235E-1 3.46617E-1 3.49296E-1 3.44622E-1 3.41218E-1 3.38577E-1 3.32859E-1 3.18393E-1 3.15083E-1 3.15369E-1 3.22829E-1 3.22518E-1 3.31685E-1 3.25821E-1 3.19898E-1 3.21698E-1 3.20191E-1 3.15047E-1 3.07083E-1 2.79279E-1 3.19837E-1 3.16933E-1 3.23263E-1 2.97335E-1 2.84397E-1 3.08858E-1 3.2716E-1 3.37791E-1 3.41056E-1 3.42035E-1 3.4088E-1 3.33349E-1 3.27032E-1 3.30829E-1 3.37853E-1 3.32807E-1 3.31737E-1 3.30945E-1 3.39446E-1 3.43513E-1 3.46682E-1 3.44488E-1 3.40708E-1 3.38494E-1 3.40113E-1 3.36472E-1 3.27117E-1 3.22309E-1 3.26605E-1 3.28514E-1 3.25885E-1 3.23841E-1 3.22919E-1 3.24063E-1 3.33474E-1 3.33613E-1
4.13892E-1 4.10626E-1 4.00952E-1 3.93582E-1 3.72959E-1 3.56435E-1 3.39431E-1 3.37218E-1 3.31854E-1 3.31032E-1 3.32926E-1 3.25893E-1 3.24213E-1 3.37783E-1 3.30293E-1 3.29048E-1 3.22715E-1 3.2134E-1 3.24566E-1 3.27583E-1 3.27572E-1 3.2942E-1 3.20349E-1 3.01198E-1 2.67952E-1 2.71776E-1 3.25997E-1 2.89101E-1 2.64844E-1 3.00866E-1 3.18176E-1 3.23928E-1 3.32167E-1 3.40136E-1 3.44906E-1 3.44469E-1 3.35284E-1 3.28845E-1 3.29305E-1 3.28131E-1 3.31265E-1 3.27816E-1 3.35411E-1 3.36496E-1 3.35826E-1 3.40341E-1 3.47535E-1 3.4027E-1 3.31374E-1 3.36915E-1 3.37585E-1 3.33577E-1 3.23286E-1 3.18324E-1 3.23764E-1 3.30027E-1 3.35391E-1 3.24377E-1 3.20566E-1 3.26442E-1 3.35154E-1
4.48781E-1 4.48087E-1 4.37467E-1 4.3876E-1 4.05431E-1 3.8747E-1 3.66751E-1 3.51366E-1 3.42949E-1 3.36414E-1 3.30377E-1 3.38655E-1 3.42772E-1 3.4656E-1 3.44853E-1 3.43321E-1 3.31269E-1 3.19601E-1 3.23158E-1 3.24785E-1 3.24136E-1 3.26326E-1 3.22652E-1 3.16127E-1 3.1713E-1 3.23428E-1 3.30127E-1 3.30067E-1 3.12641E-1 3.19398E-1 3.26437E-1 3.23968E-1 3.33973E-1 3.37712E-1 3.42448E-1 3.40774E-1 3.28712E-1 3.28413E-1 3.30126E-1 3.23831E-1 3.21021E-1 3.23171E-1 3.35993E-1 3.36888E-1 3.3624E-1 3.32984E-1 3.35561E-1 3.41838E-1 3.39124E-1 3.35681E-1 3.44447E-1 3.39353E-1 3.28562E-1 3.25901E-1 3.24583E-1 3.27286E-1 3.27493E-1 3.27574E-1 3.24031E-1 3.32365E-1 3.39462E-1
4.28605E-1 4.32427E-1 4.10918E-1 3.97333E-1 3.86781E-1 3.93365E-1 4.10735E-1 3.94139E-1 3.64581E-1 3.5302E-1 3.34219E-1 3.32447E-1 3.3127E-1 3.37681E-1 3.47888E-1 3.43156E-1 3.34947E-1 3.26619E-1 3.24609E-1 3.24897E-1 3.19799E-1 3.18584E-1 3.16891E-1 3.14489E-1 3.23422E-1 3.25062E-1 3.26834E-1 3.19066E-1 3.2861E-1 3.28934E-1 3.26397E-1 3.33239E-1 3.35512E-1 3.30781E-1 3.34717E-1 3.40342E-1 3.34753E-1 3.40272E-1 3.40995E-1 3.36284E-1 3.45313E-1 3.38157E-1 3.40341E-1 3.32654E-1 3.31178E-1 3.27717E-1 3.35201E-1 3.28866E-1 3.35422E-1 3.42574E-1 3.42646E-1 3.37998E-1 3.34875E-1 3.30084E-1 3.30565E-1 3.31264E-1 3.34815E-1 3.33186E-1 3.30606E-1 3.27673E-1 3.30354E-1
3.72546E-1 3.79903E-1 3.94829E-1 3.92656E-1 3.87687E-1 4.02614E-1 4.42414E-1 4.19915E-1 3.85382E-1 3.66372E-1 3.50013E-1 3.38625E-1 3.46153E-1 3.51383E-1 3.61978E-1 3.56766E-1 3.44595E-1 3.467E-1 3.64455E-1 3.64665E-1 3.42367E-1 3.32062E-1 3.16608E-1 3.13528E-1 3.12775E-1 3.26644E-1 3.14756E-1 3.28558E-1 3.41568E-1 3.46697E-1 3.4144E-1 3.37622E-1 3.36968E-1 3.30917E-1 3.37494E-1 3.29061E-1 3.27636E-1 3.29243E-1 3.20305E-1 3.2312E-1 3.28995E-1 3.38831E-1 3.44983E-1 3.51878E-1 3.44217E-1 3.31119E-1 3.35227E-1 3.36099E-1 3.34106E-1 3.34628E-1 3.46483E-1 3.42769E-1 3.39034E-1 3.32656E-1 3.29626E-1 3.29277E-1 3.24766E-1 3.31007E-1 3.25192E-1 3.24742E-1 3.28777E-1
3.69466E-1 3.84783E-1 3.91394E-1 3.86173E-1 3.82361E-1 3.79017E-1 3.76048E-1 3.78422E-1 3.71145E-1 3.56609E-1 3.57889E-1 3.4659E-1 3.58458E-1 3.72634E-1 3.68519E-1 3.66026E-1 3.70469E-1 3.67677E-1 3.61151E-1 3.4904E-1 3.36177E-1 3.30799E-1 3.23357E-1 3.19925E-1 3.31389E-1 3.34071E-1 3.20277E-1 3.3367E-1 3.44346E-1 3.52556E-1 3.48712E-1 3.42423E-1 3.28386E-1 3.3736E-1 3.08034E-1 3.2218E-1 3.3026E-1 3.29697E-1 3.27277E-1 3.26837E-1 3.3121E-1 3.36046E-1 3.49408E-1 3.52871E-1 3.62314E-1 3.26549E-1 3.28559E-1 3.31885E-1 3.30815E-1 3.31732E-1 3.35223E-1 3.30052E-1 3.23248E-1 3.29668E-1 3.34674E-1 3.29312E-1 3.25483E-1 3.17543E-1 3.1823E-1 3.22799E-1 3.29366E-1
3.90564E-1 3.8791E-1 3.71703E-1 3.80432E-1 3.7882E-1 3.751E-1 3.67876E-1 3.67763E-1 3.63354E-1 3.61304E-1 3.57126E-1 3.68159E-1 3.82761E-1 3.83016E-1 3.73168E-1 3.70886E-1 3.66192E-1 3.56471E-1 3.44419E-1 3.39938E-1 3.32469E-1 3.25016E-1 3.26609E-1 3.29107E-1 3.32667E-1 3.2592E-1 3.18315E-1 3.55709E-1 3.5413E-1 3.58438E-1 3.51337E-1 3.4131E-1 3.30878E-1 2.98975E-1 2.94601E-1 3.1441E-1 3.28258E-1 3.40213E-1 3.38035E-1 3.41143E-1 3.47977E-1 3.4454E-1 3.41124E-1 3.4937E-1 3.62625E-1 3.53907E-1 3.38864E-1 3.37679E-1 3.50021E-1 3.54494E-1 3.49689E-1 3.37852E-1 3.2431E-1 3.21081E-1 3.2845E-1 3.29211E-1 3.25999E-1 3.23519E-1 3.22145E-1 3.21773E-1 3.24563E-1
4.07132E-1 4.13126E-1 4.11596E-1 4.05803E-1 3.91663E-1 3.8027E-1 3.61052E-1 3.60696E-1 3.6274E-1 3.67193E-1 3.62779E-1 3.64722E-1 3.63297E-1 3.63047E-1 3.46019E-1 3.44185E-1 3.42927E-1 3.34802E-1 3.3149E-1 3.32734E-1 3.32011E-1 3.27629E-1 3.24247E-1 3.27107E-1 3.24745E-1 3.32602E-1 3.4852E-1 3.49501E-1 3.60578E-1 3.62677E-1 3.21072E-1 3.29551E-1 3.24203E-1 3.12542E-1 3.22154E-1 3.40625E-1 3.43606E-1 3.39702E-1 3.32214E-1 3.32247E-1 3.4061E-1 3.38389E-1 3.34364E-1 3.36793E-1 3.38165E-1 3.36551E-1 3.44036E-1 3.44353E-1 3.31412E-1 3.29979E-1 3.27042E-1 3.28635E-1 3.26197E-1 3.29842E-1 3.27367E-1 3.25553E-1 3.26947E-1 3.27517E-1 3.28015E-1 3.2433E-1 3.24049E-1
4.20673E-1 4.31182E-1 4.48158E-1 4.44075E-1 4.11407E-1 3.89253E-1 3.69949E-1 3.65252E-1 3.68548E-1 3.70304E-1 3.66508E-1 3.62926E-1 3.61323E-1 3.65219E-1 3.51997E-1 3.42676E-1 3.43703E-1 3.39681E-1 3.42239E-1 3.40344E-1 3.288E-1 3.27858E-1 3.29768E-1 3.28819E-1 3.34531E-1 3.46152E-1 3.4874E-1 3.54096E-1 3.04664E-1 2.12983E-1 2.84858E-1 3.17131E-1 2.97521E-1 3.39164E-1 3.45042E-1 3.44369E-1 3.44997E-1 3.43077E-1 3.37424E-1 3.38182E-1 3.40709E-1 3.3834E-1 3.37778E-1 3.38305E-1 3.40174E-1 3.414E-1 3.38042E-1 3.38676E-1 3.38851E-1 3.41437E-1 3.44628E-1 3.38719E-1 3.3706E-1 3.35909E-1 3.30428E-1 3.32782E-1 3.23332E-1 3.19916E-1 3.22501E-1 3.20169E-1 3.21425E-1
4.09831E-1 4.15167E-1 4.48361E-1 4.21654E-1 4.03691E-1 3.92039E-1 3.85292E-1 3.61961E-1 3.57382E-1 3.59517E-1 3.65566E-1 3.58918E-1 3.51217E-1 3.65493E-1 3.66717E-1 3.58188E-1 3.63726E-1 3.46471E-1 3.32905E-1 3.32805E-1 3.29723E-1 3.31306E-1 3.32331E-1 3.40601E-1 3.41762E-1 3.47854E-1 3.40525E-1 3.40277E-1 2.58992E-1 2.49561E-1 2.12969E-1 3.18722E-1 3.42449E-1 3.57213E-1 3.51976E-1 3.46357E-1 3.40766E-1 3.32749E-1 3.31852E-1 3.35728E-1 3.43656E-1 3.46973E-1 3.45982E-1 3.37488E-1 3.29783E-1 3.35865E-1 3.41259E-1 3.41516E-1 3.40992E-1 3.41609E-1 3.47522E-1 3.44783E-1 3.41018E-1 3.3408E-1 3.30821E-1 3.28397E-1 3.24336E-1 3.27533E-1 3.20648E-1 3.22845E-1 3.14686E-1
4.41034E-1 4.56979E-1 4.50308E-1 4.48591E-1 4.36292E-1 4.11301E-1 3.93193E-1 3.705E-1 3.70649E-1 3.70682E-1 3.56694E-1 3.41484E-1 3.41549E-1 3.49152E-1 3.5021E-1 3.5443E-1 3.44908E-1 3.37308E-1 3.36713E-1 3.39662E-1 3.37702E-1 3.35763E-1 3.37674E-1 3.44346E-1 3.01344E-1 2.7045E-1 2.59469E-1 2.9035E-1 2.66009E-1 2.27861E-1 1.9521E-1 2.51544E-1 3.63339E-1 3.51356E-1 3.51322E-1 3.39822E-1 3.32054E-1 3.26533E-1 3.37614E-1 3.38297E-1 3.39885E-1 3.40544E-1 3.48086E-1 3.50836E-1 3.52954E-1 3.54618E-1 3.45056E-1 3.39494E-1 3.37302E-1 3.42279E-1 3.43986E-1 3.42258E-1 3.44297E-1 3.3315E-1 3.25497E-1 3.23314E-1 3.22932E-1 3.23284E-1 3.23695E-1 3.25968E-1 3.15783E-1
4.6725E-1 5.00121E-1 4.96455E-1 4.5976E-1 4.23504E-1 3.91861E-1 3.94585E-1 3.88052E-1 3.91372E-1 3.77631E-1 3.71205E-1 3.59643E-1 3.65459E-1 3.47642E-1 3.32176E-1 3.34943E-1 3.30939E-1 3.23966E-1 3.32741E-1 3.36521E-1 3.36301E-1 3.33299E-1 3.37616E-1 3.22972E-1 3.03823E-1 2.75686E-1 2.61187E-1 2.3678E-1 2.22288E-1 2.39853E-1 2.46534E-1 2.53726E-1 3.60424E-1 3.573E-1 3.48632E-1 3.3242E-1 3.31627E-1 3.36242E-1 3.42866E-1 3.42582E-1 3.5126E-1 3.48121E-1 3.5088E-1 3.52317E-1 3.45974E-1 3.42701E-1 3.43995E-1 3.43736E-1 3.44971E-1 3.39941E-1 3.44442E-1 3.43975E-1 3.42485E-1 3.42761E-1 3.27733E-1 3.20881E-1 3.17632E-1 3.2595E-1 3.25115E-1 3.27644E-1 3.22662E-1
4.17788E-1 4.23215E-1 4.22873E-1 4.07098E-1 3.9602E-1 3.75762E-1 3.81944E-1 3.87129E-1 3.91519E-1 3.84054E-1 3.84934E-1 3.85803E-1 3.7539E-1 3.48595E-1 3.2917E-1 3.26789E-1 3.2896E-1 3.25092E-1 3.33675E-1 3.40996E-1 3.32163E-1 3.29237E-1 3.30647E-1 3.15106E-1 3.16502E-1 2.99202E-1 2.72215E-1 2.73195E-1 2.32611E-1 2.79173E-1 3.01754E-1 2.82757E-1 3.31966E-1 3.44651E-1 3.20363E-1 3.09455E-1 3.23737E-1 3.23252E-1 3.3523E-1 3.44774E-1 3.4114E-1 3.44342E-1 3.44572E-1 3.49357E-1 3.52645E-1 3.54198E-1 3.47472E-1 3.32199E-1 3.27742E-1 3.33791E-1 3.36211E-1 3.42888E-1 3.38092E-1 3.43854E-1 3.38879E-1 3.17392E-1 3.14331E-1 3.20303E-1 3.245E-1 3.27344E-1 3.27349E-1
4.06811E-1 3.98079E-1 3.89555E-1 3.91173E-1 3.85864E-1 3.79922E-1 3.85632E-1 4.02564E-1 4.14966E-1 4.13081E-1 4.00522E-1 3.74889E-1 3.69562E-1 3.4844E-1 3.32924E-1 3.3406E-1 3.36143E-1 3.35362E-1 3.35145E-1 3.36621E-1 3.4225E-1 3.36153E-1 3.37635E-1 3.39188E-1 3.565E-1 3.34728E-1 2.95421E-1 3.41248E-1 3.33016E-1 2.84658E-1 3.01547E-1 3.28287E-1 3.17936E-1 3.15875E-1 3.0929E-1 3.14526E-1 3.26695E-1 3.27853E-1 3.51614E-1 3.44306E-1 3.49016E-1 3.45589E-1 3.42817E-1 3.43212E-1 3.48851E-1 3.46754E-1 3.49232E-1 3.42846E-1 3.32297E-1 3.43665E-1 3.43337E-1 3.25526E-1 3.23518E-1 3.17646E-1 3.30391E-1 3.15584E-1 3.1522E-1 3.18366E-1 3.19362E-1 3.28479E-1 3.26396E-1
4.0242E-1 3.98252E-1 3.92933E-1 3.90074E-1 3.791E-1 3.94013E-1 4.0734E-1 4.11733E-1 4.1725E-1 3.99569E-1 3.91975E-1 3.67302E-1 3.73615E-1 3.70363E-1 3.86611E-1 3.6848E-1 3.62773E-1 3.57587E-1 3.50739E-1 3.47509E-1 3.54561E-1 3.5863E-1 3.54265E-1 3.35243E-1 3.24845E-1 3.2604E-1 3.00356E-1 3.13776E-1 3.4668E-1 3.19498E-1 3.49076E-1 3.32582E-1 3.23844E-1 3.21231E-1 3.07235E-1 3.08113E-1 3.39313E-1 3.49141E-1 3.46784E-1 3.454E-1 3.5065E-1 3.51104E-1 3.49271E-1 3.52367E-1 3.52896E-1 3.49995E-1 3.42878E-1 3.38182E-1 3.22477E-1 3.13329E-1 3.26361E-1 3.19153E-1 3.20986E-1 3.16558E-1 3.29976E-1 3.20626E-1 3.12145E-1 3.10555E-1 3.15525E-1 3.22408E-1 3.25133E-1
4.24226E-1 4.14968E-1 4.09705E-1 4.03268E-1 3.93147E-1 3.80698E-1 3.91259E-1 3.69746E-1 3.79535E-1 3.74901E-1 3.73327E-1 3.76115E-1 3.71375E-1 3.59757E-1 3.76912E-1 3.53795E-1 3.7707E-1 3.67692E-1 3.73472E-1 3.54037E-1 3.60551E-1 3.62289E-1 3.46552E-1 3.56041E-1 3.48107E-1 3.43832E-1 3.31845E-1 3.09396E-1 3.36805E-1 3.44882E-1 3.48107E-1 2.98604E-1 3.13382E-1 3.32122E-1 3.19272E-1 3.15401E-1 3.20529E-1 3.24929E-1 3.35532E-1 3.44168E-1 3.42523E-1 3.51036E-1 3.56848E-1 3.54234E-1 3.43166E-1 3.45739E-1 3.31488E-1 3.31237E-1 3.20698E-1 3.12434E-1 3.16867E-1 3.2728E-1 3.33116E-1 3.28255E-1 3.4392E-1 3.17653E-1 3.27602E-1 3.16235E-1 3.11152E-1 3.18303E-1 3.23613E-1
4.44182E-1 4.36404E-1 4.08499E-1 3.91309E-1 3.93256E-1 3.95157E-1 3.95638E-1 3.82383E-1 3.87377E-1 3.86902E-1 3.89851E-1 4.09199E-1 3.73897E-1 3.79406E-1 3.60996E-1 3.53703E-1 3.94751E-1 3.84732E-1 3.79333E-1 3.58436E-1 3.69386E-1 3.62619E-1 3.57707E-1 3.67897E-1 3.6916E-1 3.62198E-1 3.68973E-1 3.48801E-1 3.31872E-1 3.6526E-1 3.29912E-1 3.40894E-1 3.30319E-1 3.18876E-1 3.14468E-1 3.26211E-1 3.32749E-1 3.38221E-1 3.35926E-1 3.32086E-1 3.37193E-1 3.33817E-1 3.3549E-1 3.45664E-1 3.44015E-1 3.48456E-1 3.46212E-1 3.36397E-1 3.21243E-1 3.2361E-1 3.27007E-1 3.24221E-1 3.20072E-1 3.20215E-1 3.36947E-1 3.41811E-1 3.21689E-1 3.15377E-1 3.13814E-1 3.1676E-1 3.15404E-1
4.23146E-1 4.08525E-1 4.12071E-1 4.04279E-1 4.0374E-1 4.05567E-1 4.03386E-1 3.90485E-1 3.90681E-1 4.04537E-1 3.73687E-1 3.74895E-1 3.58826E-1 3.67219E-1 3.65118E-1 3.69499E-1 4.05336E-1 3.83247E-1 3.8566E-1 3.7481E-1 3.76649E-1 3.90277E-1 4.06283E-1 3.7506E-1 3.81251E-1 3.61121E-1 3.71517E-1 3.49873E-1 3.56202E-1 3.67307E-1 3.43205E-1 3.34427E-1 3.60362E-1 3.41661E-1 3.32473E-1 3.30837E-1 3.49836E-1 3.46451E-1 3.42559E-1 3.48496E-1 3.35017E-1 3.34909E-1 3.43079E-1 3.44758E-1 3.44327E-1 3.3226E-1 3.22505E-1 3.19915E-1 3.14309E-1 3.15488E-1 3.23656E-1 3.28192E-1 3.27209E-1 3.28987E-1 3.25957E-1 3.36101E-1 3.34303E-1 3.23431E-1 3.16849E-1 3.21092E-1 3.2343E-1
4.31652E-1 4.09549E-1 4.03971E-1 4.10287E-1 4.09712E-1 4.08726E-1 4.16669E-1 3.88293E-1 4.0651E-1 4.04311E-1 3.97764E-1 3.80407E-1 3.69909E-1 3.65586E-1 3.75577E-1 3.75439E-1 3.70839E-1 3.82186E-1 4.13343E-1 4.0856E-1 3.59465E-1 3.68801E-1 3.95347E-1 3.75656E-1 3.64767E-1 3.64017E-1 3.68899E-1 3.70511E-1 3.58442E-1 3.67313E-1 3.61896E-1 3.64882E-1 3.54326E-1 3.58888E-1 3.55702E-1 3.53913E-1 3.43736E-1 3.33063E-1 3.45945E-1 3.60515E-1 3.47622E-1 3.42793E-1 3.44508E-1 3.47614E-1 3.45145E-1 3.40221E-1 3.27089E-1 3.21906E-1 3.20264E-1 3.2467E-1 3.28789E-1 3.29658E-1 3.32934E-1 3.35232E-1 3.36597E-1 3.46677E-1 3.27995E-1 3.25241E-1 3.26384E-1 3.32135E-1 3.27688E-1
4.58318E-1 4.2818E-1 4.11732E-1 4.08278E-1 4.07995E-1 4.09872E-1 4.21197E-1 4.27232E-1 4.42094E-1 4.47528E-1 4.28338E-1 3.83952E-1 3.90446E-1 3.73083E-1 3.92036E-1 4.26279E-1 4.10188E-1 3.97327E-1 3.94964E-1 3.86154E-1 3.87723E-1 3.72449E-1 3.83134E-1 3.77138E-1 3.75515E-1 3.63028E-1 3.62745E-1 3.72346E-1 3.77494E-1 3.83662E-1 3.62213E-1 3.82951E-1 3.69298E-1 3.50092E-1 3.64968E-1 3.70588E-1 3.71224E-1 3.48231E-1 3.56234E-1 3.69743E-1 3.60795E-1 3.40866E-1 3.37724E-1 3.37142E-1 3.36286E-1 3.34534E-1 3.33261E-1 3.30323E-1 3.31298E-1 3.31707E-1 3.3371E-1 3.33937E-1 3.3257E-1 3.31102E-1 3.29834E-1 3.40219E-1 3.40781E-1 3.25655E-1 3.28594E-1 3.26079E-1 3.32507E-1
5.62996E-1 5.06763E-1 4.56446E-1 3.95269E-1 3.87448E-1 4.28171E-1 4.84605E-1 4.97561E-1 4.40009E-1 4.49662E-1 4.71204E-1 4.20482E-1 4.00345E-1 3.8167E-1 3.98214E-1 4.35736E-1 3.94602E-1 3.79554E-1 3.74132E-1 3.79603E-1 3.78755E-1 3.74278E-1 3.76891E-1 3.7089E-1 3.69509E-1 3.67868E-1 3.666E-1 3.74232E-1 3.77909E-1 3.74202E-1 3.73866E-1 3.66735E-1 3.67023E-1 3.6149E-1 3.69414E-1 3.69581E-1 3.66892E-1 3.53477E-1 3.49877E-1 3.51526E-1 3.45834E-1 3.38034E-1 3.35416E-1 3.26529E-1 3.25118E-1 3.2379E-1 3.20627E-1 3.20096E-1 3.25539E-1 3.27806E-1 3.29653E-1 3.31828E-1 3.29611E-1 3.31005E-1 3.31655E-1 3.38252E-1 3.47284E-1 3.27654E-1 3.35397E-1 3.26704E-1 3.29295E-1
6.66296E-1 6.18729E-1 5.07134E-1 3.75016E-1 3.86571E-1 3.78219E-1 4.0504E-1 4.46144E-1 4.25018E-1 4.30036E-1 5.33307E-1 4.79357E-1 4.3404E-1 4.01717E-1 3.98921E-1 4.12472E-1 3.69774E-1 3.61683E-1 3.71987E-1 3.57545E-1 3.77781E-1 3.77516E-1 3.71836E-1 3.70982E-1 3.69041E-1 3.547E-1 3.62456E-1 3.70754E-1 3.66258E-1 3.6624E-1 3.63899E-1 3.6409E-1 3.72975E-1 3.81813E-1 3.79096E-1 3.94074E-1 3.94799E-1 3.93117E-1 3.70198E-1 3.52899E-1 3.39755E-1 3.44081E-1 3.43667E-1 3.43083E-1 3.35008E-1 3.31661E-1 3.27717E-1 3.32625E-1 3.3252E-1 3.32944E-1 3.39107E-1 3.4496E-1 3.45008E-1 3.43646E-1 3.37938E-1 3.43411E-1 3.46283E-1 3.30902E-1 3.3574E-1 3.31511E-1 3.32748E-1
