maxent_outputs/white_flowers_linear/white_39.asc
ncols         426
nrows         180
xllcorner     -130.0
yllcorner     24.0
cellsize      0.16666666666666666
NODATA_value  -9999
[rows 54 to 80 of 180, columns 122 to 182 of 426]
1.7135E-2 1.3715E-2 5.04778E-2 5.49249E-2 5.32296E-2 4.36578E-2 4.47877E-2 4.76207E-2 5.66065E-2 4.05488E-2 1.91511E-2 2.22546E-2 3.46905E-2 4.41416E-2 5.51986E-2 5.73271E-2 6.26651E-2 6.22734E-2 6.20879E-2 6.42861E-2 6.05179E-2 6.66557E-2 6.72912E-2 6.39727E-2 6.39316E-2 7.12009E-2 6.95199E-2 6.29554E-2 6.52661E-2 7.05237E-2 7.34343E-2 7.96174E-2 8.4616E-2 9.08557E-2 9.5567E-2 9.19112E-2 8.9012E-2 8.53105E-2 8.43618E-2 8.2174E-2 8.07545E-2 7.50032E-2 7.36487E-2 7.7732E-2 7.98848E-2 7.84242E-2 7.73462E-2 7.57717E-2 7.75562E-2 8.17083E-2 8.57288E-2 9.04021E-2 9.27391E-2 9.3107E-2 9.0498E-2 9.15813E-2 7.31128E-2 6.80067E-2 6.59882E-2 6.55767E-2 6.32005E-2
2.16529E-2 2.80282E-2 4.78926E-2 5.95183E-2 5.27552E-2 4.90283E-2 4.62923E-2 4.44676E-2 4.96662E-2 5.09901E-2 2.9744E-2 1.53071E-2 1.59413E-2 2.14882E-2 4.48242E-2 5.68089E-2 5.99869E-2 5.89545E-2 5.46473E-2 5.73616E-2 6.46668E-2 6.82836E-2 6.53026E-2 6.24521E-2 6.17503E-2 6.77382E-2 6.53461E-2 6.01987E-2 6.14764E-2 6.14065E-2 6.45503E-2 7.05705E-2 8.64698E-2 9.67378E-2 1.02474E-1 1.01772E-1 9.8567E-2 9.0986E-2 8.22098E-2 8.08357E-2 7.97845E-2 8.44311E-2 8.70671E-2 8.90574E-2 8.6695E-2 8.85585E-2 9.1275E-2 9.17771E-2 8.79967E-2 9.34245E-2 9.73299E-2 9.97659E-2 1.02131E-1 1.07312E-1 1.11161E-1 8.46536E-2 7.89091E-2 7.50437E-2 7.21448E-2 6.86781E-2 6.68033E-2
1.79033E-2 2.47099E-2 3.2535E-2 5.51942E-2 4.93976E-2 4.72301E-2 4.29354E-2 3.89688E-2 3.97088E-2 4.3885E-2 4.4343E-2 3.87256E-2 2.12917E-2 1.30854E-2 1.94106E-2 3.38967E-2 5.38641E-2 5.43507E-2 5.12765E-2 5.81254E-2 6.2273E-2 6.75062E-2 6.33941E-2 6.19646E-2 6.48611E-2 6.39657E-2 6.18161E-2 5.49267E-2 5.30744E-2 5.3849E-2 5.37533E-2 5.48908E-2 7.08569E-2 8.86087E-2 1.00108E-1 1.0017E-1 1.04757E-1 1.06956E-1 1.05053E-1 1.01813E-1 9.91042E-2 9.09074E-2 9.1604E-2 9.94229E-2 1.01105E-1 1.03734E-1 1.03357E-1 1.06121E-1 1.03562E-1 9.91595E-2 9.35075E-2 9.35106E-2 9.43992E-2 9.4222E-2 1.21396E-1 9.4666E-2 8.41258E-2 8.1335E-2 7.97877E-2 7.49718E-2 7.11568E-2
2.31236E-2 3.19966E-2 4.26009E-2 5.05266E-2 5.2521E-2 4.81943E-2 4.35646E-2 4.15238E-2 4.22997E-2 4.0843E-2 4.15581E-2 4.52855E-2 3.19774E-2 1.57305E-2 1.04653E-2 1.38054E-2 3.81254E-2 5.25098E-2 5.6951E-2 6.06543E-2 6.33692E-2 6.49375E-2 5.93137E-2 5.78371E-2 6.33253E-2 5.97284E-2 5.88591E-2 5.27976E-2 4.94126E-2 5.14264E-2 4.84173E-2 4.30656E-2 5.21844E-2 5.64597E-2 6.03734E-2 7.23932E-2 8.85729E-2 1.04737E-1 1.12956E-1 1.18866E-1 1.19645E-1 1.11885E-1 1.1111E-1 1.13711E-1 1.12919E-1 1.11508E-1 1.01763E-1 9.62162E-2 9.64873E-2 9.09977E-2 8.83161E-2 9.53532E-2 9.34315E-2 9.78142E-2 1.0966E-1 1.11657E-1 9.15076E-2 8.55045E-2 8.312E-2 7.50318E-2 6.9436E-2
2.21164E-2 2.38006E-2 1.94116E-2 2.494E-2 3.6214E-2 4.14493E-2 4.30261E-2 4.38676E-2 4.31482E-2 4.30468E-2 4.1173E-2 4.29313E-2 4.62951E-2 2.93087E-2 1.43445E-2 1.20742E-2 2.70434E-2 5.03898E-2 5.6911E-2 6.02002E-2 6.21163E-2 6.46033E-2 5.6647E-2 5.27467E-2 5.35549E-2 5.57895E-2 5.4877E-2 5.49494E-2 5.2799E-2 5.0682E-2 4.8008E-2 4.35854E-2 4.15707E-2 3.64441E-2 3.42954E-2 4.09626E-2 5.77137E-2 8.86108E-2 1.09286E-1 1.14676E-1 1.18017E-1 1.16308E-1 1.12817E-1 1.11476E-1 1.07963E-1 9.70395E-2 8.96083E-2 9.23046E-2 9.51964E-2 9.67674E-2 9.79323E-2 1.05761E-1 1.07862E-1 1.09108E-1 1.06296E-1 9.93495E-2 9.58751E-2 9.46879E-2 9.46204E-2 8.48422E-2 8.10076E-2
1.55995E-2 1.65214E-2 2.06618E-2 2.64744E-2 3.00836E-2 3.79896E-2 4.11168E-2 4.14306E-2 4.05544E-2 4.17511E-2 4.12427E-2 4.24723E-2 4.30335E-2 3.98871E-2 2.5062E-2 1.75033E-2 2.61305E-2 5.452E-2 5.75074E-2 5.65132E-2 6.10493E-2 6.28855E-2 5.70825E-2 5.10225E-2 5.38119E-2 5.86329E-2 5.63192E-2 5.56539E-2 5.10929E-2 5.17231E-2 5.27033E-2 5.08644E-2 4.13767E-2 3.3646E-2 2.83979E-2 4.21504E-2 5.92149E-2 8.16647E-2 1.08734E-1 1.11026E-1 1.11282E-1 1.1077E-1 1.11087E-1 1.14976E-1 9.97433E-2 9.66743E-2 1.0193E-1 1.03398E-1 1.06995E-1 1.07083E-1 1.05627E-1 1.09296E-1 1.0885E-1 1.07659E-1 9.59824E-2 8.85757E-2 8.90796E-2 8.80792E-2 9.47174E-2 9.6536E-2 9.83275E-2
1.03254E-2 8.99502E-3 1.23989E-2 2.2393E-2 2.37159E-2 2.91136E-2 3.87475E-2 4.06949E-2 4.2658E-2 4.01813E-2 4.0385E-2 4.22097E-2 4.45393E-2 3.9543E-2 3.34839E-2 2.12707E-2 3.00256E-2 5.17191E-2 5.40626E-2 5.33358E-2 5.83637E-2 6.11595E-2 5.64017E-2 5.17444E-2 5.49433E-2 5.71343E-2 5.32227E-2 5.24273E-2 5.38052E-2 5.54641E-2 5.86347E-2 6.05741E-2 5.6586E-2 4.65019E-2 3.03471E-2 3.25714E-2 5.55541E-2 8.047E-2 1.02618E-1 1.08019E-1 1.0975E-1 1.1112E-1 1.12382E-1 1.13709E-1 1.1065E-1 1.05691E-1 1.04034E-1 1.06705E-1 1.09314E-1 1.06351E-1 1.05423E-1 1.06452E-1 1.04715E-1 9.91635E-2 9.74649E-2 9.7572E-2 9.9297E-2 9.85068E-2 9.66697E-2 9.41907E-2 8.66721E-2
1.77809E-2 1.49491E-2 1.15858E-2 1.7828E-2 2.25109E-2 3.20705E-2 3.68921E-2 4.08915E-2 4.03447E-2 3.91069E-2 4.27833E-2 4.3085E-2 4.41997E-2 4.12187E-2 3.3073E-2 2.41987E-2 3.93792E-2 5.30692E-2 5.43564E-2 5.58224E-2 6.12184E-2 5.70855E-2 4.94786E-2 5.17023E-2 5.1617E-2 5.56241E-2 5.98679E-2 5.9544E-2 6.03776E-2 6.17841E-2 6.18367E-2 6.28057E-2 6.44327E-2 6.02832E-2 4.41219E-2 4.4193E-2 5.5426E-2 8.02032E-2 1.03082E-1 1.03253E-1 1.04317E-1 1.10471E-1 1.07844E-1 1.09511E-1 1.14436E-1 1.15612E-1 1.20474E-1 1.2137E-1 1.19373E-1 1.15457E-1 1.13963E-1 1.06714E-1 1.10439E-1 1.13899E-1 1.13625E-1 1.10149E-1 1.08571E-1 1.07567E-1 1.04746E-1 1.08831E-1 1.07177E-1
2.05119E-2 2.08789E-2 1.76019E-2 2.02118E-2 2.48081E-2 2.29299E-2 2.55992E-2 3.55283E-2 3.73008E-2 3.67772E-2 3.69524E-2 3.53625E-2 3.45061E-2 3.34155E-2 2.49152E-2 2.29905E-2 3.9294E-2 4.81375E-2 5.11902E-2 5.47538E-2 5.21999E-2 5.21239E-2 4.89721E-2 4.84771E-2 5.40163E-2 5.68687E-2 6.19604E-2 6.34408E-2 6.61577E-2 6.59437E-2 6.76908E-2 6.87912E-2 6.82193E-2 6.87421E-2 6.23326E-2 5.74739E-2 6.38744E-2 9.36548E-2 1.0074E-1 1.04793E-1 1.06343E-1 1.06498E-1 1.0805E-1 1.11451E-1 1.16438E-1 1.12609E-1 1.15973E-1 1.22201E-1 1.17347E-1 1.15109E-1 1.15296E-1 1.14079E-1 1.18509E-1 1.22316E-1 1.1323E-1 1.12301E-1 1.15109E-1 1.15109E-1 1.11833E-1 1.08183E-1 1.10399E-1
1.70876E-2 3.02211E-2 4.15515E-2 4.40234E-2 4.21463E-2 3.69588E-2 3.59457E-2 3.36547E-2 3.34643E-2 3.30449E-2 2.89277E-2 2.93461E-2 2.77805E-2 2.22017E-2 1.91827E-2 2.9035E-2 3.85908E-2 4.52092E-2 4.31641E-2 4.60813E-2 4.60287E-2 4.05178E-2 4.60796E-2 5.20881E-2 5.84638E-2 6.10245E-2 6.55672E-2 6.5388E-2 6.69351E-2 7.02387E-2 7.47547E-2 7.36673E-2 7.33221E-2 7.17077E-2 7.31596E-2 7.10846E-2 7.91961E-2 9.72205E-2 9.9158E-2 9.87732E-2 9.99648E-2 9.83416E-2 1.02557E-1 1.05389E-1 1.02434E-1 9.87671E-2 1.03753E-1 1.07852E-1 1.0176E-1 1.07124E-1 1.0589E-1 1.10562E-1 1.18675E-1 1.15761E-1 1.03622E-1 1.09586E-1 1.12086E-1 1.10589E-1 1.09192E-1 1.05253E-1 1.06402E-1
9.42195E-3 1.5197E-2 2.70304E-2 3.87957E-2 3.91603E-2 3.74343E-2 3.52486E-2 3.45939E-2 3.4837E-2 3.42338E-2 3.37177E-2 3.17526E-2 2.9754E-2 2.80881E-2 2.89158E-2 3.59368E-2 4.13548E-2 4.23263E-2 3.9425E-2 4.03691E-2 4.2494E-2 4.08977E-2 4.19342E-2 5.0782E-2 6.07128E-2 6.40928E-2 6.36347E-2 6.34012E-2 6.9332E-2 7.46726E-2 7.62261E-2 7.50242E-2 7.22039E-2 7.2214E-2 7.7058E-2 7.78739E-2 8.41634E-2 8.60194E-2 8.67589E-2 9.33258E-2 9.86082E-2 9.92318E-2 9.98723E-2 9.83427E-2 8.69807E-2 8.6281E-2 8.82502E-2 9.49203E-2 9.70902E-2 9.33051E-2 9.24214E-2 1.04183E-1 1.12289E-1 9.98355E-2 9.73944E-2 9.87401E-2 9.93258E-2 9.64984E-2 9.74198E-2 9.70168E-2 9.98723E-2
9.16588E-3 1.13031E-2 1.69246E-2 2.74876E-2 3.33296E-2 3.49695E-2 3.35568E-2 3.38074E-2 3.34186E-2 3.39832E-2 3.39957E-2 3.23896E-2 3.17276E-2 3.00627E-2 3.12426E-2 3.42734E-2 3.55796E-2 3.65982E-2 3.7176E-2 3.70911E-2 3.84206E-2 3.77973E-2 4.07502E-2 4.55282E-2 5.36454E-2 6.13863E-2 6.76844E-2 6.9268E-2 6.76811E-2 7.07914E-2 7.12522E-2 7.34316E-2 6.82258E-2 7.43789E-2 7.77657E-2 7.94695E-2 7.80144E-2 7.47006E-2 8.13096E-2 8.7606E-2 9.1587E-2 9.28367E-2 8.71176E-2 8.58803E-2 8.40561E-2 8.49432E-2 8.44791E-2 8.98042E-2 9.4732E-2 9.53642E-2 9.58201E-2 9.79802E-2 9.27029E-2 9.23865E-2 9.4193E-2 9.67715E-2 9.90693E-2 1.01645E-1 1.03768E-1 1.01739E-1 1.01289E-1
1.15176E-2 8.78448E-3 1.0468E-2 1.84813E-2 2.82419E-2 3.19864E-2 3.31009E-2 3.26661E-2 3.28311E-2 3.28537E-2 3.3387E-2 3.24479E-2 3.11621E-2 2.91021E-2 3.3741E-2 3.35394E-2 3.337E-2 3.53068E-2 3.88878E-2 4.43143E-2 5.00373E-2 4.78073E-2 4.80016E-2 5.24294E-2 5.46731E-2 5.31671E-2 5.72602E-2 6.08878E-2 5.78792E-2 5.84168E-2 5.76012E-2 6.15979E-2 6.32537E-2 6.94933E-2 8.00767E-2 7.87426E-2 7.7586E-2 7.82119E-2 8.60181E-2 9.07795E-2 8.97707E-2 8.56882E-2 8.3109E-2 7.91883E-2 8.1229E-2 8.23902E-2 8.40733E-2 8.5748E-2 8.95164E-2 9.13696E-2 9.04817E-2 9.15237E-2 9.50928E-2 9.70616E-2 9.92732E-2 1.02755E-1 1.0215E-1 1.03264E-1 1.03874E-1 1.06429E-1 1.10669E-1
1.33928E-2 1.2996E-2 9.86236E-3 1.07902E-2 1.85291E-2 2.70852E-2 3.03864E-2 3.09563E-2 3.15041E-2 2.56773E-2 2.56304E-2 2.79956E-2 2.51293E-2 2.19072E-2 2.48326E-2 2.89928E-2 3.07527E-2 3.39686E-2 3.90019E-2 3.48141E-2 3.39197E-2 4.2246E-2 3.93269E-2 4.28315E-2 5.16281E-2 5.79599E-2 5.23435E-2 5.35521E-2 5.03712E-2 4.67756E-2 4.73743E-2 5.17346E-2 5.05229E-2 5.18783E-2 6.12807E-2 6.8495E-2 7.49414E-2 9.056E-2 9.26149E-2 9.00855E-2 8.47626E-2 7.77229E-2 7.65188E-2 7.85205E-2 8.18786E-2 8.11055E-2 7.92629E-2 8.23093E-2 8.65867E-2 9.03162E-2 9.22885E-2 9.44078E-2 9.81526E-2 1.00645E-1 1.00215E-1 9.87827E-2 1.02656E-1 1.10962E-1 1.18498E-1 1.17112E-1 1.18027E-1
1.31002E-2 1.31207E-2 1.50225E-2 1.30049E-2 1.31995E-2 1.83674E-2 2.27161E-2 2.73139E-2 2.4668E-2 2.36347E-2 2.58454E-2 2.66478E-2 2.63967E-2 2.68344E-2 2.90582E-2 3.07487E-2 2.81921E-2 3.4598E-2 3.64365E-2 3.14779E-2 2.288E-2 2.39146E-2 2.69011E-2 3.05705E-2 4.7327E-2 5.89397E-2 5.37231E-2 5.64379E-2 5.59675E-2 4.9465E-2 4.94476E-2 6.16607E-2 5.46492E-2 5.43347E-2 5.60439E-2 5.81672E-2 6.75308E-2 7.77619E-2 7.64274E-2 7.51917E-2 7.59749E-2 8.05976E-2 7.80767E-2 7.58149E-2 7.56264E-2 7.46229E-2 7.53362E-2 7.91305E-2 8.25844E-2 8.61586E-2 9.05073E-2 9.32153E-2 9.66175E-2 9.53926E-2 9.55714E-2 9.85102E-2 1.02032E-1 1.04485E-1 1.0978E-1 1.13459E-1 1.06711E-1
1.35075E-2 1.34985E-2 1.38213E-2 1.34051E-2 1.40329E-2 1.56694E-2 1.61752E-2 1.89906E-2 2.15595E-2 2.26224E-2 2.37657E-2 2.50859E-2 2.66105E-2 2.98304E-2 3.03072E-2 2.98824E-2 3.11018E-2 2.84259E-2 2.57197E-2 2.7447E-2 1.99632E-2 1.788E-2 1.88083E-2 2.32186E-2 3.21302E-2 4.12167E-2 5.32846E-2 6.1226E-2 6.14089E-2 5.71646E-2 6.41091E-2 6.82937E-2 6.26844E-2 6.05878E-2 6.04171E-2 6.07276E-2 6.29579E-2 6.58743E-2 7.08347E-2 7.58795E-2 7.93215E-2 8.11322E-2 7.75652E-2 7.29977E-2 7.14766E-2 7.33352E-2 7.55487E-2 7.99293E-2 8.31245E-2 8.52265E-2 8.87864E-2 9.28088E-2 9.54179E-2 9.23776E-2 9.581E-2 9.49028E-2 9.58939E-2 9.81063E-2 9.81433E-2 1.00681E-1 1.00584E-1
1.38029E-2 1.41262E-2 1.38165E-2 1.42415E-2 1.49832E-2 1.77784E-2 1.96405E-2 2.09059E-2 2.12217E-2 2.02188E-2 1.79954E-2 1.59892E-2 2.06669E-2 2.38422E-2 2.18067E-2 2.46694E-2 2.88267E-2 2.54357E-2 2.19617E-2 2.32069E-2 2.47097E-2 2.41371E-2 2.16668E-2 2.08032E-2 2.34144E-2 3.13011E-2 5.50335E-2 7.42904E-2 7.60447E-2 8.16083E-2 8.52363E-2 8.14852E-2 7.75143E-2 7.0735E-2 6.26288E-2 5.8735E-2 6.09314E-2 6.49454E-2 7.16027E-2 7.80146E-2 8.36999E-2 8.27806E-2 8.07229E-2 7.77024E-2 7.19663E-2 7.22276E-2 7.67081E-2 7.73592E-2 7.9634E-2 8.32574E-2 8.61863E-2 9.07759E-2 9.20299E-2 9.45465E-2 9.69779E-2 9.52078E-2 9.444E-2 9.68179E-2 9.66704E-2 9.73467E-2 9.73317E-2
1.7522E-2 1.54895E-2 1.62505E-2 1.73143E-2 1.64564E-2 1.88195E-2 1.93484E-2 2.03962E-2 2.19303E-2 2.27399E-2 2.20399E-2 2.15329E-2 2.30171E-2 2.53166E-2 2.54569E-2 2.37166E-2 2.53763E-2 2.34706E-2 2.28616E-2 2.39384E-2 2.58233E-2 2.82719E-2 2.5635E-2 2.32795E-2 2.38774E-2 2.73656E-2 5.66782E-2 7.83767E-2 7.99517E-2 7.69143E-2 8.2844E-2 8.6333E-2 8.13222E-2 7.76489E-2 7.37065E-2 6.95048E-2 6.57287E-2 6.85271E-2 7.33201E-2 8.05389E-2 8.47045E-2 8.44575E-2 8.06947E-2 7.94551E-2 7.38621E-2 7.26615E-2 7.76675E-2 8.01314E-2 8.46247E-2 8.75897E-2 9.07887E-2 9.26849E-2 9.27584E-2 9.27224E-2 9.44524E-2 9.71905E-2 9.79823E-2 9.75453E-2 9.89714E-2 1.00785E-1 1.00723E-1
1.97886E-2 1.79456E-2 1.89099E-2 1.85144E-2 1.94999E-2 2.04952E-2 2.04912E-2 2.21455E-2 2.1608E-2 2.12421E-2 2.21584E-2 2.28947E-2 2.40587E-2 2.40433E-2 2.67344E-2 2.70142E-2 2.85679E-2 2.62229E-2 2.41132E-2 2.5285E-2 2.89627E-2 2.90448E-2 2.81954E-2 2.59132E-2 2.52145E-2 3.14951E-2 5.41749E-2 6.32822E-2 6.9121E-2 6.99375E-2 8.35041E-2 8.51252E-2 8.3821E-2 8.42727E-2 8.12422E-2 8.24967E-2 8.12823E-2 7.68657E-2 7.71544E-2 8.08548E-2 8.47007E-2 8.42645E-2 8.13659E-2 8.11411E-2 7.66281E-2 7.70963E-2 7.97023E-2 8.38249E-2 8.71305E-2 8.95667E-2 9.13645E-2 9.30128E-2 9.29149E-2 9.4106E-2 9.69201E-2 1.01068E-1 1.01848E-1 1.0036E-1 1.00047E-1 9.94524E-2 1.01605E-1
1.99131E-2 1.75686E-2 2.21075E-2 2.28226E-2 2.19988E-2 2.2557E-2 2.09024E-2 2.05721E-2 2.20385E-2 2.0612E-2 1.98093E-2 1.94295E-2 2.14224E-2 2.25646E-2 2.50444E-2 2.84218E-2 2.86786E-2 2.42113E-2 2.31252E-2 2.39732E-2 2.71897E-2 2.73372E-2 2.71439E-2 2.66787E-2 2.50704E-2 2.96355E-2 3.99965E-2 4.44713E-2 5.85195E-2 6.24273E-2 6.49444E-2 7.79574E-2 8.35421E-2 8.10666E-2 7.54885E-2 8.54683E-2 9.18584E-2 9.02241E-2 8.67877E-2 8.4894E-2 8.45395E-2 8.50632E-2 8.55319E-2 8.43187E-2 8.17636E-2 8.14483E-2 8.24359E-2 8.46275E-2 8.78145E-2 9.13082E-2 9.07413E-2 9.01728E-2 9.13583E-2 9.47902E-2 9.82006E-2 1.01201E-1 1.01987E-1 9.92982E-2 1.00724E-1 1.0357E-1 1.03614E-1
2.24374E-2 2.10177E-2 2.43237E-2 2.51973E-2 2.31522E-2 2.44628E-2 2.20586E-2 2.005E-2 1.96692E-2 2.11509E-2 2.06756E-2 1.99598E-2 1.93624E-2 1.79794E-2 2.22757E-2 2.57376E-2 2.73522E-2 2.27004E-2 1.96611E-2 1.98548E-2 2.11185E-2 2.53492E-2 2.75381E-2 2.61201E-2 2.36381E-2 2.23835E-2 3.56179E-2 4.52724E-2 5.17235E-2 5.64775E-2 6.10589E-2 6.86805E-2 7.28186E-2 7.13145E-2 7.2365E-2 7.59056E-2 7.88247E-2 8.48261E-2 8.98509E-2 8.90073E-2 8.87519E-2 9.00432E-2 8.63393E-2 8.72488E-2 8.72905E-2 8.63448E-2 8.63702E-2 8.79344E-2 8.97971E-2 9.15107E-2 9.37101E-2 9.40313E-2 9.40466E-2 9.67138E-2 9.99824E-2 9.90582E-2 9.95688E-2 9.96038E-2 1.02146E-1 1.07962E-1 1.09803E-1
2.41349E-2 2.3648E-2 2.29464E-2 2.15523E-2 2.32813E-2 2.01652E-2 2.0186E-2 1.9276E-2 1.97647E-2 2.10095E-2 2.27626E-2 2.28919E-2 2.06828E-2 1.71528E-2 1.73843E-2 1.88142E-2 2.19918E-2 2.19045E-2 1.81116E-2 1.46313E-2 1.21282E-2 2.10831E-2 2.74433E-2 2.57705E-2 2.43591E-2 2.02926E-2 3.12776E-2 3.93491E-2 4.38035E-2 4.82237E-2 5.27482E-2 5.90425E-2 5.96911E-2 6.04624E-2 6.43928E-2 6.63598E-2 7.06259E-2 7.57125E-2 7.69218E-2 8.09986E-2 8.329E-2 8.6445E-2 9.06282E-2 9.27055E-2 9.58772E-2 9.42557E-2 9.38233E-2 9.35512E-2 9.41629E-2 9.5192E-2 9.98756E-2 1.03334E-1 1.01439E-1 1.00225E-1 9.90601E-2 9.85775E-2 1.00967E-1 1.02666E-1 1.04216E-1 1.10042E-1 1.13325E-1
2.58553E-2 2.19351E-2 2.01692E-2 1.88775E-2 2.13923E-2 1.8481E-2 1.84265E-2 2.10668E-2 2.20208E-2 2.20336E-2 2.23131E-2 2.31314E-2 2.28685E-2 1.69165E-2 1.69079E-2 1.66741E-2 1.83255E-2 2.02264E-2 1.8365E-2 1.54392E-2 1.37068E-2 2.04385E-2 2.82003E-2 2.85204E-2 2.58197E-2 1.97649E-2 2.74634E-2 3.78226E-2 4.34774E-2 4.78708E-2 5.25837E-2 5.7784E-2 6.06656E-2 6.27522E-2 6.52311E-2 6.83773E-2 7.17169E-2 7.39241E-2 7.68005E-2 7.98273E-2 8.26004E-2 8.6061E-2 8.92001E-2 9.04552E-2 9.43623E-2 9.93109E-2 1.01564E-1 1.01592E-1 1.02908E-1 1.02238E-1 1.04653E-1 1.07279E-1 1.06737E-1 1.03354E-1 9.976E-2 9.94956E-2 9.73092E-2 1.01853E-1 1.1028E-1 1.1463E-1 1.14769E-1
2.89518E-2 2.29419E-2 1.92184E-2 1.77101E-2 1.80705E-2 1.98832E-2 2.04806E-2 2.17596E-2 2.20883E-2 2.20246E-2 2.23049E-2 2.22028E-2 2.21425E-2 1.87091E-2 1.72656E-2 1.67649E-2 1.50412E-2 1.66132E-2 1.70161E-2 1.63738E-2 1.61893E-2 1.78727E-2 2.4647E-2 2.84304E-2 2.48856E-2 2.36624E-2 2.78386E-2 3.84632E-2 4.81419E-2 5.15089E-2 5.59374E-2 5.90093E-2 6.09095E-2 5.94349E-2 6.10279E-2 6.54623E-2 7.00506E-2 7.49185E-2 8.05361E-2 8.03303E-2 8.27781E-2 8.82549E-2 9.27648E-2 9.57966E-2 9.82345E-2 9.97999E-2 1.01824E-1 1.04442E-1 1.04741E-1 1.04241E-1 1.03954E-1 1.04943E-1 1.04768E-1 1.09455E-1 1.11163E-1 1.09783E-1 1.05902E-1 1.05546E-1 1.05586E-1 1.11758E-1 1.19599E-1
2.57792E-2 2.42144E-2 2.48065E-2 2.39986E-2 1.90134E-2 2.18976E-2 2.2609E-2 2.08377E-2 2.16946E-2 2.32263E-2 2.32382E-2 2.31499E-2 2.27101E-2 2.03177E-2 1.63449E-2 1.56087E-2 1.53328E-2 1.19813E-2 1.42671E-2 1.3887E-2 1.39294E-2 1.51909E-2 1.76072E-2 1.76949E-2 2.5084E-2 3.55464E-2 4.32637E-2 5.59753E-2 5.75692E-2 5.95337E-2 6.1655E-2 6.30356E-2 5.95789E-2 5.72424E-2 6.22583E-2 6.74634E-2 7.73057E-2 8.08317E-2 8.10085E-2 8.37736E-2 8.76074E-2 9.27521E-2 9.60092E-2 9.71872E-2 9.84807E-2 9.77167E-2 1.00833E-1 1.02282E-1 1.03243E-1 1.01173E-1 1.01808E-1 1.02955E-1 1.01542E-1 1.02409E-1 1.0916E-1 1.14295E-1 1.16432E-1 1.18154E-1 1.17903E-1 1.16918E-1 1.18404E-1
1.5014E-2 1.48112E-2 1.66953E-2 2.26495E-2 2.7968E-2 2.67034E-2 2.27454E-2 2.02718E-2 2.16407E-2 2.28069E-2 2.16497E-2 2.13693E-2 2.06032E-2 1.8321E-2 1.70167E-2 1.49409E-2 1.5362E-2 1.172E-2 1.23901E-2 1.25145E-2 1.22249E-2 1.20583E-2 1.40326E-2 1.39739E-2 2.5606E-2 3.85545E-2 5.47315E-2 6.25254E-2 6.07143E-2 6.40592E-2 6.55636E-2 6.48115E-2 6.26847E-2 6.22308E-2 6.80816E-2 7.30098E-2 7.6852E-2 7.9567E-2 8.25836E-2 8.72718E-2 8.76164E-2 8.68829E-2 8.6852E-2 9.10211E-2 9.71056E-2 1.00039E-1 1.03614E-1 1.03297E-1 1.05604E-1 1.03603E-1 1.03042E-1 1.06445E-1 1.07238E-1 1.11111E-1 1.14044E-1 1.12326E-1 1.10833E-1 1.15705E-1 1.22459E-1 1.27967E-1 1.28512E-1
2.15477E-2 2.22073E-2 2.05752E-2 2.37568E-2 2.70219E-2 2.45565E-2 2.40227E-2 2.35822E-2 2.13801E-2 2.10558E-2 2.05389E-2 1.99775E-2 1.96219E-2 1.87375E-2 1.79183E-2 1.70529E-2 1.3872E-2 1.14901E-2 1.27261E-2 1.22783E-2 1.16564E-2 1.1728E-2 1.08808E-2 1.11802E-2 1.53929E-2 2.94799E-2 4.93364E-2 6.48857E-2 5.99947E-2 6.32353E-2 6.55058E-2 6.6805E-2 6.67795E-2 6.53819E-2 6.66352E-2 6.94185E-2 7.36749E-2 7.94353E-2 8.23197E-2 7.96973E-2 8.04962E-2 8.50917E-2 8.81757E-2 9.53699E-2 9.90489E-2 9.9987E-2 1.01369E-1 1.04209E-1 1.06082E-1 1.05025E-1 1.0503E-1 1.09988E-1 1.14741E-1 1.14253E-1 1.18828E-1 1.196E-1 1.18693E-1 1.20842E-1 1.21769E-1 1.22867E-1 1.25353E-1
