maxent_outputs/white_flowers_linear/white_54.asc
ncols         426
nrows         180
xllcorner     -130.0
yllcorner     24.0
cellsize      0.16666666666666666
NODATA_value  -9999
[rows 81 to 107 of 180, columns 61 to 121 of 426]
1.93922E-1 1.57941E-1 1.89361E-1 1.57487E-1 1.60824E-1 1.71922E-1 1.66553E-1 1.36065E-1 1.4798E-1 1.2623E-1 1.40521E-1 1.52126E-1 1.27989E-1 1.26807E-1 1.28951E-1 1.32043E-1 1.28709E-1 1.08618E-1 1.06768E-1 1.15152E-1 1.03179E-1 9.70787E-2 8.86186E-2 8.49773E-2 8.77482E-2 8.17074E-2 7.96357E-2 8.31388E-2 8.80149E-2 8.47255E-2 8.69709E-2 8.53375E-2 8.29082E-2 9.14888E-2 1.20918E-1 1.32187E-1 1.41797E-1 1.38117E-1 1.411E-1 1.42815E-1 1.43705E-1 1.27613E-1 1.21538E-1 9.07647E-2 1.08022E-1 7.97674E-2 9.45853E-2 1.15448E-1 1.02421E-1 6.68309E-2 6.40612E-2 5.46173E-2 4.75414E-2 5.1556E-2 5.76096E-2 5.88506E-2 5.64509E-2 5.53516E-2 5.62635E-2 5.06126E-2 5.3057E-2
1.9639E-1 2.02413E-1 1.80398E-1 1.7959E-1 1.464E-1 1.78631E-1 1.50832E-1 1.61681E-1 1.59922E-1 1.37817E-1 1.38955E-1 1.39637E-1 1.41011E-1 1.44072E-1 1.3106E-1 1.31899E-1 1.31354E-1 1.10913E-1 1.24572E-1 1.09236E-1 9.64282E-2 9.6637E-2 8.77383E-2 8.87366E-2 9.02547E-2 7.89233E-2 9.37702E-2 8.77551E-2 7.97023E-2 7.80618E-2 8.57249E-2 8.94319E-2 9.07587E-2 9.46488E-2 1.05086E-1 1.1516E-1 1.26958E-1 1.26167E-1 1.37742E-1 1.41635E-1 1.38942E-1 1.34583E-1 1.19556E-1 1.02388E-1 1.02485E-1 1.05746E-1 9.74166E-2 1.11878E-1 1.24418E-1 8.20281E-2 6.34673E-2 4.91055E-2 4.55184E-2 5.68638E-2 6.49503E-2 7.40057E-2 6.42934E-2 5.67645E-2 5.25282E-2 5.00118E-2 5.01193E-2
1.48156E-1 2.16707E-1 1.95475E-1 1.67227E-1 1.45075E-1 1.68077E-1 1.62496E-1 1.72726E-1 1.5375E-1 1.62778E-1 1.4798E-1 1.35677E-1 1.66911E-1 1.61342E-1 1.315E-1 1.30801E-1 1.18592E-1 1.19127E-1 1.11985E-1 9.5773E-2 9.69228E-2 9.37264E-2 8.82992E-2 8.07715E-2 9.24108E-2 8.26658E-2 1.00033E-1 8.16274E-2 7.68037E-2 6.79871E-2 8.62774E-2 8.88641E-2 8.84258E-2 9.35336E-2 9.78639E-2 9.66168E-2 1.20926E-1 1.22923E-1 1.31089E-1 1.4051E-1 1.2858E-1 1.27266E-1 1.24442E-1 1.04361E-1 1.00131E-1 1.02077E-1 1.0111E-1 1.10553E-1 9.92291E-2 8.91646E-2 7.10617E-2 5.24917E-2 4.17681E-2 5.06482E-2 6.79583E-2 7.0563E-2 6.76254E-2 5.82448E-2 5.52227E-2 5.65515E-2 5.5473E-2
1.35163E-1 1.78661E-1 2.10898E-1 1.86163E-1 1.77638E-1 1.84872E-1 1.86147E-1 1.76733E-1 1.67105E-1 1.52285E-1 1.33886E-1 1.87518E-1 1.59783E-1 1.43506E-1 1.1624E-1 1.24067E-1 1.22845E-1 1.10653E-1 1.01029E-1 8.80391E-2 8.34704E-2 8.50107E-2 8.94865E-2 8.21679E-2 8.54915E-2 8.67761E-2 8.6238E-2 8.12019E-2 7.70095E-2 8.50298E-2 9.47649E-2 7.87272E-2 7.86995E-2 9.3705E-2 9.15128E-2 7.56719E-2 1.15588E-1 1.22301E-1 1.37109E-1 1.38871E-1 1.3533E-1 1.23108E-1 1.22732E-1 1.09823E-1 8.75803E-2 9.02806E-2 9.57712E-2 1.06571E-1 7.75362E-2 6.98489E-2 6.56839E-2 5.67059E-2 4.39594E-2 4.77547E-2 5.2645E-2 5.61893E-2 6.3922E-2 6.66686E-2 6.19831E-2 6.38743E-2 6.20462E-2
1.44931E-1 1.42598E-1 1.43983E-1 1.84497E-1 1.91693E-1 1.96773E-1 1.87344E-1 1.72019E-1 1.55993E-1 1.44355E-1 1.84339E-1 1.76174E-1 1.22354E-1 1.16068E-1 1.1379E-1 1.17534E-1 1.1153E-1 8.55466E-2 1.08141E-1 9.12559E-2 8.50824E-2 8.61444E-2 9.16247E-2 8.26823E-2 8.51412E-2 8.38645E-2 7.46081E-2 7.68907E-2 7.60781E-2 7.75696E-2 9.53487E-2 8.08646E-2 9.89617E-2 8.79694E-2 7.8057E-2 8.54421E-2 1.21955E-1 1.26013E-1 1.37712E-1 1.38716E-1 1.22083E-1 1.2296E-1 1.20432E-1 1.16438E-1 1.13259E-1 1.03901E-1 9.72191E-2 9.89964E-2 7.65228E-2 6.50792E-2 5.8269E-2 4.00141E-2 4.04604E-2 6.01437E-2 5.94584E-2 5.93213E-2 6.14751E-2 7.12595E-2 7.62919E-2 7.15826E-2 6.31762E-2
1.64241E-1 1.59641E-1 1.65148E-1 1.92824E-1 1.97261E-1 1.89322E-1 1.71168E-1 1.59308E-1 1.49304E-1 1.29418E-1 1.69691E-1 1.03198E-1 1.10262E-1 1.0607E-1 9.972E-2 1.12891E-1 1.05142E-1 9.37191E-2 9.0956E-2 9.14478E-2 7.81979E-2 8.00351E-2 8.4518E-2 8.10221E-2 8.4873E-2 8.83302E-2 7.24305E-2 7.3604E-2 7.62141E-2 8.20753E-2 8.86092E-2 7.53639E-2 1.0018E-1 8.87721E-2 9.95908E-2 1.16559E-1 1.22564E-1 1.3368E-1 1.41166E-1 1.35122E-1 1.29933E-1 1.26127E-1 1.22484E-1 1.14571E-1 1.18254E-1 1.1859E-1 1.04839E-1 9.32856E-2 7.02705E-2 7.73162E-2 6.4432E-2 3.83286E-2 4.89514E-2 7.63066E-2 7.67093E-2 7.52229E-2 7.18357E-2 5.18948E-2 8.43082E-2 7.60686E-2 6.89865E-2
1.37159E-1 1.38794E-1 1.6867E-1 1.82707E-1 1.87616E-1 1.76773E-1 1.57309E-1 1.64308E-1 1.55879E-1 1.52061E-1 1.47638E-1 1.20873E-1 8.98895E-2 9.8041E-2 9.60185E-2 1.06907E-1 8.75069E-2 1.16995E-1 1.07143E-1 8.26861E-2 7.88984E-2 8.14021E-2 8.02858E-2 8.24773E-2 8.59351E-2 7.84869E-2 7.00272E-2 6.85118E-2 6.76186E-2 7.72895E-2 7.66985E-2 6.4481E-2 9.67515E-2 6.91523E-2 1.03466E-1 1.1277E-1 1.29221E-1 1.34672E-1 1.28607E-1 1.19275E-1 1.34225E-1 1.3043E-1 1.0975E-1 1.11373E-1 1.17123E-1 1.00988E-1 9.78033E-2 9.17047E-2 6.8225E-2 7.05175E-2 4.79769E-2 4.14558E-2 5.77349E-2 7.2314E-2 7.06304E-2 8.27338E-2 8.70296E-2 7.94461E-2 9.53526E-2 8.15781E-2 6.19992E-2
1.25844E-1 1.52257E-1 1.51759E-1 1.86845E-1 1.72478E-1 1.67301E-1 1.68841E-1 1.65589E-1 1.70026E-1 1.47726E-1 1.33066E-1 1.21294E-1 8.8642E-2 9.21956E-2 9.07812E-2 8.858E-2 9.28017E-2 1.22561E-1 9.32717E-2 7.9381E-2 7.32097E-2 7.74047E-2 7.77982E-2 7.88879E-2 7.91623E-2 7.31042E-2 5.91399E-2 5.82428E-2 6.5776E-2 6.93679E-2 6.50676E-2 6.57388E-2 9.73793E-2 6.32945E-2 9.60151E-2 1.14061E-1 1.14388E-1 1.3548E-1 1.20438E-1 1.32683E-1 1.31201E-1 1.14457E-1 1.07173E-1 1.09624E-1 1.05872E-1 9.52586E-2 9.04201E-2 9.333E-2 8.71479E-2 5.85623E-2 3.82787E-2 5.15072E-2 7.59085E-2 6.59593E-2 7.34218E-2 8.11412E-2 8.98167E-2 9.7081E-2 1.03405E-1 8.96125E-2 5.6964E-2
1.35567E-1 1.12879E-1 1.25083E-1 1.70073E-1 1.55953E-1 1.70196E-1 1.78229E-1 1.72366E-1 1.4706E-1 1.44194E-1 1.34146E-1 1.28352E-1 9.47809E-2 7.61019E-2 8.6336E-2 8.11351E-2 1.20963E-1 1.06413E-1 6.84988E-2 7.60439E-2 6.18292E-2 6.57E-2 7.711E-2 7.31748E-2 8.40126E-2 8.24915E-2 6.03264E-2 6.74868E-2 7.68898E-2 6.76934E-2 6.50089E-2 8.19273E-2 9.41613E-2 9.47567E-2 1.20637E-1 1.20181E-1 1.25199E-1 1.10407E-1 1.30457E-1 1.4018E-1 1.49682E-1 1.27053E-1 1.10494E-1 1.11019E-1 9.8815E-2 9.42765E-2 7.1404E-2 8.59738E-2 8.10277E-2 4.95037E-2 3.77289E-2 6.07457E-2 7.29628E-2 7.02852E-2 7.95552E-2 8.56446E-2 9.73581E-2 9.86566E-2 1.00592E-1 9.27593E-2 8.70052E-2
1.31775E-1 1.15112E-1 1.27412E-1 1.62611E-1 1.64298E-1 1.46848E-1 1.80801E-1 1.69477E-1 1.73189E-1 1.76046E-1 1.61981E-1 1.4824E-1 9.68775E-2 8.63183E-2 6.93198E-2 7.71836E-2 1.17722E-1 8.23344E-2 7.4136E-2 6.39188E-2 6.8988E-2 7.24794E-2 7.5876E-2 7.86447E-2 8.79287E-2 9.31821E-2 6.64267E-2 8.20102E-2 9.51855E-2 7.74761E-2 6.34146E-2 8.35292E-2 8.76743E-2 6.1152E-2 1.07439E-1 1.12751E-1 1.189E-1 1.06961E-1 1.25876E-1 1.36894E-1 1.41123E-1 1.25008E-1 1.1111E-1 1.04251E-1 9.93543E-2 6.99251E-2 6.48257E-2 8.60386E-2 7.11915E-2 5.15014E-2 5.12602E-2 7.65011E-2 7.6185E-2 7.26603E-2 7.19274E-2 7.77882E-2 1.00758E-1 9.32529E-2 9.61105E-2 9.24973E-2 8.86441E-2
1.00399E-1 9.36433E-2 1.35435E-1 1.45075E-1 1.49251E-1 1.37332E-1 1.68132E-1 1.60951E-1 1.32726E-1 1.39418E-1 1.52872E-1 1.36817E-1 1.11486E-1 8.81909E-2 6.37689E-2 7.82678E-2 1.10813E-1 5.66614E-2 7.1828E-2 5.71216E-2 7.02873E-2 7.48891E-2 7.95436E-2 7.84466E-2 8.97455E-2 1.00188E-1 9.22207E-2 9.37602E-2 1.07275E-1 7.67396E-2 6.7908E-2 9.26526E-2 9.40167E-2 7.86044E-2 1.07578E-1 1.04653E-1 1.0285E-1 1.09604E-1 1.23162E-1 1.24728E-1 1.21973E-1 1.09302E-1 1.08626E-1 1.01997E-1 7.95692E-2 5.78865E-2 8.41593E-2 6.19756E-2 4.40093E-2 3.70939E-2 6.21894E-2 9.39716E-2 9.15303E-2 8.03669E-2 7.60927E-2 9.35238E-2 9.13243E-2 9.49891E-2 1.02487E-1 9.58818E-2 9.73459E-2
6.81113E-2 8.14615E-2 1.00346E-1 8.82005E-2 8.77039E-2 1.23243E-1 1.12724E-1 2.00334E-1 1.6453E-1 1.57603E-1 1.25698E-1 1.16188E-1 1.11527E-1 1.27027E-1 1.14167E-1 1.13495E-1 9.011E-2 7.41648E-2 6.68213E-2 7.60152E-2 7.85934E-2 8.99762E-2 9.22719E-2 9.04938E-2 9.83015E-2 8.77448E-2 7.77805E-2 9.89437E-2 1.14322E-1 9.26577E-2 8.75808E-2 9.29896E-2 1.01246E-1 1.06148E-1 1.05621E-1 9.05018E-2 1.06337E-1 1.02444E-1 1.20573E-1 1.09051E-1 1.05244E-1 1.01784E-1 9.99134E-2 7.98552E-2 6.06136E-2 7.72633E-2 5.96969E-2 4.27426E-2 3.6527E-2 3.9147E-2 6.16978E-2 9.43733E-2 9.49151E-2 1.07805E-1 1.04471E-1 8.83291E-2 8.61185E-2 8.8145E-2 1.05901E-1 1.03798E-1 1.02703E-1
6.54983E-2 5.27542E-2 5.94511E-2 5.8043E-2 9.91037E-2 1.08531E-1 7.94827E-2 1.39711E-1 1.30313E-1 1.38232E-1 1.70811E-1 1.07658E-1 1.3322E-1 1.45192E-1 1.49913E-1 1.23415E-1 1.00102E-1 8.83838E-2 6.97857E-2 8.99401E-2 8.15499E-2 9.87718E-2 9.92905E-2 1.0664E-1 9.00984E-2 9.2209E-2 7.95566E-2 1.10325E-1 1.16757E-1 1.01883E-1 1.04706E-1 9.59657E-2 1.00952E-1 9.22169E-2 1.01279E-1 8.76924E-2 1.0464E-1 9.94387E-2 1.17721E-1 1.07007E-1 1.05743E-1 9.86438E-2 7.42755E-2 6.54429E-2 4.16689E-2 6.58974E-2 5.03932E-2 4.77726E-2 4.41567E-2 5.3679E-2 5.72503E-2 9.6334E-2 1.12315E-1 1.17028E-1 1.11686E-1 1.00673E-1 9.41269E-2 9.23603E-2 1.10984E-1 1.2092E-1 1.27351E-1
5.92326E-2 4.78634E-2 4.99649E-2 6.89903E-2 5.21282E-2 6.16482E-2 6.54453E-2 9.95128E-2 1.23997E-1 1.42493E-1 1.80999E-1 1.5376E-1 1.31829E-1 1.5507E-1 1.68086E-1 1.33018E-1 1.25433E-1 9.9693E-2 9.88057E-2 1.06917E-1 9.86758E-2 1.03669E-1 1.12576E-1 1.0983E-1 1.01535E-1 7.82069E-2 1.03951E-1 1.243E-1 1.30145E-1 1.24118E-1 1.28687E-1 1.07723E-1 9.26866E-2 8.26791E-2 8.41288E-2 8.06174E-2 8.67097E-2 8.35937E-2 1.02528E-1 1.07874E-1 1.06572E-1 1.03656E-1 9.07749E-2 7.30764E-2 4.32735E-2 7.08933E-2 6.09456E-2 4.46106E-2 3.4391E-2 4.35312E-2 5.53135E-2 9.22176E-2 1.15145E-1 1.10372E-1 1.07118E-1 1.06506E-1 1.16297E-1 9.70979E-2 1.06211E-1 1.30783E-1 1.26932E-1
8.17088E-2 5.47905E-2 4.40329E-2 4.88623E-2 7.80006E-2 9.12052E-2 7.07483E-2 9.37724E-2 1.14403E-1 1.21106E-1 1.74715E-1 1.81433E-1 1.57659E-1 1.66318E-1 1.41525E-1 1.33036E-1 1.36756E-1 1.25137E-1 1.18061E-1 1.13821E-1 9.47032E-2 1.03734E-1 1.16967E-1 1.1297E-1 7.56412E-2 1.03404E-1 1.20675E-1 1.27889E-1 1.25909E-1 1.44161E-1 1.45183E-1 1.1601E-1 1.11009E-1 9.56597E-2 8.46881E-2 7.91979E-2 8.73638E-2 1.00357E-1 1.10881E-1 1.02331E-1 9.9217E-2 8.47029E-2 8.00927E-2 6.76312E-2 5.32266E-2 5.48717E-2 4.6827E-2 4.63218E-2 2.52251E-2 2.95571E-2 3.52436E-2 7.2631E-2 1.03616E-1 8.67356E-2 7.65957E-2 1.1598E-1 1.34904E-1 1.14612E-1 1.12665E-1 1.06824E-1 1.10652E-1
1.44885E-1 8.80801E-2 5.63017E-2 3.91993E-2 8.05587E-2 7.54376E-2 8.09205E-2 9.04044E-2 9.57919E-2 9.41259E-2 1.61182E-1 1.65977E-1 1.56989E-1 1.57301E-1 1.57868E-1 1.52733E-1 1.38468E-1 1.29676E-1 1.24328E-1 1.09041E-1 8.27447E-2 9.61912E-2 1.121E-1 1.14696E-1 1.16891E-1 1.11596E-1 1.20422E-1 1.26594E-1 1.37635E-1 1.51977E-1 1.43699E-1 1.13051E-1 1.21285E-1 1.16647E-1 8.64576E-2 9.04673E-2 1.03866E-1 1.01817E-1 1.02876E-1 1.04426E-1 1.04669E-1 8.90704E-2 7.44833E-2 5.37788E-2 5.79404E-2 4.42804E-2 4.72347E-2 3.88824E-2 4.32E-2 6.42847E-2 7.90917E-2 9.66413E-2 9.82276E-2 1.11876E-1 8.45121E-2 1.28524E-1 1.60278E-1 1.3127E-1 1.02664E-1 8.22242E-2 7.5685E-2
1.73416E-1 1.02877E-1 5.81775E-2 3.54857E-2 5.83931E-2 6.69102E-2 6.17157E-2 8.62176E-2 1.19073E-1 5.93759E-2 1.50056E-1 1.22535E-1 1.30224E-1 1.9356E-1 1.44618E-1 1.37157E-1 1.48222E-1 1.39698E-1 1.28822E-1 1.17555E-1 1.08293E-1 1.00966E-1 1.11289E-1 1.20961E-1 1.22042E-1 1.1173E-1 1.09784E-1 1.41763E-1 1.56938E-1 1.50398E-1 1.39593E-1 1.347E-1 1.31247E-1 1.11093E-1 9.28724E-2 1.00507E-1 9.63271E-2 9.8028E-2 1.07045E-1 1.1077E-1 1.0292E-1 6.3765E-2 4.42557E-2 4.54545E-2 5.50776E-2 4.50599E-2 4.91265E-2 4.82882E-2 7.08388E-2 9.06846E-2 1.0768E-1 1.19587E-1 1.15332E-1 1.4356E-1 1.52933E-1 1.50704E-1 1.89397E-1 1.3505E-1 9.81687E-2 7.03918E-2 7.01032E-2
2.64349E-1 1.2158E-1 6.59575E-2 8.04118E-2 6.89791E-2 5.35672E-2 5.86352E-2 1.04997E-1 2.02232E-1 4.68671E-2 8.88747E-2 1.35745E-1 1.36227E-1 1.33787E-1 1.3519E-1 1.55659E-1 1.64928E-1 1.52237E-1 1.28236E-1 1.2758E-1 1.2861E-1 1.11881E-1 1.06503E-1 1.20355E-1 1.20547E-1 1.26329E-1 1.26302E-1 1.78608E-1 1.60742E-1 1.43764E-1 1.28615E-1 1.40341E-1 1.29828E-1 1.06541E-1 1.00261E-1 9.36951E-2 1.01049E-1 1.01117E-1 8.94996E-2 1.017E-1 6.29661E-2 4.68249E-2 3.7217E-2 4.54199E-2 4.70927E-2 4.54152E-2 7.80293E-2 7.85822E-2 7.22248E-2 8.9824E-2 1.14052E-1 1.33743E-1 1.53994E-1 1.57818E-1 1.99244E-1 1.9801E-1 1.59605E-1 1.37057E-1 1.07252E-1 8.15499E-2 9.37073E-2
3.58739E-1 2.18643E-1 1.35297E-1 1.50324E-1 8.1372E-2 4.76512E-2 3.3736E-2 1.4325E-1 2.27883E-1 9.25818E-2 7.58855E-2 1.57604E-1 1.26232E-1 1.00628E-1 1.56818E-1 1.6578E-1 1.81731E-1 1.47076E-1 1.29056E-1 1.29655E-1 1.28036E-1 1.14646E-1 1.12871E-1 1.34223E-1 1.18669E-1 1.56707E-1 1.48722E-1 1.76819E-1 1.84185E-1 1.63366E-1 1.32054E-1 1.67521E-1 1.40503E-1 1.12132E-1 1.51709E-1 1.41209E-1 1.41552E-1 1.03271E-1 6.91076E-2 1.41265E-1 7.21593E-2 7.06774E-2 6.44764E-2 6.12696E-2 5.83426E-2 6.39395E-2 8.85326E-2 9.4947E-2 9.95988E-2 1.06359E-1 1.13304E-1 1.24051E-1 1.68024E-1 1.88678E-1 2.07261E-1 1.80435E-1 1.41928E-1 1.4873E-1 1.19875E-1 9.2656E-2 1.13368E-1
3.99809E-1 3.72868E-1 2.45094E-1 1.42767E-1 6.83054E-2 5.4428E-2 2.94844E-2 5.0784E-2 9.7219E-2 1.76908E-1 1.1497E-1 2.01577E-1 2.22595E-1 2.40394E-1 1.7254E-1 1.56691E-1 2.15456E-1 1.9499E-1 1.49369E-1 1.27922E-1 1.0105E-1 8.93975E-2 1.30846E-1 1.48243E-1 1.46987E-1 1.5114E-1 1.79594E-1 1.7586E-1 2.31155E-1 1.83562E-1 1.94538E-1 2.36036E-1 2.55829E-1 2.0838E-1 2.48282E-1 2.34131E-1 2.25084E-1 1.8075E-1 2.03214E-1 2.43339E-1 1.83058E-1 1.2131E-1 1.05069E-1 1.02615E-1 9.16985E-2 8.33973E-2 1.04411E-1 1.35411E-1 1.37528E-1 1.45317E-1 1.5769E-1 1.69234E-1 1.23784E-1 2.09639E-1 2.07978E-1 1.93724E-1 2.00436E-1 1.68251E-1 1.37836E-1 1.29941E-1 1.34124E-1
4.57073E-1 4.49876E-1 3.61811E-1 1.98431E-1 9.09215E-2 6.67146E-2 3.48181E-2 3.64833E-2 4.61244E-2 2.23596E-1 7.63227E-2 1.42051E-1 2.60374E-1 2.44533E-1 3.35547E-1 2.1731E-1 1.7082E-1 1.9861E-1 2.05668E-1 1.78448E-1 1.42542E-1 1.47328E-1 1.83339E-1 1.65366E-1 1.50284E-1 1.51245E-1 2.05523E-1 2.19499E-1 2.33986E-1 2.80305E-1 2.87225E-1 3.36934E-1 2.8398E-1 3.18782E-1 3.36296E-1 2.87026E-1 2.63605E-1 3.20062E-1 2.88041E-1 2.22151E-1 1.86867E-1 1.40471E-1 1.10854E-1 1.29636E-1 1.251E-1 1.08856E-1 1.07846E-1 1.55751E-1 1.6058E-1 1.94137E-1 2.11435E-1 2.42659E-1 2.06259E-1 1.7492E-1 1.56626E-1 1.50196E-1 1.7072E-1 1.4641E-1 1.31911E-1 1.42005E-1 1.30835E-1
4.9865E-1 4.93041E-1 4.55495E-1 4.2947E-1 2.87449E-1 1.35631E-1 8.23726E-2 5.11176E-2 3.73712E-2 2.13874E-1 1.13141E-1 2.41182E-1 2.96801E-1 1.66686E-1 2.70524E-1 3.9226E-1 1.63969E-1 2.19257E-1 2.55787E-1 2.26446E-1 2.12053E-1 1.79369E-1 2.1311E-1 2.23052E-1 1.82588E-1 2.27297E-1 2.32678E-1 2.2194E-1 2.1451E-1 3.49119E-1 3.41014E-1 3.58223E-1 2.59694E-1 3.9544E-1 4.00161E-1 3.89672E-1 2.6125E-1 2.60636E-1 2.56299E-1 1.96739E-1 1.62549E-1 1.46841E-1 1.44552E-1 1.57695E-1 1.36476E-1 1.10862E-1 9.20202E-2 9.95806E-2 1.14524E-1 2.06652E-1 1.95272E-1 1.97484E-1 1.8458E-1 1.49961E-1 1.09898E-1 1.13931E-1 1.27616E-1 1.39912E-1 1.35616E-1 1.30511E-1 1.19698E-1
5.46694E-1 5.21472E-1 5.18323E-1 4.58836E-1 3.34583E-1 1.41463E-1 8.90614E-2 6.60344E-2 3.37682E-2 1.45279E-1 2.28968E-1 2.0785E-1 5.30177E-1 2.7151E-1 2.01905E-1 6.95516E-1 5.55927E-1 3.36222E-1 3.33969E-1 3.37165E-1 3.18219E-1 2.76596E-1 2.5582E-1 2.33341E-1 2.21737E-1 2.59932E-1 2.53967E-1 1.58128E-1 1.67258E-1 3.81588E-1 4.38204E-1 4.53601E-1 4.37422E-1 4.74161E-1 4.32969E-1 2.81768E-1 1.70375E-1 1.53241E-1 1.94646E-1 1.80973E-1 1.49806E-1 1.41517E-1 1.48571E-1 1.47985E-1 1.11677E-1 6.83094E-2 8.45629E-2 1.02587E-1 1.49083E-1 1.62712E-1 1.25099E-1 1.34383E-1 1.31925E-1 1.30717E-1 1.15839E-1 8.29941E-2 1.02064E-1 1.23287E-1 1.30103E-1 1.23672E-1 1.15847E-1
5.12363E-1 5.27418E-1 5.4476E-1 5.23174E-1 4.50068E-1 3.08107E-1 1.18774E-1 4.37328E-2 3.11251E-2 4.7009E-2 2.2141E-1 1.70622E-1 2.16129E-1 2.34472E-1 2.41343E-1 5.94033E-1 6.16821E-1 7.61722E-1 4.09619E-1 3.80544E-1 3.87348E-1 3.46185E-1 3.02344E-1 2.29648E-1 2.68224E-1 2.93021E-1 2.76306E-1 1.17726E-1 1.52365E-1 3.73698E-1 4.62358E-1 4.96304E-1 5.14681E-1 4.72205E-1 2.52965E-1 2.98859E-1 2.39942E-1 1.44375E-1 1.60962E-1 1.50968E-1 1.45561E-1 1.37914E-1 1.51312E-1 1.55325E-1 7.66765E-2 4.88062E-2 6.23879E-2 1.46123E-1 1.49046E-1 1.0197E-1 9.56084E-2 1.01485E-1 1.02024E-1 9.90323E-2 9.67426E-2 8.56378E-2 8.6152E-2 8.78839E-2 1.13088E-1 1.19174E-1 1.11291E-1
5.09397E-1 5.29897E-1 5.17337E-1 5.20371E-1 5.17828E-1 4.66916E-1 1.82207E-1 4.47138E-2 4.54063E-2 3.50559E-2 1.08435E-1 2.90245E-1 1.81022E-1 2.44857E-1 4.59241E-1 2.44038E-1 2.88732E-1 7.91299E-1 5.58608E-1 3.37596E-1 4.09754E-1 3.96593E-1 3.38911E-1 1.50291E-1 1.14316E-1 1.55006E-1 3.03887E-1 2.90636E-1 2.68293E-1 4.3512E-1 4.45063E-1 4.56537E-1 5.4169E-1 4.81665E-1 4.15919E-1 4.39242E-1 2.16851E-1 1.21624E-1 1.39649E-1 1.18042E-1 1.2577E-1 1.29082E-1 1.44582E-1 2.05047E-1 1.1158E-1 4.92845E-2 4.79228E-2 1.26095E-1 1.05445E-1 9.68768E-2 1.09389E-1 1.03348E-1 9.90362E-2 1.06863E-1 1.00097E-1 9.53377E-2 8.66081E-2 7.16795E-2 7.28799E-2 8.35219E-2 1.07362E-1
5.20658E-1 5.09086E-1 5.03381E-1 5.20787E-1 5.1259E-1 4.4469E-1 2.42457E-1 7.95169E-2 7.39405E-2 4.78377E-2 9.32494E-2 2.2747E-1 1.45875E-1 2.2159E-1 4.19831E-1 3.78043E-1 1.68811E-1 7.21052E-1 5.95158E-1 3.49051E-1 4.4394E-1 3.96548E-1 3.71478E-1 2.77272E-1 1.05071E-1 9.39175E-2 2.51452E-1 4.58868E-1 5.07697E-1 4.80585E-1 4.52521E-1 5.01564E-1 5.57501E-1 4.05259E-1 4.43042E-1 4.8235E-1 1.96668E-1 1.0963E-1 1.60554E-1 2.01392E-1 1.96289E-1 2.19348E-1 2.02472E-1 1.55969E-1 1.82536E-1 1.14551E-1 5.76972E-2 1.13884E-1 1.22344E-1 1.22471E-1 1.26737E-1 1.19669E-1 1.1568E-1 1.1794E-1 1.07194E-1 9.54792E-2 8.17469E-2 7.9601E-2 7.32246E-2 7.04201E-2 9.82756E-2
5.21421E-1 5.15298E-1 5.04963E-1 5.01762E-1 5.11562E-1 5.31817E-1 3.54324E-1 1.24426E-1 1.0552E-1 6.22316E-2 9.51144E-2 2.72977E-1 2.17782E-1 1.6676E-1 3.06699E-1 5.61619E-1 1.68008E-1 6.05182E-1 7.11003E-1 2.93177E-1 3.85951E-1 4.36413E-1 3.62888E-1 3.45999E-1 2.77893E-1 1.88805E-1 3.03527E-1 4.68716E-1 5.4367E-1 5.38237E-1 5.84544E-1 5.27975E-1 5.79251E-1 5.31825E-1 5.18353E-1 3.8003E-1 2.21026E-1 1.37537E-1 1.82108E-1 2.7411E-1 1.36709E-1 1.18129E-1 1.14228E-1 1.31049E-1 9.21652E-2 1.38752E-1 1.50362E-1 1.64363E-1 1.35455E-1 1.51473E-1 1.63924E-1 1.44545E-1 1.28133E-1 1.23915E-1 1.07052E-1 9.44886E-2 8.90383E-2 8.05849E-2 7.86576E-2 8.27523E-2 9.87767E-2
