maxent_outputs/white_flowers_linear/white_265.asc
ncols         426
nrows         180
xllcorner     -130.0
yllcorner     24.0
cellsize      0.16666666666666666
NODATA_value  -9999
[rows 54 to 80 of 180, columns 183 to 243 of 426]
2.55499E-1 2.60668E-1 2.73018E-1 2.74741E-1 2.72241E-1 2.70526E-1 2.67523E-1 2.64862E-1 2.66889E-1 2.6515E-1 2.608E-1 2.61753E-1 2.61655E-1 2.61536E-1 2.50931E-1 2.52016E-1 2.67075E-1 2.79356E-1 2.96089E-1 2.97753E-1 2.91116E-1 2.88948E-1 2.99619E-1 3.11777E-1 3.0685E-1 3.02337E-1 2.89604E-1 2.8392E-1 2.80318E-1 2.86977E-1 2.93491E-1 2.96937E-1 2.97203E-1 3.03012E-1 3.10347E-1 3.22316E-1 3.2457E-1 3.29717E-1 3.29446E-1 3.17635E-1 3.25218E-1 3.0871E-1 3.06534E-1 3.03488E-1 3.09539E-1 3.11615E-1 3.09423E-1 3.01136E-1 3.01615E-1 3.0257E-1 3.04113E-1 2.99711E-1 3.00927E-1 3.03786E-1 3.05464E-1 3.06326E-1 3.08844E-1 3.09881E-1 3.19563E-1 3.24841E-1 3.19958E-1
2.56764E-1 2.61791E-1 2.67993E-1 2.70207E-1 2.71069E-1 2.75042E-1 2.68292E-1 2.69341E-1 2.6733E-1 2.66798E-1 2.62701E-1 2.6715E-1 2.62115E-1 2.57997E-1 2.55003E-1 2.56345E-1 2.62981E-1 2.73223E-1 2.93172E-1 3.02885E-1 3.01121E-1 2.99319E-1 3.02755E-1 3.12717E-1 3.17583E-1 3.02496E-1 2.93048E-1 2.83202E-1 2.86869E-1 2.96209E-1 2.9784E-1 2.95527E-1 2.95984E-1 3.01749E-1 3.02381E-1 3.11092E-1 3.22898E-1 3.24868E-1 3.20405E-1 3.27001E-1 3.27345E-1 3.21646E-1 3.15287E-1 3.13389E-1 3.18344E-1 3.19456E-1 3.20253E-1 3.16661E-1 3.11757E-1 3.08973E-1 3.15672E-1 3.20845E-1 3.1698E-1 3.11794E-1 3.09311E-1 3.1329E-1 3.16856E-1 3.25957E-1 3.35986E-1 3.39201E-1 3.37255E-1
2.66421E-1 2.68704E-1 2.74073E-1 2.73936E-1 2.77159E-1 2.78741E-1 2.78383E-1 2.73903E-1 2.75319E-1 2.70701E-1 2.67217E-1 2.66938E-1 2.66153E-1 2.63932E-1 2.69689E-1 2.61274E-1 2.60059E-1 2.6544E-1 2.77871E-1 2.89453E-1 3.02781E-1 3.07604E-1 3.10116E-1 3.11701E-1 3.10667E-1 3.08411E-1 3.07965E-1 2.99382E-1 2.95548E-1 2.96564E-1 2.97636E-1 2.9566E-1 2.97282E-1 3.0476E-1 3.00957E-1 3.07911E-1 3.1381E-1 3.17865E-1 3.20827E-1 3.2364E-1 3.26652E-1 3.33701E-1 3.35325E-1 3.25626E-1 3.29531E-1 3.28769E-1 3.28126E-1 3.25206E-1 3.19461E-1 3.10427E-1 3.12057E-1 3.15492E-1 3.23577E-1 3.16679E-1 3.14933E-1 3.16562E-1 3.19248E-1 3.27092E-1 3.37637E-1 3.44788E-1 3.39588E-1
2.58918E-1 2.59369E-1 2.6675E-1 2.69671E-1 2.76377E-1 2.81329E-1 2.80995E-1 2.81122E-1 2.8177E-1 2.7677E-1 2.72504E-1 2.7348E-1 2.72911E-1 2.69124E-1 2.63207E-1 2.62143E-1 2.58773E-1 2.58956E-1 2.65263E-1 2.71769E-1 2.8459E-1 2.97814E-1 3.06429E-1 3.09844E-1 3.09922E-1 3.10745E-1 3.06156E-1 3.03814E-1 3.05141E-1 3.06663E-1 2.99884E-1 2.94265E-1 2.88166E-1 2.96572E-1 2.98428E-1 3.05788E-1 3.17029E-1 3.19393E-1 3.16998E-1 3.19201E-1 3.15639E-1 3.14483E-1 3.17247E-1 3.31117E-1 3.36976E-1 3.33269E-1 3.31075E-1 3.30116E-1 3.26789E-1 3.18666E-1 3.19328E-1 3.19277E-1 3.35069E-1 3.33751E-1 3.27095E-1 3.27369E-1 3.34413E-1 3.41607E-1 3.46743E-1 3.39537E-1 3.39134E-1
2.59207E-1 2.58315E-1 2.58698E-1 2.63619E-1 2.7152E-1 2.86651E-1 2.86274E-1 2.87094E-1 2.85712E-1 2.81748E-1 2.79024E-1 2.81374E-1 2.88398E-1 2.72442E-1 2.67759E-1 2.5891E-1 2.60022E-1 2.58231E-1 2.5958E-1 2.69007E-1 2.76507E-1 2.86005E-1 2.95466E-1 3.02162E-1 3.08946E-1 3.09376E-1 3.06722E-1 3.05957E-1 3.04462E-1 3.0397E-1 3.03227E-1 3.01715E-1 2.95933E-1 2.98607E-1 3.04353E-1 3.09903E-1 3.13702E-1 3.1571E-1 3.09944E-1 3.08421E-1 3.14011E-1 3.15904E-1 3.18329E-1 3.22653E-1 3.24129E-1 3.37561E-1 3.33189E-1 3.3458E-1 3.28534E-1 3.29979E-1 3.27575E-1 3.32489E-1 3.38065E-1 3.4117E-1 3.3393E-1 3.39926E-1 3.49856E-1 3.55298E-1 3.48232E-1 3.40392E-1 3.40462E-1
2.8064E-1 2.67132E-1 2.62268E-1 2.62781E-1 2.64221E-1 2.85559E-1 2.90545E-1 2.92201E-1 2.9027E-1 2.87184E-1 2.84274E-1 2.80152E-1 2.79171E-1 2.73815E-1 2.71128E-1 2.66293E-1 2.64321E-1 2.63931E-1 2.62934E-1 2.65182E-1 2.70884E-1 2.81542E-1 2.90879E-1 2.94786E-1 2.98023E-1 2.99194E-1 3.0212E-1 3.04906E-1 3.03353E-1 3.05639E-1 3.00601E-1 2.97459E-1 3.02315E-1 2.97229E-1 2.9946E-1 3.01409E-1 3.05752E-1 3.08272E-1 3.07473E-1 3.03822E-1 3.09348E-1 3.1388E-1 3.16645E-1 3.1484E-1 3.23864E-1 3.29751E-1 3.43462E-1 3.49944E-1 3.42073E-1 3.39437E-1 3.44541E-1 3.36492E-1 3.36398E-1 3.39938E-1 3.45354E-1 3.52472E-1 3.60555E-1 3.63005E-1 3.53024E-1 3.50294E-1 3.54148E-1
2.86768E-1 2.85896E-1 2.76992E-1 2.70791E-1 2.72225E-1 2.83909E-1 2.94421E-1 2.98646E-1 2.9637E-1 2.91792E-1 2.9247E-1 2.86895E-1 2.82433E-1 2.81375E-1 2.80863E-1 2.77634E-1 2.75451E-1 2.73425E-1 2.6993E-1 2.68371E-1 2.74963E-1 2.76795E-1 2.85258E-1 2.86539E-1 2.93663E-1 2.92849E-1 2.96696E-1 2.98887E-1 3.03943E-1 3.05917E-1 3.00877E-1 3.01498E-1 2.99528E-1 2.97344E-1 2.95915E-1 2.97887E-1 3.00606E-1 3.01826E-1 3.01499E-1 2.9957E-1 3.01907E-1 3.07932E-1 3.12827E-1 3.17266E-1 3.19905E-1 3.23967E-1 3.30156E-1 3.42551E-1 3.57528E-1 3.59073E-1 3.51142E-1 3.45456E-1 3.39234E-1 3.36438E-1 3.47505E-1 3.57277E-1 3.62645E-1 3.68255E-1 3.62524E-1 3.61913E-1 3.76515E-1
3.06598E-1 2.89757E-1 2.82349E-1 2.78439E-1 2.81583E-1 2.86891E-1 2.97816E-1 2.99713E-1 3.02095E-1 3.00188E-1 2.91756E-1 2.93697E-1 2.85018E-1 2.81368E-1 2.81524E-1 2.82391E-1 2.83543E-1 2.79264E-1 2.74895E-1 2.7678E-1 2.80186E-1 2.77785E-1 2.79226E-1 2.83476E-1 2.86694E-1 2.96923E-1 2.94739E-1 2.93501E-1 3.00003E-1 3.01861E-1 3.07253E-1 3.02702E-1 3.02615E-1 2.9868E-1 2.95064E-1 2.98243E-1 2.99491E-1 3.0443E-1 3.05583E-1 3.06508E-1 2.99217E-1 2.99342E-1 3.09037E-1 3.21877E-1 3.30625E-1 3.34329E-1 3.39438E-1 3.52313E-1 3.55667E-1 3.78449E-1 3.52964E-1 3.3805E-1 3.34747E-1 3.46261E-1 3.42635E-1 3.50161E-1 3.58158E-1 3.68506E-1 3.64631E-1 3.71959E-1 3.84704E-1
3.15464E-1 3.06024E-1 2.95529E-1 2.89865E-1 2.88E-1 2.90495E-1 2.92057E-1 3.00407E-1 3.04742E-1 3.02124E-1 2.97985E-1 2.9294E-1 2.94375E-1 2.92976E-1 2.89829E-1 2.89524E-1 2.94935E-1 2.93032E-1 2.84762E-1 2.80946E-1 2.82821E-1 2.80616E-1 2.80011E-1 2.84506E-1 2.85898E-1 2.88095E-1 2.92553E-1 2.89393E-1 2.92203E-1 3.04588E-1 3.14753E-1 3.12147E-1 3.07547E-1 3.02094E-1 3.02285E-1 3.00451E-1 3.06447E-1 3.11825E-1 3.113E-1 3.16189E-1 3.08772E-1 3.02377E-1 3.05867E-1 3.17268E-1 3.26785E-1 3.24825E-1 3.25172E-1 3.35482E-1 3.53868E-1 3.89703E-1 3.65877E-1 3.2792E-1 3.41363E-1 3.55006E-1 3.51727E-1 3.55322E-1 3.65872E-1 3.67137E-1 3.68526E-1 3.81217E-1 3.93656E-1
3.07802E-1 3.23183E-1 3.1457E-1 3.05381E-1 2.91878E-1 2.91741E-1 2.9411E-1 2.98914E-1 3.02796E-1 3.06002E-1 3.01791E-1 2.9831E-1 2.97349E-1 2.94928E-1 2.95793E-1 2.91057E-1 2.92578E-1 2.91265E-1 2.86008E-1 2.86629E-1 2.8794E-1 2.88449E-1 2.84077E-1 2.85192E-1 2.86242E-1 2.92776E-1 2.98781E-1 2.89413E-1 2.94752E-1 3.03194E-1 3.13031E-1 3.13002E-1 3.08002E-1 3.07986E-1 3.03691E-1 3.05208E-1 3.07232E-1 3.15149E-1 3.18507E-1 3.21604E-1 3.20016E-1 3.17273E-1 3.13872E-1 3.16793E-1 3.28867E-1 3.32606E-1 3.3459E-1 3.52288E-1 3.70817E-1 4.08349E-1 3.8864E-1 3.57321E-1 3.61761E-1 3.61425E-1 3.71759E-1 3.70494E-1 3.72794E-1 3.77555E-1 3.75157E-1 3.81191E-1 3.87316E-1
2.99512E-1 2.98505E-1 3.13652E-1 3.21823E-1 3.04172E-1 2.99455E-1 3.08494E-1 3.07121E-1 3.06156E-1 3.11814E-1 3.0785E-1 3.03521E-1 2.98601E-1 3.00662E-1 2.98997E-1 2.9608E-1 2.90703E-1 2.896E-1 2.91887E-1 2.94223E-1 2.96206E-1 2.99563E-1 2.92939E-1 2.8584E-1 2.88593E-1 2.89868E-1 2.93579E-1 2.98042E-1 3.09443E-1 3.09847E-1 3.11624E-1 3.09764E-1 3.0629E-1 3.09839E-1 3.09659E-1 3.10754E-1 3.12789E-1 3.19906E-1 3.25072E-1 3.24545E-1 3.27483E-1 3.28526E-1 3.23611E-1 3.2769E-1 3.33089E-1 3.3787E-1 3.45049E-1 3.4452E-1 3.63537E-1 3.90247E-1 4.04053E-1 3.77556E-1 3.69127E-1 3.79114E-1 3.84096E-1 3.83531E-1 3.80779E-1 3.88382E-1 3.81962E-1 3.81285E-1 3.80424E-1
2.96781E-1 2.98482E-1 2.95688E-1 3.02913E-1 3.19515E-1 3.18281E-1 3.1499E-1 3.19978E-1 3.09439E-1 3.1259E-1 3.16261E-1 3.17227E-1 3.10356E-1 3.022E-1 3.01427E-1 2.95525E-1 2.87987E-1 2.88021E-1 2.97408E-1 2.97475E-1 3.02739E-1 3.02602E-1 2.95913E-1 2.85481E-1 2.90709E-1 2.93689E-1 2.96635E-1 3.02026E-1 3.1192E-1 3.14371E-1 3.08881E-1 3.06489E-1 3.05249E-1 3.08521E-1 3.14935E-1 3.14162E-1 3.18023E-1 3.18517E-1 3.23605E-1 3.2787E-1 3.26098E-1 3.31756E-1 3.36643E-1 3.34579E-1 3.43562E-1 3.4703E-1 3.51767E-1 3.51642E-1 3.59778E-1 3.81439E-1 3.84501E-1 3.78756E-1 3.74009E-1 3.73306E-1 3.79767E-1 3.87808E-1 3.91813E-1 3.88336E-1 3.87022E-1 3.8381E-1 4.04354E-1
3.02652E-1 3.01731E-1 2.99978E-1 3.01349E-1 3.04322E-1 3.0911E-1 3.21655E-1 3.21201E-1 3.17573E-1 3.2434E-1 3.39849E-1 3.41593E-1 3.28878E-1 3.15567E-1 3.03767E-1 3.02155E-1 2.94886E-1 2.99615E-1 3.00195E-1 3.04831E-1 3.09232E-1 3.00953E-1 2.94679E-1 2.91207E-1 2.92874E-1 2.90115E-1 2.95741E-1 3.00123E-1 3.09951E-1 3.12978E-1 3.10522E-1 3.08852E-1 3.07556E-1 3.05942E-1 3.04345E-1 3.12435E-1 3.1494E-1 3.20293E-1 3.25251E-1 3.25042E-1 3.30055E-1 3.32743E-1 3.42586E-1 3.46741E-1 3.42979E-1 3.47561E-1 3.57044E-1 3.6228E-1 3.62489E-1 3.64136E-1 3.78058E-1 3.56898E-1 3.56913E-1 3.58837E-1 3.66235E-1 3.80073E-1 3.82106E-1 3.87059E-1 3.81634E-1 3.85786E-1 3.86209E-1
3.09095E-1 3.03131E-1 3.0274E-1 3.0217E-1 3.08224E-1 3.11995E-1 3.1738E-1 3.20365E-1 3.26699E-1 3.37711E-1 3.37412E-1 3.45941E-1 3.36054E-1 3.24815E-1 3.1907E-1 3.15114E-1 3.12978E-1 3.13647E-1 3.08571E-1 3.1375E-1 3.09821E-1 3.05242E-1 2.97738E-1 2.96837E-1 2.90951E-1 2.92303E-1 2.96938E-1 3.05121E-1 3.07604E-1 3.13266E-1 3.15435E-1 3.12837E-1 3.13526E-1 3.15046E-1 3.10581E-1 3.1344E-1 3.18614E-1 3.28338E-1 3.28472E-1 3.29084E-1 3.33279E-1 3.39366E-1 3.46347E-1 3.47656E-1 3.53198E-1 3.49969E-1 3.46877E-1 3.56268E-1 3.63399E-1 3.70302E-1 3.78618E-1 3.73695E-1 3.6809E-1 3.73697E-1 3.68168E-1 3.81059E-1 3.88607E-1 3.89622E-1 3.84953E-1 3.91493E-1 3.95922E-1
3.03113E-1 3.0135E-1 3.00355E-1 2.9712E-1 3.02443E-1 3.04708E-1 3.04232E-1 3.09721E-1 3.20813E-1 3.28081E-1 3.36202E-1 3.35028E-1 3.303E-1 3.17552E-1 3.08282E-1 3.08402E-1 3.21866E-1 3.22699E-1 3.24811E-1 3.18765E-1 3.13081E-1 3.12184E-1 3.14442E-1 3.0783E-1 2.95808E-1 2.94554E-1 3.00287E-1 3.07898E-1 3.1399E-1 3.15492E-1 3.17764E-1 3.18341E-1 3.22408E-1 3.23871E-1 3.15828E-1 3.18169E-1 3.24495E-1 3.33797E-1 3.32632E-1 3.36628E-1 3.40108E-1 3.42077E-1 3.48465E-1 3.46992E-1 3.55192E-1 3.5645E-1 3.50315E-1 3.53878E-1 3.53416E-1 3.60679E-1 3.62745E-1 3.76504E-1 3.96824E-1 3.87903E-1 3.81124E-1 3.85937E-1 3.90657E-1 3.92226E-1 3.93954E-1 3.92199E-1 4.05466E-1
2.96812E-1 2.99222E-1 3.03009E-1 3.02395E-1 3.02104E-1 3.02115E-1 3.02057E-1 3.08024E-1 3.10506E-1 3.14076E-1 3.21688E-1 3.15702E-1 3.14205E-1 3.12048E-1 3.09536E-1 3.0994E-1 3.17557E-1 3.29709E-1 3.37094E-1 3.27845E-1 3.22843E-1 3.19381E-1 3.18864E-1 3.13308E-1 3.10652E-1 3.06727E-1 3.1286E-1 3.22683E-1 3.20247E-1 3.18993E-1 3.18716E-1 3.262E-1 3.33924E-1 3.28587E-1 3.24328E-1 3.21026E-1 3.31499E-1 3.38126E-1 3.42277E-1 3.39193E-1 3.41754E-1 3.45318E-1 3.49491E-1 3.5978E-1 3.62001E-1 3.6138E-1 3.65154E-1 3.61946E-1 3.6129E-1 3.71353E-1 3.74959E-1 3.82391E-1 3.92087E-1 4.06551E-1 4.04427E-1 4.01393E-1 4.03442E-1 3.95596E-1 3.99404E-1 3.99785E-1 4.02205E-1
2.88778E-1 2.89834E-1 2.92941E-1 2.97949E-1 2.98667E-1 2.99515E-1 3.00565E-1 3.02568E-1 3.04017E-1 3.09126E-1 3.14832E-1 3.13977E-1 3.09618E-1 3.14228E-1 3.15975E-1 3.18794E-1 3.14542E-1 3.19549E-1 3.42573E-1 3.39722E-1 3.33178E-1 3.36366E-1 3.25132E-1 3.24367E-1 3.20942E-1 3.18601E-1 3.26591E-1 3.32653E-1 3.34506E-1 3.31832E-1 3.32063E-1 3.29428E-1 3.32505E-1 3.36932E-1 3.283E-1 3.28457E-1 3.28986E-1 3.3726E-1 3.47705E-1 3.46747E-1 3.48854E-1 3.51612E-1 3.60046E-1 3.64109E-1 3.71376E-1 3.72834E-1 3.73664E-1 3.75294E-1 3.73643E-1 3.7561E-1 3.90593E-1 3.99824E-1 4.02693E-1 4.02136E-1 4.13438E-1 4.14997E-1 4.1774E-1 4.1512E-1 4.10803E-1 4.09267E-1 4.08181E-1
2.85171E-1 2.87001E-1 2.92202E-1 2.94926E-1 2.96721E-1 2.97708E-1 2.95891E-1 3.00429E-1 3.05586E-1 3.09821E-1 3.1113E-1 3.13314E-1 3.16659E-1 3.14552E-1 3.14158E-1 3.17225E-1 3.18642E-1 3.21071E-1 3.2922E-1 3.45137E-1 3.40815E-1 3.43849E-1 3.37132E-1 3.34716E-1 3.37224E-1 3.37645E-1 3.28364E-1 3.3447E-1 3.42623E-1 3.48239E-1 3.50359E-1 3.40788E-1 3.35236E-1 3.44192E-1 3.33718E-1 3.38573E-1 3.36807E-1 3.41065E-1 3.49536E-1 3.64001E-1 3.60392E-1 3.63146E-1 3.69107E-1 3.70736E-1 3.72024E-1 3.79891E-1 3.85005E-1 3.78967E-1 3.82905E-1 3.91462E-1 3.95257E-1 4.00831E-1 4.04E-1 4.05156E-1 4.10797E-1 4.22475E-1 4.33662E-1 4.24333E-1 4.1964E-1 4.1331E-1 4.16E-1
2.90537E-1 2.90022E-1 2.91667E-1 2.97119E-1 2.97649E-1 2.94042E-1 2.94771E-1 2.96374E-1 3.02557E-1 3.02578E-1 3.04379E-1 3.08124E-1 3.14618E-1 3.16846E-1 3.15992E-1 3.18814E-1 3.24515E-1 3.27283E-1 3.30951E-1 3.46712E-1 3.53865E-1 3.5298E-1 3.44509E-1 3.48069E-1 3.45741E-1 3.39282E-1 3.37779E-1 3.41151E-1 3.46591E-1 3.5126E-1 3.52058E-1 3.49915E-1 3.37474E-1 3.43725E-1 3.4131E-1 3.50982E-1 3.53372E-1 3.55847E-1 3.56045E-1 3.63992E-1 3.66173E-1 3.76726E-1 3.83367E-1 3.83911E-1 3.81679E-1 3.76841E-1 3.82803E-1 3.94529E-1 3.98864E-1 4.02894E-1 4.02819E-1 4.0506E-1 4.05909E-1 4.03561E-1 4.14982E-1 4.28798E-1 4.4207E-1 4.34544E-1 4.31376E-1 4.25553E-1 4.27683E-1
2.9733E-1 2.98509E-1 3.01307E-1 3.00585E-1 3.03667E-1 3.00718E-1 2.96322E-1 2.96634E-1 3.02308E-1 3.04349E-1 3.05653E-1 3.10636E-1 3.12095E-1 3.1542E-1 3.16068E-1 3.20857E-1 3.30075E-1 3.31763E-1 3.38094E-1 3.55966E-1 3.58581E-1 3.56686E-1 3.56543E-1 3.48014E-1 3.42278E-1 3.44724E-1 3.45778E-1 3.4589E-1 3.50042E-1 3.60331E-1 3.58265E-1 3.53013E-1 3.49463E-1 3.54442E-1 3.71261E-1 3.73297E-1 3.79663E-1 3.84369E-1 3.78262E-1 3.73574E-1 3.80295E-1 3.77816E-1 3.79301E-1 3.83942E-1 3.84783E-1 3.86579E-1 3.95832E-1 4.11334E-1 4.0858E-1 4.17985E-1 4.1432E-1 4.1043E-1 4.15539E-1 4.19276E-1 4.30671E-1 4.44076E-1 4.44011E-1 4.45196E-1 4.40237E-1 4.33676E-1 4.22821E-1
2.96453E-1 3.00449E-1 3.00716E-1 3.08382E-1 3.0742E-1 3.02462E-1 3.01058E-1 3.05979E-1 3.04572E-1 3.10569E-1 3.14658E-1 3.17579E-1 3.17431E-1 3.17231E-1 3.21117E-1 3.25867E-1 3.3246E-1 3.40559E-1 3.47912E-1 3.51802E-1 3.6451E-1 3.63832E-1 3.55622E-1 3.52242E-1 3.43979E-1 3.45186E-1 3.50287E-1 3.55663E-1 3.54105E-1 3.61457E-1 3.67017E-1 3.66701E-1 3.69913E-1 3.73394E-1 3.85247E-1 4.04959E-1 4.14212E-1 4.2862E-1 4.21651E-1 3.96208E-1 3.92013E-1 3.89988E-1 3.82546E-1 3.84403E-1 3.892E-1 3.93504E-1 4.01776E-1 4.16038E-1 4.15502E-1 4.17691E-1 4.2536E-1 4.21484E-1 4.21252E-1 4.25707E-1 4.39944E-1 4.45921E-1 4.45936E-1 4.40756E-1 4.40933E-1 4.33726E-1 4.25105E-1
2.96015E-1 3.00299E-1 3.05687E-1 3.08279E-1 3.12892E-1 3.07542E-1 3.08405E-1 3.09627E-1 3.18298E-1 3.2274E-1 3.30199E-1 3.27669E-1 3.27861E-1 3.31418E-1 3.33535E-1 3.37651E-1 3.36498E-1 3.48175E-1 3.57013E-1 3.52303E-1 3.65024E-1 3.7813E-1 3.61669E-1 3.54586E-1 3.49266E-1 3.50766E-1 3.55357E-1 3.57008E-1 3.58464E-1 3.6117E-1 3.65224E-1 3.66454E-1 3.73876E-1 3.82273E-1 3.90594E-1 4.0029E-1 4.43619E-1 5.09492E-1 5.25985E-1 4.41532E-1 4.14319E-1 4.03235E-1 3.92255E-1 3.8976E-1 3.95864E-1 4.00585E-1 4.12194E-1 4.21496E-1 4.26376E-1 4.28994E-1 4.33147E-1 4.38771E-1 4.34422E-1 4.37738E-1 4.37778E-1 4.41031E-1 4.46171E-1 4.4896E-1 4.47196E-1 4.35273E-1 4.34605E-1
2.95598E-1 2.98809E-1 3.06391E-1 3.11501E-1 3.06361E-1 3.09482E-1 3.1476E-1 3.21328E-1 3.24879E-1 3.29078E-1 3.31705E-1 3.28064E-1 3.25639E-1 3.28907E-1 3.30967E-1 3.30014E-1 3.30908E-1 3.33582E-1 3.506E-1 3.59057E-1 3.70329E-1 3.83182E-1 3.67959E-1 3.53161E-1 3.52804E-1 3.54376E-1 3.62329E-1 3.64299E-1 3.65708E-1 3.71642E-1 3.68556E-1 3.74909E-1 3.78341E-1 3.84205E-1 3.8777E-1 4.04825E-1 4.41267E-1 5.29258E-1 5.79649E-1 4.91141E-1 4.38736E-1 4.09584E-1 4.01027E-1 3.98374E-1 4.07937E-1 4.16055E-1 4.20354E-1 4.25932E-1 4.27024E-1 4.32612E-1 4.4409E-1 4.40806E-1 4.42571E-1 4.44919E-1 4.46484E-1 4.48636E-1 4.51579E-1 4.51388E-1 4.46078E-1 4.41947E-1 4.56186E-1
2.95146E-1 2.9591E-1 2.99715E-1 3.02333E-1 3.1065E-1 3.10897E-1 3.13763E-1 3.22048E-1 3.30575E-1 3.33154E-1 3.29681E-1 3.29892E-1 3.29728E-1 3.30778E-1 3.30169E-1 3.37042E-1 3.37716E-1 3.40747E-1 3.53375E-1 3.65014E-1 3.70976E-1 3.76138E-1 3.69715E-1 3.59495E-1 3.60157E-1 3.5973E-1 3.66634E-1 3.74089E-1 3.78584E-1 3.75211E-1 3.71923E-1 3.81668E-1 3.83874E-1 3.84308E-1 3.84536E-1 3.96069E-1 4.19445E-1 4.63654E-1 4.9395E-1 4.64876E-1 4.29085E-1 4.18925E-1 4.0424E-1 4.04517E-1 4.11861E-1 4.23765E-1 4.37187E-1 4.34278E-1 4.29849E-1 4.35646E-1 4.54458E-1 4.64324E-1 4.60962E-1 4.63172E-1 4.60129E-1 4.56762E-1 4.65124E-1 4.56967E-1 4.53891E-1 4.51501E-1 4.72723E-1
2.91158E-1 2.992E-1 3.00787E-1 3.0208E-1 3.03155E-1 3.09348E-1 3.20501E-1 3.29271E-1 3.26009E-1 3.29885E-1 3.35741E-1 3.4031E-1 3.36094E-1 3.34666E-1 3.37024E-1 3.47234E-1 3.53097E-1 3.53739E-1 3.5294E-1 3.61445E-1 3.65483E-1 3.70929E-1 3.79889E-1 3.65712E-1 3.60068E-1 3.67847E-1 3.70666E-1 3.82686E-1 3.78389E-1 3.72896E-1 3.76191E-1 3.75498E-1 3.87291E-1 3.88054E-1 3.90624E-1 3.95473E-1 3.99943E-1 4.23518E-1 4.39004E-1 4.3381E-1 4.21443E-1 4.14534E-1 4.1571E-1 4.18407E-1 4.22566E-1 4.32772E-1 4.4249E-1 4.49597E-1 4.48052E-1 4.46796E-1 4.6302E-1 4.74725E-1 4.75389E-1 4.76181E-1 4.65592E-1 4.6944E-1 4.75333E-1 4.72259E-1 4.68705E-1 4.75868E-1 4.91209E-1
3.00249E-1 3.02854E-1 3.03986E-1 3.03569E-1 3.08717E-1 3.12944E-1 3.20067E-1 3.20931E-1 3.25579E-1 3.31374E-1 3.35469E-1 3.4319E-1 3.37359E-1 3.35348E-1 3.40544E-1 3.4859E-1 3.58795E-1 3.64139E-1 3.62504E-1 3.60856E-1 3.68739E-1 3.79763E-1 3.80375E-1 3.73145E-1 3.68303E-1 3.72317E-1 3.79266E-1 3.86121E-1 3.80838E-1 3.7693E-1 3.80603E-1 3.79832E-1 3.84393E-1 4E-1 4.02805E-1 4.0752E-1 4.07142E-1 4.16131E-1 4.21857E-1 4.12787E-1 4.09755E-1 4.12947E-1 4.15031E-1 4.21095E-1 4.28125E-1 4.40338E-1 4.42549E-1 4.44037E-1 4.53732E-1 4.59038E-1 4.78924E-1 4.76376E-1 4.74673E-1 4.70345E-1 4.63882E-1 4.73025E-1 4.82403E-1 4.91331E-1 4.95594E-1 5.03592E-1 4.9342E-1
3.02731E-1 3.03766E-1 3.05476E-1 3.06308E-1 3.0549E-1 3.08742E-1 3.15516E-1 3.1879E-1 3.23075E-1 3.2544E-1 3.32394E-1 3.36297E-1 3.34144E-1 3.34597E-1 3.40484E-1 3.46378E-1 3.49848E-1 3.56407E-1 3.6539E-1 3.70776E-1 3.76793E-1 3.76798E-1 3.87549E-1 3.8131E-1 3.75066E-1 3.79365E-1 3.89319E-1 3.88021E-1 3.87934E-1 3.87081E-1 3.92949E-1 3.93761E-1 3.95825E-1 4.05225E-1 4.13892E-1 4.26225E-1 4.29951E-1 4.36843E-1 4.31878E-1 4.25515E-1 4.31938E-1 4.23435E-1 4.26619E-1 4.22125E-1 4.2807E-1 4.41683E-1 4.52154E-1 4.54497E-1 4.64523E-1 4.68641E-1 4.82067E-1 4.84527E-1 4.71934E-1 4.71427E-1 4.76675E-1 4.90652E-1 4.96244E-1 5.08772E-1 5.10034E-1 5.12017E-1 5.00317E-1
