maxent_outputs/white_flowers_linear/white_126.asc
ncols         426
nrows         180
xllcorner     -130.0
yllcorner     24.0
cellsize      0.16666666666666666
NODATA_value  -9999
[rows 81 to 107 of 180, columns 122 to 182 of 426]
3.06915E-1 2.98732E-1 3.14638E-1 3.26297E-1 3.22558E-1 3.28432E-1 3.31061E-1 3.24461E-1 3.24883E-1 3.30755E-1 3.24758E-1 3.34693E-1 3.45423E-1 3.5209E-1 3.43881E-1 3.36283E-1 3.34081E-1 3.73819E-1 3.74628E-1 3.76308E-1 3.82862E-1 3.72224E-1 3.59143E-1 3.57298E-1 3.82209E-1 3.81411E-1 3.7976E-1 3.58592E-1 3.48595E-1 3.52235E-1 3.4953E-1 3.42803E-1 3.4033E-1 3.43073E-1 3.43414E-1 3.41563E-1 3.43393E-1 3.45122E-1 3.41437E-1 3.43244E-1 3.4781E-1 3.55092E-1 3.60117E-1 3.66739E-1 3.6962E-1 3.6893E-1 3.7112E-1 3.75694E-1 3.82345E-1 3.85009E-1 3.85475E-1 3.85591E-1 3.91997E-1 3.96783E-1 3.99181E-1 4.00406E-1 3.99469E-1 4.03386E-1 4.0691E-1 4.12533E-1 4.13587E-1
2.92474E-1 2.946E-1 2.98927E-1 3.08094E-1 3.19965E-1 3.18783E-1 3.08723E-1 3.16678E-1 3.24804E-1 3.48798E-1 3.54321E-1 3.50072E-1 3.58695E-1 3.71328E-1 3.72964E-1 3.75507E-1 3.57064E-1 3.77426E-1 3.5326E-1 3.20815E-1 3.62322E-1 3.68259E-1 3.5281E-1 3.53049E-1 3.80853E-1 3.86978E-1 3.81287E-1 3.5815E-1 3.50254E-1 3.45647E-1 3.41007E-1 3.35255E-1 3.36406E-1 3.36196E-1 3.3988E-1 3.43755E-1 3.41954E-1 3.39341E-1 3.45339E-1 3.44281E-1 3.46304E-1 3.56117E-1 3.61611E-1 3.66999E-1 3.69152E-1 3.70925E-1 3.70425E-1 3.71192E-1 3.73685E-1 3.82516E-1 3.89509E-1 3.91984E-1 3.96118E-1 4.0294E-1 4.07862E-1 4.07351E-1 4.03946E-1 4.05255E-1 4.15235E-1 4.20556E-1 4.1778E-1
2.85438E-1 2.94217E-1 2.9883E-1 3.01573E-1 3.05388E-1 3.20718E-1 3.3769E-1 3.27523E-1 3.29026E-1 3.46037E-1 3.40136E-1 3.45003E-1 3.63942E-1 3.65288E-1 3.63716E-1 3.63823E-1 3.29788E-1 3.44529E-1 3.5047E-1 2.976E-1 2.95134E-1 3.28182E-1 3.05041E-1 3.45511E-1 3.67353E-1 3.82911E-1 3.82865E-1 3.657E-1 3.51878E-1 3.47874E-1 3.43837E-1 3.41355E-1 3.37211E-1 3.36224E-1 3.39851E-1 3.33752E-1 3.33361E-1 3.41876E-1 3.44975E-1 3.46762E-1 3.52265E-1 3.60462E-1 3.64615E-1 3.68117E-1 3.73456E-1 3.75688E-1 3.77282E-1 3.77025E-1 3.76535E-1 3.84097E-1 3.87514E-1 3.94774E-1 4.03619E-1 4.10823E-1 4.16049E-1 4.12979E-1 4.08665E-1 4.10154E-1 4.18696E-1 4.24775E-1 4.23403E-1
3.04544E-1 3.16934E-1 3.20891E-1 3.34021E-1 3.3997E-1 3.53977E-1 3.55881E-1 3.34734E-1 3.41087E-1 3.48382E-1 3.41179E-1 3.42997E-1 3.59219E-1 3.48776E-1 3.2867E-1 3.40958E-1 3.27846E-1 3.22346E-1 3.2818E-1 3.26442E-1 3.18142E-1 3.30903E-1 3.45991E-1 3.38139E-1 3.7518E-1 3.73781E-1 3.83732E-1 3.86763E-1 3.77479E-1 3.59429E-1 3.50855E-1 3.44427E-1 3.447E-1 3.38444E-1 3.46082E-1 3.4162E-1 3.3786E-1 3.43429E-1 3.46273E-1 3.51633E-1 3.53732E-1 3.60732E-1 3.61968E-1 3.62014E-1 3.6941E-1 3.77143E-1 3.79784E-1 3.80525E-1 3.81898E-1 3.8122E-1 3.81855E-1 3.89955E-1 4.01632E-1 4.08722E-1 4.13798E-1 4.12639E-1 4.11568E-1 4.106E-1 4.14893E-1 4.20479E-1 4.23563E-1
3.24391E-1 3.28309E-1 3.35103E-1 3.52275E-1 3.64072E-1 3.63025E-1 3.50484E-1 3.43732E-1 3.44378E-1 3.40615E-1 3.41814E-1 3.39842E-1 3.38574E-1 3.14269E-1 3.23287E-1 3.34294E-1 3.27301E-1 3.09891E-1 3.18956E-1 3.48968E-1 3.42239E-1 3.31607E-1 3.40665E-1 3.54862E-1 3.73573E-1 3.66717E-1 3.74132E-1 3.94262E-1 3.91581E-1 3.69303E-1 3.534E-1 3.50679E-1 3.46786E-1 3.41534E-1 3.48015E-1 3.46833E-1 3.51029E-1 3.4885E-1 3.46636E-1 3.51822E-1 3.56805E-1 3.60681E-1 3.61326E-1 3.64015E-1 3.62379E-1 3.62523E-1 3.71684E-1 3.75267E-1 3.70223E-1 3.71194E-1 3.79813E-1 3.87101E-1 3.9557E-1 4.05209E-1 4.10015E-1 4.10688E-1 4.10563E-1 4.11265E-1 4.11549E-1 4.16129E-1 4.22273E-1
3.43712E-1 3.4872E-1 3.54772E-1 3.55199E-1 3.60178E-1 3.58244E-1 3.44736E-1 3.35003E-1 3.2531E-1 3.32423E-1 3.46701E-1 3.57274E-1 3.64254E-1 3.52314E-1 3.39946E-1 3.26069E-1 3.2169E-1 3.16041E-1 3.25112E-1 3.2482E-1 3.33849E-1 3.21079E-1 3.36164E-1 3.39303E-1 3.59285E-1 3.5087E-1 3.5818E-1 3.79784E-1 3.78773E-1 3.63454E-1 3.47739E-1 3.46773E-1 3.46318E-1 3.45324E-1 3.50965E-1 3.52766E-1 3.52993E-1 3.47778E-1 3.47488E-1 3.50671E-1 3.56417E-1 3.64411E-1 3.6468E-1 3.6227E-1 3.61582E-1 3.58133E-1 3.66515E-1 3.68417E-1 3.68035E-1 3.68895E-1 3.7429E-1 3.78732E-1 3.90534E-1 3.96677E-1 4.04606E-1 4.07901E-1 4.08716E-1 4.08999E-1 4.10523E-1 4.13867E-1 4.22309E-1
3.39078E-1 3.50635E-1 3.67791E-1 3.67163E-1 3.69195E-1 3.74326E-1 3.66509E-1 3.64437E-1 3.62241E-1 3.59312E-1 3.43076E-1 3.38612E-1 3.41099E-1 3.27301E-1 3.3516E-1 3.1931E-1 3.32433E-1 3.30047E-1 3.27765E-1 3.2368E-1 3.15792E-1 3.27613E-1 3.24015E-1 3.02078E-1 3.29267E-1 3.20379E-1 3.32851E-1 3.64171E-1 3.53749E-1 3.45007E-1 3.35924E-1 3.41954E-1 3.43237E-1 3.42816E-1 3.43505E-1 3.45855E-1 3.42191E-1 3.45525E-1 3.4914E-1 3.54334E-1 3.57703E-1 3.62218E-1 3.65743E-1 3.66904E-1 3.66899E-1 3.63116E-1 3.64304E-1 3.66793E-1 3.66505E-1 3.67992E-1 3.6984E-1 3.77697E-1 3.86626E-1 3.94657E-1 4.01428E-1 4.0575E-1 4.07758E-1 4.08119E-1 4.07856E-1 4.14711E-1 4.25918E-1
3.44498E-1 3.71116E-1 3.62847E-1 3.3575E-1 3.4325E-1 3.48027E-1 3.64725E-1 3.71082E-1 3.60694E-1 3.5928E-1 3.40525E-1 3.14745E-1 3.07607E-1 3.09776E-1 3.25571E-1 3.10749E-1 3.05508E-1 3.20168E-1 3.1045E-1 3.07304E-1 3.00778E-1 3.16588E-1 2.74361E-1 2.53631E-1 2.91902E-1 3.18236E-1 3.21079E-1 3.2985E-1 3.41222E-1 3.15444E-1 3.08999E-1 3.28084E-1 3.31671E-1 3.32279E-1 3.31764E-1 3.33495E-1 3.35578E-1 3.40376E-1 3.44633E-1 3.5141E-1 3.58766E-1 3.61135E-1 3.66216E-1 3.66865E-1 3.68504E-1 3.6561E-1 3.6555E-1 3.68436E-1 3.67558E-1 3.67268E-1 3.72936E-1 3.78843E-1 3.90485E-1 3.9675E-1 4.01549E-1 4.056E-1 4.08391E-1 4.1154E-1 4.14687E-1 4.22673E-1 4.34859E-1
3.6369E-1 3.47126E-1 3.27464E-1 3.49736E-1 3.62652E-1 3.55207E-1 3.6134E-1 3.68303E-1 3.5094E-1 3.25076E-1 3.15679E-1 3.00494E-1 3.02744E-1 3.02359E-1 3.05121E-1 2.91882E-1 2.98973E-1 3.0241E-1 2.95347E-1 3.04163E-1 2.93599E-1 2.93476E-1 2.39824E-1 2.31753E-1 2.63514E-1 2.75728E-1 2.84048E-1 2.95688E-1 3.22907E-1 3.12798E-1 3.08575E-1 3.19655E-1 3.20995E-1 3.22103E-1 3.27331E-1 3.32096E-1 3.36754E-1 3.37734E-1 3.42665E-1 3.46389E-1 3.53532E-1 3.55744E-1 3.59221E-1 3.6277E-1 3.64512E-1 3.62911E-1 3.68253E-1 3.70147E-1 3.72074E-1 3.7535E-1 3.77797E-1 3.85636E-1 3.96044E-1 4.01889E-1 4.01515E-1 4.06461E-1 4.13296E-1 4.19069E-1 4.24949E-1 4.32291E-1 4.32694E-1
3.28362E-1 3.26676E-1 3.34028E-1 3.64931E-1 3.36961E-1 3.33037E-1 3.57061E-1 3.58497E-1 3.60853E-1 3.41291E-1 3.5045E-1 3.30848E-1 3.38244E-1 3.16192E-1 3.05082E-1 2.89633E-1 2.80934E-1 2.90154E-1 2.77233E-1 2.95718E-1 3.02678E-1 2.89454E-1 2.4448E-1 2.29098E-1 2.46478E-1 2.61984E-1 2.6639E-1 2.87599E-1 3.30639E-1 3.38686E-1 3.22307E-1 3.22978E-1 3.16904E-1 3.21383E-1 3.27147E-1 3.35643E-1 3.39094E-1 3.42228E-1 3.4111E-1 3.46322E-1 3.48819E-1 3.48652E-1 3.53039E-1 3.58934E-1 3.64174E-1 3.68617E-1 3.7715E-1 3.76309E-1 3.79713E-1 3.82051E-1 3.86833E-1 3.95462E-1 4.0235E-1 4.05464E-1 4.05743E-1 4.10432E-1 4.19607E-1 4.2651E-1 4.33644E-1 4.31301E-1 4.30887E-1
3.47238E-1 3.53493E-1 3.6505E-1 3.77184E-1 3.7706E-1 3.36729E-1 3.26685E-1 3.64201E-1 3.59222E-1 3.5212E-1 3.51681E-1 3.49183E-1 3.31034E-1 3.01636E-1 3.00691E-1 2.88322E-1 2.63778E-1 2.80988E-1 2.89584E-1 2.93466E-1 3.02057E-1 2.80244E-1 2.58879E-1 2.43066E-1 2.62298E-1 2.6397E-1 2.81013E-1 2.88909E-1 3.28557E-1 3.49469E-1 3.37714E-1 3.35725E-1 3.31102E-1 3.27651E-1 3.29038E-1 3.30579E-1 3.38682E-1 3.4199E-1 3.39999E-1 3.42784E-1 3.41616E-1 3.40166E-1 3.47849E-1 3.56969E-1 3.62108E-1 3.68554E-1 3.73293E-1 3.7828E-1 3.79599E-1 3.84779E-1 3.92643E-1 4.03419E-1 4.11444E-1 4.1685E-1 4.1808E-1 4.23185E-1 4.311E-1 4.34071E-1 4.36574E-1 4.35032E-1 4.34282E-1
3.68358E-1 3.68858E-1 3.57898E-1 3.53383E-1 3.84554E-1 3.66577E-1 3.31019E-1 3.49523E-1 3.57682E-1 3.51104E-1 3.50239E-1 3.30451E-1 2.97006E-1 2.85313E-1 2.81907E-1 2.72669E-1 2.33478E-1 2.53932E-1 2.80581E-1 2.92606E-1 3.04124E-1 2.94295E-1 2.88597E-1 2.76382E-1 2.79774E-1 3.13866E-1 3.37507E-1 3.41608E-1 3.53474E-1 3.47175E-1 3.43444E-1 3.40188E-1 3.37383E-1 3.32962E-1 3.32612E-1 3.31673E-1 3.37708E-1 3.39859E-1 3.35262E-1 3.34599E-1 3.39752E-1 3.42411E-1 3.43804E-1 3.53933E-1 3.61692E-1 3.67693E-1 3.74486E-1 3.77972E-1 3.82131E-1 3.84737E-1 3.9342E-1 4.03559E-1 4.14715E-1 4.15352E-1 4.1885E-1 4.24075E-1 4.26335E-1 4.27403E-1 4.25728E-1 4.24962E-1 4.25925E-1
3.65475E-1 3.63608E-1 3.55059E-1 3.52307E-1 3.79572E-1 3.74441E-1 3.63457E-1 3.43552E-1 3.40955E-1 3.37402E-1 3.43784E-1 3.25913E-1 2.81808E-1 2.5797E-1 2.43978E-1 2.31886E-1 2.32922E-1 2.30157E-1 2.38741E-1 2.60815E-1 3.01612E-1 2.82447E-1 3.05767E-1 3.15379E-1 3.2916E-1 3.40483E-1 3.65331E-1 3.71463E-1 3.60548E-1 3.51024E-1 3.4678E-1 3.44561E-1 3.42357E-1 3.35445E-1 3.34483E-1 3.33845E-1 3.34591E-1 3.34345E-1 3.35995E-1 3.36139E-1 3.3915E-1 3.42916E-1 3.43662E-1 3.48752E-1 3.59549E-1 3.68988E-1 3.73443E-1 3.77913E-1 3.83295E-1 3.8793E-1 3.94745E-1 4.03923E-1 4.13646E-1 4.15312E-1 4.1684E-1 4.21181E-1 4.24525E-1 4.27457E-1 4.27871E-1 4.27721E-1 4.27651E-1
3.53503E-1 3.46597E-1 3.51449E-1 3.68729E-1 3.79006E-1 3.6593E-1 3.61889E-1 3.59544E-1 3.45566E-1 3.23591E-1 3.15045E-1 3.25103E-1 3.08529E-1 2.95806E-1 2.5724E-1 2.50035E-1 2.63275E-1 2.39862E-1 2.79955E-1 2.79787E-1 2.87565E-1 2.82489E-1 2.54111E-1 2.97045E-1 2.89367E-1 2.92924E-1 3.02561E-1 3.51347E-1 3.54463E-1 3.53265E-1 3.59508E-1 3.49122E-1 3.45962E-1 3.41177E-1 3.3601E-1 3.35544E-1 3.35842E-1 3.36355E-1 3.39782E-1 3.41953E-1 3.40536E-1 3.45937E-1 3.48407E-1 3.51672E-1 3.62318E-1 3.68646E-1 3.75316E-1 3.78747E-1 3.87037E-1 3.93309E-1 3.98714E-1 4.06936E-1 4.14069E-1 4.15317E-1 4.15912E-1 4.18384E-1 4.23752E-1 4.30299E-1 4.3746E-1 4.36803E-1 4.35484E-1
3.66907E-1 3.4894E-1 3.51622E-1 3.52147E-1 3.72886E-1 3.56997E-1 3.51335E-1 3.47699E-1 3.40062E-1 3.2939E-1 3.14082E-1 3.21901E-1 3.18577E-1 3.02994E-1 2.81164E-1 2.72941E-1 2.90884E-1 2.62261E-1 2.76262E-1 2.67212E-1 2.69026E-1 2.57597E-1 2.44103E-1 2.78673E-1 2.93398E-1 2.77494E-1 2.79867E-1 3.28836E-1 3.50576E-1 3.50151E-1 3.44506E-1 3.43869E-1 3.43423E-1 3.36999E-1 3.43379E-1 3.44954E-1 3.43931E-1 3.47741E-1 3.52692E-1 3.47728E-1 3.4213E-1 3.49236E-1 3.5614E-1 3.61169E-1 3.70749E-1 3.76847E-1 3.81704E-1 3.84189E-1 3.87601E-1 3.9488E-1 4.02787E-1 4.11098E-1 4.14499E-1 4.12101E-1 4.14295E-1 4.1788E-1 4.21682E-1 4.31597E-1 4.41156E-1 4.4254E-1 4.43549E-1
3.72157E-1 3.54855E-1 3.18665E-1 3.2157E-1 3.48951E-1 3.645E-1 3.62408E-1 3.46848E-1 3.36342E-1 3.32431E-1 3.27076E-1 3.11543E-1 2.99766E-1 3.06407E-1 2.86496E-1 2.93936E-1 3.01342E-1 3.01222E-1 3.11654E-1 2.97022E-1 2.64365E-1 2.38893E-1 2.35598E-1 2.46794E-1 2.91692E-1 2.83358E-1 2.80177E-1 3.10742E-1 3.41916E-1 3.44188E-1 3.52878E-1 3.60746E-1 3.5922E-1 3.44194E-1 3.43604E-1 3.42726E-1 3.4874E-1 3.56887E-1 3.5232E-1 3.50994E-1 3.51169E-1 3.54061E-1 3.59184E-1 3.69435E-1 3.7457E-1 3.80243E-1 3.88631E-1 3.91648E-1 3.93636E-1 3.97977E-1 4.09934E-1 4.14923E-1 4.1603E-1 4.12197E-1 4.12793E-1 4.18193E-1 4.24167E-1 4.34388E-1 4.42279E-1 4.45727E-1 4.47781E-1
3.80186E-1 3.68544E-1 3.58108E-1 3.29526E-1 3.30031E-1 3.60501E-1 3.46577E-1 3.37316E-1 3.43589E-1 3.52326E-1 3.38127E-1 3.21151E-1 3.10962E-1 3.01587E-1 2.85774E-1 2.66044E-1 2.87871E-1 2.96536E-1 2.91273E-1 2.6919E-1 2.53715E-1 2.45558E-1 2.42613E-1 2.41139E-1 2.64491E-1 2.93463E-1 3.0638E-1 3.27181E-1 3.51509E-1 3.53288E-1 3.53284E-1 3.5932E-1 3.70194E-1 3.62546E-1 3.55103E-1 3.56473E-1 3.62816E-1 3.74136E-1 3.6527E-1 3.60202E-1 3.62016E-1 3.63076E-1 3.6585E-1 3.67975E-1 3.76284E-1 3.82954E-1 3.89244E-1 3.91856E-1 3.94494E-1 3.99074E-1 4.06869E-1 4.10556E-1 4.14665E-1 4.15502E-1 4.17974E-1 4.2333E-1 4.29272E-1 4.37865E-1 4.42925E-1 4.44207E-1 4.48272E-1
3.71729E-1 3.63622E-1 3.72886E-1 3.715E-1 3.55228E-1 3.43307E-1 3.61571E-1 3.54564E-1 3.59546E-1 3.64187E-1 3.61164E-1 3.48117E-1 3.31607E-1 3.36989E-1 3.29545E-1 3.38427E-1 3.41375E-1 3.41646E-1 3.29269E-1 2.94858E-1 2.54301E-1 2.41255E-1 2.3849E-1 2.40251E-1 2.72172E-1 2.93721E-1 2.75779E-1 3.10387E-1 3.35595E-1 3.54408E-1 3.52753E-1 3.66017E-1 3.60117E-1 3.63363E-1 3.59563E-1 3.75003E-1 3.85524E-1 3.90998E-1 3.8153E-1 3.79532E-1 3.62187E-1 3.61062E-1 3.65395E-1 3.69645E-1 3.79652E-1 3.84993E-1 3.95168E-1 3.97328E-1 3.98332E-1 4.02319E-1 4.04838E-1 4.06277E-1 4.11612E-1 4.17306E-1 4.22493E-1 4.22881E-1 4.28207E-1 4.36722E-1 4.4063E-1 4.40152E-1 4.43381E-1
3.65607E-1 3.58627E-1 3.55762E-1 3.62085E-1 3.73473E-1 3.68359E-1 3.54797E-1 3.5644E-1 3.51447E-1 3.6E-1 3.70996E-1 3.42048E-1 3.3929E-1 3.49404E-1 3.20554E-1 3.19829E-1 3.43116E-1 3.51555E-1 3.44261E-1 3.41904E-1 2.86276E-1 2.45908E-1 2.42093E-1 2.43411E-1 2.52235E-1 2.63861E-1 2.86729E-1 3.11772E-1 3.28402E-1 3.43809E-1 3.53015E-1 3.46831E-1 3.51287E-1 3.47789E-1 3.5259E-1 3.73079E-1 3.77821E-1 3.76355E-1 3.63924E-1 3.65972E-1 3.62995E-1 3.69574E-1 3.75887E-1 3.78374E-1 3.84047E-1 3.9132E-1 3.96663E-1 3.99693E-1 4.03804E-1 4.0679E-1 4.12089E-1 4.15151E-1 4.18624E-1 4.21452E-1 4.28026E-1 4.32836E-1 4.36094E-1 4.4085E-1 4.43406E-1 4.45024E-1 4.48373E-1
3.54521E-1 3.53481E-1 3.56344E-1 3.59261E-1 3.69478E-1 3.80797E-1 3.71321E-1 3.62247E-1 3.60072E-1 3.43491E-1 3.51221E-1 3.36955E-1 3.31532E-1 3.42959E-1 3.38918E-1 3.07343E-1 3.15659E-1 3.55294E-1 3.44272E-1 3.23869E-1 2.73123E-1 2.51023E-1 2.51851E-1 2.59027E-1 2.51982E-1 2.62778E-1 2.92464E-1 3.05565E-1 3.30363E-1 3.35534E-1 3.5541E-1 3.54662E-1 3.45663E-1 3.45332E-1 3.52877E-1 3.57432E-1 3.50578E-1 3.47592E-1 3.57779E-1 3.62459E-1 3.65639E-1 3.73231E-1 3.80031E-1 3.85365E-1 3.87532E-1 3.93974E-1 4.00738E-1 4.03274E-1 4.05576E-1 4.08485E-1 4.12206E-1 4.21964E-1 4.29301E-1 4.32494E-1 4.35314E-1 4.40119E-1 4.43086E-1 4.52081E-1 4.52459E-1 4.52942E-1 4.58151E-1
3.50782E-1 3.48242E-1 3.53494E-1 3.55119E-1 3.41079E-1 3.48243E-1 3.74272E-1 3.61821E-1 3.46222E-1 3.43097E-1 3.54213E-1 3.34055E-1 3.22851E-1 3.4541E-1 3.34133E-1 3.25188E-1 3.15036E-1 3.32404E-1 3.53499E-1 3.18914E-1 2.85749E-1 2.63936E-1 2.55035E-1 2.57206E-1 2.5282E-1 2.64145E-1 2.94003E-1 3.10339E-1 3.29417E-1 3.33394E-1 3.43452E-1 3.30992E-1 3.46534E-1 3.48825E-1 3.48237E-1 3.49396E-1 3.62998E-1 3.67679E-1 3.78237E-1 3.85504E-1 3.84596E-1 3.83193E-1 3.87686E-1 3.95739E-1 4.00254E-1 4.04036E-1 4.11644E-1 4.12189E-1 4.12505E-1 4.16535E-1 4.16929E-1 4.27695E-1 4.35208E-1 4.40977E-1 4.46348E-1 4.51247E-1 4.57664E-1 4.62169E-1 4.59491E-1 4.60528E-1 4.64023E-1
3.50431E-1 3.56229E-1 3.59371E-1 3.6994E-1 3.47205E-1 3.3807E-1 3.45812E-1 3.58447E-1 3.51398E-1 3.41871E-1 3.50462E-1 3.47751E-1 3.48634E-1 3.36466E-1 3.29062E-1 3.22386E-1 3.10688E-1 3.05728E-1 3.09895E-1 3.12962E-1 2.93668E-1 2.67958E-1 2.54065E-1 2.48031E-1 2.66376E-1 2.96679E-1 2.97601E-1 3.17322E-1 3.18525E-1 3.23278E-1 3.2822E-1 3.13738E-1 3.05173E-1 3.19599E-1 3.45365E-1 3.67994E-1 3.67246E-1 3.78642E-1 3.88187E-1 3.92686E-1 3.95637E-1 3.96544E-1 4.02883E-1 4.04478E-1 4.07072E-1 4.12143E-1 4.17425E-1 4.13792E-1 4.13966E-1 4.18884E-1 4.20774E-1 4.28619E-1 4.38511E-1 4.4046E-1 4.46734E-1 4.55894E-1 4.63324E-1 4.71005E-1 4.67193E-1 4.65277E-1 4.6521E-1
3.51588E-1 3.55195E-1 3.68024E-1 3.65469E-1 3.48968E-1 3.32287E-1 3.36486E-1 3.42578E-1 3.4784E-1 3.4816E-1 3.45791E-1 3.4136E-1 3.43026E-1 3.18482E-1 3.16171E-1 3.0383E-1 3.17659E-1 3.0929E-1 2.89862E-1 3.21154E-1 2.94347E-1 2.76551E-1 2.57379E-1 2.61988E-1 2.86593E-1 3.09115E-1 2.94542E-1 3.21736E-1 3.23625E-1 3.26337E-1 3.27821E-1 3.09178E-1 3.08937E-1 3.05724E-1 3.23062E-1 3.45533E-1 3.51528E-1 3.6503E-1 3.74967E-1 3.86865E-1 3.91689E-1 3.96166E-1 3.99165E-1 4.02678E-1 4.05831E-1 4.10112E-1 4.12264E-1 4.12778E-1 4.16965E-1 4.21226E-1 4.26535E-1 4.3287E-1 4.38606E-1 4.44974E-1 4.46785E-1 4.54624E-1 4.62806E-1 4.69164E-1 4.69293E-1 4.6942E-1 4.69414E-1
3.43194E-1 3.4904E-1 3.61701E-1 3.46769E-1 3.43489E-1 3.2557E-1 3.30065E-1 3.36343E-1 3.39024E-1 3.37378E-1 3.36702E-1 3.3637E-1 3.32071E-1 3.08295E-1 3.10228E-1 2.91518E-1 3.00637E-1 2.99056E-1 2.77591E-1 3.04375E-1 3.13302E-1 2.98821E-1 2.708E-1 2.73175E-1 3.02148E-1 3.14377E-1 2.95449E-1 3.30874E-1 3.35433E-1 3.27518E-1 3.11001E-1 3.14372E-1 3.13482E-1 3.14092E-1 3.19903E-1 3.35089E-1 3.48728E-1 3.63503E-1 3.80255E-1 3.87683E-1 3.8953E-1 3.96345E-1 4.01339E-1 4.10961E-1 4.12644E-1 4.16615E-1 4.17006E-1 4.14993E-1 4.15056E-1 4.21723E-1 4.32366E-1 4.39174E-1 4.40303E-1 4.36762E-1 4.36621E-1 4.46636E-1 4.57731E-1 4.64515E-1 4.69533E-1 4.70781E-1 4.71934E-1
3.43544E-1 3.44423E-1 3.38251E-1 3.54527E-1 3.52114E-1 3.34028E-1 3.31579E-1 3.30884E-1 3.28381E-1 3.27363E-1 3.16904E-1 3.15712E-1 3.18027E-1 2.93741E-1 2.96123E-1 2.91592E-1 3.0616E-1 3.13376E-1 2.89331E-1 3.05491E-1 3.19079E-1 3.14186E-1 2.90322E-1 2.78866E-1 2.96399E-1 3.08345E-1 2.90051E-1 3.17961E-1 3.30097E-1 3.19873E-1 3.11293E-1 3.12476E-1 3.16063E-1 3.25032E-1 3.28508E-1 3.39181E-1 3.54076E-1 3.68424E-1 3.78184E-1 3.88247E-1 3.92785E-1 3.98712E-1 4.04464E-1 4.11506E-1 4.14665E-1 4.17873E-1 4.15429E-1 4.17368E-1 4.23101E-1 4.28344E-1 4.36364E-1 4.43002E-1 4.36525E-1 4.33924E-1 4.28716E-1 4.37284E-1 4.48263E-1 4.54996E-1 4.66738E-1 4.71715E-1 4.7174E-1
3.41451E-1 3.36761E-1 3.2591E-1 3.2939E-1 3.42188E-1 3.38068E-1 3.28091E-1 3.29171E-1 3.2579E-1 3.19767E-1 3.15137E-1 3.0266E-1 3.01263E-1 2.82064E-1 2.7537E-1 2.80434E-1 2.88519E-1 3.17382E-1 3.07248E-1 3.0924E-1 3.15214E-1 3.10107E-1 3.07938E-1 3.07509E-1 3.07844E-1 3.01392E-1 3.02078E-1 3.15675E-1 3.29839E-1 3.28717E-1 3.17901E-1 3.17404E-1 3.14426E-1 3.23656E-1 3.39124E-1 3.45709E-1 3.62001E-1 3.7384E-1 3.79495E-1 3.86495E-1 3.89345E-1 3.93584E-1 4.01614E-1 4.10494E-1 4.16624E-1 4.17565E-1 4.19702E-1 4.23615E-1 4.29106E-1 4.3333E-1 4.41144E-1 4.42889E-1 4.4078E-1 4.39819E-1 4.39103E-1 4.37704E-1 4.41258E-1 4.53874E-1 4.64972E-1 4.71321E-1 4.69684E-1
3.32562E-1 3.39597E-1 3.28251E-1 3.10759E-1 3.26756E-1 3.36165E-1 3.29411E-1 3.29217E-1 3.27806E-1 3.24186E-1 3.1521E-1 3.01865E-1 2.84239E-1 2.7842E-1 2.70533E-1 2.77276E-1 3.08538E-1 3.23778E-1 3.17935E-1 3.22402E-1 3.22003E-1 3.21878E-1 3.23287E-1 3.03282E-1 3.03404E-1 3.07474E-1 3.21538E-1 3.13336E-1 3.16462E-1 3.21887E-1 3.25996E-1 3.4249E-1 3.29229E-1 3.33328E-1 3.48907E-1 3.7105E-1 3.75699E-1 3.7432E-1 3.81942E-1 3.81533E-1 3.91387E-1 3.97285E-1 4.02414E-1 4.08244E-1 4.16246E-1 4.22841E-1 4.228E-1 4.29237E-1 4.31457E-1 4.34481E-1 4.37869E-1 4.45654E-1 4.48309E-1 4.48513E-1 4.46662E-1 4.42036E-1 4.44561E-1 4.52152E-1 4.59703E-1 4.62984E-1 4.63399E-1
