maxent_outputs/white_flowers_linear/white_182.asc
ncols         426
nrows         180
xllcorner     -130.0
yllcorner     24.0
cellsize      0.16666666666666666
NODATA_value  -9999
[rows 54 to 80 of 180, columns 183 to 243 of 426]
3.46995E-1 3.58184E-1 3.59676E-1 3.50005E-1 3.45302E-1 3.41724E-1 3.39282E-1 3.37282E-1 3.42085E-1 3.49999E-1 3.63124E-1 3.66278E-1 3.66126E-1 3.6517E-1 3.57888E-1 3.72191E-1 3.84929E-1 3.81957E-1 3.78124E-1 3.77535E-1 3.72325E-1 3.70494E-1 3.76915E-1 3.83233E-1 3.80891E-1 3.83986E-1 3.7599E-1 3.72172E-1 3.69466E-1 3.74662E-1 3.82356E-1 3.86119E-1 3.90362E-1 3.96306E-1 4.10113E-1 4.26633E-1 4.21266E-1 4.12628E-1 4.17136E-1 4.14295E-1 4.21169E-1 4.15327E-1 4.19919E-1 4.22709E-1 4.25629E-1 4.16889E-1 4.18585E-1 4.1038E-1 4.07678E-1 4.16132E-1 4.27327E-1 4.26243E-1 4.34382E-1 4.43843E-1 4.53304E-1 4.5408E-1 4.59576E-1 4.56829E-1 4.63947E-1 4.58535E-1 4.68331E-1
3.37404E-1 3.43343E-1 3.4533E-1 3.43297E-1 3.42802E-1 3.45468E-1 3.39386E-1 3.39389E-1 3.42418E-1 3.48817E-1 3.61272E-1 3.70872E-1 3.65553E-1 3.61048E-1 3.58917E-1 3.68207E-1 3.82462E-1 3.87544E-1 3.91174E-1 3.85467E-1 3.81844E-1 3.79269E-1 3.80369E-1 3.87573E-1 3.92306E-1 3.8369E-1 3.76244E-1 3.70694E-1 3.74395E-1 3.8197E-1 3.8382E-1 3.83718E-1 3.86651E-1 3.94551E-1 3.97733E-1 4.06629E-1 4.18471E-1 4.22113E-1 4.15054E-1 4.16929E-1 4.23872E-1 4.31874E-1 4.30472E-1 4.29419E-1 4.28635E-1 4.20118E-1 4.19254E-1 4.19972E-1 4.18667E-1 4.27017E-1 4.40043E-1 4.53517E-1 4.50767E-1 4.46163E-1 4.50952E-1 4.57038E-1 4.5546E-1 4.6303E-1 4.69411E-1 4.75291E-1 4.75785E-1
3.50224E-1 3.5123E-1 3.53849E-1 3.49758E-1 3.5009E-1 3.48599E-1 3.4772E-1 3.42969E-1 3.4621E-1 3.48587E-1 3.58752E-1 3.69046E-1 3.71778E-1 3.65175E-1 3.72336E-1 3.63548E-1 3.72137E-1 3.84205E-1 3.91516E-1 3.92279E-1 3.91532E-1 3.89388E-1 3.89279E-1 3.90918E-1 3.90641E-1 3.8884E-1 3.87941E-1 3.83581E-1 3.82203E-1 3.83382E-1 3.84136E-1 3.83348E-1 3.87059E-1 3.95725E-1 3.94541E-1 4.05715E-1 4.14428E-1 4.18942E-1 4.16514E-1 4.19264E-1 4.27458E-1 4.3251E-1 4.38816E-1 4.36864E-1 4.35835E-1 4.36426E-1 4.38086E-1 4.34919E-1 4.36321E-1 4.31428E-1 4.3734E-1 4.4323E-1 4.54755E-1 4.41903E-1 4.46505E-1 4.56408E-1 4.53861E-1 4.56345E-1 4.63108E-1 4.6318E-1 4.62572E-1
3.54318E-1 3.54421E-1 3.61725E-1 3.58783E-1 3.57549E-1 3.52085E-1 3.48971E-1 3.48975E-1 3.51015E-1 3.51713E-1 3.55926E-1 3.68356E-1 3.73416E-1 3.72857E-1 3.68066E-1 3.62402E-1 3.62708E-1 3.72549E-1 3.84127E-1 3.86748E-1 3.92547E-1 3.94123E-1 3.93581E-1 3.93641E-1 3.93863E-1 3.9438E-1 3.90264E-1 3.8844E-1 3.89511E-1 3.91817E-1 3.87527E-1 3.83664E-1 3.78255E-1 3.88123E-1 3.95297E-1 4.05816E-1 4.18297E-1 4.19363E-1 4.22331E-1 4.30324E-1 4.318E-1 4.28861E-1 4.28472E-1 4.33768E-1 4.37217E-1 4.43121E-1 4.44124E-1 4.46003E-1 4.36016E-1 4.33142E-1 4.37898E-1 4.35912E-1 4.46438E-1 4.53642E-1 4.54247E-1 4.52311E-1 4.55089E-1 4.55951E-1 4.57082E-1 4.4883E-1 4.53644E-1
3.39558E-1 3.40779E-1 3.46707E-1 3.55827E-1 3.61605E-1 3.57646E-1 3.52799E-1 3.53666E-1 3.5354E-1 3.53771E-1 3.57032E-1 3.70318E-1 3.8973E-1 3.76235E-1 3.74864E-1 3.59304E-1 3.59678E-1 3.64304E-1 3.7521E-1 3.88286E-1 3.93168E-1 3.97901E-1 4.02436E-1 4.01782E-1 3.99251E-1 3.96517E-1 3.94608E-1 3.93577E-1 3.92663E-1 3.91086E-1 3.91325E-1 3.92503E-1 3.87374E-1 3.93358E-1 4.05479E-1 4.10151E-1 4.15013E-1 4.20564E-1 4.21466E-1 4.23063E-1 4.32165E-1 4.28412E-1 4.26923E-1 4.29489E-1 4.33783E-1 4.35232E-1 4.41412E-1 4.43872E-1 4.37368E-1 4.39858E-1 4.42865E-1 4.37945E-1 4.43473E-1 4.57594E-1 4.51539E-1 4.52347E-1 4.61818E-1 4.58426E-1 4.56233E-1 4.49345E-1 4.55395E-1
3.45492E-1 3.38122E-1 3.3974E-1 3.43138E-1 3.5288E-1 3.68754E-1 3.57181E-1 3.55587E-1 3.56458E-1 3.57018E-1 3.60069E-1 3.65302E-1 3.75642E-1 3.79916E-1 3.75272E-1 3.67329E-1 3.65355E-1 3.66408E-1 3.69423E-1 3.78992E-1 3.90777E-1 3.97913E-1 4.07403E-1 4.06025E-1 4.03999E-1 4.03631E-1 4.04013E-1 3.99838E-1 3.95666E-1 3.95945E-1 3.92378E-1 3.90857E-1 3.95756E-1 3.9253E-1 3.97567E-1 4.04147E-1 4.11133E-1 4.15717E-1 4.20211E-1 4.19694E-1 4.28847E-1 4.27977E-1 4.26712E-1 4.28575E-1 4.34985E-1 4.45212E-1 4.44971E-1 4.47584E-1 4.36846E-1 4.37928E-1 4.47284E-1 4.43299E-1 4.41145E-1 4.53155E-1 4.51644E-1 4.58533E-1 4.60812E-1 4.63378E-1 4.59794E-1 4.60688E-1 4.59967E-1
3.55818E-1 3.57126E-1 3.48E-1 3.46776E-1 3.5435E-1 3.58229E-1 3.58377E-1 3.61923E-1 3.62915E-1 3.61462E-1 3.65674E-1 3.66674E-1 3.72374E-1 3.81033E-1 3.83423E-1 3.76955E-1 3.73193E-1 3.72432E-1 3.74235E-1 3.80146E-1 3.88623E-1 3.97124E-1 4.02757E-1 3.98915E-1 4.01584E-1 4.00729E-1 4.04409E-1 4.01498E-1 4.00942E-1 4.00516E-1 3.96014E-1 3.96286E-1 3.96623E-1 3.92331E-1 3.92514E-1 3.98688E-1 4.07454E-1 4.10237E-1 4.14617E-1 4.15289E-1 4.20862E-1 4.29388E-1 4.30584E-1 4.35504E-1 4.35471E-1 4.38743E-1 4.49365E-1 4.59792E-1 4.61287E-1 4.40695E-1 4.48389E-1 4.44916E-1 4.39679E-1 4.54078E-1 4.60499E-1 4.58808E-1 4.59577E-1 4.66007E-1 4.64415E-1 4.62232E-1 4.66873E-1
3.70176E-1 3.61747E-1 3.56176E-1 3.55364E-1 3.54429E-1 3.56935E-1 3.63137E-1 3.63767E-1 3.65517E-1 3.66858E-1 3.64739E-1 3.69754E-1 3.70087E-1 3.72891E-1 3.81392E-1 3.76024E-1 3.77822E-1 3.75144E-1 3.77121E-1 3.83204E-1 3.86051E-1 3.94476E-1 3.98648E-1 3.96945E-1 3.94264E-1 4.04207E-1 4.04701E-1 3.97209E-1 4.01862E-1 4.04142E-1 4.0864E-1 4.02752E-1 4.01947E-1 3.93673E-1 3.93544E-1 4.04151E-1 4.10745E-1 4.14349E-1 4.16212E-1 4.22795E-1 4.21859E-1 4.23685E-1 4.34169E-1 4.42356E-1 4.4269E-1 4.45877E-1 4.48675E-1 4.54432E-1 4.60038E-1 4.59817E-1 4.61825E-1 4.58157E-1 4.54921E-1 4.60021E-1 4.63882E-1 4.61742E-1 4.61063E-1 4.64388E-1 4.62965E-1 4.62591E-1 4.69428E-1
3.83312E-1 3.78557E-1 3.70099E-1 3.61667E-1 3.57142E-1 3.60207E-1 3.64461E-1 3.70315E-1 3.68772E-1 3.67765E-1 3.67766E-1 3.67632E-1 3.73858E-1 3.77484E-1 3.81639E-1 3.81383E-1 3.79594E-1 3.81423E-1 3.78053E-1 3.78636E-1 3.82631E-1 3.89423E-1 3.96233E-1 3.9949E-1 3.96001E-1 3.95313E-1 4.01167E-1 3.95996E-1 3.96003E-1 4.08586E-1 4.15568E-1 4.09025E-1 4.04481E-1 3.99484E-1 4.05629E-1 4.07953E-1 4.18667E-1 4.24179E-1 4.191E-1 4.27698E-1 4.28919E-1 4.2638E-1 4.30168E-1 4.40592E-1 4.44835E-1 4.43031E-1 4.43365E-1 4.52871E-1 4.61706E-1 4.72997E-1 4.68746E-1 4.45961E-1 4.53822E-1 4.66824E-1 4.65957E-1 4.65609E-1 4.70124E-1 4.6522E-1 4.59834E-1 4.65613E-1 4.76014E-1
3.86455E-1 3.97984E-1 3.85889E-1 3.73483E-1 3.60099E-1 3.59524E-1 3.60576E-1 3.67147E-1 3.72202E-1 3.70987E-1 3.66881E-1 3.68685E-1 3.75777E-1 3.75144E-1 3.73186E-1 3.73721E-1 3.75417E-1 3.75813E-1 3.7607E-1 3.76566E-1 3.80445E-1 3.88059E-1 3.93925E-1 3.95795E-1 3.94974E-1 4.00602E-1 4.09983E-1 3.96911E-1 3.97627E-1 4.03265E-1 4.09838E-1 4.08192E-1 4.04662E-1 4.06695E-1 4.06969E-1 4.10519E-1 4.16355E-1 4.22855E-1 4.24445E-1 4.31075E-1 4.31501E-1 4.3535E-1 4.34248E-1 4.33657E-1 4.43141E-1 4.4852E-1 4.54248E-1 4.59556E-1 4.68444E-1 4.82056E-1 4.8129E-1 4.64761E-1 4.6381E-1 4.70473E-1 4.69854E-1 4.74723E-1 4.78391E-1 4.80416E-1 4.72506E-1 4.749E-1 4.74712E-1
3.90636E-1 3.90166E-1 3.92801E-1 3.94134E-1 3.73764E-1 3.66359E-1 3.68701E-1 3.6691E-1 3.80053E-1 3.80122E-1 3.72502E-1 3.70698E-1 3.78456E-1 3.7892E-1 3.70402E-1 3.68612E-1 3.71715E-1 3.75188E-1 3.76218E-1 3.79844E-1 3.84516E-1 3.91275E-1 3.92682E-1 3.93305E-1 3.92234E-1 3.93262E-1 3.9859E-1 4.02792E-1 4.06767E-1 4.06453E-1 4.07165E-1 4.05116E-1 4.03839E-1 4.09259E-1 4.10231E-1 4.11662E-1 4.1519E-1 4.20936E-1 4.26844E-1 4.28595E-1 4.32323E-1 4.36853E-1 4.38539E-1 4.4099E-1 4.45583E-1 4.50302E-1 4.56821E-1 4.58706E-1 4.65445E-1 4.79956E-1 4.81509E-1 4.72115E-1 4.70197E-1 4.67984E-1 4.72336E-1 4.66531E-1 4.68506E-1 4.74695E-1 4.63758E-1 4.72495E-1 4.67463E-1
3.89726E-1 3.8947E-1 3.85741E-1 3.87174E-1 3.90447E-1 3.84135E-1 3.78383E-1 3.76704E-1 3.81873E-1 3.79539E-1 3.81068E-1 3.79253E-1 3.74945E-1 3.77539E-1 3.72303E-1 3.68097E-1 3.72354E-1 3.71066E-1 3.76237E-1 3.82132E-1 3.87303E-1 3.89497E-1 3.88369E-1 3.88187E-1 3.93512E-1 3.95946E-1 3.99531E-1 4.06593E-1 4.07248E-1 4.05474E-1 4.01984E-1 4.00511E-1 4.01255E-1 4.05257E-1 4.11207E-1 4.12302E-1 4.19728E-1 4.18404E-1 4.21705E-1 4.23408E-1 4.23952E-1 4.31264E-1 4.40622E-1 4.43556E-1 4.47616E-1 4.52262E-1 4.58758E-1 4.58969E-1 4.59323E-1 4.70177E-1 4.68359E-1 4.70342E-1 4.66182E-1 4.71881E-1 4.80974E-1 4.83198E-1 4.87064E-1 4.83683E-1 4.81395E-1 4.73408E-1 4.85194E-1
3.87613E-1 3.8575E-1 3.79952E-1 3.76058E-1 3.76034E-1 3.78367E-1 3.79576E-1 3.7868E-1 3.77386E-1 3.81939E-1 3.97944E-1 4.02922E-1 3.8696E-1 3.75523E-1 3.69095E-1 3.70457E-1 3.72949E-1 3.76537E-1 3.78572E-1 3.8396E-1 3.8699E-1 3.87617E-1 3.8679E-1 3.88217E-1 3.93438E-1 3.92741E-1 3.97336E-1 4.00934E-1 4.04262E-1 4.01746E-1 3.99033E-1 3.96795E-1 3.97405E-1 3.98058E-1 4.00477E-1 4.10873E-1 4.14108E-1 4.15323E-1 4.19827E-1 4.1912E-1 4.20696E-1 4.25575E-1 4.4054E-1 4.48E-1 4.47944E-1 4.51128E-1 4.60809E-1 4.59544E-1 4.56206E-1 4.62888E-1 4.63181E-1 4.59229E-1 4.57006E-1 4.6117E-1 4.71438E-1 4.8309E-1 4.8264E-1 4.80982E-1 4.77024E-1 4.71688E-1 4.72008E-1
3.96266E-1 3.89365E-1 3.87302E-1 3.8212E-1 3.79948E-1 3.78674E-1 3.81641E-1 3.8078E-1 3.83596E-1 3.93746E-1 3.96872E-1 3.99226E-1 3.93237E-1 3.86621E-1 3.86443E-1 3.85043E-1 3.80237E-1 3.84073E-1 3.86271E-1 3.86478E-1 3.89274E-1 3.89304E-1 3.87612E-1 3.88991E-1 3.9091E-1 3.97385E-1 3.96292E-1 4.02607E-1 4.01941E-1 4.01848E-1 4.02752E-1 3.99569E-1 3.99818E-1 4.03191E-1 4.03553E-1 4.09179E-1 4.16441E-1 4.23885E-1 4.19404E-1 4.17651E-1 4.21842E-1 4.27406E-1 4.37118E-1 4.42221E-1 4.49537E-1 4.48463E-1 4.46505E-1 4.57234E-1 4.57181E-1 4.58668E-1 4.60764E-1 4.60313E-1 4.60094E-1 4.64147E-1 4.67836E-1 4.75676E-1 4.79871E-1 4.78671E-1 4.78657E-1 4.76889E-1 4.75687E-1
3.94633E-1 3.91558E-1 3.88312E-1 3.85001E-1 3.82646E-1 3.80717E-1 3.82096E-1 3.81534E-1 3.8271E-1 3.91189E-1 3.94003E-1 3.97413E-1 3.99732E-1 3.90251E-1 3.86292E-1 3.88897E-1 3.92225E-1 3.86787E-1 3.95792E-1 3.89997E-1 3.88885E-1 3.93E-1 3.97506E-1 3.99173E-1 3.91564E-1 3.97479E-1 3.99847E-1 4.00829E-1 4.04108E-1 4.04624E-1 4.05386E-1 4.03944E-1 4.05339E-1 4.07472E-1 4.05672E-1 4.0991E-1 4.13482E-1 4.2305E-1 4.23036E-1 4.22705E-1 4.24817E-1 4.26399E-1 4.30469E-1 4.35416E-1 4.4618E-1 4.48686E-1 4.46302E-1 4.50039E-1 4.51369E-1 4.57911E-1 4.62808E-1 4.67158E-1 4.69897E-1 4.68322E-1 4.68698E-1 4.7839E-1 4.78457E-1 4.78282E-1 4.7965E-1 4.78841E-1 4.78219E-1
3.95568E-1 3.95465E-1 3.94183E-1 3.88001E-1 3.8306E-1 3.80312E-1 3.8176E-1 3.83285E-1 3.84162E-1 3.88118E-1 3.93767E-1 3.88452E-1 3.95326E-1 3.93274E-1 3.86827E-1 3.89108E-1 3.95141E-1 3.97475E-1 3.96335E-1 3.9188E-1 3.95641E-1 3.98403E-1 4.03595E-1 4.02109E-1 3.99838E-1 4.0207E-1 4.05988E-1 4.09008E-1 4.0595E-1 4.05764E-1 4.03639E-1 4.08614E-1 4.14087E-1 4.09582E-1 4.0686E-1 4.07435E-1 4.14962E-1 4.20139E-1 4.25157E-1 4.24939E-1 4.26715E-1 4.28813E-1 4.32254E-1 4.38026E-1 4.45771E-1 4.46135E-1 4.52802E-1 4.52831E-1 4.53193E-1 4.59719E-1 4.63462E-1 4.69591E-1 4.74151E-1 4.80457E-1 4.76625E-1 4.8328E-1 4.88494E-1 4.84541E-1 4.81923E-1 4.81943E-1 4.80477E-1
3.89888E-1 3.90029E-1 3.88693E-1 3.86732E-1 3.82011E-1 3.78261E-1 3.76542E-1 3.81334E-1 3.87296E-1 3.90735E-1 3.91988E-1 3.89999E-1 3.90468E-1 3.97031E-1 3.92402E-1 3.93421E-1 3.91061E-1 3.94446E-1 4.11011E-1 3.96445E-1 3.94694E-1 4.10065E-1 4.04437E-1 4.07639E-1 4.10723E-1 4.08105E-1 4.14977E-1 4.17759E-1 4.14407E-1 4.11143E-1 4.09423E-1 4.06772E-1 4.10546E-1 4.14613E-1 4.05674E-1 4.07396E-1 4.13917E-1 4.18945E-1 4.2441E-1 4.27929E-1 4.32182E-1 4.34153E-1 4.40347E-1 4.42611E-1 4.43934E-1 4.48317E-1 4.50755E-1 4.5599E-1 4.58778E-1 4.57039E-1 4.67502E-1 4.74179E-1 4.76408E-1 4.79004E-1 4.78237E-1 4.78056E-1 4.92138E-1 4.92152E-1 4.89706E-1 4.84184E-1 4.83797E-1
3.80384E-1 3.8466E-1 3.86788E-1 3.85374E-1 3.83754E-1 3.80564E-1 3.77804E-1 3.82843E-1 3.86261E-1 3.91804E-1 3.91115E-1 3.90032E-1 3.88716E-1 3.94235E-1 3.90181E-1 3.91299E-1 3.92932E-1 3.92818E-1 4.0056E-1 4.0467E-1 3.98384E-1 4.14402E-1 4.13763E-1 4.16593E-1 4.19434E-1 4.1977E-1 4.18236E-1 4.20817E-1 4.19988E-1 4.18007E-1 4.15908E-1 4.0896E-1 4.07386E-1 4.19078E-1 4.08722E-1 4.12288E-1 4.16822E-1 4.25518E-1 4.28453E-1 4.36788E-1 4.37882E-1 4.40278E-1 4.45047E-1 4.46515E-1 4.48351E-1 4.51272E-1 4.51064E-1 4.47839E-1 4.59566E-1 4.67364E-1 4.6844E-1 4.71655E-1 4.70337E-1 4.71018E-1 4.73067E-1 4.8586E-1 4.92034E-1 4.93269E-1 4.93717E-1 4.90953E-1 4.90153E-1
3.83745E-1 3.83308E-1 3.8696E-1 3.84404E-1 3.84304E-1 3.82518E-1 3.81478E-1 3.82195E-1 3.90544E-1 3.90757E-1 3.89849E-1 3.89652E-1 3.86615E-1 3.88092E-1 3.9042E-1 3.91461E-1 3.94328E-1 3.96844E-1 4.01643E-1 4.09389E-1 4.07973E-1 4.21341E-1 4.20288E-1 4.24304E-1 4.25933E-1 4.25194E-1 4.252E-1 4.27615E-1 4.24955E-1 4.2138E-1 4.18892E-1 4.13973E-1 4.03778E-1 4.12398E-1 4.13577E-1 4.21963E-1 4.2832E-1 4.34001E-1 4.34761E-1 4.39867E-1 4.40352E-1 4.47609E-1 4.53103E-1 4.52708E-1 4.53594E-1 4.49371E-1 4.46252E-1 4.58185E-1 4.67825E-1 4.73816E-1 4.71865E-1 4.70034E-1 4.69984E-1 4.68911E-1 4.74252E-1 4.83382E-1 4.91827E-1 4.96119E-1 4.93833E-1 4.91685E-1 4.94217E-1
3.9017E-1 3.93956E-1 3.91408E-1 3.9168E-1 3.91578E-1 3.87448E-1 3.84264E-1 3.85877E-1 3.88688E-1 3.89351E-1 3.88897E-1 3.90331E-1 3.90238E-1 3.95177E-1 3.94371E-1 3.9437E-1 3.9486E-1 3.97362E-1 4.05382E-1 4.12287E-1 4.08357E-1 4.2205E-1 4.24684E-1 4.2384E-1 4.25323E-1 4.24148E-1 4.30516E-1 4.31361E-1 4.35022E-1 4.35269E-1 4.30739E-1 4.18158E-1 4.13631E-1 4.16788E-1 4.3079E-1 4.37222E-1 4.41181E-1 4.46121E-1 4.45393E-1 4.4311E-1 4.49765E-1 4.49968E-1 4.51831E-1 4.54015E-1 4.52879E-1 4.54912E-1 4.60853E-1 4.69107E-1 4.7361E-1 4.83236E-1 4.80506E-1 4.76779E-1 4.75787E-1 4.76126E-1 4.81347E-1 4.8198E-1 4.89707E-1 4.9044E-1 4.87614E-1 4.84424E-1 4.86319E-1
3.91273E-1 3.9225E-1 3.90849E-1 3.90952E-1 3.93865E-1 3.92908E-1 3.8785E-1 3.88468E-1 3.87882E-1 3.90741E-1 3.93127E-1 3.92986E-1 3.9236E-1 3.91556E-1 3.92954E-1 3.94786E-1 3.97508E-1 4.01767E-1 4.0923E-1 4.12763E-1 4.13912E-1 4.16043E-1 4.22574E-1 4.2558E-1 4.23835E-1 4.24431E-1 4.29765E-1 4.37024E-1 4.40046E-1 4.43917E-1 4.38978E-1 4.32528E-1 4.31092E-1 4.34378E-1 4.39112E-1 4.51776E-1 4.62246E-1 4.73312E-1 4.67957E-1 4.52415E-1 4.52872E-1 4.58016E-1 4.52902E-1 4.53435E-1 4.55345E-1 4.57124E-1 4.62258E-1 4.69325E-1 4.72136E-1 4.77234E-1 4.83231E-1 4.82701E-1 4.81162E-1 4.78789E-1 4.91598E-1 4.92765E-1 4.86598E-1 4.83788E-1 4.85826E-1 4.87222E-1 4.90105E-1
3.87374E-1 3.90491E-1 3.9435E-1 3.99876E-1 3.96867E-1 3.92557E-1 3.92066E-1 3.91117E-1 3.94002E-1 3.94441E-1 3.97314E-1 3.91873E-1 3.92531E-1 3.9456E-1 3.96843E-1 4.04361E-1 4.02867E-1 4.0893E-1 4.11625E-1 4.09639E-1 4.21578E-1 4.28269E-1 4.23869E-1 4.2442E-1 4.21797E-1 4.2725E-1 4.29647E-1 4.34439E-1 4.40351E-1 4.42426E-1 4.41357E-1 4.36217E-1 4.37759E-1 4.40042E-1 4.45266E-1 4.52544E-1 4.78855E-1 5.20227E-1 5.32067E-1 4.79649E-1 4.65955E-1 4.5964E-1 4.52937E-1 4.52528E-1 4.57432E-1 4.61183E-1 4.66793E-1 4.74258E-1 4.76452E-1 4.80799E-1 4.79344E-1 4.91964E-1 4.88626E-1 4.87826E-1 4.89063E-1 4.92616E-1 4.9345E-1 4.91585E-1 4.90902E-1 4.87637E-1 4.87906E-1
3.85151E-1 3.85941E-1 3.93853E-1 3.98998E-1 3.92652E-1 3.8747E-1 3.88345E-1 3.92662E-1 3.91149E-1 3.92893E-1 3.96285E-1 3.96406E-1 3.96803E-1 4.00506E-1 4.04737E-1 4.04158E-1 3.97579E-1 3.9582E-1 4.06425E-1 4.12496E-1 4.16616E-1 4.28469E-1 4.25918E-1 4.20252E-1 4.2157E-1 4.28496E-1 4.33652E-1 4.40151E-1 4.44466E-1 4.4718E-1 4.469E-1 4.46794E-1 4.4625E-1 4.47989E-1 4.49228E-1 4.58978E-1 4.8125E-1 5.32166E-1 5.5875E-1 5.09711E-1 4.7829E-1 4.59472E-1 4.54529E-1 4.51662E-1 4.56628E-1 4.63046E-1 4.66104E-1 4.73948E-1 4.79408E-1 4.80069E-1 4.81766E-1 4.8561E-1 4.90824E-1 4.9621E-1 4.96982E-1 4.98685E-1 5.01641E-1 5.02738E-1 4.97833E-1 4.96171E-1 4.9779E-1
3.77969E-1 3.81234E-1 3.828E-1 3.84927E-1 3.90834E-1 3.86194E-1 3.87647E-1 3.90692E-1 3.98857E-1 4.0106E-1 3.98437E-1 3.97949E-1 3.96497E-1 3.96919E-1 3.98398E-1 4.00386E-1 3.99414E-1 3.95786E-1 3.99168E-1 4.13871E-1 4.18344E-1 4.20885E-1 4.25182E-1 4.20462E-1 4.23166E-1 4.27792E-1 4.37817E-1 4.44055E-1 4.51511E-1 4.49636E-1 4.50948E-1 4.56677E-1 4.53437E-1 4.54784E-1 4.52709E-1 4.58189E-1 4.71727E-1 4.99819E-1 5.14439E-1 4.95864E-1 4.72327E-1 4.6031E-1 4.51532E-1 4.53239E-1 4.58996E-1 4.67362E-1 4.76017E-1 4.78203E-1 4.79326E-1 4.84319E-1 4.89872E-1 4.93549E-1 4.95767E-1 5.01972E-1 5.04724E-1 5.04999E-1 5.10319E-1 5.01337E-1 4.99201E-1 5.00073E-1 5.0814E-1
3.76527E-1 3.81223E-1 3.83039E-1 3.85884E-1 3.84429E-1 3.81832E-1 3.91018E-1 3.98944E-1 3.98283E-1 3.99335E-1 3.99776E-1 4.00469E-1 3.96495E-1 3.95717E-1 3.95686E-1 4.006E-1 3.99067E-1 4.00732E-1 4.03493E-1 4.13683E-1 4.16927E-1 4.21024E-1 4.32263E-1 4.22193E-1 4.23705E-1 4.31224E-1 4.40089E-1 4.47874E-1 4.50956E-1 4.48993E-1 4.49758E-1 4.5175E-1 4.58204E-1 4.58586E-1 4.60227E-1 4.60074E-1 4.62752E-1 4.75963E-1 4.83284E-1 4.79921E-1 4.70638E-1 4.6383E-1 4.61929E-1 4.61957E-1 4.62686E-1 4.72538E-1 4.80146E-1 4.83948E-1 4.88135E-1 4.87834E-1 4.95567E-1 5.01366E-1 5.09129E-1 5.11304E-1 5.05772E-1 5.08305E-1 5.12928E-1 5.09402E-1 5.10162E-1 5.11537E-1 5.1995E-1
3.80775E-1 3.8485E-1 3.83895E-1 3.81459E-1 3.82653E-1 3.85485E-1 3.91814E-1 3.90865E-1 3.93472E-1 3.96445E-1 3.97306E-1 4.00231E-1 3.96144E-1 3.9426E-1 3.94567E-1 3.99512E-1 4.05149E-1 4.18777E-1 4.13726E-1 4.11225E-1 4.1772E-1 4.23796E-1 4.27267E-1 4.26102E-1 4.25863E-1 4.32647E-1 4.40483E-1 4.48102E-1 4.51894E-1 4.51998E-1 4.50691E-1 4.52337E-1 4.5701E-1 4.61928E-1 4.66701E-1 4.68492E-1 4.68707E-1 4.71464E-1 4.74083E-1 4.66499E-1 4.63144E-1 4.65587E-1 4.64168E-1 4.65945E-1 4.69641E-1 4.75011E-1 4.77887E-1 4.79224E-1 4.89546E-1 4.88967E-1 5.00017E-1 5.03775E-1 5.06772E-1 5.01854E-1 4.96235E-1 5.0128E-1 5.13041E-1 5.18963E-1 5.19736E-1 5.22563E-1 5.25227E-1
3.80547E-1 3.79936E-1 3.816E-1 3.81438E-1 3.79953E-1 3.80759E-1 3.84124E-1 3.87703E-1 3.90125E-1 3.91275E-1 3.94183E-1 3.96791E-1 3.94167E-1 3.94184E-1 3.9467E-1 3.9891E-1 4.06349E-1 4.14546E-1 4.19847E-1 4.13658E-1 4.14307E-1 4.22124E-1 4.25619E-1 4.2927E-1 4.3065E-1 4.33977E-1 4.41156E-1 4.47712E-1 4.52868E-1 4.53358E-1 4.54953E-1 4.57264E-1 4.60464E-1 4.65354E-1 4.67732E-1 4.76716E-1 4.84113E-1 4.86603E-1 4.82516E-1 4.77747E-1 4.78517E-1 4.73832E-1 4.71108E-1 4.66667E-1 4.68263E-1 4.74881E-1 4.81673E-1 4.84985E-1 4.91009E-1 4.94238E-1 5.03127E-1 5.08797E-1 5.04303E-1 4.9948E-1 5.01512E-1 5.12668E-1 5.22575E-1 5.26413E-1 5.20611E-1 5.25177E-1 5.23431E-1
