maxent_outputs/white_flowers_linear/white_63.asc
ncols         426
nrows         180
xllcorner     -130.0
yllcorner     24.0
cellsize      0.16666666666666666
NODATA_value  -9999
[rows 0 to 26 of 180, columns 183 to 243 of 426]
6.67002E-2 6.19081E-2 6.29234E-2 6.60583E-2 6.50153E-2 6.29205E-2 6.39304E-2 7.09849E-2 7.24364E-2 7.06165E-2 6.61947E-2 6.66107E-2 6.30958E-2 6.2401E-2 6.37092E-2 6.26989E-2 6.35764E-2 6.29831E-2 6.21894E-2 6.28929E-2 6.52779E-2 6.38314E-2 6.27931E-2 6.38668E-2 6.38241E-2 6.32626E-2 6.41645E-2 6.35201E-2 6.54005E-2 6.2728E-2 6.24697E-2 6.20502E-2 6.16516E-2 6.29787E-2 6.15385E-2 6.04974E-2 6.01844E-2 6.03454E-2 6.12904E-2 6.1352E-2 6.13032E-2 6.13945E-2 6.09207E-2 5.98502E-2 6.20013E-2 6.07691E-2 6.16E-2 6.25593E-2 6.50999E-2 6.35335E-2 6.27573E-2 6.50614E-2 6.66501E-2 6.31351E-2 6.47212E-2 6.25324E-2 6.18532E-2 5.95366E-2 5.93219E-2 6.00074E-2 5.88639E-2
6.40014E-2 6.23152E-2 6.53411E-2 8.53207E-2 9.32467E-2 9.36298E-2 9.58233E-2 9.54922E-2 8.75732E-2 7.92556E-2 6.71469E-2 6.78744E-2 6.57442E-2 6.35956E-2 6.52627E-2 6.42771E-2 6.30305E-2 6.21224E-2 6.15976E-2 6.29604E-2 6.30839E-2 6.23348E-2 6.30807E-2 6.29525E-2 6.29729E-2 6.23612E-2 6.42945E-2 6.34684E-2 6.45229E-2 6.60376E-2 6.82149E-2 6.6702E-2 6.34639E-2 6.24808E-2 6.24491E-2 6.22654E-2 6.25386E-2 6.26681E-2 6.16977E-2 6.12643E-2 6.13669E-2 5.9663E-2 6.04295E-2 6.33327E-2 6.57918E-2 6.52045E-2 6.40661E-2 6.17456E-2 6.29222E-2 6.4875E-2 6.35639E-2 6.43702E-2 6.33823E-2 6.16518E-2 6.38139E-2 6.56818E-2 7.31667E-2 7.44425E-2 7.1041E-2 6.27111E-2 6.27791E-2
6.27802E-2 6.3229E-2 7.38759E-2 9.67326E-2 9.67643E-2 9.56119E-2 9.93353E-2 1.00214E-1 1.0185E-1 1.00975E-1 8.10816E-2 6.8877E-2 6.91204E-2 6.63705E-2 6.47393E-2 6.40269E-2 6.25885E-2 6.23414E-2 6.25513E-2 6.37768E-2 6.26838E-2 6.12688E-2 6.08132E-2 6.30836E-2 6.38039E-2 6.25828E-2 6.29251E-2 6.34863E-2 6.41662E-2 6.31826E-2 6.39294E-2 6.33288E-2 6.26848E-2 6.25443E-2 6.18897E-2 6.28862E-2 6.26816E-2 6.26879E-2 6.33262E-2 6.24515E-2 6.28293E-2 6.17818E-2 5.97039E-2 5.85874E-2 6.00328E-2 6.02313E-2 6.0752E-2 6.10103E-2 6.28859E-2 6.28482E-2 6.61395E-2 6.44794E-2 6.1843E-2 6.05952E-2 6.11168E-2 6.17013E-2 6.08864E-2 6.23971E-2 6.11352E-2 6.07902E-2 5.99447E-2
6.58173E-2 7.01581E-2 8.60386E-2 1.002E-1 9.79667E-2 9.70659E-2 9.66425E-2 9.72206E-2 1.00397E-1 1.0372E-1 1.0313E-1 7.36653E-2 7.34616E-2 6.82154E-2 6.70136E-2 6.46302E-2 6.46525E-2 6.45088E-2 6.36193E-2 6.34167E-2 6.5137E-2 6.25241E-2 6.21445E-2 6.32033E-2 6.24095E-2 6.30861E-2 6.23792E-2 6.25998E-2 6.37525E-2 6.2931E-2 6.30102E-2 6.45588E-2 6.30584E-2 6.25024E-2 6.17126E-2 6.1559E-2 6.24166E-2 6.17584E-2 6.13695E-2 6.23729E-2 6.22342E-2 6.05142E-2 5.96283E-2 5.8168E-2 5.82486E-2 5.83176E-2 6.35297E-2 6.26104E-2 6.28322E-2 6.45277E-2 6.52853E-2 6.8693E-2 6.40288E-2 6.18142E-2 6.22251E-2 6.09013E-2 6.09042E-2 6.07397E-2 6.23667E-2 5.95377E-2 6.06359E-2
7.8582E-2 8.22584E-2 9.54943E-2 9.92394E-2 9.92572E-2 9.96803E-2 1.00967E-1 1.0142E-1 1.01606E-1 1.03532E-1 1.03909E-1 9.23257E-2 7.57516E-2 6.71679E-2 6.33315E-2 6.62463E-2 6.58637E-2 6.43142E-2 6.41492E-2 6.3958E-2 6.35135E-2 6.31421E-2 6.40682E-2 6.30427E-2 6.18269E-2 6.21601E-2 6.21548E-2 6.33811E-2 6.45634E-2 6.43017E-2 6.39417E-2 6.36226E-2 6.3441E-2 6.34528E-2 6.43394E-2 6.45297E-2 6.26789E-2 6.08427E-2 6.00874E-2 6.07955E-2 6.1611E-2 6.16979E-2 6.13211E-2 6.12789E-2 6.12572E-2 6.17386E-2 5.92296E-2 6.04881E-2 6.18683E-2 6.1908E-2 6.26327E-2 6.3509E-2 6.23799E-2 6.14377E-2 6.14809E-2 6.21964E-2 6.13542E-2 6.24691E-2 6.25058E-2 5.94989E-2 5.91684E-2
7.83774E-2 7.63713E-2 8.09455E-2 8.98322E-2 8.91831E-2 9.04639E-2 9.93772E-2 1.04161E-1 1.02893E-1 1.03498E-1 1.05051E-1 1.04743E-1 8.68814E-2 6.82006E-2 6.65206E-2 6.54609E-2 6.588E-2 6.56052E-2 6.46953E-2 6.3966E-2 6.51873E-2 6.29458E-2 6.23318E-2 6.31954E-2 6.39186E-2 6.43038E-2 6.45232E-2 6.5042E-2 6.39404E-2 6.40331E-2 6.48542E-2 6.43502E-2 6.39321E-2 6.40134E-2 6.31583E-2 6.62424E-2 6.78607E-2 6.58654E-2 6.78354E-2 6.79038E-2 6.92735E-2 6.71381E-2 6.25557E-2 6.28404E-2 6.25418E-2 6.44759E-2 6.04891E-2 6.04332E-2 6.28758E-2 6.4269E-2 6.45427E-2 6.49057E-2 6.2465E-2 6.04395E-2 6.02004E-2 6.01846E-2 6.13353E-2 6.48512E-2 6.41089E-2 6.23621E-2 6.33356E-2
7.73189E-2 7.28132E-2 7.1235E-2 7.66265E-2 8.8226E-2 9.55484E-2 1.01659E-1 1.03405E-1 1.04424E-1 1.04447E-1 1.06059E-1 1.05711E-1 8.86747E-2 7.33851E-2 7.19323E-2 6.8402E-2 6.62809E-2 6.60865E-2 6.68511E-2 6.57425E-2 6.61475E-2 6.49865E-2 6.32221E-2 6.37613E-2 6.41422E-2 6.46105E-2 6.44586E-2 6.52931E-2 6.44942E-2 6.41013E-2 6.43012E-2 6.4217E-2 6.46964E-2 6.59977E-2 6.36579E-2 6.50647E-2 6.65352E-2 6.44754E-2 6.58075E-2 6.60875E-2 6.71016E-2 6.5162E-2 6.282E-2 6.3493E-2 6.64106E-2 6.75315E-2 6.73781E-2 6.4536E-2 6.75299E-2 6.56582E-2 6.62902E-2 6.74388E-2 6.59462E-2 6.09845E-2 5.96084E-2 5.96633E-2 5.98777E-2 6.44756E-2 6.48955E-2 6.505E-2 6.74614E-2
7.94408E-2 7.36265E-2 7.37774E-2 7.84005E-2 9.21778E-2 1.01282E-1 1.01324E-1 1.0334E-1 1.05229E-1 1.05275E-1 1.05517E-1 1.06211E-1 1.00663E-1 7.81338E-2 7.19892E-2 7.08106E-2 7.06286E-2 7.41848E-2 7.08686E-2 6.94776E-2 6.7311E-2 6.61462E-2 6.515E-2 6.43338E-2 6.3755E-2 6.5349E-2 6.45817E-2 6.48915E-2 6.56019E-2 6.54311E-2 6.43323E-2 6.32649E-2 6.46219E-2 6.42625E-2 6.47528E-2 6.45648E-2 6.49074E-2 6.40801E-2 6.32253E-2 6.3005E-2 6.46877E-2 6.66048E-2 6.44067E-2 6.30319E-2 6.31545E-2 6.32705E-2 6.20721E-2 6.2018E-2 6.52011E-2 6.54046E-2 6.47569E-2 6.79898E-2 6.85583E-2 6.78483E-2 6.1419E-2 6.15332E-2 6.32273E-2 6.23842E-2 6.15188E-2 6.15235E-2 6.08137E-2
8.0538E-2 7.66887E-2 7.67021E-2 7.77715E-2 7.68325E-2 8.68734E-2 9.96853E-2 1.0261E-1 1.03497E-1 1.0209E-1 1.05351E-1 1.05407E-1 1.02995E-1 9.73927E-2 7.59204E-2 7.0398E-2 7.26659E-2 7.02332E-2 7.20296E-2 7.27689E-2 7.15036E-2 6.89458E-2 6.74193E-2 6.61316E-2 6.67679E-2 6.63714E-2 6.54349E-2 6.56485E-2 6.46831E-2 6.48702E-2 6.56625E-2 6.51221E-2 6.48264E-2 6.45434E-2 6.54407E-2 6.43197E-2 6.46545E-2 6.56377E-2 6.60077E-2 6.48088E-2 6.32441E-2 6.48277E-2 6.61219E-2 6.5188E-2 6.3287E-2 6.25611E-2 6.16906E-2 6.8983E-2 6.62588E-2 6.42778E-2 6.3131E-2 6.35044E-2 6.31194E-2 6.27334E-2 6.53076E-2 6.45833E-2 6.34488E-2 6.18701E-2 6.13636E-2 5.96931E-2 5.85391E-2
8.2491E-2 7.72911E-2 7.69787E-2 7.56782E-2 7.50559E-2 7.40899E-2 8.80636E-2 9.86703E-2 9.29348E-2 8.80685E-2 1.02243E-1 1.01249E-1 9.9939E-2 9.45676E-2 8.41365E-2 7.2883E-2 7.33504E-2 7.12654E-2 7.06168E-2 6.99166E-2 6.93463E-2 6.89216E-2 6.80533E-2 6.70268E-2 6.87422E-2 6.80853E-2 6.6109E-2 6.55571E-2 6.51713E-2 6.4787E-2 6.53069E-2 6.45998E-2 6.387E-2 6.36907E-2 6.59811E-2 6.66193E-2 6.58916E-2 6.58557E-2 6.68871E-2 6.56167E-2 6.46081E-2 6.40158E-2 6.46395E-2 6.58494E-2 6.40771E-2 6.33132E-2 6.25195E-2 6.46739E-2 6.12916E-2 6.14175E-2 6.14768E-2 6.15443E-2 6.28619E-2 6.34779E-2 6.23836E-2 6.36096E-2 6.31371E-2 6.03816E-2 5.92893E-2 5.83652E-2 6.13097E-2
7.9964E-2 7.72216E-2 7.62008E-2 7.68397E-2 7.64284E-2 7.49139E-2 7.47563E-2 7.92063E-2 9.5892E-2 9.43235E-2 9.71818E-2 9.71406E-2 9.50182E-2 8.79009E-2 8.50501E-2 7.25615E-2 7.30405E-2 7.19838E-2 7.19906E-2 7.11185E-2 7.07817E-2 6.96056E-2 6.82533E-2 6.70218E-2 6.92804E-2 6.9442E-2 6.80996E-2 6.88039E-2 6.56725E-2 6.67032E-2 6.78819E-2 6.66194E-2 6.48988E-2 6.35544E-2 6.47257E-2 6.47986E-2 6.40397E-2 6.29955E-2 6.45539E-2 6.40703E-2 6.71333E-2 6.52197E-2 6.23399E-2 6.22605E-2 6.14795E-2 6.11547E-2 6.04909E-2 6.08774E-2 5.93296E-2 5.8939E-2 6.1061E-2 5.97457E-2 6.09499E-2 5.96924E-2 6.08505E-2 6.05242E-2 6.24292E-2 6.25189E-2 5.99291E-2 5.84161E-2 5.98487E-2
8.01929E-2 7.87179E-2 7.954E-2 7.9359E-2 7.78806E-2 7.58088E-2 7.60548E-2 7.54166E-2 8.18163E-2 9.71873E-2 8.5111E-2 8.1417E-2 8.76857E-2 9.41775E-2 9.24295E-2 7.7267E-2 7.37348E-2 7.27553E-2 7.32043E-2 7.21084E-2 7.10954E-2 7.12234E-2 6.97135E-2 7.1213E-2 7.29096E-2 7.25724E-2 7.10955E-2 7.01037E-2 7.07596E-2 7.01204E-2 6.98584E-2 7.01519E-2 7.01931E-2 6.77123E-2 6.67885E-2 6.28668E-2 6.22742E-2 6.3475E-2 6.32806E-2 6.37794E-2 6.41805E-2 6.3177E-2 6.16099E-2 6.03955E-2 6.24693E-2 6.15547E-2 6.00957E-2 6.01903E-2 6.16868E-2 6.06449E-2 6.17396E-2 6.03928E-2 5.91611E-2 5.95258E-2 5.97944E-2 6.08098E-2 6.14848E-2 6.21346E-2 6.10516E-2 6.13212E-2 6.11668E-2
8.15929E-2 8.26156E-2 8.01078E-2 7.84477E-2 7.66704E-2 7.68947E-2 7.77768E-2 7.58209E-2 7.64839E-2 8.20809E-2 7.75017E-2 7.8164E-2 7.50305E-2 8.72259E-2 9.35541E-2 8.92582E-2 7.57562E-2 7.37209E-2 7.29384E-2 7.12057E-2 7.1247E-2 7.19145E-2 7.23248E-2 7.25519E-2 7.46874E-2 7.00074E-2 7.06681E-2 6.96951E-2 7.02329E-2 6.9751E-2 7.05208E-2 7.06114E-2 7.14329E-2 6.9673E-2 6.75078E-2 6.40705E-2 6.47472E-2 6.61719E-2 6.57771E-2 6.69396E-2 6.51957E-2 6.45001E-2 6.24268E-2 6.09763E-2 6.24546E-2 6.39232E-2 6.11001E-2 6.07123E-2 6.52808E-2 6.37725E-2 6.55345E-2 6.32147E-2 6.22369E-2 6.04946E-2 6.12102E-2 6.19488E-2 6.31314E-2 6.15324E-2 6.08656E-2 6.0198E-2 6.25453E-2
8.94813E-2 8.46797E-2 8.20709E-2 8.02191E-2 7.59463E-2 7.61035E-2 8.00834E-2 7.84169E-2 7.26999E-2 7.12697E-2 7.40079E-2 7.53912E-2 8.3758E-2 8.70086E-2 9.05495E-2 8.6467E-2 8.33976E-2 7.62191E-2 7.47059E-2 7.42844E-2 7.42051E-2 7.3001E-2 7.24931E-2 7.33569E-2 7.13956E-2 7.16622E-2 6.99236E-2 7.12077E-2 7.06346E-2 7.21254E-2 7.07857E-2 7.13245E-2 7.24878E-2 7.11302E-2 7.17362E-2 6.94694E-2 6.94794E-2 6.97344E-2 7.06195E-2 6.93509E-2 6.87846E-2 6.58546E-2 6.30017E-2 6.27936E-2 6.63447E-2 6.89505E-2 6.63277E-2 6.53602E-2 6.53299E-2 6.58635E-2 6.78476E-2 6.6589E-2 6.79062E-2 6.47323E-2 6.39231E-2 6.4374E-2 6.16621E-2 6.23901E-2 6.43986E-2 6.1595E-2 6.31573E-2
8.66454E-2 8.64405E-2 8.89341E-2 8.77745E-2 8.11241E-2 8.26654E-2 7.65261E-2 7.06099E-2 7.0652E-2 7.31045E-2 7.54832E-2 7.61633E-2 7.74066E-2 8.79433E-2 8.26121E-2 7.66582E-2 8.44014E-2 8.20604E-2 7.64793E-2 7.56123E-2 7.467E-2 7.37727E-2 7.26422E-2 7.26471E-2 7.05394E-2 7.11764E-2 7.11742E-2 7.1626E-2 7.20622E-2 7.14111E-2 7.1175E-2 7.15003E-2 7.06835E-2 7.09096E-2 7.11741E-2 6.97648E-2 6.91699E-2 6.93427E-2 6.92131E-2 6.87137E-2 6.73783E-2 6.68611E-2 6.53238E-2 6.60365E-2 6.92033E-2 7.27518E-2 6.74259E-2 6.78737E-2 6.90308E-2 6.64265E-2 6.78778E-2 6.83735E-2 6.71646E-2 6.65232E-2 6.59849E-2 6.52275E-2 6.38224E-2 6.28515E-2 6.13735E-2 6.10448E-2 6.09579E-2
8.01381E-2 8.25277E-2 9.08818E-2 8.88014E-2 8.14584E-2 7.40463E-2 7.12474E-2 7.03493E-2 7.46036E-2 7.6545E-2 7.79472E-2 7.22545E-2 7.39646E-2 8.09306E-2 7.56323E-2 8.06187E-2 8.97267E-2 9.16369E-2 7.81628E-2 7.53468E-2 7.30507E-2 7.15116E-2 7.05632E-2 7.04607E-2 7.06206E-2 7.06472E-2 7.16681E-2 7.4106E-2 7.46912E-2 7.32834E-2 7.21826E-2 7.12533E-2 7.1115E-2 6.8668E-2 7.02116E-2 6.94432E-2 7.07823E-2 7.05755E-2 6.83916E-2 6.78806E-2 6.74668E-2 7.14582E-2 7.3461E-2 7.21474E-2 7.126E-2 7.50153E-2 7.16638E-2 7.04482E-2 7.15877E-2 7.1116E-2 7.16965E-2 7.04197E-2 6.7975E-2 6.79883E-2 6.65052E-2 6.60224E-2 6.3776E-2 6.21961E-2 6.27763E-2 6.2276E-2 6.38235E-2
7.76672E-2 8.18764E-2 8.63138E-2 9.16517E-2 9.05005E-2 8.31365E-2 7.19555E-2 7.15841E-2 7.55845E-2 7.49454E-2 7.14593E-2 7.01757E-2 7.21594E-2 7.72401E-2 7.42306E-2 8.57289E-2 8.52383E-2 9.19594E-2 8.73512E-2 7.64471E-2 7.35076E-2 7.21852E-2 7.1504E-2 7.15085E-2 7.28757E-2 7.20955E-2 7.37581E-2 7.61902E-2 7.64676E-2 7.41508E-2 7.3818E-2 7.30097E-2 7.21815E-2 7.18007E-2 7.02096E-2 7.02094E-2 7.65498E-2 7.90943E-2 7.23974E-2 7.14653E-2 7.29976E-2 7.27803E-2 7.31539E-2 7.40985E-2 7.52912E-2 7.63608E-2 7.73972E-2 7.57568E-2 7.35826E-2 7.25765E-2 7.08523E-2 7.09818E-2 7.19041E-2 6.92649E-2 6.7833E-2 6.82769E-2 6.73334E-2 6.63278E-2 6.66587E-2 6.7254E-2 6.44694E-2
7.91399E-2 8.17797E-2 8.4176E-2 8.99404E-2 9.09204E-2 8.5704E-2 7.8207E-2 7.24212E-2 7.7758E-2 7.74797E-2 7.05993E-2 7.06263E-2 7.04895E-2 7.33198E-2 7.20952E-2 8.15516E-2 8.88147E-2 9.55641E-2 8.72144E-2 7.51575E-2 7.3299E-2 7.32308E-2 7.2645E-2 7.24993E-2 7.25975E-2 7.26796E-2 7.56435E-2 7.57218E-2 7.59513E-2 7.51709E-2 7.40977E-2 7.42727E-2 7.41625E-2 7.66166E-2 7.40175E-2 7.23018E-2 7.47831E-2 7.69458E-2 7.42699E-2 7.26982E-2 7.4905E-2 7.38646E-2 7.3493E-2 7.38585E-2 7.52517E-2 7.45401E-2 7.53316E-2 7.81394E-2 7.73766E-2 7.45333E-2 6.93407E-2 7.09267E-2 7.62805E-2 7.61574E-2 7.39329E-2 7.13274E-2 6.99762E-2 6.96322E-2 6.91405E-2 6.76885E-2 6.63832E-2
8.24433E-2 8.4016E-2 8.53252E-2 8.70895E-2 9.17736E-2 8.84993E-2 8.14248E-2 7.69813E-2 7.61705E-2 7.45103E-2 7.47948E-2 7.46508E-2 7.34462E-2 7.25438E-2 7.36834E-2 9.08765E-2 9.7575E-2 1.00204E-1 9.31201E-2 7.70413E-2 7.9515E-2 7.59676E-2 7.22791E-2 7.33956E-2 7.28611E-2 7.5051E-2 7.50717E-2 7.49846E-2 7.44683E-2 7.47419E-2 7.14243E-2 7.24525E-2 7.49675E-2 7.47493E-2 7.65847E-2 7.62078E-2 7.50668E-2 7.43377E-2 7.39226E-2 7.33086E-2 7.23223E-2 7.29546E-2 7.21653E-2 7.27208E-2 7.26006E-2 7.48699E-2 7.4698E-2 7.30833E-2 7.51906E-2 7.43826E-2 7.42153E-2 7.65353E-2 7.42941E-2 7.27821E-2 7.38204E-2 7.44191E-2 7.11656E-2 7.03112E-2 7.11644E-2 7.05832E-2 6.94213E-2
8.22991E-2 8.30981E-2 8.36143E-2 8.25034E-2 8.78468E-2 9.38533E-2 9.33665E-2 8.46641E-2 8.22558E-2 7.9441E-2 8.03319E-2 7.53471E-2 7.58552E-2 7.53427E-2 7.73241E-2 9.29229E-2 9.80281E-2 9.68315E-2 9.45776E-2 8.26478E-2 8.36216E-2 7.88983E-2 7.49515E-2 7.32727E-2 7.31997E-2 7.52857E-2 7.52876E-2 7.63649E-2 7.50565E-2 7.66174E-2 7.73656E-2 7.72645E-2 7.75772E-2 7.46556E-2 7.42937E-2 7.91353E-2 8.05589E-2 7.79784E-2 7.70668E-2 7.63634E-2 7.6114E-2 7.39997E-2 7.01458E-2 7.36222E-2 7.73684E-2 7.84332E-2 7.70882E-2 7.87935E-2 7.7851E-2 7.92424E-2 7.9209E-2 7.79693E-2 7.59299E-2 7.60166E-2 7.46626E-2 7.34813E-2 7.21736E-2 7.12614E-2 7.24822E-2 7.22419E-2 7.14901E-2
8.11496E-2 8.21888E-2 8.16783E-2 8.28611E-2 8.33357E-2 9.19589E-2 9.50853E-2 9.38528E-2 8.85984E-2 8.5088E-2 8.24297E-2 7.81316E-2 7.82137E-2 7.27251E-2 7.40248E-2 9.15314E-2 9.54895E-2 9.10277E-2 8.67634E-2 8.45336E-2 8.30626E-2 8.24053E-2 7.92801E-2 7.56742E-2 7.32072E-2 7.40684E-2 7.76158E-2 7.78876E-2 7.54099E-2 7.7715E-2 8.01132E-2 7.62539E-2 7.60622E-2 7.7764E-2 7.85906E-2 8.12868E-2 8.13919E-2 8.11418E-2 8.39472E-2 7.9705E-2 7.93209E-2 7.70872E-2 7.83286E-2 7.71038E-2 7.94271E-2 8.0867E-2 7.81813E-2 7.76845E-2 7.78787E-2 7.99865E-2 7.94857E-2 7.89978E-2 7.73573E-2 7.63793E-2 7.66106E-2 7.2677E-2 7.27127E-2 7.32189E-2 7.35914E-2 7.30577E-2 7.32275E-2
7.86007E-2 8.25263E-2 8.24297E-2 8.53072E-2 8.6693E-2 9.04205E-2 9.53674E-2 9.57221E-2 9.48099E-2 8.57432E-2 8.29879E-2 8.33441E-2 7.68756E-2 7.31042E-2 7.2167E-2 8.79655E-2 9.27873E-2 8.64475E-2 7.76105E-2 7.73988E-2 8.08376E-2 8.59212E-2 7.90665E-2 7.71973E-2 7.96345E-2 7.99403E-2 7.79355E-2 8.06616E-2 8.28848E-2 8.34292E-2 8.40297E-2 8.09314E-2 8.20638E-2 8.66579E-2 8.51482E-2 8.18461E-2 8.44285E-2 8.54048E-2 8.48789E-2 9.01806E-2 8.74101E-2 8.43161E-2 8.24998E-2 8.35551E-2 8.55619E-2 8.40897E-2 7.93523E-2 8.12053E-2 8.13384E-2 8.10961E-2 7.99004E-2 7.91563E-2 7.65465E-2 7.54279E-2 7.6075E-2 7.38188E-2 7.3775E-2 7.41601E-2 7.36505E-2 7.39113E-2 7.33706E-2
7.66237E-2 8.11776E-2 8.3007E-2 8.41001E-2 8.57212E-2 8.9364E-2 9.49683E-2 9.54633E-2 9.07574E-2 8.32681E-2 8.11435E-2 7.90648E-2 7.41094E-2 7.25894E-2 7.13504E-2 7.59812E-2 7.6351E-2 7.68355E-2 7.30132E-2 7.78522E-2 7.83952E-2 8.14198E-2 8.2126E-2 8.16285E-2 8.25598E-2 8.55815E-2 8.77536E-2 8.82017E-2 8.72865E-2 8.44796E-2 9.017E-2 8.77219E-2 9.02106E-2 8.7548E-2 8.60218E-2 8.3453E-2 8.44333E-2 8.61628E-2 8.678E-2 8.4885E-2 8.71271E-2 8.81454E-2 8.84116E-2 8.83914E-2 8.70819E-2 8.25158E-2 8.14467E-2 8.26357E-2 8.33375E-2 8.22937E-2 8.11806E-2 7.92641E-2 7.75908E-2 7.45641E-2 7.48838E-2 7.4962E-2 7.38056E-2 7.23518E-2 7.25361E-2 7.36209E-2 7.33475E-2
7.25436E-2 7.78257E-2 8.29392E-2 8.44572E-2 8.30944E-2 8.16208E-2 8.21275E-2 8.24506E-2 8.20056E-2 8.10173E-2 7.94422E-2 7.48433E-2 7.21775E-2 7.24782E-2 7.31383E-2 7.64276E-2 7.4328E-2 7.5092E-2 7.58653E-2 8.20034E-2 8.02831E-2 8.19129E-2 8.48473E-2 8.20807E-2 8.15969E-2 8.62411E-2 8.50749E-2 8.85115E-2 8.93639E-2 8.94236E-2 8.51169E-2 8.57323E-2 8.89791E-2 8.5325E-2 9.03551E-2 8.99521E-2 8.50734E-2 8.44535E-2 8.36228E-2 8.04847E-2 8.15529E-2 8.1544E-2 8.25601E-2 8.87397E-2 9.00651E-2 8.66266E-2 8.3144E-2 8.32228E-2 8.28385E-2 8.44052E-2 8.11414E-2 7.89668E-2 8.13682E-2 7.90644E-2 7.66725E-2 7.75224E-2 7.38802E-2 6.92181E-2 6.9181E-2 7.08904E-2 7.30082E-2
7.72575E-2 7.85251E-2 8.12014E-2 8.36136E-2 8.33929E-2 8.40497E-2 8.55118E-2 8.7207E-2 8.36955E-2 8.06435E-2 8.06485E-2 7.86943E-2 7.62926E-2 8.10833E-2 8.70559E-2 8.05974E-2 7.86649E-2 8.085E-2 8.2156E-2 8.43203E-2 8.31639E-2 8.23468E-2 8.52754E-2 8.4248E-2 8.25701E-2 8.23821E-2 8.37771E-2 8.52018E-2 8.82007E-2 9.26318E-2 8.86155E-2 8.79934E-2 8.61279E-2 8.72983E-2 8.87227E-2 8.82884E-2 8.60404E-2 8.49811E-2 8.46918E-2 8.40279E-2 8.17277E-2 8.49617E-2 8.39373E-2 8.73729E-2 9.11655E-2 8.89311E-2 8.51268E-2 8.07573E-2 8.2031E-2 8.3932E-2 8.74909E-2 8.34905E-2 7.83053E-2 7.5841E-2 7.4611E-2 7.26648E-2 7.0644E-2 7.08017E-2 6.88978E-2 7.19569E-2 7.90847E-2
8.31211E-2 8.45744E-2 8.42282E-2 8.39836E-2 8.31813E-2 8.49322E-2 8.79773E-2 8.85567E-2 8.93771E-2 8.45557E-2 8.13889E-2 8.0727E-2 8.01526E-2 8.072E-2 8.30975E-2 7.95932E-2 7.80101E-2 7.93331E-2 8.44922E-2 8.66377E-2 8.55463E-2 8.31631E-2 8.37458E-2 8.24489E-2 8.1302E-2 8.34934E-2 8.41686E-2 8.52354E-2 8.86202E-2 9.14565E-2 9.27735E-2 9.17635E-2 8.96981E-2 8.98731E-2 9.07317E-2 8.99526E-2 9.14896E-2 9.2385E-2 9.1261E-2 8.46287E-2 9.07981E-2 8.76682E-2 8.43197E-2 8.20871E-2 8.43248E-2 8.80331E-2 8.42062E-2 8.0831E-2 8.28252E-2 8.01547E-2 7.93649E-2 7.95905E-2 7.65646E-2 7.70089E-2 7.66552E-2 7.25553E-2 7.07235E-2 7.02438E-2 7.15606E-2 7.26253E-2 7.67449E-2
8.21846E-2 8.35335E-2 8.17577E-2 8.26302E-2 7.90061E-2 7.99707E-2 8.74025E-2 9.02093E-2 8.94087E-2 8.70055E-2 8.3226E-2 8.29792E-2 8.24838E-2 8.082E-2 7.91801E-2 7.95054E-2 8.12834E-2 8.06424E-2 8.34486E-2 8.55671E-2 8.53121E-2 8.51101E-2 8.3688E-2 8.26507E-2 8.17833E-2 8.24048E-2 8.61324E-2 8.96818E-2 8.92125E-2 9.02152E-2 9.42431E-2 9.39222E-2 8.9767E-2 9.23165E-2 9.30191E-2 8.91468E-2 8.785E-2 8.92834E-2 8.91722E-2 8.57152E-2 8.57124E-2 9.18566E-2 8.54345E-2 8.17566E-2 8.17546E-2 8.58834E-2 9.13579E-2 8.88486E-2 8.18168E-2 8.13419E-2 7.5011E-2 7.34102E-2 7.28246E-2 7.25976E-2 7.18628E-2 6.97431E-2 6.80387E-2 6.82842E-2 7.17673E-2 7.25407E-2 7.37002E-2
