maxent_outputs/white_flowers_linear/white_184.asc
ncols         426
nrows         180
xllcorner     -130.0
yllcorner     24.0
cellsize      0.16666666666666666
NODATA_value  -9999
[rows 27 to 53 of 180, columns 61 to 121 of 426]
6.56925E-1 6.13022E-1 7.50163E-1 7.7522E-1 6.84958E-1 6.92825E-1 8.16637E-1 7.82313E-1 7.12951E-1 8.22459E-1 7.46586E-1 7.95819E-1 8.13626E-1 7.33912E-1 8.03548E-1 7.97602E-1 8.41061E-1 8.06706E-1 7.42356E-1 8.35118E-1 7.84046E-1 8.04404E-1 7.98423E-1 6.96515E-1 6.90118E-1 6.93399E-1 6.03253E-1 6.66001E-1 7.05241E-1 7.54938E-1 7.65994E-1 7.8088E-1 7.44999E-1 7.18118E-1 6.68102E-1 6.03541E-1 5.6211E-1 5.39492E-1 5.28646E-1 5.19976E-1 5.08536E-1 5.01416E-1 4.96542E-1 4.92237E-1 4.8202E-1 4.73223E-1 4.64511E-1 4.51275E-1 4.44203E-1 4.47144E-1 4.46382E-1 4.39647E-1 4.22714E-1 4.07993E-1 4.05063E-1 4.0838E-1 4.16237E-1 4.11197E-1 3.95533E-1 3.94873E-1 3.91972E-1
6.50581E-1 5.88236E-1 6.92823E-1 8.0273E-1 7.07501E-1 6.60224E-1 7.26686E-1 7.71062E-1 6.98239E-1 7.77775E-1 7.86949E-1 7.90387E-1 7.63815E-1 7.38476E-1 7.69855E-1 7.54803E-1 8.19938E-1 8.2384E-1 7.73317E-1 7.37384E-1 7.43408E-1 7.38622E-1 7.58553E-1 7.03178E-1 7.49326E-1 7.15702E-1 6.62472E-1 5.8178E-1 6.62636E-1 7.27233E-1 7.82071E-1 7.56155E-1 7.81011E-1 7.94393E-1 7.90522E-1 6.91057E-1 6.13084E-1 5.76443E-1 5.50128E-1 5.33639E-1 5.27209E-1 5.21191E-1 5.17083E-1 5.01802E-1 4.88408E-1 4.72654E-1 4.63226E-1 4.4697E-1 4.36927E-1 4.4095E-1 4.43875E-1 4.29975E-1 4.20403E-1 4.12639E-1 4.08527E-1 4.04616E-1 3.83626E-1 3.70139E-1 3.51654E-1 3.4219E-1 3.49979E-1
6.90992E-1 6.05737E-1 6.37707E-1 6.97963E-1 6.38353E-1 6.21722E-1 6.57603E-1 6.94216E-1 6.64272E-1 6.9967E-1 7.71959E-1 7.61197E-1 7.17163E-1 6.90126E-1 7.51169E-1 7.33174E-1 8.13223E-1 7.98391E-1 7.59222E-1 6.5546E-1 6.98682E-1 6.85771E-1 6.90777E-1 7.185E-1 7.17141E-1 7.10876E-1 7.25573E-1 6.20197E-1 6.62026E-1 7.55465E-1 7.61436E-1 7.34729E-1 7.18435E-1 7.72771E-1 7.98215E-1 7.64387E-1 7.0423E-1 6.43701E-1 5.90765E-1 5.51944E-1 5.35847E-1 5.3161E-1 5.07119E-1 4.76402E-1 4.4778E-1 4.59814E-1 4.46614E-1 4.41816E-1 4.43438E-1 4.51167E-1 4.47023E-1 4.44979E-1 4.45575E-1 4.38532E-1 4.2682E-1 4.12624E-1 3.8906E-1 3.53725E-1 3.33428E-1 3.24738E-1 3.27102E-1
7.21347E-1 5.98778E-1 5.77346E-1 6.20225E-1 6.27707E-1 6.4618E-1 6.57696E-1 6.39424E-1 7.22248E-1 6.84168E-1 6.91211E-1 6.71349E-1 6.54634E-1 7.09753E-1 7.56687E-1 7.46007E-1 7.9177E-1 7.50123E-1 7.69109E-1 7.48139E-1 6.59006E-1 6.94783E-1 7.28012E-1 7.62469E-1 6.87594E-1 6.81153E-1 7.44249E-1 6.70142E-1 5.89454E-1 7.34054E-1 7.55401E-1 7.62302E-1 6.75033E-1 7.27495E-1 7.74696E-1 7.7351E-1 7.7716E-1 7.54108E-1 6.36144E-1 6.02095E-1 5.65103E-1 5.35725E-1 5.05505E-1 4.8595E-1 4.71308E-1 4.70127E-1 4.67248E-1 4.4317E-1 4.47273E-1 4.84965E-1 4.85419E-1 4.91939E-1 5.14034E-1 4.57788E-1 4.23808E-1 4.04028E-1 3.93053E-1 3.74374E-1 3.62319E-1 3.71955E-1 3.64244E-1
7.17551E-1 5.79699E-1 5.28029E-1 6.12365E-1 6.92501E-1 6.75648E-1 6.70568E-1 6.42823E-1 7.73117E-1 6.97342E-1 6.02915E-1 6.53567E-1 7.03129E-1 7.14227E-1 6.94477E-1 7.64706E-1 7.55902E-1 7.1212E-1 7.52331E-1 7.79169E-1 6.67172E-1 6.28582E-1 6.71673E-1 7.00526E-1 6.96418E-1 7.05554E-1 7.10782E-1 7.02418E-1 6.947E-1 6.14199E-1 7.37686E-1 7.70843E-1 7.35025E-1 6.536E-1 6.99001E-1 7.3337E-1 7.35468E-1 7.67884E-1 6.95815E-1 6.44416E-1 5.73907E-1 5.28695E-1 5.06673E-1 4.81409E-1 4.63841E-1 4.60864E-1 4.51477E-1 4.32131E-1 4.23317E-1 4.14009E-1 4.17481E-1 4.38816E-1 4.42738E-1 4.28864E-1 4.15235E-1 3.99698E-1 3.85898E-1 3.80564E-1 3.73583E-1 3.83107E-1 3.83317E-1
6.4048E-1 5.45291E-1 5.54788E-1 6.33126E-1 6.41316E-1 6.63052E-1 6.2988E-1 6.9753E-1 7.54009E-1 6.83694E-1 6.3415E-1 6.19136E-1 6.70692E-1 7.10809E-1 6.99165E-1 6.88173E-1 7.19786E-1 6.87627E-1 7.49893E-1 7.25249E-1 6.45493E-1 7.0198E-1 6.8989E-1 6.66294E-1 7.07958E-1 6.89252E-1 7.08346E-1 6.96938E-1 6.98778E-1 6.77922E-1 7.06336E-1 6.65222E-1 7.34246E-1 7.11972E-1 6.82428E-1 6.95748E-1 7.43083E-1 7.34577E-1 7.60497E-1 6.72934E-1 5.77231E-1 5.48487E-1 5.2088E-1 5.10744E-1 4.96641E-1 4.75732E-1 4.62317E-1 4.32422E-1 4.16144E-1 4.02771E-1 3.91356E-1 3.97358E-1 3.95424E-1 3.94913E-1 4.02386E-1 3.97384E-1 3.88012E-1 3.79254E-1 3.81306E-1 3.76084E-1 3.84821E-1
6.38307E-1 5.15749E-1 5.48984E-1 6.4167E-1 6.82201E-1 6.7406E-1 6.28217E-1 6.918E-1 7.04306E-1 6.22104E-1 6.57177E-1 6.15772E-1 6.42102E-1 7.09239E-1 6.99806E-1 6.6515E-1 7.02284E-1 6.56867E-1 7.20976E-1 7.05217E-1 6.4011E-1 7.06077E-1 7.27434E-1 6.62674E-1 7.06984E-1 6.31679E-1 6.69848E-1 6.69431E-1 6.84369E-1 6.9101E-1 6.98244E-1 6.74941E-1 6.25213E-1 6.42055E-1 6.6072E-1 7.09752E-1 6.92626E-1 7.06917E-1 7.32162E-1 6.97101E-1 6.20341E-1 5.71105E-1 5.34878E-1 5.12111E-1 4.91661E-1 4.70448E-1 4.58812E-1 4.36755E-1 4.19999E-1 4.11561E-1 3.9947E-1 3.97338E-1 3.83547E-1 3.71462E-1 3.77934E-1 3.81768E-1 3.80118E-1 3.80007E-1 3.72321E-1 3.77426E-1 4.29304E-1
5.12413E-1 5.18201E-1 5.47734E-1 5.82922E-1 6.24745E-1 6.01316E-1 6.2547E-1 6.66787E-1 6.78364E-1 6.0063E-1 6.41754E-1 6.5942E-1 5.76941E-1 6.83194E-1 6.74739E-1 6.12002E-1 6.6188E-1 6.46923E-1 6.75483E-1 6.6385E-1 6.76726E-1 7.0053E-1 7.14096E-1 6.91357E-1 7.4002E-1 6.78034E-1 6.72588E-1 6.62777E-1 6.66654E-1 6.53518E-1 6.87894E-1 6.94761E-1 6.07064E-1 5.76056E-1 6.83917E-1 7.09718E-1 7.05772E-1 7.10584E-1 7.16985E-1 7.3853E-1 7.27957E-1 6.563E-1 5.73149E-1 5.35017E-1 5.13588E-1 4.86011E-1 4.65252E-1 4.44312E-1 4.24354E-1 4.17545E-1 4.0976E-1 3.94904E-1 3.92161E-1 3.7606E-1 3.73352E-1 3.6965E-1 3.66245E-1 3.66183E-1 3.61894E-1 4.13615E-1 4.99143E-1
4.94048E-1 5.07831E-1 5.00294E-1 5.08041E-1 5.18914E-1 5.42573E-1 6.23708E-1 6.3514E-1 6.31583E-1 5.92469E-1 6.55541E-1 6.38056E-1 5.84446E-1 6.24916E-1 6.0938E-1 6.08342E-1 6.32162E-1 6.62519E-1 6.44796E-1 6.68155E-1 7.00786E-1 7.14887E-1 6.76005E-1 6.84008E-1 6.94784E-1 7.21647E-1 6.75369E-1 6.60639E-1 6.68911E-1 6.63277E-1 6.55609E-1 6.72212E-1 6.80187E-1 6.44647E-1 6.44468E-1 7.0432E-1 6.84068E-1 7.04647E-1 7.09111E-1 7.02203E-1 7.11303E-1 7.21422E-1 6.6604E-1 5.69381E-1 5.21754E-1 4.88144E-1 4.57715E-1 4.43487E-1 4.28922E-1 4.17441E-1 4.1199E-1 4.23724E-1 4.1627E-1 4.14237E-1 4.06579E-1 3.97909E-1 3.86569E-1 3.71523E-1 3.74076E-1 4.15813E-1 4.74176E-1
4.99099E-1 4.81832E-1 4.76492E-1 5.01365E-1 5.4098E-1 5.46245E-1 5.63946E-1 5.79249E-1 6.04938E-1 5.86424E-1 6.09185E-1 5.97452E-1 5.98611E-1 5.99128E-1 5.76946E-1 6.04926E-1 6.95404E-1 6.70678E-1 6.1826E-1 6.86219E-1 7.09934E-1 7.01844E-1 7.0208E-1 7.14297E-1 6.63059E-1 6.8574E-1 7.02303E-1 6.8937E-1 6.62635E-1 6.9946E-1 6.71799E-1 6.3265E-1 6.80411E-1 6.68547E-1 6.77711E-1 7.23153E-1 7.14056E-1 6.95763E-1 6.8667E-1 7.07433E-1 7.27025E-1 7.13909E-1 7.17409E-1 5.76121E-1 5.27369E-1 5.09583E-1 4.82609E-1 4.71032E-1 4.64605E-1 4.5545E-1 4.45142E-1 4.38692E-1 4.24072E-1 4.1096E-1 4.09354E-1 4.05722E-1 3.99083E-1 3.98275E-1 4.02543E-1 3.97072E-1 3.98511E-1
4.93518E-1 4.791E-1 4.75655E-1 5.13331E-1 5.18019E-1 5.12962E-1 5.17217E-1 5.31914E-1 5.3204E-1 5.44564E-1 5.62023E-1 5.70181E-1 5.77807E-1 5.78599E-1 5.84478E-1 5.95065E-1 6.2095E-1 6.20136E-1 6.32379E-1 7.00639E-1 7.04169E-1 6.99083E-1 6.93773E-1 6.8614E-1 7.12103E-1 6.61179E-1 6.73365E-1 7.40566E-1 6.67494E-1 6.84777E-1 6.75447E-1 5.6741E-1 6.22435E-1 6.28945E-1 6.60588E-1 7.33013E-1 6.95647E-1 7.36864E-1 7.03066E-1 7.23515E-1 7.58369E-1 6.76576E-1 7.39261E-1 5.77764E-1 5.2275E-1 5.11542E-1 4.91749E-1 4.88333E-1 4.74319E-1 4.57784E-1 4.59705E-1 4.68166E-1 4.50722E-1 4.42341E-1 4.45552E-1 4.44734E-1 4.47999E-1 4.26689E-1 4.05729E-1 4.08688E-1 3.96189E-1
4.81556E-1 4.86281E-1 4.89387E-1 4.90381E-1 4.83177E-1 4.88714E-1 5.05334E-1 5.08041E-1 5.12928E-1 5.26856E-1 5.42256E-1 5.63276E-1 5.75035E-1 5.80637E-1 5.93237E-1 6.17803E-1 6.57924E-1 6.73946E-1 6.74531E-1 6.85175E-1 6.71695E-1 6.68343E-1 6.84711E-1 6.80183E-1 7.29581E-1 7.02055E-1 6.52007E-1 6.80305E-1 6.952E-1 6.53565E-1 6.79974E-1 5.52077E-1 5.57435E-1 5.68365E-1 6.15775E-1 7.52968E-1 6.49606E-1 7.48963E-1 7.23553E-1 6.79886E-1 7.50686E-1 7.15618E-1 6.92965E-1 5.598E-1 5.18701E-1 5.21656E-1 5.02543E-1 5.09382E-1 4.95845E-1 4.71506E-1 4.61479E-1 4.73689E-1 4.56867E-1 4.65827E-1 4.91392E-1 5.03739E-1 4.74644E-1 4.34406E-1 4.17426E-1 4.11883E-1 4.20322E-1
4.79708E-1 4.77728E-1 4.67326E-1 4.7273E-1 4.67556E-1 4.77187E-1 4.8423E-1 4.97749E-1 5.0548E-1 5.20113E-1 5.31965E-1 5.42269E-1 5.67694E-1 5.91966E-1 6.07023E-1 6.11953E-1 6.19082E-1 6.3674E-1 6.53131E-1 6.69704E-1 7.15528E-1 7.00104E-1 7.12009E-1 6.93004E-1 6.94135E-1 7.02217E-1 6.79933E-1 6.87403E-1 6.93356E-1 6.46869E-1 6.55444E-1 5.75636E-1 5.80834E-1 5.38155E-1 5.70919E-1 7.52658E-1 6.73191E-1 7.0113E-1 7.54459E-1 7.14159E-1 7.18817E-1 7.38545E-1 7.14084E-1 6.00869E-1 5.3287E-1 5.10098E-1 4.90331E-1 4.86231E-1 4.7131E-1 4.64431E-1 4.79038E-1 4.84032E-1 4.85611E-1 4.87288E-1 5.08033E-1 5.75943E-1 5.11721E-1 4.63021E-1 4.41004E-1 4.39007E-1 4.29903E-1
5.02608E-1 4.7882E-1 4.34261E-1 4.68065E-1 4.74377E-1 4.82969E-1 4.89082E-1 4.96968E-1 5.0281E-1 5.05724E-1 5.22271E-1 5.35405E-1 5.66066E-1 5.87694E-1 6.02682E-1 6.17058E-1 6.34306E-1 6.47966E-1 6.75943E-1 6.62261E-1 6.66526E-1 6.69424E-1 6.7203E-1 6.71304E-1 6.76761E-1 6.87229E-1 7.17224E-1 7.11425E-1 6.66813E-1 6.53712E-1 7.13923E-1 6.90399E-1 6.88967E-1 6.10298E-1 6.05601E-1 7.1211E-1 7.27814E-1 6.45062E-1 7.12992E-1 7.29378E-1 7.21173E-1 6.98005E-1 7.19539E-1 7.05627E-1 6.13084E-1 5.24563E-1 5.04951E-1 5.41984E-1 4.97836E-1 4.8512E-1 4.90228E-1 5.223E-1 5.31623E-1 5.25693E-1 5.2363E-1 5.20208E-1 4.91151E-1 4.72262E-1 4.61848E-1 4.42922E-1 4.33663E-1
4.92377E-1 4.7772E-1 4.87683E-1 5.04337E-1 5.11296E-1 4.9033E-1 4.92333E-1 4.97774E-1 5.05714E-1 5.11042E-1 5.12205E-1 5.30076E-1 5.51515E-1 5.8136E-1 6.10765E-1 6.21526E-1 6.33991E-1 6.66273E-1 6.86572E-1 6.85835E-1 6.70473E-1 6.80064E-1 7.14256E-1 7.28029E-1 6.9845E-1 7.00381E-1 6.99452E-1 7.314E-1 7.43985E-1 7.04521E-1 6.19793E-1 6.69578E-1 6.29201E-1 6.599E-1 6.53662E-1 7.4674E-1 7.18348E-1 6.44614E-1 6.16765E-1 5.89001E-1 6.0959E-1 6.32091E-1 7.08515E-1 6.56772E-1 6.40049E-1 6.05536E-1 5.21731E-1 5.24481E-1 5.84574E-1 5.62842E-1 5.40937E-1 5.54931E-1 6.13388E-1 6.02586E-1 5.86477E-1 6.20793E-1 5.67904E-1 5.16127E-1 4.90187E-1 4.78002E-1 4.49089E-1
4.9044E-1 4.79255E-1 5.00437E-1 4.88945E-1 5.12002E-1 4.99518E-1 4.98511E-1 5.01966E-1 5.09105E-1 5.07152E-1 5.13399E-1 5.19065E-1 5.42614E-1 5.69244E-1 6.01201E-1 6.21725E-1 6.35673E-1 6.54702E-1 6.74055E-1 6.86998E-1 6.66928E-1 6.81854E-1 6.91824E-1 6.55131E-1 6.70815E-1 7.01434E-1 6.85585E-1 7.17892E-1 6.95343E-1 7.44585E-1 6.53014E-1 6.63996E-1 6.62318E-1 6.16654E-1 5.54028E-1 6.39582E-1 6.61304E-1 5.86096E-1 6.02605E-1 6.68125E-1 5.4281E-1 5.54366E-1 6.40743E-1 6.41787E-1 6.37954E-1 5.78764E-1 5.36598E-1 5.4223E-1 6.00648E-1 5.94638E-1 5.52627E-1 5.37891E-1 5.76189E-1 6.46346E-1 6.52677E-1 6.85305E-1 6.41252E-1 5.49205E-1 5.18857E-1 4.95172E-1 4.74215E-1
4.89406E-1 4.65477E-1 4.48585E-1 4.98088E-1 5.13969E-1 5.0306E-1 4.94072E-1 4.98246E-1 5.09178E-1 5.1343E-1 5.24369E-1 5.32617E-1 5.48677E-1 5.64412E-1 5.96E-1 6.29588E-1 6.4116E-1 6.60145E-1 6.44804E-1 6.33763E-1 6.66828E-1 6.56887E-1 6.68867E-1 6.40783E-1 6.57284E-1 6.54883E-1 6.86145E-1 6.95517E-1 6.64532E-1 6.89613E-1 7.24032E-1 6.58973E-1 6.63108E-1 6.8327E-1 5.76284E-1 6.5564E-1 6.40149E-1 6.25259E-1 6.24145E-1 6.07683E-1 5.82964E-1 6.42886E-1 5.95347E-1 6.28218E-1 6.3301E-1 5.58083E-1 4.8506E-1 4.75131E-1 5.35561E-1 5.93865E-1 5.84635E-1 5.13987E-1 5.06632E-1 5.63107E-1 6.25778E-1 6.60151E-1 6.25054E-1 6.31303E-1 6.03943E-1 5.33072E-1 4.90368E-1
4.41766E-1 4.08235E-1 4.26654E-1 5.06698E-1 5.09911E-1 4.939E-1 4.9858E-1 5.13376E-1 5.24068E-1 5.14887E-1 5.26372E-1 5.4533E-1 5.4884E-1 5.69695E-1 5.9837E-1 6.1656E-1 6.4597E-1 6.48285E-1 6.21975E-1 6.23977E-1 6.57122E-1 6.68955E-1 6.68181E-1 6.59168E-1 6.61342E-1 6.7773E-1 6.59902E-1 7.09793E-1 6.99346E-1 7.05495E-1 6.71856E-1 6.55538E-1 7.20003E-1 7.56344E-1 5.70503E-1 6.01494E-1 7.01335E-1 6.95367E-1 6.63106E-1 5.23119E-1 5.29156E-1 5.3028E-1 5.6007E-1 5.39477E-1 5.72286E-1 5.90384E-1 5.27156E-1 4.6625E-1 4.9187E-1 4.92442E-1 5.92532E-1 5.9984E-1 5.00236E-1 5.18588E-1 5.69471E-1 5.58884E-1 5.57824E-1 5.54206E-1 5.32725E-1 5.07097E-1 4.83966E-1
4.95862E-1 4.60058E-1 4.19101E-1 4.87563E-1 5.28197E-1 4.98438E-1 5.06579E-1 5.22432E-1 5.29594E-1 5.53389E-1 5.61694E-1 5.75658E-1 6.00772E-1 6.23449E-1 6.14272E-1 5.76486E-1 5.75865E-1 5.73939E-1 5.7968E-1 6.45051E-1 6.5079E-1 6.47226E-1 6.54275E-1 6.52083E-1 6.74361E-1 7.28391E-1 7.08954E-1 6.99938E-1 7.04597E-1 6.96694E-1 7.35201E-1 6.93885E-1 7.31793E-1 6.65006E-1 5.64702E-1 6.5512E-1 7.03766E-1 6.83804E-1 6.43868E-1 6.29468E-1 7.49314E-1 6.54343E-1 4.9523E-1 5.96058E-1 6.78889E-1 7.00484E-1 5.68989E-1 5.99837E-1 6.37774E-1 4.8313E-1 4.90708E-1 6.25145E-1 5.91274E-1 5.3061E-1 6.21639E-1 5.7247E-1 5.50931E-1 5.22441E-1 5.03761E-1 4.92059E-1 4.76375E-1
4.98329E-1 4.94855E-1 4.91982E-1 5.05701E-1 5.08356E-1 5.33421E-1 5.28855E-1 5.21332E-1 5.34215E-1 5.55913E-1 5.96222E-1 6.4245E-1 7.00509E-1 7.24614E-1 7.01402E-1 6.21694E-1 5.95718E-1 6.06364E-1 6.87423E-1 6.84659E-1 6.65976E-1 6.58994E-1 6.38323E-1 6.62665E-1 7.02313E-1 7.00265E-1 6.94334E-1 7.30619E-1 7.20444E-1 6.78284E-1 6.96447E-1 7.07568E-1 7.43971E-1 6.66075E-1 5.70012E-1 6.98184E-1 7.36371E-1 6.50146E-1 5.94541E-1 6.67101E-1 7.46509E-1 6.00552E-1 5.18317E-1 6.55439E-1 6.56977E-1 6.47273E-1 5.53686E-1 6.39464E-1 5.82949E-1 4.74356E-1 4.64723E-1 5.58428E-1 5.76659E-1 5.53652E-1 5.47091E-1 6.1252E-1 6.638E-1 6.41546E-1 5.54908E-1 5.08522E-1 4.85902E-1
4.67376E-1 4.95306E-1 5.20498E-1 5.11526E-1 5.17331E-1 5.33389E-1 5.18483E-1 5.28549E-1 5.35669E-1 5.79815E-1 6.59409E-1 7.29296E-1 7.28813E-1 7.25513E-1 7.13641E-1 6.68111E-1 6.26257E-1 6.3078E-1 6.98571E-1 6.65196E-1 6.8148E-1 6.3719E-1 6.35603E-1 6.37347E-1 7.1331E-1 7.17204E-1 7.24016E-1 6.95122E-1 6.88782E-1 6.67532E-1 6.64001E-1 7.04083E-1 7.40576E-1 6.55018E-1 6.21017E-1 6.6813E-1 7.34919E-1 6.97121E-1 7.16991E-1 7.69395E-1 7.20445E-1 5.86307E-1 5.50679E-1 5.89491E-1 6.53714E-1 6.8684E-1 5.90456E-1 4.9591E-1 5.07405E-1 4.60711E-1 4.70321E-1 5.48122E-1 5.56685E-1 6.08092E-1 5.52329E-1 5.54931E-1 7.11234E-1 7.30822E-1 5.65187E-1 5.11165E-1 5.00158E-1
5.10722E-1 5.23635E-1 5.11112E-1 5.15535E-1 5.36942E-1 5.3406E-1 5.45264E-1 5.54811E-1 5.66279E-1 6.16156E-1 7.08666E-1 7.31606E-1 7.04024E-1 6.80629E-1 6.42972E-1 6.76387E-1 6.8793E-1 6.54621E-1 6.07547E-1 6.78864E-1 6.39598E-1 6.40069E-1 6.81685E-1 7.18572E-1 7.74329E-1 7.34986E-1 7.30676E-1 7.33387E-1 7.39832E-1 6.87753E-1 6.68867E-1 7.10178E-1 7.59352E-1 7.05608E-1 6.03909E-1 5.941E-1 6.65541E-1 7.33792E-1 7.36474E-1 6.39673E-1 5.94528E-1 7.10004E-1 6.1641E-1 5.54006E-1 6.15348E-1 5.41086E-1 5.17805E-1 5.15385E-1 5.00279E-1 4.58964E-1 4.69412E-1 4.91865E-1 5.57421E-1 6.41576E-1 5.63189E-1 5.27395E-1 6.10897E-1 6.4817E-1 5.40431E-1 4.91707E-1 4.87819E-1
4.90068E-1 5.00843E-1 5.13286E-1 5.15648E-1 5.19065E-1 5.28461E-1 5.39942E-1 5.53136E-1 5.98803E-1 6.65164E-1 7.04457E-1 6.69746E-1 6.57237E-1 6.55546E-1 6.81637E-1 6.84425E-1 6.43253E-1 6.81352E-1 6.10475E-1 6.19316E-1 6.87897E-1 6.24677E-1 7.62537E-1 7.69055E-1 7.76763E-1 7.39104E-1 7.07007E-1 7.08717E-1 7.1143E-1 7.16554E-1 6.81534E-1 7.14072E-1 6.97544E-1 6.67243E-1 6.97796E-1 6.62837E-1 6.97147E-1 5.84714E-1 5.16186E-1 6.65954E-1 7.02196E-1 6.54451E-1 5.93791E-1 6.30401E-1 6.73812E-1 5.17724E-1 5.96954E-1 5.53996E-1 4.96523E-1 4.92839E-1 4.96949E-1 4.79155E-1 5.01558E-1 6.17107E-1 6.38197E-1 5.23593E-1 5.23769E-1 5.30683E-1 5.25976E-1 5.17304E-1 4.90645E-1
4.95744E-1 5.05643E-1 5.25564E-1 5.18371E-1 5.43504E-1 5.3523E-1 5.48044E-1 6.13554E-1 6.5137E-1 6.82682E-1 6.81548E-1 6.09043E-1 6.24541E-1 6.32418E-1 6.04032E-1 6.19143E-1 5.95045E-1 6.17089E-1 6.8859E-1 7.11601E-1 6.99264E-1 6.83184E-1 7.55135E-1 7.66914E-1 7.56246E-1 7.36684E-1 7.12475E-1 6.78492E-1 6.87042E-1 7.19959E-1 7.15396E-1 7.24143E-1 7.18333E-1 6.77271E-1 6.95417E-1 6.27701E-1 6.69392E-1 5.45604E-1 5.38861E-1 7.27323E-1 7.04807E-1 7.61707E-1 5.62389E-1 5.56677E-1 5.16926E-1 5.34715E-1 7.62955E-1 7.04114E-1 5.52637E-1 5.68387E-1 5.61445E-1 5.54396E-1 5.94441E-1 6.66848E-1 6.29467E-1 5.59568E-1 6.93201E-1 6.28278E-1 6.2524E-1 6.30183E-1 5.425E-1
5.3705E-1 5.58375E-1 5.83827E-1 5.88059E-1 5.82177E-1 5.82195E-1 6.26371E-1 6.4574E-1 6.73682E-1 6.60797E-1 6.5702E-1 6.0653E-1 7.19798E-1 7.49643E-1 7.31253E-1 6.03949E-1 5.90942E-1 6.52166E-1 7.13331E-1 6.92781E-1 7.14701E-1 6.94773E-1 7.04623E-1 7.19789E-1 6.97734E-1 6.67411E-1 7.00227E-1 7.05534E-1 6.81161E-1 6.50701E-1 6.77718E-1 6.93042E-1 6.84001E-1 6.29204E-1 6.01752E-1 5.61468E-1 7.36754E-1 6.27546E-1 5.8058E-1 6.73646E-1 6.86345E-1 7.31224E-1 5.47548E-1 4.93703E-1 4.88897E-1 5.29226E-1 5.81391E-1 6.80897E-1 5.46099E-1 6.7147E-1 7.51749E-1 7.37542E-1 7.59822E-1 7.71187E-1 6.04676E-1 6.40137E-1 8.11496E-1 7.88157E-1 8.22773E-1 6.87197E-1 6.15933E-1
5.87343E-1 5.95174E-1 6.4179E-1 6.7388E-1 6.48444E-1 6.3997E-1 6.76241E-1 6.56952E-1 6.3019E-1 6.52465E-1 6.53336E-1 5.9928E-1 6.88552E-1 7.59558E-1 7.91288E-1 7.86219E-1 7.17218E-1 7.07039E-1 6.82554E-1 7.46799E-1 7.08649E-1 7.28844E-1 7.30598E-1 7.30132E-1 7.11166E-1 6.93334E-1 7.23142E-1 7.25554E-1 6.94375E-1 7.16537E-1 7.07778E-1 6.77253E-1 6.20907E-1 6.52122E-1 7.13592E-1 5.31429E-1 5.92081E-1 7.23668E-1 6.22454E-1 6.52913E-1 5.44808E-1 5.77411E-1 5.24298E-1 5.01324E-1 5.39062E-1 6.40984E-1 5.67171E-1 6.429E-1 5.45073E-1 6.82221E-1 7.55765E-1 7.05966E-1 7.84712E-1 6.65592E-1 6.94631E-1 7.58447E-1 7.67913E-1 7.71816E-1 8.05076E-1 7.91168E-1 8.27979E-1
6.46432E-1 6.46476E-1 6.73676E-1 6.75557E-1 6.46228E-1 6.12075E-1 6.6818E-1 7.10057E-1 6.94324E-1 7.40382E-1 6.65192E-1 5.47154E-1 5.92018E-1 6.81528E-1 7.34256E-1 7.50655E-1 7.09112E-1 6.56203E-1 5.85241E-1 6.87361E-1 6.47639E-1 6.47611E-1 7.01598E-1 7.40159E-1 6.8605E-1 6.87277E-1 7.59661E-1 7.36072E-1 6.85743E-1 6.58182E-1 6.35408E-1 7.54486E-1 7.12596E-1 6.51787E-1 6.92669E-1 5.24601E-1 4.80148E-1 6.09689E-1 6.74888E-1 6.11865E-1 5.30034E-1 5.45694E-1 5.47945E-1 5.62881E-1 5.84017E-1 5.57878E-1 5.72294E-1 6.72236E-1 6.45055E-1 6.67775E-1 7.61665E-1 6.79271E-1 7.11381E-1 7.16129E-1 6.85403E-1 7.22173E-1 7.01998E-1 7.3223E-1 7.11726E-1 7.74208E-1 8.09644E-1
