maxent_outputs/white_flowers_linear/white_294.asc
ncols         426
nrows         180
xllcorner     -130.0
yllcorner     24.0
cellsize      0.16666666666666666
NODATA_value  -9999
[rows 108 to 134 of 180, columns 122 to 182 of 426]
1.17414E-1 1.06239E-1 8.30992E-2 8.36368E-2 8.73432E-2 1.07041E-1 1.24745E-1 1.21479E-1 1.15449E-1 1.12387E-1 1.00178E-1 9.58586E-2 9.31829E-2 8.13742E-2 8.03518E-2 7.82728E-2 8.67848E-2 8.01998E-2 7.56869E-2 7.20652E-2 1.14494E-1 1.21572E-1 1.18856E-1 7.10145E-2 5.67992E-2 9.45458E-2 1.07961E-1 1.11567E-1 1.16096E-1 1.1737E-1 1.37347E-1 1.59393E-1 1.48248E-1 1.33173E-1 1.65092E-1 1.87425E-1 1.75932E-1 1.73768E-1 1.85187E-1 1.9478E-1 2.02042E-1 2.0596E-1 2.15537E-1 2.13733E-1 2.13526E-1 2.20448E-1 2.3313E-1 2.34965E-1 2.42378E-1 2.54822E-1 2.7059E-1 2.77506E-1 2.81882E-1 2.83285E-1 2.81063E-1 2.76552E-1 2.7113E-1 2.72908E-1 2.82633E-1 2.88811E-1 2.95661E-1
1.01044E-1 9.0802E-2 8.1303E-2 9.23361E-2 1.02261E-1 1.08615E-1 1.13769E-1 1.13979E-1 1.08503E-1 1.03677E-1 9.33862E-2 8.88912E-2 9.27535E-2 1.00303E-1 1.07205E-1 1.03148E-1 1.09768E-1 1.21485E-1 1.06545E-1 1.21707E-1 1.2769E-1 1.1641E-1 1.12104E-1 8.12617E-2 7.12284E-2 1.0355E-1 1.12497E-1 1.05938E-1 1.11015E-1 1.22324E-1 1.49288E-1 1.8117E-1 1.79311E-1 1.72445E-1 1.77743E-1 1.96217E-1 1.83416E-1 1.77624E-1 1.88337E-1 2.02892E-1 2.12149E-1 2.20512E-1 2.30739E-1 2.28961E-1 2.23403E-1 2.22655E-1 2.50573E-1 2.63295E-1 2.74326E-1 2.81786E-1 2.8026E-1 2.80926E-1 2.72239E-1 2.72764E-1 2.81191E-1 2.7421E-1 2.76938E-1 2.80468E-1 2.8612E-1 2.93693E-1 2.97441E-1
1.00276E-1 9.08647E-2 8.28919E-2 9.37351E-2 9.2406E-2 9.56873E-2 1.0021E-1 9.32104E-2 9.01027E-2 9.83374E-2 9.08115E-2 9.22299E-2 9.94669E-2 1.08121E-1 1.23425E-1 1.27742E-1 1.44335E-1 1.62243E-1 1.46107E-1 1.51053E-1 1.37216E-1 1.14658E-1 1.08115E-1 1.04249E-1 9.94E-2 1.14576E-1 1.21949E-1 1.05927E-1 1.10105E-1 1.24955E-1 1.71871E-1 1.87627E-1 1.85089E-1 1.89472E-1 2.0668E-1 2.11792E-1 1.96742E-1 1.97645E-1 2.00268E-1 2.1459E-1 2.24136E-1 2.39502E-1 2.44529E-1 2.51059E-1 2.473E-1 2.51009E-1 2.55226E-1 2.79471E-1 2.71867E-1 2.72599E-1 2.68103E-1 2.6228E-1 2.5842E-1 2.68225E-1 2.72608E-1 2.7618E-1 2.81181E-1 2.81426E-1 2.88195E-1 3.01133E-1 3.11004E-1
1.1464E-1 1.0892E-1 1.01372E-1 1.11059E-1 1.02863E-1 9.13411E-2 8.83308E-2 8.65615E-2 9.11927E-2 9.61147E-2 9.48331E-2 9.54841E-2 9.55825E-2 7.51923E-2 1.23343E-1 1.41832E-1 1.46154E-1 1.56805E-1 1.62082E-1 1.65179E-1 1.48334E-1 1.35772E-1 1.16036E-1 1.01835E-1 1.11115E-1 1.44123E-1 1.54031E-1 1.60697E-1 1.55932E-1 1.74108E-1 1.97634E-1 2.03876E-1 2.1345E-1 2.18132E-1 2.3292E-1 2.36539E-1 2.27947E-1 2.22116E-1 2.24728E-1 2.32583E-1 2.39206E-1 2.48121E-1 2.5202E-1 2.61309E-1 2.71225E-1 2.74253E-1 2.7856E-1 2.76695E-1 2.51003E-1 2.50809E-1 2.49282E-1 2.49472E-1 2.64378E-1 2.81814E-1 2.8777E-1 2.91473E-1 2.9595E-1 2.96506E-1 3.00491E-1 3.05995E-1 3.15352E-1
1.26346E-1 1.22739E-1 1.20592E-1 1.0927E-1 9.51169E-2 9.22823E-2 8.95488E-2 8.19957E-2 8.13372E-2 9.43896E-2 1.00924E-1 1.00182E-1 8.9214E-2 1.05573E-1 1.36589E-1 1.46013E-1 1.47698E-1 1.65163E-1 1.853E-1 1.50438E-1 1.38848E-1 1.21572E-1 1.13761E-1 9.69532E-2 1.18904E-1 1.56788E-1 1.71187E-1 1.80528E-1 1.78459E-1 1.77468E-1 1.95136E-1 2.14646E-1 2.10148E-1 2.12121E-1 2.40871E-1 2.37939E-1 2.3206E-1 2.31913E-1 2.33817E-1 2.3739E-1 2.41025E-1 2.26347E-1 2.18621E-1 2.23807E-1 2.35933E-1 2.51078E-1 2.71406E-1 2.61191E-1 2.42451E-1 2.38814E-1 2.47434E-1 2.52279E-1 2.70727E-1 2.84682E-1 2.87157E-1 2.99669E-1 3.09711E-1 3.1092E-1 3.14527E-1 3.19367E-1 3.30181E-1
1.3274E-1 1.27565E-1 1.20673E-1 1.06511E-1 1.08029E-1 1.05657E-1 9.41448E-2 8.23126E-2 8.21615E-2 8.73471E-2 1.09678E-1 1.16756E-1 1.30725E-1 1.3832E-1 1.42566E-1 1.56724E-1 1.52671E-1 1.8153E-1 2.04357E-1 1.55998E-1 1.25936E-1 1.20359E-1 1.15467E-1 9.82107E-2 1.23124E-1 1.46132E-1 1.60645E-1 1.75275E-1 1.92453E-1 1.99906E-1 1.99929E-1 2.07381E-1 2.12879E-1 2.24978E-1 2.31899E-1 2.3984E-1 2.42736E-1 2.41253E-1 2.40645E-1 2.42384E-1 2.29193E-1 2.15146E-1 2.1304E-1 2.17783E-1 2.1968E-1 2.26864E-1 2.40257E-1 2.50156E-1 2.42455E-1 2.42506E-1 2.58216E-1 2.74126E-1 2.85644E-1 2.96253E-1 3.06376E-1 3.15837E-1 3.23304E-1 3.29592E-1 3.34929E-1 3.37554E-1 3.44039E-1
1.40447E-1 1.26496E-1 1.22559E-1 1.16306E-1 1.0928E-1 9.54097E-2 8.92921E-2 7.89851E-2 7.5729E-2 9.09451E-2 1.14515E-1 1.08732E-1 1.28118E-1 1.42112E-1 1.40628E-1 1.56248E-1 1.54883E-1 1.7441E-1 1.7063E-1 1.54651E-1 1.26916E-1 1.24578E-1 1.18399E-1 1.12659E-1 1.17652E-1 1.43516E-1 1.62685E-1 1.76971E-1 1.94283E-1 2.10768E-1 2.09212E-1 1.95895E-1 1.93772E-1 1.9629E-1 2.2384E-1 2.27392E-1 2.31935E-1 2.16172E-1 2.18962E-1 2.23536E-1 2.20422E-1 2.18122E-1 2.1772E-1 2.20997E-1 2.24966E-1 2.31478E-1 2.42499E-1 2.57362E-1 2.95561E-1 2.93465E-1 2.86519E-1 3.09157E-1 3.02559E-1 3.12617E-1 3.25836E-1 3.36846E-1 3.45777E-1 3.50122E-1 3.549E-1 3.60281E-1 3.6386E-1
1.42123E-1 1.36174E-1 1.29827E-1 1.19534E-1 1.08951E-1 9.43026E-2 8.18185E-2 7.67773E-2 8.1879E-2 8.65595E-2 9.04058E-2 8.8374E-2 1.04121E-1 1.38576E-1 1.34985E-1 1.56997E-1 1.61442E-1 1.72045E-1 1.6917E-1 1.4403E-1 1.32161E-1 1.26037E-1 1.21025E-1 1.15598E-1 1.20808E-1 1.33287E-1 1.57373E-1 1.714E-1 1.83636E-1 2.02133E-1 2.24704E-1 2.1632E-1 2.04816E-1 1.91736E-1 1.86198E-1 1.84626E-1 1.89945E-1 1.92993E-1 2.03273E-1 2.08742E-1 2.17291E-1 2.24268E-1 2.24279E-1 2.2781E-1 2.26506E-1 2.31362E-1 2.34241E-1 2.40213E-1 2.52375E-1 2.98293E-1 3.37055E-1 3.26183E-1 3.32474E-1 3.4049E-1 3.46247E-1 3.56989E-1 3.68515E-1 3.67483E-1 3.72969E-1 3.75358E-1 3.80731E-1
1.5095E-1 1.40003E-1 1.31418E-1 1.22358E-1 1.08588E-1 1.00388E-1 9.21308E-2 8.29471E-2 7.98342E-2 7.53405E-2 8.39044E-2 9.78692E-2 1.11211E-1 1.30322E-1 1.38375E-1 1.58051E-1 1.62506E-1 1.65779E-1 1.6945E-1 1.38403E-1 1.30574E-1 1.31888E-1 1.32228E-1 1.21976E-1 1.2374E-1 1.28635E-1 1.46979E-1 1.68011E-1 1.83305E-1 2.02855E-1 2.15774E-1 2.26057E-1 2.21678E-1 2.14254E-1 2.06855E-1 1.97348E-1 1.9249E-1 2.00007E-1 2.09261E-1 2.11819E-1 2.19752E-1 2.27494E-1 2.26139E-1 2.26522E-1 2.31134E-1 2.36519E-1 2.42931E-1 2.52677E-1 2.5998E-1 2.83967E-1 3.20248E-1 3.55231E-1 3.61554E-1 3.64221E-1 3.73972E-1 3.76769E-1 3.90329E-1 3.94451E-1 3.95002E-1 3.9272E-1 3.98184E-1
1.38731E-1 1.44194E-1 1.25661E-1 1.10693E-1 1.02036E-1 9.56403E-2 9.0568E-2 8.23205E-2 7.75174E-2 7.54552E-2 9.28854E-2 1.02702E-1 1.17691E-1 1.33107E-1 1.47025E-1 1.5811E-1 1.66188E-1 1.61357E-1 1.66602E-1 1.5444E-1 1.29131E-1 1.22641E-1 1.34389E-1 1.35863E-1 1.34826E-1 1.46873E-1 1.54343E-1 1.62264E-1 1.79598E-1 1.99867E-1 2.09154E-1 2.18791E-1 2.35473E-1 2.31125E-1 2.24807E-1 2.15367E-1 2.08321E-1 2.07616E-1 2.19506E-1 2.18522E-1 2.19389E-1 2.24628E-1 2.28479E-1 2.32341E-1 2.36476E-1 2.45294E-1 2.54414E-1 2.65843E-1 2.7166E-1 2.68585E-1 2.76884E-1 3.3753E-1 3.60555E-1 3.74933E-1 3.86382E-1 3.89862E-1 3.95648E-1 4.01605E-1 4.10037E-1 4.17678E-1 4.2293E-1
1.04248E-1 1.18863E-1 1.12696E-1 9.42137E-2 8.68458E-2 8.286E-2 7.68327E-2 7.79896E-2 7.38837E-2 7.56018E-2 8.41404E-2 8.88393E-2 8.80709E-2 1.05427E-1 1.32571E-1 1.506E-1 1.73677E-1 1.6036E-1 1.53842E-1 1.45163E-1 1.38724E-1 1.29701E-1 1.33456E-1 1.29876E-1 1.39967E-1 1.58195E-1 1.64846E-1 1.69833E-1 1.82329E-1 2.08279E-1 2.19223E-1 2.2832E-1 2.37623E-1 2.32177E-1 2.20412E-1 2.27575E-1 2.30242E-1 2.28183E-1 2.24017E-1 2.23043E-1 2.26845E-1 2.32619E-1 2.38484E-1 2.43301E-1 2.49104E-1 2.57576E-1 2.69979E-1 2.86094E-1 2.88082E-1 2.83798E-1 2.94793E-1 3.45082E-1 3.59819E-1 3.82092E-1 3.99775E-1 4.04972E-1 4.17205E-1 4.19136E-1 4.30036E-1 4.32714E-1 4.35675E-1
6.69635E-2 8.61066E-2 9.19195E-2 8.22735E-2 7.11436E-2 7.47754E-2 7.39994E-2 6.91519E-2 7.69987E-2 8.08037E-2 8.31273E-2 8.0557E-2 8.06301E-2 9.48505E-2 1.12326E-1 1.42357E-1 1.82272E-1 1.66941E-1 1.55008E-1 1.49112E-1 1.47903E-1 1.36014E-1 1.37146E-1 1.31535E-1 1.42397E-1 1.65931E-1 1.79311E-1 1.83275E-1 1.94118E-1 2.07696E-1 2.20668E-1 2.29101E-1 2.3452E-1 2.31556E-1 2.26432E-1 2.25589E-1 2.32721E-1 2.36432E-1 2.42467E-1 2.42584E-1 2.40274E-1 2.38063E-1 2.4183E-1 2.52699E-1 2.55519E-1 2.6574E-1 2.81308E-1 2.92979E-1 2.96881E-1 2.94832E-1 2.94212E-1 3.30308E-1 3.70463E-1 3.81894E-1 3.98787E-1 4.09516E-1 4.13583E-1 4.11502E-1 4.32772E-1 4.47402E-1 4.50283E-1
6.18777E-2 5.46335E-2 6.67307E-2 7.29795E-2 7.61192E-2 7.77848E-2 8.22545E-2 7.78193E-2 7.96583E-2 7.56327E-2 7.90198E-2 8.17126E-2 8.46801E-2 1.08465E-1 1.29589E-1 1.47836E-1 1.82387E-1 1.75017E-1 1.62515E-1 1.61406E-1 1.48924E-1 1.50809E-1 1.49337E-1 1.44058E-1 1.477E-1 1.56682E-1 1.73866E-1 1.9335E-1 2.07756E-1 2.1211E-1 2.19147E-1 2.29188E-1 2.3263E-1 2.32533E-1 2.22457E-1 2.24634E-1 2.26884E-1 2.27282E-1 2.28558E-1 2.34049E-1 2.35509E-1 2.4222E-1 2.48138E-1 2.57428E-1 2.62259E-1 2.71203E-1 2.85801E-1 2.95014E-1 2.96342E-1 3.01542E-1 3.09042E-1 3.25297E-1 3.64488E-1 3.79707E-1 3.95541E-1 4.08018E-1 4.1644E-1 4.25854E-1 4.36801E-1 4.40979E-1 4.55203E-1
8.7599E-2 8.0437E-2 7.43101E-2 8.81558E-2 8.78643E-2 1.05249E-1 8.33493E-2 7.67451E-2 7.40959E-2 7.43758E-2 7.572E-2 8.46161E-2 9.36222E-2 1.15554E-1 1.60204E-1 1.76895E-1 1.81019E-1 1.69009E-1 1.68649E-1 1.69967E-1 1.65347E-1 1.71955E-1 1.74338E-1 1.54604E-1 1.52109E-1 1.68327E-1 1.84346E-1 1.98457E-1 2.14138E-1 2.19612E-1 2.29383E-1 2.26085E-1 2.34057E-1 2.28171E-1 2.16816E-1 2.1771E-1 2.20621E-1 2.23102E-1 2.27441E-1 2.3198E-1 2.39407E-1 2.51142E-1 2.58643E-1 2.73444E-1 2.76162E-1 2.82936E-1 2.93759E-1 3.00926E-1 3.03642E-1 3.08726E-1 3.28935E-1 3.35227E-1 3.68906E-1 3.81925E-1 3.98786E-1 4.03338E-1 4.14111E-1 4.35267E-1 4.42327E-1 4.59471E-1 4.77881E-1
1.21742E-1 1.07651E-1 1.17031E-1 1.1462E-1 1.24394E-1 9.99449E-2 7.49788E-2 6.68558E-2 7.22662E-2 7.3988E-2 6.93791E-2 9.22146E-2 1.16808E-1 1.2711E-1 1.72624E-1 1.84973E-1 1.78344E-1 1.77744E-1 1.73273E-1 1.933E-1 2.01692E-1 2.05279E-1 1.91246E-1 1.49825E-1 1.34148E-1 1.45558E-1 1.72222E-1 2.12413E-1 2.27206E-1 2.31534E-1 2.42846E-1 2.3185E-1 2.35944E-1 2.32011E-1 2.25931E-1 2.16404E-1 2.15555E-1 2.22316E-1 2.2542E-1 2.33045E-1 2.47022E-1 2.60998E-1 2.69502E-1 2.80738E-1 2.90067E-1 2.97749E-1 3.2572E-1 3.19827E-1 3.15161E-1 3.18879E-1 3.41595E-1 3.74183E-1 3.75654E-1 3.88911E-1 4.01557E-1 4.03397E-1 4.15543E-1 4.41734E-1 4.51812E-1 4.683E-1 4.68947E-1
1.56625E-1 1.54087E-1 1.66288E-1 1.4611E-1 1.57109E-1 1.03392E-1 7.05818E-2 6.97247E-2 7.30647E-2 8.23585E-2 7.78304E-2 1.01508E-1 1.31707E-1 1.72062E-1 1.91196E-1 1.98026E-1 1.8666E-1 1.88223E-1 1.88664E-1 2.21421E-1 2.41953E-1 2.29039E-1 1.77907E-1 1.07952E-1 1.41211E-1 1.73446E-1 1.91767E-1 2.14953E-1 2.38988E-1 2.4505E-1 2.58727E-1 2.47502E-1 2.40053E-1 2.38815E-1 2.38183E-1 2.27494E-1 2.25867E-1 2.30615E-1 2.35621E-1 2.42044E-1 2.4745E-1 2.62978E-1 2.79024E-1 2.88215E-1 2.9022E-1 2.98702E-1 3.11513E-1 3.16758E-1 3.3408E-1 3.63379E-1 3.76484E-1 3.86014E-1 3.84891E-1 3.88084E-1 4.18943E-1 4.26374E-1 4.40176E-1 4.61407E-1 4.63631E-1 4.69503E-1 4.69941E-1
1.85808E-1 1.73982E-1 2.10649E-1 1.81354E-1 1.71203E-1 1.20554E-1 8.87745E-2 8.75038E-2 1.02573E-1 9.56315E-2 8.26173E-2 1.12362E-1 1.54221E-1 1.83859E-1 2.06125E-1 2.10471E-1 1.90861E-1 1.70706E-1 2.00514E-1 2.45011E-1 2.45789E-1 2.43587E-1 1.91067E-1 1.28364E-1 1.20645E-1 1.53059E-1 1.86208E-1 2.07913E-1 2.40461E-1 2.56144E-1 2.60973E-1 2.58559E-1 2.53638E-1 2.51575E-1 2.48634E-1 2.28405E-1 2.31019E-1 2.38449E-1 2.45748E-1 2.55107E-1 2.59505E-1 2.72304E-1 2.82534E-1 2.91207E-1 3.01288E-1 3.06371E-1 3.19622E-1 3.29737E-1 3.36921E-1 3.77062E-1 3.87711E-1 3.94127E-1 3.97984E-1 4.07608E-1 4.24702E-1 4.42545E-1 4.49154E-1 4.7049E-1 4.71513E-1 4.79078E-1 4.89147E-1
2.31587E-1 2.39834E-1 2.46941E-1 1.71136E-1 1.49186E-1 1.58137E-1 1.56066E-1 1.30599E-1 1.17292E-1 1.00971E-1 8.65416E-2 1.17019E-1 1.62385E-1 1.96113E-1 2.21221E-1 2.03814E-1 1.9385E-1 1.85972E-1 2.34336E-1 2.42134E-1 2.45191E-1 2.54035E-1 2.21054E-1 1.20072E-1 1.14934E-1 1.51205E-1 1.83239E-1 2.07452E-1 2.43211E-1 2.61358E-1 2.65613E-1 2.63072E-1 2.70786E-1 2.66892E-1 2.61773E-1 2.34137E-1 2.34419E-1 2.45666E-1 2.55606E-1 2.65401E-1 2.75678E-1 2.86477E-1 2.95069E-1 3.03719E-1 3.11215E-1 3.18375E-1 3.31367E-1 3.41529E-1 3.62021E-1 3.92673E-1 4.07471E-1 4.1121E-1 4.13167E-1 4.24435E-1 4.32799E-1 4.47496E-1 4.58531E-1 4.74761E-1 4.81213E-1 5.01361E-1 5.10215E-1
3.09854E-1 2.87098E-1 2.56679E-1 2.22642E-1 1.64358E-1 1.65624E-1 1.77392E-1 1.53281E-1 1.17097E-1 1.11442E-1 1.17091E-1 1.21081E-1 1.79182E-1 2.07641E-1 2.15555E-1 2.08014E-1 2.05799E-1 2.05076E-1 2.36962E-1 2.51582E-1 2.37405E-1 2.51732E-1 2.36539E-1 1.09336E-1 1.23722E-1 1.62786E-1 1.86477E-1 2.12651E-1 2.45849E-1 2.67229E-1 2.77645E-1 2.80455E-1 2.73064E-1 2.71696E-1 2.64958E-1 2.4347E-1 2.44572E-1 2.56311E-1 2.68662E-1 2.78408E-1 2.92101E-1 2.99621E-1 3.06339E-1 3.09634E-1 3.24116E-1 3.29653E-1 3.32388E-1 3.50513E-1 3.66881E-1 4.07088E-1 4.0776E-1 3.98658E-1 4.09974E-1 4.32945E-1 4.50393E-1 4.58038E-1 4.70032E-1 4.78547E-1 4.94521E-1 5.09907E-1 5.19001E-1
3.0081E-1 2.8446E-1 2.53932E-1 2.32031E-1 2.16187E-1 2.10912E-1 1.86449E-1 1.59398E-1 1.52782E-1 1.54761E-1 1.60347E-1 1.53889E-1 1.87271E-1 2.12176E-1 2.25418E-1 2.21059E-1 2.12296E-1 2.11022E-1 2.28273E-1 2.56026E-1 2.42215E-1 2.47074E-1 2.33398E-1 1.10993E-1 1.22207E-1 1.56437E-1 1.87236E-1 2.11446E-1 2.38817E-1 2.61271E-1 2.71454E-1 2.81072E-1 2.81509E-1 2.82576E-1 2.80214E-1 2.62719E-1 2.61135E-1 2.68024E-1 2.86598E-1 2.99219E-1 3.02222E-1 3.16185E-1 3.24302E-1 3.24017E-1 3.36958E-1 3.33758E-1 3.39371E-1 3.69071E-1 4.0292E-1 4.135E-1 4.00197E-1 4.02369E-1 4.07694E-1 4.25441E-1 4.49283E-1 4.60284E-1 4.74759E-1 4.89743E-1 5.03604E-1 5.21717E-1 5.24586E-1
2.80132E-1 2.82198E-1 2.5835E-1 2.27266E-1 2.14318E-1 1.95046E-1 1.7756E-1 1.53545E-1 1.69126E-1 1.78669E-1 1.88069E-1 1.83384E-1 2.06665E-1 2.07647E-1 2.15217E-1 2.41097E-1 2.26585E-1 2.0915E-1 2.18434E-1 2.6095E-1 2.4336E-1 2.52145E-1 2.56796E-1 2.00162E-1 1.66157E-1 1.75978E-1 1.95183E-1 2.00079E-1 2.32982E-1 2.64585E-1 2.85726E-1 2.96759E-1 2.97957E-1 2.9305E-1 3.04861E-1 2.99008E-1 2.88763E-1 2.92809E-1 3.04355E-1 3.12308E-1 3.15776E-1 3.30107E-1 3.44394E-1 3.47776E-1 3.47935E-1 3.4517E-1 3.45905E-1 3.55521E-1 3.97717E-1 4.11275E-1 4.08526E-1 4.15335E-1 4.16735E-1 4.27432E-1 4.50836E-1 4.71348E-1 4.92378E-1 5.01608E-1 5.15079E-1 5.34448E-1 5.3412E-1
2.76143E-1 2.67736E-1 2.59907E-1 2.31683E-1 2.04016E-1 2.00186E-1 1.95387E-1 1.8346E-1 1.91927E-1 1.98777E-1 2.01897E-1 2.32607E-1 2.33448E-1 2.1739E-1 2.16574E-1 2.21008E-1 2.42826E-1 2.40614E-1 2.30573E-1 2.62638E-1 2.47871E-1 2.57178E-1 2.45255E-1 2.19148E-1 2.22512E-1 2.17828E-1 2.32639E-1 2.20133E-1 2.09227E-1 2.53843E-1 2.89389E-1 3.17666E-1 3.23857E-1 3.19436E-1 3.27481E-1 3.14025E-1 3.02671E-1 3.08259E-1 3.18928E-1 3.26694E-1 3.28512E-1 3.50636E-1 3.66807E-1 3.70462E-1 3.74643E-1 3.70776E-1 3.71587E-1 3.70368E-1 3.72102E-1 3.8643E-1 4.19029E-1 4.2517E-1 4.32243E-1 4.38071E-1 4.49116E-1 4.6867E-1 4.85624E-1 5.10108E-1 5.26013E-1 5.40693E-1 5.37423E-1
2.42724E-1 2.72851E-1 2.59582E-1 2.54294E-1 2.15145E-1 2.1789E-1 2.12546E-1 2.12116E-1 2.08265E-1 2.18306E-1 2.24114E-1 2.44479E-1 2.54783E-1 2.44208E-1 2.2988E-1 2.24488E-1 2.33254E-1 2.71462E-1 2.43544E-1 2.69661E-1 2.45702E-1 2.47315E-1 2.29008E-1 2.16117E-1 2.29801E-1 2.39014E-1 2.55266E-1 2.67291E-1 2.27765E-1 2.32886E-1 2.85799E-1 3.1275E-1 3.15427E-1 3.24353E-1 3.37544E-1 3.19454E-1 3.15409E-1 3.2541E-1 3.30708E-1 3.37529E-1 3.33969E-1 3.51129E-1 3.72177E-1 3.82036E-1 3.80965E-1 3.80553E-1 3.73743E-1 3.92629E-1 4.03073E-1 4.10797E-1 4.30116E-1 4.38191E-1 4.49177E-1 4.53988E-1 4.50541E-1 4.45527E-1 4.50724E-1 4.73869E-1 5.05684E-1 5.27214E-1 5.33625E-1
2.39839E-1 2.17525E-1 2.29968E-1 2.47205E-1 2.26183E-1 2.19405E-1 2.23267E-1 2.15235E-1 2.14435E-1 2.27658E-1 2.33126E-1 2.49211E-1 2.79281E-1 2.63626E-1 2.46825E-1 2.51984E-1 2.43263E-1 2.5801E-1 2.66473E-1 2.51954E-1 2.44587E-1 2.46056E-1 2.12254E-1 2.12695E-1 2.29903E-1 2.51407E-1 2.59593E-1 2.69652E-1 2.28754E-1 2.14859E-1 2.84767E-1 2.93696E-1 3.01249E-1 3.15867E-1 3.33001E-1 3.27041E-1 3.2923E-1 3.32925E-1 3.46833E-1 3.46156E-1 3.52727E-1 3.61097E-1 3.80401E-1 3.95861E-1 3.97206E-1 4.03188E-1 3.95578E-1 3.9875E-1 4.06821E-1 4.06973E-1 4.20136E-1 4.35771E-1 4.51644E-1 4.68591E-1 4.63728E-1 4.57725E-1 4.71266E-1 4.71394E-1 4.98812E-1 5.20187E-1 5.41082E-1
2.28366E-1 1.9777E-1 1.52817E-1 2.32072E-1 2.26509E-1 2.1971E-1 2.32383E-1 2.32779E-1 2.2545E-1 2.40279E-1 2.54011E-1 2.75367E-1 2.81594E-1 2.69739E-1 2.57962E-1 2.65609E-1 2.56058E-1 2.47173E-1 2.88379E-1 2.89766E-1 2.54245E-1 2.47959E-1 2.09273E-1 2.14078E-1 2.2846E-1 2.5915E-1 2.71218E-1 2.74863E-1 2.54125E-1 2.5696E-1 2.87801E-1 2.8957E-1 3.03384E-1 3.22506E-1 3.37028E-1 3.40954E-1 3.39726E-1 3.50166E-1 3.54098E-1 3.55165E-1 3.55744E-1 3.76281E-1 3.87966E-1 4.1144E-1 4.20281E-1 4.19465E-1 4.17528E-1 4.1546E-1 4.09195E-1 4.03319E-1 4.08103E-1 4.22736E-1 4.2831E-1 4.5314E-1 4.84657E-1 4.84766E-1 4.93331E-1 4.92399E-1 5.0899E-1 5.26277E-1 5.40472E-1
2.45303E-1 1.97513E-1 1.75957E-1 2.27696E-1 2.05782E-1 2.04581E-1 2.38262E-1 2.47749E-1 2.51576E-1 2.52417E-1 2.70665E-1 2.74078E-1 2.87604E-1 2.80129E-1 2.73385E-1 2.58038E-1 2.51395E-1 2.45358E-1 2.74976E-1 3.26964E-1 2.68445E-1 2.44441E-1 2.2607E-1 2.13946E-1 2.28016E-1 2.49743E-1 2.6557E-1 2.74592E-1 2.79209E-1 2.66524E-1 2.80458E-1 2.87732E-1 3.06629E-1 3.21719E-1 3.36526E-1 3.47631E-1 3.56506E-1 3.51861E-1 3.60388E-1 3.64893E-1 3.69129E-1 3.72081E-1 3.87958E-1 4.08595E-1 4.17881E-1 4.22905E-1 4.2094E-1 4.14257E-1 3.9715E-1 4.00305E-1 4.06114E-1 4.21387E-1 4.37471E-1 4.44724E-1 4.56765E-1 4.91288E-1 5.05945E-1 5.16174E-1 5.23298E-1 5.30225E-1 5.41876E-1
2.51296E-1 2.2933E-1 2.34889E-1 2.18822E-1 1.90313E-1 1.88612E-1 2.34821E-1 2.36172E-1 2.59135E-1 2.61009E-1 2.80172E-1 2.9136E-1 2.9328E-1 2.84966E-1 2.67836E-1 2.60166E-1 2.55531E-1 2.54979E-1 2.57305E-1 2.78182E-1 2.75033E-1 2.41375E-1 2.34801E-1 2.16108E-1 2.25244E-1 2.45666E-1 2.5764E-1 2.71146E-1 2.81112E-1 2.84948E-1 2.63413E-1 2.85716E-1 3.05031E-1 3.2306E-1 3.36529E-1 3.52316E-1 3.6392E-1 3.71429E-1 3.68928E-1 3.72425E-1 3.81372E-1 3.8427E-1 3.93107E-1 4.07569E-1 4.20134E-1 4.23657E-1 4.2015E-1 4.08768E-1 4.05048E-1 3.9889E-1 4.02401E-1 4.21037E-1 4.44538E-1 4.64029E-1 4.80279E-1 4.94339E-1 5.07504E-1 5.20486E-1 5.37531E-1 5.62673E-1 5.69296E-1
