maxent_outputs/white_flowers_linear/white_119.asc
ncols         426
nrows         180
xllcorner     -130.0
yllcorner     24.0
cellsize      0.16666666666666666
NODATA_value  -9999
[rows 0 to 26 of 180, columns 183 to 243 of 426]
3.45935E-1 3.36997E-1 3.35075E-1 3.36434E-1 3.30787E-1 3.26194E-1 3.28538E-1 3.47938E-1 3.48902E-1 3.44782E-1 3.31146E-1 3.26872E-1 3.19274E-1 3.19287E-1 3.2249E-1 3.25421E-1 3.23688E-1 3.22659E-1 3.22535E-1 3.27446E-1 3.40648E-1 3.33265E-1 3.26349E-1 3.25448E-1 3.24478E-1 3.24912E-1 3.2288E-1 3.30169E-1 3.36647E-1 3.30929E-1 3.24541E-1 3.22603E-1 3.22639E-1 3.24995E-1 3.20278E-1 3.17988E-1 3.17276E-1 3.18014E-1 3.22601E-1 3.21822E-1 3.21226E-1 3.24245E-1 3.23572E-1 3.20575E-1 3.24185E-1 3.24603E-1 3.26197E-1 3.28198E-1 3.34396E-1 3.32315E-1 3.30568E-1 3.35065E-1 3.38532E-1 3.32049E-1 3.35906E-1 3.31081E-1 3.32154E-1 3.27697E-1 3.28169E-1 3.31364E-1 3.30144E-1
3.38614E-1 3.35326E-1 3.41069E-1 3.76484E-1 3.9125E-1 3.92063E-1 3.91736E-1 3.88742E-1 3.75907E-1 3.61817E-1 3.36246E-1 3.34297E-1 3.3078E-1 3.26468E-1 3.28749E-1 3.24809E-1 3.23551E-1 3.22287E-1 3.21597E-1 3.26853E-1 3.26803E-1 3.27517E-1 3.35938E-1 3.3306E-1 3.29138E-1 3.20693E-1 3.26385E-1 3.3148E-1 3.34714E-1 3.37603E-1 3.42613E-1 3.39573E-1 3.328E-1 3.29101E-1 3.27645E-1 3.24024E-1 3.2471E-1 3.26418E-1 3.26026E-1 3.234E-1 3.24248E-1 3.1877E-1 3.22017E-1 3.29828E-1 3.3468E-1 3.33488E-1 3.31078E-1 3.26814E-1 3.29347E-1 3.35194E-1 3.3271E-1 3.34736E-1 3.33282E-1 3.29521E-1 3.35261E-1 3.3986E-1 3.6068E-1 3.64534E-1 3.53691E-1 3.37098E-1 3.36295E-1
3.32023E-1 3.34401E-1 3.58096E-1 3.95651E-1 3.96993E-1 3.93833E-1 3.9726E-1 3.97912E-1 3.98447E-1 3.95179E-1 3.6182E-1 3.38999E-1 3.36326E-1 3.2858E-1 3.26973E-1 3.25722E-1 3.23594E-1 3.25617E-1 3.29311E-1 3.35422E-1 3.29709E-1 3.24983E-1 3.27459E-1 3.29168E-1 3.31518E-1 3.25237E-1 3.27304E-1 3.25869E-1 3.24429E-1 3.21647E-1 3.23187E-1 3.21791E-1 3.23615E-1 3.22467E-1 3.26198E-1 3.27723E-1 3.27845E-1 3.27907E-1 3.28363E-1 3.25044E-1 3.25567E-1 3.24345E-1 3.20618E-1 3.19492E-1 3.21357E-1 3.22167E-1 3.24275E-1 3.24337E-1 3.29199E-1 3.29795E-1 3.36233E-1 3.32282E-1 3.28355E-1 3.2726E-1 3.29394E-1 3.30654E-1 3.2976E-1 3.33586E-1 3.3205E-1 3.33495E-1 3.331E-1
3.37465E-1 3.47006E-1 3.79059E-1 4.0165E-1 4.0021E-1 3.97293E-1 3.96571E-1 3.97051E-1 3.99528E-1 4.01131E-1 3.94255E-1 3.49825E-1 3.45284E-1 3.3289E-1 3.32724E-1 3.2897E-1 3.28755E-1 3.30584E-1 3.31221E-1 3.29308E-1 3.36858E-1 3.28282E-1 3.2495E-1 3.26176E-1 3.26801E-1 3.32299E-1 3.30599E-1 3.23272E-1 3.21077E-1 3.19327E-1 3.21579E-1 3.263E-1 3.24098E-1 3.22257E-1 3.22785E-1 3.24973E-1 3.26808E-1 3.24962E-1 3.24002E-1 3.24627E-1 3.25496E-1 3.20836E-1 3.21785E-1 3.19917E-1 3.19091E-1 3.1959E-1 3.31356E-1 3.30783E-1 3.29081E-1 3.32668E-1 3.33135E-1 3.39514E-1 3.32269E-1 3.29023E-1 3.30943E-1 3.28711E-1 3.29896E-1 3.303E-1 3.35916E-1 3.31558E-1 3.33103E-1
3.57977E-1 3.63817E-1 3.90438E-1 4.00547E-1 4.02738E-1 4.00218E-1 3.99498E-1 3.98788E-1 3.99865E-1 4.03199E-1 4.00705E-1 3.78803E-1 3.53636E-1 3.36655E-1 3.28381E-1 3.31725E-1 3.29327E-1 3.26413E-1 3.29401E-1 3.27799E-1 3.27407E-1 3.30009E-1 3.31583E-1 3.28789E-1 3.26246E-1 3.27839E-1 3.27624E-1 3.28643E-1 3.27468E-1 3.24957E-1 3.25617E-1 3.25588E-1 3.23028E-1 3.24515E-1 3.28614E-1 3.33508E-1 3.26704E-1 3.2237E-1 3.20583E-1 3.22872E-1 3.22791E-1 3.24426E-1 3.25577E-1 3.24815E-1 3.25598E-1 3.27704E-1 3.22961E-1 3.2415E-1 3.28029E-1 3.27268E-1 3.29308E-1 3.3202E-1 3.29148E-1 3.28508E-1 3.27818E-1 3.30549E-1 3.29908E-1 3.32599E-1 3.34115E-1 3.30983E-1 3.30235E-1
3.55852E-1 3.54104E-1 3.66298E-1 3.82233E-1 3.8465E-1 3.855E-1 3.96742E-1 4.01641E-1 4.02142E-1 4.04415E-1 4.04272E-1 3.97695E-1 3.71737E-1 3.41293E-1 3.36805E-1 3.32205E-1 3.32245E-1 3.29617E-1 3.29053E-1 3.29439E-1 3.3411E-1 3.30333E-1 3.28691E-1 3.32389E-1 3.34593E-1 3.37667E-1 3.39859E-1 3.40425E-1 3.34324E-1 3.33116E-1 3.31692E-1 3.29331E-1 3.29265E-1 3.28167E-1 3.26577E-1 3.38005E-1 3.43186E-1 3.36695E-1 3.42237E-1 3.41618E-1 3.45032E-1 3.40524E-1 3.29962E-1 3.28717E-1 3.28843E-1 3.32743E-1 3.24524E-1 3.25197E-1 3.28696E-1 3.34445E-1 3.33798E-1 3.3399E-1 3.30306E-1 3.27329E-1 3.26122E-1 3.26057E-1 3.30592E-1 3.38522E-1 3.38046E-1 3.35185E-1 3.37225E-1
3.54873E-1 3.49671E-1 3.48652E-1 3.58248E-1 3.82795E-1 3.95191E-1 4.02695E-1 4.01878E-1 4.02298E-1 4.07082E-1 4.0714E-1 4.02316E-1 3.76497E-1 3.51671E-1 3.46674E-1 3.38509E-1 3.3352E-1 3.33881E-1 3.34803E-1 3.34583E-1 3.36707E-1 3.36555E-1 3.31432E-1 3.34003E-1 3.3721E-1 3.40626E-1 3.39239E-1 3.40512E-1 3.36948E-1 3.34189E-1 3.3405E-1 3.32223E-1 3.35891E-1 3.40843E-1 3.34197E-1 3.39399E-1 3.41137E-1 3.35755E-1 3.37731E-1 3.36652E-1 3.37978E-1 3.3465E-1 3.30009E-1 3.30843E-1 3.35979E-1 3.39726E-1 3.39187E-1 3.33487E-1 3.41685E-1 3.36748E-1 3.36269E-1 3.39016E-1 3.36832E-1 3.28202E-1 3.27715E-1 3.27601E-1 3.30141E-1 3.39069E-1 3.39502E-1 3.40189E-1 3.42973E-1
3.57738E-1 3.50093E-1 3.51796E-1 3.61027E-1 3.88406E-1 4.03096E-1 4.01172E-1 4.03066E-1 4.02714E-1 4.04024E-1 4.04368E-1 4.04741E-1 3.95432E-1 3.57768E-1 3.47064E-1 3.43083E-1 3.4404E-1 3.52408E-1 3.4596E-1 3.42439E-1 3.39881E-1 3.38292E-1 3.37576E-1 3.36396E-1 3.34918E-1 3.44216E-1 3.39568E-1 3.40968E-1 3.4107E-1 3.41099E-1 3.39354E-1 3.35069E-1 3.37725E-1 3.39227E-1 3.37723E-1 3.38711E-1 3.3778E-1 3.35048E-1 3.32741E-1 3.32205E-1 3.32023E-1 3.36966E-1 3.3403E-1 3.3065E-1 3.32811E-1 3.33127E-1 3.30467E-1 3.29944E-1 3.36055E-1 3.34547E-1 3.32226E-1 3.4173E-1 3.42761E-1 3.41663E-1 3.3088E-1 3.3016E-1 3.34187E-1 3.34578E-1 3.34708E-1 3.3414E-1 3.3391E-1
3.5881E-1 3.50213E-1 3.5188E-1 3.57053E-1 3.58323E-1 3.78185E-1 3.98142E-1 4.02321E-1 4.02446E-1 4.00553E-1 4.03696E-1 4.01715E-1 3.96749E-1 3.88957E-1 3.53273E-1 3.43486E-1 3.4792E-1 3.43001E-1 3.46483E-1 3.50089E-1 3.48906E-1 3.44307E-1 3.42364E-1 3.41259E-1 3.43578E-1 3.40809E-1 3.41269E-1 3.44631E-1 3.39773E-1 3.41826E-1 3.44417E-1 3.41597E-1 3.45326E-1 3.4084E-1 3.40177E-1 3.38678E-1 3.38132E-1 3.4034E-1 3.41205E-1 3.41272E-1 3.36008E-1 3.36877E-1 3.38162E-1 3.36956E-1 3.33779E-1 3.31489E-1 3.29964E-1 3.43832E-1 3.39481E-1 3.35201E-1 3.32848E-1 3.3258E-1 3.29951E-1 3.2976E-1 3.35289E-1 3.34645E-1 3.34566E-1 3.31404E-1 3.33539E-1 3.33695E-1 3.31499E-1
3.62249E-1 3.50512E-1 3.50957E-1 3.50306E-1 3.5143E-1 3.5377E-1 3.8256E-1 3.99266E-1 3.89881E-1 3.8696E-1 4.03299E-1 3.97358E-1 3.93648E-1 3.86451E-1 3.71885E-1 3.47422E-1 3.49705E-1 3.45594E-1 3.45677E-1 3.43009E-1 3.42396E-1 3.44004E-1 3.43335E-1 3.43264E-1 3.46941E-1 3.4479E-1 3.4148E-1 3.42329E-1 3.39348E-1 3.38292E-1 3.40692E-1 3.40542E-1 3.40315E-1 3.38284E-1 3.42297E-1 3.44147E-1 3.42835E-1 3.4122E-1 3.41386E-1 3.4022E-1 3.37425E-1 3.36258E-1 3.37544E-1 3.38998E-1 3.35422E-1 3.33379E-1 3.31412E-1 3.36068E-1 3.3244E-1 3.30753E-1 3.27948E-1 3.2724E-1 3.28842E-1 3.29858E-1 3.28649E-1 3.3124E-1 3.33031E-1 3.31409E-1 3.31615E-1 3.32264E-1 3.37013E-1
3.558E-1 3.47723E-1 3.4482E-1 3.49346E-1 3.51153E-1 3.51891E-1 3.54566E-1 3.6645E-1 3.94954E-1 3.94613E-1 3.97849E-1 3.96351E-1 3.90477E-1 3.80595E-1 3.77465E-1 3.50767E-1 3.50746E-1 3.4787E-1 3.4811E-1 3.4588E-1 3.45276E-1 3.46484E-1 3.444E-1 3.42766E-1 3.48252E-1 3.46574E-1 3.44297E-1 3.48035E-1 3.39246E-1 3.42246E-1 3.45328E-1 3.44912E-1 3.41702E-1 3.40831E-1 3.47117E-1 3.42459E-1 3.38773E-1 3.33974E-1 3.37293E-1 3.37561E-1 3.45763E-1 3.41482E-1 3.34666E-1 3.32963E-1 3.30642E-1 3.29784E-1 3.29361E-1 3.30627E-1 3.27915E-1 3.27873E-1 3.29926E-1 3.2648E-1 3.29893E-1 3.27262E-1 3.2866E-1 3.29562E-1 3.31588E-1 3.31511E-1 3.30479E-1 3.31346E-1 3.34123E-1
3.52598E-1 3.49661E-1 3.50559E-1 3.53349E-1 3.51519E-1 3.5078E-1 3.53054E-1 3.57391E-1 3.7272E-1 3.95947E-1 3.7986E-1 3.74039E-1 3.85586E-1 3.9086E-1 3.8722E-1 3.62385E-1 3.52867E-1 3.49845E-1 3.49396E-1 3.48498E-1 3.47378E-1 3.49314E-1 3.47442E-1 3.52042E-1 3.58474E-1 3.56532E-1 3.52528E-1 3.49765E-1 3.51377E-1 3.51367E-1 3.51716E-1 3.52645E-1 3.53866E-1 3.48352E-1 3.46793E-1 3.38516E-1 3.35793E-1 3.39993E-1 3.37095E-1 3.38725E-1 3.39024E-1 3.35903E-1 3.33263E-1 3.34138E-1 3.35824E-1 3.32778E-1 3.29843E-1 3.30347E-1 3.32202E-1 3.30931E-1 3.33769E-1 3.3154E-1 3.27563E-1 3.27168E-1 3.28328E-1 3.31367E-1 3.33142E-1 3.33656E-1 3.33956E-1 3.35503E-1 3.35946E-1
3.49854E-1 3.52199E-1 3.4935E-1 3.48212E-1 3.46847E-1 3.51272E-1 3.5379E-1 3.54201E-1 3.58521E-1 3.72389E-1 3.65191E-1 3.6842E-1 3.61921E-1 3.83886E-1 3.90285E-1 3.84222E-1 3.59369E-1 3.5327E-1 3.49329E-1 3.46849E-1 3.48249E-1 3.51505E-1 3.52303E-1 3.53635E-1 3.60232E-1 3.48555E-1 3.51208E-1 3.44747E-1 3.48008E-1 3.47599E-1 3.49454E-1 3.51632E-1 3.55244E-1 3.51925E-1 3.48577E-1 3.42462E-1 3.42404E-1 3.4395E-1 3.42538E-1 3.43959E-1 3.41518E-1 3.39629E-1 3.36398E-1 3.36567E-1 3.36427E-1 3.39304E-1 3.3399E-1 3.32544E-1 3.40024E-1 3.37078E-1 3.39803E-1 3.35259E-1 3.30931E-1 3.29167E-1 3.31738E-1 3.33757E-1 3.36279E-1 3.34162E-1 3.33416E-1 3.34127E-1 3.39533E-1
3.62012E-1 3.54416E-1 3.51302E-1 3.4981E-1 3.45084E-1 3.47498E-1 3.56094E-1 3.55509E-1 3.47469E-1 3.47546E-1 3.5699E-1 3.62339E-1 3.78347E-1 3.80895E-1 3.84354E-1 3.80546E-1 3.73223E-1 3.56906E-1 3.50186E-1 3.49828E-1 3.51246E-1 3.49552E-1 3.50618E-1 3.53084E-1 3.48896E-1 3.4978E-1 3.44509E-1 3.50046E-1 3.50061E-1 3.53904E-1 3.5092E-1 3.51904E-1 3.56541E-1 3.55929E-1 3.56792E-1 3.53098E-1 3.52541E-1 3.50412E-1 3.51865E-1 3.50855E-1 3.50411E-1 3.43363E-1 3.40026E-1 3.40161E-1 3.44266E-1 3.47962E-1 3.43495E-1 3.40313E-1 3.40392E-1 3.41668E-1 3.43225E-1 3.39908E-1 3.42206E-1 3.36925E-1 3.36505E-1 3.37886E-1 3.3399E-1 3.37484E-1 3.40391E-1 3.38173E-1 3.41999E-1
3.56673E-1 3.56087E-1 3.58032E-1 3.57715E-1 3.50887E-1 3.51255E-1 3.45934E-1 3.34471E-1 3.40396E-1 3.48972E-1 3.5791E-1 3.62151E-1 3.67794E-1 3.8353E-1 3.73006E-1 3.58308E-1 3.75025E-1 3.66976E-1 3.51864E-1 3.50243E-1 3.50168E-1 3.49882E-1 3.49828E-1 3.52762E-1 3.46255E-1 3.48722E-1 3.45955E-1 3.47273E-1 3.4996E-1 3.50738E-1 3.50824E-1 3.5126E-1 3.51301E-1 3.53956E-1 3.52954E-1 3.52551E-1 3.52152E-1 3.51757E-1 3.51909E-1 3.52228E-1 3.49353E-1 3.47515E-1 3.43897E-1 3.45895E-1 3.49115E-1 3.55967E-1 3.45496E-1 3.45295E-1 3.46464E-1 3.41813E-1 3.44245E-1 3.42941E-1 3.42332E-1 3.4091E-1 3.39278E-1 3.38405E-1 3.36795E-1 3.37166E-1 3.35896E-1 3.35899E-1 3.37383E-1
3.42184E-1 3.49517E-1 3.61027E-1 3.56588E-1 3.43364E-1 3.2837E-1 3.31966E-1 3.32869E-1 3.43381E-1 3.51711E-1 3.5556E-1 3.51313E-1 3.57531E-1 3.68322E-1 3.57388E-1 3.67703E-1 3.85111E-1 3.86822E-1 3.59046E-1 3.51053E-1 3.46096E-1 3.43066E-1 3.42038E-1 3.45357E-1 3.47463E-1 3.46668E-1 3.49291E-1 3.55573E-1 3.5468E-1 3.51077E-1 3.50367E-1 3.46691E-1 3.49475E-1 3.44262E-1 3.48206E-1 3.52043E-1 3.54555E-1 3.55038E-1 3.51016E-1 3.50798E-1 3.49596E-1 3.56647E-1 3.62765E-1 3.60721E-1 3.53699E-1 3.60818E-1 3.52246E-1 3.48362E-1 3.4954E-1 3.49756E-1 3.49341E-1 3.47957E-1 3.44261E-1 3.43391E-1 3.41712E-1 3.40304E-1 3.37456E-1 3.36294E-1 3.37376E-1 3.37506E-1 3.40648E-1
3.39673E-1 3.4672E-1 3.53587E-1 3.60032E-1 3.55835E-1 3.41747E-1 3.23168E-1 3.31836E-1 3.41729E-1 3.4235E-1 3.42409E-1 3.4581E-1 3.51808E-1 3.55683E-1 3.51576E-1 3.70069E-1 3.69558E-1 3.81089E-1 3.71714E-1 3.52586E-1 3.44929E-1 3.42137E-1 3.41748E-1 3.44313E-1 3.48932E-1 3.47569E-1 3.49586E-1 3.54838E-1 3.57305E-1 3.52051E-1 3.5318E-1 3.51468E-1 3.51141E-1 3.51696E-1 3.51886E-1 3.53015E-1 3.7428E-1 3.78228E-1 3.6062E-1 3.56504E-1 3.59582E-1 3.57306E-1 3.58081E-1 3.60331E-1 3.61358E-1 3.63024E-1 3.62557E-1 3.604E-1 3.55405E-1 3.527E-1 3.49631E-1 3.49741E-1 3.51189E-1 3.48199E-1 3.45285E-1 3.45914E-1 3.42968E-1 3.40933E-1 3.423E-1 3.45427E-1 3.45513E-1
3.42813E-1 3.44862E-1 3.53319E-1 3.59077E-1 3.55993E-1 3.47046E-1 3.33535E-1 3.31015E-1 3.41982E-1 3.44102E-1 3.34378E-1 3.3324E-1 3.36581E-1 3.4306E-1 3.42374E-1 3.5928E-1 3.68748E-1 3.83844E-1 3.67578E-1 3.46239E-1 3.43447E-1 3.45752E-1 3.43418E-1 3.43109E-1 3.44483E-1 3.4749E-1 3.53445E-1 3.52061E-1 3.52328E-1 3.51616E-1 3.52128E-1 3.54002E-1 3.57831E-1 3.63544E-1 3.6035E-1 3.57132E-1 3.66466E-1 3.70262E-1 3.62818E-1 3.57978E-1 3.64775E-1 3.61744E-1 3.59306E-1 3.59592E-1 3.62895E-1 3.6055E-1 3.60428E-1 3.67222E-1 3.66134E-1 3.58491E-1 3.51201E-1 3.52934E-1 3.62111E-1 3.61823E-1 3.56204E-1 3.5357E-1 3.46866E-1 3.4598E-1 3.46901E-1 3.48479E-1 3.49059E-1
3.46759E-1 3.55808E-1 3.57946E-1 3.57384E-1 3.58257E-1 3.54007E-1 3.43249E-1 3.33131E-1 3.33363E-1 3.36092E-1 3.36404E-1 3.35242E-1 3.33876E-1 3.38593E-1 3.41169E-1 3.74682E-1 3.82858E-1 3.86544E-1 3.72496E-1 3.47342E-1 3.48689E-1 3.45035E-1 3.431E-1 3.44749E-1 3.43727E-1 3.47632E-1 3.49443E-1 3.51524E-1 3.50542E-1 3.52633E-1 3.46098E-1 3.5039E-1 3.58987E-1 3.59071E-1 3.64775E-1 3.66738E-1 3.6559E-1 3.61787E-1 3.60116E-1 3.57982E-1 3.56044E-1 3.59964E-1 3.58101E-1 3.59867E-1 3.58989E-1 3.62006E-1 3.62495E-1 3.60588E-1 3.60085E-1 3.57963E-1 3.5907E-1 3.62326E-1 3.56015E-1 3.52058E-1 3.54137E-1 3.57507E-1 3.50812E-1 3.49535E-1 3.51953E-1 3.5214E-1 3.55668E-1
3.4774E-1 3.49164E-1 3.55808E-1 3.50907E-1 3.56076E-1 3.66663E-1 3.65488E-1 3.49019E-1 3.38246E-1 3.36638E-1 3.42759E-1 3.35729E-1 3.3726E-1 3.36029E-1 3.42214E-1 3.7328E-1 3.80542E-1 3.77686E-1 3.7233E-1 3.52867E-1 3.49763E-1 3.4422E-1 3.41581E-1 3.42976E-1 3.44797E-1 3.48965E-1 3.48218E-1 3.51825E-1 3.49262E-1 3.51999E-1 3.56878E-1 3.59269E-1 3.61078E-1 3.5558E-1 3.57149E-1 3.69253E-1 3.75837E-1 3.67373E-1 3.65773E-1 3.6497E-1 3.62374E-1 3.61286E-1 3.56259E-1 3.60868E-1 3.6617E-1 3.67199E-1 3.65272E-1 3.68051E-1 3.66094E-1 3.67311E-1 3.63964E-1 3.62309E-1 3.58513E-1 3.57989E-1 3.5561E-1 3.54912E-1 3.52079E-1 3.51636E-1 3.55401E-1 3.57842E-1 3.57846E-1
3.51367E-1 3.50776E-1 3.52249E-1 3.5078E-1 3.48558E-1 3.67529E-1 3.72457E-1 3.70745E-1 3.53658E-1 3.40864E-1 3.42478E-1 3.36286E-1 3.38345E-1 3.29028E-1 3.35729E-1 3.66658E-1 3.74018E-1 3.63917E-1 3.56806E-1 3.52407E-1 3.51528E-1 3.45145E-1 3.4232E-1 3.42971E-1 3.41967E-1 3.45295E-1 3.51336E-1 3.52238E-1 3.49305E-1 3.55487E-1 3.61192E-1 3.54366E-1 3.56252E-1 3.61828E-1 3.66351E-1 3.74319E-1 3.7683E-1 3.75028E-1 3.81995E-1 3.74122E-1 3.7134E-1 3.65391E-1 3.67913E-1 3.65835E-1 3.71409E-1 3.7765E-1 3.71505E-1 3.67763E-1 3.6455E-1 3.67781E-1 3.70043E-1 3.64602E-1 3.60795E-1 3.59016E-1 3.62823E-1 3.54631E-1 3.54969E-1 3.57135E-1 3.6063E-1 3.60724E-1 3.63402E-1
3.47009E-1 3.52155E-1 3.5267E-1 3.55603E-1 3.5728E-1 3.6699E-1 3.75618E-1 3.73991E-1 3.69175E-1 3.47332E-1 3.41751E-1 3.42565E-1 3.3519E-1 3.30708E-1 3.30253E-1 3.53279E-1 3.62522E-1 3.56719E-1 3.46428E-1 3.46882E-1 3.49817E-1 3.53527E-1 3.47513E-1 3.46018E-1 3.49594E-1 3.52536E-1 3.51007E-1 3.55219E-1 3.60356E-1 3.62532E-1 3.65814E-1 3.62534E-1 3.65455E-1 3.73835E-1 3.76746E-1 3.73158E-1 3.78266E-1 3.82835E-1 3.83332E-1 3.91433E-1 3.89026E-1 3.82994E-1 3.78209E-1 3.79783E-1 3.86509E-1 3.88273E-1 3.72639E-1 3.73813E-1 3.72107E-1 3.67915E-1 3.64616E-1 3.64224E-1 3.60592E-1 3.60746E-1 3.65014E-1 3.57321E-1 3.58528E-1 3.61954E-1 3.62616E-1 3.64615E-1 3.6464E-1
3.41417E-1 3.49807E-1 3.53488E-1 3.54314E-1 3.55782E-1 3.60962E-1 3.69239E-1 3.6771E-1 3.56249E-1 3.41131E-1 3.37859E-1 3.35286E-1 3.29387E-1 3.28501E-1 3.25926E-1 3.32499E-1 3.37795E-1 3.45926E-1 3.40648E-1 3.48164E-1 3.49309E-1 3.51323E-1 3.53431E-1 3.50651E-1 3.53337E-1 3.58669E-1 3.6111E-1 3.64872E-1 3.64127E-1 3.62282E-1 3.70752E-1 3.70055E-1 3.74091E-1 3.74476E-1 3.72304E-1 3.69819E-1 3.75319E-1 3.80499E-1 3.83444E-1 3.81725E-1 3.84457E-1 3.88873E-1 3.93727E-1 3.93893E-1 3.9242E-1 3.83575E-1 3.8065E-1 3.75475E-1 3.76987E-1 3.70834E-1 3.66193E-1 3.62265E-1 3.61618E-1 3.59747E-1 3.63741E-1 3.64294E-1 3.61413E-1 3.60971E-1 3.62272E-1 3.6572E-1 3.68989E-1
3.29911E-1 3.41856E-1 3.50334E-1 3.51422E-1 3.52207E-1 3.48147E-1 3.4492E-1 3.42497E-1 3.41252E-1 3.40318E-1 3.38599E-1 3.32205E-1 3.29602E-1 3.28859E-1 3.28993E-1 3.35523E-1 3.39664E-1 3.46092E-1 3.50554E-1 3.5562E-1 3.52319E-1 3.51465E-1 3.55192E-1 3.54412E-1 3.53978E-1 3.59335E-1 3.58768E-1 3.64005E-1 3.67712E-1 3.68399E-1 3.62654E-1 3.66509E-1 3.71158E-1 3.68866E-1 3.78259E-1 3.80078E-1 3.73259E-1 3.72576E-1 3.71836E-1 3.67683E-1 3.68606E-1 3.73163E-1 3.79096E-1 3.97106E-1 3.96761E-1 3.9223E-1 3.82702E-1 3.79122E-1 3.75407E-1 3.77315E-1 3.69173E-1 3.67229E-1 3.76519E-1 3.70542E-1 3.70359E-1 3.7099E-1 3.66112E-1 3.6164E-1 3.62353E-1 3.66799E-1 3.716E-1
3.31629E-1 3.3502E-1 3.43554E-1 3.49302E-1 3.50004E-1 3.5204E-1 3.5004E-1 3.48329E-1 3.46621E-1 3.41687E-1 3.42329E-1 3.39191E-1 3.37355E-1 3.3986E-1 3.4115E-1 3.446E-1 3.47231E-1 3.52921E-1 3.56424E-1 3.54793E-1 3.52658E-1 3.54954E-1 3.57922E-1 3.58725E-1 3.54479E-1 3.52488E-1 3.54789E-1 3.57744E-1 3.6185E-1 3.68549E-1 3.66081E-1 3.67517E-1 3.67829E-1 3.70841E-1 3.73533E-1 3.77283E-1 3.73633E-1 3.73076E-1 3.71618E-1 3.73338E-1 3.69832E-1 3.78051E-1 3.81458E-1 3.91644E-1 3.99593E-1 3.97977E-1 3.88029E-1 3.79105E-1 3.79743E-1 3.76728E-1 3.83132E-1 3.73942E-1 3.67991E-1 3.65126E-1 3.65879E-1 3.64887E-1 3.64389E-1 3.65187E-1 3.65467E-1 3.73965E-1 3.87047E-1
3.30876E-1 3.36847E-1 3.39735E-1 3.4212E-1 3.4853E-1 3.55295E-1 3.5466E-1 3.53403E-1 3.55215E-1 3.52161E-1 3.44617E-1 3.44428E-1 3.43566E-1 3.41343E-1 3.40591E-1 3.41616E-1 3.42374E-1 3.46023E-1 3.5562E-1 3.57246E-1 3.56461E-1 3.55909E-1 3.54536E-1 3.52454E-1 3.5096E-1 3.53191E-1 3.52183E-1 3.555E-1 3.64253E-1 3.69081E-1 3.74378E-1 3.69954E-1 3.71376E-1 3.72727E-1 3.75105E-1 3.76402E-1 3.79392E-1 3.8451E-1 3.82264E-1 3.76015E-1 3.85784E-1 3.84421E-1 3.83561E-1 3.83986E-1 3.90754E-1 3.99141E-1 3.93215E-1 3.86748E-1 3.84255E-1 3.73829E-1 3.67917E-1 3.6906E-1 3.67258E-1 3.69665E-1 3.70865E-1 3.67066E-1 3.6825E-1 3.68042E-1 3.73107E-1 3.76766E-1 3.8393E-1
3.32161E-1 3.34552E-1 3.32067E-1 3.38755E-1 3.44402E-1 3.49245E-1 3.54935E-1 3.59003E-1 3.57188E-1 3.5372E-1 3.42701E-1 3.45546E-1 3.46371E-1 3.41372E-1 3.36876E-1 3.41164E-1 3.44513E-1 3.42126E-1 3.49345E-1 3.5193E-1 3.54374E-1 3.54805E-1 3.53432E-1 3.49339E-1 3.4613E-1 3.47502E-1 3.66206E-1 3.64361E-1 3.6461E-1 3.78884E-1 3.81964E-1 3.70334E-1 3.70382E-1 3.75357E-1 3.7968E-1 3.75906E-1 3.75463E-1 3.78515E-1 3.80296E-1 3.77461E-1 3.79322E-1 3.90242E-1 3.86955E-1 3.85739E-1 3.89596E-1 4.00758E-1 4.11617E-1 4.05049E-1 3.88179E-1 3.79652E-1 3.63344E-1 3.6059E-1 3.61681E-1 3.65153E-1 3.67439E-1 3.67495E-1 3.64523E-1 3.67616E-1 3.74162E-1 3.77031E-1 3.81794E-1
