maxent_outputs/white_flowers_linear/white_77.asc
ncols         426
nrows         180
xllcorner     -130.0
yllcorner     24.0
cellsize      0.16666666666666666
NODATA_value  -9999
[rows 0 to 26 of 180, columns 0 to 60 of 426]
6.4616E-1 6.27854E-1 5.9842E-1 5.24157E-1 5.07755E-1 5.29272E-1 5.50974E-1 5.59111E-1 4.78822E-1 4.10543E-1 3.45568E-1 2.75675E-1 2.54782E-1 2.50379E-1 2.54984E-1 2.45492E-1 2.3493E-1 2.2371E-1 2.20188E-1 2.12011E-1 2.07309E-1 2.07756E-1 1.99801E-1 1.9043E-1 1.83828E-1 1.83299E-1 1.84587E-1 1.81235E-1 1.74964E-1 1.75796E-1 1.69588E-1 1.71256E-1 1.73636E-1 1.70558E-1 1.69588E-1 1.69929E-1 1.65643E-1 1.69515E-1 1.79554E-1 1.79903E-1 1.90874E-1 1.92691E-1 2.01255E-1 2.14791E-1 2.12974E-1 2.17182E-1 2.36367E-1 2.40093E-1 2.4481E-1 2.52809E-1 2.53074E-1 2.35248E-1 2.0942E-1 2.00831E-1 1.98735E-1 1.83097E-1 1.67979E-1 1.47066E-1 1.52018E-1 1.48702E-1 1.45446E-1
7.40958E-1 7.02568E-1 6.33119E-1 6.68896E-1 6.14329E-1 6.43246E-1 6.6718E-1 5.89838E-1 4.73006E-1 4.43839E-1 3.8592E-1 3.18064E-1 2.82351E-1 2.49984E-1 2.64464E-1 2.4647E-1 2.33756E-1 2.36134E-1 2.28708E-1 2.25972E-1 2.1764E-1 1.95885E-1 2.00444E-1 2.0177E-1 1.94485E-1 1.8207E-1 1.78963E-1 1.76097E-1 1.74309E-1 1.68533E-1 1.62361E-1 1.67527E-1 1.71318E-1 1.62993E-1 1.51854E-1 1.50709E-1 1.52837E-1 1.62604E-1 1.72156E-1 1.73408E-1 1.81884E-1 1.93141E-1 1.98186E-1 2.13533E-1 2.12219E-1 2.08379E-1 2.23343E-1 2.24386E-1 2.31596E-1 2.45081E-1 2.13464E-1 2.2573E-1 2.37243E-1 2.43463E-1 2.38589E-1 2.02164E-1 1.77927E-1 1.72954E-1 1.69462E-1 1.62396E-1 1.55715E-1
8.08451E-1 7.74123E-1 7.79587E-1 7.42896E-1 7.63557E-1 6.82077E-1 6.84949E-1 6.22206E-1 4.96938E-1 4.61552E-1 4.05452E-1 3.79936E-1 3.73078E-1 2.87173E-1 2.62938E-1 2.39772E-1 2.47318E-1 2.38605E-1 2.42039E-1 2.34919E-1 2.12152E-1 1.99811E-1 1.96985E-1 1.91773E-1 1.8366E-1 1.82353E-1 1.76556E-1 1.75123E-1 1.72993E-1 1.67072E-1 1.70983E-1 1.67139E-1 1.56778E-1 1.49653E-1 1.5321E-1 1.47571E-1 1.48783E-1 1.54777E-1 1.64132E-1 1.68521E-1 1.77525E-1 1.87113E-1 1.87787E-1 2.14037E-1 2.10715E-1 1.89248E-1 1.9379E-1 2.19808E-1 2.11418E-1 2.20574E-1 2.28184E-1 2.11712E-1 1.98183E-1 1.98221E-1 2.04772E-1 2.20207E-1 2.17742E-1 1.81172E-1 1.69299E-1 1.62862E-1 1.60718E-1
8.42395E-1 8.27179E-1 8.30086E-1 8.52964E-1 8.60886E-1 7.59383E-1 7.39445E-1 6.61294E-1 6.18223E-1 5.34629E-1 4.74619E-1 4.52206E-1 3.6746E-1 3.28583E-1 2.81532E-1 2.64953E-1 2.65504E-1 2.70909E-1 2.70168E-1 2.40339E-1 2.14465E-1 1.89226E-1 1.87371E-1 1.86563E-1 1.8541E-1 1.79892E-1 1.82385E-1 1.86603E-1 1.85297E-1 1.78871E-1 1.7292E-1 1.59492E-1 1.56151E-1 1.49676E-1 1.52883E-1 1.56453E-1 1.54963E-1 1.57716E-1 1.61003E-1 1.63157E-1 1.69469E-1 1.8102E-1 1.89134E-1 2.07455E-1 2.12486E-1 1.97394E-1 1.92878E-1 2.00734E-1 2.08271E-1 2.10276E-1 2.22541E-1 2.226E-1 2.04122E-1 1.91882E-1 1.90452E-1 1.92309E-1 2.03289E-1 2.1462E-1 1.99544E-1 1.73008E-1 1.65963E-1
8.43184E-1 8.6792E-1 8.74779E-1 8.99877E-1 8.72461E-1 8.57463E-1 7.89703E-1 7.21964E-1 6.31561E-1 5.54816E-1 4.69614E-1 4.57912E-1 4.55005E-1 4.14376E-1 3.41885E-1 3.17934E-1 2.91294E-1 2.64801E-1 2.57265E-1 2.47661E-1 2.3979E-1 2.25702E-1 2.0299E-1 1.93251E-1 1.89883E-1 1.83597E-1 1.80305E-1 1.7855E-1 1.65968E-1 1.58202E-1 1.58474E-1 1.58935E-1 1.54447E-1 1.45722E-1 1.45972E-1 1.53327E-1 1.603E-1 1.5919E-1 1.6019E-1 1.6468E-1 1.66808E-1 1.75378E-1 1.91818E-1 1.99376E-1 1.99638E-1 2.05988E-1 1.95472E-1 2.03729E-1 2.03459E-1 2.08435E-1 2.14606E-1 2.34384E-1 2.34237E-1 2.11614E-1 2.03663E-1 1.90603E-1 1.80262E-1 1.76851E-1 1.89065E-1 2.07298E-1 1.98458E-1
8.69671E-1 8.93677E-1 8.94837E-1 8.7969E-1 8.83808E-1 8.43095E-1 8.08985E-1 7.65452E-1 7.79378E-1 6.98173E-1 5.33407E-1 4.85621E-1 4.85937E-1 4.64553E-1 4.15138E-1 3.44789E-1 3.02933E-1 3.13356E-1 2.38634E-1 2.40695E-1 2.16361E-1 2.14105E-1 2.09084E-1 1.95595E-1 1.91708E-1 1.86177E-1 1.78322E-1 1.7352E-1 1.6717E-1 1.57093E-1 1.5629E-1 1.56176E-1 1.55762E-1 1.55892E-1 1.46482E-1 1.45588E-1 1.54513E-1 1.53617E-1 1.61662E-1 1.54753E-1 1.52808E-1 1.65332E-1 1.67939E-1 1.86996E-1 2.05712E-1 2.0701E-1 2.08756E-1 2.07149E-1 1.99123E-1 1.98576E-1 2.03246E-1 2.11171E-1 2.27817E-1 2.2354E-1 1.99952E-1 2.01173E-1 1.83307E-1 1.71516E-1 1.8243E-1 1.81532E-1 1.95269E-1
-9999 9.13242E-1 8.94278E-1 9.04045E-1 9.0124E-1 8.85312E-1 8.52461E-1 8.34895E-1 8.40103E-1 7.94617E-1 6.79512E-1 6.47652E-1 5.234E-1 4.65409E-1 3.87212E-1 3.48851E-1 3.04085E-1 3.70739E-1 2.62373E-1 2.91285E-1 2.25095E-1 2.25013E-1 2.20715E-1 2.01919E-1 1.90081E-1 1.84225E-1 1.74985E-1 1.68169E-1 1.61982E-1 1.56625E-1 1.53125E-1 1.51797E-1 1.49589E-1 1.49478E-1 1.49426E-1 1.47913E-1 1.50081E-1 1.51495E-1 1.59162E-1 1.52037E-1 1.49923E-1 1.60968E-1 1.6273E-1 1.74698E-1 1.96868E-1 2.14029E-1 2.13048E-1 2.08279E-1 2.03873E-1 1.97231E-1 1.97778E-1 2.00637E-1 2.23485E-1 2.25074E-1 2.16465E-1 2.04242E-1 1.97275E-1 1.83264E-1 1.67891E-1 1.6153E-1 1.83451E-1
-9999 -9999 -9999 9.16779E-1 8.82219E-1 8.9307E-1 8.82835E-1 8.74965E-1 8.61948E-1 8.90382E-1 8.57505E-1 7.67284E-1 6.56993E-1 4.93912E-1 4.06927E-1 3.80116E-1 3.43484E-1 3.61869E-1 3.83717E-1 2.85883E-1 2.53704E-1 2.39828E-1 2.31953E-1 2.04533E-1 1.86379E-1 1.73436E-1 1.75255E-1 1.6427E-1 1.54929E-1 1.54028E-1 1.48467E-1 1.40693E-1 1.37171E-1 1.40324E-1 1.46778E-1 1.42284E-1 1.43868E-1 1.47725E-1 1.52968E-1 1.49207E-1 1.42411E-1 1.51963E-1 1.55154E-1 1.61175E-1 1.92949E-1 2.08814E-1 1.97671E-1 2.09559E-1 1.99443E-1 2.03317E-1 1.96811E-1 2.11712E-1 2.15881E-1 2.20996E-1 2.23401E-1 2.26961E-1 2.01187E-1 2.00754E-1 1.74667E-1 1.71319E-1 1.74027E-1
-9999 -9999 -9999 9.31049E-1 8.91452E-1 8.79659E-1 8.84723E-1 9.23704E-1 9.06021E-1 9.02876E-1 8.89689E-1 8.4935E-1 7.77844E-1 6.2347E-1 5.5102E-1 4.58506E-1 4.84424E-1 4.2767E-1 3.18799E-1 2.72776E-1 2.53064E-1 2.2653E-1 2.08651E-1 1.85046E-1 1.69863E-1 1.65455E-1 1.67668E-1 1.57942E-1 1.55129E-1 1.52719E-1 1.48525E-1 1.4529E-1 1.44696E-1 1.38345E-1 1.40173E-1 1.35458E-1 1.38739E-1 1.42476E-1 1.34945E-1 1.36438E-1 1.35757E-1 1.42312E-1 1.42987E-1 1.55829E-1 1.86789E-1 2.03187E-1 1.84257E-1 1.98634E-1 2.10132E-1 2.08872E-1 2.19804E-1 2.19454E-1 2.24894E-1 2.42004E-1 2.42496E-1 2.2663E-1 2.27769E-1 2.2495E-1 2.09938E-1 1.79286E-1 1.67537E-1
-9999 -9999 -9999 -9999 -9999 9.1246E-1 8.90739E-1 8.91958E-1 8.87559E-1 8.97036E-1 8.89944E-1 8.62588E-1 8.24496E-1 7.41463E-1 6.32674E-1 5.9151E-1 5.74834E-1 4.22162E-1 3.8072E-1 3.75991E-1 3.25432E-1 2.72271E-1 2.31964E-1 2.15992E-1 1.96813E-1 1.88758E-1 1.75615E-1 1.61982E-1 1.5202E-1 1.48072E-1 1.4805E-1 1.49153E-1 1.45676E-1 1.32623E-1 1.34997E-1 1.25703E-1 1.2854E-1 1.33878E-1 1.31563E-1 1.34618E-1 1.36238E-1 1.39637E-1 1.41068E-1 1.46324E-1 1.62321E-1 1.87756E-1 1.91957E-1 1.8638E-1 1.95961E-1 2.07412E-1 2.12547E-1 2.21961E-1 2.25875E-1 2.30245E-1 2.3994E-1 2.28976E-1 2.04878E-1 2.06118E-1 2.175E-1 2.04955E-1 2.02877E-1
-9999 -9999 -9999 -9999 -9999 -9999 -9999 8.55963E-1 8.54617E-1 8.67541E-1 8.6283E-1 8.642E-1 8.40762E-1 7.9749E-1 7.09914E-1 6.17751E-1 5.34027E-1 4.33087E-1 4.51075E-1 2.96249E-1 2.65069E-1 2.42149E-1 1.94693E-1 1.99731E-1 1.83711E-1 1.91479E-1 1.66845E-1 1.68096E-1 1.63219E-1 1.509E-1 1.54157E-1 1.57054E-1 1.54574E-1 1.43552E-1 1.3233E-1 1.31681E-1 1.29453E-1 1.28361E-1 1.36847E-1 1.28732E-1 1.31569E-1 1.40661E-1 1.35268E-1 1.39947E-1 1.49445E-1 1.69291E-1 1.98932E-1 1.92035E-1 1.85904E-1 1.86637E-1 1.92601E-1 2.03363E-1 2.09588E-1 2.17542E-1 2.25187E-1 2.28743E-1 2.11007E-1 2.08012E-1 2.35095E-1 2.08299E-1 2.03184E-1
-9999 -9999 -9999 -9999 -9999 -9999 -9999 -9999 8.81858E-1 8.56299E-1 8.4384E-1 8.34833E-1 8.50046E-1 7.91296E-1 7.39249E-1 6.15957E-1 5.30667E-1 4.04463E-1 3.27023E-1 3.89253E-1 3.65753E-1 2.49649E-1 1.86976E-1 1.80162E-1 1.88768E-1 1.79962E-1 1.67214E-1 1.67557E-1 1.67559E-1 1.63808E-1 1.59481E-1 1.60091E-1 1.59239E-1 1.50508E-1 1.44101E-1 1.47114E-1 1.38581E-1 1.36482E-1 1.40993E-1 1.38315E-1 1.45127E-1 1.45798E-1 1.42298E-1 1.41853E-1 1.61044E-1 1.63426E-1 1.97782E-1 1.95546E-1 1.94344E-1 1.86314E-1 1.7921E-1 1.92724E-1 2.00471E-1 2.09037E-1 2.09783E-1 2.22899E-1 2.17735E-1 2.12615E-1 2.23353E-1 2.28791E-1 2.10247E-1
-9999 -9999 -9999 -9999 -9999 -9999 -9999 -9999 -9999 8.58113E-1 8.42303E-1 8.17247E-1 8.46915E-1 8.00239E-1 6.93502E-1 5.84979E-1 5.69562E-1 4.13667E-1 3.25097E-1 3.79329E-1 3.23414E-1 2.59061E-1 2.39462E-1 1.89707E-1 1.71185E-1 1.87149E-1 1.65933E-1 1.60854E-1 1.69187E-1 1.66119E-1 1.67424E-1 1.6848E-1 1.62789E-1 1.64605E-1 1.64008E-1 1.58598E-1 1.48242E-1 1.5025E-1 1.40166E-1 1.39991E-1 1.47224E-1 1.53489E-1 1.57275E-1 1.54213E-1 1.66929E-1 1.6938E-1 1.8297E-1 1.72887E-1 1.83946E-1 1.87925E-1 1.86645E-1 1.88948E-1 1.96291E-1 2.04967E-1 2.1491E-1 2.24959E-1 2.29407E-1 2.31413E-1 2.30764E-1 2.43873E-1 2.09036E-1
-9999 -9999 -9999 -9999 -9999 -9999 -9999 -9999 -9999 -9999 8.48818E-1 8.22411E-1 8.12042E-1 7.7619E-1 7.14322E-1 7.04473E-1 6.04123E-1 5.19176E-1 4.11601E-1 3.77599E-1 3.98366E-1 2.8306E-1 2.35175E-1 2.12085E-1 1.74877E-1 1.83241E-1 2.02732E-1 1.79098E-1 1.61778E-1 1.53336E-1 1.6404E-1 1.75591E-1 1.68031E-1 1.81067E-1 1.76505E-1 1.71824E-1 1.65829E-1 1.61662E-1 1.59558E-1 1.5597E-1 1.49812E-1 1.4674E-1 1.45862E-1 1.55114E-1 1.67844E-1 1.97164E-1 1.78461E-1 1.69881E-1 1.68769E-1 1.75659E-1 1.86227E-1 1.87711E-1 1.90949E-1 1.93588E-1 2.04512E-1 2.06797E-1 2.10518E-1 2.08691E-1 2.04789E-1 2.25761E-1 2.08405E-1
-9999 -9999 -9999 -9999 -9999 -9999 -9999 -9999 -9999 -9999 -9999 7.75274E-1 7.60091E-1 8.02562E-1 7.70151E-1 6.70654E-1 5.68283E-1 4.93541E-1 4.27489E-1 3.97135E-1 3.50951E-1 2.81382E-1 2.45158E-1 1.93898E-1 1.77991E-1 1.86327E-1 2.25124E-1 1.80838E-1 1.58001E-1 1.64015E-1 1.67917E-1 1.5766E-1 1.53783E-1 1.92615E-1 1.78967E-1 1.77686E-1 1.74501E-1 1.76137E-1 1.69648E-1 1.66464E-1 1.64647E-1 1.59628E-1 1.61029E-1 1.5954E-1 1.65618E-1 1.89736E-1 1.92051E-1 1.72618E-1 1.63007E-1 1.61805E-1 1.72605E-1 1.78134E-1 1.79884E-1 1.84623E-1 1.87215E-1 1.95105E-1 2.02318E-1 2.039E-1 2.15474E-1 2.36538E-1 2.23665E-1
-9999 -9999 -9999 -9999 -9999 -9999 -9999 -9999 -9999 -9999 -9999 7.84362E-1 7.78615E-1 7.92224E-1 7.46985E-1 6.92314E-1 6.33144E-1 5.70529E-1 4.36308E-1 3.5124E-1 3.22247E-1 2.91291E-1 2.43131E-1 1.98095E-1 2.05585E-1 2.40021E-1 2.18324E-1 1.67299E-1 1.56354E-1 1.66645E-1 1.85606E-1 1.7514E-1 1.74112E-1 1.82831E-1 1.71246E-1 1.94723E-1 1.6531E-1 1.6822E-1 1.7662E-1 1.71592E-1 1.70929E-1 1.70422E-1 1.67753E-1 1.63706E-1 1.74567E-1 1.86094E-1 2.13722E-1 1.79662E-1 1.6838E-1 1.58776E-1 1.6294E-1 1.64446E-1 1.70164E-1 1.80965E-1 1.83075E-1 1.86395E-1 1.91936E-1 1.96611E-1 2.23483E-1 2.18834E-1 2.06003E-1
-9999 -9999 -9999 -9999 -9999 -9999 -9999 -9999 -9999 -9999 -9999 -9999 -9999 7.71238E-1 7.4365E-1 7.24504E-1 6.62515E-1 5.89305E-1 4.65365E-1 4.12232E-1 4.33021E-1 3.41391E-1 3.20382E-1 2.8012E-1 2.30021E-1 2.75262E-1 2.93266E-1 1.93706E-1 1.70201E-1 2.1083E-1 2.36863E-1 1.78545E-1 1.58168E-1 1.57099E-1 1.55324E-1 2.16115E-1 1.75568E-1 1.64081E-1 1.76061E-1 1.55838E-1 1.5184E-1 1.59642E-1 1.68583E-1 1.71352E-1 1.74713E-1 1.806E-1 2.04811E-1 2.04041E-1 1.82882E-1 1.74373E-1 1.65282E-1 1.68072E-1 1.72619E-1 1.79637E-1 1.8213E-1 1.81871E-1 1.89418E-1 1.91881E-1 2.08702E-1 2.30028E-1 2.2793E-1
-9999 -9999 -9999 -9999 -9999 -9999 -9999 -9999 -9999 -9999 -9999 -9999 -9999 7.68431E-1 7.36853E-1 7.12987E-1 6.66168E-1 6.32725E-1 5.96579E-1 5.65898E-1 4.76098E-1 4.16617E-1 3.65768E-1 3.82081E-1 2.72283E-1 2.85012E-1 4.06416E-1 2.19589E-1 1.75035E-1 2.54879E-1 2.89108E-1 1.91923E-1 1.51545E-1 1.66151E-1 1.68702E-1 1.80174E-1 1.65865E-1 1.54152E-1 1.61407E-1 1.55152E-1 1.51442E-1 1.52015E-1 1.67074E-1 1.75747E-1 1.68032E-1 1.7625E-1 1.88579E-1 2.18957E-1 2.09789E-1 1.91592E-1 1.88395E-1 1.86548E-1 1.80327E-1 1.79673E-1 1.81489E-1 1.80427E-1 1.86041E-1 1.89778E-1 2.09574E-1 2.23153E-1 2.18498E-1
-9999 -9999 -9999 -9999 -9999 8.18288E-1 -9999 -9999 -9999 -9999 8.3868E-1 7.9788E-1 7.88902E-1 7.69436E-1 7.63826E-1 7.14874E-1 6.9151E-1 6.70994E-1 6.64074E-1 6.23648E-1 5.79977E-1 5.12355E-1 4.88237E-1 4.01663E-1 3.69858E-1 3.36567E-1 3.91597E-1 3.10732E-1 2.23793E-1 2.2025E-1 3.44344E-1 3.05597E-1 2.25017E-1 2.25789E-1 1.74551E-1 1.767E-1 1.66187E-1 1.55821E-1 1.5852E-1 1.64722E-1 1.62535E-1 1.62879E-1 1.90473E-1 1.96434E-1 1.87735E-1 1.82605E-1 1.99193E-1 2.03955E-1 2.20689E-1 1.99308E-1 1.9792E-1 2.03207E-1 1.91808E-1 1.8828E-1 1.97364E-1 1.88562E-1 1.8717E-1 1.91802E-1 2.29423E-1 2.05027E-1 2.07262E-1
-9999 -9999 -9999 -9999 -9999 -9999 8.60085E-1 8.27162E-1 8.52508E-1 8.58176E-1 8.36361E-1 7.89242E-1 7.61482E-1 7.25175E-1 6.94279E-1 6.91686E-1 6.81167E-1 7.06952E-1 6.87241E-1 6.61856E-1 6.52384E-1 5.87982E-1 5.38536E-1 4.78573E-1 4.36438E-1 4.38541E-1 3.8337E-1 3.87219E-1 3.12611E-1 2.56337E-1 3.64878E-1 2.74557E-1 2.16541E-1 1.9055E-1 2.1639E-1 1.87299E-1 1.91637E-1 1.70403E-1 1.86199E-1 1.73666E-1 1.69784E-1 1.65425E-1 1.79523E-1 1.71555E-1 1.6627E-1 1.92986E-1 2.29956E-1 2.32116E-1 2.54077E-1 2.03728E-1 1.93221E-1 2.01686E-1 2.43689E-1 2.14349E-1 2.25308E-1 2.35657E-1 2.3359E-1 2.38495E-1 2.28999E-1 2.09891E-1 2.13723E-1
-9999 -9999 -9999 -9999 -9999 -9999 -9999 -9999 -9999 -9999 8.40854E-1 8.02334E-1 7.80896E-1 7.42613E-1 7.13348E-1 6.8166E-1 6.54841E-1 6.56182E-1 6.53338E-1 6.36632E-1 6.7239E-1 6.27662E-1 6.0914E-1 5.48207E-1 5.58521E-1 5.41336E-1 5.33098E-1 4.37829E-1 3.92233E-1 3.48816E-1 3.98598E-1 3.18622E-1 2.54958E-1 2.79352E-1 3.10969E-1 3.00943E-1 2.10731E-1 1.78667E-1 1.90323E-1 2.13236E-1 2.0789E-1 2.07502E-1 1.79413E-1 1.87135E-1 1.96982E-1 2.30707E-1 1.746E-1 2.05359E-1 2.08098E-1 2.24525E-1 2.00734E-1 2.19261E-1 2.35617E-1 1.96385E-1 1.92064E-1 1.91348E-1 1.9455E-1 1.96982E-1 2.01718E-1 2.15154E-1 2.26034E-1
-9999 -9999 -9999 -9999 -9999 -9999 -9999 -9999 -9999 -9999 -9999 8.21577E-1 8.08074E-1 7.58497E-1 7.10555E-1 6.90443E-1 6.10098E-1 5.79301E-1 5.98296E-1 5.14941E-1 5.18675E-1 4.84678E-1 5.30429E-1 5.0531E-1 5.56658E-1 5.52482E-1 5.88971E-1 5.95647E-1 5.18763E-1 5.01365E-1 3.86303E-1 3.63667E-1 3.30349E-1 3.66855E-1 2.89628E-1 2.68023E-1 1.9953E-1 2.04228E-1 2.36975E-1 1.78488E-1 1.8334E-1 2.04383E-1 2.44706E-1 2.44188E-1 2.16058E-1 1.85082E-1 1.76494E-1 1.7679E-1 1.85935E-1 2.32059E-1 2.18232E-1 2.35437E-1 2.40353E-1 2.00305E-1 1.95081E-1 1.93461E-1 1.91246E-1 1.98184E-1 1.93446E-1 1.93943E-1 2.00177E-1
-9999 -9999 -9999 -9999 -9999 -9999 -9999 -9999 -9999 -9999 -9999 -9999 8.36471E-1 7.93373E-1 7.32834E-1 6.96802E-1 6.4915E-1 6.13195E-1 5.96762E-1 5.43993E-1 5.15328E-1 4.70326E-1 4.35214E-1 4.41199E-1 5.04638E-1 4.93973E-1 5.35532E-1 5.365E-1 5.80867E-1 5.75661E-1 5.33847E-1 5.17902E-1 4.11674E-1 3.95815E-1 3.19066E-1 3.19264E-1 3.2533E-1 2.84368E-1 2.79577E-1 2.3503E-1 2.07527E-1 2.30576E-1 2.61158E-1 2.23054E-1 2.61606E-1 2.31695E-1 1.77197E-1 1.98963E-1 1.94561E-1 2.04481E-1 2.84909E-1 2.50063E-1 2.26522E-1 2.37046E-1 2.12937E-1 2.04035E-1 2.02285E-1 2.17416E-1 1.95288E-1 1.94387E-1 2.00459E-1
-9999 -9999 -9999 -9999 -9999 -9999 -9999 -9999 -9999 -9999 -9999 -9999 8.31722E-1 8.07822E-1 7.931E-1 7.42493E-1 7.37863E-1 6.84832E-1 6.17166E-1 5.46512E-1 5.23396E-1 4.98142E-1 4.20724E-1 4.17615E-1 4.02852E-1 4.40794E-1 4.96232E-1 5.34145E-1 5.71415E-1 6.18461E-1 5.93822E-1 5.94096E-1 4.85648E-1 5.00749E-1 4.0055E-1 3.4896E-1 3.89162E-1 4.18927E-1 2.70896E-1 2.89318E-1 2.50499E-1 2.97677E-1 2.43098E-1 1.97232E-1 2.73227E-1 2.46983E-1 1.92223E-1 1.97982E-1 1.88096E-1 2.1142E-1 2.74259E-1 2.20179E-1 2.04742E-1 2.35146E-1 2.32036E-1 2.29E-1 2.09249E-1 1.97002E-1 1.98304E-1 1.99676E-1 1.94612E-1
-9999 -9999 -9999 -9999 -9999 -9999 -9999 -9999 -9999 -9999 -9999 -9999 -9999 -9999 -9999 8.34229E-1 7.80234E-1 7.181E-1 6.99503E-1 6.42303E-1 5.75182E-1 5.03829E-1 4.87499E-1 4.50226E-1 3.96601E-1 3.98913E-1 4.46687E-1 4.59324E-1 5.3571E-1 5.63262E-1 6.25005E-1 5.94325E-1 5.48935E-1 4.98639E-1 4.79869E-1 4.532E-1 4.47845E-1 3.52396E-1 2.85779E-1 2.95292E-1 4.01365E-1 3.05936E-1 2.23616E-1 2.20632E-1 2.35986E-1 3.12564E-1 2.43395E-1 2.24696E-1 2.47524E-1 2.36333E-1 2.39142E-1 2.90677E-1 2.17708E-1 2.27213E-1 2.2834E-1 2.13463E-1 2.04645E-1 1.99069E-1 1.94691E-1 1.90252E-1 1.97934E-1
-9999 -9999 -9999 -9999 -9999 -9999 -9999 -9999 -9999 -9999 -9999 -9999 -9999 -9999 -9999 -9999 -9999 8.10774E-1 7.69666E-1 7.12132E-1 6.8232E-1 6.37358E-1 5.33526E-1 5.17516E-1 4.2209E-1 3.7747E-1 3.91904E-1 3.60587E-1 4.17579E-1 5.23477E-1 5.44482E-1 -9999 5.62093E-1 5.50509E-1 5.51217E-1 5.91922E-1 5.17584E-1 4.09358E-1 3.87013E-1 3.70948E-1 3.76291E-1 4.39412E-1 2.85401E-1 3.22583E-1 2.49256E-1 2.71747E-1 3.40849E-1 3.5687E-1 2.87423E-1 2.6221E-1 2.52737E-1 3.19311E-1 2.46327E-1 2.16281E-1 2.14529E-1 2.16013E-1 2.11001E-1 2.00034E-1 1.96373E-1 2.00163E-1 2.08033E-1
-9999 -9999 -9999 -9999 -9999 -9999 -9999 -9999 -9999 -9999 -9999 -9999 -9999 -9999 -9999 -9999 -9999 -9999 8.36763E-1 7.83215E-1 8.04257E-1 6.88083E-1 6.19214E-1 5.51814E-1 4.72794E-1 4.01431E-1 4.05367E-1 3.56862E-1 4.25017E-1 4.53213E-1 5.01947E-1 5.4116E-1 5.7376E-1 5.3898E-1 5.25532E-1 6.01142E-1 5.02245E-1 4.87566E-1 4.05643E-1 4.44737E-1 4.64067E-1 3.64034E-1 3.7953E-1 3.41128E-1 3.96933E-1 3.14764E-1 3.13424E-1 3.03304E-1 4.78541E-1 3.9842E-1 2.74878E-1 3.49986E-1 2.57492E-1 2.26153E-1 2.16214E-1 2.23735E-1 2.14228E-1 2.05995E-1 1.99411E-1 1.95632E-1 2.00834E-1
