maxent_outputs/white_flowers_linear/white_197.asc
ncols         426
nrows         180
xllcorner     -130.0
yllcorner     24.0
cellsize      0.16666666666666666
NODATA_value  -9999
[rows 0 to 26 of 180, columns 122 to 182 of 426]
4.06971E-1 4.01874E-1 3.99494E-1 3.73881E-1 3.6629E-1 3.90901E-1 4.11912E-1 4.12565E-1 3.97409E-1 3.88997E-1 3.79531E-1 3.78104E-1 3.7986E-1 3.7971E-1 3.75391E-1 3.69653E-1 3.7905E-1 3.81939E-1 3.93057E-1 3.9996E-1 3.98303E-1 3.86868E-1 3.76344E-1 3.74393E-1 3.63526E-1 3.64059E-1 3.6506E-1 3.63284E-1 3.62426E-1 3.57801E-1 3.55281E-1 3.53777E-1 3.51271E-1 3.46168E-1 3.4444E-1 3.43938E-1 3.4282E-1 3.43592E-1 3.45008E-1 3.44286E-1 3.47219E-1 3.47224E-1 3.4549E-1 3.45961E-1 3.4547E-1 3.4653E-1 3.44671E-1 3.45606E-1 3.47973E-1 3.47887E-1 3.43957E-1 3.45767E-1 3.45464E-1 3.40265E-1 3.45908E-1 3.57609E-1 3.65455E-1 3.54438E-1 3.60707E-1 3.6793E-1 3.48862E-1
3.89733E-1 3.85693E-1 3.82987E-1 3.75334E-1 3.77093E-1 3.85644E-1 3.89215E-1 3.91667E-1 4.12201E-1 4.11822E-1 3.90528E-1 3.81957E-1 3.7472E-1 3.85916E-1 3.87272E-1 3.71464E-1 3.65695E-1 3.65668E-1 3.81455E-1 3.88984E-1 3.89618E-1 3.79363E-1 3.76315E-1 3.68067E-1 3.65688E-1 3.7015E-1 3.69339E-1 3.60297E-1 3.60898E-1 3.60485E-1 3.60456E-1 3.60531E-1 3.60054E-1 3.63624E-1 3.52494E-1 3.44229E-1 3.45207E-1 3.48008E-1 3.47886E-1 3.50193E-1 3.51236E-1 3.49045E-1 3.45755E-1 3.42327E-1 3.45269E-1 3.49337E-1 3.48193E-1 3.47869E-1 3.39794E-1 3.24108E-1 3.3175E-1 3.4851E-1 3.52861E-1 3.50613E-1 3.51289E-1 3.52572E-1 3.69744E-1 3.64653E-1 3.50364E-1 3.49736E-1 3.43249E-1
3.62276E-1 3.61779E-1 3.59518E-1 3.63412E-1 3.78976E-1 3.81967E-1 3.93968E-1 3.97015E-1 4.03439E-1 4.10443E-1 4.03961E-1 3.81269E-1 3.70195E-1 3.75977E-1 3.84692E-1 3.71941E-1 3.62561E-1 3.6054E-1 3.6167E-1 3.70744E-1 3.72226E-1 3.73116E-1 3.70501E-1 3.66816E-1 3.52568E-1 3.62599E-1 3.62257E-1 3.66024E-1 3.63144E-1 3.60875E-1 3.53988E-1 3.52253E-1 3.49389E-1 3.44837E-1 3.44176E-1 3.53401E-1 3.55681E-1 3.56898E-1 3.47951E-1 3.50068E-1 3.50706E-1 3.54461E-1 3.46433E-1 3.52755E-1 3.6892E-1 3.66545E-1 3.54911E-1 3.47544E-1 3.46806E-1 3.44617E-1 3.47332E-1 3.51426E-1 3.52702E-1 3.533E-1 3.55685E-1 3.55445E-1 3.61892E-1 3.57676E-1 3.53468E-1 3.44358E-1 3.42168E-1
3.72086E-1 3.6704E-1 3.56047E-1 3.59772E-1 3.5801E-1 3.70725E-1 3.76485E-1 3.77992E-1 3.87682E-1 3.90788E-1 4.00698E-1 3.87632E-1 3.83499E-1 3.74767E-1 3.81792E-1 3.69372E-1 3.60665E-1 3.56648E-1 3.55578E-1 3.54098E-1 3.56226E-1 3.53959E-1 3.48293E-1 3.46658E-1 3.43887E-1 3.41369E-1 3.4192E-1 3.49655E-1 3.52954E-1 3.59496E-1 3.5491E-1 3.52966E-1 3.57298E-1 3.454E-1 3.48119E-1 3.50284E-1 3.39626E-1 3.49497E-1 3.51208E-1 3.53952E-1 3.53538E-1 3.56728E-1 3.65627E-1 3.91681E-1 4.03206E-1 3.72979E-1 3.51343E-1 3.44561E-1 3.44837E-1 3.47949E-1 3.48705E-1 3.45773E-1 3.56096E-1 3.67428E-1 3.70021E-1 3.73768E-1 3.75291E-1 3.75306E-1 3.55411E-1 3.46862E-1 3.45705E-1
3.7974E-1 3.78291E-1 3.60044E-1 3.54173E-1 3.52171E-1 3.53514E-1 3.57381E-1 3.73562E-1 3.90361E-1 3.84884E-1 3.86071E-1 3.92389E-1 3.91664E-1 3.90423E-1 3.89617E-1 3.82837E-1 3.74733E-1 3.57057E-1 3.538E-1 3.54625E-1 3.56516E-1 3.50443E-1 3.48418E-1 3.48129E-1 3.44771E-1 3.42061E-1 3.47341E-1 3.53733E-1 3.59165E-1 3.63466E-1 3.61586E-1 3.611E-1 3.63089E-1 3.47831E-1 3.34444E-1 3.39139E-1 3.46045E-1 3.52579E-1 3.56702E-1 3.638E-1 3.645E-1 3.73859E-1 3.71818E-1 3.86626E-1 3.93431E-1 3.66791E-1 3.48216E-1 3.45654E-1 3.47419E-1 3.49215E-1 3.49456E-1 3.54041E-1 3.49572E-1 3.49449E-1 3.599E-1 3.68299E-1 3.84531E-1 3.81435E-1 3.69138E-1 3.60219E-1 3.59035E-1
3.82421E-1 3.88189E-1 3.74894E-1 3.67532E-1 3.60686E-1 3.54946E-1 3.47951E-1 3.72861E-1 3.73196E-1 3.71923E-1 3.7372E-1 3.80657E-1 3.88457E-1 3.99322E-1 4.08873E-1 4.0262E-1 3.74448E-1 3.58739E-1 3.59256E-1 3.57646E-1 3.63191E-1 3.62352E-1 3.53001E-1 3.47331E-1 3.46723E-1 3.45024E-1 3.46709E-1 3.47663E-1 3.48339E-1 3.49911E-1 3.54804E-1 3.51151E-1 3.54536E-1 3.4883E-1 3.38494E-1 3.40135E-1 3.41573E-1 3.59296E-1 3.75601E-1 3.81758E-1 3.78422E-1 3.72122E-1 3.78282E-1 3.84099E-1 3.77009E-1 3.62967E-1 3.50237E-1 3.50458E-1 3.60115E-1 3.62898E-1 3.6192E-1 3.77805E-1 3.78557E-1 3.75073E-1 3.78585E-1 3.76032E-1 3.75865E-1 3.71793E-1 3.66698E-1 3.50197E-1 3.53358E-1
4.09727E-1 3.9388E-1 3.93534E-1 3.85794E-1 3.69814E-1 3.59691E-1 3.5296E-1 3.46055E-1 3.42068E-1 3.5085E-1 3.5298E-1 3.57719E-1 3.72468E-1 3.81474E-1 3.87946E-1 3.90506E-1 3.65637E-1 3.59366E-1 3.61808E-1 3.61772E-1 3.66595E-1 3.67784E-1 3.5914E-1 3.54524E-1 3.57379E-1 3.60583E-1 3.64212E-1 3.57157E-1 3.48258E-1 3.43869E-1 3.45962E-1 3.52972E-1 3.57259E-1 3.5772E-1 3.52006E-1 3.54648E-1 3.60134E-1 3.62452E-1 3.6363E-1 3.63934E-1 3.64441E-1 3.68429E-1 3.70197E-1 3.64014E-1 3.63486E-1 3.55E-1 3.57239E-1 3.62728E-1 3.75878E-1 3.83856E-1 3.8144E-1 3.75219E-1 3.96266E-1 3.97048E-1 3.72819E-1 3.85036E-1 3.89057E-1 3.91824E-1 3.78231E-1 3.66436E-1 3.54775E-1
3.95346E-1 4.01801E-1 3.98359E-1 3.82961E-1 3.80605E-1 3.77286E-1 3.78646E-1 3.57118E-1 3.53135E-1 3.53911E-1 3.53084E-1 3.53649E-1 3.54279E-1 3.59737E-1 3.66219E-1 3.61007E-1 3.57814E-1 3.56516E-1 3.62177E-1 3.61701E-1 3.61207E-1 3.58504E-1 3.6104E-1 3.61982E-1 3.64767E-1 3.67215E-1 3.68686E-1 3.68757E-1 3.63039E-1 3.57688E-1 3.59163E-1 3.68641E-1 3.73253E-1 3.7161E-1 3.71181E-1 3.67596E-1 3.63089E-1 3.63081E-1 3.55088E-1 3.47925E-1 3.48024E-1 3.6031E-1 3.64469E-1 3.60214E-1 3.61611E-1 3.75032E-1 3.80118E-1 3.84786E-1 3.97014E-1 4.10912E-1 4.0233E-1 3.75934E-1 3.81447E-1 3.87208E-1 3.68513E-1 3.786E-1 3.72754E-1 3.79516E-1 3.87072E-1 3.76699E-1 3.64537E-1
4.00348E-1 3.80332E-1 3.80311E-1 3.80586E-1 3.85188E-1 3.77603E-1 3.79101E-1 3.89122E-1 3.99474E-1 3.93287E-1 3.69557E-1 3.65905E-1 3.55686E-1 3.50818E-1 3.48282E-1 3.55485E-1 3.5496E-1 3.60378E-1 3.63369E-1 3.64502E-1 3.62235E-1 3.60554E-1 3.6379E-1 3.70049E-1 3.7011E-1 3.68882E-1 3.73187E-1 3.73649E-1 3.73374E-1 3.73867E-1 3.77271E-1 3.77824E-1 3.8066E-1 3.80774E-1 3.77741E-1 3.75556E-1 3.71232E-1 3.73027E-1 3.65689E-1 3.69788E-1 3.70102E-1 3.70834E-1 3.74014E-1 3.76587E-1 3.81106E-1 3.94937E-1 4.02414E-1 4.02519E-1 4.06986E-1 4.11776E-1 4.19565E-1 3.89007E-1 3.69675E-1 3.91559E-1 3.71342E-1 3.72349E-1 3.66478E-1 3.64996E-1 3.83158E-1 3.82538E-1 3.63254E-1
4.09093E-1 3.98111E-1 3.88272E-1 3.70789E-1 3.74408E-1 3.76751E-1 3.77585E-1 3.83177E-1 3.87105E-1 3.94804E-1 4.07873E-1 3.92518E-1 3.65911E-1 3.51228E-1 3.45389E-1 3.51673E-1 3.55948E-1 3.5703E-1 3.58876E-1 3.58478E-1 3.59867E-1 3.65658E-1 3.68498E-1 3.72261E-1 3.72494E-1 3.68712E-1 3.71314E-1 3.72081E-1 3.77623E-1 3.729E-1 3.74179E-1 3.74002E-1 3.81278E-1 3.77268E-1 3.77715E-1 3.74644E-1 3.73576E-1 3.74332E-1 3.77897E-1 3.86153E-1 3.88785E-1 3.89528E-1 3.91562E-1 3.91545E-1 3.88168E-1 3.86655E-1 3.86698E-1 3.86801E-1 3.97E-1 4.09725E-1 4.11778E-1 3.75498E-1 3.60064E-1 3.85325E-1 3.84766E-1 3.77957E-1 3.70415E-1 3.69242E-1 3.71997E-1 3.7468E-1 3.62182E-1
4.06278E-1 4.00512E-1 3.91142E-1 3.73566E-1 3.75545E-1 3.75969E-1 3.76822E-1 3.75424E-1 3.73956E-1 3.79083E-1 3.9044E-1 4.07126E-1 3.72405E-1 3.58061E-1 3.52821E-1 3.50599E-1 3.5291E-1 3.54781E-1 3.55066E-1 3.63149E-1 3.6496E-1 3.72044E-1 3.73978E-1 3.74693E-1 3.70485E-1 3.67902E-1 3.68978E-1 3.71541E-1 3.73727E-1 3.76813E-1 3.7264E-1 3.69251E-1 3.71815E-1 3.74919E-1 3.7606E-1 3.75962E-1 3.69613E-1 3.74278E-1 3.8642E-1 3.91137E-1 3.91637E-1 3.85759E-1 3.83577E-1 3.93487E-1 3.9074E-1 3.86528E-1 3.90802E-1 3.95402E-1 3.83135E-1 3.78095E-1 3.6544E-1 3.53658E-1 3.56166E-1 3.78962E-1 3.76987E-1 3.68387E-1 3.64217E-1 3.8116E-1 3.74031E-1 3.6461E-1 3.59281E-1
4.00702E-1 3.94874E-1 3.87559E-1 3.74684E-1 3.74002E-1 3.79714E-1 3.80079E-1 3.77889E-1 3.79381E-1 3.77164E-1 3.82665E-1 3.84781E-1 3.7135E-1 3.61864E-1 3.61416E-1 3.56122E-1 3.55917E-1 3.55611E-1 3.54648E-1 3.61319E-1 3.63661E-1 3.64486E-1 3.65751E-1 3.62939E-1 3.60726E-1 3.60011E-1 3.63108E-1 3.65939E-1 3.66005E-1 3.67853E-1 3.67157E-1 3.66522E-1 3.67046E-1 3.69446E-1 3.7253E-1 3.76203E-1 3.68189E-1 3.71348E-1 3.72972E-1 3.76583E-1 3.80075E-1 3.68547E-1 3.67522E-1 3.68296E-1 3.74152E-1 3.7566E-1 3.83415E-1 3.75136E-1 3.54126E-1 3.3959E-1 3.44734E-1 3.57944E-1 3.86258E-1 3.98421E-1 3.80364E-1 3.69032E-1 3.66182E-1 3.75849E-1 3.71437E-1 3.58353E-1 3.59317E-1
3.83484E-1 3.81132E-1 3.74199E-1 3.71616E-1 3.69835E-1 3.74306E-1 3.75803E-1 3.8378E-1 3.90976E-1 3.961E-1 3.84648E-1 3.74273E-1 3.65344E-1 3.61408E-1 3.61197E-1 3.55414E-1 3.54011E-1 3.5391E-1 3.49145E-1 3.61356E-1 3.65184E-1 3.64166E-1 3.62381E-1 3.62739E-1 3.6062E-1 3.59136E-1 3.57403E-1 3.60193E-1 3.60127E-1 3.62459E-1 3.62969E-1 3.81667E-1 3.76816E-1 3.89486E-1 3.85896E-1 3.72884E-1 3.77287E-1 3.71213E-1 3.62745E-1 3.70058E-1 3.74516E-1 3.72623E-1 3.63108E-1 3.64364E-1 3.67098E-1 3.74392E-1 3.70944E-1 3.66757E-1 3.58438E-1 3.54177E-1 3.7626E-1 4.01991E-1 4.15112E-1 4.13862E-1 3.87963E-1 3.72365E-1 3.5272E-1 3.58302E-1 3.62791E-1 3.54821E-1 3.43487E-1
3.71058E-1 3.69617E-1 3.73616E-1 3.66996E-1 3.68366E-1 3.67977E-1 3.6367E-1 3.59017E-1 3.7039E-1 3.72896E-1 3.66235E-1 3.63471E-1 3.65152E-1 3.63346E-1 3.54302E-1 3.56988E-1 3.50017E-1 3.48606E-1 3.53239E-1 3.77312E-1 3.83186E-1 3.78881E-1 3.72043E-1 3.62831E-1 3.60107E-1 3.57011E-1 3.49024E-1 3.55032E-1 3.58832E-1 3.60776E-1 3.60144E-1 3.75917E-1 3.77035E-1 3.78482E-1 3.80852E-1 3.8284E-1 3.85728E-1 3.83316E-1 3.78297E-1 3.71243E-1 3.64658E-1 3.5576E-1 3.45732E-1 3.55894E-1 3.67905E-1 3.72557E-1 3.65827E-1 3.85521E-1 3.8799E-1 3.95284E-1 4.00944E-1 3.95823E-1 4.02614E-1 4.08632E-1 3.77506E-1 3.54313E-1 3.5133E-1 3.5166E-1 3.53601E-1 3.57669E-1 3.48681E-1
3.70979E-1 3.7136E-1 3.69066E-1 3.73868E-1 3.70003E-1 3.68985E-1 3.8035E-1 3.7878E-1 3.60757E-1 3.52798E-1 3.47187E-1 3.5134E-1 3.55996E-1 3.58285E-1 3.59666E-1 3.5581E-1 3.58497E-1 3.53547E-1 3.58617E-1 3.64358E-1 3.72052E-1 3.78965E-1 3.74279E-1 3.71126E-1 3.64869E-1 3.54744E-1 3.45989E-1 3.4772E-1 3.53506E-1 3.56091E-1 3.61129E-1 3.7113E-1 3.78575E-1 3.79953E-1 3.84661E-1 3.89686E-1 3.89186E-1 3.87933E-1 3.85556E-1 3.79374E-1 3.7537E-1 3.7266E-1 3.68144E-1 3.6112E-1 3.60781E-1 3.56662E-1 3.47655E-1 3.61821E-1 3.874E-1 3.83865E-1 3.88377E-1 3.93934E-1 3.91985E-1 4.04243E-1 3.8554E-1 3.43537E-1 3.52295E-1 3.39204E-1 3.36757E-1 3.50282E-1 3.54018E-1
3.78489E-1 3.79288E-1 3.73272E-1 3.74174E-1 3.8472E-1 3.78761E-1 3.74073E-1 3.65909E-1 3.68757E-1 3.5656E-1 3.42E-1 3.4151E-1 3.45026E-1 3.59732E-1 3.66099E-1 3.62586E-1 3.65749E-1 3.65115E-1 3.70515E-1 3.64011E-1 3.66958E-1 3.70235E-1 3.62494E-1 3.65771E-1 3.702E-1 3.56045E-1 3.46863E-1 3.42459E-1 3.51036E-1 3.54518E-1 3.59319E-1 3.64629E-1 3.7171E-1 3.7813E-1 3.863E-1 3.91435E-1 3.91796E-1 3.91664E-1 3.88699E-1 3.83822E-1 3.78425E-1 3.68697E-1 3.68072E-1 3.67457E-1 3.60883E-1 3.71024E-1 3.55967E-1 3.51133E-1 3.44168E-1 3.47827E-1 3.58226E-1 3.86269E-1 3.97162E-1 4.05093E-1 3.83224E-1 3.3944E-1 3.32068E-1 3.28525E-1 3.48353E-1 3.42722E-1 3.30486E-1
3.77011E-1 3.82788E-1 3.79716E-1 3.70781E-1 3.70508E-1 3.73026E-1 3.63267E-1 3.59725E-1 3.59636E-1 3.57205E-1 3.56876E-1 3.51982E-1 3.61327E-1 3.71145E-1 3.74888E-1 3.74112E-1 3.70818E-1 3.71969E-1 3.70581E-1 3.67413E-1 3.59721E-1 3.70694E-1 3.67164E-1 3.58948E-1 3.62729E-1 3.49123E-1 3.58354E-1 3.52756E-1 3.55168E-1 3.55502E-1 3.57095E-1 3.60032E-1 3.78507E-1 3.78825E-1 3.81309E-1 3.86886E-1 3.90108E-1 3.89971E-1 3.89534E-1 3.84715E-1 3.77697E-1 3.75195E-1 3.67817E-1 3.62781E-1 3.58464E-1 3.61166E-1 3.60738E-1 3.57135E-1 3.48347E-1 3.49839E-1 3.48361E-1 3.6281E-1 3.73316E-1 3.67478E-1 3.52978E-1 3.36737E-1 3.2931E-1 3.36562E-1 3.53267E-1 3.70297E-1 3.46351E-1
3.69222E-1 3.70711E-1 3.68395E-1 3.7263E-1 3.76619E-1 3.68532E-1 3.56301E-1 3.4584E-1 3.66644E-1 3.58889E-1 3.68548E-1 3.77371E-1 3.75569E-1 3.73627E-1 3.73513E-1 3.72104E-1 3.70635E-1 3.7345E-1 3.70015E-1 3.61441E-1 3.60246E-1 3.71496E-1 3.73792E-1 3.58599E-1 3.56694E-1 3.48613E-1 3.56595E-1 3.5598E-1 3.63216E-1 3.6362E-1 3.568E-1 3.56474E-1 3.62797E-1 3.71153E-1 3.72415E-1 3.81048E-1 3.83407E-1 3.88464E-1 3.86111E-1 3.82742E-1 3.75799E-1 3.72756E-1 3.66129E-1 3.645E-1 3.5877E-1 3.59734E-1 3.61693E-1 3.60026E-1 3.55094E-1 3.54067E-1 3.57033E-1 3.67993E-1 3.67528E-1 3.53935E-1 3.5091E-1 3.48219E-1 3.45433E-1 3.43835E-1 3.47567E-1 3.56995E-1 3.52339E-1
3.66467E-1 3.69776E-1 3.71659E-1 3.72576E-1 3.72722E-1 3.67678E-1 3.63919E-1 3.5326E-1 3.66769E-1 3.60417E-1 3.69911E-1 3.84427E-1 3.81614E-1 3.77139E-1 3.79293E-1 3.78325E-1 3.86076E-1 3.76636E-1 3.68121E-1 3.71069E-1 3.64268E-1 3.6005E-1 3.60178E-1 3.65008E-1 3.5974E-1 3.56685E-1 3.56645E-1 3.56158E-1 3.56767E-1 3.58902E-1 3.57233E-1 3.57714E-1 3.54172E-1 3.57207E-1 3.63719E-1 3.70792E-1 3.75612E-1 3.84202E-1 3.78593E-1 3.72481E-1 3.76391E-1 3.73213E-1 3.69575E-1 3.66127E-1 3.64035E-1 3.62011E-1 3.62031E-1 3.57875E-1 3.5207E-1 3.45524E-1 3.55064E-1 3.70836E-1 3.82175E-1 3.78902E-1 3.86357E-1 3.90258E-1 3.84109E-1 3.93335E-1 3.98686E-1 3.71685E-1 3.45712E-1
3.84268E-1 3.74216E-1 3.68535E-1 3.72862E-1 3.72268E-1 3.75523E-1 3.71989E-1 3.69201E-1 3.68757E-1 3.731E-1 3.67054E-1 3.68154E-1 3.75662E-1 3.82371E-1 3.84865E-1 3.92001E-1 3.94435E-1 3.85065E-1 3.81813E-1 3.75061E-1 3.68129E-1 3.70413E-1 3.68425E-1 3.64241E-1 3.65453E-1 3.61277E-1 3.60961E-1 3.62956E-1 3.60851E-1 3.58104E-1 3.6269E-1 3.70641E-1 3.658E-1 3.63863E-1 3.64939E-1 3.64741E-1 3.68533E-1 3.68764E-1 3.74074E-1 3.79807E-1 3.78767E-1 3.7534E-1 3.70637E-1 3.71345E-1 3.67468E-1 3.68204E-1 3.6635E-1 3.57241E-1 3.53239E-1 3.52107E-1 3.5392E-1 3.54537E-1 3.53636E-1 3.53152E-1 3.73292E-1 3.71694E-1 3.69633E-1 3.85027E-1 3.94839E-1 3.9651E-1 3.79053E-1
3.70491E-1 3.65926E-1 3.5033E-1 3.57714E-1 3.6187E-1 3.71904E-1 3.78735E-1 3.758E-1 3.7963E-1 3.8401E-1 3.86547E-1 3.83224E-1 3.85176E-1 3.83674E-1 3.80422E-1 3.84027E-1 3.84547E-1 3.89091E-1 3.82287E-1 3.76987E-1 3.67023E-1 3.58154E-1 3.67116E-1 3.6463E-1 3.58185E-1 3.66741E-1 3.64165E-1 3.62304E-1 3.58304E-1 3.57484E-1 3.55408E-1 3.63279E-1 3.70692E-1 3.70884E-1 3.6648E-1 3.66905E-1 3.67916E-1 3.72401E-1 3.76786E-1 3.766E-1 3.75269E-1 3.76496E-1 3.73365E-1 3.75527E-1 3.73276E-1 3.75614E-1 3.74173E-1 3.66815E-1 3.53124E-1 3.5204E-1 3.55467E-1 3.56303E-1 3.54203E-1 3.54565E-1 3.54065E-1 3.501E-1 3.53449E-1 3.63088E-1 3.70437E-1 3.84851E-1 3.98102E-1
3.70727E-1 3.61148E-1 3.52944E-1 3.50928E-1 3.59598E-1 3.69236E-1 3.74386E-1 3.78446E-1 3.84482E-1 3.85928E-1 3.85153E-1 3.90551E-1 3.9105E-1 3.83475E-1 3.7649E-1 3.78237E-1 3.79584E-1 3.71685E-1 3.70473E-1 3.73885E-1 3.70908E-1 3.58643E-1 3.67445E-1 3.72246E-1 3.58254E-1 3.52042E-1 3.54627E-1 3.46525E-1 3.43525E-1 3.40271E-1 3.40944E-1 3.53377E-1 3.56759E-1 3.6072E-1 3.64378E-1 3.64714E-1 3.74314E-1 3.83576E-1 3.81984E-1 3.81256E-1 3.782E-1 3.77229E-1 3.76263E-1 3.78728E-1 3.76972E-1 3.77583E-1 3.74732E-1 3.7238E-1 3.65234E-1 3.52381E-1 3.55135E-1 3.56518E-1 3.61314E-1 3.58968E-1 3.512E-1 3.48277E-1 3.5411E-1 3.55984E-1 3.60599E-1 3.65033E-1 3.81344E-1
3.66907E-1 3.56101E-1 3.52281E-1 3.57863E-1 3.61853E-1 3.69248E-1 3.78726E-1 3.8567E-1 3.85742E-1 3.91034E-1 4.01377E-1 4.04758E-1 4.03361E-1 3.9458E-1 3.87797E-1 3.87736E-1 3.85716E-1 3.76396E-1 3.65922E-1 3.61837E-1 3.6376E-1 3.64451E-1 3.69072E-1 3.82365E-1 3.87652E-1 3.70231E-1 3.48062E-1 3.39903E-1 3.37046E-1 3.36728E-1 3.38898E-1 3.37458E-1 3.40262E-1 3.5517E-1 3.62171E-1 3.67925E-1 3.70361E-1 3.77459E-1 3.82087E-1 3.8237E-1 3.82728E-1 3.80501E-1 3.77892E-1 3.75945E-1 3.73168E-1 3.70348E-1 3.70106E-1 3.70904E-1 3.68076E-1 3.65205E-1 3.63542E-1 3.58836E-1 3.57878E-1 3.53374E-1 3.50474E-1 3.43914E-1 3.44663E-1 3.48846E-1 3.56935E-1 3.64388E-1 3.57206E-1
3.68017E-1 3.63543E-1 3.72695E-1 3.79332E-1 3.80597E-1 3.92027E-1 3.9802E-1 4.08574E-1 4.08972E-1 4.02801E-1 4.02514E-1 4.08356E-1 4.05489E-1 4.03062E-1 3.93836E-1 3.91692E-1 3.77368E-1 3.70763E-1 3.71993E-1 3.61289E-1 3.65094E-1 3.84568E-1 3.97661E-1 3.71394E-1 3.8158E-1 3.91899E-1 3.79806E-1 3.67553E-1 3.53021E-1 3.41572E-1 3.39516E-1 3.39499E-1 3.4054E-1 3.47366E-1 3.56375E-1 3.61397E-1 3.67219E-1 3.73614E-1 3.75378E-1 3.78432E-1 3.76835E-1 3.76634E-1 3.72471E-1 3.69093E-1 3.66524E-1 3.65215E-1 3.65007E-1 3.66522E-1 3.6898E-1 3.65417E-1 3.62527E-1 3.62392E-1 3.56958E-1 3.49178E-1 3.4358E-1 3.39028E-1 3.41909E-1 3.44793E-1 3.54947E-1 3.54823E-1 3.45226E-1
4.02518E-1 4.02538E-1 4.09359E-1 4.24034E-1 4.34934E-1 4.46593E-1 4.35496E-1 4.1492E-1 4.09895E-1 4.09779E-1 4.08613E-1 4.02377E-1 3.99514E-1 3.8181E-1 3.69161E-1 3.71509E-1 3.73114E-1 3.76089E-1 3.77791E-1 3.69406E-1 3.76969E-1 3.73491E-1 3.68723E-1 3.66363E-1 3.67763E-1 3.88305E-1 3.93284E-1 3.85971E-1 3.77338E-1 3.48016E-1 3.59992E-1 3.53308E-1 3.47843E-1 3.46388E-1 3.55987E-1 3.57858E-1 3.61307E-1 3.67925E-1 3.71102E-1 3.68365E-1 3.70639E-1 3.72341E-1 3.7506E-1 3.74261E-1 3.68745E-1 3.62256E-1 3.59758E-1 3.61559E-1 3.65594E-1 3.66674E-1 3.65413E-1 3.63603E-1 3.63904E-1 3.52485E-1 3.43209E-1 3.29175E-1 3.38202E-1 3.43374E-1 3.42377E-1 3.36291E-1 3.32075E-1
4.48553E-1 4.58985E-1 4.72955E-1 4.6906E-1 4.69329E-1 4.64384E-1 4.2836E-1 4.09064E-1 4.06022E-1 3.97742E-1 3.90588E-1 3.84794E-1 3.80414E-1 3.80402E-1 3.78681E-1 3.69647E-1 3.63687E-1 3.63317E-1 3.7163E-1 3.78091E-1 3.80156E-1 3.78602E-1 3.7741E-1 3.73912E-1 3.71688E-1 3.68328E-1 3.77753E-1 3.7623E-1 3.84818E-1 3.9804E-1 3.97509E-1 3.65165E-1 3.52976E-1 3.63638E-1 3.55581E-1 3.59126E-1 3.60126E-1 3.64265E-1 3.65858E-1 3.65171E-1 3.57564E-1 3.56615E-1 3.66276E-1 3.78468E-1 3.74374E-1 3.64879E-1 3.59124E-1 3.58069E-1 3.59749E-1 3.61986E-1 3.63975E-1 3.64773E-1 3.60704E-1 3.68424E-1 3.56746E-1 3.51946E-1 3.47018E-1 3.42545E-1 3.46151E-1 3.40068E-1 3.32609E-1
4.5166E-1 4.4286E-1 4.33432E-1 4.42936E-1 4.46834E-1 4.37713E-1 4.12841E-1 4.16024E-1 4.09074E-1 4.00168E-1 3.87332E-1 3.8819E-1 3.98899E-1 3.92445E-1 3.77077E-1 3.61118E-1 3.55884E-1 3.48972E-1 3.6179E-1 3.71716E-1 3.82303E-1 3.86092E-1 3.82082E-1 3.66429E-1 3.72141E-1 4.00175E-1 3.94913E-1 3.92989E-1 3.93117E-1 4.02199E-1 4.05345E-1 4.07571E-1 3.90133E-1 3.77171E-1 3.6697E-1 3.58421E-1 3.60184E-1 3.6494E-1 3.63084E-1 3.59962E-1 3.56353E-1 3.52962E-1 3.48387E-1 3.50649E-1 3.56057E-1 3.57026E-1 3.57607E-1 3.56715E-1 3.59653E-1 3.62524E-1 3.61922E-1 3.5992E-1 3.51121E-1 3.64253E-1 3.63733E-1 3.59336E-1 3.52738E-1 3.5025E-1 3.54665E-1 3.50638E-1 3.46448E-1
