maxent_outputs/white_flowers_linear/white_267.asc
ncols         426
nrows         180
xllcorner     -130.0
yllcorner     24.0
cellsize      0.16666666666666666
NODATA_value  -9999
[rows 54 to 80 of 180, columns 122 to 182 of 426]
2.26627E-1 2.09595E-1 2.54019E-1 2.39686E-1 2.41634E-1 2.1821E-1 2.12846E-1 2.1911E-1 2.40773E-1 2.39611E-1 2.14912E-1 2.32806E-1 2.60056E-1 2.65023E-1 2.55765E-1 2.46349E-1 2.40905E-1 2.46384E-1 2.53291E-1 2.51109E-1 2.45915E-1 2.47373E-1 2.42064E-1 2.38793E-1 2.3891E-1 2.46246E-1 2.42785E-1 2.36714E-1 2.411E-1 2.4597E-1 2.55095E-1 2.63529E-1 2.69191E-1 2.71286E-1 2.80023E-1 2.9274E-1 3.1466E-1 3.23412E-1 3.02826E-1 2.70083E-1 2.52853E-1 2.38635E-1 2.34891E-1 2.38394E-1 2.40253E-1 2.40055E-1 2.38365E-1 2.39559E-1 2.40191E-1 2.45051E-1 2.51429E-1 2.55798E-1 2.58115E-1 2.62726E-1 2.61295E-1 2.76495E-1 2.47523E-1 2.45006E-1 2.38509E-1 2.35995E-1 2.32866E-1
2.45046E-1 2.41415E-1 2.53465E-1 2.54583E-1 2.40451E-1 2.28384E-1 2.17159E-1 2.17314E-1 2.31344E-1 2.3878E-1 2.2671E-1 2.07115E-1 2.17534E-1 2.34507E-1 2.64105E-1 2.48637E-1 2.41821E-1 2.40412E-1 2.43644E-1 2.44943E-1 2.45178E-1 2.43357E-1 2.40784E-1 2.365E-1 2.33876E-1 2.41898E-1 2.39739E-1 2.33657E-1 2.39983E-1 2.4647E-1 2.49202E-1 2.60396E-1 2.73631E-1 2.77065E-1 2.86884E-1 3.09469E-1 3.40128E-1 3.75341E-1 3.2322E-1 2.84945E-1 2.6201E-1 2.55175E-1 2.5098E-1 2.47273E-1 2.45219E-1 2.46712E-1 2.50485E-1 2.5341E-1 2.48611E-1 2.55E-1 2.60069E-1 2.66818E-1 2.77372E-1 2.92221E-1 3.04248E-1 2.60364E-1 2.55206E-1 2.50263E-1 2.43582E-1 2.38779E-1 2.3922E-1
2.29725E-1 2.35575E-1 2.34831E-1 2.45301E-1 2.32996E-1 2.26935E-1 2.15629E-1 2.0791E-1 2.05882E-1 2.16512E-1 2.23515E-1 2.34164E-1 2.15023E-1 1.98047E-1 2.25466E-1 2.4102E-1 2.61437E-1 2.40309E-1 2.35241E-1 2.40735E-1 2.4408E-1 2.46498E-1 2.39799E-1 2.36995E-1 2.39549E-1 2.42035E-1 2.36156E-1 2.28728E-1 2.27447E-1 2.30959E-1 2.40562E-1 2.52598E-1 2.60088E-1 2.73473E-1 2.8414E-1 2.93878E-1 3.27858E-1 3.54671E-1 3.30674E-1 2.99971E-1 2.79649E-1 2.60248E-1 2.58271E-1 2.6144E-1 2.63579E-1 2.65201E-1 2.65333E-1 2.7006E-1 2.66529E-1 2.64522E-1 2.63147E-1 2.62275E-1 2.64952E-1 2.69596E-1 3.06697E-1 2.70972E-1 2.57035E-1 2.55366E-1 2.50092E-1 2.46787E-1 2.43721E-1
2.3633E-1 2.35297E-1 2.42977E-1 2.38141E-1 2.30503E-1 2.20822E-1 2.1764E-1 2.11737E-1 2.06557E-1 2.03916E-1 2.06938E-1 2.31311E-1 2.27488E-1 1.99243E-1 1.84782E-1 2.02763E-1 2.44115E-1 2.35645E-1 2.36883E-1 2.38499E-1 2.38938E-1 2.42188E-1 2.35025E-1 2.32175E-1 2.3927E-1 2.33327E-1 2.36434E-1 2.24143E-1 2.20648E-1 2.26409E-1 2.29179E-1 2.22967E-1 2.33334E-1 2.56719E-1 2.66754E-1 2.80836E-1 2.93185E-1 2.96332E-1 3.0601E-1 3.04717E-1 2.92863E-1 2.7466E-1 2.71974E-1 2.74832E-1 2.7429E-1 2.77902E-1 2.68461E-1 2.61411E-1 2.60919E-1 2.59253E-1 2.57886E-1 2.58624E-1 2.58858E-1 2.65313E-1 2.82207E-1 2.85102E-1 2.66848E-1 2.59993E-1 2.53597E-1 2.4762E-1 2.43209E-1
2.35263E-1 2.26022E-1 2.10837E-1 1.92882E-1 1.98908E-1 2.08897E-1 2.13698E-1 2.14182E-1 2.12371E-1 2.06409E-1 2.04188E-1 2.12268E-1 2.31687E-1 2.18086E-1 1.92984E-1 1.89755E-1 2.21608E-1 2.33734E-1 2.30764E-1 2.32364E-1 2.36393E-1 2.35523E-1 2.27595E-1 2.24864E-1 2.27203E-1 2.28478E-1 2.28999E-1 2.24213E-1 2.23274E-1 2.18064E-1 2.17314E-1 2.13625E-1 2.1967E-1 2.15933E-1 2.20348E-1 2.34461E-1 2.54837E-1 2.74183E-1 2.80077E-1 2.86574E-1 2.88164E-1 2.8246E-1 2.76025E-1 2.72406E-1 2.74139E-1 2.63991E-1 2.59253E-1 2.58546E-1 2.5759E-1 2.58496E-1 2.58461E-1 2.66177E-1 2.70391E-1 2.74045E-1 2.74423E-1 2.72327E-1 2.72444E-1 2.74054E-1 2.72427E-1 2.618E-1 2.5733E-1
2.13076E-1 2.09128E-1 1.99654E-1 1.87071E-1 1.92225E-1 2.03012E-1 2.08736E-1 2.08881E-1 2.00975E-1 2.0315E-1 2.02777E-1 2.07549E-1 2.15427E-1 2.20192E-1 2.09683E-1 1.96257E-1 2.15061E-1 2.28734E-1 2.26408E-1 2.2589E-1 2.32133E-1 2.35439E-1 2.26519E-1 2.20869E-1 2.2323E-1 2.27259E-1 2.27094E-1 2.2392E-1 2.18593E-1 2.19357E-1 2.20023E-1 2.24179E-1 2.15929E-1 2.04823E-1 2.01615E-1 2.28113E-1 2.47597E-1 2.63773E-1 2.71115E-1 2.76749E-1 2.79565E-1 2.76481E-1 2.72763E-1 2.75385E-1 2.63068E-1 2.60899E-1 2.64493E-1 2.64511E-1 2.6249E-1 2.63386E-1 2.66755E-1 2.71392E-1 2.75592E-1 2.7491E-1 2.70161E-1 2.63751E-1 2.66219E-1 2.65198E-1 2.71517E-1 2.73505E-1 2.82087E-1
1.97253E-1 1.88571E-1 1.96989E-1 1.98956E-1 1.87399E-1 1.92897E-1 2.06505E-1 2.10244E-1 2.14417E-1 2.04963E-1 2.01375E-1 2.08868E-1 2.20133E-1 2.10271E-1 2.1231E-1 1.92054E-1 2.17854E-1 2.28681E-1 2.26694E-1 2.25726E-1 2.31965E-1 2.36032E-1 2.3163E-1 2.22317E-1 2.21607E-1 2.2538E-1 2.20632E-1 2.23253E-1 2.1795E-1 2.20239E-1 2.25133E-1 2.29747E-1 2.3745E-1 2.27863E-1 1.95336E-1 2.04811E-1 2.36624E-1 2.62989E-1 2.6382E-1 2.67555E-1 2.69934E-1 2.68231E-1 2.70783E-1 2.71893E-1 2.72835E-1 2.63084E-1 2.62786E-1 2.64424E-1 2.66335E-1 2.68242E-1 2.69382E-1 2.69305E-1 2.70236E-1 2.70457E-1 2.72801E-1 2.71748E-1 2.74539E-1 2.70795E-1 2.65888E-1 2.65202E-1 2.58812E-1
2.04469E-1 1.94828E-1 1.88243E-1 1.9973E-1 1.84399E-1 1.91925E-1 2.00919E-1 2.07547E-1 2.05278E-1 2.028E-1 2.07529E-1 2.09786E-1 2.17187E-1 2.12894E-1 2.07736E-1 1.98253E-1 2.23848E-1 2.28828E-1 2.25055E-1 2.28418E-1 2.37807E-1 2.3393E-1 2.22718E-1 2.23807E-1 2.20264E-1 2.22517E-1 2.27673E-1 2.24995E-1 2.20828E-1 2.21147E-1 2.23698E-1 2.25908E-1 2.31046E-1 2.34756E-1 2.14172E-1 2.17639E-1 2.28076E-1 2.53281E-1 2.62401E-1 2.60032E-1 2.63668E-1 2.65624E-1 2.67578E-1 2.66851E-1 2.70115E-1 2.7122E-1 2.78568E-1 2.74526E-1 2.7036E-1 2.70786E-1 2.71088E-1 2.65685E-1 2.69799E-1 2.7747E-1 2.83238E-1 2.80407E-1 2.759E-1 2.76084E-1 2.76182E-1 2.80751E-1 2.8002E-1
1.89553E-1 1.83166E-1 1.89413E-1 1.86924E-1 1.8572E-1 1.86137E-1 1.89331E-1 2.04225E-1 2.08507E-1 2.09478E-1 2.09741E-1 2.07494E-1 2.072E-1 2.08035E-1 1.96008E-1 1.99494E-1 2.19202E-1 2.24827E-1 2.27466E-1 2.35142E-1 2.30878E-1 2.30749E-1 2.22263E-1 2.17017E-1 2.22959E-1 2.23581E-1 2.28326E-1 2.30278E-1 2.2449E-1 2.23423E-1 2.25683E-1 2.31576E-1 2.31057E-1 2.3613E-1 2.32196E-1 2.27702E-1 2.36732E-1 2.60235E-1 2.60653E-1 2.63724E-1 2.62172E-1 2.64822E-1 2.6396E-1 2.63127E-1 2.70398E-1 2.70587E-1 2.76995E-1 2.7753E-1 2.73886E-1 2.70257E-1 2.71299E-1 2.6945E-1 2.72278E-1 2.82422E-1 2.82095E-1 2.80804E-1 2.83454E-1 2.83776E-1 2.82402E-1 2.84236E-1 2.84908E-1
2.05227E-1 2.05805E-1 2.18665E-1 2.16601E-1 2.08979E-1 1.94666E-1 1.92094E-1 1.95863E-1 2.01373E-1 2.03827E-1 1.97859E-1 1.89951E-1 1.89669E-1 1.84491E-1 1.85909E-1 2.05603E-1 2.14735E-1 2.21834E-1 2.17751E-1 2.23879E-1 2.22564E-1 2.16847E-1 2.18791E-1 2.23135E-1 2.31881E-1 2.30256E-1 2.32516E-1 2.29488E-1 2.30792E-1 2.33076E-1 2.35544E-1 2.32183E-1 2.31406E-1 2.34001E-1 2.37899E-1 2.41008E-1 2.48229E-1 2.63602E-1 2.60974E-1 2.58488E-1 2.56334E-1 2.50891E-1 2.52816E-1 2.60133E-1 2.60331E-1 2.5764E-1 2.62429E-1 2.63118E-1 2.5888E-1 2.62676E-1 2.63666E-1 2.66725E-1 2.73216E-1 2.80049E-1 2.70499E-1 2.79838E-1 2.82119E-1 2.84049E-1 2.86215E-1 2.81461E-1 2.84526E-1
1.94511E-1 1.98374E-1 1.95391E-1 2.08641E-1 2.00606E-1 1.92594E-1 1.91773E-1 1.86107E-1 1.88657E-1 1.90414E-1 1.91176E-1 1.93145E-1 1.90415E-1 1.90703E-1 1.94779E-1 2.0821E-1 2.16015E-1 2.2003E-1 2.16235E-1 2.18178E-1 2.20739E-1 2.16877E-1 2.18102E-1 2.27179E-1 2.35482E-1 2.3633E-1 2.30453E-1 2.28831E-1 2.34294E-1 2.37102E-1 2.36698E-1 2.32221E-1 2.33603E-1 2.3653E-1 2.38775E-1 2.43557E-1 2.48149E-1 2.52137E-1 2.50184E-1 2.55383E-1 2.53488E-1 2.52485E-1 2.57255E-1 2.55053E-1 2.42994E-1 2.43827E-1 2.45663E-1 2.55305E-1 2.50754E-1 2.46073E-1 2.51902E-1 2.61984E-1 2.71903E-1 2.61034E-1 2.61655E-1 2.63285E-1 2.71048E-1 2.7064E-1 2.749E-1 2.7726E-1 2.80594E-1
1.98405E-1 1.89583E-1 2.01864E-1 1.91953E-1 1.92055E-1 1.88399E-1 1.85273E-1 1.85221E-1 1.86779E-1 1.88524E-1 1.91497E-1 1.93003E-1 1.99016E-1 1.97012E-1 1.99083E-1 2.04308E-1 2.07368E-1 2.0989E-1 2.11273E-1 2.15052E-1 2.14317E-1 2.1131E-1 2.15827E-1 2.20497E-1 2.31319E-1 2.39179E-1 2.40525E-1 2.3905E-1 2.34274E-1 2.35396E-1 2.33774E-1 2.37121E-1 2.34886E-1 2.40578E-1 2.42043E-1 2.41727E-1 2.38174E-1 2.43903E-1 2.48268E-1 2.5566E-1 2.54443E-1 2.53676E-1 2.47311E-1 2.44563E-1 2.40756E-1 2.41977E-1 2.42246E-1 2.48512E-1 2.54217E-1 2.53627E-1 2.53791E-1 2.57378E-1 2.50769E-1 2.51124E-1 2.5404E-1 2.62182E-1 2.68907E-1 2.72639E-1 2.74156E-1 2.76103E-1 2.79225E-1
1.76672E-1 1.83014E-1 1.89817E-1 2.04635E-1 1.93373E-1 1.86685E-1 1.85554E-1 1.84973E-1 1.87522E-1 1.93831E-1 1.96523E-1 2.00135E-1 2.0041E-1 1.973E-1 2.02608E-1 2.01193E-1 2.02859E-1 2.08525E-1 2.19942E-1 2.29635E-1 2.36814E-1 2.26204E-1 2.26007E-1 2.30132E-1 2.2825E-1 2.28119E-1 2.29235E-1 2.332E-1 2.29132E-1 2.29583E-1 2.31329E-1 2.3292E-1 2.32925E-1 2.38064E-1 2.42875E-1 2.39348E-1 2.40635E-1 2.47825E-1 2.52702E-1 2.52071E-1 2.50552E-1 2.48863E-1 2.45281E-1 2.39084E-1 2.38864E-1 2.40119E-1 2.43689E-1 2.45011E-1 2.49073E-1 2.51257E-1 2.50614E-1 2.5335E-1 2.55772E-1 2.54858E-1 2.60409E-1 2.66038E-1 2.68514E-1 2.74949E-1 2.75677E-1 2.78135E-1 2.86062E-1
1.52373E-1 1.76311E-1 1.81134E-1 1.90218E-1 2.09236E-1 1.99079E-1 1.89886E-1 1.90683E-1 1.94228E-1 1.84661E-1 1.83169E-1 1.90789E-1 1.81451E-1 1.78514E-1 1.89609E-1 1.94886E-1 1.98902E-1 2.09243E-1 2.19963E-1 2.19153E-1 2.23525E-1 2.29039E-1 2.24316E-1 2.2576E-1 2.30169E-1 2.33255E-1 2.2168E-1 2.20811E-1 2.16278E-1 2.1328E-1 2.23529E-1 2.25482E-1 2.17747E-1 2.14442E-1 2.25182E-1 2.35013E-1 2.42604E-1 2.60517E-1 2.6303E-1 2.61012E-1 2.53707E-1 2.41687E-1 2.34026E-1 2.35388E-1 2.38844E-1 2.39592E-1 2.39175E-1 2.4292E-1 2.508E-1 2.5484E-1 2.56296E-1 2.5404E-1 2.58557E-1 2.60744E-1 2.60418E-1 2.63213E-1 2.71475E-1 2.79215E-1 2.88271E-1 2.88017E-1 2.90157E-1
1.45806E-1 1.49842E-1 1.76521E-1 1.84762E-1 1.95591E-1 1.9868E-1 1.93209E-1 1.92724E-1 1.81895E-1 1.75868E-1 1.84233E-1 1.84895E-1 1.85929E-1 1.86746E-1 1.94437E-1 1.96186E-1 1.91607E-1 2.09933E-1 2.15514E-1 2.08718E-1 1.94771E-1 1.98241E-1 2.07471E-1 2.09576E-1 2.28552E-1 2.35064E-1 2.26021E-1 2.28267E-1 2.24122E-1 2.16014E-1 2.22389E-1 2.3243E-1 2.1817E-1 2.14922E-1 2.11026E-1 2.18717E-1 2.33341E-1 2.46806E-1 2.45304E-1 2.40369E-1 2.3998E-1 2.37274E-1 2.34698E-1 2.36935E-1 2.37583E-1 2.37341E-1 2.37957E-1 2.45055E-1 2.48836E-1 2.52545E-1 2.56426E-1 2.58673E-1 2.62695E-1 2.56627E-1 2.57386E-1 2.63905E-1 2.67636E-1 2.76436E-1 2.79216E-1 2.83835E-1 2.78788E-1
1.42893E-1 1.4414E-1 1.50209E-1 1.57858E-1 1.65824E-1 1.7247E-1 1.77532E-1 1.8005E-1 1.76905E-1 1.81992E-1 1.87275E-1 1.92047E-1 1.93622E-1 1.98439E-1 2.00269E-1 1.98456E-1 2.05954E-1 2.03512E-1 1.98963E-1 2.04548E-1 1.80028E-1 1.70627E-1 1.79836E-1 1.96608E-1 2.15101E-1 2.22133E-1 2.30308E-1 2.33156E-1 2.33E-1 2.26209E-1 2.30913E-1 2.28523E-1 2.22341E-1 2.18398E-1 2.18304E-1 2.19129E-1 2.2506E-1 2.30613E-1 2.35784E-1 2.38333E-1 2.42467E-1 2.36224E-1 2.35854E-1 2.32663E-1 2.33855E-1 2.36194E-1 2.37706E-1 2.44605E-1 2.47522E-1 2.52045E-1 2.5541E-1 2.58531E-1 2.60638E-1 2.55003E-1 2.60277E-1 2.58653E-1 2.64421E-1 2.71892E-1 2.7438E-1 2.76183E-1 2.73707E-1
1.42549E-1 1.46381E-1 1.44184E-1 1.54078E-1 1.66081E-1 1.80834E-1 1.80614E-1 1.7549E-1 1.75314E-1 1.69277E-1 1.60805E-1 1.58773E-1 1.86186E-1 1.88609E-1 1.91181E-1 1.95757E-1 2.08188E-1 2.01664E-1 2.02062E-1 2.01494E-1 1.94376E-1 1.85773E-1 1.75882E-1 1.79273E-1 1.90542E-1 2.10042E-1 2.34493E-1 2.46618E-1 2.41496E-1 2.49087E-1 2.49973E-1 2.46151E-1 2.37226E-1 2.31248E-1 2.22427E-1 2.22775E-1 2.25899E-1 2.29128E-1 2.32571E-1 2.41274E-1 2.45927E-1 2.4128E-1 2.37664E-1 2.35009E-1 2.31593E-1 2.33294E-1 2.35141E-1 2.38699E-1 2.45276E-1 2.51951E-1 2.56925E-1 2.57412E-1 2.60378E-1 2.60503E-1 2.6304E-1 2.59306E-1 2.61913E-1 2.67739E-1 2.7278E-1 2.73808E-1 2.73316E-1
1.56182E-1 1.55717E-1 1.58097E-1 1.73527E-1 1.74646E-1 1.78847E-1 1.70972E-1 1.67754E-1 1.67734E-1 1.69905E-1 1.69525E-1 1.72314E-1 1.79859E-1 1.87563E-1 1.87311E-1 1.91224E-1 1.98945E-1 1.96287E-1 2.03102E-1 2.03238E-1 2.05013E-1 1.99684E-1 1.89489E-1 1.81778E-1 1.89644E-1 1.99703E-1 2.40544E-1 2.51145E-1 2.50478E-1 2.49762E-1 2.54938E-1 2.52432E-1 2.43579E-1 2.40329E-1 2.37117E-1 2.32627E-1 2.34026E-1 2.36974E-1 2.37725E-1 2.40461E-1 2.4299E-1 2.443E-1 2.39215E-1 2.3523E-1 2.32241E-1 2.36083E-1 2.40903E-1 2.43964E-1 2.57031E-1 2.64884E-1 2.66663E-1 2.65751E-1 2.62056E-1 2.59142E-1 2.62536E-1 2.6675E-1 2.65808E-1 2.66676E-1 2.71807E-1 2.74336E-1 2.73635E-1
1.64877E-1 1.62024E-1 1.71037E-1 1.74945E-1 1.80847E-1 1.7779E-1 1.73964E-1 1.733E-1 1.71116E-1 1.69759E-1 1.75164E-1 1.80794E-1 1.87279E-1 1.91812E-1 2.01056E-1 2.03617E-1 2.05004E-1 2.01287E-1 2.01447E-1 2.04385E-1 2.1171E-1 2.06879E-1 1.97244E-1 1.87257E-1 1.90593E-1 2.06269E-1 2.38098E-1 2.42054E-1 2.49672E-1 2.48339E-1 2.57311E-1 2.51989E-1 2.46049E-1 2.47587E-1 2.46887E-1 2.48642E-1 2.48558E-1 2.45671E-1 2.46181E-1 2.46179E-1 2.45851E-1 2.44348E-1 2.3866E-1 2.36762E-1 2.3816E-1 2.44791E-1 2.56169E-1 2.62917E-1 2.75047E-1 2.80211E-1 2.77048E-1 2.70562E-1 2.6228E-1 2.63462E-1 2.67006E-1 2.73956E-1 2.7373E-1 2.69774E-1 2.71032E-1 2.70623E-1 2.72336E-1
1.67144E-1 1.6159E-1 1.78752E-1 1.83024E-1 1.84959E-1 1.84438E-1 1.79121E-1 1.72413E-1 1.76794E-1 1.67433E-1 1.69451E-1 1.78193E-1 1.85152E-1 1.88417E-1 2.00595E-1 2.05932E-1 2.03437E-1 1.9578E-1 2.05985E-1 2.14426E-1 2.19863E-1 2.12231E-1 2.00799E-1 1.90449E-1 1.87121E-1 2.01607E-1 2.17234E-1 2.24137E-1 2.44989E-1 2.4547E-1 2.41599E-1 2.48609E-1 2.55909E-1 2.54331E-1 2.44538E-1 2.5863E-1 2.6651E-1 2.5948E-1 2.51587E-1 2.48647E-1 2.48278E-1 2.45447E-1 2.40921E-1 2.39158E-1 2.45372E-1 2.5993E-1 2.7947E-1 3.00525E-1 3.08767E-1 2.96394E-1 2.79963E-1 2.65512E-1 2.57114E-1 2.59919E-1 2.63517E-1 2.69798E-1 2.74063E-1 2.67646E-1 2.69714E-1 2.73356E-1 2.73914E-1
1.75381E-1 1.74745E-1 1.85063E-1 1.86232E-1 1.84657E-1 1.86809E-1 1.80856E-1 1.75195E-1 1.75112E-1 1.7338E-1 1.70113E-1 1.76595E-1 1.82428E-1 1.92487E-1 1.99347E-1 2.03494E-1 2.01802E-1 1.8993E-1 2.07249E-1 2.08917E-1 2.19823E-1 2.1453E-1 2.00816E-1 1.8903E-1 1.81822E-1 1.84865E-1 2.13733E-1 2.26823E-1 2.33094E-1 2.35898E-1 2.39712E-1 2.43222E-1 2.48457E-1 2.44705E-1 2.43565E-1 2.46757E-1 2.49989E-1 2.54652E-1 2.58393E-1 2.54284E-1 2.49462E-1 2.47448E-1 2.45143E-1 2.47189E-1 2.55282E-1 2.71866E-1 2.96835E-1 3.24618E-1 3.2637E-1 3.01919E-1 2.78434E-1 2.62397E-1 2.51829E-1 2.55687E-1 2.62916E-1 2.62787E-1 2.64432E-1 2.64632E-1 2.65533E-1 2.71755E-1 2.75457E-1
1.77172E-1 1.82696E-1 1.82489E-1 1.86558E-1 1.86133E-1 1.79202E-1 1.81416E-1 1.74223E-1 1.75552E-1 1.76645E-1 1.80001E-1 1.83924E-1 1.84733E-1 1.91981E-1 1.96047E-1 1.9981E-1 1.97029E-1 1.93402E-1 2.05715E-1 2.15499E-1 2.0682E-1 2.17438E-1 2.08601E-1 1.90316E-1 1.79833E-1 1.78979E-1 2.04335E-1 2.13063E-1 2.21435E-1 2.24516E-1 2.25951E-1 2.34601E-1 2.34624E-1 2.32059E-1 2.30666E-1 2.29458E-1 2.34227E-1 2.40494E-1 2.40745E-1 2.4586E-1 2.48965E-1 2.4919E-1 2.54051E-1 2.56141E-1 2.65958E-1 2.74168E-1 2.92183E-1 3.11949E-1 3.1275E-1 2.91594E-1 2.76753E-1 2.66278E-1 2.58703E-1 2.57957E-1 2.56881E-1 2.57543E-1 2.61713E-1 2.6569E-1 2.66985E-1 2.70087E-1 2.76418E-1
1.91683E-1 1.78926E-1 1.80325E-1 1.8074E-1 1.83824E-1 1.76189E-1 1.79724E-1 1.80395E-1 1.81108E-1 1.80054E-1 1.88141E-1 1.91982E-1 1.96333E-1 1.91885E-1 2.03108E-1 2.33368E-1 2.18643E-1 2.01307E-1 2.02242E-1 2.15964E-1 2.17805E-1 2.17151E-1 2.1942E-1 1.99771E-1 1.8415E-1 1.79452E-1 1.95896E-1 2.09046E-1 2.16406E-1 2.20783E-1 2.23123E-1 2.27446E-1 2.28025E-1 2.27129E-1 2.27877E-1 2.29499E-1 2.30383E-1 2.31385E-1 2.34164E-1 2.37624E-1 2.43213E-1 2.46085E-1 2.49708E-1 2.54316E-1 2.591E-1 2.69756E-1 2.80411E-1 2.88067E-1 2.80385E-1 2.74204E-1 2.68572E-1 2.67476E-1 2.61926E-1 2.62675E-1 2.59277E-1 2.58372E-1 2.57185E-1 2.62881E-1 2.69632E-1 2.72544E-1 2.73089E-1
2.03032E-1 1.8608E-1 1.8172E-1 1.79945E-1 1.82398E-1 1.78548E-1 1.79758E-1 1.83343E-1 1.86285E-1 1.89533E-1 1.89261E-1 1.93735E-1 1.96959E-1 1.97993E-1 2.12239E-1 2.2616E-1 2.34576E-1 2.41124E-1 2.29437E-1 2.15871E-1 2.31843E-1 2.22223E-1 2.17182E-1 2.06996E-1 1.92408E-1 1.8552E-1 1.93869E-1 2.12277E-1 2.25341E-1 2.24637E-1 2.26148E-1 2.2392E-1 2.24126E-1 2.17299E-1 2.20682E-1 2.22453E-1 2.27834E-1 2.31259E-1 2.3827E-1 2.3715E-1 2.41892E-1 2.50783E-1 2.55189E-1 2.56252E-1 2.57234E-1 2.60004E-1 2.61091E-1 2.60941E-1 2.62193E-1 2.61014E-1 2.58422E-1 2.64805E-1 2.63431E-1 2.7166E-1 2.72842E-1 2.67816E-1 2.64026E-1 2.63686E-1 2.65867E-1 2.70314E-1 2.75463E-1
2.08885E-1 2.00938E-1 1.98122E-1 1.98906E-1 1.89047E-1 1.876E-1 1.87229E-1 1.84477E-1 1.87916E-1 1.93404E-1 1.99717E-1 2.02651E-1 2.05051E-1 2.26152E-1 2.19274E-1 2.27497E-1 2.40404E-1 2.32556E-1 2.46802E-1 2.28861E-1 2.25014E-1 2.27762E-1 2.11711E-1 2.12261E-1 2.16194E-1 2.20357E-1 2.26208E-1 2.41379E-1 2.34193E-1 2.32755E-1 2.31814E-1 2.2411E-1 2.16157E-1 2.14321E-1 2.19965E-1 2.25769E-1 2.35817E-1 2.34325E-1 2.38346E-1 2.42997E-1 2.50355E-1 2.54038E-1 2.5932E-1 2.5975E-1 2.56084E-1 2.54998E-1 2.56955E-1 2.59765E-1 2.63311E-1 2.60727E-1 2.56669E-1 2.61856E-1 2.60706E-1 2.64065E-1 2.77582E-1 2.81416E-1 2.7825E-1 2.72505E-1 2.72164E-1 2.73749E-1 2.72131E-1
1.91972E-1 1.783E-1 1.7754E-1 2.0083E-1 2.06665E-1 2.0303E-1 1.94503E-1 1.8061E-1 1.89432E-1 1.97405E-1 2.01929E-1 2.05286E-1 2.07382E-1 2.34974E-1 2.44242E-1 2.42063E-1 2.41852E-1 2.29496E-1 2.41838E-1 2.34962E-1 2.25742E-1 2.11833E-1 2.26065E-1 2.13681E-1 2.21689E-1 2.33167E-1 2.43722E-1 2.44996E-1 2.33701E-1 2.31493E-1 2.2999E-1 2.26531E-1 2.1768E-1 2.16207E-1 2.2101E-1 2.24373E-1 2.26016E-1 2.29462E-1 2.36066E-1 2.43963E-1 2.49105E-1 2.48717E-1 2.47489E-1 2.53369E-1 2.54053E-1 2.52764E-1 2.55998E-1 2.62025E-1 2.65784E-1 2.60187E-1 2.60252E-1 2.64683E-1 2.67531E-1 2.71645E-1 2.73424E-1 2.71895E-1 2.72946E-1 2.7662E-1 2.78589E-1 2.79894E-1 2.79373E-1
1.91392E-1 1.84106E-1 1.806E-1 1.95393E-1 2.11639E-1 2.0165E-1 1.99606E-1 1.96626E-1 1.92596E-1 1.94664E-1 2.01383E-1 2.05335E-1 2.08935E-1 2.10893E-1 2.22219E-1 2.37717E-1 2.23479E-1 2.32019E-1 2.4268E-1 2.29175E-1 2.18345E-1 2.13287E-1 2.15801E-1 2.10891E-1 2.15978E-1 2.34339E-1 2.47104E-1 2.45127E-1 2.33546E-1 2.3425E-1 2.3225E-1 2.25974E-1 2.22385E-1 2.16878E-1 2.16645E-1 2.17802E-1 2.23159E-1 2.29382E-1 2.34721E-1 2.36523E-1 2.39677E-1 2.4439E-1 2.47414E-1 2.5381E-1 2.5727E-1 2.56057E-1 2.5616E-1 2.62022E-1 2.66852E-1 2.66728E-1 2.63341E-1 2.68973E-1 2.71472E-1 2.77033E-1 2.76841E-1 2.73809E-1 2.71236E-1 2.73098E-1 2.80501E-1 2.8056E-1 2.80849E-1
