maxent_outputs/white_flowers_linear/white_185.asc
ncols         426
nrows         180
xllcorner     -130.0
yllcorner     24.0
cellsize      0.16666666666666666
NODATA_value  -9999
[rows 27 to 53 of 180, columns 305 to 365 of 426]
4.2888E-1 4.24506E-1 4.25923E-1 4.37251E-1 4.31098E-1 4.36087E-1 4.40812E-1 4.40965E-1 4.43729E-1 4.4272E-1 4.42133E-1 4.35134E-1 4.35533E-1 4.38211E-1 4.36752E-1 4.39442E-1 4.51136E-1 4.48443E-1 4.40872E-1 4.45238E-1 4.46503E-1 4.46586E-1 4.57096E-1 4.60593E-1 4.46103E-1 4.60278E-1 4.71785E-1 4.56779E-1 4.6975E-1 4.82247E-1 4.66507E-1 4.60198E-1 4.645E-1 4.65572E-1 4.65662E-1 4.73115E-1 4.69696E-1 4.68427E-1 4.68054E-1 4.62573E-1 4.64687E-1 4.62187E-1 4.63678E-1 4.67738E-1 4.80983E-1 4.86014E-1 4.88239E-1 4.89449E-1 5.0335E-1 5.21443E-1 5.12365E-1 5.23083E-1 5.39282E-1 5.39958E-1 5.42811E-1 5.52798E-1 5.46216E-1 5.19217E-1 5.35659E-1 5.39751E-1 5.53623E-1
4.39441E-1 4.35182E-1 4.25693E-1 4.27304E-1 4.28715E-1 4.33222E-1 4.37182E-1 4.40052E-1 4.35726E-1 4.38357E-1 4.43888E-1 4.41035E-1 4.32631E-1 4.28266E-1 4.30631E-1 4.37632E-1 4.47162E-1 4.38207E-1 4.37621E-1 4.44398E-1 4.39838E-1 4.48806E-1 4.50861E-1 4.52599E-1 4.45593E-1 4.68676E-1 4.65407E-1 4.6588E-1 4.6192E-1 4.67413E-1 4.65989E-1 4.58601E-1 4.6619E-1 4.61702E-1 4.60301E-1 4.61567E-1 4.57955E-1 4.57419E-1 4.56491E-1 4.58086E-1 4.604E-1 4.60247E-1 4.63332E-1 4.75632E-1 4.82801E-1 4.98827E-1 4.95134E-1 5.01571E-1 5.04104E-1 5.21678E-1 5.30711E-1 5.23422E-1 5.35733E-1 5.44941E-1 5.43057E-1 5.51548E-1 5.51622E-1 5.41992E-1 5.57087E-1 5.69446E-1 5.78601E-1
4.48786E-1 4.47338E-1 4.34874E-1 4.32987E-1 4.32274E-1 4.41788E-1 4.43305E-1 4.44072E-1 4.44022E-1 4.5044E-1 4.49658E-1 4.50195E-1 4.50973E-1 4.50889E-1 4.35375E-1 4.4408E-1 4.3458E-1 4.35406E-1 4.33479E-1 4.35465E-1 4.37135E-1 4.40238E-1 4.43763E-1 4.49638E-1 4.49223E-1 4.61137E-1 4.7535E-1 4.65682E-1 4.60042E-1 4.58497E-1 4.5789E-1 4.57496E-1 4.64007E-1 4.68702E-1 4.66775E-1 4.55451E-1 4.54E-1 4.52818E-1 4.51456E-1 4.56553E-1 4.57413E-1 4.57169E-1 4.66409E-1 4.75793E-1 4.82467E-1 4.89223E-1 5.08052E-1 5.20458E-1 5.12516E-1 5.25647E-1 5.4642E-1 5.32673E-1 5.32907E-1 5.39369E-1 5.45832E-1 5.51561E-1 5.55901E-1 5.65585E-1 5.73199E-1 5.9201E-1 6.11096E-1
4.41366E-1 4.4526E-1 4.30831E-1 4.48954E-1 4.48261E-1 4.32532E-1 4.42607E-1 4.48215E-1 4.46013E-1 4.56026E-1 4.5264E-1 4.52404E-1 4.54018E-1 4.45705E-1 4.43133E-1 4.42566E-1 4.40863E-1 4.44965E-1 4.35847E-1 4.46253E-1 4.46901E-1 4.50433E-1 4.5188E-1 4.50974E-1 4.62201E-1 4.64883E-1 4.69106E-1 4.66987E-1 4.69585E-1 4.62558E-1 4.67455E-1 4.63195E-1 4.69732E-1 4.72661E-1 4.63008E-1 4.58749E-1 4.57918E-1 4.55402E-1 4.5099E-1 4.50939E-1 4.44167E-1 4.45537E-1 4.46887E-1 4.61385E-1 4.73016E-1 4.87132E-1 5.07802E-1 5.23646E-1 5.17022E-1 5.5199E-1 5.72176E-1 5.50991E-1 5.72272E-1 5.55493E-1 5.60604E-1 5.69186E-1 5.58717E-1 5.73575E-1 5.94116E-1 6.12104E-1 6.28573E-1
4.43585E-1 4.56399E-1 4.35336E-1 4.40187E-1 4.44696E-1 4.45455E-1 4.59715E-1 4.60554E-1 4.57664E-1 4.56419E-1 4.58809E-1 4.59146E-1 4.66988E-1 4.79742E-1 4.58625E-1 4.4884E-1 4.49793E-1 4.48179E-1 4.5135E-1 4.48265E-1 4.63111E-1 4.59024E-1 4.58127E-1 4.76339E-1 4.75274E-1 4.70497E-1 4.851E-1 4.91748E-1 4.72037E-1 4.83338E-1 4.68279E-1 4.60446E-1 4.71073E-1 4.7839E-1 4.83572E-1 4.76673E-1 4.82687E-1 4.84669E-1 4.64451E-1 4.53657E-1 4.45915E-1 4.61897E-1 4.73157E-1 4.71178E-1 4.76489E-1 4.77111E-1 4.97896E-1 5.21511E-1 5.33654E-1 5.66936E-1 5.81789E-1 5.67907E-1 5.82617E-1 5.74962E-1 5.90587E-1 5.88163E-1 5.85454E-1 5.99811E-1 6.12352E-1 6.20515E-1 6.28199E-1
4.6159E-1 4.76139E-1 4.80273E-1 4.72271E-1 4.58455E-1 4.57423E-1 4.60064E-1 4.49261E-1 4.51308E-1 4.65787E-1 4.59355E-1 4.68238E-1 4.98731E-1 4.71957E-1 4.63608E-1 4.73555E-1 4.67255E-1 4.55078E-1 4.58535E-1 4.66935E-1 4.73244E-1 4.69638E-1 4.59262E-1 4.8413E-1 4.97079E-1 5.00999E-1 5.12208E-1 5.11828E-1 5.00655E-1 4.89545E-1 4.80984E-1 4.6372E-1 4.74876E-1 4.80756E-1 4.78882E-1 4.73314E-1 4.74145E-1 4.96479E-1 4.90951E-1 4.85183E-1 4.79929E-1 5.12768E-1 5.64007E-1 5.62613E-1 5.12269E-1 4.9456E-1 5.04113E-1 4.94307E-1 5.15919E-1 5.51511E-1 5.8046E-1 6.00097E-1 6.07027E-1 6.08692E-1 6.05025E-1 6.10453E-1 6.18749E-1 6.29879E-1 6.37231E-1 6.29617E-1 6.30775E-1
4.85013E-1 4.78805E-1 4.9551E-1 5.02386E-1 5.06409E-1 5.08331E-1 4.98749E-1 4.80549E-1 4.77498E-1 4.66332E-1 4.80956E-1 5.08377E-1 5.11624E-1 4.90811E-1 4.84527E-1 4.82734E-1 4.75522E-1 4.58717E-1 4.49198E-1 4.52191E-1 4.52222E-1 4.704E-1 4.86081E-1 4.99944E-1 5.10114E-1 4.81733E-1 4.91975E-1 5.05053E-1 4.98454E-1 5.02666E-1 4.89374E-1 4.74565E-1 4.88294E-1 4.88733E-1 4.77835E-1 4.7899E-1 4.81418E-1 4.94105E-1 5.04188E-1 4.98535E-1 5.01545E-1 5.13085E-1 5.21229E-1 5.34687E-1 5.09158E-1 5.23905E-1 5.37191E-1 5.29691E-1 5.24632E-1 5.39975E-1 5.61994E-1 5.68221E-1 5.83569E-1 6.02598E-1 6.08978E-1 6.06681E-1 6.19829E-1 6.30728E-1 6.38355E-1 6.2342E-1 -9999
4.86982E-1 4.83632E-1 5.02756E-1 5.19318E-1 5.28561E-1 5.28412E-1 5.20722E-1 4.96158E-1 4.93066E-1 4.96021E-1 5.21973E-1 5.24368E-1 5.04892E-1 4.84936E-1 4.75288E-1 4.64535E-1 4.65608E-1 4.652E-1 4.74439E-1 4.64267E-1 4.76115E-1 4.80042E-1 4.83031E-1 4.93953E-1 4.97779E-1 4.805E-1 4.83121E-1 4.93539E-1 4.88444E-1 4.86711E-1 4.88247E-1 4.7072E-1 4.76844E-1 4.77657E-1 4.80683E-1 4.84707E-1 4.98285E-1 5.16095E-1 5.18803E-1 5.17789E-1 5.21907E-1 5.34506E-1 5.36156E-1 5.45155E-1 5.48003E-1 5.59371E-1 5.65322E-1 5.7181E-1 5.69125E-1 5.54947E-1 5.65114E-1 5.7191E-1 5.88635E-1 6.00594E-1 6.16743E-1 6.24566E-1 6.23861E-1 6.39293E-1 6.20184E-1 -9999 7.04671E-1
4.93236E-1 5.04108E-1 5.02387E-1 5.04844E-1 5.06364E-1 5.14848E-1 5.23964E-1 5.36903E-1 5.11896E-1 5.01541E-1 5.19767E-1 5.41093E-1 5.32909E-1 5.10846E-1 5.03372E-1 4.95422E-1 4.83695E-1 4.93465E-1 4.93034E-1 4.9805E-1 4.99577E-1 4.89977E-1 4.97825E-1 5.07215E-1 4.8829E-1 4.94964E-1 5.15467E-1 5.13157E-1 5.05519E-1 4.97551E-1 4.93168E-1 4.84463E-1 4.76277E-1 4.8923E-1 4.91824E-1 4.94344E-1 5.0487E-1 5.13385E-1 5.19507E-1 5.24259E-1 5.35373E-1 5.37974E-1 5.42491E-1 5.6264E-1 5.68068E-1 5.89662E-1 6.08278E-1 6.26906E-1 6.27852E-1 6.25712E-1 6.24544E-1 6.17368E-1 6.41677E-1 6.33465E-1 6.25124E-1 6.34954E-1 6.61117E-1 7.00225E-1 6.78607E-1 6.51372E-1 6.51908E-1
5.10737E-1 5.14777E-1 5.20249E-1 5.24417E-1 5.24599E-1 5.164E-1 5.34876E-1 5.19517E-1 5.20482E-1 5.11114E-1 5.15095E-1 5.36421E-1 5.48315E-1 5.47905E-1 5.29544E-1 5.23764E-1 5.13698E-1 5.14229E-1 5.12683E-1 5.12419E-1 5.06826E-1 5.01579E-1 5.14166E-1 5.20212E-1 5.2198E-1 5.21753E-1 5.21389E-1 5.20397E-1 5.28819E-1 5.08961E-1 4.949E-1 4.77977E-1 4.7332E-1 4.94025E-1 4.99858E-1 4.96215E-1 5.09861E-1 5.18438E-1 5.29724E-1 5.4517E-1 5.60853E-1 5.71525E-1 5.66451E-1 5.88876E-1 6.04896E-1 6.26882E-1 6.522E-1 6.86192E-1 7.08802E-1 6.80056E-1 6.68914E-1 6.65633E-1 6.45738E-1 6.37457E-1 6.28829E-1 6.49618E-1 7.04068E-1 6.58578E-1 6.34419E-1 6.40218E-1 6.28942E-1
5.19218E-1 5.2831E-1 5.33508E-1 5.28701E-1 5.18033E-1 5.19045E-1 5.38216E-1 5.39285E-1 5.24E-1 5.28034E-1 5.48312E-1 5.50786E-1 5.52984E-1 5.40889E-1 5.1558E-1 5.17383E-1 5.2077E-1 5.20965E-1 5.21456E-1 5.1756E-1 5.26909E-1 5.16665E-1 5.26577E-1 5.36914E-1 5.44172E-1 5.43106E-1 5.46283E-1 5.4205E-1 5.47256E-1 5.33176E-1 5.22967E-1 5.13226E-1 5.05199E-1 5.01606E-1 5.12496E-1 5.26078E-1 5.28703E-1 5.40369E-1 5.39429E-1 5.55789E-1 5.71027E-1 5.85682E-1 5.97235E-1 6.11731E-1 6.38867E-1 6.81857E-1 7.11813E-1 7.24692E-1 7.33999E-1 7.21113E-1 6.90464E-1 6.86916E-1 5.97074E-1 6.11707E-1 6.41248E-1 6.50561E-1 6.66562E-1 6.38114E-1 6.43128E-1 6.48001E-1 6.35047E-1
5.30825E-1 5.34119E-1 5.56958E-1 5.48646E-1 5.30945E-1 5.17822E-1 5.36301E-1 5.32874E-1 5.36018E-1 5.50162E-1 5.55893E-1 5.63356E-1 5.54282E-1 5.42434E-1 5.24488E-1 5.39378E-1 5.40042E-1 5.34847E-1 5.38564E-1 5.41797E-1 5.36689E-1 5.29892E-1 5.318E-1 5.31657E-1 5.39994E-1 5.40982E-1 5.49129E-1 5.51325E-1 5.54299E-1 5.44445E-1 5.52163E-1 5.37297E-1 5.18551E-1 5.16576E-1 5.24309E-1 5.20148E-1 5.34765E-1 5.4748E-1 5.43205E-1 5.74037E-1 5.87475E-1 5.95833E-1 6.2095E-1 6.40235E-1 6.74904E-1 7.12006E-1 7.38674E-1 7.5024E-1 7.50671E-1 7.35964E-1 7.12925E-1 6.43421E-1 5.93329E-1 6.07668E-1 5.7277E-1 6.16463E-1 6.25478E-1 6.47756E-1 6.69226E-1 6.52807E-1 6.25042E-1
5.33385E-1 5.39985E-1 5.46591E-1 5.54244E-1 5.56662E-1 5.52057E-1 5.47198E-1 5.50651E-1 5.54366E-1 5.54389E-1 5.5238E-1 5.68674E-1 5.61096E-1 5.56139E-1 5.57884E-1 5.59536E-1 5.57687E-1 5.38697E-1 5.42522E-1 5.4372E-1 5.49688E-1 5.45364E-1 5.38786E-1 5.55315E-1 5.65614E-1 5.54738E-1 5.58116E-1 5.66852E-1 5.73567E-1 5.72197E-1 5.32361E-1 5.32841E-1 5.18741E-1 5.28307E-1 5.26032E-1 5.4552E-1 5.50923E-1 5.60957E-1 5.44835E-1 5.85672E-1 5.88429E-1 6.05435E-1 6.25305E-1 6.66791E-1 7.00937E-1 7.216E-1 7.35202E-1 7.60391E-1 7.64058E-1 7.57284E-1 7.60906E-1 6.88016E-1 6.56091E-1 6.25885E-1 6.23206E-1 6.08683E-1 6.30036E-1 6.56895E-1 6.6243E-1 6.35734E-1 6.08225E-1
5.47444E-1 5.50437E-1 5.51639E-1 5.56738E-1 5.63716E-1 5.66509E-1 5.41402E-1 5.47724E-1 5.52283E-1 5.51699E-1 5.48073E-1 5.52518E-1 5.54955E-1 5.4765E-1 5.50209E-1 5.62432E-1 5.50227E-1 5.46755E-1 5.43312E-1 5.36982E-1 5.49733E-1 5.52018E-1 5.55499E-1 5.6446E-1 5.741E-1 5.57343E-1 5.39502E-1 5.43438E-1 5.58634E-1 5.59626E-1 5.45422E-1 5.25443E-1 5.16764E-1 5.2727E-1 5.29082E-1 5.57899E-1 5.53691E-1 5.41555E-1 5.70683E-1 5.77481E-1 5.94704E-1 6.14938E-1 6.54549E-1 6.89237E-1 7.14057E-1 7.37811E-1 7.44099E-1 7.57057E-1 7.65995E-1 7.78307E-1 7.45382E-1 7.33865E-1 -9999 6.08084E-1 6.2566E-1 6.26741E-1 6.41941E-1 6.50957E-1 6.37486E-1 6.09725E-1 6.06043E-1
5.62102E-1 5.6201E-1 5.62979E-1 5.71298E-1 5.68075E-1 5.59099E-1 5.50801E-1 5.54849E-1 5.46654E-1 5.55606E-1 5.52854E-1 5.54327E-1 5.60152E-1 5.56371E-1 5.55881E-1 5.52638E-1 5.57073E-1 5.50403E-1 5.45295E-1 5.5503E-1 5.60964E-1 5.37568E-1 5.70076E-1 5.69765E-1 5.65211E-1 5.58064E-1 5.44483E-1 5.49441E-1 5.60249E-1 5.58707E-1 5.60766E-1 5.47317E-1 5.48672E-1 5.52647E-1 5.57439E-1 5.6466E-1 5.69008E-1 5.69872E-1 5.82209E-1 5.87554E-1 6.02444E-1 6.16882E-1 6.47632E-1 6.81434E-1 7.13624E-1 7.2131E-1 7.27688E-1 7.52579E-1 7.60489E-1 7.11036E-1 6.8461E-1 6.58521E-1 6.1358E-1 6.35796E-1 6.59405E-1 6.36357E-1 6.20216E-1 6.22781E-1 5.99587E-1 5.96988E-1 5.85746E-1
5.68577E-1 5.69342E-1 5.66571E-1 5.58277E-1 5.52714E-1 5.45767E-1 5.51935E-1 5.67609E-1 5.61345E-1 5.59667E-1 5.50727E-1 5.49997E-1 5.4857E-1 5.53691E-1 5.62496E-1 5.61641E-1 5.63573E-1 5.66484E-1 5.48356E-1 5.56755E-1 5.59839E-1 5.64519E-1 5.74736E-1 5.54527E-1 5.73211E-1 5.78911E-1 5.73406E-1 5.62386E-1 5.69476E-1 5.61381E-1 5.51007E-1 5.44845E-1 5.53357E-1 5.63024E-1 5.68189E-1 5.8198E-1 5.78364E-1 5.84214E-1 5.93825E-1 6.04293E-1 5.88901E-1 5.93676E-1 6.21438E-1 6.2876E-1 6.49745E-1 6.53486E-1 6.51616E-1 6.55808E-1 6.50909E-1 6.00876E-1 5.66729E-1 6.08157E-1 6.47355E-1 6.61994E-1 6.60847E-1 6.23964E-1 5.86551E-1 5.82898E-1 5.86799E-1 5.82985E-1 5.83414E-1
5.61209E-1 5.60647E-1 5.62134E-1 5.64413E-1 5.55823E-1 5.52211E-1 5.62098E-1 5.6047E-1 5.62129E-1 5.54556E-1 5.60054E-1 5.54785E-1 5.49517E-1 5.54263E-1 5.62594E-1 5.69128E-1 5.68381E-1 5.61489E-1 5.5886E-1 5.71543E-1 5.92604E-1 5.85008E-1 5.53505E-1 5.6551E-1 5.84873E-1 5.9096E-1 5.78678E-1 5.78931E-1 5.90707E-1 5.82975E-1 5.64237E-1 5.60905E-1 5.75015E-1 5.82123E-1 5.88036E-1 5.88266E-1 6.02704E-1 6.12063E-1 6.04939E-1 5.77317E-1 5.61585E-1 5.73643E-1 5.7438E-1 5.87531E-1 5.91595E-1 6.11979E-1 6.10223E-1 6.01542E-1 5.93575E-1 5.75127E-1 5.9681E-1 6.33557E-1 6.59279E-1 6.8269E-1 6.57618E-1 6.29423E-1 5.9467E-1 5.84895E-1 5.80223E-1 5.78503E-1 5.91182E-1
5.56774E-1 5.57268E-1 5.57021E-1 5.61415E-1 5.73473E-1 5.69728E-1 5.6092E-1 5.6073E-1 5.5001E-1 5.58053E-1 5.44348E-1 5.59387E-1 5.51288E-1 5.59884E-1 5.6762E-1 5.71938E-1 5.66323E-1 5.67085E-1 5.58181E-1 5.49212E-1 5.67872E-1 5.70608E-1 5.57022E-1 5.77541E-1 5.90497E-1 5.84204E-1 5.71854E-1 5.97197E-1 5.92875E-1 5.90305E-1 5.92118E-1 5.92563E-1 5.92401E-1 6.047E-1 6.02661E-1 6.08651E-1 6.09574E-1 6.09302E-1 6.03262E-1 5.76122E-1 5.62358E-1 5.74769E-1 5.82818E-1 5.92483E-1 5.96131E-1 5.99869E-1 6.09713E-1 6.0281E-1 5.87994E-1 5.82497E-1 6.08886E-1 6.60046E-1 6.97065E-1 6.7048E-1 6.40954E-1 6.2414E-1 6.16335E-1 5.96538E-1 5.78142E-1 5.77864E-1 5.80739E-1
5.45259E-1 5.52302E-1 5.51064E-1 5.59694E-1 5.61495E-1 5.51265E-1 5.53905E-1 5.56859E-1 5.50262E-1 5.49298E-1 5.4553E-1 5.51788E-1 5.64021E-1 5.59716E-1 5.551E-1 5.70154E-1 5.73051E-1 5.69767E-1 5.56958E-1 5.49753E-1 5.67742E-1 5.77481E-1 5.72132E-1 5.91676E-1 5.83152E-1 5.74196E-1 5.65138E-1 6.07316E-1 6.17418E-1 6.25827E-1 6.3062E-1 6.21241E-1 6.25632E-1 6.21769E-1 6.05005E-1 6.0449E-1 5.98665E-1 5.85723E-1 5.96577E-1 5.85068E-1 5.61679E-1 5.80311E-1 5.81722E-1 6.02026E-1 6.10115E-1 6.11906E-1 6.1864E-1 6.10826E-1 6.1164E-1 5.96401E-1 6.28153E-1 6.27038E-1 6.52636E-1 6.47231E-1 6.34957E-1 6.24603E-1 6.29441E-1 6.14358E-1 5.83994E-1 5.7334E-1 5.77447E-1
5.21233E-1 5.34611E-1 5.42288E-1 5.42422E-1 5.46528E-1 5.44819E-1 5.42122E-1 5.45382E-1 5.51307E-1 5.52572E-1 5.53156E-1 5.51628E-1 5.53385E-1 5.57762E-1 5.63692E-1 5.69318E-1 5.73509E-1 5.75627E-1 5.8438E-1 5.67401E-1 6.0423E-1 5.99875E-1 6.07953E-1 6.09443E-1 6.02456E-1 5.94147E-1 5.77193E-1 6.02391E-1 6.16197E-1 6.48214E-1 6.52534E-1 6.48782E-1 6.28681E-1 6.04043E-1 5.84927E-1 5.94575E-1 5.70808E-1 5.65752E-1 5.88045E-1 5.70664E-1 5.6046E-1 5.62302E-1 5.82047E-1 6.00374E-1 6.14916E-1 6.51455E-1 6.6471E-1 6.72196E-1 6.64906E-1 5.97408E-1 5.85017E-1 6.02914E-1 6.07438E-1 6.25013E-1 6.34138E-1 6.16479E-1 6.20063E-1 5.96307E-1 5.85664E-1 5.82864E-1 5.73924E-1
5.48029E-1 5.67188E-1 5.74528E-1 5.79785E-1 5.71776E-1 5.56101E-1 5.47375E-1 5.42307E-1 5.38548E-1 5.3344E-1 5.36504E-1 5.52445E-1 5.54481E-1 5.60128E-1 5.67385E-1 5.73668E-1 5.83499E-1 5.83216E-1 5.77498E-1 5.93172E-1 6.16135E-1 6.06869E-1 6.07158E-1 6.09024E-1 6.16005E-1 6.0696E-1 6.08069E-1 5.86539E-1 6.16296E-1 6.43679E-1 6.54732E-1 6.41097E-1 6.1754E-1 5.72306E-1 5.50593E-1 5.55885E-1 5.80635E-1 5.92717E-1 5.79136E-1 5.77645E-1 5.64633E-1 5.61159E-1 5.80424E-1 6.0202E-1 6.61964E-1 6.83597E-1 6.75909E-1 6.59144E-1 6.46233E-1 6.07932E-1 5.88922E-1 5.79633E-1 5.9173E-1 6.1658E-1 6.20307E-1 6.23959E-1 6.14202E-1 5.89063E-1 5.79666E-1 5.75957E-1 5.93225E-1
5.82936E-1 5.86837E-1 5.87599E-1 5.92173E-1 5.79958E-1 5.70385E-1 5.52027E-1 5.48353E-1 5.41987E-1 5.35816E-1 5.30445E-1 5.49332E-1 5.38434E-1 5.54114E-1 5.59215E-1 5.73748E-1 5.72019E-1 5.741E-1 5.75116E-1 5.98186E-1 6.23735E-1 6.14845E-1 6.26363E-1 6.25346E-1 6.25747E-1 6.06687E-1 6.10681E-1 6.19202E-1 6.43463E-1 6.46433E-1 6.34201E-1 6.25065E-1 5.81927E-1 5.44238E-1 5.55351E-1 5.83405E-1 5.83189E-1 5.73115E-1 5.74853E-1 6.01867E-1 5.92397E-1 5.89438E-1 5.90369E-1 6.23675E-1 6.56274E-1 6.79139E-1 6.53345E-1 6.39037E-1 6.31736E-1 6.40639E-1 6.23946E-1 5.91952E-1 5.94813E-1 6.21591E-1 6.16807E-1 6.11474E-1 6.00817E-1 5.91753E-1 5.88042E-1 5.8069E-1 6.08748E-1
6.13328E-1 6.12291E-1 6.09687E-1 6.12073E-1 6.10266E-1 5.93344E-1 5.77382E-1 5.65068E-1 5.52035E-1 5.52507E-1 5.47419E-1 5.40755E-1 5.3413E-1 5.40732E-1 5.45231E-1 5.49156E-1 5.57308E-1 5.81598E-1 5.871E-1 5.94285E-1 6.20751E-1 6.13423E-1 6.2643E-1 6.28568E-1 6.01799E-1 6.19034E-1 6.28115E-1 6.32128E-1 6.35734E-1 6.36997E-1 6.07708E-1 5.74396E-1 5.68978E-1 5.71129E-1 5.85378E-1 5.82381E-1 5.89252E-1 5.84859E-1 5.93393E-1 6.05019E-1 6.10824E-1 6.12129E-1 6.19207E-1 6.18711E-1 6.27927E-1 6.55953E-1 6.41265E-1 6.53287E-1 6.6028E-1 6.78497E-1 6.43023E-1 6.27107E-1 6.45952E-1 6.3337E-1 6.11943E-1 6.05723E-1 6.28135E-1 6.13713E-1 6.11171E-1 6.04266E-1 6.08742E-1
6.35153E-1 6.45936E-1 6.40312E-1 6.30186E-1 6.10966E-1 6.00344E-1 5.85402E-1 5.78492E-1 5.74105E-1 5.52868E-1 5.51085E-1 5.48551E-1 5.47948E-1 5.35652E-1 5.41023E-1 5.46558E-1 5.38719E-1 5.51908E-1 5.76682E-1 6.05389E-1 5.99416E-1 5.85125E-1 5.85714E-1 5.82975E-1 5.84871E-1 5.67994E-1 5.64934E-1 5.7824E-1 5.75867E-1 5.86921E-1 5.86023E-1 5.91235E-1 5.90179E-1 5.90852E-1 6.01631E-1 5.97315E-1 5.96476E-1 5.93961E-1 6.11785E-1 6.23141E-1 6.30532E-1 6.37492E-1 6.20985E-1 6.0274E-1 6.33121E-1 6.29246E-1 6.50585E-1 6.76033E-1 7.01944E-1 6.70257E-1 6.65203E-1 6.50565E-1 6.22829E-1 6.02248E-1 6.17085E-1 6.09869E-1 6.15714E-1 6.39198E-1 6.39233E-1 6.5348E-1 6.37697E-1
6.51261E-1 6.57333E-1 6.47993E-1 6.41541E-1 6.28113E-1 6.10014E-1 5.93784E-1 5.96603E-1 5.8802E-1 5.74835E-1 5.76102E-1 5.76203E-1 5.70981E-1 5.57915E-1 5.49542E-1 5.49539E-1 5.33327E-1 5.28744E-1 5.41674E-1 5.74873E-1 5.75371E-1 5.62981E-1 5.65067E-1 5.81244E-1 5.85372E-1 5.74004E-1 5.8204E-1 5.74694E-1 5.75059E-1 5.96076E-1 6.02832E-1 6.08723E-1 5.99853E-1 5.97724E-1 5.9637E-1 5.89295E-1 5.93037E-1 6.04628E-1 6.21056E-1 6.56725E-1 6.59026E-1 6.65614E-1 6.23806E-1 5.70485E-1 5.96701E-1 6.26278E-1 6.68589E-1 6.91726E-1 7.23842E-1 6.89012E-1 6.67853E-1 7.06779E-1 6.55578E-1 6.23713E-1 6.24813E-1 6.01249E-1 6.25486E-1 6.27433E-1 6.3282E-1 6.35973E-1 6.25729E-1
6.67506E-1 6.58566E-1 6.58236E-1 6.50693E-1 6.37993E-1 6.21723E-1 6.10317E-1 5.9442E-1 5.8534E-1 5.72853E-1 5.74195E-1 5.80328E-1 5.78789E-1 5.82164E-1 5.8107E-1 5.81632E-1 5.66113E-1 5.36572E-1 5.40622E-1 5.5714E-1 5.65103E-1 5.71447E-1 5.75456E-1 5.7894E-1 5.79019E-1 5.92336E-1 6.0024E-1 5.87214E-1 5.92383E-1 5.88578E-1 6.00501E-1 5.9588E-1 5.84605E-1 5.7122E-1 5.59491E-1 5.72212E-1 5.80052E-1 6.00192E-1 6.30064E-1 6.65318E-1 6.90032E-1 6.76966E-1 6.25247E-1 6.10658E-1 6.1814E-1 6.47234E-1 6.70772E-1 6.95446E-1 7.07608E-1 7.12052E-1 7.11764E-1 6.58604E-1 6.27543E-1 6.22245E-1 6.26275E-1 6.27252E-1 6.29427E-1 6.32171E-1 6.23666E-1 6.26896E-1 6.2401E-1
6.58509E-1 6.56E-1 6.52017E-1 6.38719E-1 6.39259E-1 6.29825E-1 6.21259E-1 6.03761E-1 5.9128E-1 5.93198E-1 5.96942E-1 5.93189E-1 5.91389E-1 5.93666E-1 5.9106E-1 5.94629E-1 5.74063E-1 5.66943E-1 5.63531E-1 5.73082E-1 5.86312E-1 5.85288E-1 5.76156E-1 5.77366E-1 5.94381E-1 6.08407E-1 5.92904E-1 5.98837E-1 6.02168E-1 6.03132E-1 5.98196E-1 5.98062E-1 5.81466E-1 5.51031E-1 5.34104E-1 5.46798E-1 5.64361E-1 5.87992E-1 6.41557E-1 6.81954E-1 6.8988E-1 6.73658E-1 6.36809E-1 6.53176E-1 6.46088E-1 6.4831E-1 6.32165E-1 6.4858E-1 6.73807E-1 6.62501E-1 6.69168E-1 6.6328E-1 6.80563E-1 6.74045E-1 6.43501E-1 6.30656E-1 6.37677E-1 6.36265E-1 6.26437E-1 6.33078E-1 6.31467E-1
