maxent_outputs/white_flowers_linear/white_345.asc
ncols         426
nrows         180
xllcorner     -130.0
yllcorner     24.0
cellsize      0.16666666666666666
NODATA_value  -9999
[rows 81 to 107 of 180, columns 122 to 182 of 426]
1.23276E-2 1.18109E-2 1.35538E-2 9.90413E-3 9.46108E-3 9.87281E-3 1.16601E-2 1.10037E-2 9.73064E-3 9.315E-3 8.69356E-3 8.44438E-3 8.19691E-3 7.63619E-3 7.04825E-3 5.99689E-3 5.01612E-3 4.86858E-3 4.25282E-3 4.30692E-3 4.5124E-3 4.50721E-3 3.55334E-3 3.37614E-3 7.90234E-3 1.6005E-2 2.80508E-2 3.24884E-2 3.15395E-2 3.57539E-2 3.54778E-2 3.45659E-2 3.54184E-2 3.67172E-2 3.85406E-2 3.84476E-2 3.97013E-2 4.18991E-2 4.09456E-2 3.88644E-2 4.11103E-2 4.48847E-2 4.72035E-2 4.90111E-2 5.18032E-2 5.20443E-2 5.32377E-2 5.26098E-2 5.19442E-2 5.30017E-2 5.72624E-2 5.93653E-2 5.99634E-2 6.11038E-2 6.10042E-2 6.35379E-2 6.81102E-2 6.80725E-2 6.83801E-2 6.83427E-2 6.84957E-2
1.223E-2 1.22375E-2 1.22837E-2 1.27513E-2 1.20652E-2 1.17551E-2 1.04614E-2 1.04957E-2 9.89327E-3 9.76217E-3 8.85655E-3 8.4802E-3 7.49517E-3 7.26792E-3 6.49879E-3 6.3365E-3 6.08349E-3 5.81071E-3 4.25635E-3 4.0628E-3 4.5465E-3 4.66485E-3 4.43372E-3 3.80157E-3 5.83419E-3 1.59309E-2 3.21606E-2 3.20887E-2 3.15828E-2 3.22046E-2 3.17653E-2 3.25144E-2 3.33575E-2 3.42001E-2 3.64525E-2 3.86394E-2 3.94463E-2 3.9588E-2 4.08163E-2 4.05326E-2 4.18902E-2 4.50519E-2 4.65801E-2 4.90835E-2 5.07229E-2 5.09263E-2 5.13029E-2 5.02602E-2 5.0401E-2 5.39682E-2 5.78835E-2 6.11401E-2 6.2433E-2 6.28297E-2 6.56233E-2 6.72245E-2 7.08237E-2 7.14852E-2 7.10062E-2 7.21364E-2 7.46796E-2
1.15732E-2 1.28618E-2 1.28002E-2 1.21733E-2 1.24585E-2 1.33511E-2 1.19084E-2 1.05745E-2 1.08307E-2 1.08777E-2 8.51479E-3 7.30132E-3 6.32649E-3 5.48702E-3 4.30734E-3 3.81198E-3 4.86196E-3 5.04511E-3 4.50773E-3 4.759E-3 4.42643E-3 4.47581E-3 3.89526E-3 4.09834E-3 4.56861E-3 1.43306E-2 3.44588E-2 3.37148E-2 3.10439E-2 3.16755E-2 3.19086E-2 3.25439E-2 3.28966E-2 3.39491E-2 3.62569E-2 3.64405E-2 3.68064E-2 3.88899E-2 3.92817E-2 4.05126E-2 4.3226E-2 4.53056E-2 4.72926E-2 4.86615E-2 5.2166E-2 5.39291E-2 5.53499E-2 5.52803E-2 5.51199E-2 6.04253E-2 6.11504E-2 6.16787E-2 6.32806E-2 6.55114E-2 6.74262E-2 6.81524E-2 6.98529E-2 7.09946E-2 7.16499E-2 7.32701E-2 7.63694E-2
1.33294E-2 1.48732E-2 1.50591E-2 1.54267E-2 1.52867E-2 1.64402E-2 1.22793E-2 1.04085E-2 1.07274E-2 9.7291E-3 7.6627E-3 6.69189E-3 6.49365E-3 4.22924E-3 2.78196E-3 3.57882E-3 5.98075E-3 7.00753E-3 6.18535E-3 4.85358E-3 4.43235E-3 4.40812E-3 4.14213E-3 3.78606E-3 6.33138E-3 1.16876E-2 2.77269E-2 3.91649E-2 3.91999E-2 3.46817E-2 3.34003E-2 3.28709E-2 3.38578E-2 3.38372E-2 3.63032E-2 3.69547E-2 3.71033E-2 3.81443E-2 3.82868E-2 4.03279E-2 4.28971E-2 4.54994E-2 4.65719E-2 4.73765E-2 5.08508E-2 5.62345E-2 5.58989E-2 5.82217E-2 6.02032E-2 5.95268E-2 5.90381E-2 5.99834E-2 6.47627E-2 6.70977E-2 6.94274E-2 7.05378E-2 7.14023E-2 7.17851E-2 7.19076E-2 7.35428E-2 7.5905E-2
1.45211E-2 1.45885E-2 1.49918E-2 1.68739E-2 1.68144E-2 1.51655E-2 1.05307E-2 9.7366E-3 1.00642E-2 8.8622E-3 7.5078E-3 6.2434E-3 5.68376E-3 2.97953E-3 3.3063E-3 6.8635E-3 6.69887E-3 4.87821E-3 4.79982E-3 3.86306E-3 3.46724E-3 3.89032E-3 2.62139E-3 3.60294E-3 8.60672E-3 1.26419E-2 2.41671E-2 4.25856E-2 4.47609E-2 3.63623E-2 3.16173E-2 3.24736E-2 3.31954E-2 3.29576E-2 3.64177E-2 3.77169E-2 3.88291E-2 3.73579E-2 3.68079E-2 3.95115E-2 4.24082E-2 4.51664E-2 4.61617E-2 4.84897E-2 4.8728E-2 4.97481E-2 5.42711E-2 5.61737E-2 5.56822E-2 5.84138E-2 6.20832E-2 6.2872E-2 6.42475E-2 6.81822E-2 7.0939E-2 7.16743E-2 7.32374E-2 7.43624E-2 7.57545E-2 7.65214E-2 7.87019E-2
1.53688E-2 1.5547E-2 1.5992E-2 1.38725E-2 1.4236E-2 1.28776E-2 9.03398E-3 8.89673E-3 7.29872E-3 8.217E-3 9.48434E-3 1.35233E-2 1.20015E-2 7.93491E-3 6.26075E-3 6.40053E-3 6.47205E-3 5.16342E-3 4.23958E-3 4.37648E-3 3.07502E-3 4.10426E-3 3.05983E-3 2.56718E-3 4.54409E-3 1.07365E-2 1.65486E-2 3.54971E-2 3.73823E-2 3.30191E-2 2.86574E-2 2.8557E-2 3.11477E-2 3.17546E-2 3.42855E-2 3.81621E-2 3.56816E-2 3.36386E-2 3.48901E-2 3.73843E-2 4.04294E-2 4.42663E-2 4.60825E-2 4.82674E-2 5.0337E-2 5.00644E-2 5.23944E-2 5.409E-2 5.74236E-2 6.02246E-2 6.11479E-2 6.19826E-2 6.5195E-2 6.80311E-2 7.14378E-2 7.42161E-2 7.5612E-2 7.78168E-2 8.04275E-2 8.25642E-2 8.32545E-2
1.30025E-2 1.49734E-2 1.79645E-2 2.03238E-2 2.29162E-2 2.16496E-2 1.44432E-2 1.4453E-2 1.59785E-2 1.59069E-2 8.63717E-3 8.96159E-3 8.95859E-3 6.4675E-3 7.70831E-3 5.98601E-3 4.7472E-3 4.11964E-3 2.7116E-3 2.85016E-3 2.48826E-3 2.42959E-3 3.15561E-3 4.19652E-3 5.44762E-3 1.05522E-2 1.40585E-2 2.23142E-2 2.57101E-2 2.47137E-2 2.28038E-2 2.48901E-2 2.70923E-2 2.77844E-2 2.89639E-2 3.04287E-2 2.95292E-2 3.20411E-2 3.50662E-2 3.72317E-2 3.95081E-2 4.30579E-2 4.6543E-2 4.91983E-2 5.16272E-2 5.10537E-2 5.28613E-2 5.60763E-2 5.82384E-2 5.92014E-2 6.0613E-2 6.25174E-2 6.46986E-2 6.73083E-2 7.14757E-2 7.53904E-2 7.82476E-2 8.106E-2 8.44387E-2 8.81647E-2 8.82581E-2
1.25012E-2 2.20602E-2 2.61004E-2 2.11047E-2 2.29376E-2 2.29466E-2 2.29149E-2 1.87239E-2 2.1953E-2 1.57611E-2 9.77758E-3 6.76295E-3 5.91674E-3 5.00471E-3 6.12331E-3 3.7104E-3 4.12995E-3 3.32831E-3 2.31151E-3 2.57612E-3 2.2486E-3 2.87378E-3 4.18951E-3 4.35297E-3 4.77142E-3 6.70744E-3 1.39546E-2 1.3445E-2 1.89963E-2 1.57385E-2 1.58608E-2 2.13187E-2 2.39903E-2 2.50353E-2 2.70187E-2 2.83254E-2 2.98241E-2 3.17227E-2 3.44492E-2 3.73326E-2 3.96318E-2 4.26579E-2 4.56333E-2 4.85782E-2 5.12393E-2 5.21732E-2 5.4262E-2 5.69475E-2 5.85043E-2 6.01667E-2 6.1675E-2 6.30586E-2 6.68525E-2 6.99618E-2 7.37365E-2 7.77501E-2 7.89554E-2 8.00202E-2 8.32233E-2 8.69328E-2 8.82213E-2
2.27545E-2 2.53083E-2 2.153E-2 2.54257E-2 2.3086E-2 2.0888E-2 2.92758E-2 3.07348E-2 1.32507E-2 6.87689E-3 5.08394E-3 3.81851E-3 5.20223E-3 5.84157E-3 3.95982E-3 1.9358E-3 1.94068E-3 2.18231E-3 1.53125E-3 2.22828E-3 2.9803E-3 3.39525E-3 4.21205E-3 4.32843E-3 5.14519E-3 7.32188E-3 8.27294E-3 8.56249E-3 1.2929E-2 1.43206E-2 1.45456E-2 1.93474E-2 2.13415E-2 2.27913E-2 2.57741E-2 3.00787E-2 3.32653E-2 3.54616E-2 3.55823E-2 3.59423E-2 3.84244E-2 4.02965E-2 4.33284E-2 4.72702E-2 4.95128E-2 5.25709E-2 5.84742E-2 6.07553E-2 6.48005E-2 6.5358E-2 6.43585E-2 6.58266E-2 6.98332E-2 7.27242E-2 7.5586E-2 7.87577E-2 7.96069E-2 8.11377E-2 8.21907E-2 8.62376E-2 8.97004E-2
2.30107E-2 2.2956E-2 2.50312E-2 2.21586E-2 1.16309E-2 9.9777E-3 1.72157E-2 2.94855E-2 2.02966E-2 1.07785E-2 1.48367E-2 9.58048E-3 1.00922E-2 6.94597E-3 4.69008E-3 2.2907E-3 1.90011E-3 1.83392E-3 1.78952E-3 1.68999E-3 3.38902E-3 5.10188E-3 4.38545E-3 4.18596E-3 5.00744E-3 6.16773E-3 6.17023E-3 5.12435E-3 1.49283E-2 2.4669E-2 2.11768E-2 2.3714E-2 2.17047E-2 2.5398E-2 2.99663E-2 3.45181E-2 3.76655E-2 3.89117E-2 3.97179E-2 4.07489E-2 4.05203E-2 4.20985E-2 4.24404E-2 4.52984E-2 5.03291E-2 5.50266E-2 6.16588E-2 6.63538E-2 6.83376E-2 6.88782E-2 7.18212E-2 7.31001E-2 7.27013E-2 7.54206E-2 7.88974E-2 8.1952E-2 8.22926E-2 8.286E-2 8.18588E-2 8.4968E-2 8.75045E-2
2.98403E-2 2.97914E-2 2.90058E-2 2.80654E-2 2.08187E-2 9.50817E-3 9.59545E-3 2.10608E-2 2.98077E-2 2.9645E-2 2.49358E-2 1.77969E-2 1.06802E-2 4.24582E-3 3.17464E-3 2.60634E-3 2.09277E-3 2.32829E-3 2.01872E-3 1.71987E-3 3.08736E-3 9.00269E-3 4.31612E-3 3.62951E-3 5.55335E-3 6.54104E-3 8.48255E-3 4.56482E-3 1.12356E-2 3.27812E-2 3.11992E-2 3.08324E-2 3.01953E-2 3.15894E-2 3.43937E-2 3.82375E-2 3.94263E-2 4.06934E-2 4.05304E-2 4.18228E-2 4.17309E-2 4.11173E-2 4.15799E-2 4.45653E-2 4.88265E-2 5.30295E-2 5.61972E-2 5.98561E-2 6.19389E-2 6.52369E-2 6.90358E-2 7.39842E-2 7.81299E-2 7.9904E-2 8.25147E-2 8.47353E-2 8.56152E-2 8.5662E-2 8.67701E-2 8.93726E-2 9.0563E-2
4.0185E-2 2.91269E-2 1.30017E-2 1.36863E-2 2.66866E-2 1.65187E-2 7.83887E-3 1.30852E-2 1.94463E-2 2.35721E-2 2.2647E-2 1.19352E-2 6.48336E-3 3.46503E-3 3.20798E-3 2.9271E-3 2.52142E-3 2.32996E-3 2.50058E-3 2.0296E-3 2.76864E-3 1.09811E-2 7.91576E-3 5.33488E-3 7.06421E-3 1.53942E-2 2.1923E-2 1.93392E-2 2.73098E-2 3.42479E-2 3.58028E-2 3.49606E-2 3.4781E-2 3.48366E-2 3.83176E-2 4.21907E-2 4.26863E-2 4.40589E-2 4.05937E-2 3.87272E-2 3.96974E-2 4.13859E-2 4.31E-2 4.56948E-2 4.85188E-2 5.21588E-2 5.4698E-2 5.70293E-2 6.03548E-2 6.31508E-2 6.65504E-2 6.86043E-2 7.07666E-2 7.18335E-2 7.56543E-2 7.80128E-2 8.03667E-2 8.21388E-2 8.35088E-2 8.70075E-2 9.19518E-2
3.29461E-2 2.58275E-2 9.90888E-3 1.29396E-2 2.6728E-2 2.71047E-2 1.63126E-2 9.22361E-3 8.56113E-3 1.18451E-2 1.7777E-2 1.21924E-2 5.03158E-3 3.27538E-3 3.27725E-3 2.87949E-3 2.34999E-3 2.47367E-3 2.40704E-3 2.51054E-3 2.55834E-3 4.57382E-3 7.28154E-3 1.49911E-2 1.93262E-2 2.3343E-2 3.55075E-2 4.59039E-2 4.23365E-2 3.90987E-2 3.8613E-2 3.82827E-2 3.87204E-2 3.847E-2 4.15736E-2 4.42351E-2 4.3589E-2 4.354E-2 4.25047E-2 4.0987E-2 4.14851E-2 4.31839E-2 4.4577E-2 4.72001E-2 4.76963E-2 5.11063E-2 5.38053E-2 5.67165E-2 5.92472E-2 6.29845E-2 6.65702E-2 6.76405E-2 7.03217E-2 7.04426E-2 7.40565E-2 7.71241E-2 8.05122E-2 8.37094E-2 8.7167E-2 9.17062E-2 9.52202E-2
2.47511E-2 2.10068E-2 1.71992E-2 2.08026E-2 2.77213E-2 2.28419E-2 2.34285E-2 1.81246E-2 1.0373E-2 6.24857E-3 6.67178E-3 1.04428E-2 4.67475E-3 3.04901E-3 2.92446E-3 2.69508E-3 1.99836E-3 1.97285E-3 2.47819E-3 3.0601E-3 3.61516E-3 4.34383E-3 5.61132E-3 4.51434E-3 9.67956E-3 1.14292E-2 1.04732E-2 2.92482E-2 3.949E-2 4.11965E-2 4.51775E-2 4.13476E-2 4.25283E-2 4.31082E-2 4.35708E-2 4.34789E-2 4.27955E-2 4.23795E-2 4.3063E-2 4.37592E-2 4.37708E-2 4.61942E-2 4.79347E-2 4.87887E-2 4.9933E-2 5.17929E-2 5.43461E-2 5.71897E-2 5.99839E-2 6.34171E-2 6.66753E-2 7.06223E-2 7.33372E-2 7.35658E-2 7.63484E-2 8.0751E-2 8.30979E-2 8.59454E-2 8.69172E-2 9.28833E-2 9.8365E-2
2.70906E-2 1.93177E-2 1.76056E-2 1.65409E-2 2.51813E-2 2.11584E-2 1.70503E-2 1.29736E-2 1.00051E-2 7.31191E-3 4.56275E-3 5.88418E-3 3.01843E-3 1.89055E-3 2.09213E-3 2.13568E-3 1.91292E-3 1.832E-3 2.86566E-3 3.43567E-3 5.62664E-3 6.82032E-3 6.46892E-3 4.94658E-3 3.877E-3 7.92479E-3 5.30806E-3 1.10524E-2 3.0217E-2 3.75075E-2 3.7671E-2 3.86493E-2 4.06265E-2 4.12032E-2 4.41213E-2 4.51949E-2 4.57024E-2 4.75355E-2 4.81477E-2 4.6954E-2 4.71804E-2 4.94513E-2 5.20058E-2 5.39306E-2 5.59638E-2 5.71348E-2 5.84922E-2 6.0055E-2 6.24812E-2 6.59863E-2 7.04757E-2 7.6584E-2 7.88451E-2 7.69198E-2 8.16287E-2 8.33004E-2 8.56369E-2 8.58722E-2 8.78686E-2 9.51022E-2 9.76677E-2
1.70198E-2 1.3322E-2 1.08303E-2 1.16059E-2 1.40045E-2 1.82279E-2 1.74062E-2 9.48905E-3 5.63777E-3 4.36493E-3 3.92858E-3 2.00845E-3 1.55878E-3 1.64055E-3 1.70878E-3 1.40147E-3 1.69058E-3 1.62523E-3 1.97888E-3 3.64031E-3 6.23001E-3 5.87604E-3 6.0396E-3 6.79558E-3 3.61039E-3 5.74801E-3 7.65284E-3 6.78707E-3 2.21408E-2 3.33919E-2 3.78714E-2 4.13491E-2 4.34025E-2 4.14632E-2 4.27392E-2 4.40305E-2 4.60959E-2 4.98978E-2 4.83708E-2 4.78837E-2 5.0068E-2 5.02842E-2 5.32829E-2 5.6288E-2 5.92724E-2 5.9629E-2 6.31426E-2 6.70321E-2 7.03618E-2 7.22316E-2 7.87694E-2 8.23184E-2 8.35401E-2 8.19799E-2 8.1934E-2 8.35989E-2 8.48379E-2 8.69274E-2 9.05341E-2 9.45365E-2 9.89806E-2
1.96302E-2 1.65699E-2 1.86309E-2 1.41528E-2 1.35582E-2 1.38255E-2 9.87009E-3 7.76636E-3 5.92891E-3 4.55643E-3 2.98806E-3 2.39355E-3 1.75777E-3 1.58516E-3 1.88632E-3 1.97157E-3 2.41671E-3 2.6066E-3 3.73877E-3 5.19848E-3 6.25218E-3 5.68248E-3 6.1648E-3 6.94916E-3 8.23411E-3 6.06923E-3 1.29488E-2 1.95622E-2 2.99979E-2 3.66604E-2 3.58396E-2 3.70942E-2 4.43077E-2 4.51231E-2 4.38486E-2 4.5378E-2 5.08603E-2 5.73033E-2 5.27898E-2 5.15595E-2 5.09604E-2 5.16683E-2 5.26515E-2 5.44007E-2 5.87616E-2 6.18854E-2 6.44452E-2 6.8402E-2 7.14303E-2 7.60272E-2 7.84032E-2 8.12523E-2 8.60845E-2 8.74756E-2 8.77901E-2 8.82852E-2 8.89226E-2 9.12678E-2 9.34722E-2 9.77951E-2 1.03853E-1
2.95997E-2 2.63042E-2 3.04371E-2 2.64778E-2 1.9262E-2 1.45525E-2 1.33781E-2 1.01106E-2 7.44862E-3 5.80054E-3 5.94699E-3 4.89191E-3 2.22391E-3 2.46354E-3 2.94428E-3 2.37905E-3 2.10074E-3 3.37346E-3 3.21761E-3 4.11431E-3 5.5338E-3 5.36122E-3 5.85798E-3 6.66644E-3 6.34752E-3 3.45319E-3 4.92409E-3 1.25206E-2 2.40734E-2 3.26229E-2 3.3478E-2 3.96541E-2 4.01818E-2 4.11396E-2 4.16831E-2 5.08692E-2 5.9513E-2 6.10788E-2 5.70623E-2 5.67367E-2 4.82781E-2 4.80455E-2 5.17618E-2 5.50581E-2 6.05813E-2 6.58761E-2 7.00523E-2 7.39656E-2 7.77012E-2 8.06631E-2 7.99087E-2 8.10618E-2 8.55788E-2 8.84065E-2 9.11787E-2 8.867E-2 8.94935E-2 9.3506E-2 9.6256E-2 1.00317E-1 1.03997E-1
3.65926E-2 3.2997E-2 3.17865E-2 2.97661E-2 2.87332E-2 2.17429E-2 1.71811E-2 1.38646E-2 9.13536E-3 4.94214E-3 8.98117E-3 6.38453E-3 5.50096E-3 5.20325E-3 5.60655E-3 4.02225E-3 4.79599E-3 3.10824E-3 2.12614E-3 2.95575E-3 4.94754E-3 5.55216E-3 6.07503E-3 6.73614E-3 7.39838E-3 7.08822E-3 4.94506E-3 7.51004E-3 1.16795E-2 2.30872E-2 3.25253E-2 3.31615E-2 3.60264E-2 3.6938E-2 4.09312E-2 4.86934E-2 4.93708E-2 4.84957E-2 4.5746E-2 4.77167E-2 4.81395E-2 5.18832E-2 5.6218E-2 5.95786E-2 6.48354E-2 6.89042E-2 7.2358E-2 7.58893E-2 8.08054E-2 8.38347E-2 8.72176E-2 8.83894E-2 8.94303E-2 9.13232E-2 9.34664E-2 9.58079E-2 1.0036E-1 9.89262E-2 9.76725E-2 1.0422E-1 1.07995E-1
3.6586E-2 3.61062E-2 3.65269E-2 3.34559E-2 2.95955E-2 2.38133E-2 2.02429E-2 1.61961E-2 1.40853E-2 9.58316E-3 1.2748E-2 1.05886E-2 9.71465E-3 8.86556E-3 8.55736E-3 6.72067E-3 6.22469E-3 3.72296E-3 2.07783E-3 2.90928E-3 4.14186E-3 5.95221E-3 6.70493E-3 7.98054E-3 7.07102E-3 6.52366E-3 3.40605E-3 4.56774E-3 1.50218E-2 2.11045E-2 2.96419E-2 3.60363E-2 3.54105E-2 3.67561E-2 4.01397E-2 4.08205E-2 3.69576E-2 3.65766E-2 4.28192E-2 4.65176E-2 4.91645E-2 5.48067E-2 5.91351E-2 6.30423E-2 6.65808E-2 7.12841E-2 7.48605E-2 7.88468E-2 8.32654E-2 8.67839E-2 8.96962E-2 9.24731E-2 9.64853E-2 9.66664E-2 9.80598E-2 1.02305E-1 1.05048E-1 1.09378E-1 1.1094E-1 1.13967E-1 1.21262E-1
3.30138E-2 3.07276E-2 3.20863E-2 3.53546E-2 2.82917E-2 2.77768E-2 2.81351E-2 2.13061E-2 1.63525E-2 1.65877E-2 1.79563E-2 1.33629E-2 1.28741E-2 1.4208E-2 1.16869E-2 9.66951E-3 6.86241E-3 5.11547E-3 3.14463E-3 2.60316E-3 3.60156E-3 6.02961E-3 6.75746E-3 7.61416E-3 6.77381E-3 5.4503E-3 2.88912E-3 6.77161E-3 1.57293E-2 2.147E-2 2.63528E-2 1.89225E-2 3.11123E-2 3.73494E-2 3.60282E-2 3.61346E-2 3.92481E-2 4.57569E-2 5.4954E-2 6.09932E-2 6.39031E-2 6.38742E-2 6.68698E-2 7.07388E-2 7.60646E-2 7.75851E-2 8.01774E-2 8.28456E-2 8.54768E-2 9.27933E-2 9.27473E-2 9.54528E-2 9.8147E-2 1.02332E-1 1.06167E-1 1.11444E-1 1.15544E-1 1.21567E-1 1.26744E-1 1.28805E-1 1.31033E-1
3.16507E-2 3.08115E-2 2.92215E-2 3.48352E-2 3.30383E-2 2.83749E-2 2.767E-2 2.67998E-2 2.43734E-2 2.13819E-2 2.23591E-2 1.94373E-2 1.9084E-2 1.66916E-2 1.25487E-2 9.71032E-3 7.61525E-3 5.43757E-3 5.07352E-3 2.51265E-3 3.3145E-3 4.63226E-3 6.33648E-3 6.42467E-3 6.68766E-3 4.40344E-3 3.1578E-3 9.74926E-3 1.31596E-2 1.57575E-2 1.95413E-2 1.97648E-2 1.51192E-2 2.04858E-2 2.92409E-2 4.12839E-2 4.6401E-2 5.64733E-2 6.40018E-2 6.99855E-2 7.45816E-2 7.26364E-2 7.68169E-2 7.66258E-2 7.52104E-2 7.6024E-2 7.87423E-2 8.16445E-2 8.74401E-2 9.30455E-2 9.30243E-2 9.57993E-2 9.86532E-2 1.0054E-1 1.07855E-1 1.13138E-1 1.18026E-1 1.27213E-1 1.28756E-1 1.30376E-1 1.33952E-1
3.12937E-2 2.97688E-2 2.42979E-2 2.70675E-2 3.28693E-2 2.77838E-2 2.87979E-2 2.93014E-2 2.80588E-2 2.71175E-2 2.46685E-2 2.30283E-2 2.07177E-2 1.50603E-2 1.11832E-2 8.59939E-3 7.89087E-3 7.42273E-3 6.45518E-3 3.98121E-3 3.03194E-3 4.44307E-3 6.09392E-3 7.06994E-3 6.53725E-3 3.74389E-3 4.04097E-3 1.12982E-2 1.73545E-2 2.12859E-2 2.58953E-2 2.55459E-2 2.27385E-2 1.95979E-2 2.29065E-2 3.37327E-2 4.0336E-2 4.803E-2 5.45034E-2 6.31413E-2 6.59772E-2 6.71063E-2 6.67906E-2 6.70585E-2 6.94056E-2 7.43705E-2 7.86655E-2 8.64618E-2 9.38168E-2 9.66579E-2 9.85174E-2 9.98516E-2 1.05331E-1 1.08734E-1 1.10942E-1 1.1643E-1 1.20072E-1 1.26009E-1 1.29232E-1 1.31187E-1 1.38218E-1
3.20807E-2 3.02545E-2 2.47626E-2 2.50574E-2 2.7619E-2 2.58531E-2 2.79028E-2 2.69644E-2 2.35285E-2 2.40269E-2 2.27139E-2 2.19588E-2 2.00842E-2 1.44155E-2 1.18342E-2 8.8891E-3 8.4615E-3 9.23196E-3 7.2239E-3 5.51538E-3 4.72695E-3 7.2275E-3 7.76891E-3 9.33062E-3 6.87676E-3 3.36504E-3 5.1847E-3 1.24995E-2 2.28909E-2 2.78262E-2 2.67749E-2 2.72517E-2 2.20976E-2 2.18991E-2 2.5841E-2 3.2309E-2 4.01404E-2 4.68345E-2 5.59694E-2 6.27051E-2 6.32064E-2 6.69665E-2 6.84042E-2 7.14286E-2 7.40756E-2 7.94548E-2 8.42184E-2 8.98957E-2 9.50173E-2 1.00533E-1 1.02604E-1 1.08138E-1 1.05364E-1 9.90744E-2 1.03412E-1 1.09956E-1 1.17368E-1 1.2225E-1 1.28103E-1 1.32796E-1 1.37253E-1
3.2906E-2 2.84462E-2 2.02661E-2 1.3864E-2 2.44791E-2 2.77308E-2 2.93267E-2 2.70008E-2 2.28832E-2 2.17156E-2 1.7396E-2 1.71485E-2 1.78648E-2 1.34694E-2 1.17961E-2 9.26708E-3 9.08527E-3 1.02492E-2 8.70467E-3 8.93584E-3 8.81103E-3 1.46263E-2 1.22724E-2 1.1616E-2 1.10704E-2 6.0457E-3 4.9659E-3 8.38612E-3 2.50773E-2 2.76803E-2 2.77534E-2 2.80533E-2 2.71605E-2 3.02903E-2 3.19377E-2 3.56732E-2 4.37477E-2 5.16734E-2 5.82657E-2 6.27658E-2 6.4241E-2 6.93023E-2 7.10767E-2 7.44545E-2 7.42554E-2 7.75376E-2 8.21185E-2 8.87529E-2 9.59391E-2 9.93889E-2 1.03409E-1 1.06897E-1 9.99482E-2 9.97977E-2 1.02111E-1 1.10346E-1 1.15996E-1 1.2151E-1 1.25841E-1 1.31243E-1 1.39153E-1
3.06629E-2 2.29554E-2 1.51995E-2 1.15853E-2 1.58885E-2 2.89647E-2 2.84607E-2 2.67888E-2 2.44968E-2 2.14459E-2 1.79301E-2 1.54447E-2 1.53908E-2 1.22451E-2 1.02193E-2 9.21846E-3 8.28551E-3 8.53034E-3 1.45284E-2 1.88769E-2 2.17673E-2 2.08705E-2 1.83512E-2 1.33319E-2 8.82688E-3 4.4748E-3 6.8513E-3 1.16048E-2 2.22971E-2 2.83107E-2 2.83874E-2 2.98278E-2 2.87863E-2 3.11431E-2 3.82165E-2 4.2131E-2 5.02402E-2 5.66702E-2 6.02488E-2 6.29534E-2 6.41542E-2 6.79667E-2 7.09319E-2 7.51036E-2 7.7157E-2 7.8728E-2 8.34634E-2 9.01959E-2 9.61429E-2 1.01447E-1 1.07806E-1 1.06341E-1 1.04338E-1 1.09168E-1 1.16593E-1 1.21198E-1 1.25599E-1 1.30308E-1 1.34031E-1 1.35199E-1 1.34314E-1
2.81416E-2 2.34113E-2 1.56897E-2 1.22116E-2 1.04326E-2 2.11136E-2 2.89245E-2 2.71994E-2 2.53064E-2 2.251E-2 1.86931E-2 1.56979E-2 1.27336E-2 1.16448E-2 1.03235E-2 9.85442E-3 7.87867E-3 5.98007E-3 6.7763E-3 7.71931E-3 1.80125E-2 2.60779E-2 2.04329E-2 1.00843E-2 4.39881E-3 8.29521E-3 1.44344E-2 1.66152E-2 2.02955E-2 2.53803E-2 2.86621E-2 3.58588E-2 3.11846E-2 3.4006E-2 4.25568E-2 5.53255E-2 6.20019E-2 6.04959E-2 6.46463E-2 6.5141E-2 6.76423E-2 7.10812E-2 7.48754E-2 7.62263E-2 7.72976E-2 8.00167E-2 8.58419E-2 9.07719E-2 9.91811E-2 1.04494E-1 1.06845E-1 1.10585E-1 1.13773E-1 1.17093E-1 1.22491E-1 1.24411E-1 1.25099E-1 1.2775E-1 1.33944E-1 1.34147E-1 1.373E-1
