maxent_outputs/white_flowers_linear/white_163.asc
ncols         426
nrows         180
xllcorner     -130.0
yllcorner     24.0
cellsize      0.16666666666666666
NODATA_value  -9999
[rows 108 to 134 of 180, columns 61 to 121 of 426]
4.57693E-1 4.74917E-1 4.47245E-1 4.72673E-1 4.76171E-1 4.54895E-1 5.34498E-1 5.85718E-1 5.79011E-1 5.48618E-1 5.50018E-1 5.01774E-1 4.43308E-1 5.00216E-1 5.05565E-1 4.32959E-1 5.2422E-1 4.68078E-1 4.16575E-1 4.56102E-1 4.66509E-1 3.98644E-1 4.46492E-1 4.2448E-1 4.16736E-1 4.905E-1 4.91265E-1 4.42789E-1 4.63291E-1 4.23771E-1 4.55863E-1 4.55962E-1 4.26336E-1 4.40463E-1 4.49941E-1 4.83313E-1 4.58825E-1 4.78875E-1 4.9062E-1 5.006E-1 4.97463E-1 4.34858E-1 4.06259E-1 4.02721E-1 4.11219E-1 4.36381E-1 4.61496E-1 4.83049E-1 4.58607E-1 4.38205E-1 3.90191E-1 3.8877E-1 4.03724E-1 4.10243E-1 4.07154E-1 4.17666E-1 4.09467E-1 4.17054E-1 4.22991E-1 4.48639E-1 4.03438E-1
4.60793E-1 4.44784E-1 4.54023E-1 4.75652E-1 4.75069E-1 4.4988E-1 5.23049E-1 5.86296E-1 5.46152E-1 5.52143E-1 5.53358E-1 5.03185E-1 3.9269E-1 4.14503E-1 4.43374E-1 4.41759E-1 4.44602E-1 4.35783E-1 4.41793E-1 4.10044E-1 4.13561E-1 4.14452E-1 4.36255E-1 5.22189E-1 4.54008E-1 4.14855E-1 4.53629E-1 4.37252E-1 4.59294E-1 4.53783E-1 4.74116E-1 4.63588E-1 4.40592E-1 4.87243E-1 4.35152E-1 4.85813E-1 4.70315E-1 4.51621E-1 4.63335E-1 5.04052E-1 4.8807E-1 4.5002E-1 4.223E-1 3.98579E-1 4.03486E-1 4.01774E-1 4.14227E-1 4.29404E-1 4.32484E-1 4.24969E-1 3.9461E-1 3.81641E-1 4.00411E-1 3.99934E-1 4.02661E-1 3.94277E-1 3.9212E-1 4.23475E-1 4.19694E-1 4.15785E-1 4.11847E-1
4.79826E-1 4.64794E-1 4.84132E-1 4.86233E-1 4.73703E-1 4.53239E-1 5.26947E-1 5.63624E-1 5.49876E-1 5.20642E-1 5.5111E-1 4.7395E-1 4.43004E-1 4.35074E-1 4.09531E-1 4.29241E-1 4.33112E-1 4.65419E-1 4.47199E-1 4.44752E-1 4.56341E-1 4.11752E-1 4.05517E-1 4.4811E-1 4.41757E-1 4.99678E-1 4.24105E-1 4.97025E-1 5.04791E-1 4.83953E-1 4.74195E-1 4.8543E-1 4.51422E-1 4.91143E-1 4.21493E-1 4.11585E-1 4.8533E-1 4.49724E-1 4.53412E-1 4.49941E-1 4.60454E-1 4.53864E-1 4.48735E-1 4.19827E-1 4.10493E-1 4.11605E-1 4.20632E-1 4.31084E-1 4.33121E-1 4.3146E-1 4.1159E-1 3.84548E-1 3.91311E-1 3.89524E-1 3.90732E-1 3.95797E-1 4.08424E-1 4.164E-1 4.07625E-1 3.91846E-1 4.06226E-1
4.85278E-1 4.69236E-1 4.77695E-1 4.76478E-1 4.84812E-1 4.66362E-1 5.00064E-1 5.79331E-1 5.82058E-1 5.50657E-1 5.09024E-1 4.73648E-1 4.60912E-1 4.65599E-1 4.41117E-1 4.53838E-1 4.55971E-1 4.43835E-1 4.53654E-1 4.6052E-1 4.56165E-1 4.40143E-1 4.08733E-1 4.6972E-1 4.55973E-1 4.82971E-1 4.43765E-1 4.61253E-1 5.06613E-1 4.73751E-1 4.52027E-1 4.6239E-1 4.90032E-1 4.94001E-1 5.03293E-1 4.16473E-1 4.57074E-1 4.47628E-1 4.6402E-1 4.4019E-1 4.35302E-1 4.58875E-1 4.67814E-1 4.43902E-1 4.51747E-1 4.47967E-1 4.63175E-1 4.87104E-1 5.03874E-1 4.74492E-1 4.31896E-1 4.1062E-1 3.9437E-1 3.89485E-1 3.84929E-1 3.96187E-1 4.25639E-1 4.35921E-1 4.20332E-1 3.96044E-1 4.06276E-1
4.92825E-1 4.77634E-1 4.72483E-1 4.68473E-1 4.8497E-1 4.7354E-1 4.9264E-1 5.559E-1 5.65382E-1 5.63072E-1 4.92604E-1 4.32611E-1 4.49677E-1 4.27825E-1 4.29485E-1 4.46892E-1 4.09972E-1 4.28018E-1 4.50823E-1 4.38138E-1 4.08856E-1 4.42423E-1 3.92973E-1 4.06713E-1 4.71935E-1 4.88771E-1 4.88529E-1 5.09016E-1 4.93062E-1 4.55926E-1 5.0604E-1 4.67864E-1 5.16413E-1 4.52258E-1 4.99395E-1 4.47271E-1 4.71053E-1 4.77762E-1 4.61321E-1 4.46455E-1 4.63631E-1 4.35117E-1 4.66904E-1 4.35079E-1 4.58568E-1 4.99826E-1 4.84009E-1 4.61483E-1 4.95447E-1 4.89607E-1 4.35378E-1 4.35688E-1 4.27219E-1 3.8945E-1 3.78838E-1 4.03958E-1 4.19033E-1 4.27106E-1 4.09602E-1 4.01352E-1 4.02368E-1
5.01072E-1 4.85127E-1 4.85187E-1 4.87589E-1 4.88315E-1 4.83024E-1 4.98319E-1 5.61597E-1 5.43749E-1 5.19433E-1 4.50405E-1 4.25033E-1 4.25625E-1 4.28831E-1 4.1383E-1 4.05689E-1 4.28582E-1 4.40984E-1 4.07756E-1 4.22344E-1 4.07049E-1 4.00177E-1 3.69714E-1 3.98895E-1 4.60628E-1 4.50159E-1 5.15309E-1 5.00385E-1 4.72798E-1 4.52373E-1 4.66094E-1 4.32148E-1 5.05035E-1 4.47667E-1 4.86828E-1 5.54601E-1 4.83773E-1 4.7278E-1 4.82747E-1 4.53694E-1 4.56961E-1 4.77099E-1 4.38221E-1 4.60631E-1 4.48116E-1 5.02699E-1 5.08551E-1 5.04259E-1 4.98061E-1 4.79498E-1 4.55324E-1 4.48994E-1 4.37962E-1 4.1573E-1 3.9689E-1 3.90499E-1 3.93866E-1 4.04588E-1 3.95319E-1 4.1916E-1 4.14095E-1
5.35912E-1 5.10369E-1 5.12316E-1 5.31189E-1 5.46548E-1 5.26283E-1 5.54274E-1 5.51171E-1 5.01084E-1 4.67829E-1 4.4525E-1 4.25302E-1 4.23835E-1 4.30155E-1 4.18819E-1 4.02188E-1 4.12271E-1 4.28768E-1 4.22334E-1 4.00976E-1 4.42304E-1 4.30248E-1 4.34256E-1 4.10629E-1 4.05004E-1 4.88332E-1 4.66163E-1 4.50158E-1 4.49075E-1 4.49815E-1 4.46442E-1 4.10151E-1 4.62858E-1 4.76932E-1 4.62743E-1 5.5486E-1 4.95782E-1 4.71096E-1 4.8602E-1 4.98866E-1 4.74777E-1 5.19468E-1 4.46703E-1 4.16723E-1 4.36689E-1 4.39826E-1 4.76689E-1 5.06317E-1 5.22929E-1 5.09026E-1 4.72444E-1 4.51488E-1 4.37651E-1 4.32183E-1 4.17091E-1 4.11023E-1 3.92639E-1 3.96575E-1 3.90932E-1 4.05752E-1 4.10177E-1
6.05848E-1 5.9094E-1 5.36118E-1 5.42373E-1 5.29896E-1 5.44889E-1 5.38446E-1 5.27471E-1 4.81903E-1 4.4633E-1 4.26235E-1 4.17091E-1 4.30749E-1 4.41186E-1 4.28729E-1 4.39011E-1 4.5207E-1 4.59298E-1 4.79248E-1 4.52986E-1 4.31004E-1 4.33902E-1 4.2916E-1 4.50837E-1 4.96185E-1 4.8027E-1 4.64086E-1 4.1855E-1 4.68697E-1 4.30026E-1 4.60821E-1 4.31542E-1 4.29725E-1 4.23753E-1 4.28812E-1 4.93103E-1 5.02228E-1 4.38331E-1 4.95444E-1 4.72738E-1 4.86376E-1 5.05831E-1 4.67317E-1 4.42734E-1 4.26119E-1 4.67626E-1 4.79458E-1 4.3856E-1 4.72971E-1 4.99337E-1 5.00373E-1 4.43638E-1 4.39255E-1 4.40247E-1 4.28317E-1 4.21125E-1 4.19825E-1 4.0948E-1 4.03112E-1 4.02737E-1 4.03994E-1
6.365E-1 6.0667E-1 6.04337E-1 5.92823E-1 5.65104E-1 5.81717E-1 5.78228E-1 5.78162E-1 5.50566E-1 4.91835E-1 4.57782E-1 4.35587E-1 4.29323E-1 4.34435E-1 4.40759E-1 4.54351E-1 4.71986E-1 4.55802E-1 4.70691E-1 4.6718E-1 4.6461E-1 4.61213E-1 4.44015E-1 4.37738E-1 4.40355E-1 4.31477E-1 4.22887E-1 4.72938E-1 4.63957E-1 4.29431E-1 4.16428E-1 4.69856E-1 4.45375E-1 4.70016E-1 4.3682E-1 4.18171E-1 4.67898E-1 4.44153E-1 4.59281E-1 4.76729E-1 4.87746E-1 4.78522E-1 4.77057E-1 4.97093E-1 4.76482E-1 4.56459E-1 4.90423E-1 4.37663E-1 4.45671E-1 4.9541E-1 4.83645E-1 4.72103E-1 4.71718E-1 4.59215E-1 4.49566E-1 4.39805E-1 4.15888E-1 4.18802E-1 4.17121E-1 4.2295E-1 4.20796E-1
6.966E-1 6.79088E-1 6.72286E-1 6.28597E-1 6.29982E-1 6.15842E-1 5.80777E-1 5.62497E-1 5.53048E-1 5.3024E-1 5.08596E-1 5.01481E-1 4.9347E-1 4.62631E-1 4.5717E-1 4.53872E-1 4.70447E-1 4.5675E-1 4.55438E-1 4.37413E-1 4.50767E-1 4.57017E-1 4.73523E-1 4.62375E-1 4.36189E-1 3.99567E-1 4.06248E-1 4.49037E-1 4.45239E-1 4.31003E-1 4.34542E-1 4.13482E-1 4.32261E-1 4.42546E-1 4.49153E-1 4.28525E-1 4.44341E-1 4.44109E-1 4.68239E-1 4.6157E-1 4.62565E-1 4.65339E-1 4.63752E-1 4.8581E-1 5.39911E-1 4.83958E-1 4.44147E-1 4.86006E-1 4.68053E-1 5.00885E-1 5.21325E-1 5.09886E-1 5.12065E-1 4.96065E-1 4.75922E-1 4.56622E-1 4.50549E-1 4.39593E-1 4.318E-1 4.48209E-1 4.59886E-1
-9999 -9999 7.0837E-1 7.03479E-1 6.76547E-1 6.51747E-1 6.03949E-1 6.03599E-1 6.12062E-1 5.95865E-1 5.77219E-1 5.86722E-1 5.66546E-1 5.63276E-1 5.50699E-1 5.44404E-1 5.46198E-1 5.51405E-1 5.40944E-1 5.13612E-1 4.55141E-1 4.29619E-1 4.2277E-1 4.37438E-1 4.54585E-1 4.27206E-1 3.97238E-1 4.16183E-1 4.05798E-1 4.58858E-1 4.68099E-1 4.30455E-1 4.56642E-1 4.50723E-1 4.44562E-1 4.25454E-1 4.31833E-1 4.2883E-1 4.06895E-1 4.24579E-1 4.38011E-1 4.68715E-1 4.998E-1 4.65008E-1 5.15117E-1 4.98884E-1 4.5197E-1 4.87549E-1 4.87579E-1 4.92361E-1 4.65881E-1 4.7988E-1 4.98816E-1 5.09888E-1 4.98619E-1 4.98491E-1 4.92347E-1 4.86595E-1 4.70542E-1 4.75157E-1 4.90393E-1
7.69799E-1 7.63966E-1 8.54758E-1 7.59119E-1 7.3017E-1 6.9714E-1 6.72816E-1 6.77003E-1 6.99021E-1 6.48183E-1 6.08504E-1 6.04914E-1 5.87014E-1 5.70815E-1 5.65797E-1 5.47635E-1 5.49227E-1 5.88436E-1 5.77427E-1 5.32947E-1 5.00516E-1 4.73677E-1 4.79795E-1 4.6179E-1 4.27186E-1 4.41355E-1 4.56167E-1 4.29107E-1 4.21962E-1 4.09813E-1 4.15401E-1 4.3055E-1 4.11786E-1 4.01633E-1 4.01125E-1 4.06318E-1 4.17943E-1 4.16371E-1 4.50034E-1 4.29004E-1 4.13452E-1 4.14545E-1 4.42214E-1 4.91371E-1 5.05997E-1 5.17225E-1 4.83285E-1 4.97591E-1 4.71225E-1 5.08528E-1 4.9445E-1 4.80516E-1 4.80705E-1 4.84903E-1 4.93215E-1 4.90207E-1 4.8853E-1 4.93706E-1 5.10146E-1 5.24867E-1 5.48405E-1
7.72733E-1 7.505E-1 -9999 -9999 -9999 -9999 -9999 -9999 7.3202E-1 6.75437E-1 6.47293E-1 6.38412E-1 6.15443E-1 5.91879E-1 5.65265E-1 5.3311E-1 5.14562E-1 5.24309E-1 5.40651E-1 4.92803E-1 4.83666E-1 5.10004E-1 5.05525E-1 4.87556E-1 4.43946E-1 4.48226E-1 4.53874E-1 4.37472E-1 4.65174E-1 4.4648E-1 4.19498E-1 4.41949E-1 4.19588E-1 3.93098E-1 4.08537E-1 3.97779E-1 4.14093E-1 4.47017E-1 4.10902E-1 4.13751E-1 4.05689E-1 4.22246E-1 4.40842E-1 4.54837E-1 4.72509E-1 4.67756E-1 4.66793E-1 4.88902E-1 4.78276E-1 4.94177E-1 5.0828E-1 4.6895E-1 5.08431E-1 5.14529E-1 4.8393E-1 4.91777E-1 4.90044E-1 4.66044E-1 5.02413E-1 5.19505E-1 5.83024E-1
-9999 -9999 -9999 -9999 -9999 -9999 -9999 -9999 7.48802E-1 7.11016E-1 6.87711E-1 6.76072E-1 6.58979E-1 6.06973E-1 5.47272E-1 4.87595E-1 4.83736E-1 5.03877E-1 5.70959E-1 5.59907E-1 4.78454E-1 4.64915E-1 4.88386E-1 4.89517E-1 4.73653E-1 4.77203E-1 4.43625E-1 4.10436E-1 4.71575E-1 4.57185E-1 4.32229E-1 4.49852E-1 4.23483E-1 4.03898E-1 4.43682E-1 4.01631E-1 4.24627E-1 4.19723E-1 4.54922E-1 4.58658E-1 4.37657E-1 4.24811E-1 4.09183E-1 4.0787E-1 4.24345E-1 4.40526E-1 4.402E-1 4.52152E-1 4.51514E-1 4.74912E-1 5.15332E-1 4.69974E-1 4.83226E-1 5.12605E-1 4.76057E-1 5.03907E-1 4.97818E-1 4.7466E-1 4.73789E-1 4.93007E-1 5.39336E-1
-9999 -9999 -9999 -9999 -9999 -9999 -9999 -9999 -9999 -9999 7.60225E-1 7.42002E-1 6.89961E-1 6.43574E-1 5.9699E-1 5.37518E-1 5.08812E-1 5.0344E-1 5.18951E-1 5.36537E-1 5.39105E-1 4.79041E-1 4.55949E-1 4.97651E-1 4.91705E-1 4.57311E-1 4.82017E-1 4.68389E-1 4.25951E-1 4.19011E-1 4.20467E-1 4.15842E-1 4.51431E-1 4.27289E-1 4.62054E-1 4.52208E-1 3.99148E-1 3.97069E-1 3.95114E-1 3.92905E-1 4.28212E-1 4.20988E-1 4.013E-1 4.52521E-1 4.1281E-1 4.29962E-1 4.51495E-1 4.5352E-1 4.60163E-1 4.50807E-1 4.91534E-1 5.11231E-1 4.93019E-1 4.74629E-1 4.98748E-1 4.9881E-1 5.13835E-1 5.06881E-1 4.85846E-1 4.64983E-1 4.96638E-1
-9999 -9999 -9999 -9999 8.71498E-1 -9999 -9999 7.90925E-1 7.57199E-1 8.79014E-1 -9999 -9999 7.15767E-1 6.87945E-1 6.44282E-1 6.1866E-1 5.77902E-1 5.47121E-1 5.29358E-1 5.33593E-1 5.17603E-1 5.30568E-1 5.09532E-1 5.94388E-1 4.91303E-1 5.00678E-1 4.76923E-1 4.65714E-1 4.52155E-1 4.4001E-1 4.24539E-1 4.30739E-1 4.48839E-1 4.08448E-1 4.67122E-1 4.71155E-1 4.47417E-1 4.23277E-1 4.33099E-1 4.1981E-1 4.0386E-1 3.96593E-1 3.83442E-1 3.98013E-1 4.04423E-1 4.13774E-1 4.39628E-1 4.47874E-1 4.45774E-1 4.48311E-1 4.8069E-1 5.24996E-1 5.26518E-1 5.01286E-1 4.8244E-1 4.48308E-1 4.423E-1 4.62548E-1 4.77808E-1 4.96943E-1 4.55831E-1
-9999 7.98258E-1 7.46095E-1 -9999 -9999 -9999 -9999 -9999 7.6379E-1 7.93732E-1 -9999 -9999 -9999 -9999 7.03839E-1 6.49064E-1 6.00208E-1 5.61227E-1 5.17111E-1 5.20966E-1 4.9106E-1 4.47888E-1 4.82214E-1 5.02886E-1 6.12547E-1 5.24558E-1 4.55126E-1 4.66778E-1 4.38051E-1 4.31728E-1 4.38919E-1 4.66282E-1 4.65217E-1 4.56507E-1 4.55215E-1 4.7762E-1 4.49165E-1 4.30147E-1 4.21542E-1 4.33783E-1 4.15919E-1 4.03559E-1 3.97092E-1 4.05156E-1 3.98972E-1 4.45351E-1 4.10466E-1 4.08599E-1 4.17868E-1 4.03993E-1 4.15646E-1 4.7626E-1 5.16979E-1 5.32574E-1 5.19538E-1 4.79887E-1 4.2225E-1 4.36066E-1 4.60887E-1 4.37155E-1 4.65362E-1
-9999 -9999 -9999 -9999 -9999 -9999 -9999 8.26193E-1 -9999 -9999 -9999 -9999 -9999 -9999 7.58551E-1 7.04534E-1 6.33162E-1 5.61843E-1 5.41478E-1 5.36165E-1 4.97564E-1 5.11523E-1 4.86711E-1 4.49006E-1 4.92592E-1 4.59572E-1 4.3077E-1 4.31697E-1 4.50998E-1 4.64826E-1 4.74471E-1 4.76133E-1 4.55899E-1 4.60358E-1 4.83595E-1 4.36716E-1 4.39932E-1 4.33874E-1 4.08239E-1 4.03955E-1 4.10752E-1 4.1288E-1 4.1439E-1 4.25433E-1 4.16608E-1 4.09462E-1 4.02686E-1 3.87983E-1 4.06181E-1 3.94903E-1 4.03557E-1 4.49888E-1 4.76664E-1 4.84968E-1 4.83998E-1 4.87788E-1 4.87883E-1 5.01875E-1 4.25352E-1 4.48035E-1 4.7048E-1
-9999 -9999 -9999 -9999 -9999 -9999 -9999 8.00341E-1 7.71692E-1 -9999 -9999 -9999 -9999 -9999 -9999 7.22511E-1 6.51975E-1 6.07812E-1 5.703E-1 5.52374E-1 5.41628E-1 5.12777E-1 5.04733E-1 4.72483E-1 4.52835E-1 4.31284E-1 4.28809E-1 4.11703E-1 4.09215E-1 4.27655E-1 4.64393E-1 4.72968E-1 4.55077E-1 4.42257E-1 4.60676E-1 4.40316E-1 4.05474E-1 3.98539E-1 3.83803E-1 3.93506E-1 3.97379E-1 3.88214E-1 3.90419E-1 4.11701E-1 4.45852E-1 4.21274E-1 4.15331E-1 3.91659E-1 3.94981E-1 3.82935E-1 4.03947E-1 4.33604E-1 4.67547E-1 4.81296E-1 4.46938E-1 4.86214E-1 4.88927E-1 5.27252E-1 4.50273E-1 4.03542E-1 4.24078E-1
-9999 -9999 -9999 -9999 -9999 -9999 -9999 -9999 7.8464E-1 -9999 -9999 -9999 -9999 -9999 -9999 7.58895E-1 6.91246E-1 6.38129E-1 5.99733E-1 5.68778E-1 5.61459E-1 5.28427E-1 5.24694E-1 4.98532E-1 4.58159E-1 4.42327E-1 4.31529E-1 4.12707E-1 4.04466E-1 4.21349E-1 4.49438E-1 4.39169E-1 4.62235E-1 4.76621E-1 4.37526E-1 4.07795E-1 4.12374E-1 3.91881E-1 3.97599E-1 3.89655E-1 3.77797E-1 3.82831E-1 4.16654E-1 4.33581E-1 4.64465E-1 4.25512E-1 4.54741E-1 3.9738E-1 3.85517E-1 3.84625E-1 4.24638E-1 4.2226E-1 4.66705E-1 4.93728E-1 4.63085E-1 4.64194E-1 5.25791E-1 4.75363E-1 5.04956E-1 5.27516E-1 4.40088E-1
-9999 -9999 -9999 -9999 -9999 -9999 -9999 -9999 -9999 -9999 -9999 -9999 -9999 -9999 -9999 -9999 7.18333E-1 6.67557E-1 6.10513E-1 5.75506E-1 5.26338E-1 5.05587E-1 5.29424E-1 5.33574E-1 5.0059E-1 4.78678E-1 4.53873E-1 4.32473E-1 4.27455E-1 4.24889E-1 4.31332E-1 4.30739E-1 4.40079E-1 4.71458E-1 4.27306E-1 4.25482E-1 4.11719E-1 4.16934E-1 4.03273E-1 4.06094E-1 4.21862E-1 4.08471E-1 4.36007E-1 4.47467E-1 4.56163E-1 4.18087E-1 4.27746E-1 4.11801E-1 4.05346E-1 4.06078E-1 4.13746E-1 4.22469E-1 4.86349E-1 4.75883E-1 5.1598E-1 4.56749E-1 4.9914E-1 5.08323E-1 4.34119E-1 4.81678E-1 4.81985E-1
-9999 -9999 -9999 -9999 -9999 -9999 -9999 -9999 -9999 -9999 -9999 -9999 -9999 -9999 -9999 8.59581E-1 7.10218E-1 6.77814E-1 6.20298E-1 5.74813E-1 5.50713E-1 5.38858E-1 5.41635E-1 5.60297E-1 5.07898E-1 5.33323E-1 5.31725E-1 4.71628E-1 4.44101E-1 4.3036E-1 4.40561E-1 4.23201E-1 4.22692E-1 4.48132E-1 4.40604E-1 4.36097E-1 4.24293E-1 4.17088E-1 4.24895E-1 4.27796E-1 4.38891E-1 4.47088E-1 4.31711E-1 4.51991E-1 4.44892E-1 4.2387E-1 4.27407E-1 4.20918E-1 4.03257E-1 4.45736E-1 4.44278E-1 4.11092E-1 4.62074E-1 5.10301E-1 5.76095E-1 4.91144E-1 4.47056E-1 4.95018E-1 4.79585E-1 4.20779E-1 4.53363E-1
-9999 -9999 -9999 -9999 -9999 -9999 -9999 -9999 -9999 -9999 -9999 -9999 -9999 -9999 -9999 -9999 7.17546E-1 7.06115E-1 6.57394E-1 5.89749E-1 5.68194E-1 5.86377E-1 5.58258E-1 5.8666E-1 5.52157E-1 5.10253E-1 5.8879E-1 4.95744E-1 4.53688E-1 4.43888E-1 4.37458E-1 4.28851E-1 4.23545E-1 4.12266E-1 4.59469E-1 4.42373E-1 4.58063E-1 4.32269E-1 4.24183E-1 4.0574E-1 4.22829E-1 4.33453E-1 4.13452E-1 4.17875E-1 3.94907E-1 4.24621E-1 4.2364E-1 4.16191E-1 4.24008E-1 4.10787E-1 4.44863E-1 4.2817E-1 4.76458E-1 4.71277E-1 4.82343E-1 5.28006E-1 4.68199E-1 4.47991E-1 4.65829E-1 4.1489E-1 4.23334E-1
-9999 -9999 -9999 -9999 -9999 -9999 -9999 -9999 -9999 -9999 -9999 -9999 -9999 -9999 -9999 -9999 -9999 7.16573E-1 6.59961E-1 6.13401E-1 5.87716E-1 5.82758E-1 5.85667E-1 5.66634E-1 6.26734E-1 5.61371E-1 5.67677E-1 5.53623E-1 4.74896E-1 4.60755E-1 4.51574E-1 4.34615E-1 4.40117E-1 4.46529E-1 4.20284E-1 4.52546E-1 4.63376E-1 4.26252E-1 4.18818E-1 4.32807E-1 4.10837E-1 4.42302E-1 4.34051E-1 4.23255E-1 3.84748E-1 4.24384E-1 4.45617E-1 4.54175E-1 4.63828E-1 4.36045E-1 4.41848E-1 4.24083E-1 4.44645E-1 4.44737E-1 4.48148E-1 4.88825E-1 4.68332E-1 4.37558E-1 4.72049E-1 4.16628E-1 4.03664E-1
-9999 -9999 -9999 -9999 -9999 -9999 -9999 -9999 -9999 -9999 -9999 -9999 -9999 -9999 -9999 -9999 -9999 7.13602E-1 7.00926E-1 6.76909E-1 6.34188E-1 5.38418E-1 5.77496E-1 5.80433E-1 6.3217E-1 6.30594E-1 6.08805E-1 5.55763E-1 5.28762E-1 5.39759E-1 5.34763E-1 4.64009E-1 4.48999E-1 4.49487E-1 4.26461E-1 4.12534E-1 4.24188E-1 4.5044E-1 4.38954E-1 4.17551E-1 4.45605E-1 4.3349E-1 4.19839E-1 4.24044E-1 4.17741E-1 4.00379E-1 3.99346E-1 4.24441E-1 4.47304E-1 5.05471E-1 4.30237E-1 4.78011E-1 4.59362E-1 4.33459E-1 4.63547E-1 4.51251E-1 4.69722E-1 4.14076E-1 4.61276E-1 4.78457E-1 4.16793E-1
-9999 -9999 -9999 -9999 -9999 -9999 -9999 -9999 -9999 -9999 -9999 -9999 -9999 -9999 -9999 -9999 -9999 -9999 7.79246E-1 6.76776E-1 6.54739E-1 5.97706E-1 5.74088E-1 5.84853E-1 6.0427E-1 6.1033E-1 6.32867E-1 5.56931E-1 5.86958E-1 5.74011E-1 5.7133E-1 5.39871E-1 4.86227E-1 4.53915E-1 4.40525E-1 4.31946E-1 4.29536E-1 4.81202E-1 4.74026E-1 4.19544E-1 4.2827E-1 4.51052E-1 4.3672E-1 4.09578E-1 3.93426E-1 3.97516E-1 3.93378E-1 4.05706E-1 4.2195E-1 4.99039E-1 4.25288E-1 4.44005E-1 4.28374E-1 4.74012E-1 4.83767E-1 4.35026E-1 4.89963E-1 4.23361E-1 4.51633E-1 4.72139E-1 4.33851E-1
-9999 -9999 -9999 -9999 -9999 -9999 -9999 -9999 -9999 -9999 -9999 -9999 -9999 -9999 -9999 -9999 -9999 -9999 7.86116E-1 7.02581E-1 6.39871E-1 6.38694E-1 6.08963E-1 5.47733E-1 5.69721E-1 5.98735E-1 6.16094E-1 6.0315E-1 5.86318E-1 5.72009E-1 5.63836E-1 7.00951E-1 5.36141E-1 4.71947E-1 4.69122E-1 5.11302E-1 4.59224E-1 4.38191E-1 4.5278E-1 4.19408E-1 4.42552E-1 4.19619E-1 4.4868E-1 4.09972E-1 3.9211E-1 4.03891E-1 4.41443E-1 4.22466E-1 4.11889E-1 4.59124E-1 4.42038E-1 4.36951E-1 4.48339E-1 4.69738E-1 4.65572E-1 4.58079E-1 4.73132E-1 4.39153E-1 4.38354E-1 4.68193E-1 4.1417E-1
