maxent_outputs/white_flowers_linear/white_258.asc
ncols         426
nrows         180
xllcorner     -130.0
yllcorner     24.0
cellsize      0.16666666666666666
NODATA_value  -9999
[rows 135 to 161 of 180, columns 183 to 243 of 426]
6.04773E-1 6.14114E-1 6.22711E-1 6.28659E-1 6.42714E-1 6.46495E-1 6.51264E-1 6.6E-1 6.75652E-1 6.91475E-1 7.13447E-1 7.2021E-1 7.27559E-1 7.41097E-1 7.5033E-1 7.55328E-1 7.58935E-1 7.63326E-1 7.69512E-1 7.6868E-1 7.83114E-1 7.96908E-1 8.00496E-1 8.06561E-1 8.07316E-1 8.15075E-1 8.18908E-1 8.23949E-1 8.37137E-1 8.43562E-1 8.52328E-1 8.55077E-1 8.56291E-1 8.70788E-1 8.99444E-1 9.04267E-1 9.04105E-1 9.12312E-1 9.20771E-1 9.21057E-1 9.37709E-1 9.42272E-1 9.4372E-1 9.3418E-1 9.32801E-1 9.3185E-1 9.36275E-1 9.42752E-1 9.42326E-1 9.26499E-1 9.10355E-1 8.95196E-1 8.84398E-1 8.82501E-1 8.83448E-1 8.88003E-1 8.96835E-1 8.98716E-1 9.00358E-1 8.99366E-1 9.00615E-1
5.96547E-1 6.0162E-1 6.11332E-1 6.25147E-1 6.28155E-1 6.41562E-1 6.4934E-1 6.56903E-1 6.67804E-1 6.79992E-1 6.98378E-1 7.22546E-1 7.30516E-1 7.39291E-1 7.5514E-1 7.67713E-1 7.66748E-1 7.78829E-1 7.80636E-1 7.82088E-1 7.99874E-1 8.16283E-1 8.16838E-1 8.21234E-1 8.23602E-1 8.34261E-1 8.4378E-1 8.51797E-1 8.53902E-1 8.54203E-1 8.69977E-1 8.83105E-1 8.78827E-1 8.83289E-1 9.02271E-1 9.15384E-1 9.12214E-1 9.1672E-1 9.23865E-1 9.3251E-1 9.47493E-1 9.55662E-1 9.54031E-1 9.42747E-1 9.36724E-1 9.45155E-1 9.50211E-1 9.48186E-1 9.41819E-1 9.21853E-1 9.04299E-1 8.80847E-1 8.79566E-1 8.85512E-1 8.88515E-1 8.90328E-1 8.91796E-1 9.01973E-1 9.06165E-1 9.07742E-1 9.09869E-1
5.90271E-1 5.93573E-1 6.08431E-1 6.20977E-1 6.29136E-1 6.37278E-1 6.4826E-1 6.57656E-1 6.65589E-1 6.64505E-1 6.72033E-1 7.11442E-1 7.28392E-1 7.41724E-1 7.58145E-1 7.67707E-1 7.74752E-1 7.93721E-1 7.93369E-1 7.98746E-1 8.06828E-1 8.2359E-1 8.34359E-1 8.38475E-1 8.45211E-1 8.56519E-1 8.65759E-1 8.65542E-1 8.67992E-1 8.67563E-1 8.66379E-1 8.79788E-1 8.99066E-1 8.97579E-1 9.02738E-1 9.09278E-1 9.16431E-1 9.23973E-1 9.34788E-1 9.43018E-1 9.515E-1 9.615E-1 9.5868E-1 9.52677E-1 9.48598E-1 9.55563E-1 9.50567E-1 9.48056E-1 9.37001E-1 9.2087E-1 9.0723E-1 8.90266E-1 8.91681E-1 8.91465E-1 8.93541E-1 8.9088E-1 8.9297E-1 8.98897E-1 9.04287E-1 9.06606E-1 9.06488E-1
5.92469E-1 5.97865E-1 6.07943E-1 6.16519E-1 6.17971E-1 6.35141E-1 6.59637E-1 6.6457E-1 6.75458E-1 6.84258E-1 7.01335E-1 7.12026E-1 7.28176E-1 7.51223E-1 7.64674E-1 7.71235E-1 7.87444E-1 7.95956E-1 7.96603E-1 8.06021E-1 8.15216E-1 8.26861E-1 8.41301E-1 8.55668E-1 8.71097E-1 8.82702E-1 8.7697E-1 8.75706E-1 8.76906E-1 8.74794E-1 8.73033E-1 8.73817E-1 8.91227E-1 9.07369E-1 9.10043E-1 9.18402E-1 9.23795E-1 9.31626E-1 9.383E-1 9.44789E-1 9.56344E-1 9.67867E-1 9.67736E-1 9.62414E-1 9.63088E-1 9.62498E-1 9.54852E-1 9.51057E-1 9.42702E-1 9.33262E-1 9.25477E-1 9.19043E-1 9.11965E-1 9.10303E-1 9.02213E-1 8.90393E-1 8.9173E-1 8.95646E-1 8.98764E-1 9.07243E-1 9.04943E-1
5.93639E-1 5.98388E-1 6.0907E-1 6.1633E-1 6.22827E-1 6.3993E-1 6.73118E-1 6.8278E-1 6.92957E-1 7.12495E-1 7.34729E-1 7.29328E-1 7.42665E-1 7.57334E-1 7.65384E-1 7.76486E-1 7.85139E-1 7.887E-1 8.03162E-1 8.09084E-1 8.2329E-1 8.32941E-1 8.38725E-1 8.51567E-1 8.68631E-1 8.93798E-1 9.08855E-1 8.88492E-1 8.87514E-1 8.85288E-1 8.83918E-1 8.82836E-1 8.973E-1 9.15022E-1 9.2568E-1 9.32884E-1 9.34586E-1 9.30786E-1 9.38818E-1 9.4894E-1 9.59732E-1 9.7069E-1 9.77974E-1 9.75672E-1 9.7454E-1 9.68713E-1 9.63177E-1 9.57238E-1 9.51499E-1 9.42636E-1 9.37396E-1 9.33398E-1 9.26235E-1 9.30238E-1 9.22259E-1 8.99707E-1 8.93497E-1 8.85681E-1 8.86365E-1 8.96989E-1 8.99716E-1
6.056E-1 6.22307E-1 6.26079E-1 6.41357E-1 6.48987E-1 6.64787E-1 6.80725E-1 6.94773E-1 7.17434E-1 7.3188E-1 7.49188E-1 7.45161E-1 7.47603E-1 7.53807E-1 7.61638E-1 7.67958E-1 7.73765E-1 7.83766E-1 8.03861E-1 8.15809E-1 8.27146E-1 8.34752E-1 8.54014E-1 8.70539E-1 8.80962E-1 8.97432E-1 9.02918E-1 8.98664E-1 9.05488E-1 9.06899E-1 9.08935E-1 9.12221E-1 9.2281E-1 9.35181E-1 9.4198E-1 9.38902E-1 9.34192E-1 9.32338E-1 9.40896E-1 9.51499E-1 9.64508E-1 9.73644E-1 9.79551E-1 9.78537E-1 9.7555E-1 9.73278E-1 9.6937E-1 9.6222E-1 9.5651E-1 9.52338E-1 9.46309E-1 9.35216E-1 9.24733E-1 9.23835E-1 9.2076E-1 9.09267E-1 9.01539E-1 8.89807E-1 8.79917E-1 8.8439E-1 8.9244E-1
6.14101E-1 6.22464E-1 6.3396E-1 6.50364E-1 6.68472E-1 6.79426E-1 6.84376E-1 7.00228E-1 7.27401E-1 7.53237E-1 7.61246E-1 7.59482E-1 7.60627E-1 7.63753E-1 7.57962E-1 7.6161E-1 7.65284E-1 7.82917E-1 7.92264E-1 8.10091E-1 8.22255E-1 8.46596E-1 8.71717E-1 9.01756E-1 8.96428E-1 9.1283E-1 9.11887E-1 9.19243E-1 9.27409E-1 9.2867E-1 9.3282E-1 9.36846E-1 9.44672E-1 9.41329E-1 9.42581E-1 9.37713E-1 9.36671E-1 9.40524E-1 9.46802E-1 9.55907E-1 9.65066E-1 9.72413E-1 9.76088E-1 9.75592E-1 9.75524E-1 9.74472E-1 9.69678E-1 9.65341E-1 9.57652E-1 9.57796E-1 9.55492E-1 9.3938E-1 9.1864E-1 9.11367E-1 9.18145E-1 9.16814E-1 9.1203E-1 8.94234E-1 8.86538E-1 8.87039E-1 8.9479E-1
6.14648E-1 6.22322E-1 6.41062E-1 6.58676E-1 6.76364E-1 6.89227E-1 6.99157E-1 7.14792E-1 7.28355E-1 7.47313E-1 7.7038E-1 7.74434E-1 7.72556E-1 7.72066E-1 7.57209E-1 7.58919E-1 7.71892E-1 7.87792E-1 7.86747E-1 8.02505E-1 8.24521E-1 8.54921E-1 8.85168E-1 8.90091E-1 9.00597E-1 9.13587E-1 9.36021E-1 9.41265E-1 9.4471E-1 9.43109E-1 9.46707E-1 9.46839E-1 9.47082E-1 9.41103E-1 9.41889E-1 9.42423E-1 9.42572E-1 9.51397E-1 9.50117E-1 9.547E-1 9.63654E-1 9.68106E-1 9.70522E-1 9.72061E-1 9.72273E-1 9.70524E-1 9.68393E-1 9.64215E-1 9.60523E-1 9.57362E-1 9.53031E-1 9.42974E-1 9.32889E-1 9.33192E-1 9.36411E-1 9.51489E-1 9.47E-1 9.18654E-1 9.14798E-1 9.0324E-1 9.07082E-1
6.30572E-1 6.44577E-1 6.60772E-1 6.72875E-1 6.90585E-1 7.0963E-1 7.1752E-1 7.27715E-1 7.47391E-1 7.57331E-1 7.59226E-1 7.67933E-1 7.68538E-1 7.74627E-1 7.73044E-1 7.76238E-1 7.87605E-1 7.92512E-1 7.95027E-1 8.08826E-1 8.29363E-1 8.52744E-1 8.76942E-1 8.92767E-1 9.02722E-1 9.16719E-1 9.26981E-1 9.38273E-1 9.41844E-1 9.40664E-1 9.45531E-1 9.48719E-1 9.53285E-1 9.49288E-1 9.49952E-1 9.49144E-1 9.5087E-1 9.486E-1 9.48834E-1 9.56814E-1 9.61472E-1 9.63031E-1 9.63905E-1 9.63508E-1 9.63434E-1 9.62681E-1 9.63287E-1 9.64341E-1 9.6109E-1 9.60506E-1 9.56611E-1 9.50689E-1 9.43951E-1 9.37648E-1 9.36445E-1 9.44143E-1 9.45346E-1 9.27777E-1 9.27689E-1 9.32187E-1 9.42059E-1
6.40055E-1 6.58783E-1 6.71057E-1 6.88371E-1 7.0185E-1 7.20723E-1 7.39421E-1 7.55035E-1 7.62172E-1 7.56576E-1 7.55027E-1 7.53819E-1 7.61036E-1 7.69859E-1 7.85738E-1 8.06857E-1 8.17903E-1 8.17752E-1 8.26354E-1 8.31486E-1 8.45744E-1 8.49515E-1 8.69007E-1 8.93002E-1 9.04126E-1 9.10111E-1 9.19394E-1 9.26123E-1 9.33873E-1 9.30181E-1 9.36601E-1 9.42236E-1 9.39609E-1 9.49009E-1 9.51704E-1 9.52916E-1 9.5198E-1 9.54177E-1 9.53475E-1 9.57014E-1 9.64192E-1 9.60479E-1 9.59116E-1 9.59987E-1 9.59041E-1 9.59188E-1 9.56707E-1 9.60156E-1 9.58484E-1 9.60382E-1 9.56584E-1 9.52011E-1 9.47201E-1 9.47271E-1 9.34607E-1 9.2731E-1 9.31272E-1 9.26763E-1 9.34075E-1 9.39763E-1 9.47483E-1
6.62582E-1 6.72654E-1 6.82993E-1 7.07835E-1 7.20143E-1 7.35689E-1 7.56268E-1 7.66876E-1 7.70195E-1 7.60105E-1 7.50207E-1 7.48192E-1 7.56016E-1 7.73153E-1 7.9017E-1 8.11383E-1 8.29693E-1 8.45213E-1 8.42433E-1 8.42714E-1 8.43388E-1 8.48857E-1 8.69531E-1 8.94187E-1 9.08098E-1 9.15332E-1 9.27213E-1 9.23369E-1 9.28784E-1 9.18605E-1 9.26586E-1 9.29693E-1 9.35256E-1 9.37504E-1 9.38548E-1 9.46379E-1 9.48876E-1 9.45243E-1 9.43244E-1 9.49317E-1 9.53564E-1 9.58858E-1 9.58475E-1 9.52827E-1 9.57395E-1 9.57915E-1 9.55758E-1 9.53111E-1 9.54445E-1 9.55232E-1 9.54252E-1 9.47379E-1 9.442E-1 9.38616E-1 9.37708E-1 9.45373E-1 9.35709E-1 9.42627E-1 9.4884E-1 9.47724E-1 9.5157E-1
6.88025E-1 6.95823E-1 7.10425E-1 7.29549E-1 7.42063E-1 7.61849E-1 7.72122E-1 7.74498E-1 7.72227E-1 7.74541E-1 7.6703E-1 7.60402E-1 7.68645E-1 7.87746E-1 7.99607E-1 8.20618E-1 8.42307E-1 8.42066E-1 8.49766E-1 8.53953E-1 8.49329E-1 8.48657E-1 8.60702E-1 8.8049E-1 8.92277E-1 9.10295E-1 9.27522E-1 9.27238E-1 9.22516E-1 9.25297E-1 9.28705E-1 9.27366E-1 9.27949E-1 -9999 -9999 -9999 -9999 -9999 -9999 9.47397E-1 9.5021E-1 9.48715E-1 9.50683E-1 9.49312E-1 9.51436E-1 9.58252E-1 9.58872E-1 9.54704E-1 9.50911E-1 9.51288E-1 9.50476E-1 9.46907E-1 9.33614E-1 9.3671E-1 9.3841E-1 9.43957E-1 9.52913E-1 9.54708E-1 9.56654E-1 9.60613E-1 9.57209E-1
6.95701E-1 7.09719E-1 7.26777E-1 7.32757E-1 7.50598E-1 7.75687E-1 7.73388E-1 7.6349E-1 7.66292E-1 7.79298E-1 7.84131E-1 7.82594E-1 7.89546E-1 8.08766E-1 8.21755E-1 8.4523E-1 8.43916E-1 8.49368E-1 8.57204E-1 8.62118E-1 8.54799E-1 8.49906E-1 8.57421E-1 8.81141E-1 8.95899E-1 9.03592E-1 9.18803E-1 9.30328E-1 9.27694E-1 9.3143E-1 -9999 -9999 -9999 -9999 -9999 -9999 -9999 -9999 -9999 -9999 -9999 -9999 -9999 -9999 -9999 9.57306E-1 9.57605E-1 -9999 9.58303E-1 9.49221E-1 9.50194E-1 9.48453E-1 9.46686E-1 9.52066E-1 9.54238E-1 9.53174E-1 9.60378E-1 9.6159E-1 9.62259E-1 9.60875E-1 9.57597E-1
7.08093E-1 7.21762E-1 7.31703E-1 7.29532E-1 7.35276E-1 7.48002E-1 7.52393E-1 7.53151E-1 7.49479E-1 7.62208E-1 7.74969E-1 7.85041E-1 7.95983E-1 8.06318E-1 8.21846E-1 8.32465E-1 8.41564E-1 8.48641E-1 8.62359E-1 8.6794E-1 8.68605E-1 8.53891E-1 8.70344E-1 9.02021E-1 9.12545E-1 9.18606E-1 9.17899E-1 9.28926E-1 9.30632E-1 -9999 -9999 -9999 -9999 -9999 -9999 -9999 -9999 -9999 -9999 -9999 -9999 -9999 -9999 -9999 -9999 -9999 -9999 -9999 9.62643E-1 9.58117E-1 9.55817E-1 9.57888E-1 9.53479E-1 9.56593E-1 9.58288E-1 9.6156E-1 9.66609E-1 9.70439E-1 9.67933E-1 9.68523E-1 9.65425E-1
7.01828E-1 7.09319E-1 7.13808E-1 7.13795E-1 7.21198E-1 7.26778E-1 7.28842E-1 7.29796E-1 7.31749E-1 7.44788E-1 7.56469E-1 7.62354E-1 7.78666E-1 7.93699E-1 8.08042E-1 8.15272E-1 8.2485E-1 8.45604E-1 8.69183E-1 8.84243E-1 8.79837E-1 8.69005E-1 8.87136E-1 9.11276E-1 9.21236E-1 9.22176E-1 9.26508E-1 -9999 -9999 -9999 -9999 -9999 -9999 -9999 -9999 -9999 -9999 -9999 -9999 -9999 -9999 -9999 -9999 -9999 -9999 -9999 -9999 -9999 -9999 -9999 -9999 9.59967E-1 9.63373E-1 9.70894E-1 9.74961E-1 9.66013E-1 9.66757E-1 -9999 -9999 -9999 9.61863E-1
6.93506E-1 6.94757E-1 6.94433E-1 6.97685E-1 7.08704E-1 7.11247E-1 7.25411E-1 7.29553E-1 7.29289E-1 7.41085E-1 7.44105E-1 7.56569E-1 7.68207E-1 7.81444E-1 7.89042E-1 7.98699E-1 8.1099E-1 8.36969E-1 8.64915E-1 8.81231E-1 8.79886E-1 8.7356E-1 8.86887E-1 9.02798E-1 9.1325E-1 9.18331E-1 -9999 -9999 -9999 -9999 -9999 -9999 -9999 -9999 -9999 -9999 -9999 -9999 -9999 -9999 -9999 -9999 -9999 -9999 -9999 -9999 -9999 -9999 -9999 -9999 -9999 -9999 -9999 -9999 -9999 -9999 -9999 -9999 -9999 -9999 9.63401E-1
6.94729E-1 6.84039E-1 6.85144E-1 6.86504E-1 6.92264E-1 7.05731E-1 7.13794E-1 7.33945E-1 7.39588E-1 7.51136E-1 7.60676E-1 7.67391E-1 7.74303E-1 7.80155E-1 7.93428E-1 7.95938E-1 8.0711E-1 8.31423E-1 8.52415E-1 8.7294E-1 8.79095E-1 8.69116E-1 8.82796E-1 8.8904E-1 -9999 -9999 -9999 -9999 -9999 -9999 -9999 -9999 -9999 -9999 -9999 -9999 -9999 -9999 -9999 -9999 -9999 -9999 -9999 -9999 -9999 -9999 -9999 -9999 -9999 -9999 -9999 -9999 -9999 -9999 -9999 -9999 -9999 -9999 -9999 -9999 -9999
6.91434E-1 6.71277E-1 6.71982E-1 6.78147E-1 6.8444E-1 7.01009E-1 7.20844E-1 7.42298E-1 7.54897E-1 7.66584E-1 7.88735E-1 7.91449E-1 7.83352E-1 7.75021E-1 7.89781E-1 8.02236E-1 8.05924E-1 8.27667E-1 8.46551E-1 8.74328E-1 8.75335E-1 8.76046E-1 8.85348E-1 -9999 -9999 -9999 -9999 -9999 -9999 -9999 -9999 -9999 -9999 -9999 -9999 -9999 -9999 -9999 -9999 -9999 -9999 -9999 -9999 -9999 -9999 -9999 -9999 -9999 -9999 -9999 -9999 -9999 -9999 -9999 -9999 -9999 -9999 -9999 -9999 -9999 -9999
6.86651E-1 6.59286E-1 6.59127E-1 6.69123E-1 6.8199E-1 7.00975E-1 7.24145E-1 7.47341E-1 7.64886E-1 7.85847E-1 8.08509E-1 8.05751E-1 7.91499E-1 7.78325E-1 7.88026E-1 8.01149E-1 8.17738E-1 8.20332E-1 8.50931E-1 8.83985E-1 -9999 -9999 -9999 -9999 -9999 -9999 -9999 -9999 -9999 -9999 -9999 -9999 -9999 -9999 -9999 -9999 -9999 -9999 -9999 -9999 -9999 -9999 -9999 -9999 -9999 -9999 -9999 -9999 -9999 -9999 -9999 -9999 -9999 -9999 -9999 -9999 -9999 -9999 -9999 -9999 -9999
6.95464E-1 6.81301E-1 6.80225E-1 6.81984E-1 6.83746E-1 7.0145E-1 7.22795E-1 7.41407E-1 7.67524E-1 7.89787E-1 8.05039E-1 8.07775E-1 7.95175E-1 7.81743E-1 7.87913E-1 8.05794E-1 8.23284E-1 8.44631E-1 8.4719E-1 -9999 -9999 -9999 -9999 -9999 -9999 -9999 -9999 -9999 -9999 -9999 -9999 -9999 -9999 -9999 -9999 -9999 -9999 -9999 -9999 -9999 -9999 -9999 -9999 -9999 -9999 -9999 -9999 -9999 -9999 -9999 -9999 -9999 -9999 -9999 -9999 -9999 -9999 -9999 -9999 -9999 -9999
6.96115E-1 6.94782E-1 6.91832E-1 6.85868E-1 6.93486E-1 7.019E-1 7.14733E-1 7.3331E-1 7.59553E-1 7.93788E-1 8.016E-1 8.14378E-1 8.02384E-1 8.03264E-1 8.20447E-1 8.25056E-1 8.294E-1 -9999 -9999 -9999 -9999 -9999 -9999 -9999 -9999 -9999 -9999 -9999 -9999 -9999 -9999 -9999 -9999 -9999 -9999 -9999 -9999 -9999 -9999 -9999 -9999 -9999 -9999 -9999 -9999 -9999 -9999 -9999 -9999 -9999 -9999 -9999 -9999 -9999 -9999 -9999 -9999 -9999 -9999 -9999 -9999
6.95894E-1 6.95828E-1 6.96699E-1 6.87027E-1 6.90115E-1 6.95614E-1 7.02727E-1 7.33556E-1 7.58765E-1 7.83314E-1 7.99875E-1 8.22025E-1 8.18022E-1 8.1341E-1 8.15418E-1 8.20441E-1 -9999 -9999 -9999 -9999 -9999 -9999 -9999 -9999 -9999 -9999 -9999 -9999 -9999 -9999 -9999 -9999 -9999 -9999 -9999 -9999 -9999 -9999 -9999 -9999 -9999 -9999 -9999 -9999 -9999 -9999 -9999 -9999 -9999 -9999 -9999 -9999 -9999 -9999 -9999 -9999 -9999 -9999 -9999 -9999 -9999
6.93988E-1 6.96316E-1 6.92965E-1 6.8827E-1 6.83742E-1 6.82041E-1 6.95042E-1 7.27738E-1 7.63505E-1 7.7552E-1 7.83271E-1 8.06368E-1 8.25182E-1 8.14075E-1 8.2296E-1 -9999 -9999 -9999 -9999 -9999 -9999 -9999 -9999 -9999 -9999 -9999 -9999 -9999 -9999 -9999 -9999 -9999 -9999 -9999 -9999 -9999 -9999 -9999 -9999 -9999 -9999 -9999 -9999 -9999 -9999 -9999 -9999 -9999 -9999 -9999 -9999 -9999 -9999 -9999 -9999 -9999 -9999 -9999 -9999 -9999 -9999
6.93998E-1 6.91728E-1 6.94373E-1 6.87628E-1 6.77924E-1 6.79794E-1 6.85343E-1 7.19921E-1 7.50404E-1 7.58431E-1 7.65647E-1 7.75108E-1 7.76885E-1 7.97075E-1 -9999 -9999 -9999 -9999 -9999 -9999 -9999 -9999 -9999 -9999 -9999 -9999 -9999 -9999 -9999 -9999 -9999 -9999 -9999 -9999 -9999 -9999 -9999 -9999 -9999 -9999 -9999 -9999 -9999 -9999 -9999 -9999 -9999 -9999 -9999 -9999 -9999 -9999 -9999 -9999 -9999 -9999 -9999 -9999 -9999 -9999 -9999
7.03744E-1 6.94595E-1 6.97283E-1 6.81615E-1 6.76659E-1 6.81367E-1 6.94925E-1 7.19067E-1 7.3469E-1 7.43151E-1 7.47777E-1 7.5674E-1 7.63055E-1 7.80036E-1 -9999 -9999 -9999 -9999 -9999 -9999 -9999 -9999 -9999 -9999 -9999 -9999 -9999 -9999 -9999 -9999 -9999 -9999 -9999 -9999 -9999 -9999 -9999 -9999 -9999 -9999 -9999 -9999 -9999 -9999 -9999 -9999 -9999 -9999 -9999 -9999 -9999 -9999 -9999 -9999 -9999 -9999 -9999 -9999 -9999 -9999 -9999
7.11862E-1 7.03324E-1 6.99827E-1 6.85653E-1 6.82452E-1 6.8679E-1 6.99984E-1 7.18524E-1 7.37109E-1 7.33406E-1 7.35095E-1 7.47619E-1 7.61641E-1 -9999 -9999 -9999 -9999 -9999 -9999 -9999 -9999 -9999 -9999 -9999 -9999 -9999 -9999 -9999 -9999 -9999 -9999 -9999 -9999 -9999 -9999 -9999 -9999 -9999 -9999 -9999 -9999 -9999 -9999 -9999 -9999 -9999 -9999 -9999 -9999 -9999 -9999 -9999 -9999 -9999 -9999 -9999 -9999 -9999 -9999 -9999 -9999
7.07476E-1 7.02878E-1 6.99999E-1 6.96463E-1 6.82241E-1 6.91754E-1 7.01288E-1 7.23495E-1 7.28949E-1 7.25353E-1 7.29858E-1 7.46423E-1 7.64477E-1 -9999 -9999 -9999 -9999 -9999 -9999 -9999 -9999 -9999 -9999 -9999 -9999 -9999 -9999 -9999 -9999 -9999 -9999 -9999 -9999 -9999 -9999 -9999 -9999 -9999 -9999 -9999 -9999 -9999 -9999 -9999 -9999 -9999 -9999 -9999 -9999 -9999 -9999 -9999 -9999 -9999 -9999 -9999 -9999 -9999 -9999 -9999 -9999
