maxent_outputs/white_flowers_linear/white_324.asc
ncols         426
nrows         180
xllcorner     -130.0
yllcorner     24.0
cellsize      0.16666666666666666
NODATA_value  -9999
[rows 27 to 53 of 180, columns 61 to 121 of 426]
9.82637E-2 1.56292E-1 7.52718E-2 6.82598E-2 7.82524E-2 8.20516E-2 6.75644E-2 7.5236E-2 8.86771E-2 7.26723E-2 1.38671E-1 9.678E-2 8.01629E-2 1.17806E-1 8.51658E-2 7.25771E-2 5.53825E-2 6.25476E-2 1.2922E-1 4.75907E-2 5.23324E-2 5.04955E-2 5.1118E-2 5.62204E-2 6.00495E-2 5.71158E-2 7.09184E-2 5.59726E-2 4.8101E-2 4.01067E-2 3.46659E-2 3.65029E-2 5.06592E-2 6.22558E-2 6.83623E-2 6.69236E-2 6.54292E-2 6.75385E-2 7.24412E-2 7.08005E-2 7.04704E-2 7.43435E-2 7.45578E-2 7.62011E-2 7.43832E-2 7.42554E-2 7.02479E-2 6.60369E-2 6.19324E-2 6.03313E-2 5.90481E-2 5.68144E-2 5.50338E-2 5.17672E-2 4.5421E-2 3.92208E-2 3.46091E-2 3.45119E-2 3.38962E-2 3.44714E-2 3.3813E-2
1.067E-1 1.45858E-1 8.54196E-2 6.81647E-2 8.43604E-2 9.09141E-2 7.89758E-2 7.65337E-2 1.0497E-1 8.94236E-2 7.71879E-2 7.7835E-2 1.08392E-1 1.11561E-1 8.17555E-2 8.32134E-2 6.01881E-2 5.85562E-2 9.46543E-2 8.64471E-2 6.50259E-2 5.92239E-2 5.33223E-2 5.59886E-2 5.13291E-2 5.0581E-2 7.11749E-2 8.04127E-2 6.09977E-2 4.44868E-2 3.55645E-2 3.57579E-2 3.71676E-2 4.30876E-2 4.66144E-2 5.85917E-2 6.48954E-2 6.89334E-2 6.82917E-2 6.99396E-2 6.81198E-2 6.77514E-2 6.50506E-2 6.42091E-2 6.44711E-2 6.86254E-2 7.05999E-2 6.67452E-2 6.14928E-2 5.80835E-2 5.67769E-2 5.57726E-2 5.46236E-2 5.35017E-2 4.92394E-2 4.19472E-2 3.5408E-2 3.34919E-2 3.28163E-2 3.00446E-2 2.96292E-2
1.18648E-1 1.3694E-1 1.2411E-1 7.32971E-2 7.72971E-2 8.93613E-2 9.06502E-2 9.17919E-2 1.10061E-1 1.33798E-1 8.79374E-2 9.53745E-2 1.16559E-1 1.2727E-1 9.6892E-2 1.01164E-1 6.42136E-2 6.08894E-2 6.8808E-2 1.31724E-1 9.2969E-2 6.89349E-2 6.49599E-2 5.44013E-2 5.52944E-2 5.72323E-2 5.48441E-2 9.17077E-2 7.62013E-2 4.3228E-2 3.60367E-2 4.18956E-2 4.12998E-2 3.4093E-2 3.62909E-2 5.14857E-2 6.07611E-2 6.32573E-2 6.26063E-2 6.49425E-2 6.42735E-2 6.19091E-2 6.22672E-2 6.15917E-2 5.7822E-2 6.03028E-2 6.52456E-2 6.31259E-2 6.46546E-2 6.64005E-2 6.74106E-2 6.29848E-2 6.00322E-2 5.60025E-2 4.99524E-2 4.91305E-2 4.59876E-2 3.7976E-2 3.21793E-2 3.08667E-2 3.06611E-2
9.8136E-2 1.40901E-1 1.6167E-1 7.55898E-2 6.52647E-2 8.80753E-2 9.78144E-2 1.03898E-1 9.05616E-2 1.23072E-1 1.16456E-1 1.31485E-1 1.36427E-1 1.15759E-1 1.03019E-1 9.81357E-2 7.46656E-2 7.66799E-2 6.21809E-2 8.6893E-2 1.27688E-1 8.70645E-2 6.49722E-2 5.67523E-2 6.62745E-2 5.99797E-2 5.18043E-2 8.75016E-2 9.50541E-2 5.55318E-2 4.10396E-2 4.05824E-2 5.09231E-2 3.86338E-2 3.19072E-2 3.69481E-2 4.36958E-2 5.31068E-2 6.26491E-2 6.04865E-2 6.08615E-2 6.13335E-2 6.34695E-2 6.26445E-2 5.86928E-2 5.93276E-2 6.17107E-2 6.7658E-2 5.96508E-2 5.44346E-2 5.77411E-2 5.59886E-2 5.93323E-2 6.41604E-2 5.56126E-2 5.10169E-2 5.09409E-2 4.78327E-2 4.3504E-2 4.28934E-2 4.24031E-2
9.62904E-2 1.32428E-1 1.59034E-1 8.96474E-2 7.89508E-2 8.05313E-2 9.07642E-2 8.89195E-2 8.14144E-2 1.13978E-1 1.49929E-1 1.29932E-1 1.08969E-1 1.07791E-1 1.20195E-1 9.04129E-2 8.91363E-2 1.10474E-1 7.60044E-2 6.48528E-2 1.27007E-1 1.27229E-1 9.54126E-2 7.76296E-2 7.03175E-2 5.64487E-2 6.05107E-2 7.39534E-2 6.26817E-2 7.92389E-2 4.78918E-2 3.82723E-2 4.40647E-2 5.41373E-2 4.38556E-2 3.12648E-2 3.46579E-2 4.83327E-2 6.10161E-2 6.03934E-2 5.95151E-2 6.30772E-2 6.4816E-2 6.72386E-2 6.5585E-2 6.20757E-2 6.93201E-2 6.9444E-2 5.77808E-2 5.50838E-2 5.27869E-2 4.96331E-2 5.27158E-2 5.57041E-2 5.55375E-2 5.28375E-2 5.06476E-2 5.14978E-2 5.15723E-2 4.92492E-2 5.05703E-2
1.04361E-1 1.32745E-1 1.27806E-1 9.13494E-2 9.46489E-2 9.20507E-2 1.00812E-1 8.73283E-2 9.05485E-2 1.21957E-1 1.57667E-1 1.36546E-1 1.15099E-1 1.04213E-1 1.15712E-1 1.12423E-1 1.05027E-1 1.40257E-1 8.79352E-2 7.78812E-2 1.28018E-1 8.53327E-2 9.68342E-2 1.10716E-1 6.64422E-2 7.61692E-2 6.27661E-2 9.45183E-2 5.83063E-2 6.0041E-2 6.04301E-2 6.44074E-2 4.80535E-2 4.52719E-2 5.9583E-2 7.08308E-2 3.84546E-2 3.66222E-2 4.23229E-2 6.14284E-2 6.11672E-2 6.96072E-2 7.46337E-2 7.87922E-2 8.34696E-2 8.25784E-2 8.53283E-2 7.08962E-2 6.3162E-2 5.83178E-2 5.56244E-2 5.24977E-2 5.18166E-2 5.10589E-2 5.10233E-2 5.18844E-2 5.17186E-2 5.21272E-2 5.18943E-2 5.30474E-2 5.38499E-2
1.13054E-1 1.57475E-1 1.37373E-1 9.76122E-2 9.10832E-2 1.0638E-1 1.11322E-1 8.83455E-2 1.0947E-1 1.63873E-1 1.27008E-1 1.3763E-1 1.27367E-1 1.06351E-1 1.103E-1 1.23545E-1 1.16578E-1 1.2939E-1 9.66671E-2 1.06997E-1 1.35433E-1 8.8833E-2 7.14091E-2 1.16657E-1 8.02909E-2 1.08819E-1 9.42835E-2 9.50482E-2 6.27422E-2 5.76692E-2 5.10852E-2 7.102E-2 8.41952E-2 7.37948E-2 7.31848E-2 5.86994E-2 5.0681E-2 3.76734E-2 3.58233E-2 6.00193E-2 6.33434E-2 7.05971E-2 7.81963E-2 8.13282E-2 8.26377E-2 8.0499E-2 8.07515E-2 7.34594E-2 6.95827E-2 6.54533E-2 5.89619E-2 5.70493E-2 5.40276E-2 5.32544E-2 5.23447E-2 5.17238E-2 5.11139E-2 5.16843E-2 5.17308E-2 5.53609E-2 5.82393E-2
1.45486E-1 1.36119E-1 1.39284E-1 1.29207E-1 1.23718E-1 1.26196E-1 1.2623E-1 1.14163E-1 1.23386E-1 1.53679E-1 1.35732E-1 1.20084E-1 1.40646E-1 1.1713E-1 1.24027E-1 1.31768E-1 1.31964E-1 1.3666E-1 1.2621E-1 1.49179E-1 1.69867E-1 1.16738E-1 7.50881E-2 9.94772E-2 6.84552E-2 8.52245E-2 8.5982E-2 8.60915E-2 7.57008E-2 6.74149E-2 4.9188E-2 6.56193E-2 8.50424E-2 8.74986E-2 6.63316E-2 5.68319E-2 4.74483E-2 4.85937E-2 4.27714E-2 4.56893E-2 5.50804E-2 6.76131E-2 7.57188E-2 8.31685E-2 8.0949E-2 7.68154E-2 7.55719E-2 7.07065E-2 6.6066E-2 6.055E-2 5.98812E-2 5.87397E-2 5.9847E-2 5.67703E-2 5.64066E-2 5.60133E-2 5.27264E-2 5.22955E-2 5.11507E-2 5.42549E-2 5.39516E-2
1.46426E-1 1.46812E-1 1.32931E-1 1.38021E-1 1.3739E-1 1.33547E-1 1.41374E-1 1.41814E-1 1.54431E-1 1.71492E-1 1.24708E-1 1.30543E-1 1.39007E-1 1.31109E-1 1.35658E-1 1.35413E-1 1.34686E-1 1.31224E-1 1.39319E-1 1.45017E-1 1.67348E-1 1.26875E-1 1.15138E-1 1.08259E-1 9.18381E-2 6.62696E-2 8.9953E-2 8.25722E-2 7.88427E-2 7.02025E-2 7.04147E-2 7.16117E-2 7.70153E-2 9.92708E-2 1.08835E-1 6.14795E-2 4.97646E-2 4.53478E-2 3.93983E-2 4.083E-2 4.18837E-2 4.59529E-2 6.31366E-2 7.59085E-2 7.50542E-2 7.16441E-2 7.20559E-2 7.09098E-2 6.86602E-2 6.58978E-2 6.40983E-2 6.67507E-2 6.61448E-2 6.51288E-2 6.75692E-2 6.71181E-2 6.07239E-2 5.90677E-2 5.58076E-2 5.08421E-2 5.01883E-2
1.07236E-1 1.19478E-1 1.11984E-1 1.16191E-1 1.574E-1 1.41944E-1 1.60582E-1 1.55149E-1 1.67702E-1 1.63662E-1 1.50171E-1 1.51462E-1 1.62252E-1 1.48152E-1 1.48847E-1 1.45768E-1 1.2778E-1 1.38526E-1 1.36175E-1 1.35578E-1 1.19857E-1 1.05005E-1 9.89953E-2 9.3732E-2 1.12513E-1 9.15557E-2 8.62858E-2 8.05743E-2 7.75274E-2 6.41061E-2 7.3868E-2 7.65681E-2 7.85646E-2 1.01766E-1 1.41304E-1 8.0136E-2 5.42757E-2 4.55681E-2 4.88983E-2 3.74868E-2 3.89171E-2 4.01569E-2 5.36808E-2 7.23707E-2 8.06185E-2 8.75329E-2 8.41937E-2 8.80176E-2 8.61559E-2 8.3808E-2 7.96468E-2 7.99718E-2 7.41908E-2 7.1179E-2 7.25924E-2 7.68398E-2 7.08878E-2 6.61245E-2 6.95975E-2 6.1796E-2 5.55276E-2
1.0728E-1 1.15616E-1 1.12043E-1 1.35543E-1 1.27959E-1 1.25733E-1 1.21896E-1 1.16392E-1 1.29403E-1 1.33116E-1 1.40152E-1 1.38903E-1 1.40136E-1 1.6113E-1 1.76917E-1 1.58877E-1 1.57761E-1 1.55127E-1 1.5759E-1 1.29434E-1 1.1352E-1 1.11198E-1 1.08534E-1 1.03433E-1 9.30481E-2 1.07363E-1 9.25637E-2 7.03E-2 8.61279E-2 6.86177E-2 7.72769E-2 9.05433E-2 9.02362E-2 1.06032E-1 1.32293E-1 7.10486E-2 6.3146E-2 3.77492E-2 4.51117E-2 3.54385E-2 4.0629E-2 4.84785E-2 4.67312E-2 7.05929E-2 8.0817E-2 8.98934E-2 9.03084E-2 8.40867E-2 8.30372E-2 7.49102E-2 7.26763E-2 7.83434E-2 8.20318E-2 8.28394E-2 8.29338E-2 7.98776E-2 7.59363E-2 7.41207E-2 7.20487E-2 7.39617E-2 6.7974E-2
1.22215E-1 1.23892E-1 1.51146E-1 1.65147E-1 1.41104E-1 1.42161E-1 1.3552E-1 1.29855E-1 1.25396E-1 1.2388E-1 1.24733E-1 1.28516E-1 1.4019E-1 1.49297E-1 1.71607E-1 1.65129E-1 1.50611E-1 1.53677E-1 1.78915E-1 1.54529E-1 1.44459E-1 1.37231E-1 1.20412E-1 1.08387E-1 8.47105E-2 9.15778E-2 1.02874E-1 9.54159E-2 8.83236E-2 9.04952E-2 8.40958E-2 9.86817E-2 9.42303E-2 1.03393E-1 9.38446E-2 5.00789E-2 6.90214E-2 3.90059E-2 4.13961E-2 3.92094E-2 3.97052E-2 5.37328E-2 5.98239E-2 7.33563E-2 8.02272E-2 8.26873E-2 8.74512E-2 8.9897E-2 8.61741E-2 8.67646E-2 8.26362E-2 8.36923E-2 8.38207E-2 8.24111E-2 7.52697E-2 7.17398E-2 7.54154E-2 7.78692E-2 7.34416E-2 7.30562E-2 6.98639E-2
1.44698E-1 1.47599E-1 1.90602E-1 1.74519E-1 1.72778E-1 1.63405E-1 1.57595E-1 1.47931E-1 1.37754E-1 1.35173E-1 1.41483E-1 1.42852E-1 1.57002E-1 1.65545E-1 1.5751E-1 1.53619E-1 1.44101E-1 1.46396E-1 1.63303E-1 1.47301E-1 1.12972E-1 1.13094E-1 9.76357E-2 9.11325E-2 8.05693E-2 7.97461E-2 8.39438E-2 8.49374E-2 8.62916E-2 1.03117E-1 9.48577E-2 9.88892E-2 9.63691E-2 1.05449E-1 9.98706E-2 4.79573E-2 5.56125E-2 5.52766E-2 4.08813E-2 4.32629E-2 4.4269E-2 4.57311E-2 5.29083E-2 6.73399E-2 7.61267E-2 7.82832E-2 7.98821E-2 8.07852E-2 8.4006E-2 8.50105E-2 8.31752E-2 8.05724E-2 7.78456E-2 7.74167E-2 6.3649E-2 5.52687E-2 6.34757E-2 7.15234E-2 7.57306E-2 7.27778E-2 7.08173E-2
1.8051E-1 1.9294E-1 1.8483E-1 1.85266E-1 1.7129E-1 1.58795E-1 1.57717E-1 1.52677E-1 1.4948E-1 1.53498E-1 1.62231E-1 1.68165E-1 1.7101E-1 1.78356E-1 1.68633E-1 1.58845E-1 1.54839E-1 1.46473E-1 1.34423E-1 1.37913E-1 1.2476E-1 1.15393E-1 1.08756E-1 9.9405E-2 8.76909E-2 8.51522E-2 8.06052E-2 8.73168E-2 9.4056E-2 9.26514E-2 7.97455E-2 7.33558E-2 7.98396E-2 9.31979E-2 9.18438E-2 6.48666E-2 4.96685E-2 5.33895E-2 4.94842E-2 4.05691E-2 4.10356E-2 3.75272E-2 4.08575E-2 5.24245E-2 6.36001E-2 7.48466E-2 7.97946E-2 7.54126E-2 8.48141E-2 8.31696E-2 8.07286E-2 7.18124E-2 6.70321E-2 6.81585E-2 6.45843E-2 6.37812E-2 6.65159E-2 6.79352E-2 6.78072E-2 6.89779E-2 6.96348E-2
1.98598E-1 1.9762E-1 2.22396E-1 2.21485E-1 2.04649E-1 1.84817E-1 1.71659E-1 1.62755E-1 1.61115E-1 1.7189E-1 1.79025E-1 1.83171E-1 1.87777E-1 1.84651E-1 1.7641E-1 1.62218E-1 1.57183E-1 1.5389E-1 1.39697E-1 1.26389E-1 1.23391E-1 1.08346E-1 9.19096E-2 7.75047E-2 7.80972E-2 7.69308E-2 8.03605E-2 7.03833E-2 7.05089E-2 8.36256E-2 9.03733E-2 7.8173E-2 8.38822E-2 7.55221E-2 7.65887E-2 5.36077E-2 5.27776E-2 4.9908E-2 5.41757E-2 4.9624E-2 4.46882E-2 3.97268E-2 4.35587E-2 4.94676E-2 5.32039E-2 6.64615E-2 8.05995E-2 8.70406E-2 6.93903E-2 7.06713E-2 6.70059E-2 6.70663E-2 5.38371E-2 5.56095E-2 5.21053E-2 4.91371E-2 5.84711E-2 6.39152E-2 6.68548E-2 6.74026E-2 6.69746E-2
2.19651E-1 2.25239E-1 2.37345E-1 2.46907E-1 2.13838E-1 1.9261E-1 1.83509E-1 1.80284E-1 1.77547E-1 1.88533E-1 1.95202E-1 2.02021E-1 1.9601E-1 1.92125E-1 1.85779E-1 1.71392E-1 1.60019E-1 1.56833E-1 1.48656E-1 1.33963E-1 1.23844E-1 1.15008E-1 9.81488E-2 1.15496E-1 1.07629E-1 9.10698E-2 8.47096E-2 7.17772E-2 6.65193E-2 6.48652E-2 8.30098E-2 7.50938E-2 7.6074E-2 8.16948E-2 8.83445E-2 7.25817E-2 6.20487E-2 6.22325E-2 6.17673E-2 5.57539E-2 4.58497E-2 4.48696E-2 5.55877E-2 5.43394E-2 5.31729E-2 5.5006E-2 6.54779E-2 6.70631E-2 5.0726E-2 4.94805E-2 4.88294E-2 5.4695E-2 4.60577E-2 4.20398E-2 4.01253E-2 4.09305E-2 4.75237E-2 5.61802E-2 6.19568E-2 6.50466E-2 6.51398E-2
2.4342E-1 2.52984E-1 2.42154E-1 2.41078E-1 2.38385E-1 2.1616E-1 2.1054E-1 1.98363E-1 2.06912E-1 2.25694E-1 2.23267E-1 2.16264E-1 2.19816E-1 2.21717E-1 2.09345E-1 1.75226E-1 1.6266E-1 1.44885E-1 1.3817E-1 1.34638E-1 1.33703E-1 1.29007E-1 1.2668E-1 1.26369E-1 8.96417E-2 9.31545E-2 8.9675E-2 7.73133E-2 7.04546E-2 6.11455E-2 6.13418E-2 6.90805E-2 6.92307E-2 7.05757E-2 8.52805E-2 6.72921E-2 6.87929E-2 6.25349E-2 5.74198E-2 5.5081E-2 5.10814E-2 5.19355E-2 4.7932E-2 4.46933E-2 5.19581E-2 5.52636E-2 5.89927E-2 6.49094E-2 5.77612E-2 4.78198E-2 4.7073E-2 4.93556E-2 4.76147E-2 4.32809E-2 4.25391E-2 4.1615E-2 4.31251E-2 4.52534E-2 5.0242E-2 5.83984E-2 5.83505E-2
2.51746E-1 2.50735E-1 2.61774E-1 2.70332E-1 2.62428E-1 2.42223E-1 2.28446E-1 2.44163E-1 2.55691E-1 2.73966E-1 2.68001E-1 2.61147E-1 2.59458E-1 2.24904E-1 2.01465E-1 1.89766E-1 1.59839E-1 1.49833E-1 1.77501E-1 1.82663E-1 1.4567E-1 1.90423E-1 1.43261E-1 1.12319E-1 8.7933E-2 8.48375E-2 8.89372E-2 6.93655E-2 6.92609E-2 6.66297E-2 6.48403E-2 5.41021E-2 5.06345E-2 5.31961E-2 8.98291E-2 6.91541E-2 5.99274E-2 6.12706E-2 5.74038E-2 5.42519E-2 5.55649E-2 5.18206E-2 4.98574E-2 4.53831E-2 4.43571E-2 5.41313E-2 6.03481E-2 6.12737E-2 6.05282E-2 6.40266E-2 4.98358E-2 4.68423E-2 4.89695E-2 4.76604E-2 4.65226E-2 4.65473E-2 4.96696E-2 5.16368E-2 5.54429E-2 5.95409E-2 6.17683E-2
1.7745E-1 2.136E-1 2.63564E-1 2.93764E-1 2.93221E-1 2.67759E-1 2.60678E-1 2.69487E-1 2.30322E-1 2.17527E-1 2.32669E-1 2.24073E-1 2.02412E-1 1.67208E-1 1.61892E-1 2.20572E-1 2.30894E-1 2.2734E-1 2.21676E-1 1.63425E-1 1.59274E-1 1.67826E-1 1.48026E-1 1.05379E-1 9.77571E-2 8.77559E-2 8.73459E-2 8.11841E-2 7.54694E-2 7.13705E-2 6.01156E-2 6.14541E-2 4.9433E-2 6.60772E-2 8.98133E-2 6.19381E-2 5.47123E-2 5.38917E-2 4.93449E-2 5.29748E-2 5.15924E-2 5.11685E-2 5.05447E-2 4.60976E-2 4.97593E-2 4.98401E-2 5.40968E-2 5.26371E-2 4.80646E-2 6.43289E-2 5.97762E-2 4.70154E-2 4.6864E-2 4.82913E-2 4.5507E-2 4.7214E-2 5.44042E-2 6.11803E-2 6.37887E-2 6.51118E-2 6.75698E-2
2.45177E-1 2.41786E-1 2.75443E-1 3.19619E-1 3.26875E-1 3.20888E-1 2.81772E-1 2.62146E-1 2.53401E-1 2.48598E-1 2.34665E-1 1.95938E-1 1.44096E-1 1.18264E-1 1.33822E-1 1.6516E-1 1.83795E-1 1.95308E-1 1.3857E-1 1.14763E-1 1.21061E-1 1.33389E-1 1.6258E-1 1.33582E-1 1.18879E-1 1.09714E-1 1.01084E-1 6.55493E-2 5.74582E-2 7.59076E-2 6.61073E-2 4.82635E-2 4.61641E-2 6.63231E-2 8.20848E-2 5.59957E-2 4.98298E-2 5.02613E-2 4.33008E-2 4.60213E-2 4.82828E-2 5.09129E-2 5.52421E-2 4.78116E-2 4.88329E-2 5.08335E-2 5.30591E-2 4.96148E-2 4.98603E-2 6.14534E-2 6.40996E-2 5.01427E-2 4.8655E-2 4.87005E-2 4.7793E-2 4.48167E-2 4.44893E-2 4.88868E-2 5.8424E-2 6.06266E-2 6.41129E-2
2.48035E-1 2.47309E-1 2.27791E-1 2.2802E-1 2.50811E-1 3.25461E-1 3.05377E-1 3.11546E-1 2.90196E-1 2.73867E-1 2.03223E-1 1.22764E-1 1.03817E-1 1.13749E-1 1.21794E-1 1.55868E-1 1.69441E-1 1.89398E-1 1.10022E-1 1.15279E-1 1.15776E-1 1.34801E-1 1.50508E-1 1.75327E-1 1.40633E-1 1.25586E-1 1.04146E-1 8.64717E-2 8.40118E-2 8.55525E-2 6.3587E-2 4.99242E-2 4.56044E-2 7.13431E-2 6.21827E-2 4.69414E-2 4.71547E-2 5.32751E-2 4.91227E-2 4.51491E-2 4.1803E-2 4.89907E-2 5.28323E-2 4.72529E-2 4.37454E-2 4.90956E-2 5.21253E-2 5.85966E-2 5.90999E-2 6.4533E-2 6.37731E-2 5.27649E-2 5.14075E-2 4.79062E-2 4.93783E-2 4.94406E-2 3.90304E-2 4.09055E-2 5.51895E-2 5.85427E-2 5.74778E-2
3.2496E-1 3.42388E-1 3.21876E-1 3.16632E-1 3.08354E-1 2.52997E-1 2.26806E-1 2.52487E-1 2.74687E-1 2.27988E-1 1.49239E-1 1.02124E-1 1.18528E-1 1.51825E-1 1.48769E-1 1.24518E-1 1.41312E-1 1.5502E-1 1.87054E-1 1.27503E-1 1.45287E-1 1.34391E-1 1.32457E-1 1.30251E-1 9.61493E-2 7.9449E-2 7.85253E-2 9.0438E-2 5.9009E-2 6.49865E-2 7.23234E-2 5.10562E-2 4.24691E-2 5.87918E-2 6.19863E-2 4.70037E-2 4.9079E-2 4.32394E-2 4.16484E-2 3.64273E-2 3.2853E-2 4.16298E-2 4.9664E-2 4.45969E-2 4.94741E-2 5.82936E-2 6.46774E-2 6.506E-2 6.1381E-2 6.43811E-2 6.26238E-2 5.68969E-2 5.27339E-2 4.64584E-2 5.0417E-2 5.20535E-2 4.82086E-2 4.89379E-2 6.44467E-2 7.23969E-2 6.73639E-2
3.18605E-1 3.1082E-1 3.04722E-1 3.09543E-1 2.91097E-1 2.53755E-1 2.3219E-1 2.28751E-1 1.97511E-1 1.58686E-1 1.09383E-1 1.17042E-1 1.20088E-1 1.06819E-1 1.13233E-1 1.0844E-1 9.31825E-2 9.18332E-2 1.87182E-1 1.7046E-1 1.35972E-1 1.61239E-1 9.60227E-2 1.06994E-1 8.83326E-2 7.58577E-2 6.79015E-2 5.71417E-2 4.95676E-2 4.65175E-2 5.98832E-2 5.05932E-2 4.96314E-2 5.25057E-2 4.40486E-2 4.13052E-2 3.62416E-2 2.86724E-2 2.55278E-2 3.62368E-2 4.38155E-2 4.24662E-2 4.7895E-2 4.25956E-2 4.59275E-2 6.53786E-2 5.95727E-2 5.70724E-2 6.37006E-2 6.64308E-2 6.30191E-2 5.94269E-2 5.84026E-2 5.11958E-2 4.88912E-2 5.99547E-2 6.63559E-2 7.14824E-2 7.16968E-2 7.38738E-2 7.44527E-2
2.58693E-1 2.5654E-1 2.54521E-1 2.35626E-1 2.19836E-1 2.32037E-1 2.46874E-1 1.85164E-1 1.51607E-1 1.33873E-1 1.14863E-1 1.29663E-1 1.12705E-1 1.08733E-1 9.64519E-2 8.53992E-2 7.7013E-2 1.08319E-1 1.3002E-1 1.31045E-1 1.39778E-1 1.42918E-1 8.22209E-2 5.42014E-2 5.11361E-2 4.71573E-2 5.13343E-2 5.77456E-2 5.232E-2 4.52957E-2 4.2853E-2 3.9305E-2 4.31813E-2 4.71569E-2 4.01649E-2 4.38426E-2 3.91983E-2 2.70721E-2 2.64494E-2 3.77647E-2 3.73487E-2 3.81687E-2 5.1132E-2 5.02783E-2 5.49769E-2 5.75031E-2 3.68817E-2 4.49857E-2 5.73691E-2 6.12583E-2 5.48824E-2 5.29298E-2 5.26823E-2 4.84159E-2 4.88027E-2 6.04181E-2 4.66986E-2 5.25306E-2 5.34788E-2 5.52579E-2 6.29479E-2
2.22858E-1 2.04583E-1 1.84973E-1 1.76494E-1 1.7918E-1 1.85189E-1 1.76486E-1 1.40919E-1 1.20126E-1 1.26483E-1 1.29133E-1 1.39481E-1 1.05597E-1 9.35755E-2 8.89497E-2 9.01992E-2 8.06564E-2 1.05393E-1 1.1128E-1 1.14407E-1 1.03512E-1 1.17102E-1 9.55044E-2 6.68663E-2 6.75732E-2 7.97937E-2 6.34993E-2 4.21276E-2 4.32691E-2 5.80715E-2 5.01946E-2 4.16854E-2 3.87494E-2 4.96034E-2 4.79772E-2 4.6418E-2 3.75682E-2 3.51626E-2 2.81523E-2 3.2915E-2 3.35341E-2 3.87907E-2 5.31609E-2 5.77004E-2 5.8937E-2 5.64042E-2 4.96302E-2 3.85205E-2 5.72805E-2 4.94414E-2 3.8527E-2 4.24483E-2 3.47949E-2 3.23235E-2 5.23758E-2 4.92344E-2 2.98352E-2 3.56001E-2 3.36915E-2 4.63349E-2 5.68454E-2
1.72629E-1 1.58894E-1 1.40633E-1 1.19763E-1 1.17592E-1 1.09693E-1 1.01927E-1 1.00147E-1 1.01609E-1 1.04096E-1 1.12152E-1 1.29243E-1 1.07903E-1 7.24696E-2 5.48791E-2 5.78599E-2 6.73614E-2 8.9403E-2 1.08901E-1 5.63895E-2 7.96956E-2 6.17662E-2 4.42867E-2 3.94966E-2 3.86656E-2 5.01753E-2 4.42419E-2 3.63956E-2 3.93334E-2 3.66075E-2 4.11735E-2 4.57411E-2 4.51258E-2 4.19976E-2 3.83096E-2 4.74187E-2 3.56588E-2 3.62668E-2 3.07113E-2 2.95075E-2 3.33219E-2 4.14255E-2 5.46505E-2 5.65567E-2 4.95059E-2 4.2268E-2 5.03481E-2 3.60292E-2 5.48438E-2 4.45727E-2 2.57355E-2 2.72126E-2 2.66897E-2 4.22202E-2 3.93012E-2 3.11166E-2 2.38953E-2 2.30665E-2 2.04595E-2 2.35069E-2 2.56462E-2
1.18261E-1 1.07185E-1 1.11544E-1 1.02391E-1 9.97373E-2 1.08015E-1 1.02462E-1 8.80418E-2 9.76712E-2 7.99793E-2 8.42738E-2 8.73716E-2 9.70753E-2 8.35472E-2 5.77706E-2 4.8E-2 5.28526E-2 8.29688E-2 1.01377E-1 5.79396E-2 6.18194E-2 5.58819E-2 4.03068E-2 3.7719E-2 5.02658E-2 4.94235E-2 3.6879E-2 3.57109E-2 3.98685E-2 4.06673E-2 4.6249E-2 3.30692E-2 3.60616E-2 4.21273E-2 3.74387E-2 4.32765E-2 3.79291E-2 3.19261E-2 3.3433E-2 3.68926E-2 4.10018E-2 4.64171E-2 4.82063E-2 4.96842E-2 3.79914E-2 3.93375E-2 4.32371E-2 2.92391E-2 4.28545E-2 4.09164E-2 2.23313E-2 2.03535E-2 2.09866E-2 2.341E-2 3.23926E-2 2.11132E-2 1.80598E-2 1.68185E-2 1.70009E-2 1.72839E-2 1.92142E-2
