maxent_outputs/white_flowers_linear/white_259.asc
ncols         426
nrows         180
xllcorner     -130.0
yllcorner     24.0
cellsize      0.16666666666666666
NODATA_value  -9999
[rows 81 to 107 of 180, columns 61 to 121 of 426]
3.31674E-1 3.41926E-1 3.40042E-1 3.40892E-1 3.22444E-1 3.35814E-1 3.26989E-1 3.17338E-1 3.18287E-1 3.16856E-1 3.21734E-1 3.17923E-1 3.10388E-1 3.08486E-1 3.05922E-1 3.01004E-1 2.98138E-1 3.11673E-1 3.067E-1 2.88897E-1 2.85712E-1 2.93415E-1 2.74846E-1 2.83818E-1 2.66492E-1 2.8797E-1 2.92474E-1 2.73183E-1 2.83528E-1 2.84596E-1 2.83152E-1 2.84213E-1 2.72322E-1 3.10378E-1 2.90554E-1 2.87419E-1 3.00113E-1 2.94452E-1 2.98321E-1 3.08011E-1 3.16731E-1 3.13207E-1 2.96143E-1 3.34908E-1 3.06602E-1 3.36345E-1 3.20843E-1 3.27936E-1 3.37967E-1 3.0775E-1 2.85216E-1 3.04658E-1 2.91807E-1 2.93256E-1 2.84874E-1 2.79776E-1 2.47456E-1 2.46793E-1 2.38853E-1 2.29272E-1 2.27516E-1
3.51469E-1 3.73434E-1 3.54123E-1 3.46236E-1 3.31884E-1 3.2646E-1 3.29654E-1 3.30114E-1 3.20953E-1 3.20743E-1 3.23704E-1 3.05648E-1 3.22196E-1 3.2551E-1 3.15165E-1 3.1803E-1 3.06783E-1 3.0692E-1 3.08817E-1 2.97907E-1 2.98994E-1 2.82841E-1 2.76004E-1 2.81685E-1 2.69006E-1 2.89611E-1 2.88067E-1 2.94386E-1 2.90522E-1 3.00981E-1 2.78003E-1 2.94779E-1 2.92125E-1 3.00072E-1 2.92341E-1 2.91989E-1 2.87148E-1 2.89132E-1 3.00202E-1 3.05315E-1 3.04248E-1 3.0487E-1 2.93669E-1 3.17853E-1 2.98566E-1 3.07854E-1 3.00246E-1 3.41215E-1 3.65659E-1 3.24286E-1 2.95489E-1 2.86699E-1 2.82751E-1 2.67848E-1 2.59292E-1 2.71032E-1 2.55996E-1 2.44407E-1 2.25555E-1 2.13542E-1 2.11155E-1
3.46589E-1 4.92628E-1 3.71912E-1 3.46435E-1 3.28025E-1 3.21999E-1 3.38471E-1 3.20327E-1 3.21302E-1 3.17455E-1 3.1142E-1 3.1817E-1 3.25667E-1 3.23385E-1 3.07884E-1 3.04508E-1 3.00582E-1 3.01387E-1 3.09922E-1 2.87968E-1 2.86198E-1 2.79515E-1 2.8898E-1 2.67007E-1 2.80932E-1 2.97202E-1 2.98852E-1 2.89053E-1 2.67039E-1 2.85569E-1 2.87483E-1 2.82929E-1 3.01442E-1 2.86867E-1 2.82449E-1 2.92127E-1 2.98662E-1 2.86464E-1 2.99675E-1 3.06255E-1 2.87199E-1 2.90708E-1 3.12294E-1 3.2002E-1 3.0628E-1 3.11095E-1 3.09874E-1 3.36322E-1 3.18171E-1 3.13812E-1 2.91628E-1 2.8063E-1 2.73229E-1 2.77582E-1 2.77845E-1 2.74013E-1 2.59267E-1 2.4119E-1 2.2979E-1 2.16451E-1 2.12625E-1
3.24239E-1 3.87788E-1 3.9656E-1 3.56482E-1 3.45023E-1 3.40899E-1 3.30817E-1 3.1988E-1 3.09084E-1 3.12601E-1 3.33096E-1 3.511E-1 3.19232E-1 3.20107E-1 2.88507E-1 3.00987E-1 3.02651E-1 2.96358E-1 2.84623E-1 2.75298E-1 2.89892E-1 2.99426E-1 2.87013E-1 2.7146E-1 2.93056E-1 3.00591E-1 2.90408E-1 2.82977E-1 2.70912E-1 2.97601E-1 2.86604E-1 2.9848E-1 3.02869E-1 2.7062E-1 2.76928E-1 3.09324E-1 2.94517E-1 2.81228E-1 2.98684E-1 3.0057E-1 3.09448E-1 2.9551E-1 3.24888E-1 3.2112E-1 3.12411E-1 3.05335E-1 3.12584E-1 3.07173E-1 3.14482E-1 2.96594E-1 2.89946E-1 2.78302E-1 2.55095E-1 2.63561E-1 2.71988E-1 2.76093E-1 2.78709E-1 2.64369E-1 2.5029E-1 2.3352E-1 2.3029E-1
3.23399E-1 3.31397E-1 3.35666E-1 3.58075E-1 3.53026E-1 3.38427E-1 3.22229E-1 3.08313E-1 2.98939E-1 3.23683E-1 3.37713E-1 3.34463E-1 3.22201E-1 2.99625E-1 2.92316E-1 3.04828E-1 2.98035E-1 2.9179E-1 2.91131E-1 2.89948E-1 2.79638E-1 2.83725E-1 2.85205E-1 2.77078E-1 2.89283E-1 2.98742E-1 2.58554E-1 2.81939E-1 2.75702E-1 3.00078E-1 2.88434E-1 2.98512E-1 2.87145E-1 2.98038E-1 3.06856E-1 3.20029E-1 2.83183E-1 2.86661E-1 3.10703E-1 2.9783E-1 2.98807E-1 3.09897E-1 2.92601E-1 2.94785E-1 3.01224E-1 2.96131E-1 3.03235E-1 2.99822E-1 3.06475E-1 2.80275E-1 2.73189E-1 2.57712E-1 2.52724E-1 2.70892E-1 2.6349E-1 2.73072E-1 2.85663E-1 2.80738E-1 2.73661E-1 2.59225E-1 2.44454E-1
3.3666E-1 3.4042E-1 3.47932E-1 3.53663E-1 3.46903E-1 3.26629E-1 3.15349E-1 3.10734E-1 3.17653E-1 3.25606E-1 3.23872E-1 3.09229E-1 2.8793E-1 2.82857E-1 2.90369E-1 2.87438E-1 2.86155E-1 2.84222E-1 2.94991E-1 2.79345E-1 2.56685E-1 2.62753E-1 2.83783E-1 2.90139E-1 2.90314E-1 2.90978E-1 2.58389E-1 2.85358E-1 2.61543E-1 2.86619E-1 2.77206E-1 2.98425E-1 2.71274E-1 2.82799E-1 2.93402E-1 2.79724E-1 2.91338E-1 2.97979E-1 2.98464E-1 2.96749E-1 3.09739E-1 2.908E-1 2.8504E-1 2.78811E-1 2.89466E-1 3.14991E-1 2.92282E-1 2.92574E-1 2.99063E-1 2.76057E-1 2.73957E-1 2.58814E-1 2.68895E-1 2.76358E-1 2.71055E-1 2.70564E-1 2.85075E-1 2.7403E-1 2.92109E-1 2.74284E-1 2.57521E-1
3.25066E-1 3.21844E-1 3.40558E-1 3.48174E-1 3.43764E-1 3.25713E-1 3.23445E-1 3.19128E-1 3.27626E-1 3.18904E-1 3.24815E-1 3.08717E-1 2.89982E-1 2.86481E-1 2.76202E-1 2.77157E-1 2.87741E-1 2.93964E-1 2.89886E-1 2.81337E-1 2.92926E-1 2.72359E-1 3.10121E-1 3.01704E-1 2.86926E-1 2.77455E-1 2.83598E-1 2.66899E-1 2.80966E-1 2.77436E-1 2.6769E-1 3.03824E-1 2.68694E-1 2.97181E-1 2.94269E-1 2.68344E-1 2.98371E-1 2.83888E-1 2.88952E-1 3.15977E-1 3.04709E-1 2.90526E-1 2.67216E-1 2.79768E-1 2.82308E-1 3.16217E-1 2.87028E-1 2.91694E-1 2.8973E-1 2.66328E-1 2.69767E-1 2.6505E-1 2.7761E-1 2.63784E-1 2.5483E-1 2.70898E-1 2.73987E-1 2.94698E-1 3.06453E-1 2.91055E-1 2.56652E-1
3.09237E-1 3.30352E-1 3.33766E-1 3.44476E-1 3.35077E-1 3.33162E-1 3.2781E-1 3.23621E-1 3.31387E-1 3.06228E-1 3.09365E-1 2.9972E-1 2.90795E-1 2.78068E-1 2.90797E-1 2.86341E-1 3.02822E-1 2.96618E-1 2.96277E-1 2.88891E-1 2.92181E-1 2.8102E-1 2.7995E-1 2.70753E-1 2.88324E-1 2.89793E-1 2.84158E-1 2.41765E-1 2.74873E-1 2.69694E-1 2.78201E-1 3.0672E-1 2.79074E-1 3.10391E-1 3.08022E-1 2.68711E-1 2.9686E-1 2.98313E-1 3.05775E-1 3.11444E-1 2.93885E-1 2.70849E-1 2.72256E-1 2.73147E-1 2.75293E-1 3.10042E-1 2.9608E-1 2.94993E-1 2.88979E-1 2.7593E-1 2.56834E-1 2.57891E-1 2.6823E-1 2.40212E-1 2.5926E-1 2.7423E-1 2.65157E-1 2.88581E-1 2.92995E-1 2.98941E-1 2.63454E-1
3.10898E-1 2.96321E-1 3.12705E-1 3.32708E-1 3.2502E-1 3.26444E-1 3.30443E-1 3.23994E-1 3.24334E-1 3.20223E-1 3.06255E-1 3.02555E-1 2.73755E-1 2.80359E-1 2.86486E-1 3.01678E-1 2.95169E-1 3.07727E-1 2.89757E-1 2.68628E-1 2.81742E-1 2.83487E-1 2.68137E-1 2.82335E-1 2.81309E-1 2.83068E-1 2.85093E-1 2.77172E-1 2.73586E-1 2.91973E-1 2.58126E-1 2.96223E-1 2.97293E-1 3.09068E-1 2.83665E-1 2.80213E-1 2.92458E-1 3.064E-1 3.11879E-1 3.07183E-1 3.16089E-1 2.99438E-1 2.76092E-1 2.72287E-1 2.64409E-1 2.86456E-1 3.02424E-1 2.85861E-1 2.7649E-1 2.7586E-1 2.47844E-1 2.61411E-1 2.46012E-1 2.40506E-1 2.67675E-1 2.75268E-1 2.77023E-1 2.73963E-1 2.73849E-1 2.89067E-1 2.88299E-1
3.05793E-1 2.95408E-1 3.14085E-1 3.27822E-1 3.31465E-1 3.26262E-1 3.24352E-1 3.21675E-1 3.28824E-1 3.15068E-1 3.16224E-1 3.08416E-1 2.84326E-1 2.83368E-1 2.77622E-1 2.89051E-1 2.84892E-1 2.95121E-1 2.70758E-1 2.72182E-1 2.6634E-1 2.84572E-1 2.67756E-1 2.74618E-1 2.80595E-1 2.81885E-1 2.9973E-1 2.91581E-1 2.88005E-1 2.9499E-1 2.74415E-1 3.01278E-1 2.78392E-1 3.08471E-1 2.90343E-1 2.92432E-1 2.84345E-1 2.9605E-1 2.99374E-1 3.02152E-1 3.29001E-1 3.1857E-1 2.81065E-1 2.71101E-1 2.77598E-1 3.04867E-1 3.02305E-1 2.82401E-1 2.85116E-1 2.70054E-1 2.57518E-1 2.52708E-1 2.46034E-1 2.51679E-1 2.52745E-1 2.64955E-1 2.71973E-1 2.47045E-1 2.51276E-1 2.52674E-1 2.51368E-1
2.78494E-1 2.80076E-1 3.11987E-1 3.16337E-1 3.19035E-1 3.2162E-1 3.87479E-1 3.40935E-1 3.10486E-1 3.13225E-1 3.13031E-1 3.06095E-1 2.83261E-1 2.91277E-1 2.79984E-1 2.94372E-1 2.95531E-1 2.786E-1 2.5912E-1 2.80533E-1 2.58965E-1 2.79169E-1 2.71149E-1 2.61662E-1 2.89377E-1 2.73148E-1 2.90443E-1 2.95839E-1 2.93879E-1 2.96267E-1 2.90187E-1 2.93919E-1 2.80181E-1 3.00737E-1 2.88829E-1 2.82317E-1 2.85598E-1 2.95021E-1 2.82546E-1 2.81324E-1 2.97138E-1 2.88716E-1 2.91524E-1 2.86817E-1 2.94734E-1 2.87706E-1 2.90246E-1 2.69885E-1 2.55959E-1 2.45895E-1 2.63182E-1 2.67317E-1 2.63314E-1 2.58958E-1 2.56286E-1 2.78223E-1 2.47436E-1 2.48466E-1 2.5902E-1 2.52831E-1 2.55211E-1
2.38655E-1 2.67664E-1 2.89107E-1 2.88141E-1 2.91469E-1 3.09091E-1 3.33611E-1 3.50077E-1 3.31458E-1 3.2658E-1 3.10393E-1 2.89283E-1 2.81644E-1 3.02057E-1 3.03469E-1 2.92981E-1 2.86611E-1 2.71809E-1 2.52134E-1 2.77303E-1 2.76655E-1 2.82199E-1 2.64213E-1 2.77243E-1 2.68055E-1 2.49889E-1 2.93302E-1 2.97027E-1 2.94483E-1 3.0976E-1 2.97858E-1 2.82962E-1 3.01046E-1 2.89064E-1 2.84748E-1 2.95433E-1 2.67855E-1 2.94698E-1 2.81735E-1 3.02998E-1 2.80767E-1 2.79285E-1 2.9193E-1 2.90785E-1 2.83597E-1 2.89651E-1 2.81199E-1 2.58659E-1 2.5231E-1 2.49717E-1 2.60594E-1 2.65791E-1 2.68347E-1 2.82393E-1 2.73488E-1 2.48078E-1 2.42857E-1 2.42706E-1 2.65107E-1 2.68564E-1 2.71257E-1
2.34775E-1 2.25914E-1 2.40561E-1 2.48034E-1 2.8684E-1 2.81502E-1 2.8307E-1 3.21359E-1 3.06993E-1 3.13402E-1 3.33165E-1 2.98064E-1 3.00318E-1 3.07312E-1 2.98954E-1 2.90851E-1 2.81034E-1 2.75865E-1 2.80086E-1 2.69415E-1 2.80831E-1 2.58469E-1 2.69105E-1 2.69216E-1 2.4066E-1 2.64994E-1 2.96759E-1 2.84829E-1 2.84485E-1 3.03061E-1 3.04352E-1 2.79366E-1 2.95334E-1 2.95928E-1 2.76572E-1 2.90113E-1 2.76501E-1 2.98372E-1 2.78572E-1 2.94818E-1 2.7944E-1 2.75491E-1 2.79859E-1 2.80218E-1 2.77618E-1 2.8361E-1 2.68185E-1 2.438E-1 2.26489E-1 2.44914E-1 2.68929E-1 2.72015E-1 2.71922E-1 2.71004E-1 2.59728E-1 2.54594E-1 2.583E-1 2.56776E-1 2.75899E-1 2.86613E-1 2.92394E-1
2.09667E-1 2.01257E-1 2.24137E-1 2.53111E-1 2.3355E-1 2.4365E-1 2.479E-1 2.82634E-1 3.03497E-1 3.1886E-1 3.35374E-1 3.23626E-1 2.97361E-1 3.1322E-1 2.99918E-1 3.04371E-1 2.92559E-1 2.8342E-1 2.75747E-1 2.66599E-1 2.79134E-1 2.50867E-1 2.74693E-1 2.57534E-1 2.68174E-1 2.87148E-1 2.87322E-1 2.90128E-1 2.97831E-1 3.09052E-1 3.13638E-1 2.98834E-1 2.95394E-1 2.83803E-1 2.81777E-1 2.82204E-1 2.72517E-1 2.82758E-1 2.85945E-1 2.71137E-1 2.61161E-1 2.84E-1 2.73418E-1 2.74438E-1 2.75446E-1 2.71814E-1 2.65581E-1 2.35283E-1 2.07396E-1 2.28223E-1 2.53425E-1 2.79613E-1 2.7281E-1 2.68573E-1 2.65893E-1 2.58599E-1 2.83814E-1 2.76138E-1 2.81039E-1 2.97304E-1 2.88376E-1
2.3313E-1 2.13183E-1 2.07584E-1 2.23519E-1 2.66018E-1 2.66456E-1 2.40204E-1 2.69994E-1 2.87769E-1 2.9457E-1 3.2757E-1 3.09215E-1 3.16845E-1 3.10074E-1 2.99165E-1 2.98368E-1 2.93488E-1 2.88584E-1 2.84061E-1 2.747E-1 2.78463E-1 2.6875E-1 2.69433E-1 2.72946E-1 2.84017E-1 2.88381E-1 2.77344E-1 2.895E-1 3.0984E-1 3.07629E-1 3.07067E-1 3.03525E-1 2.82388E-1 2.89116E-1 2.79438E-1 2.59042E-1 2.80911E-1 2.80548E-1 2.73116E-1 2.56845E-1 2.71404E-1 2.66095E-1 2.66852E-1 2.62962E-1 2.49287E-1 2.627E-1 2.50724E-1 2.41166E-1 2.0538E-1 2.28541E-1 2.39541E-1 2.72861E-1 2.76768E-1 2.69488E-1 2.79283E-1 2.78046E-1 2.98482E-1 2.91445E-1 2.89682E-1 2.81266E-1 2.92211E-1
2.92709E-1 2.60146E-1 2.25619E-1 1.99042E-1 2.6494E-1 2.54875E-1 2.45691E-1 2.54109E-1 2.79236E-1 2.80632E-1 3.03785E-1 3.13915E-1 3.05632E-1 3.17891E-1 3.16815E-1 3.00356E-1 2.82751E-1 2.74635E-1 2.67707E-1 2.82823E-1 2.80423E-1 2.61787E-1 2.71402E-1 2.78997E-1 2.80504E-1 2.84099E-1 2.84152E-1 2.81464E-1 3.18894E-1 3.12912E-1 2.9484E-1 3.07345E-1 2.87845E-1 2.87681E-1 2.8455E-1 2.77926E-1 2.6364E-1 2.48839E-1 2.4823E-1 2.51398E-1 2.57417E-1 2.54919E-1 2.52554E-1 2.54769E-1 2.29697E-1 2.47256E-1 2.36617E-1 2.4257E-1 2.54355E-1 2.71113E-1 2.72711E-1 2.82452E-1 2.78557E-1 2.87509E-1 2.76788E-1 2.9606E-1 3.1769E-1 3.01867E-1 2.89974E-1 2.75724E-1 2.71601E-1
2.98334E-1 2.57514E-1 2.18145E-1 1.85491E-1 2.32393E-1 2.36054E-1 2.32794E-1 2.68249E-1 3.03344E-1 2.59522E-1 3.00483E-1 3.02156E-1 3.11525E-1 3.17789E-1 3.09328E-1 2.99312E-1 3.0272E-1 2.98225E-1 2.87968E-1 2.66761E-1 2.74203E-1 2.72097E-1 2.63118E-1 2.75987E-1 2.60159E-1 2.80803E-1 2.87612E-1 3.03666E-1 3.14071E-1 3.12169E-1 2.90282E-1 3.05739E-1 2.86099E-1 2.90691E-1 2.74295E-1 2.69411E-1 2.47729E-1 2.47576E-1 2.72762E-1 2.64154E-1 2.6267E-1 2.67099E-1 2.57081E-1 2.41312E-1 2.30921E-1 2.32511E-1 2.24874E-1 2.59656E-1 2.64452E-1 2.7337E-1 2.8394E-1 2.89078E-1 2.90807E-1 3.00253E-1 2.99768E-1 3.13023E-1 3.4716E-1 3.04148E-1 2.90145E-1 2.68813E-1 2.71386E-1
3.37984E-1 2.72314E-1 2.25165E-1 2.49821E-1 2.49469E-1 2.20398E-1 2.27287E-1 2.68319E-1 3.21756E-1 2.32705E-1 2.83133E-1 3.06573E-1 3.08604E-1 3.0697E-1 3.05255E-1 3.04492E-1 3.09111E-1 2.99711E-1 2.981E-1 2.76934E-1 2.68608E-1 2.66768E-1 2.71286E-1 2.75908E-1 2.84187E-1 2.96829E-1 3.09407E-1 3.34542E-1 3.14871E-1 2.99656E-1 3.09296E-1 3.18346E-1 3.05678E-1 2.84932E-1 2.82057E-1 2.76506E-1 2.71083E-1 2.77169E-1 2.77039E-1 2.85451E-1 2.59014E-1 2.53938E-1 2.36835E-1 2.34796E-1 2.34409E-1 2.46618E-1 2.64275E-1 2.66799E-1 2.73811E-1 2.80209E-1 2.83916E-1 2.90724E-1 3.10203E-1 3.20706E-1 3.24483E-1 3.37284E-1 3.19086E-1 3.10689E-1 2.88722E-1 2.74471E-1 2.89874E-1
3.68893E-1 3.14583E-1 2.72686E-1 2.92584E-1 2.53771E-1 2.14853E-1 1.90955E-1 2.98238E-1 3.29946E-1 2.75484E-1 2.69006E-1 3.21883E-1 3.06619E-1 2.95686E-1 3.14403E-1 3.14134E-1 3.27896E-1 3.07135E-1 2.88706E-1 2.70204E-1 2.75182E-1 2.67459E-1 2.84574E-1 2.87356E-1 3.02015E-1 3.05103E-1 3.12024E-1 3.31634E-1 3.36074E-1 3.12349E-1 3.16069E-1 3.41416E-1 3.26265E-1 2.98236E-1 3.24153E-1 3.17192E-1 3.11838E-1 2.88176E-1 2.75968E-1 3.12985E-1 2.71184E-1 2.65863E-1 2.68045E-1 2.56242E-1 2.57511E-1 2.68066E-1 2.76506E-1 2.75414E-1 2.73177E-1 2.88541E-1 2.98354E-1 2.9887E-1 3.08853E-1 3.34065E-1 3.50164E-1 3.16511E-1 3.04574E-1 3.12296E-1 2.95903E-1 2.79098E-1 2.88586E-1
4.03699E-1 3.69219E-1 3.27045E-1 2.81477E-1 2.36223E-1 2.16821E-1 1.7402E-1 2.16368E-1 2.71745E-1 3.28132E-1 2.91254E-1 3.47253E-1 3.62226E-1 3.69921E-1 3.36957E-1 3.20462E-1 3.25429E-1 3.31092E-1 3.11002E-1 2.88884E-1 2.72718E-1 2.6604E-1 2.94443E-1 2.82589E-1 2.87222E-1 3.05953E-1 3.17689E-1 3.30858E-1 3.57613E-1 3.32208E-1 3.48641E-1 3.65039E-1 3.77501E-1 3.47715E-1 3.62637E-1 3.6138E-1 3.53182E-1 3.29426E-1 3.51943E-1 3.59108E-1 3.35683E-1 3.10294E-1 2.85102E-1 2.83583E-1 2.72211E-1 2.69482E-1 2.81003E-1 3.02302E-1 3.00296E-1 3.03431E-1 3.11548E-1 3.22427E-1 2.97764E-1 3.45973E-1 3.48198E-1 3.38827E-1 3.32929E-1 3.22459E-1 3.0955E-1 2.96663E-1 2.86923E-1
4.61659E-1 4.4399E-1 3.70743E-1 3.00838E-1 2.45645E-1 2.24167E-1 1.82259E-1 1.95343E-1 2.05036E-1 3.43239E-1 2.57578E-1 3.11748E-1 3.66741E-1 3.76006E-1 4.08379E-1 3.52938E-1 3.24026E-1 3.16687E-1 3.32927E-1 3.25604E-1 3.06165E-1 2.99532E-1 3.06182E-1 3.00822E-1 2.94832E-1 3.17295E-1 3.39516E-1 3.32424E-1 3.70422E-1 3.87817E-1 3.88004E-1 4.05528E-1 3.832E-1 3.92801E-1 3.95897E-1 3.82172E-1 3.65637E-1 3.68073E-1 3.61468E-1 3.37631E-1 3.31608E-1 3.17002E-1 2.89825E-1 2.99265E-1 2.89712E-1 2.79986E-1 2.81432E-1 2.99457E-1 2.97915E-1 3.23692E-1 3.48386E-1 4.01304E-1 3.57657E-1 3.40015E-1 3.15638E-1 3.15728E-1 3.24424E-1 2.98222E-1 2.93865E-1 2.83978E-1 2.81393E-1
5.01804E-1 4.7447E-1 4.35422E-1 4.10551E-1 3.50003E-1 2.83515E-1 2.53223E-1 2.15446E-1 1.9328E-1 3.36524E-1 2.95309E-1 3.74315E-1 3.93476E-1 3.35882E-1 3.95616E-1 4.53633E-1 3.46797E-1 3.534E-1 3.73904E-1 3.56065E-1 3.48165E-1 3.3147E-1 3.23274E-1 3.27122E-1 3.31603E-1 3.51413E-1 3.50724E-1 3.39866E-1 3.6041E-1 4.05879E-1 4.13855E-1 4.20713E-1 3.88287E-1 4.25806E-1 4.21398E-1 4.20232E-1 3.77731E-1 3.57159E-1 3.57467E-1 3.1986E-1 3.05504E-1 3.02102E-1 3.12827E-1 2.99256E-1 2.88204E-1 2.85662E-1 2.80545E-1 2.68979E-1 2.81479E-1 3.32246E-1 3.24025E-1 3.29191E-1 3.30819E-1 3.11984E-1 2.81915E-1 2.94362E-1 3.1009E-1 2.98949E-1 3.02989E-1 2.81897E-1 2.75409E-1
5.30048E-1 4.97015E-1 4.90328E-1 4.32593E-1 3.64488E-1 2.71385E-1 2.49472E-1 2.40902E-1 1.90449E-1 3.08232E-1 3.48152E-1 3.65836E-1 4.64592E-1 3.84187E-1 3.59744E-1 5.3131E-1 4.95039E-1 4.17552E-1 3.94023E-1 3.87497E-1 3.8053E-1 3.62481E-1 3.47077E-1 3.35857E-1 3.42492E-1 3.57988E-1 3.61618E-1 3.25557E-1 3.3808E-1 4.17511E-1 4.43271E-1 4.30865E-1 4.36862E-1 4.53657E-1 4.31488E-1 3.90462E-1 3.39077E-1 3.15673E-1 3.2842E-1 3.2031E-1 2.89723E-1 2.93875E-1 2.84666E-1 2.99428E-1 2.91544E-1 2.73701E-1 2.75493E-1 2.716E-1 3.04736E-1 3.07193E-1 2.7537E-1 2.84678E-1 2.8324E-1 2.87939E-1 2.95139E-1 2.6714E-1 2.91649E-1 2.87205E-1 2.81463E-1 2.67277E-1 2.62754E-1
5.05663E-1 5.0264E-1 5.10785E-1 4.8739E-1 4.27468E-1 3.71302E-1 2.71212E-1 1.98974E-1 1.81963E-1 2.22034E-1 3.48362E-1 3.39302E-1 3.6538E-1 3.77056E-1 3.83623E-1 4.91203E-1 4.9204E-1 5.36336E-1 4.46135E-1 3.92573E-1 3.91686E-1 3.92376E-1 3.83348E-1 3.49982E-1 3.59236E-1 3.7025E-1 3.71933E-1 3.12856E-1 3.27735E-1 4.15854E-1 4.31296E-1 4.46485E-1 4.59558E-1 4.55882E-1 3.8892E-1 3.89689E-1 3.66954E-1 3.08763E-1 3.09684E-1 3.10936E-1 2.98762E-1 2.8984E-1 3.10245E-1 3.2046E-1 2.69489E-1 2.4369E-1 2.51623E-1 2.89376E-1 3.01964E-1 2.65162E-1 2.50931E-1 2.55449E-1 2.56525E-1 2.62134E-1 2.58859E-1 2.55529E-1 2.69258E-1 2.71579E-1 2.72852E-1 2.7051E-1 2.59278E-1
5.25368E-1 5.25392E-1 5.1695E-1 5.14504E-1 4.97384E-1 4.47486E-1 3.24642E-1 2.09779E-1 2.14013E-1 1.9482E-1 2.91351E-1 3.82778E-1 3.37689E-1 3.72058E-1 4.54556E-1 3.8554E-1 4.10149E-1 5.51884E-1 5.00709E-1 4.17582E-1 4.06736E-1 4.11334E-1 4.1195E-1 3.36687E-1 3.03243E-1 3.22099E-1 3.85776E-1 3.96075E-1 3.88722E-1 4.27563E-1 4.24328E-1 4.46166E-1 4.78924E-1 4.52649E-1 4.26153E-1 4.37679E-1 3.6481E-1 2.99938E-1 3.00738E-1 2.92864E-1 3.06495E-1 3.04982E-1 3.13595E-1 3.62099E-1 3.10541E-1 2.41498E-1 2.34242E-1 2.99711E-1 2.64094E-1 2.60075E-1 2.6152E-1 2.54934E-1 2.51235E-1 2.5953E-1 2.63547E-1 2.6338E-1 2.48064E-1 2.46085E-1 2.51895E-1 2.67381E-1 2.66335E-1
5.23489E-1 5.28343E-1 5.33102E-1 5.30003E-1 5.08639E-1 4.46755E-1 3.65257E-1 2.54156E-1 2.44386E-1 2.18093E-1 2.76545E-1 3.57242E-1 3.17263E-1 3.61434E-1 4.48768E-1 4.35953E-1 3.5703E-1 5.4966E-1 5.1454E-1 4.16256E-1 4.25895E-1 4.29071E-1 4.01919E-1 3.85673E-1 3.11891E-1 3.00145E-1 3.85033E-1 4.60022E-1 4.60426E-1 4.51822E-1 4.51166E-1 4.61495E-1 5.0654E-1 4.34454E-1 4.5001E-1 4.47568E-1 3.56511E-1 2.79829E-1 3.32618E-1 3.5304E-1 3.50949E-1 3.7306E-1 3.54256E-1 3.37598E-1 3.58278E-1 3.21019E-1 2.53616E-1 3.07669E-1 2.83183E-1 2.77192E-1 2.75916E-1 2.6746E-1 2.62532E-1 2.67981E-1 2.66066E-1 2.57057E-1 2.43672E-1 2.49408E-1 2.50418E-1 2.4569E-1 2.61119E-1
5.42763E-1 5.33382E-1 5.25158E-1 5.21251E-1 5.16716E-1 5.01687E-1 4.28708E-1 2.97071E-1 2.74401E-1 2.30031E-1 2.72369E-1 3.82038E-1 3.69453E-1 3.35373E-1 4.14079E-1 4.75824E-1 3.57293E-1 5.16108E-1 5.49479E-1 4.08699E-1 4.36166E-1 4.47621E-1 4.11157E-1 3.87623E-1 3.87571E-1 3.6312E-1 4.02356E-1 4.63448E-1 4.81072E-1 4.82149E-1 5.50831E-1 5.07425E-1 5.33037E-1 4.92364E-1 4.7733E-1 4.2226E-1 3.6179E-1 3.11812E-1 3.40507E-1 3.98368E-1 3.18228E-1 2.90431E-1 2.7459E-1 2.96203E-1 2.71906E-1 3.23977E-1 3.33931E-1 3.37011E-1 3.06827E-1 2.94087E-1 2.90353E-1 2.79796E-1 2.72625E-1 2.67142E-1 2.58049E-1 2.49982E-1 2.44615E-1 2.385E-1 2.3805E-1 2.4631E-1 2.50143E-1
