maxent_outputs/white_flowers_linear/white_304.asc
ncols         426
nrows         180
xllcorner     -130.0
yllcorner     24.0
cellsize      0.16666666666666666
NODATA_value  -9999
[rows 0 to 26 of 180, columns 305 to 365 of 426]
1.04784E-1 8.60505E-2 8.05049E-2 7.35212E-2 6.70301E-2 6.44481E-2 6.41855E-2 6.58828E-2 6.84372E-2 7.09487E-2 7.13632E-2 6.95821E-2 7.11064E-2 7.66162E-2 8.43013E-2 1.02107E-1 1.0237E-1 8.4658E-2 7.66999E-2 7.1533E-2 8.00722E-2 9.48609E-2 1.00303E-1 9.73601E-2 8.51065E-2 6.92084E-2 6.87521E-2 7.14198E-2 7.57401E-2 6.32173E-2 5.92621E-2 6.45575E-2 5.67213E-2 6.49427E-2 8.59039E-2 7.92479E-2 7.59466E-2 5.87062E-2 5.30687E-2 5.4249E-2 5.0524E-2 5.05304E-2 5.22623E-2 5.43909E-2 5.17817E-2 4.9964E-2 4.93986E-2 5.05038E-2 4.86872E-2 4.77579E-2 4.92516E-2 4.85132E-2 4.70339E-2 4.99871E-2 5.0565E-2 4.87348E-2 5.37828E-2 4.98178E-2 4.62804E-2 4.79322E-2 5.05428E-2
1.14468E-1 8.87119E-2 8.7348E-2 8.09337E-2 7.72723E-2 7.37119E-2 7.46424E-2 7.72611E-2 7.76428E-2 8.70281E-2 1.10818E-1 1.2476E-1 1.23E-1 1.26085E-1 1.1586E-1 9.2272E-2 9.26499E-2 8.58128E-2 8.466E-2 9.35866E-2 9.97473E-2 1.0755E-1 1.11878E-1 1.0151E-1 9.4858E-2 9.32941E-2 8.03555E-2 7.08179E-2 6.69405E-2 6.81473E-2 6.54371E-2 6.46167E-2 6.01536E-2 5.72669E-2 5.55911E-2 5.62314E-2 5.44682E-2 5.3888E-2 5.42012E-2 5.2976E-2 5.07818E-2 5.23893E-2 5.10525E-2 5.07647E-2 5.09623E-2 4.98629E-2 4.93923E-2 5.04942E-2 4.82603E-2 4.77034E-2 4.63595E-2 4.88784E-2 4.93737E-2 5.02765E-2 4.84805E-2 4.65528E-2 4.52561E-2 4.65502E-2 4.61266E-2 4.77021E-2 4.80021E-2
1.49593E-1 9.13679E-2 7.92193E-2 7.27756E-2 7.17579E-2 7.01137E-2 7.24864E-2 7.54471E-2 7.30937E-2 7.5085E-2 1.03736E-1 1.11032E-1 1.13033E-1 1.07453E-1 9.92944E-2 1.05529E-1 9.59051E-2 8.34966E-2 7.33806E-2 7.99187E-2 9.92573E-2 8.86328E-2 8.25669E-2 7.36497E-2 6.88945E-2 7.27658E-2 6.96085E-2 6.85864E-2 6.64644E-2 6.45064E-2 5.90496E-2 5.5599E-2 5.61421E-2 5.60485E-2 5.50278E-2 5.29732E-2 5.28899E-2 5.24574E-2 5.30949E-2 5.29199E-2 5.28121E-2 5.22794E-2 5.19324E-2 5.45737E-2 5.34315E-2 4.87297E-2 4.79243E-2 4.84918E-2 5.07466E-2 4.9499E-2 4.68102E-2 4.69328E-2 4.4754E-2 4.65692E-2 4.8668E-2 4.62125E-2 4.52074E-2 4.57234E-2 4.64159E-2 4.70638E-2 4.65863E-2
1.10875E-1 9.40618E-2 8.24742E-2 7.51086E-2 7.16201E-2 6.88949E-2 7.70987E-2 7.97608E-2 7.1597E-2 7.30709E-2 7.74112E-2 7.35271E-2 7.61933E-2 7.95733E-2 8.56927E-2 9.43376E-2 8.1604E-2 7.47629E-2 7.40107E-2 8.27748E-2 8.09703E-2 7.10812E-2 6.94737E-2 6.36526E-2 6.32009E-2 6.29353E-2 6.55403E-2 6.61247E-2 6.19468E-2 5.98999E-2 6.37566E-2 6.13683E-2 5.62483E-2 5.52048E-2 5.35524E-2 5.50013E-2 5.45123E-2 5.89965E-2 5.29327E-2 5.11819E-2 5.44853E-2 5.30314E-2 5.00438E-2 5.32783E-2 5.09453E-2 4.83306E-2 4.70969E-2 4.6449E-2 4.81483E-2 4.89928E-2 4.59921E-2 4.56049E-2 4.50477E-2 4.47764E-2 4.55209E-2 4.56686E-2 4.55536E-2 4.55552E-2 4.57373E-2 4.5848E-2 4.94601E-2
3.05448E-1 9.68911E-2 8.23833E-2 7.5604E-2 6.96114E-2 6.54525E-2 6.5795E-2 7.12646E-2 7.01206E-2 7.48274E-2 7.1641E-2 6.72871E-2 7.4292E-2 8.27962E-2 9.73526E-2 8.32311E-2 7.91382E-2 7.70761E-2 7.43408E-2 7.20001E-2 6.90671E-2 6.75147E-2 6.95213E-2 6.61598E-2 6.40818E-2 6.36604E-2 6.97429E-2 6.14996E-2 6.05948E-2 5.93405E-2 5.76536E-2 5.75086E-2 5.68537E-2 5.64292E-2 5.53682E-2 5.49799E-2 5.45484E-2 5.4151E-2 5.20551E-2 5.29265E-2 5.24392E-2 5.03772E-2 4.99521E-2 4.96692E-2 4.84491E-2 4.8161E-2 4.68035E-2 4.62437E-2 4.72139E-2 4.96268E-2 4.67203E-2 4.52721E-2 4.43312E-2 4.36068E-2 4.38539E-2 4.37385E-2 4.61535E-2 4.58824E-2 4.63686E-2 4.90625E-2 4.85083E-2
3.22159E-1 1.02881E-1 8.78504E-2 7.73198E-2 7.42039E-2 7.21591E-2 6.53778E-2 6.66617E-2 6.7813E-2 6.77629E-2 6.75742E-2 6.86197E-2 6.85979E-2 8.31516E-2 8.48003E-2 7.9548E-2 7.5125E-2 7.27196E-2 7.13711E-2 7.20508E-2 6.97483E-2 6.73702E-2 6.78446E-2 6.58058E-2 6.21825E-2 6.07316E-2 6.20129E-2 6.1332E-2 6.14037E-2 6.09976E-2 5.81136E-2 5.90665E-2 5.8459E-2 5.59572E-2 5.57488E-2 5.57353E-2 5.46331E-2 5.39231E-2 5.47196E-2 5.49953E-2 5.35995E-2 5.17393E-2 4.98294E-2 4.95557E-2 4.80813E-2 4.78369E-2 4.79716E-2 4.88271E-2 5.27083E-2 5.23578E-2 4.86778E-2 4.52471E-2 4.41502E-2 4.46669E-2 4.39859E-2 4.5124E-2 4.2975E-2 4.14979E-2 4.32772E-2 4.612E-2 4.77459E-2
8.39877E-1 1.50991E-1 9.92204E-2 8.44278E-2 7.06085E-2 6.7802E-2 6.70621E-2 6.75914E-2 6.68934E-2 7.03777E-2 7.22227E-2 6.83404E-2 7.34891E-2 8.01899E-2 8.35654E-2 7.86809E-2 7.77672E-2 7.68359E-2 7.69138E-2 7.35986E-2 7.06591E-2 6.92739E-2 6.73575E-2 6.47457E-2 6.19911E-2 5.93851E-2 6.15197E-2 6.11659E-2 5.99126E-2 5.8643E-2 5.65049E-2 5.7377E-2 5.88477E-2 5.92605E-2 5.73572E-2 5.54455E-2 5.50535E-2 5.48425E-2 5.44156E-2 5.28729E-2 5.31869E-2 5.12049E-2 5.12945E-2 5.06425E-2 4.75707E-2 4.99711E-2 4.79291E-2 4.7396E-2 4.84687E-2 4.79969E-2 5.2273E-2 5.75219E-2 4.78225E-2 4.70783E-2 4.56465E-2 4.53574E-2 4.35065E-2 4.45276E-2 4.57592E-2 4.41553E-2 4.80292E-2
9.60615E-1 2.14866E-1 1.03201E-1 8.32271E-2 7.48965E-2 7.09402E-2 6.82456E-2 6.77358E-2 6.87246E-2 8.52016E-2 8.04318E-2 7.40715E-2 7.39543E-2 7.52223E-2 8.00859E-2 8.24659E-2 7.98464E-2 8.02942E-2 8.05187E-2 7.2339E-2 7.14437E-2 7.06836E-2 7.10962E-2 6.89945E-2 6.60593E-2 6.40032E-2 6.40318E-2 6.37596E-2 6.03981E-2 5.97545E-2 5.75689E-2 5.87163E-2 6.02091E-2 5.93851E-2 5.70449E-2 5.62956E-2 5.49169E-2 5.37316E-2 5.31244E-2 5.30254E-2 5.28126E-2 5.194E-2 5.21497E-2 5.10716E-2 4.99278E-2 4.92837E-2 4.77977E-2 4.7756E-2 4.6123E-2 4.83965E-2 5.14455E-2 5.29462E-2 4.81132E-2 4.53974E-2 4.47341E-2 4.58931E-2 4.50089E-2 4.56313E-2 4.47821E-2 4.71105E-2 4.80424E-2
9.37881E-1 9.56007E-1 1.16461E-1 9.5991E-2 8.34975E-2 7.74617E-2 7.55681E-2 7.0732E-2 7.22533E-2 7.22726E-2 7.07426E-2 7.13639E-2 7.4884E-2 7.30886E-2 7.30047E-2 9.23863E-2 8.81324E-2 9.47092E-2 8.53675E-2 7.56726E-2 7.37179E-2 7.40804E-2 7.13013E-2 7.11022E-2 6.78789E-2 6.62036E-2 6.70698E-2 6.49E-2 6.19844E-2 6.17811E-2 6.19234E-2 5.97674E-2 5.62436E-2 5.71715E-2 5.90632E-2 5.79721E-2 5.65472E-2 5.81591E-2 5.6869E-2 5.45577E-2 5.52054E-2 5.48014E-2 5.45416E-2 5.27324E-2 5.09141E-2 4.96674E-2 4.80782E-2 4.66244E-2 4.67029E-2 4.59387E-2 4.70964E-2 4.64354E-2 4.67643E-2 4.61047E-2 4.62364E-2 4.80109E-2 4.86064E-2 4.74954E-2 4.5411E-2 4.64093E-2 4.71297E-2
9.59182E-1 -9999 1.71284E-1 1.13808E-1 9.39437E-2 8.39137E-2 8.03698E-2 7.52002E-2 7.61538E-2 7.84041E-2 7.94582E-2 7.32301E-2 7.70703E-2 7.55946E-2 8.26297E-2 9.25564E-2 9.00678E-2 8.28348E-2 7.36415E-2 7.09241E-2 6.98306E-2 7.15133E-2 7.13694E-2 7.10204E-2 6.87817E-2 6.78452E-2 6.6549E-2 6.55244E-2 6.56217E-2 6.59028E-2 6.57377E-2 6.17319E-2 5.8239E-2 5.86186E-2 5.99969E-2 6.04503E-2 5.93566E-2 5.78998E-2 5.74463E-2 5.76634E-2 5.71288E-2 5.55999E-2 5.52428E-2 5.48991E-2 5.36105E-2 5.23647E-2 4.91626E-2 4.81103E-2 4.55789E-2 4.74682E-2 4.46178E-2 4.26031E-2 4.41234E-2 4.4487E-2 4.82479E-2 4.80344E-2 5.01744E-2 4.77597E-2 4.67528E-2 4.92152E-2 5.02157E-2
9.58548E-1 -9999 -9999 1.08432E-1 9.862E-2 8.63888E-2 8.02462E-2 8.01955E-2 8.25076E-2 8.13734E-2 7.83536E-2 7.63979E-2 7.34826E-2 7.38142E-2 7.54429E-2 8.26983E-2 7.98489E-2 7.54227E-2 7.425E-2 7.35592E-2 7.30076E-2 7.35108E-2 7.50533E-2 7.38541E-2 7.05903E-2 6.93264E-2 7.13881E-2 6.98741E-2 6.61077E-2 6.70862E-2 6.41313E-2 6.22685E-2 6.27461E-2 6.1205E-2 6.16413E-2 6.22476E-2 6.07819E-2 6.1963E-2 6.0073E-2 5.92097E-2 5.7671E-2 5.54013E-2 5.37909E-2 5.11726E-2 4.97832E-2 4.70679E-2 4.50398E-2 4.6343E-2 4.29344E-2 4.05973E-2 3.93217E-2 4.11549E-2 4.38464E-2 4.51358E-2 4.53578E-2 4.68572E-2 4.90374E-2 5.17769E-2 4.90009E-2 5.23645E-2 5.4648E-2
1.2115E-1 3.65437E-1 1.32587E-1 1.00311E-1 9.278E-2 8.89153E-2 8.32709E-2 8.48759E-2 8.26158E-2 7.75317E-2 7.54218E-2 7.2705E-2 7.54967E-2 7.47948E-2 7.52404E-2 7.45011E-2 7.27072E-2 7.11107E-2 7.62917E-2 7.93946E-2 7.79584E-2 7.36984E-2 6.98238E-2 6.97475E-2 6.89956E-2 7.22493E-2 7.09316E-2 6.82724E-2 6.76543E-2 6.5706E-2 6.48821E-2 6.32836E-2 6.39264E-2 6.29578E-2 6.35283E-2 6.39831E-2 6.29508E-2 6.21723E-2 6.23578E-2 6.06089E-2 5.68001E-2 5.16034E-2 4.84169E-2 4.86987E-2 4.80934E-2 4.41458E-2 4.24627E-2 4.08442E-2 4.15896E-2 4.15649E-2 4.06414E-2 4.24236E-2 4.57012E-2 4.65611E-2 4.49283E-2 4.54481E-2 4.86985E-2 5.23794E-2 5.65629E-2 5.55706E-2 5.795E-2
9.51139E-1 1.21179E-1 1.05072E-1 9.76251E-2 9.06015E-2 8.73495E-2 8.42859E-2 8.07521E-2 7.66234E-2 7.40296E-2 7.49457E-2 7.13829E-2 7.203E-2 7.2785E-2 7.3284E-2 7.33258E-2 7.20784E-2 6.99491E-2 7.02268E-2 7.42896E-2 7.46301E-2 7.36481E-2 7.40649E-2 7.40944E-2 7.05774E-2 6.96347E-2 6.89935E-2 6.79709E-2 6.73289E-2 6.6951E-2 6.47006E-2 6.56497E-2 6.45965E-2 6.49967E-2 6.48875E-2 6.41044E-2 6.45717E-2 6.41363E-2 5.99735E-2 5.66689E-2 5.36244E-2 4.99294E-2 4.78256E-2 5.08316E-2 4.86737E-2 4.59351E-2 4.40152E-2 4.5249E-2 4.5472E-2 4.32748E-2 4.61155E-2 4.79909E-2 5.06805E-2 5.19738E-2 4.98316E-2 5.04061E-2 5.42664E-2 5.27054E-2 6.05171E-2 6.05139E-2 6.25102E-2
2.22656E-1 1.07191E-1 1.04081E-1 9.63649E-2 9.28067E-2 8.57773E-2 8.35968E-2 8.386E-2 7.92717E-2 7.76757E-2 7.50246E-2 7.43102E-2 7.97041E-2 7.72759E-2 7.43544E-2 7.37156E-2 7.29302E-2 7.18361E-2 6.91462E-2 7.20599E-2 7.27824E-2 7.2171E-2 7.25886E-2 7.50422E-2 7.42847E-2 7.03335E-2 6.82511E-2 6.72486E-2 6.70941E-2 6.63139E-2 6.6268E-2 6.9424E-2 6.91618E-2 6.66161E-2 6.49067E-2 6.48173E-2 6.47244E-2 5.81535E-2 5.82395E-2 5.59204E-2 5.49736E-2 5.30977E-2 5.2799E-2 5.30551E-2 5.23479E-2 5.09849E-2 4.89468E-2 4.86398E-2 4.6699E-2 4.67016E-2 4.56876E-2 4.92292E-2 5.18053E-2 5.77771E-2 7.06372E-2 5.37065E-2 5.63418E-2 5.40817E-2 6.05251E-2 6.5521E-2 6.76204E-2
1.76053E-1 1.11693E-1 1.12407E-1 9.48097E-2 9.22178E-2 8.70427E-2 8.47246E-2 8.58238E-2 8.20852E-2 7.88801E-2 7.78536E-2 7.92128E-2 7.94178E-2 7.8254E-2 7.51047E-2 7.47299E-2 7.57765E-2 7.45681E-2 7.36327E-2 7.53113E-2 7.12399E-2 7.26157E-2 7.34795E-2 7.42579E-2 7.16561E-2 7.14106E-2 7.12105E-2 6.98333E-2 6.88301E-2 6.80257E-2 6.77428E-2 6.9205E-2 6.73172E-2 6.46066E-2 6.38303E-2 6.30045E-2 5.97062E-2 6.04009E-2 6.10732E-2 5.87213E-2 5.829E-2 6.0211E-2 5.74037E-2 5.47297E-2 5.36038E-2 5.33375E-2 5.38656E-2 5.14141E-2 5.00622E-2 4.73509E-2 4.9364E-2 5.01599E-2 5.13378E-2 5.41202E-2 6.30756E-2 5.64836E-2 5.69623E-2 5.82314E-2 6.14749E-2 6.90953E-2 1.01753E-1
1.08431E-1 1.39371E-1 1.11136E-1 1.03404E-1 9.76538E-2 9.37999E-2 9.1863E-2 9.00522E-2 8.56521E-2 7.83712E-2 7.99264E-2 7.94969E-2 7.86714E-2 7.97716E-2 8.1845E-2 7.54537E-2 7.62141E-2 7.49783E-2 7.36171E-2 7.49933E-2 7.60168E-2 7.64631E-2 7.56226E-2 7.87406E-2 7.91987E-2 7.83411E-2 7.53918E-2 7.27421E-2 7.17038E-2 7.20599E-2 7.03747E-2 7.05341E-2 6.94538E-2 6.39783E-2 6.47398E-2 6.33303E-2 6.93537E-2 6.95403E-2 6.54241E-2 6.31391E-2 6.12588E-2 6.31576E-2 5.87678E-2 5.65789E-2 5.41539E-2 5.37421E-2 5.61703E-2 5.34666E-2 5.26531E-2 5.13676E-2 5.09356E-2 5.18362E-2 5.18818E-2 5.52051E-2 5.5642E-2 5.82937E-2 6.08564E-2 6.12293E-2 6.35064E-2 7.25689E-2 1.01717E-1
1.07012E-1 1.15182E-1 1.08167E-1 1.00268E-1 9.79986E-2 9.43137E-2 8.87572E-2 8.31579E-2 8.24527E-2 8.63557E-2 8.3695E-2 8.17786E-2 8.32312E-2 8.20915E-2 7.60856E-2 7.42324E-2 7.66321E-2 7.73389E-2 7.5071E-2 7.44046E-2 7.49372E-2 7.78723E-2 7.8316E-2 7.7594E-2 7.594E-2 7.19588E-2 7.32055E-2 7.52278E-2 7.48885E-2 7.12007E-2 6.9763E-2 6.70823E-2 6.84297E-2 6.55696E-2 7.97129E-2 1.12797E-1 1.08066E-1 8.91704E-2 7.65111E-2 6.72154E-2 6.48014E-2 6.54237E-2 6.05205E-2 5.95901E-2 5.78501E-2 5.53136E-2 5.68288E-2 5.41588E-2 5.41755E-2 5.48543E-2 5.38052E-2 5.06563E-2 5.07525E-2 5.68363E-2 5.37721E-2 5.57239E-2 6.27545E-2 6.34396E-2 6.57945E-2 7.09332E-2 8.88928E-2
1.04804E-1 1.00936E-1 1.04283E-1 9.88526E-2 9.63389E-2 9.19065E-2 8.4533E-2 8.24946E-2 8.45978E-2 8.54794E-2 8.10728E-2 7.99943E-2 8.20483E-2 8.1459E-2 7.66226E-2 7.74966E-2 7.95252E-2 7.90063E-2 7.53232E-2 7.69279E-2 7.43359E-2 7.71859E-2 8.24394E-2 7.53252E-2 7.13918E-2 7.13153E-2 7.19993E-2 7.15353E-2 7.16432E-2 7.04995E-2 6.89811E-2 7.04284E-2 7.30062E-2 9.84788E-2 1.29103E-1 9.86957E-2 8.53221E-2 7.78686E-2 6.68649E-2 6.31216E-2 6.25593E-2 6.26089E-2 5.86301E-2 5.89895E-2 5.81203E-2 5.79541E-2 5.79832E-2 5.54186E-2 5.48119E-2 5.32027E-2 5.33257E-2 5.58547E-2 5.25397E-2 5.4572E-2 5.5545E-2 5.31143E-2 5.75881E-2 6.43813E-2 6.72143E-2 6.66396E-2 6.65857E-2
9.76561E-2 9.4004E-2 9.41681E-2 9.33901E-2 9.35665E-2 9.20615E-2 8.97941E-2 9.00567E-2 8.91571E-2 8.38801E-2 8.51768E-2 8.67852E-2 9.31119E-2 9.64914E-2 8.81496E-2 8.23972E-2 8.05283E-2 8.40346E-2 8.06558E-2 7.48988E-2 7.43504E-2 7.51577E-2 7.52636E-2 7.43307E-2 7.15824E-2 7.31769E-2 7.06411E-2 7.43482E-2 7.19784E-2 7.009E-2 6.90633E-2 7.67205E-2 1.27495E-1 1.25664E-1 8.93055E-2 7.94574E-2 6.65107E-2 6.44766E-2 6.56637E-2 6.68003E-2 6.49544E-2 5.9442E-2 5.8411E-2 5.69923E-2 5.7152E-2 5.57965E-2 5.73635E-2 5.6675E-2 5.62709E-2 5.67993E-2 5.43097E-2 5.57462E-2 5.74163E-2 6.08939E-2 5.70372E-2 5.50572E-2 5.17455E-2 6.25019E-2 6.66343E-2 6.93842E-2 6.53585E-2
9.04131E-2 9.04581E-2 8.81679E-2 8.75838E-2 8.79421E-2 8.88122E-2 8.73331E-2 8.89535E-2 8.41252E-2 8.1447E-2 8.32005E-2 8.38864E-2 8.73773E-2 8.92559E-2 8.25709E-2 8.18899E-2 8.42381E-2 8.10107E-2 7.53391E-2 7.42888E-2 7.3475E-2 7.47347E-2 7.43225E-2 7.67613E-2 7.39575E-2 7.25793E-2 7.23119E-2 7.26254E-2 6.96535E-2 7.14345E-2 7.12345E-2 1.00804E-1 1.17758E-1 7.95181E-2 7.15748E-2 6.63364E-2 6.29613E-2 6.08031E-2 6.22104E-2 6.29369E-2 6.09639E-2 5.89763E-2 5.93659E-2 5.76661E-2 5.82536E-2 5.70061E-2 5.96636E-2 6.1523E-2 5.75625E-2 6.70013E-2 6.81513E-2 6.24844E-2 5.95455E-2 6.44853E-2 5.77241E-2 5.67024E-2 5.83863E-2 6.35171E-2 6.76621E-2 7.30454E-2 6.8996E-2
9.15926E-2 8.96919E-2 8.40839E-2 8.75565E-2 8.74789E-2 8.74659E-2 8.71219E-2 8.6031E-2 8.50978E-2 8.08015E-2 8.01314E-2 8.0007E-2 8.14174E-2 7.97413E-2 8.19962E-2 8.42168E-2 8.16592E-2 7.64918E-2 7.58967E-2 7.58355E-2 7.39711E-2 7.51966E-2 7.58038E-2 7.65241E-2 7.21237E-2 7.14095E-2 7.09099E-2 7.0065E-2 6.86437E-2 6.67948E-2 6.93262E-2 1.05059E-1 7.67205E-2 6.98826E-2 6.77239E-2 6.51912E-2 6.4605E-2 6.36995E-2 6.27008E-2 6.39894E-2 6.18206E-2 6.339E-2 6.29727E-2 5.88718E-2 6.03517E-2 5.63765E-2 5.47997E-2 5.87103E-2 5.38244E-2 5.83999E-2 6.94545E-2 6.51603E-2 6.01329E-2 6.15412E-2 5.86996E-2 5.86399E-2 6.48541E-2 6.58515E-2 6.7202E-2 7.77321E-2 6.90829E-2
8.64038E-2 8.5362E-2 8.1396E-2 8.38051E-2 8.56021E-2 8.56013E-2 8.51112E-2 8.49948E-2 8.52243E-2 7.92311E-2 7.88301E-2 8.1442E-2 8.09706E-2 8.06549E-2 8.03734E-2 7.62099E-2 7.67673E-2 7.59982E-2 7.53282E-2 7.54339E-2 7.15482E-2 7.26411E-2 7.45422E-2 7.71383E-2 7.51141E-2 7.83729E-2 7.47132E-2 7.38069E-2 7.0667E-2 6.68554E-2 6.95227E-2 8.1426E-2 7.36088E-2 6.64166E-2 6.55023E-2 6.49882E-2 6.58944E-2 6.48875E-2 6.67381E-2 6.67495E-2 6.38185E-2 6.50079E-2 6.52905E-2 5.81374E-2 6.08418E-2 5.62473E-2 5.83688E-2 5.95381E-2 5.48885E-2 5.59454E-2 5.82882E-2 5.90145E-2 6.05102E-2 6.35311E-2 6.08875E-2 5.96684E-2 6.54834E-2 6.91583E-2 7.55403E-2 9.11184E-2 7.06073E-2
8.22933E-2 8.26608E-2 8.21272E-2 8.3732E-2 8.18818E-2 8.4116E-2 8.16702E-2 8.25385E-2 8.21333E-2 8.32861E-2 8.68889E-2 8.1374E-2 7.96373E-2 8.33703E-2 8.17824E-2 7.62069E-2 7.52574E-2 7.29763E-2 7.15136E-2 7.44044E-2 7.23089E-2 7.40711E-2 7.36483E-2 7.59611E-2 7.42228E-2 7.40883E-2 7.40078E-2 7.27169E-2 7.1404E-2 6.95161E-2 6.85614E-2 7.61649E-2 6.93603E-2 6.67142E-2 6.62561E-2 6.63596E-2 6.65601E-2 6.79917E-2 6.86714E-2 6.7786E-2 6.6775E-2 6.68718E-2 6.41721E-2 6.04565E-2 5.87609E-2 5.9361E-2 6.15723E-2 7.26733E-2 6.10802E-2 6.04992E-2 5.9914E-2 5.65279E-2 5.38799E-2 6.14683E-2 6.59625E-2 6.78307E-2 7.1977E-2 7.47835E-2 8.43091E-2 1.06247E-1 8.79883E-2
8.35071E-2 8.39738E-2 8.13022E-2 8.28286E-2 8.26212E-2 8.28593E-2 8.1094E-2 8.1987E-2 8.28396E-2 8.11866E-2 8.42595E-2 8.10365E-2 7.92931E-2 8.26357E-2 7.85731E-2 7.59005E-2 7.43972E-2 7.46959E-2 7.30019E-2 7.35997E-2 7.29874E-2 7.36656E-2 7.56151E-2 7.38284E-2 7.51585E-2 7.29298E-2 7.30958E-2 7.39969E-2 7.4906E-2 7.27445E-2 7.78305E-2 7.28751E-2 6.74213E-2 6.92988E-2 6.90769E-2 7.00424E-2 6.89643E-2 6.85303E-2 7.11784E-2 6.62774E-2 6.12244E-2 6.37875E-2 6.20359E-2 6.59621E-2 6.17008E-2 6.04718E-2 6.0305E-2 8.4463E-2 6.98149E-2 7.03663E-2 6.49395E-2 6.45129E-2 6.14579E-2 6.34298E-2 7.19418E-2 7.34274E-2 7.47974E-2 7.78102E-2 8.06298E-2 8.56664E-2 1.22184E-1
7.94707E-2 8.01432E-2 7.94644E-2 8.04831E-2 8.00124E-2 8.34261E-2 8.64049E-2 8.06424E-2 8.55697E-2 8.59315E-2 8.46164E-2 8.38184E-2 7.87618E-2 7.77481E-2 7.99798E-2 8.13363E-2 7.4279E-2 7.51125E-2 7.49885E-2 7.37316E-2 7.37379E-2 7.82536E-2 7.55405E-2 7.63817E-2 7.53841E-2 8.02617E-2 7.63992E-2 7.60247E-2 7.65202E-2 8.53005E-2 8.37753E-2 6.94398E-2 6.98403E-2 7.10146E-2 7.16064E-2 7.21713E-2 7.0652E-2 7.09227E-2 7.22885E-2 6.7755E-2 6.50746E-2 6.67054E-2 6.61379E-2 6.9396E-2 6.94341E-2 6.66116E-2 6.59047E-2 8.06168E-2 7.41522E-2 7.50339E-2 7.44901E-2 7.07368E-2 7.62221E-2 7.6834E-2 7.80806E-2 7.79434E-2 7.87064E-2 7.94219E-2 8.27208E-2 9.17939E-2 1.25021E-1
7.69313E-2 7.82927E-2 7.78971E-2 7.81973E-2 7.71191E-2 7.84756E-2 7.77376E-2 7.88593E-2 7.96076E-2 8.23269E-2 7.99514E-2 8.32679E-2 7.8265E-2 8.23833E-2 9.14189E-2 7.40023E-2 7.42466E-2 7.51176E-2 7.4975E-2 7.49295E-2 7.38677E-2 7.43764E-2 7.45441E-2 7.51056E-2 7.35608E-2 7.5404E-2 7.8385E-2 7.79603E-2 7.72967E-2 8.34939E-2 7.37238E-2 7.12606E-2 7.12445E-2 7.39182E-2 7.39678E-2 7.45187E-2 7.08829E-2 7.0698E-2 7.30547E-2 7.23061E-2 7.17067E-2 7.41873E-2 7.35299E-2 7.37848E-2 6.95366E-2 7.25703E-2 7.64817E-2 7.91866E-2 8.2035E-2 8.16067E-2 7.61973E-2 7.70107E-2 8.71608E-2 9.42536E-2 8.86702E-2 8.29558E-2 8.3112E-2 9.21639E-2 9.15124E-2 9.73099E-2 1.03886E-1
7.85801E-2 7.70559E-2 7.64657E-2 7.70577E-2 7.70722E-2 7.64548E-2 7.67598E-2 7.86027E-2 7.79677E-2 7.66224E-2 7.6655E-2 7.52335E-2 7.10165E-2 7.08774E-2 7.30321E-2 7.90516E-2 9.08341E-2 7.57518E-2 7.54643E-2 8.09614E-2 7.90755E-2 7.67434E-2 7.45158E-2 7.49958E-2 7.62468E-2 7.83075E-2 7.66533E-2 8.09193E-2 8.16313E-2 7.57112E-2 7.37943E-2 7.27188E-2 7.08611E-2 7.5451E-2 7.88368E-2 7.38654E-2 6.99686E-2 7.2767E-2 7.5788E-2 7.52637E-2 7.65661E-2 8.14418E-2 8.29021E-2 8.40381E-2 7.64804E-2 7.91726E-2 8.13965E-2 8.68604E-2 8.62065E-2 8.31218E-2 8.5177E-2 9.41742E-2 1.24107E-1 9.59928E-2 1.08819E-1 9.16864E-2 8.68318E-2 9.80776E-2 9.42266E-2 1.01201E-1 1.1002E-1
