maxent_outputs/white_flowers_linear/white_236.asc
ncols         426
nrows         180
xllcorner     -130.0
yllcorner     24.0
cellsize      0.16666666666666666
NODATA_value  -9999
[rows 81 to 107 of 180, columns 61 to 121 of 426]
3.88641E-1 4.36905E-1 4.05087E-1 4.28488E-1 3.9195E-1 4.06859E-1 3.98714E-1 4.0618E-1 3.91643E-1 4.11614E-1 4.01089E-1 3.88134E-1 4.12481E-1 4.06143E-1 3.93421E-1 3.77336E-1 3.72049E-1 4.26595E-1 4.22531E-1 3.68418E-1 3.69884E-1 3.97949E-1 3.76419E-1 4.08745E-1 3.64535E-1 4.20098E-1 4.33893E-1 3.81665E-1 3.92838E-1 3.97399E-1 3.89026E-1 3.85683E-1 3.62699E-1 4.21926E-1 3.61204E-1 3.4542E-1 3.57341E-1 3.5232E-1 3.54088E-1 3.63618E-1 3.81912E-1 3.90261E-1 3.63034E-1 4.72012E-1 3.92469E-1 4.90829E-1 4.36153E-1 4.15233E-1 4.54543E-1 4.60046E-1 4.10173E-1 4.80213E-1 4.81509E-1 4.63066E-1 4.35347E-1 4.29912E-1 3.69826E-1 3.59612E-1 3.36105E-1 3.19226E-1 3.17044E-1
4.16865E-1 4.40995E-1 4.3449E-1 4.17951E-1 4.17299E-1 3.7993E-1 4.12383E-1 4.03736E-1 3.81848E-1 4.05173E-1 4.09143E-1 3.70561E-1 4.11062E-1 4.13594E-1 4.10362E-1 4.15375E-1 3.91557E-1 4.2227E-1 4.00596E-1 3.88259E-1 4.18137E-1 3.81217E-1 3.78798E-1 3.96821E-1 3.64489E-1 4.33735E-1 4.00019E-1 4.19048E-1 4.1719E-1 4.41128E-1 3.78167E-1 4.06173E-1 3.93743E-1 4.02475E-1 3.80261E-1 3.68908E-1 3.48087E-1 3.46939E-1 3.55797E-1 3.58707E-1 3.60308E-1 3.68032E-1 3.60235E-1 4.18621E-1 3.79024E-1 3.98646E-1 3.83942E-1 4.3485E-1 4.53238E-1 4.65851E-1 4.40769E-1 4.5439E-1 4.51013E-1 4.07472E-1 3.80598E-1 3.8309E-1 3.55188E-1 3.35065E-1 3.05579E-1 2.86674E-1 2.82203E-1
4.4626E-1 5.62423E-1 4.48952E-1 4.27734E-1 4.12127E-1 3.79311E-1 4.16213E-1 3.74249E-1 3.84287E-1 3.76702E-1 3.73993E-1 4.01411E-1 3.85514E-1 3.88667E-1 4.00417E-1 3.88526E-1 3.9924E-1 3.9753E-1 4.20088E-1 3.97936E-1 3.90541E-1 3.748E-1 4.04889E-1 3.70758E-1 3.8664E-1 4.33629E-1 4.11463E-1 4.13524E-1 3.7774E-1 4.26064E-1 3.94865E-1 3.84561E-1 4.17911E-1 3.8538E-1 3.70588E-1 3.89984E-1 3.70975E-1 3.4442E-1 3.56571E-1 3.63127E-1 3.40616E-1 3.46195E-1 3.84633E-1 4.19935E-1 3.95728E-1 4.03923E-1 3.9873E-1 4.14036E-1 4.0395E-1 4.27172E-1 4.18239E-1 4.32974E-1 4.4291E-1 4.4171E-1 4.12254E-1 3.97567E-1 3.64992E-1 3.32519E-1 3.11429E-1 2.86534E-1 2.77374E-1
4.30362E-1 4.6232E-1 4.58296E-1 4.27303E-1 4.14208E-1 4.02898E-1 3.83658E-1 3.71234E-1 3.5908E-1 3.68627E-1 4.27608E-1 4.03761E-1 3.67709E-1 3.95019E-1 3.68678E-1 3.94623E-1 3.96197E-1 3.99669E-1 3.84917E-1 3.81498E-1 4.1667E-1 4.30068E-1 3.97108E-1 3.74508E-1 4.15495E-1 4.28333E-1 4.09222E-1 4.01393E-1 3.82326E-1 4.22237E-1 3.84971E-1 4.27035E-1 4.36916E-1 3.61227E-1 3.71903E-1 4.52753E-1 3.68075E-1 3.39083E-1 3.57048E-1 3.58755E-1 3.76429E-1 3.55228E-1 4.10415E-1 4.19091E-1 4.34822E-1 4.12237E-1 4.21754E-1 3.83496E-1 4.5301E-1 4.32862E-1 4.28117E-1 4.23625E-1 4.04154E-1 4.2208E-1 4.29584E-1 4.32105E-1 4.18836E-1 3.79375E-1 3.48757E-1 3.08796E-1 3.03166E-1
4.08098E-1 4.2216E-1 4.32349E-1 4.29174E-1 4.16875E-1 3.93058E-1 3.68821E-1 3.55583E-1 3.48013E-1 3.95946E-1 3.8616E-1 3.85186E-1 4.21523E-1 3.90164E-1 3.88192E-1 4.131E-1 4.04491E-1 4.32454E-1 3.9243E-1 4.13115E-1 3.95844E-1 4.01633E-1 3.88287E-1 3.80895E-1 4.03145E-1 4.25332E-1 3.59892E-1 4.0163E-1 3.92302E-1 4.35607E-1 3.90089E-1 4.27078E-1 3.88494E-1 4.18002E-1 4.47174E-1 4.64053E-1 3.48973E-1 3.50362E-1 3.84347E-1 3.57872E-1 3.76791E-1 3.85275E-1 3.56663E-1 3.61062E-1 3.77815E-1 3.78492E-1 4.04831E-1 3.88511E-1 4.44138E-1 4.16419E-1 4.12393E-1 4.2909E-1 4.10073E-1 4.062E-1 3.95837E-1 4.11111E-1 4.30382E-1 4.04162E-1 3.74478E-1 3.43167E-1 3.33026E-1
4.12583E-1 4.29459E-1 4.3219E-1 4.12339E-1 3.99434E-1 3.72776E-1 3.63499E-1 3.59824E-1 3.74668E-1 4.20146E-1 3.73533E-1 4.31816E-1 3.76647E-1 3.75869E-1 4.0667E-1 3.87648E-1 3.96914E-1 4.05951E-1 4.2506E-1 3.88855E-1 3.5336E-1 3.62019E-1 3.92782E-1 4.06407E-1 4.02249E-1 3.99502E-1 3.59114E-1 4.09762E-1 3.63194E-1 4.04696E-1 3.86991E-1 4.34844E-1 3.61537E-1 3.97595E-1 4.02792E-1 3.52089E-1 3.72183E-1 3.69173E-1 3.61845E-1 3.61582E-1 3.88453E-1 3.56661E-1 3.45185E-1 3.3864E-1 3.53068E-1 3.99506E-1 3.73479E-1 3.82016E-1 4.41648E-1 3.79801E-1 3.97111E-1 4.44415E-1 4.30429E-1 3.7866E-1 3.59247E-1 3.60725E-1 4.09007E-1 4.36326E-1 4.02154E-1 3.8995E-1 3.6734E-1
4.11477E-1 4.22482E-1 4.21985E-1 4.11204E-1 3.97559E-1 3.74884E-1 3.75185E-1 3.69461E-1 4.00367E-1 3.89628E-1 4.04284E-1 4.04953E-1 4.12072E-1 3.98768E-1 3.79571E-1 3.69777E-1 4.17971E-1 3.94299E-1 3.93558E-1 3.96831E-1 4.18174E-1 3.72179E-1 4.45585E-1 4.25454E-1 3.88803E-1 3.81069E-1 4.08358E-1 3.77387E-1 4.11812E-1 3.95897E-1 3.83551E-1 4.65317E-1 3.58406E-1 4.46627E-1 3.93356E-1 3.35896E-1 3.82861E-1 3.43452E-1 3.56231E-1 4.12254E-1 3.74621E-1 3.52032E-1 3.26895E-1 3.41909E-1 3.4678E-1 4.2662E-1 3.69633E-1 3.84821E-1 4.27973E-1 3.61142E-1 4.40538E-1 4.4961E-1 4.29254E-1 3.5907E-1 3.35865E-1 3.51674E-1 3.54613E-1 4.19494E-1 4.07672E-1 4.1313E-1 3.86652E-1
4.07137E-1 4.09618E-1 4.16827E-1 4.03367E-1 3.93634E-1 3.92624E-1 3.8105E-1 3.79549E-1 3.896E-1 3.66169E-1 3.89056E-1 3.85359E-1 4.11614E-1 3.81742E-1 4.07654E-1 4.04759E-1 4.341E-1 3.8493E-1 4.12472E-1 4.10896E-1 4.23465E-1 3.95771E-1 3.90737E-1 3.65639E-1 3.96908E-1 4.12915E-1 4.27282E-1 3.44569E-1 3.98584E-1 3.89882E-1 4.16177E-1 4.70567E-1 3.73047E-1 4.82769E-1 4.30551E-1 3.37022E-1 3.92189E-1 3.69521E-1 3.9448E-1 3.91963E-1 3.58043E-1 3.30596E-1 3.3257E-1 3.35009E-1 3.43163E-1 4.24235E-1 4.02293E-1 3.88737E-1 3.89808E-1 4.16661E-1 4.44701E-1 4.05345E-1 3.7462E-1 3.21711E-1 3.51299E-1 3.70534E-1 3.34562E-1 3.70122E-1 3.69422E-1 4.13988E-1 4.1271E-1
3.93467E-1 4.07519E-1 4.22981E-1 3.9665E-1 3.80387E-1 3.82976E-1 3.87207E-1 3.79949E-1 4.05055E-1 3.96908E-1 3.89055E-1 3.87726E-1 3.72253E-1 4.08668E-1 4.03868E-1 4.45028E-1 3.80841E-1 4.19903E-1 4.30365E-1 3.82652E-1 4.29817E-1 4.27852E-1 3.74019E-1 4.02945E-1 3.80526E-1 3.83934E-1 4.2666E-1 3.97746E-1 3.75773E-1 4.35865E-1 3.75228E-1 4.19451E-1 4.1112E-1 4.3597E-1 3.60755E-1 3.54827E-1 3.78867E-1 4.085E-1 3.96707E-1 3.78164E-1 3.76492E-1 3.65024E-1 3.36919E-1 3.34549E-1 3.30561E-1 3.81002E-1 4.40243E-1 3.80321E-1 3.6735E-1 4.44253E-1 4.27366E-1 3.98791E-1 3.32775E-1 3.18521E-1 3.53992E-1 3.6309E-1 3.47503E-1 3.40609E-1 3.37254E-1 3.83857E-1 4.03805E-1
3.87622E-1 4.03291E-1 4.10991E-1 3.97847E-1 3.92877E-1 4.12888E-1 3.72873E-1 3.82116E-1 3.86988E-1 3.6412E-1 3.78819E-1 3.79015E-1 3.91708E-1 3.99869E-1 4.1634E-1 4.1874E-1 3.66794E-1 4.2722E-1 3.89979E-1 4.13126E-1 3.8951E-1 4.19866E-1 3.82352E-1 3.84871E-1 3.73744E-1 3.68102E-1 4.52595E-1 4.01589E-1 3.77976E-1 4.26055E-1 4.07363E-1 4.23248E-1 3.81909E-1 4.96665E-1 3.82356E-1 3.84132E-1 3.67323E-1 3.97749E-1 3.81927E-1 3.68035E-1 4.0008E-1 4.03286E-1 3.44953E-1 3.36441E-1 3.52239E-1 4.49017E-1 4.47865E-1 3.68573E-1 3.9918E-1 4.13387E-1 4.01855E-1 3.5488E-1 3.33718E-1 3.44656E-1 3.51088E-1 3.5982E-1 3.3414E-1 2.9794E-1 3.02526E-1 3.13024E-1 3.17618E-1
3.99118E-1 4.0667E-1 4.04859E-1 3.97507E-1 3.97117E-1 4.15577E-1 4.58046E-1 4.19199E-1 3.94646E-1 3.9132E-1 3.78796E-1 3.87664E-1 3.78465E-1 4.14248E-1 4.29146E-1 4.33989E-1 3.93054E-1 4.48066E-1 3.77164E-1 4.43832E-1 3.73861E-1 4.04256E-1 3.81067E-1 3.63077E-1 3.9226E-1 3.4182E-1 3.85696E-1 3.96522E-1 3.77275E-1 4.28852E-1 4.32183E-1 3.96791E-1 3.73977E-1 4.43303E-1 3.79157E-1 3.76124E-1 3.84831E-1 3.90056E-1 3.54396E-1 3.44213E-1 3.68197E-1 3.62158E-1 3.69281E-1 3.68848E-1 4.08258E-1 4.35674E-1 3.84324E-1 3.86153E-1 4.09911E-1 4.23273E-1 3.95232E-1 3.55148E-1 3.42605E-1 3.57322E-1 3.56282E-1 3.61884E-1 3.02099E-1 3.00472E-1 3.10365E-1 3.13669E-1 3.16733E-1
4.06238E-1 4.02962E-1 4.0512E-1 4.16276E-1 4.20649E-1 4.08462E-1 4.46658E-1 4.02007E-1 4.08285E-1 4.03286E-1 4.07082E-1 3.81242E-1 3.75405E-1 3.95174E-1 4.12761E-1 3.90639E-1 4.04171E-1 3.98198E-1 3.73728E-1 4.03172E-1 3.95593E-1 3.86571E-1 3.54924E-1 3.78618E-1 3.39774E-1 3.14987E-1 4.10674E-1 3.92145E-1 3.73315E-1 4.34441E-1 4.18847E-1 3.76275E-1 4.08994E-1 3.82509E-1 3.76058E-1 4.16498E-1 3.42978E-1 3.96377E-1 3.51185E-1 4.00382E-1 3.56447E-1 3.52947E-1 3.88824E-1 4.10158E-1 4.21579E-1 4.02646E-1 4.26912E-1 4.1533E-1 4.30804E-1 4.20346E-1 3.91388E-1 3.48079E-1 3.50909E-1 3.56292E-1 3.4218E-1 3.12859E-1 3.0712E-1 3.0559E-1 3.26014E-1 3.39154E-1 3.48051E-1
4.18387E-1 4.14554E-1 3.94498E-1 4.0954E-1 4.03677E-1 3.85252E-1 4.20446E-1 4.08239E-1 4.02521E-1 4.034E-1 4.04973E-1 4.0619E-1 3.85327E-1 3.85943E-1 3.69253E-1 3.78661E-1 3.83967E-1 3.91057E-1 4.15652E-1 3.70802E-1 3.99854E-1 3.3499E-1 3.56131E-1 3.4695E-1 3.01317E-1 3.42334E-1 4.23344E-1 3.64126E-1 3.59148E-1 4.10789E-1 4.14241E-1 3.75402E-1 4.09112E-1 4.18813E-1 3.72942E-1 4.16412E-1 3.61688E-1 4.09804E-1 3.5194E-1 3.92366E-1 3.58597E-1 3.61759E-1 4.04803E-1 4.11483E-1 4.80922E-1 4.11352E-1 4.25141E-1 3.73057E-1 3.63798E-1 3.75434E-1 4.18389E-1 3.59951E-1 3.39263E-1 3.28764E-1 3.10957E-1 3.12224E-1 3.29584E-1 3.32834E-1 3.41148E-1 3.52943E-1 3.52471E-1
3.93629E-1 3.87065E-1 4.02792E-1 3.76355E-1 3.82162E-1 3.78571E-1 3.77668E-1 3.94176E-1 4.02993E-1 4.13572E-1 3.99566E-1 4.06295E-1 3.7942E-1 3.88282E-1 3.61462E-1 3.9912E-1 3.81329E-1 3.9121E-1 3.78693E-1 3.52984E-1 3.81057E-1 3.19857E-1 3.53732E-1 3.20999E-1 3.42233E-1 4.13427E-1 3.81907E-1 3.65768E-1 3.78412E-1 4.09069E-1 4.09673E-1 4.03775E-1 4.24121E-1 4.10578E-1 4.05025E-1 4.12819E-1 3.8137E-1 4.08481E-1 3.82955E-1 3.50533E-1 3.30422E-1 3.78053E-1 3.68688E-1 3.90875E-1 4.67011E-1 3.85524E-1 3.9563E-1 3.70908E-1 3.48105E-1 3.69095E-1 3.89206E-1 3.79834E-1 3.38646E-1 3.31654E-1 3.29398E-1 3.18003E-1 3.53045E-1 3.64806E-1 3.60713E-1 3.61196E-1 3.50192E-1
4.08378E-1 4.05045E-1 4.05943E-1 4.01744E-1 3.91143E-1 3.73888E-1 3.58358E-1 3.81026E-1 3.84018E-1 3.89335E-1 3.97938E-1 3.66128E-1 3.96871E-1 3.77677E-1 3.75224E-1 3.84031E-1 3.70712E-1 3.74672E-1 3.73596E-1 3.59058E-1 3.82883E-1 3.54878E-1 3.38869E-1 3.50707E-1 4.20115E-1 3.85974E-1 3.51206E-1 3.65105E-1 4.03827E-1 3.87115E-1 3.83698E-1 4.09328E-1 3.81791E-1 4.05945E-1 4.04323E-1 3.74463E-1 4.02353E-1 3.82403E-1 3.54714E-1 3.29902E-1 3.65627E-1 3.73276E-1 3.78764E-1 3.84423E-1 3.80932E-1 4.01154E-1 3.95006E-1 3.77578E-1 3.72843E-1 4.2502E-1 4.37278E-1 3.94932E-1 3.5583E-1 3.65897E-1 4.10063E-1 3.42945E-1 3.60465E-1 3.71939E-1 3.69205E-1 3.64035E-1 3.79152E-1
4.48943E-1 4.40915E-1 4.16033E-1 4.05632E-1 3.98666E-1 3.83936E-1 3.61487E-1 3.573E-1 3.99032E-1 4.04424E-1 3.73189E-1 3.82567E-1 3.73619E-1 3.92775E-1 3.92626E-1 3.7124E-1 3.53079E-1 3.45142E-1 3.39803E-1 3.77804E-1 4.03414E-1 3.54798E-1 3.52568E-1 3.63565E-1 3.59918E-1 3.74352E-1 3.69434E-1 3.54019E-1 4.11928E-1 3.90421E-1 3.60239E-1 4.25362E-1 3.78119E-1 3.81571E-1 4.12201E-1 3.9074E-1 3.48335E-1 3.24611E-1 3.21404E-1 3.25328E-1 3.37388E-1 3.46468E-1 3.56632E-1 3.97952E-1 3.32077E-1 4.05046E-1 3.72782E-1 4.07921E-1 4.20683E-1 4.04362E-1 3.82685E-1 3.75595E-1 3.67689E-1 3.70865E-1 3.94186E-1 3.66198E-1 3.71055E-1 3.71477E-1 3.87327E-1 3.95553E-1 4.04082E-1
4.51992E-1 4.26457E-1 4.08695E-1 3.989E-1 4.05617E-1 3.75156E-1 3.69234E-1 3.91343E-1 4.17238E-1 4.36012E-1 3.68578E-1 4.10021E-1 4.13313E-1 3.67108E-1 3.90984E-1 3.81176E-1 3.77583E-1 3.77656E-1 3.66219E-1 3.40956E-1 3.67362E-1 3.69317E-1 3.42423E-1 3.55046E-1 3.2184E-1 3.72256E-1 3.85559E-1 3.78009E-1 3.80565E-1 3.93319E-1 3.57302E-1 3.98046E-1 3.57391E-1 3.93664E-1 3.81595E-1 3.61951E-1 3.27843E-1 3.26801E-1 3.68269E-1 3.49838E-1 3.48889E-1 4.14754E-1 4.40844E-1 3.95045E-1 3.4674E-1 3.68369E-1 3.46437E-1 4.20307E-1 3.83711E-1 3.66311E-1 3.65194E-1 3.63276E-1 3.75483E-1 3.64941E-1 3.56094E-1 3.79741E-1 3.94303E-1 3.75813E-1 3.97988E-1 4.09974E-1 4.11994E-1
4.70565E-1 4.51274E-1 4.21442E-1 4.2947E-1 4.29661E-1 4.01673E-1 3.68676E-1 3.76175E-1 3.80547E-1 4.23456E-1 4.03868E-1 3.91776E-1 3.96969E-1 3.89718E-1 3.90676E-1 3.76578E-1 3.75494E-1 3.64235E-1 3.82823E-1 3.50166E-1 3.39522E-1 3.48328E-1 3.63508E-1 3.52383E-1 3.68194E-1 3.85947E-1 4.10074E-1 3.91185E-1 3.84094E-1 3.69872E-1 4.06193E-1 4.03765E-1 3.9278E-1 3.87859E-1 3.85968E-1 3.85719E-1 3.69119E-1 3.81152E-1 3.98485E-1 3.93873E-1 4.04669E-1 4.29923E-1 4.28413E-1 3.81212E-1 3.73939E-1 3.95665E-1 3.7055E-1 3.78456E-1 3.99669E-1 3.86551E-1 3.6188E-1 3.56295E-1 3.75307E-1 3.90775E-1 3.60276E-1 3.80589E-1 3.81684E-1 3.89287E-1 3.83722E-1 3.94559E-1 4.03879E-1
4.55644E-1 4.60567E-1 4.30734E-1 4.29526E-1 4.29518E-1 4.13739E-1 4.04932E-1 3.88812E-1 3.74314E-1 4.03482E-1 4.1118E-1 3.9674E-1 4.01874E-1 4.13326E-1 3.87166E-1 3.7742E-1 3.88109E-1 3.78269E-1 3.63862E-1 3.39244E-1 3.50362E-1 3.50107E-1 3.85454E-1 3.57255E-1 4.05883E-1 3.69913E-1 3.85482E-1 3.92153E-1 4.03187E-1 3.77871E-1 4.19901E-1 4.22267E-1 4.24316E-1 4.05438E-1 4.10396E-1 4.1452E-1 4.04914E-1 4.07279E-1 4.3443E-1 4.08748E-1 4.16328E-1 3.99583E-1 4.18283E-1 3.97525E-1 4.04016E-1 4.07954E-1 3.8083E-1 3.71052E-1 3.63021E-1 3.81123E-1 3.92593E-1 3.83636E-1 3.62327E-1 3.85648E-1 3.92733E-1 3.64117E-1 3.7715E-1 3.82384E-1 3.79374E-1 3.83125E-1 3.69783E-1
4.51113E-1 4.49455E-1 4.52562E-1 4.43489E-1 4.27104E-1 4.09816E-1 3.8573E-1 3.96868E-1 3.85774E-1 4.00605E-1 3.97753E-1 4.06347E-1 4.13578E-1 4.14781E-1 4.14355E-1 3.99141E-1 3.63476E-1 3.81998E-1 3.86938E-1 3.70296E-1 3.71374E-1 3.77158E-1 3.77904E-1 3.41042E-1 3.47501E-1 3.7755E-1 3.70832E-1 3.9868E-1 3.92955E-1 4.01404E-1 4.20848E-1 4.15666E-1 4.2157E-1 4.10202E-1 4.04601E-1 4.15112E-1 4.07112E-1 4.06825E-1 4.23147E-1 4.11963E-1 4.15222E-1 4.19089E-1 3.92812E-1 3.93483E-1 3.8211E-1 3.82814E-1 3.76597E-1 3.79728E-1 3.75818E-1 3.74293E-1 3.76196E-1 3.84193E-1 3.87724E-1 3.88054E-1 3.9254E-1 3.90675E-1 3.77525E-1 3.79698E-1 3.86784E-1 3.71066E-1 3.50103E-1
4.63555E-1 4.68401E-1 4.47958E-1 4.45167E-1 4.29066E-1 4.0822E-1 3.91515E-1 4.12149E-1 3.83644E-1 3.94325E-1 3.95028E-1 4.0199E-1 3.99241E-1 4.18172E-1 4.28891E-1 4.08623E-1 3.90636E-1 3.55881E-1 3.75773E-1 3.87058E-1 3.89915E-1 3.75624E-1 3.56E-1 3.61348E-1 3.62462E-1 3.99421E-1 3.87342E-1 3.67091E-1 4.13935E-1 4.18748E-1 4.17531E-1 4.21471E-1 4.15876E-1 4.13037E-1 4.09727E-1 4.25066E-1 4.09692E-1 3.78194E-1 3.83313E-1 3.97507E-1 4.06531E-1 4.18269E-1 3.9635E-1 3.94047E-1 3.80029E-1 3.73388E-1 3.71469E-1 3.62502E-1 3.55502E-1 3.7036E-1 3.89343E-1 4.40214E-1 4.09537E-1 4.11993E-1 3.82741E-1 3.89349E-1 3.85874E-1 3.62184E-1 3.67945E-1 3.40508E-1 3.44479E-1
4.76662E-1 4.59252E-1 4.58214E-1 4.59079E-1 4.49512E-1 4.37772E-1 4.30457E-1 4.10446E-1 4.02331E-1 3.94884E-1 4.22675E-1 4.2693E-1 4.27374E-1 4.19168E-1 4.3203E-1 4.58523E-1 4.35473E-1 4.01252E-1 4.08477E-1 4.01573E-1 4.06007E-1 4.03188E-1 3.68347E-1 3.6569E-1 3.97607E-1 3.98784E-1 3.91343E-1 3.7788E-1 4.1705E-1 4.07562E-1 4.26455E-1 4.31153E-1 4.42425E-1 4.2374E-1 4.09269E-1 4.15598E-1 4.27317E-1 3.98132E-1 3.9903E-1 3.82251E-1 3.77386E-1 3.80778E-1 3.98689E-1 3.6489E-1 3.62634E-1 3.83083E-1 3.89507E-1 3.6122E-1 3.68177E-1 3.76167E-1 3.6685E-1 3.75615E-1 3.87859E-1 3.85898E-1 3.72793E-1 3.89079E-1 4.01455E-1 3.71231E-1 3.80546E-1 3.47938E-1 3.43771E-1
4.92696E-1 4.67532E-1 4.72781E-1 4.54612E-1 4.43282E-1 4.2157E-1 4.15073E-1 4.21115E-1 4.19215E-1 4.10634E-1 4.02885E-1 4.41597E-1 4.22909E-1 4.20165E-1 4.2966E-1 4.48924E-1 4.55258E-1 4.37176E-1 4.01013E-1 3.9411E-1 3.93781E-1 3.93332E-1 3.82895E-1 3.71135E-1 3.88988E-1 3.89193E-1 3.97992E-1 4.11997E-1 4.22232E-1 4.15751E-1 4.24491E-1 4.04416E-1 4.17321E-1 4.24843E-1 4.17005E-1 4.39242E-1 4.2848E-1 4.00766E-1 3.9236E-1 3.89551E-1 3.58555E-1 3.67719E-1 3.45192E-1 3.69445E-1 3.90037E-1 4.19816E-1 3.92855E-1 3.66E-1 3.76054E-1 3.72152E-1 3.51098E-1 3.54733E-1 3.54504E-1 3.64424E-1 3.91863E-1 3.82987E-1 4.02815E-1 3.70814E-1 3.54405E-1 3.36259E-1 3.31563E-1
4.69029E-1 4.68587E-1 4.79091E-1 4.72075E-1 4.53395E-1 4.54625E-1 4.27289E-1 4.04316E-1 4.02856E-1 4.35179E-1 4.02765E-1 4.30354E-1 4.3979E-1 4.36365E-1 4.39965E-1 4.37254E-1 4.33635E-1 4.4192E-1 4.46174E-1 3.87507E-1 3.83644E-1 3.97371E-1 4.0564E-1 3.96749E-1 3.87994E-1 3.87941E-1 4.01262E-1 4.36869E-1 4.21002E-1 4.19983E-1 4.0686E-1 4.15886E-1 4.17988E-1 4.34191E-1 4.52911E-1 4.25964E-1 4.21449E-1 3.9557E-1 3.86038E-1 3.97033E-1 3.79331E-1 3.66158E-1 3.81098E-1 3.94386E-1 3.97291E-1 4.12489E-1 3.89404E-1 3.55707E-1 3.70875E-1 3.58291E-1 3.3851E-1 3.39615E-1 3.4044E-1 3.56294E-1 3.51215E-1 3.57638E-1 3.83001E-1 3.86944E-1 3.55298E-1 3.45279E-1 3.32349E-1
4.8495E-1 4.86729E-1 4.81664E-1 4.83598E-1 4.78358E-1 4.65775E-1 4.5904E-1 4.18663E-1 4.09491E-1 3.92464E-1 4.22426E-1 4.08733E-1 4.16602E-1 4.23282E-1 4.42072E-1 4.44922E-1 4.51603E-1 4.47252E-1 4.69437E-1 4.37451E-1 3.91067E-1 4.03736E-1 4.3051E-1 4.38595E-1 4.19471E-1 4.08374E-1 4.04527E-1 4.29342E-1 4.34727E-1 4.14238E-1 4.09705E-1 4.35073E-1 4.33406E-1 4.30433E-1 4.2274E-1 4.27976E-1 4.34731E-1 3.99149E-1 3.85621E-1 3.97135E-1 4.06846E-1 3.95037E-1 3.93222E-1 4.17304E-1 4.19472E-1 4.1269E-1 3.9491E-1 3.80847E-1 3.48178E-1 3.51014E-1 3.40344E-1 3.3569E-1 3.36369E-1 3.40015E-1 3.54704E-1 3.618E-1 3.46496E-1 3.61197E-1 3.69881E-1 3.77596E-1 3.48577E-1
4.78332E-1 4.86472E-1 4.95122E-1 4.95112E-1 4.8284E-1 4.65229E-1 4.73015E-1 4.3113E-1 4.03309E-1 3.98114E-1 4.18623E-1 4.13701E-1 4.21472E-1 4.21591E-1 4.46614E-1 4.47306E-1 4.6333E-1 4.68605E-1 4.76676E-1 4.33705E-1 4.06755E-1 4.29515E-1 4.02287E-1 4.20601E-1 4.51105E-1 4.47369E-1 4.39305E-1 4.41928E-1 4.29308E-1 4.26123E-1 4.39948E-1 4.36231E-1 4.58728E-1 4.43905E-1 4.45807E-1 4.25017E-1 4.32443E-1 3.78781E-1 4.13737E-1 4.19465E-1 4.18381E-1 4.26719E-1 4.10246E-1 4.17376E-1 4.26002E-1 4.33325E-1 4.13562E-1 4.12029E-1 3.61208E-1 3.53888E-1 3.46158E-1 3.38312E-1 3.34476E-1 3.40865E-1 3.48721E-1 3.47114E-1 3.42922E-1 3.5419E-1 3.65437E-1 3.61167E-1 3.50845E-1
4.95716E-1 4.88618E-1 4.84672E-1 4.85106E-1 4.8395E-1 4.77054E-1 4.85706E-1 4.5204E-1 4.16103E-1 3.94809E-1 4.18084E-1 4.28564E-1 4.39631E-1 4.24967E-1 4.58267E-1 4.29533E-1 4.70688E-1 4.66296E-1 4.76383E-1 4.50557E-1 4.41785E-1 4.34728E-1 4.17013E-1 3.8817E-1 4.18718E-1 4.46453E-1 4.36824E-1 4.45991E-1 4.44596E-1 4.46294E-1 4.98923E-1 4.80942E-1 4.8078E-1 4.60546E-1 4.46774E-1 4.34575E-1 4.2122E-1 4.0361E-1 4.14368E-1 4.40314E-1 4.14845E-1 3.83869E-1 3.62712E-1 3.74537E-1 3.74654E-1 4.06517E-1 4.1338E-1 4.09017E-1 3.88558E-1 3.57003E-1 3.4116E-1 3.378E-1 3.40335E-1 3.36665E-1 3.36988E-1 3.36879E-1 3.31934E-1 3.33252E-1 3.35623E-1 3.42675E-1 3.32395E-1
