maxent_outputs/white_flowers_linear/white_17.asc
ncols         426
nrows         180
xllcorner     -130.0
yllcorner     24.0
cellsize      0.16666666666666666
NODATA_value  -9999
[rows 27 to 53 of 180, columns 61 to 121 of 426]
5.64455E-2 1.00836E-1 3.77512E-2 3.22777E-2 4.04211E-2 4.16927E-2 2.94294E-2 3.47353E-2 4.5158E-2 3.26924E-2 7.51712E-2 4.74011E-2 3.71552E-2 6.38808E-2 4.08284E-2 3.35093E-2 2.36625E-2 2.79191E-2 6.98368E-2 2.01697E-2 2.27249E-2 2.1503E-2 2.16567E-2 2.62095E-2 2.8706E-2 2.67807E-2 3.77131E-2 2.72031E-2 2.22067E-2 1.69291E-2 1.40536E-2 1.43563E-2 2.16633E-2 2.91769E-2 3.58498E-2 3.88197E-2 3.9355E-2 4.16077E-2 4.57326E-2 4.54167E-2 4.61796E-2 4.99638E-2 5.08123E-2 5.221E-2 5.06562E-2 5.15425E-2 4.88751E-2 4.61262E-2 4.29308E-2 4.15571E-2 4.05256E-2 3.91315E-2 3.8842E-2 3.72741E-2 3.19266E-2 2.68655E-2 2.28611E-2 2.28764E-2 2.30009E-2 2.34963E-2 2.28519E-2
6.224E-2 9.49208E-2 4.61581E-2 3.14478E-2 4.44585E-2 4.95509E-2 3.92376E-2 3.63704E-2 5.71599E-2 4.46309E-2 3.73568E-2 3.76783E-2 5.64333E-2 5.96134E-2 4.01807E-2 4.13581E-2 2.74483E-2 2.62197E-2 4.72304E-2 4.35944E-2 3.09846E-2 2.79022E-2 2.41014E-2 2.63213E-2 2.27484E-2 2.29078E-2 3.66491E-2 4.50016E-2 3.06277E-2 1.97385E-2 1.44445E-2 1.44429E-2 1.46533E-2 1.73822E-2 1.9463E-2 2.88476E-2 3.63482E-2 4.11825E-2 4.19047E-2 4.42387E-2 4.42006E-2 4.46177E-2 4.30779E-2 4.31306E-2 4.32196E-2 4.73326E-2 4.95235E-2 4.7008E-2 4.29284E-2 3.99948E-2 3.8566E-2 3.88742E-2 3.82452E-2 3.81535E-2 3.48678E-2 2.9127E-2 2.43141E-2 2.3187E-2 2.37797E-2 2.16025E-2 2.1003E-2
6.92211E-2 8.654E-2 7.50862E-2 3.8101E-2 4.15886E-2 5.06438E-2 4.98919E-2 4.89945E-2 6.24619E-2 7.71659E-2 4.43609E-2 4.94035E-2 6.42598E-2 7.31321E-2 5.05091E-2 5.35234E-2 3.03766E-2 2.84448E-2 3.36805E-2 7.83131E-2 4.95088E-2 3.52938E-2 3.23988E-2 2.55388E-2 2.59056E-2 2.71005E-2 2.54803E-2 5.14477E-2 3.90054E-2 1.87022E-2 1.51873E-2 1.80087E-2 1.79473E-2 1.35296E-2 1.41049E-2 2.22411E-2 2.94323E-2 3.44594E-2 3.61378E-2 3.96102E-2 4.11672E-2 3.98004E-2 4.134E-2 4.22128E-2 4.06221E-2 4.19759E-2 4.69774E-2 4.5172E-2 4.5414E-2 4.60806E-2 4.7604E-2 4.41892E-2 4.1716E-2 3.86174E-2 3.37888E-2 3.39221E-2 3.31606E-2 2.77338E-2 2.3495E-2 2.30121E-2 2.28026E-2
5.38523E-2 9.06104E-2 1.10408E-1 4.21585E-2 3.44729E-2 4.90555E-2 5.51355E-2 5.95459E-2 4.78502E-2 7.14822E-2 6.68471E-2 7.73407E-2 8.25201E-2 6.47278E-2 5.4321E-2 5.25388E-2 3.7064E-2 3.95045E-2 3.03804E-2 4.61775E-2 7.66663E-2 4.78341E-2 3.30248E-2 2.71692E-2 3.31816E-2 2.93862E-2 2.35006E-2 4.59133E-2 5.61345E-2 2.55181E-2 1.7707E-2 1.71817E-2 2.4164E-2 1.67742E-2 1.24507E-2 1.49579E-2 1.87115E-2 2.44929E-2 3.42802E-2 3.45339E-2 3.66945E-2 3.87076E-2 4.21789E-2 4.27497E-2 4.07304E-2 4.09639E-2 4.30181E-2 4.97728E-2 4.23642E-2 3.68405E-2 3.8828E-2 3.72832E-2 3.91113E-2 4.52008E-2 3.95398E-2 3.63113E-2 3.69878E-2 3.55574E-2 3.25867E-2 3.16185E-2 3.14744E-2
5.29151E-2 8.63271E-2 1.14147E-1 5.27068E-2 4.19739E-2 4.33948E-2 4.97955E-2 4.94921E-2 4.10892E-2 6.45216E-2 9.7334E-2 7.83803E-2 6.09976E-2 6.00898E-2 6.87792E-2 4.82401E-2 4.7565E-2 6.29974E-2 4.0363E-2 3.30846E-2 7.88218E-2 8.17845E-2 5.58605E-2 4.2304E-2 3.69928E-2 2.75853E-2 2.94492E-2 3.69598E-2 3.03474E-2 4.33269E-2 2.15479E-2 1.59903E-2 1.93149E-2 2.66524E-2 1.98571E-2 1.26535E-2 1.45721E-2 2.1603E-2 3.10004E-2 3.28164E-2 3.48853E-2 4.00542E-2 4.29813E-2 4.67521E-2 4.6749E-2 4.41083E-2 5.02202E-2 5.20543E-2 4.24475E-2 4.06597E-2 3.81175E-2 3.43498E-2 3.62345E-2 3.91762E-2 3.97677E-2 3.79261E-2 3.72814E-2 3.82501E-2 3.90217E-2 3.67367E-2 3.7821E-2
6.22336E-2 8.95859E-2 8.50654E-2 5.28536E-2 5.44303E-2 5.1852E-2 5.88559E-2 4.72592E-2 4.77693E-2 7.11654E-2 9.99043E-2 8.5325E-2 6.71885E-2 5.80447E-2 6.67665E-2 6.55904E-2 6.02084E-2 8.60705E-2 4.90725E-2 4.30761E-2 8.27991E-2 4.91318E-2 5.73079E-2 6.73341E-2 3.52946E-2 4.06058E-2 3.12892E-2 4.95411E-2 2.79505E-2 2.9203E-2 2.9071E-2 3.25004E-2 2.15501E-2 2.02248E-2 2.87416E-2 3.44944E-2 1.63447E-2 1.58892E-2 1.88002E-2 3.18882E-2 3.49246E-2 4.30439E-2 4.92654E-2 5.36187E-2 5.89666E-2 6.07461E-2 6.43169E-2 5.30647E-2 4.77044E-2 4.3867E-2 4.21971E-2 3.92031E-2 3.8112E-2 3.77371E-2 3.68929E-2 3.75141E-2 3.79664E-2 3.90438E-2 3.85201E-2 3.99281E-2 4.00113E-2
6.90315E-2 1.14622E-1 9.35378E-2 5.75014E-2 5.13624E-2 6.18799E-2 6.67047E-2 4.87891E-2 6.19191E-2 1.06809E-1 7.6022E-2 8.68295E-2 7.75733E-2 6.0365E-2 6.38943E-2 7.55147E-2 7.01636E-2 8.15642E-2 5.65356E-2 6.42929E-2 8.91735E-2 5.26329E-2 4.03223E-2 7.21363E-2 4.51707E-2 6.40498E-2 5.15758E-2 5.13387E-2 3.12863E-2 2.80737E-2 2.37417E-2 3.60863E-2 4.70471E-2 3.81815E-2 3.6733E-2 2.76266E-2 2.34479E-2 1.65683E-2 1.5662E-2 3.00386E-2 3.48941E-2 4.22268E-2 5.04063E-2 5.51025E-2 5.80509E-2 5.79991E-2 5.93065E-2 5.44286E-2 5.25492E-2 4.94923E-2 4.37816E-2 4.19623E-2 4.05157E-2 4.10728E-2 3.96965E-2 3.8699E-2 3.82461E-2 3.85814E-2 3.92881E-2 4.22039E-2 4.16803E-2
1.05176E-1 9.6341E-2 9.49928E-2 8.42298E-2 7.72927E-2 7.95611E-2 7.81061E-2 6.74144E-2 7.3053E-2 1.00723E-1 8.25382E-2 7.1765E-2 9.47053E-2 7.05936E-2 7.64181E-2 8.66621E-2 8.38816E-2 8.8907E-2 7.92047E-2 9.74509E-2 1.11036E-1 7.33533E-2 4.43093E-2 6.1025E-2 3.81672E-2 4.84656E-2 4.80395E-2 4.71908E-2 4.02179E-2 3.47089E-2 2.32231E-2 3.25176E-2 4.86621E-2 5.12214E-2 3.27208E-2 2.70129E-2 2.19465E-2 2.22731E-2 1.89088E-2 2.07366E-2 2.68188E-2 3.73324E-2 4.65745E-2 5.49279E-2 5.47674E-2 5.41341E-2 5.44246E-2 5.19519E-2 4.93042E-2 4.48474E-2 4.42606E-2 4.36588E-2 4.46702E-2 4.31559E-2 4.3215E-2 4.34538E-2 4.07911E-2 4.0187E-2 3.86812E-2 3.90729E-2 3.59799E-2
1.07313E-1 1.05529E-1 9.48212E-2 9.79034E-2 9.5925E-2 8.97821E-2 8.8137E-2 8.82337E-2 9.87235E-2 1.15786E-1 7.52439E-2 8.16339E-2 9.2969E-2 8.35005E-2 8.96923E-2 8.98499E-2 8.83104E-2 8.44703E-2 9.20616E-2 9.54192E-2 1.11258E-1 8.18977E-2 7.37039E-2 6.78298E-2 5.56411E-2 3.70465E-2 5.18001E-2 4.6625E-2 4.31761E-2 3.70417E-2 3.71591E-2 3.73892E-2 3.98776E-2 5.47271E-2 6.05247E-2 3.06509E-2 2.38125E-2 2.07967E-2 1.72257E-2 1.83322E-2 1.94354E-2 2.2121E-2 3.47364E-2 4.76275E-2 4.94625E-2 4.90963E-2 5.20896E-2 5.22281E-2 5.09797E-2 4.97598E-2 4.8444E-2 4.96277E-2 4.96843E-2 4.86513E-2 5.15004E-2 5.20237E-2 4.64715E-2 4.55984E-2 4.20772E-2 3.59179E-2 3.37317E-2
7.38067E-2 8.55725E-2 8.03908E-2 8.02176E-2 1.11331E-1 9.61231E-2 1.09406E-1 1.04271E-1 1.1149E-1 1.1046E-1 9.81959E-2 1.01947E-1 1.10202E-1 9.83075E-2 1.02153E-1 9.81625E-2 8.08208E-2 8.98653E-2 9.17905E-2 8.84749E-2 7.80821E-2 6.71024E-2 6.2664E-2 5.88808E-2 7.23141E-2 5.54458E-2 5.04593E-2 4.53341E-2 4.27762E-2 3.3033E-2 3.8732E-2 4.13969E-2 4.12502E-2 5.43584E-2 8.20299E-2 4.18444E-2 2.66196E-2 2.15731E-2 2.33024E-2 1.62497E-2 1.76519E-2 1.90579E-2 2.74885E-2 4.43526E-2 5.36087E-2 6.01933E-2 6.0735E-2 6.53564E-2 6.40546E-2 6.31791E-2 6.01026E-2 6.10557E-2 5.65994E-2 5.45904E-2 5.57947E-2 5.97437E-2 5.42952E-2 4.99131E-2 5.28486E-2 4.62285E-2 4.09659E-2
7.5234E-2 8.31314E-2 8.11366E-2 9.55052E-2 8.86654E-2 8.7941E-2 8.42619E-2 7.86132E-2 8.95308E-2 9.14746E-2 9.56316E-2 9.42581E-2 9.41029E-2 1.11866E-1 1.24165E-1 1.08425E-1 1.07185E-1 1.053E-1 1.07148E-1 8.48829E-2 7.38855E-2 7.32983E-2 7.16362E-2 6.85428E-2 5.94627E-2 6.86317E-2 5.59822E-2 3.86642E-2 4.86521E-2 3.63437E-2 4.07337E-2 5.36939E-2 5.02988E-2 5.92435E-2 7.6391E-2 3.66951E-2 3.25456E-2 1.69491E-2 2.08396E-2 1.53839E-2 1.81385E-2 2.43526E-2 2.29124E-2 4.25736E-2 5.35E-2 6.23383E-2 6.48099E-2 6.06045E-2 6.13859E-2 5.59604E-2 5.2837E-2 5.66476E-2 6.12251E-2 6.19172E-2 6.1474E-2 5.89066E-2 5.55202E-2 5.60233E-2 5.57494E-2 5.6682E-2 5.20706E-2
8.95847E-2 9.04693E-2 1.13309E-1 1.25126E-1 1.0401E-1 1.05097E-1 9.75635E-2 9.25515E-2 8.8671E-2 8.71564E-2 8.62598E-2 8.68642E-2 9.53102E-2 1.02908E-1 1.20034E-1 1.11417E-1 9.87447E-2 1.01521E-1 1.21791E-1 1.049E-1 9.83068E-2 9.361E-2 8.23368E-2 7.471E-2 5.34451E-2 5.7896E-2 6.40256E-2 5.62932E-2 4.9488E-2 5.06159E-2 4.54588E-2 6.11868E-2 5.61576E-2 6.23378E-2 5.25529E-2 2.40339E-2 3.74275E-2 1.76313E-2 1.8641E-2 1.77288E-2 1.77055E-2 2.63551E-2 3.11396E-2 4.47053E-2 5.31597E-2 5.55289E-2 6.06554E-2 6.23515E-2 6.04101E-2 6.34282E-2 6.12723E-2 6.03593E-2 6.13797E-2 5.97987E-2 5.17719E-2 4.78322E-2 5.25792E-2 5.84975E-2 5.6279E-2 5.60296E-2 5.25475E-2
1.09964E-1 1.11924E-1 1.55176E-1 1.36584E-1 1.37337E-1 1.26432E-1 1.21347E-1 1.10385E-1 1.00977E-1 9.69742E-2 1.00767E-1 1.00967E-1 1.1011E-1 1.15202E-1 1.06341E-1 1.03427E-1 9.63369E-2 9.76887E-2 1.1157E-1 1.0061E-1 7.52424E-2 7.65258E-2 6.50758E-2 6.11082E-2 5.23417E-2 4.99196E-2 5.07009E-2 4.94421E-2 4.85965E-2 5.9577E-2 5.35175E-2 5.93752E-2 5.61781E-2 6.63948E-2 5.98522E-2 2.30503E-2 2.90036E-2 2.80235E-2 1.82358E-2 1.96032E-2 2.00888E-2 2.14304E-2 2.62788E-2 3.84944E-2 4.89676E-2 5.25772E-2 5.53442E-2 5.58894E-2 6.03063E-2 6.18905E-2 5.88593E-2 5.61296E-2 5.43436E-2 5.43051E-2 4.25933E-2 3.31717E-2 4.18484E-2 5.03526E-2 5.65476E-2 5.46486E-2 5.35674E-2
1.37282E-1 1.54692E-1 1.53818E-1 1.47739E-1 1.33386E-1 1.20905E-1 1.19832E-1 1.14445E-1 1.10968E-1 1.14785E-1 1.2005E-1 1.23088E-1 1.21304E-1 1.25529E-1 1.16426E-1 1.06815E-1 1.04073E-1 9.85489E-2 8.96255E-2 9.36852E-2 8.50953E-2 7.8374E-2 7.46414E-2 6.7966E-2 5.76559E-2 5.36928E-2 4.77404E-2 5.06647E-2 5.37265E-2 5.26164E-2 4.26513E-2 3.84579E-2 4.18281E-2 5.31162E-2 5.2149E-2 3.35665E-2 2.42198E-2 2.73514E-2 2.36215E-2 1.79944E-2 1.86353E-2 1.7349E-2 1.92291E-2 2.63331E-2 3.61385E-2 4.86737E-2 5.46223E-2 4.92147E-2 5.81909E-2 5.79438E-2 5.62449E-2 4.78426E-2 4.37119E-2 4.50647E-2 4.25301E-2 4.195E-2 4.58243E-2 4.83956E-2 4.9058E-2 5.15875E-2 5.26418E-2
1.56515E-1 1.59397E-1 1.82286E-1 1.76605E-1 1.59161E-1 1.43123E-1 1.31148E-1 1.23042E-1 1.21069E-1 1.298E-1 1.36282E-1 1.3698E-1 1.38539E-1 1.32872E-1 1.21867E-1 1.0981E-1 1.06065E-1 1.04302E-1 9.33654E-2 8.50217E-2 8.4288E-2 7.35582E-2 5.97268E-2 4.78148E-2 4.86777E-2 4.69662E-2 4.78156E-2 3.8721E-2 3.75139E-2 4.56597E-2 5.13885E-2 4.17059E-2 4.74267E-2 3.99242E-2 4.09435E-2 2.57588E-2 2.54199E-2 2.49143E-2 2.77681E-2 2.53945E-2 2.22106E-2 1.91111E-2 2.10524E-2 2.5743E-2 2.84634E-2 3.85364E-2 5.34186E-2 5.8942E-2 4.26031E-2 4.47088E-2 4.29891E-2 4.28435E-2 3.11504E-2 3.27359E-2 3.09664E-2 2.8192E-2 3.62502E-2 4.29938E-2 4.70582E-2 4.79569E-2 4.95626E-2
1.78649E-1 1.86951E-1 1.93613E-1 2.06368E-1 1.68119E-1 1.49702E-1 1.40445E-1 1.3786E-1 1.35284E-1 1.46097E-1 1.50703E-1 1.57374E-1 1.48088E-1 1.40872E-1 1.32245E-1 1.17804E-1 1.0811E-1 1.05869E-1 9.97112E-2 9.00793E-2 8.45551E-2 7.8701E-2 6.54826E-2 7.96003E-2 7.19252E-2 5.66819E-2 5.08427E-2 4.00592E-2 3.57314E-2 3.31048E-2 4.56154E-2 4.03378E-2 4.13196E-2 4.67807E-2 5.40663E-2 3.89454E-2 3.18206E-2 3.38204E-2 3.27761E-2 2.77337E-2 2.47536E-2 2.36023E-2 2.87438E-2 2.86233E-2 2.88813E-2 3.17853E-2 4.06983E-2 4.1626E-2 2.90423E-2 2.91594E-2 2.94755E-2 3.41187E-2 2.74722E-2 2.33616E-2 2.17177E-2 2.16615E-2 2.66055E-2 3.57504E-2 4.12029E-2 4.48928E-2 4.62931E-2
2.05769E-1 2.19898E-1 2.10754E-1 1.98396E-1 1.92204E-1 1.71541E-1 1.67592E-1 1.5623E-1 1.62838E-1 1.80003E-1 1.76126E-1 1.6975E-1 1.69199E-1 1.67623E-1 1.53331E-1 1.19974E-1 1.08182E-1 9.55315E-2 9.2143E-2 9.02479E-2 9.06497E-2 8.96068E-2 8.77872E-2 8.85894E-2 5.83972E-2 5.9335E-2 5.38219E-2 4.34783E-2 3.82294E-2 3.10546E-2 3.11305E-2 3.71436E-2 3.72748E-2 3.75601E-2 5.08781E-2 3.53291E-2 3.63055E-2 3.3215E-2 3.01904E-2 2.96549E-2 2.79081E-2 2.73295E-2 2.5781E-2 2.37345E-2 2.83579E-2 3.2691E-2 3.8514E-2 4.33607E-2 3.55016E-2 2.77791E-2 2.74681E-2 3.12393E-2 3.02813E-2 2.62526E-2 2.41103E-2 2.27864E-2 2.43578E-2 2.55956E-2 2.95894E-2 3.80583E-2 3.9256E-2
2.24518E-1 2.32907E-1 2.37937E-1 2.26965E-1 2.17102E-1 1.99323E-1 1.84197E-1 1.9703E-1 2.0894E-1 2.31724E-1 2.23611E-1 2.12842E-1 2.09695E-1 1.71386E-1 1.44114E-1 1.3249E-1 1.05051E-1 9.74586E-2 1.20491E-1 1.2608E-1 9.75436E-2 1.34614E-1 9.83889E-2 7.60622E-2 5.64928E-2 5.13182E-2 5.38074E-2 3.78615E-2 3.69155E-2 3.42686E-2 3.39091E-2 2.74425E-2 2.43865E-2 2.56412E-2 5.38536E-2 3.84078E-2 3.0159E-2 3.15558E-2 3.02272E-2 3.20893E-2 3.29192E-2 3.03625E-2 2.86861E-2 2.60503E-2 2.51455E-2 3.08903E-2 3.71103E-2 4.13733E-2 3.87242E-2 4.14608E-2 2.89023E-2 2.69895E-2 3.12439E-2 2.98602E-2 2.80719E-2 2.85443E-2 3.0301E-2 3.1748E-2 3.52978E-2 3.94372E-2 4.2388E-2
1.41067E-1 1.83707E-1 2.43659E-1 2.55249E-1 2.45028E-1 2.24435E-1 2.1575E-1 2.22402E-1 1.83982E-1 1.6947E-1 1.83893E-1 1.73395E-1 1.49207E-1 1.1399E-1 1.08774E-1 1.62078E-1 1.69451E-1 1.65869E-1 1.62927E-1 1.09533E-1 1.06435E-1 1.15007E-1 1.00649E-1 6.92485E-2 6.23592E-2 5.1397E-2 5.04112E-2 4.50536E-2 4.02567E-2 3.72297E-2 2.9805E-2 3.16291E-2 2.392E-2 3.53407E-2 5.33214E-2 3.27881E-2 2.7858E-2 2.80547E-2 2.63118E-2 2.92255E-2 2.60262E-2 2.79276E-2 3.17081E-2 2.61055E-2 2.70376E-2 2.66214E-2 3.19192E-2 3.03495E-2 2.6898E-2 4.18541E-2 3.84808E-2 2.65045E-2 2.73309E-2 2.95833E-2 2.59354E-2 2.79258E-2 3.33697E-2 3.99319E-2 4.28596E-2 4.41102E-2 4.70747E-2
2.06456E-1 2.0505E-1 2.39296E-1 2.79075E-1 2.84874E-1 2.71124E-1 2.33447E-1 2.16384E-1 2.04795E-1 2.00017E-1 1.83964E-1 1.43555E-1 9.41707E-2 7.3277E-2 8.33015E-2 1.10751E-1 1.26752E-1 1.34618E-1 8.67554E-2 7.18219E-2 7.74116E-2 8.68427E-2 1.11172E-1 8.77216E-2 7.44169E-2 6.75691E-2 5.98053E-2 3.50359E-2 2.96228E-2 4.0491E-2 3.39893E-2 2.30818E-2 2.16486E-2 3.49482E-2 4.76256E-2 2.87624E-2 2.48551E-2 2.68067E-2 2.36061E-2 2.4329E-2 2.45375E-2 2.93651E-2 3.48027E-2 2.63541E-2 2.7123E-2 2.84459E-2 3.22314E-2 2.79177E-2 2.93619E-2 4.13828E-2 4.40498E-2 3.00986E-2 2.89877E-2 2.9438E-2 2.90402E-2 2.54941E-2 2.40914E-2 2.72819E-2 3.6612E-2 4.01695E-2 4.37904E-2
2.18422E-1 2.0964E-1 1.83697E-1 1.86008E-1 2.07058E-1 2.79667E-1 2.61389E-1 2.65741E-1 2.43016E-1 2.2258E-1 1.51852E-1 7.80764E-2 6.38421E-2 6.93977E-2 7.46852E-2 1.0026E-1 1.12287E-1 1.28645E-1 6.61269E-2 7.11916E-2 7.08825E-2 8.59235E-2 9.88375E-2 1.19967E-1 8.79836E-2 7.73387E-2 6.04083E-2 4.89672E-2 4.64669E-2 4.68514E-2 3.28953E-2 2.39077E-2 2.11689E-2 3.84571E-2 3.35768E-2 2.39105E-2 2.34592E-2 2.83852E-2 2.55499E-2 2.22217E-2 2.09949E-2 2.84382E-2 3.21768E-2 2.76731E-2 2.37918E-2 2.67113E-2 3.06677E-2 3.86889E-2 3.83402E-2 4.50131E-2 4.36847E-2 3.17026E-2 3.08018E-2 2.74057E-2 2.95641E-2 2.94527E-2 1.93125E-2 2.00138E-2 3.38121E-2 3.82199E-2 3.78064E-2
2.85592E-1 2.99799E-1 2.82091E-1 2.74273E-1 2.60566E-1 2.06259E-1 1.80827E-1 2.0517E-1 2.25174E-1 1.78232E-1 1.01701E-1 6.40328E-2 7.4019E-2 9.83144E-2 9.53691E-2 7.62294E-2 8.65272E-2 9.89865E-2 1.2787E-1 7.6783E-2 9.11212E-2 8.26391E-2 8.00102E-2 7.67705E-2 5.36578E-2 4.36602E-2 4.25437E-2 4.97154E-2 3.05403E-2 3.40425E-2 3.81023E-2 2.49339E-2 1.93022E-2 2.96473E-2 3.39823E-2 2.54058E-2 2.60898E-2 2.15197E-2 2.0617E-2 1.87552E-2 1.72966E-2 2.09962E-2 2.84266E-2 2.64997E-2 2.85252E-2 3.6211E-2 4.18137E-2 4.16877E-2 4.04205E-2 4.50235E-2 4.29292E-2 3.70942E-2 3.14218E-2 2.52163E-2 2.95489E-2 3.17424E-2 2.69553E-2 2.64828E-2 4.08489E-2 4.9914E-2 4.60966E-2
2.8748E-1 2.75347E-1 2.65509E-1 2.71454E-1 2.49779E-1 2.10357E-1 1.86995E-1 1.83059E-1 1.496E-1 1.14976E-1 7.19661E-2 7.64481E-2 7.81069E-2 6.7456E-2 7.01487E-2 6.56876E-2 5.58775E-2 5.5424E-2 1.27633E-1 1.12731E-1 8.17304E-2 1.04705E-1 5.37162E-2 5.99189E-2 4.82016E-2 4.11527E-2 3.60135E-2 2.9834E-2 2.5159E-2 2.28627E-2 3.06644E-2 2.45718E-2 2.43267E-2 2.68453E-2 2.16741E-2 2.06275E-2 1.75889E-2 1.47086E-2 1.39277E-2 1.83577E-2 2.27305E-2 2.29449E-2 2.78672E-2 2.38438E-2 2.47185E-2 4.17416E-2 3.48133E-2 3.46037E-2 4.22666E-2 4.48197E-2 4.19911E-2 3.98627E-2 3.73699E-2 2.87646E-2 2.6375E-2 3.79129E-2 4.28788E-2 4.60991E-2 4.64956E-2 4.84761E-2 5.10552E-2
2.24343E-1 2.18368E-1 2.12545E-1 1.95198E-1 1.76263E-1 1.87393E-1 2.00769E-1 1.39446E-1 1.11038E-1 9.48922E-2 7.539E-2 8.91576E-2 7.26682E-2 6.7642E-2 5.9894E-2 5.24409E-2 4.73667E-2 6.77655E-2 7.88129E-2 7.91468E-2 8.48491E-2 8.85816E-2 4.62144E-2 2.90514E-2 2.7013E-2 2.43669E-2 2.68891E-2 3.12724E-2 2.71896E-2 2.20742E-2 2.04808E-2 1.80603E-2 2.03667E-2 2.37769E-2 1.93214E-2 2.28331E-2 1.97689E-2 1.43152E-2 1.42618E-2 1.87916E-2 1.90436E-2 1.83828E-2 3.1497E-2 3.06762E-2 3.52944E-2 3.59119E-2 1.72379E-2 2.32201E-2 3.47995E-2 3.67337E-2 3.28955E-2 3.13701E-2 3.00408E-2 2.49436E-2 2.64357E-2 3.64666E-2 2.30015E-2 2.89032E-2 2.97303E-2 3.11446E-2 3.97255E-2
1.79898E-1 1.60166E-1 1.38096E-1 1.30025E-1 1.33247E-1 1.38808E-1 1.29681E-1 1.00085E-1 8.50638E-2 8.85659E-2 8.60494E-2 9.49453E-2 6.34232E-2 5.38213E-2 5.09725E-2 5.56595E-2 5.04407E-2 6.45138E-2 6.71306E-2 7.03562E-2 6.11871E-2 7.11648E-2 5.65953E-2 3.70187E-2 3.8146E-2 4.62806E-2 3.41559E-2 2.12395E-2 2.18888E-2 3.08382E-2 2.53231E-2 1.96958E-2 1.82138E-2 2.58607E-2 2.5591E-2 2.55349E-2 1.78757E-2 1.86115E-2 1.47854E-2 1.67682E-2 1.70395E-2 1.938E-2 3.33497E-2 3.87198E-2 3.95318E-2 3.58068E-2 2.93528E-2 1.95857E-2 3.51534E-2 2.54241E-2 1.71884E-2 1.95125E-2 1.45929E-2 1.32037E-2 2.89651E-2 2.58577E-2 1.15513E-2 1.47084E-2 1.32194E-2 2.31241E-2 3.22848E-2
1.26064E-1 1.12782E-1 9.3898E-2 7.63157E-2 7.66707E-2 7.18514E-2 6.7678E-2 6.89818E-2 6.9088E-2 6.83417E-2 7.1787E-2 8.34107E-2 6.55514E-2 3.98684E-2 2.91569E-2 3.08259E-2 3.80561E-2 5.29139E-2 6.77048E-2 3.05806E-2 4.57988E-2 3.40528E-2 2.32944E-2 2.00319E-2 1.97037E-2 2.69676E-2 2.23178E-2 1.74037E-2 1.92735E-2 1.71755E-2 1.95719E-2 2.22588E-2 2.26724E-2 2.09746E-2 1.85124E-2 2.73615E-2 1.87804E-2 1.78031E-2 1.62298E-2 1.49588E-2 1.90024E-2 2.42716E-2 3.48853E-2 3.70358E-2 3.08276E-2 2.30581E-2 3.01397E-2 1.84346E-2 3.33278E-2 2.18264E-2 1.02536E-2 1.13765E-2 1.03177E-2 2.02763E-2 1.77151E-2 1.2843E-2 9.25974E-3 8.95069E-3 7.55597E-3 8.89795E-3 9.80178E-3
7.56702E-2 6.70761E-2 7.05312E-2 6.45939E-2 6.36096E-2 7.12085E-2 6.72455E-2 5.50312E-2 6.18077E-2 4.57518E-2 5.05502E-2 5.5003E-2 6.11041E-2 4.85666E-2 3.15483E-2 2.53204E-2 2.9035E-2 5.04748E-2 6.81075E-2 3.37493E-2 3.72696E-2 3.26859E-2 2.16048E-2 1.91019E-2 2.73067E-2 2.67772E-2 1.76078E-2 1.6846E-2 1.98263E-2 2.02599E-2 2.37083E-2 1.4449E-2 1.66718E-2 2.15306E-2 1.84143E-2 2.48312E-2 2.21939E-2 1.64489E-2 1.68829E-2 2.01433E-2 2.46213E-2 2.84645E-2 2.95297E-2 3.02799E-2 2.16471E-2 2.29445E-2 2.52105E-2 1.38193E-2 2.18563E-2 1.92366E-2 8.83372E-3 8.52391E-3 8.55484E-3 9.47985E-3 1.39688E-2 8.36658E-3 7.12974E-3 6.32248E-3 6.50601E-3 6.28759E-3 7.1679E-3
