maxent_outputs/white_flowers_linear/white_350.asc
ncols         426
nrows         180
xllcorner     -130.0
yllcorner     24.0
cellsize      0.16666666666666666
NODATA_value  -9999
[rows 0 to 26 of 180, columns 0 to 60 of 426]
1.35718E-1 1.20901E-1 1.08967E-1 7.49779E-2 7.74863E-2 9.81352E-2 1.32046E-1 1.69471E-1 1.20529E-1 8.47175E-2 5.57188E-2 3.10668E-2 3.2765E-2 3.40003E-2 3.88714E-2 4.43004E-2 4.2469E-2 4.23409E-2 4.51206E-2 4.40939E-2 4.80387E-2 5.45085E-2 5.19859E-2 4.74017E-2 4.24211E-2 4.17328E-2 4.33968E-2 4.16497E-2 3.90733E-2 3.91286E-2 3.53379E-2 3.63455E-2 3.64794E-2 3.43211E-2 3.34216E-2 3.442E-2 3.19059E-2 3.30758E-2 3.72838E-2 3.6971E-2 4.13957E-2 4.03462E-2 4.23901E-2 4.58223E-2 4.24429E-2 4.08575E-2 4.30835E-2 4.2903E-2 4.24375E-2 4.36153E-2 4.26729E-2 3.59734E-2 2.76389E-2 2.5798E-2 2.76275E-2 2.43972E-2 2.16057E-2 1.53549E-2 1.76783E-2 1.69707E-2 1.75179E-2
1.91434E-1 1.49566E-1 1.02106E-1 1.22255E-1 1.02929E-1 1.40742E-1 1.80014E-1 1.47815E-1 8.49701E-2 8.675E-2 6.70664E-2 4.31815E-2 3.55087E-2 3.19475E-2 4.2579E-2 3.481E-2 3.35368E-2 4.45029E-2 4.78084E-2 5.29376E-2 5.19648E-2 4.04712E-2 5.18038E-2 5.43939E-2 5.03454E-2 4.03169E-2 3.91342E-2 3.82133E-2 3.78415E-2 3.50217E-2 3.17573E-2 3.39742E-2 3.73855E-2 3.33305E-2 2.87061E-2 2.77534E-2 2.90812E-2 3.25082E-2 3.57036E-2 3.59375E-2 3.8892E-2 4.1892E-2 4.17618E-2 4.57306E-2 4.21034E-2 3.85311E-2 3.90056E-2 3.63984E-2 3.61841E-2 3.82931E-2 2.85843E-2 3.11616E-2 3.59946E-2 4.04648E-2 4.10958E-2 2.83441E-2 2.17838E-2 2.21431E-2 2.15032E-2 1.92279E-2 1.83294E-2
2.46019E-1 1.79108E-1 1.74371E-1 1.35577E-1 1.63865E-1 1.27948E-1 1.44993E-1 1.3139E-1 7.62841E-2 7.71929E-2 6.33064E-2 6.47149E-2 7.95705E-2 3.85994E-2 3.55922E-2 2.95349E-2 3.88713E-2 3.83255E-2 5.01024E-2 5.63924E-2 4.25231E-2 3.76034E-2 4.43467E-2 4.37528E-2 3.89579E-2 4.09488E-2 3.7521E-2 3.79024E-2 3.83539E-2 3.48015E-2 3.62621E-2 3.58635E-2 3.09608E-2 2.79731E-2 2.95848E-2 2.72134E-2 2.73731E-2 2.96604E-2 3.31926E-2 3.44285E-2 3.74718E-2 4.06946E-2 3.90084E-2 4.62953E-2 4.294E-2 3.17178E-2 3.02279E-2 3.54459E-2 3.0037E-2 3.11241E-2 3.16055E-2 2.58205E-2 2.19472E-2 2.25023E-2 2.67748E-2 3.89952E-2 4.10894E-2 2.15E-2 1.9067E-2 1.83575E-2 1.84378E-2
2.77606E-1 2.14213E-1 1.87484E-1 1.90828E-1 1.76164E-1 1.5066E-1 1.51643E-1 1.149E-1 1.12843E-1 9.15619E-2 8.08621E-2 9.20029E-2 5.43578E-2 4.51998E-2 3.49493E-2 3.47358E-2 4.24846E-2 5.19356E-2 6.42794E-2 5.34734E-2 4.08755E-2 2.95073E-2 3.40733E-2 3.7248E-2 4.13767E-2 3.97601E-2 4.16216E-2 4.5008E-2 4.48623E-2 4.18073E-2 3.92479E-2 3.26077E-2 3.16524E-2 2.8675E-2 3.05772E-2 3.2374E-2 3.12241E-2 3.24134E-2 3.34284E-2 3.37462E-2 3.46125E-2 3.88742E-2 4.12927E-2 4.66387E-2 4.38799E-2 3.62048E-2 3.0561E-2 3.05214E-2 2.97327E-2 2.82399E-2 2.99227E-2 2.85899E-2 2.30571E-2 1.97472E-2 1.93843E-2 2.21299E-2 2.78668E-2 3.76423E-2 2.91187E-2 1.83463E-2 1.85059E-2
2.49072E-1 2.59406E-1 2.3301E-1 2.33658E-1 1.84468E-1 1.93693E-1 1.55351E-1 1.2433E-1 9.53548E-2 7.75493E-2 6.10034E-2 6.95552E-2 8.63876E-2 7.77807E-2 4.97938E-2 4.97756E-2 4.4246E-2 3.96741E-2 4.50549E-2 4.84445E-2 5.77263E-2 5.52085E-2 4.56727E-2 4.45335E-2 4.53028E-2 4.29643E-2 4.16537E-2 4.01981E-2 3.34902E-2 3.14518E-2 3.28724E-2 3.33041E-2 3.08867E-2 2.75615E-2 2.85482E-2 3.25404E-2 3.60537E-2 3.43306E-2 3.39007E-2 3.5651E-2 3.52119E-2 3.80184E-2 4.49023E-2 4.68552E-2 4.28608E-2 4.14195E-2 3.34414E-2 3.3736E-2 2.96591E-2 2.8514E-2 2.89301E-2 3.26531E-2 3.17732E-2 2.36208E-2 2.18644E-2 1.89207E-2 1.64983E-2 1.68587E-2 2.29904E-2 3.35852E-2 2.76573E-2
3.32088E-1 2.94015E-1 2.72344E-1 2.26898E-1 2.128E-1 1.7619E-1 1.4048E-1 1.16669E-1 1.41512E-1 1.12218E-1 6.65064E-2 6.11905E-2 7.56852E-2 8.36488E-2 7.32957E-2 5.04025E-2 4.38972E-2 5.50104E-2 3.06692E-2 3.86096E-2 3.60964E-2 4.27059E-2 4.8524E-2 4.49855E-2 4.49155E-2 4.46372E-2 4.09688E-2 3.8251E-2 3.47131E-2 3.14466E-2 3.19802E-2 3.38175E-2 3.34048E-2 3.40008E-2 2.95755E-2 2.90188E-2 3.41461E-2 3.2721E-2 3.61361E-2 3.22389E-2 3.06777E-2 3.58237E-2 3.56179E-2 4.30281E-2 4.96532E-2 4.57874E-2 4.14229E-2 3.60832E-2 2.93529E-2 2.72212E-2 2.65988E-2 2.72451E-2 2.99455E-2 2.75894E-2 2.08075E-2 2.10158E-2 1.64603E-2 1.45488E-2 1.78017E-2 1.81063E-2 2.69422E-2
-9999 3.60838E-1 2.97431E-1 2.89215E-1 2.63453E-1 2.12966E-1 1.62185E-1 1.42078E-1 1.47914E-1 1.40038E-1 9.46558E-2 1.03887E-1 7.03445E-2 6.51704E-2 4.79401E-2 4.32961E-2 3.7056E-2 8.11115E-2 3.47844E-2 5.95337E-2 3.47466E-2 4.77145E-2 5.43733E-2 4.91342E-2 4.54721E-2 4.30053E-2 3.83919E-2 3.51748E-2 3.26464E-2 3.19258E-2 3.16215E-2 3.14243E-2 3.09674E-2 3.13922E-2 3.23985E-2 3.11496E-2 3.22474E-2 3.29745E-2 3.57964E-2 3.23752E-2 3.08706E-2 3.55684E-2 3.4914E-2 3.85341E-2 4.83316E-2 5.28725E-2 4.72605E-2 3.92898E-2 3.34364E-2 2.80355E-2 2.52923E-2 2.40471E-2 2.96451E-2 2.80886E-2 2.43039E-2 2.1279E-2 1.9727E-2 1.72365E-2 1.40716E-2 1.32168E-2 2.00824E-2
-9999 -9999 -9999 3.77445E-1 2.5597E-1 2.41305E-1 1.91068E-1 1.71324E-1 1.64345E-1 2.02484E-1 1.7E-1 1.39171E-1 1.02393E-1 6.06047E-2 4.68665E-2 4.75041E-2 4.39071E-2 6.39022E-2 9.72076E-2 5.08689E-2 4.61325E-2 5.322E-2 6.10222E-2 4.51067E-2 3.42458E-2 2.98796E-2 3.81216E-2 3.1081E-2 2.39821E-2 2.85829E-2 2.56156E-2 2.43467E-2 2.48566E-2 2.7342E-2 3.09789E-2 2.93385E-2 3.04001E-2 3.21326E-2 3.38604E-2 3.18078E-2 2.866E-2 3.23103E-2 3.23734E-2 3.4518E-2 4.90134E-2 5.25261E-2 4.23469E-2 4.26788E-2 3.45697E-2 3.30302E-2 2.76137E-2 2.96724E-2 2.68752E-2 2.57935E-2 2.72962E-2 2.8061E-2 2.01257E-2 2.14848E-2 1.58501E-2 1.50421E-2 1.64187E-2
-9999 -9999 -9999 4.78888E-1 3.10617E-1 2.57067E-1 2.39855E-1 2.50275E-1 1.97044E-1 2.03633E-1 1.97367E-1 1.77716E-1 1.4735E-1 8.82441E-2 8.33628E-2 6.63685E-2 9.8838E-2 9.13442E-2 5.20173E-2 4.15838E-2 4.04049E-2 3.64216E-2 3.79153E-2 2.80452E-2 2.61582E-2 2.68914E-2 3.30526E-2 3.20686E-2 3.0224E-2 2.88092E-2 2.73061E-2 2.6785E-2 3.0081E-2 2.73765E-2 2.81552E-2 2.65721E-2 2.82719E-2 2.96766E-2 2.57463E-2 2.67034E-2 2.6198E-2 2.88645E-2 2.81086E-2 3.30962E-2 4.79918E-2 5.2749E-2 3.94785E-2 4.3457E-2 4.51507E-2 4.013E-2 4.2045E-2 3.58849E-2 3.40355E-2 3.87233E-2 3.75745E-2 2.78539E-2 2.91774E-2 3.11273E-2 2.57458E-2 1.73538E-2 1.47E-2
-9999 -9999 -9999 -9999 -9999 3.94146E-1 3.17759E-1 2.83386E-1 2.29725E-1 2.4733E-1 2.34112E-1 2.08258E-1 1.8202E-1 1.35971E-1 1.06627E-1 1.19258E-1 1.44226E-1 7.79462E-2 7.53825E-2 9.92183E-2 8.57296E-2 6.20521E-2 4.68047E-2 4.6566E-2 4.46983E-2 4.36001E-2 3.9797E-2 3.42863E-2 3.05249E-2 2.9083E-2 2.88835E-2 2.90843E-2 2.99817E-2 2.5394E-2 2.60522E-2 2.18025E-2 2.29504E-2 2.53166E-2 2.45745E-2 2.59978E-2 2.66806E-2 2.82524E-2 2.87705E-2 3.00149E-2 3.66783E-2 4.79523E-2 4.74994E-2 4.18564E-2 4.33169E-2 4.63309E-2 4.57395E-2 4.73755E-2 4.42059E-2 3.86906E-2 3.88845E-2 2.98508E-2 1.9701E-2 2.30206E-2 2.90695E-2 2.42096E-2 2.50412E-2
-9999 -9999 -9999 -9999 -9999 -9999 -9999 3.09176E-1 2.8881E-1 3.1916E-1 2.81713E-1 2.61322E-1 2.12242E-1 1.83235E-1 1.44499E-1 1.26656E-1 1.081E-1 7.97116E-2 1.18046E-1 4.62055E-2 3.9947E-2 3.96878E-2 2.35675E-2 3.4811E-2 2.8563E-2 4.37527E-2 2.83634E-2 3.33759E-2 3.5691E-2 3.03651E-2 3.21852E-2 3.30229E-2 3.41361E-2 2.90384E-2 2.41801E-2 2.37938E-2 2.27316E-2 2.24665E-2 2.64432E-2 2.32323E-2 2.42049E-2 2.89387E-2 2.6183E-2 2.75334E-2 3.13798E-2 3.97606E-2 5.43039E-2 4.77467E-2 4.1258E-2 3.99305E-2 3.98272E-2 4.16482E-2 3.56855E-2 3.36174E-2 3.52703E-2 3.14582E-2 2.23855E-2 2.22632E-2 3.94944E-2 2.38206E-2 2.29064E-2
-9999 -9999 -9999 -9999 -9999 -9999 -9999 -9999 4.34772E-1 3.68724E-1 3.37188E-1 2.77945E-1 2.48774E-1 1.84866E-1 1.74794E-1 1.21579E-1 9.66439E-2 6.20909E-2 4.58727E-2 9.56095E-2 1.01286E-1 3.79571E-2 1.93931E-2 2.21719E-2 3.26943E-2 2.99813E-2 2.70648E-2 3.07952E-2 3.43712E-2 3.67591E-2 3.54578E-2 3.5912E-2 3.62237E-2 3.11915E-2 2.73294E-2 2.98226E-2 2.51227E-2 2.42219E-2 2.67843E-2 2.63992E-2 3.02584E-2 3.12962E-2 2.89449E-2 2.83034E-2 3.80529E-2 3.8511E-2 5.63944E-2 5.20007E-2 4.93139E-2 4.24842E-2 3.50472E-2 3.75575E-2 3.62149E-2 2.9287E-2 2.3981E-2 2.97128E-2 2.68173E-2 2.31843E-2 3.17767E-2 3.71446E-2 2.68362E-2
-9999 -9999 -9999 -9999 -9999 -9999 -9999 -9999 -9999 4.53687E-1 3.9833E-1 2.90461E-1 2.98164E-1 2.13495E-1 1.39792E-1 1.04499E-1 1.12673E-1 6.35445E-2 4.25987E-2 8.58491E-2 6.80903E-2 4.16859E-2 3.70302E-2 2.09013E-2 1.84343E-2 3.21688E-2 2.44691E-2 2.42867E-2 3.22552E-2 3.52822E-2 3.87533E-2 3.95493E-2 3.61716E-2 3.71291E-2 3.59741E-2 3.23347E-2 2.70069E-2 2.83291E-2 2.50755E-2 2.60011E-2 3.08782E-2 3.40928E-2 3.61134E-2 3.43372E-2 4.0644E-2 4.10683E-2 4.87009E-2 4.15946E-2 4.67418E-2 4.74507E-2 4.30338E-2 3.97343E-2 3.66676E-2 4.45209E-2 4.39628E-2 4.50549E-2 4.3124E-2 3.9844E-2 3.9158E-2 4.90997E-2 2.5317E-2
-9999 -9999 -9999 -9999 -9999 -9999 -9999 -9999 -9999 -9999 4.48982E-1 3.69116E-1 3.14681E-1 2.25325E-1 1.70399E-1 1.86257E-1 1.44702E-1 1.17591E-1 7.78257E-2 7.88619E-2 1.17735E-1 5.18881E-2 3.53708E-2 2.98206E-2 1.96826E-2 2.74263E-2 4.29225E-2 3.14475E-2 2.52695E-2 2.14486E-2 2.88084E-2 3.9818E-2 3.1412E-2 4.38815E-2 3.82847E-2 3.59301E-2 3.29168E-2 3.11445E-2 3.16815E-2 3.07862E-2 2.93771E-2 2.94826E-2 2.97127E-2 3.5019E-2 4.08374E-2 5.74744E-2 4.72859E-2 4.18209E-2 3.89196E-2 4.15527E-2 4.68264E-2 4.64168E-2 4.57307E-2 4.53071E-2 4.34678E-2 3.86542E-2 3.27058E-2 2.85955E-2 2.51813E-2 3.71251E-2 2.52227E-2
-9999 -9999 -9999 -9999 -9999 -9999 -9999 -9999 -9999 -9999 -9999 3.15072E-1 2.67421E-1 3.43956E-1 2.6174E-1 1.82145E-1 1.274E-1 1.02616E-1 8.64347E-2 8.96189E-2 7.58264E-2 4.96186E-2 3.885E-2 2.08206E-2 1.92326E-2 2.67111E-2 5.26785E-2 2.88598E-2 2.02571E-2 2.53371E-2 2.59625E-2 2.16725E-2 2.15781E-2 4.4215E-2 3.68615E-2 3.63098E-2 3.43812E-2 3.62116E-2 3.32234E-2 3.16803E-2 3.28001E-2 3.24505E-2 3.23858E-2 3.32228E-2 3.81088E-2 5.28997E-2 5.34341E-2 4.05231E-2 3.59726E-2 3.39956E-2 3.74933E-2 4.0081E-2 3.98401E-2 4.08442E-2 3.97503E-2 3.70054E-2 3.06642E-2 2.69699E-2 3.56731E-2 4.61876E-2 3.50908E-2
-9999 -9999 -9999 -9999 -9999 -9999 -9999 -9999 -9999 -9999 -9999 3.92312E-1 3.49817E-1 4.27294E-1 2.95302E-1 2.24153E-1 1.88376E-1 1.65934E-1 9.01408E-2 5.86778E-2 5.49511E-2 4.98616E-2 3.24129E-2 2.09844E-2 2.97152E-2 5.08704E-2 4.19871E-2 1.91571E-2 1.60238E-2 2.50189E-2 3.209E-2 2.82709E-2 3.03185E-2 3.70187E-2 2.99859E-2 4.24297E-2 2.68596E-2 2.89192E-2 3.41095E-2 3.03971E-2 3.15212E-2 3.25586E-2 3.10117E-2 3.13709E-2 3.83155E-2 4.67598E-2 6.53318E-2 4.4699E-2 3.85515E-2 3.28983E-2 3.45444E-2 3.51687E-2 3.63857E-2 4.08184E-2 3.94708E-2 3.84001E-2 3.46319E-2 3.03611E-2 4.45178E-2 3.47763E-2 2.41822E-2
-9999 -9999 -9999 -9999 -9999 -9999 -9999 -9999 -9999 -9999 -9999 -9999 -9999 4.4511E-1 3.61626E-1 3.30433E-1 2.52939E-1 1.95343E-1 1.06891E-1 8.84292E-2 1.24293E-1 7.21181E-2 7.01693E-2 5.27203E-2 3.4115E-2 6.66735E-2 7.94355E-2 2.92244E-2 2.04582E-2 3.97253E-2 5.92468E-2 2.75095E-2 1.87789E-2 1.98539E-2 2.07805E-2 5.28093E-2 2.85627E-2 2.41415E-2 3.04659E-2 1.97938E-2 1.94815E-2 2.3362E-2 2.58481E-2 2.99858E-2 3.03429E-2 3.44346E-2 5.28074E-2 5.54391E-2 3.92688E-2 3.77786E-2 3.6772E-2 3.78977E-2 3.96822E-2 4.38318E-2 4.23805E-2 3.77154E-2 3.4374E-2 3.11912E-2 3.9469E-2 4.4753E-2 4.19989E-2
-9999 -9999 -9999 -9999 -9999 -9999 -9999 -9999 -9999 -9999 -9999 -9999 -9999 4.70329E-1 4.0712E-1 3.81211E-1 3.0405E-1 2.80955E-1 2.52337E-1 2.33367E-1 1.55082E-1 1.22705E-1 9.26684E-2 1.20106E-1 5.03604E-2 6.62642E-2 1.8729E-1 3.77349E-2 2.00012E-2 6.00705E-2 8.15924E-2 3.04661E-2 1.49888E-2 2.09035E-2 2.19664E-2 2.68487E-2 2.15877E-2 1.7441E-2 2.19106E-2 1.91402E-2 1.73514E-2 1.77945E-2 2.33674E-2 2.92039E-2 2.24348E-2 2.62864E-2 3.32236E-2 5.78971E-2 4.94033E-2 3.83623E-2 4.68959E-2 4.9517E-2 4.08245E-2 3.95203E-2 4.37703E-2 3.93588E-2 3.26093E-2 2.93023E-2 4.47337E-2 4.59522E-2 3.85892E-2
-9999 -9999 -9999 -9999 -9999 7.99402E-1 -9999 -9999 -9999 -9999 5.71617E-1 4.72305E-1 4.99812E-1 4.95164E-1 5.68807E-1 4.6109E-1 4.30319E-1 4.05326E-1 3.9408E-1 3.32553E-1 2.74891E-1 2.06757E-1 1.91719E-1 1.24246E-1 1.0755E-1 9.58284E-2 1.53729E-1 8.89209E-2 3.69518E-2 3.82016E-2 1.20943E-1 9.04167E-2 3.84417E-2 4.13006E-2 2.22827E-2 2.43584E-2 1.93394E-2 1.46519E-2 1.83433E-2 2.13086E-2 1.91628E-2 1.94858E-2 3.07205E-2 3.76558E-2 3.04551E-2 2.54615E-2 3.7418E-2 3.99958E-2 6.11431E-2 4.22259E-2 4.60512E-2 5.85456E-2 4.27388E-2 4.08379E-2 5.38129E-2 4.41785E-2 3.37761E-2 3.74187E-2 6.36049E-2 3.90029E-2 2.99277E-2
-9999 -9999 -9999 -9999 -9999 -9999 8.00629E-1 6.16648E-1 6.40407E-1 5.65431E-1 4.69756E-1 3.4252E-1 2.83264E-1 2.69702E-1 3.44693E-1 4.81871E-1 4.98205E-1 5.47823E-1 4.91564E-1 4.34757E-1 4.26993E-1 3.08345E-1 2.46485E-1 1.91518E-1 1.5846E-1 1.72404E-1 1.33527E-1 1.38326E-1 8.47605E-2 5.2919E-2 1.36768E-1 6.29456E-2 3.57657E-2 2.51462E-2 3.35165E-2 2.24094E-2 2.42921E-2 1.85076E-2 2.54822E-2 2.07888E-2 2.02939E-2 1.94405E-2 2.59104E-2 2.10569E-2 1.82804E-2 3.0719E-2 5.38553E-2 5.61507E-2 7.96176E-2 4.05828E-2 4.23833E-2 4.799E-2 8.60361E-2 6.43917E-2 7.16897E-2 7.96716E-2 7.61235E-2 7.43605E-2 6.48851E-2 4.66912E-2 4.64914E-2
-9999 -9999 -9999 -9999 -9999 -9999 -9999 -9999 -9999 -9999 4.96384E-1 3.84997E-1 3.41367E-1 3.5278E-1 4.25897E-1 4.17933E-1 3.66168E-1 4.05713E-1 4.20232E-1 3.69663E-1 4.76122E-1 3.87336E-1 3.59327E-1 2.82172E-1 2.92455E-1 2.68135E-1 2.63079E-1 1.78928E-1 1.44476E-1 1.11497E-1 1.6206E-1 8.91268E-2 4.9561E-2 6.03113E-2 7.68164E-2 7.14713E-2 2.98814E-2 2.02737E-2 2.57975E-2 3.29882E-2 3.20792E-2 3.31528E-2 2.23521E-2 2.48258E-2 2.94584E-2 4.90763E-2 1.95634E-2 3.54369E-2 3.81465E-2 5.23306E-2 3.81051E-2 5.42363E-2 7.28482E-2 4.05747E-2 4.56449E-2 4.2191E-2 4.18031E-2 4.86036E-2 5.06966E-2 5.53114E-2 5.84255E-2
-9999 -9999 -9999 -9999 -9999 -9999 -9999 -9999 -9999 -9999 -9999 4.901E-1 4.40316E-1 3.59517E-1 2.65436E-1 3.40841E-1 1.93803E-1 1.8284E-1 2.6304E-1 1.64339E-1 1.88947E-1 1.70026E-1 2.40343E-1 2.33485E-1 3.10701E-1 3.0212E-1 3.34043E-1 3.39318E-1 2.8319E-1 2.71581E-1 1.44691E-1 1.22951E-1 9.6479E-2 1.20314E-1 6.45302E-2 5.22338E-2 2.48422E-2 2.69686E-2 4.21496E-2 1.84952E-2 2.1617E-2 2.91972E-2 5.13008E-2 5.15037E-2 3.45209E-2 2.39294E-2 2.12738E-2 1.99244E-2 2.28382E-2 5.05642E-2 4.95166E-2 6.7706E-2 7.4799E-2 4.11683E-2 4.31557E-2 4.45305E-2 4.01929E-2 4.70702E-2 4.40191E-2 3.69241E-2 3.78468E-2
-9999 -9999 -9999 -9999 -9999 -9999 -9999 -9999 -9999 -9999 -9999 -9999 5.64381E-1 4.06194E-1 2.92609E-1 2.8762E-1 2.37133E-1 2.25651E-1 2.46262E-1 1.95194E-1 1.82243E-1 1.57262E-1 1.34164E-1 1.60046E-1 2.46928E-1 2.3152E-1 2.80834E-1 3.03195E-1 3.86348E-1 3.90055E-1 3.2786E-1 2.92491E-1 1.61108E-1 1.3804E-1 7.95637E-2 7.58972E-2 7.63127E-2 5.75549E-2 5.86611E-2 3.69954E-2 2.76692E-2 3.78347E-2 5.56882E-2 3.84947E-2 5.90554E-2 3.98711E-2 2.03452E-2 2.94793E-2 2.75242E-2 3.23051E-2 1.01821E-1 7.56006E-2 6.25496E-2 7.10393E-2 5.42444E-2 4.77136E-2 4.67925E-2 6.0941E-2 4.29244E-2 4.27125E-2 3.85709E-2
-9999 -9999 -9999 -9999 -9999 -9999 -9999 -9999 -9999 -9999 -9999 -9999 4.79645E-1 4.35788E-1 4.96047E-1 3.7339E-1 4.15614E-1 3.19044E-1 2.28907E-1 1.65419E-1 1.73865E-1 1.82218E-1 1.1407E-1 1.33764E-1 1.34654E-1 1.86594E-1 2.63667E-1 3.3052E-1 4.2233E-1 4.97156E-1 4.43784E-1 4.36176E-1 2.45375E-1 2.40984E-1 1.34876E-1 9.48462E-2 1.25247E-1 1.45538E-1 4.99151E-2 5.93671E-2 4.14665E-2 7.40103E-2 4.35503E-2 2.27211E-2 6.1215E-2 4.55004E-2 2.4254E-2 2.75004E-2 2.3065E-2 3.6443E-2 8.27059E-2 4.45095E-2 4.0358E-2 7.0094E-2 6.99909E-2 6.75584E-2 5.32672E-2 4.49381E-2 4.48065E-2 4.10857E-2 3.41557E-2
-9999 -9999 -9999 -9999 -9999 -9999 -9999 -9999 -9999 -9999 -9999 -9999 -9999 -9999 -9999 6.39271E-1 4.81625E-1 3.31808E-1 3.28391E-1 2.62378E-1 2.01736E-1 1.58223E-1 1.75929E-1 1.61996E-1 1.24013E-1 1.37753E-1 2.19541E-1 2.44927E-1 3.76327E-1 4.47467E-1 5.58883E-1 4.71462E-1 3.60181E-1 2.60362E-1 2.16937E-1 1.83672E-1 1.86112E-1 9.97036E-2 5.66401E-2 6.17516E-2 1.40514E-1 7.0485E-2 3.01263E-2 2.92077E-2 3.72102E-2 8.04911E-2 4.09436E-2 3.64779E-2 5.02144E-2 4.71962E-2 5.01387E-2 9.41334E-2 4.31173E-2 6.12642E-2 6.28425E-2 5.44105E-2 4.96997E-2 4.33776E-2 3.80245E-2 3.42144E-2 3.786E-2
-9999 -9999 -9999 -9999 -9999 -9999 -9999 -9999 -9999 -9999 -9999 -9999 -9999 -9999 -9999 -9999 -9999 5.07539E-1 4.14687E-1 3.10645E-1 3.0263E-1 2.86394E-1 1.98785E-1 2.2653E-1 1.38084E-1 1.07463E-1 1.38998E-1 1.11255E-1 1.82535E-1 3.81038E-1 4.62879E-1 -9999 4.58877E-1 3.86718E-1 3.39207E-1 4.09445E-1 2.79344E-1 1.46678E-1 1.22414E-1 1.11423E-1 1.12747E-1 1.72044E-1 5.36145E-2 7.10938E-2 3.76821E-2 4.96181E-2 9.02139E-2 1.01375E-1 6.14919E-2 5.54592E-2 5.69757E-2 1.12979E-1 5.93248E-2 4.49035E-2 4.8024E-2 5.52059E-2 5.19456E-2 4.27864E-2 4.10589E-2 4.10434E-2 4.60231E-2
-9999 -9999 -9999 -9999 -9999 -9999 -9999 -9999 -9999 -9999 -9999 -9999 -9999 -9999 -9999 -9999 -9999 -9999 5.34016E-1 3.88643E-1 4.38452E-1 3.04826E-1 2.68613E-1 2.26854E-1 1.69023E-1 1.15312E-1 1.5236E-1 8.78705E-2 1.91191E-1 2.38821E-1 3.62331E-1 4.77482E-1 5.51887E-1 4.11108E-1 3.7006E-1 4.90188E-1 2.93692E-1 2.55902E-1 1.43683E-1 1.75466E-1 1.98812E-1 1.05039E-1 1.09324E-1 7.99739E-2 1.09084E-1 6.62068E-2 6.53373E-2 6.60212E-2 2.03498E-1 1.44514E-1 6.58672E-2 1.29504E-1 6.36136E-2 4.64503E-2 4.53552E-2 5.72896E-2 5.28301E-2 4.74178E-2 3.87247E-2 3.47995E-2 4.23418E-2
