maxent_outputs/white_flowers_linear/white_266.asc
ncols         426
nrows         180
xllcorner     -130.0
yllcorner     24.0
cellsize      0.16666666666666666
NODATA_value  -9999
[rows 0 to 26 of 180, columns 244 to 304 of 426]
2.01577E-1 2.01686E-1 2.03214E-1 2.02823E-1 2.04541E-1 2.06388E-1 2.05897E-1 2.05628E-1 2.09218E-1 2.11513E-1 2.13543E-1 2.15868E-1 2.129E-1 2.13981E-1 2.15956E-1 2.16116E-1 2.18667E-1 2.2792E-1 2.28384E-1 2.23587E-1 2.2279E-1 2.23561E-1 2.27884E-1 2.26272E-1 2.26169E-1 2.2571E-1 2.24961E-1 2.23917E-1 2.24559E-1 2.3454E-1 2.24276E-1 2.28478E-1 2.20532E-1 2.18863E-1 2.19817E-1 2.18669E-1 2.20318E-1 2.23241E-1 2.256E-1 2.29851E-1 2.31421E-1 2.30081E-1 2.3847E-1 2.459E-1 -9999 -9999 -9999 -9999 -9999 -9999 -9999 -9999 -9999 -9999 -9999 -9999 8.34043E-1 -9999 -9999 -9999 8.90738E-1
2.08501E-1 2.04474E-1 2.06663E-1 2.04448E-1 2.05088E-1 2.05185E-1 2.07015E-1 2.06183E-1 2.10947E-1 2.10267E-1 2.09378E-1 2.11519E-1 2.13703E-1 2.16069E-1 2.16512E-1 2.20091E-1 2.20854E-1 2.20236E-1 2.21419E-1 2.21271E-1 2.24522E-1 2.25625E-1 2.28028E-1 2.27649E-1 2.26931E-1 2.27694E-1 2.24009E-1 2.22919E-1 2.24447E-1 2.23504E-1 2.19363E-1 2.23533E-1 2.21373E-1 2.17665E-1 2.21533E-1 2.20615E-1 2.26142E-1 2.29502E-1 2.25088E-1 2.27125E-1 2.26441E-1 2.30141E-1 2.35615E-1 2.42385E-1 -9999 -9999 -9999 -9999 -9999 -9999 -9999 -9999 -9999 -9999 -9999 -9999 -9999 -9999 -9999 -9999 7.95492E-1
2.03829E-1 2.07004E-1 2.07757E-1 2.07635E-1 2.1161E-1 2.11377E-1 2.15978E-1 2.15377E-1 2.15838E-1 2.11132E-1 2.09541E-1 2.1167E-1 2.12343E-1 2.15225E-1 2.15597E-1 2.17213E-1 2.19689E-1 2.23236E-1 2.25329E-1 2.25048E-1 2.25273E-1 2.25741E-1 2.28862E-1 2.29604E-1 2.27546E-1 2.27856E-1 2.25728E-1 2.27279E-1 2.26041E-1 2.27584E-1 2.28153E-1 2.27282E-1 2.27055E-1 2.2839E-1 2.26854E-1 2.27054E-1 2.24026E-1 2.22117E-1 2.26121E-1 2.28097E-1 2.26615E-1 2.31934E-1 2.37326E-1 -9999 -9999 -9999 -9999 -9999 -9999 -9999 -9999 -9999 -9999 -9999 -9999 -9999 -9999 3.86338E-1 -9999 -9999 8.02479E-1
2.05824E-1 2.07347E-1 2.03628E-1 2.05033E-1 2.02541E-1 2.02224E-1 2.06496E-1 2.09214E-1 2.08096E-1 2.08388E-1 2.14801E-1 2.13006E-1 2.11581E-1 2.13922E-1 2.1751E-1 2.19362E-1 2.19078E-1 2.2027E-1 2.23075E-1 2.28557E-1 2.28076E-1 2.30396E-1 2.33389E-1 2.40586E-1 2.35692E-1 2.30169E-1 2.30228E-1 2.31383E-1 2.27264E-1 2.26997E-1 2.27611E-1 2.28162E-1 2.29659E-1 2.29184E-1 2.29033E-1 2.26109E-1 2.27388E-1 2.2516E-1 2.2986E-1 2.32688E-1 2.30293E-1 2.2713E-1 2.30749E-1 2.36371E-1 -9999 -9999 -9999 -9999 -9999 -9999 -9999 -9999 -9999 -9999 -9999 2.97794E-1 2.97986E-1 4.67277E-1 -9999 -9999 -9999
2.04563E-1 2.04448E-1 2.04657E-1 2.04795E-1 1.99859E-1 2.04456E-1 2.06482E-1 2.06487E-1 2.06873E-1 2.08221E-1 2.11747E-1 2.12189E-1 2.16125E-1 2.16649E-1 2.15951E-1 2.1758E-1 2.21706E-1 2.22985E-1 2.25202E-1 2.25152E-1 2.30391E-1 2.32884E-1 2.38564E-1 2.42303E-1 2.34916E-1 2.33162E-1 2.30681E-1 2.31096E-1 2.31385E-1 2.2881E-1 2.28774E-1 2.27707E-1 2.28168E-1 2.28174E-1 2.29025E-1 2.28511E-1 2.27911E-1 2.33995E-1 2.28481E-1 2.31723E-1 2.31055E-1 2.31875E-1 2.29217E-1 2.59703E-1 -9999 2.417E-1 2.40927E-1 2.42946E-1 2.50368E-1 2.50029E-1 -9999 -9999 -9999 -9999 -9999 2.9968E-1 3.78457E-1 6.30886E-1 7.97125E-1 -9999 -9999
2.07892E-1 2.09285E-1 2.05716E-1 2.12811E-1 2.08355E-1 2.07981E-1 2.1073E-1 2.12071E-1 2.11002E-1 2.14905E-1 2.19361E-1 2.23734E-1 2.20945E-1 2.17539E-1 2.18563E-1 2.19745E-1 2.20201E-1 2.20994E-1 2.2621E-1 2.27844E-1 2.29669E-1 2.32128E-1 2.38007E-1 2.37137E-1 2.38378E-1 2.33008E-1 2.3261E-1 2.28653E-1 2.31136E-1 2.30914E-1 2.27928E-1 2.2816E-1 2.2528E-1 2.2749E-1 2.25879E-1 2.26617E-1 2.27158E-1 2.27517E-1 2.31365E-1 2.33474E-1 2.3612E-1 2.36488E-1 2.49795E-1 2.58792E-1 2.3676E-1 2.30018E-1 2.32016E-1 2.34398E-1 2.40424E-1 2.38325E-1 2.4893E-1 4.3814E-1 -9999 -9999 -9999 -9999 3.14883E-1 2.88921E-1 -9999 -9999 -9999
2.21461E-1 2.22197E-1 2.10755E-1 2.08879E-1 2.12953E-1 2.10978E-1 2.14851E-1 2.14016E-1 2.21252E-1 2.19416E-1 2.21239E-1 2.33586E-1 2.26806E-1 2.19317E-1 2.20673E-1 2.20762E-1 2.20903E-1 2.23807E-1 2.26357E-1 2.27867E-1 2.31615E-1 2.32615E-1 2.31152E-1 2.36133E-1 2.37331E-1 2.35893E-1 2.31763E-1 2.32563E-1 2.30665E-1 2.29885E-1 2.30715E-1 2.32463E-1 2.30456E-1 2.31079E-1 2.27688E-1 2.27976E-1 2.30782E-1 2.27971E-1 2.31228E-1 2.2923E-1 2.33404E-1 2.35913E-1 2.41153E-1 2.42277E-1 2.39125E-1 2.39306E-1 2.42197E-1 2.42228E-1 2.42737E-1 2.45534E-1 2.45872E-1 2.54984E-1 -9999 -9999 -9999 -9999 -9999 -9999 -9999 -9999 8.79782E-1
2.09521E-1 2.07687E-1 2.09026E-1 2.12545E-1 2.15496E-1 2.09555E-1 2.0924E-1 2.13036E-1 2.12823E-1 2.15371E-1 2.18556E-1 2.2103E-1 2.20586E-1 2.1943E-1 2.20864E-1 2.21259E-1 2.21373E-1 2.25635E-1 2.2802E-1 2.30664E-1 2.30928E-1 2.3223E-1 2.31873E-1 2.34533E-1 2.36073E-1 2.33242E-1 2.32236E-1 2.33656E-1 2.32362E-1 2.32063E-1 2.28924E-1 2.28905E-1 2.30659E-1 2.32735E-1 2.30733E-1 2.31748E-1 2.3149E-1 2.25241E-1 2.29633E-1 2.30159E-1 2.30975E-1 2.32971E-1 2.3409E-1 2.41645E-1 2.53321E-1 -9999 -9999 -9999 2.56337E-1 2.54125E-1 2.5319E-1 2.58782E-1 -9999 -9999 -9999 -9999 -9999 -9999 -9999 -9999 8.37539E-1
2.04752E-1 2.0509E-1 2.05376E-1 2.07712E-1 2.07158E-1 2.07246E-1 2.12103E-1 2.15321E-1 2.20802E-1 2.17334E-1 2.19155E-1 2.2202E-1 2.22225E-1 2.18625E-1 2.21791E-1 2.24905E-1 2.24231E-1 2.28637E-1 2.29605E-1 2.31372E-1 2.32297E-1 2.35555E-1 2.3438E-1 2.38728E-1 2.31142E-1 2.3936E-1 2.36258E-1 2.33874E-1 2.36702E-1 2.36085E-1 2.34547E-1 2.34638E-1 2.33399E-1 2.361E-1 2.37369E-1 2.2982E-1 2.33832E-1 2.28889E-1 2.30085E-1 2.2998E-1 2.29051E-1 2.30202E-1 2.27219E-1 2.32243E-1 2.3982E-1 2.4216E-1 2.45566E-1 -9999 -9999 -9999 -9999 -9999 -9999 -9999 -9999 -9999 -9999 -9999 4.38271E-1 -9999 8.4655E-1
2.04115E-1 2.0753E-1 2.08283E-1 2.11489E-1 2.09155E-1 2.10307E-1 2.11614E-1 2.14321E-1 2.1485E-1 2.16448E-1 2.18097E-1 2.1871E-1 2.18896E-1 2.19565E-1 2.20345E-1 2.26359E-1 2.32691E-1 2.34005E-1 2.33654E-1 2.34256E-1 2.3416E-1 2.33403E-1 2.36779E-1 2.37575E-1 2.48752E-1 2.40363E-1 2.38065E-1 2.40036E-1 2.3825E-1 2.39454E-1 2.37347E-1 2.3726E-1 2.35929E-1 2.41056E-1 2.39495E-1 2.38917E-1 2.37588E-1 2.34773E-1 2.31791E-1 2.3123E-1 2.31439E-1 2.26568E-1 2.24351E-1 2.3109E-1 2.31546E-1 2.35561E-1 2.45219E-1 -9999 -9999 -9999 -9999 -9999 -9999 -9999 8.74647E-1 -9999 -9999 -9999 -9999 -9999 8.76957E-1
2.067E-1 2.093E-1 2.1013E-1 2.12556E-1 2.10141E-1 2.16047E-1 2.16153E-1 2.1709E-1 2.2577E-1 2.21071E-1 2.21262E-1 2.23758E-1 2.22166E-1 2.24617E-1 2.25392E-1 2.29221E-1 2.29262E-1 2.33203E-1 2.35594E-1 2.36555E-1 2.36993E-1 2.38488E-1 2.39043E-1 2.39855E-1 2.57261E-1 2.58471E-1 2.43309E-1 2.41478E-1 2.43877E-1 2.47128E-1 2.42027E-1 2.40133E-1 2.42936E-1 2.40556E-1 2.45143E-1 2.41792E-1 2.37801E-1 2.36915E-1 2.35422E-1 2.34145E-1 2.33824E-1 2.34027E-1 2.2932E-1 2.2578E-1 2.31082E-1 2.37409E-1 2.4715E-1 3.7489E-1 -9999 -9999 -9999 -9999 -9999 -9999 -9999 -9999 -9999 -9999 3.91985E-1 2.99059E-1 -9999
2.11314E-1 2.11378E-1 2.09981E-1 2.12697E-1 2.15932E-1 2.18185E-1 2.16312E-1 2.1592E-1 2.14208E-1 2.16699E-1 2.20434E-1 2.21517E-1 2.26577E-1 2.27355E-1 2.30274E-1 2.30741E-1 2.33141E-1 2.35155E-1 2.37257E-1 2.37962E-1 2.38255E-1 2.3915E-1 2.40246E-1 2.41785E-1 2.4487E-1 2.45699E-1 2.45107E-1 2.45035E-1 2.49187E-1 2.4882E-1 2.50399E-1 2.48418E-1 2.46141E-1 2.44006E-1 2.43064E-1 2.42703E-1 2.44113E-1 2.40101E-1 2.34551E-1 2.38761E-1 2.33514E-1 2.29768E-1 2.30164E-1 2.26409E-1 2.28931E-1 2.27069E-1 2.35913E-1 2.48104E-1 2.53519E-1 2.61528E-1 2.65141E-1 -9999 -9999 -9999 -9999 -9999 -9999 -9999 2.86576E-1 2.80282E-1 2.85124E-1
2.09047E-1 2.10314E-1 2.10975E-1 2.14499E-1 2.18355E-1 2.13964E-1 2.17857E-1 2.17264E-1 2.14549E-1 2.16057E-1 2.17641E-1 2.22196E-1 2.24249E-1 2.27788E-1 2.29445E-1 2.351E-1 2.34768E-1 2.38016E-1 2.41354E-1 2.41673E-1 2.42521E-1 2.42802E-1 2.44374E-1 2.48147E-1 2.51349E-1 2.48891E-1 2.51148E-1 2.50937E-1 2.51699E-1 2.52936E-1 2.50932E-1 2.47376E-1 2.49872E-1 2.48031E-1 2.4754E-1 2.48606E-1 2.46943E-1 2.42505E-1 2.42144E-1 2.44669E-1 2.40692E-1 2.34734E-1 2.34274E-1 2.31417E-1 2.30178E-1 2.3106E-1 2.33386E-1 2.37744E-1 2.42957E-1 2.51557E-1 2.57952E-1 2.64584E-1 -9999 -9999 -9999 -9999 -9999 -9999 2.81501E-1 2.67426E-1 3.06991E-1
2.13242E-1 2.13089E-1 2.14788E-1 2.15337E-1 2.17193E-1 2.18E-1 2.16663E-1 2.21628E-1 2.19954E-1 2.21379E-1 2.20397E-1 2.23843E-1 2.25934E-1 2.27429E-1 2.33356E-1 2.35138E-1 2.40831E-1 2.41842E-1 2.44027E-1 2.45033E-1 2.46213E-1 2.4899E-1 2.49161E-1 2.50581E-1 2.50373E-1 2.50468E-1 2.51082E-1 2.53229E-1 2.56282E-1 2.57592E-1 2.56564E-1 2.55664E-1 2.55029E-1 2.52301E-1 2.54548E-1 2.54187E-1 2.49291E-1 2.48795E-1 2.4603E-1 2.43699E-1 2.40723E-1 2.39261E-1 2.36979E-1 2.34186E-1 2.36444E-1 2.37876E-1 2.38605E-1 2.39161E-1 2.44931E-1 2.4848E-1 2.50664E-1 2.5416E-1 2.62236E-1 -9999 -9999 -9999 -9999 -9999 -9999 -9999 3.43359E-1
2.13873E-1 2.15491E-1 2.19579E-1 2.23123E-1 2.25667E-1 2.22405E-1 2.21248E-1 2.23358E-1 2.26969E-1 2.27999E-1 2.24487E-1 2.26384E-1 2.28893E-1 2.31778E-1 2.33298E-1 2.40606E-1 2.46422E-1 2.44539E-1 2.47127E-1 2.49927E-1 2.52193E-1 2.54912E-1 2.59378E-1 2.56633E-1 2.54847E-1 2.59308E-1 2.57128E-1 2.57665E-1 2.57398E-1 2.60536E-1 2.61731E-1 2.60166E-1 2.59284E-1 2.63024E-1 2.60067E-1 2.57985E-1 2.56879E-1 2.53224E-1 2.48271E-1 2.4696E-1 2.46752E-1 2.45589E-1 2.42672E-1 2.39289E-1 2.40671E-1 2.41465E-1 2.42333E-1 2.46004E-1 2.49299E-1 2.51533E-1 2.53403E-1 2.56204E-1 2.63193E-1 2.71176E-1 -9999 -9999 -9999 -9999 2.88895E-1 2.85744E-1 2.86639E-1
2.16117E-1 2.18967E-1 2.22737E-1 2.24057E-1 2.25956E-1 2.28638E-1 2.28061E-1 2.27406E-1 2.3209E-1 2.3396E-1 2.29072E-1 2.33196E-1 2.36425E-1 2.41384E-1 2.41048E-1 2.44239E-1 2.48703E-1 2.51344E-1 2.50558E-1 2.51263E-1 2.52767E-1 2.5703E-1 2.67656E-1 2.62586E-1 2.60653E-1 2.63057E-1 2.60261E-1 2.62936E-1 2.63029E-1 2.66693E-1 2.7054E-1 2.6727E-1 2.68443E-1 2.64741E-1 2.62995E-1 2.62644E-1 2.56784E-1 2.52741E-1 2.53083E-1 2.48231E-1 2.49383E-1 2.45305E-1 2.42912E-1 2.42734E-1 2.41533E-1 2.47296E-1 2.49764E-1 2.54657E-1 2.55144E-1 2.56137E-1 2.62596E-1 2.69288E-1 2.67077E-1 2.73969E-1 -9999 -9999 -9999 2.84755E-1 2.81477E-1 2.8051E-1 2.851E-1
2.22284E-1 2.25401E-1 2.25594E-1 2.27041E-1 2.30328E-1 2.28322E-1 2.32331E-1 2.36683E-1 2.35392E-1 2.39382E-1 2.42819E-1 2.44322E-1 2.42957E-1 2.45404E-1 2.45061E-1 2.47418E-1 2.48147E-1 2.52914E-1 2.55699E-1 2.59313E-1 2.58569E-1 2.60409E-1 2.6111E-1 2.6341E-1 2.66294E-1 2.707E-1 2.6625E-1 2.68466E-1 2.70717E-1 2.73113E-1 2.72171E-1 2.71672E-1 2.67612E-1 2.69097E-1 2.67702E-1 2.66941E-1 2.62614E-1 2.62106E-1 2.57686E-1 2.5295E-1 2.57447E-1 2.52465E-1 2.48185E-1 2.46344E-1 2.48923E-1 2.50202E-1 2.56408E-1 2.61801E-1 2.60724E-1 2.63754E-1 2.67447E-1 2.70381E-1 2.77844E-1 2.74733E-1 2.70684E-1 2.70516E-1 2.83616E-1 2.83339E-1 2.85197E-1 2.85666E-1 2.84745E-1
2.25509E-1 2.26098E-1 2.28254E-1 2.31046E-1 2.31518E-1 2.34077E-1 2.34517E-1 2.39185E-1 2.42564E-1 2.4214E-1 2.42315E-1 2.42559E-1 2.429E-1 2.42298E-1 2.4576E-1 2.47196E-1 2.51876E-1 2.56093E-1 2.58284E-1 2.63984E-1 2.65262E-1 2.6709E-1 2.67941E-1 2.69243E-1 2.69718E-1 2.69358E-1 2.7455E-1 2.75843E-1 2.78722E-1 2.78904E-1 2.76064E-1 2.76172E-1 2.75145E-1 2.72256E-1 2.71294E-1 2.71455E-1 2.69692E-1 2.67468E-1 2.67485E-1 2.65821E-1 2.5863E-1 2.53245E-1 2.52737E-1 2.5115E-1 2.52474E-1 2.65294E-1 2.70341E-1 2.67601E-1 2.65869E-1 2.7014E-1 2.72868E-1 2.73188E-1 2.68585E-1 2.677E-1 2.6085E-1 2.64603E-1 2.81162E-1 2.90088E-1 2.85563E-1 2.83395E-1 2.86455E-1
2.29443E-1 2.34086E-1 2.36245E-1 2.3688E-1 2.39447E-1 2.40261E-1 2.40551E-1 2.39085E-1 2.43017E-1 2.43137E-1 2.42263E-1 2.41547E-1 2.45587E-1 2.4794E-1 2.45926E-1 2.49371E-1 2.5683E-1 2.65472E-1 2.70685E-1 2.68055E-1 2.70379E-1 2.72357E-1 2.745E-1 2.75691E-1 2.773E-1 2.83153E-1 2.82564E-1 2.82242E-1 2.85718E-1 2.81133E-1 2.77972E-1 2.81289E-1 2.7864E-1 2.85272E-1 2.75994E-1 2.71689E-1 2.70016E-1 2.67025E-1 2.6629E-1 2.64334E-1 2.63063E-1 2.65049E-1 2.61699E-1 2.60331E-1 2.65883E-1 2.6795E-1 2.68548E-1 2.75318E-1 2.6949E-1 2.66815E-1 2.70741E-1 2.71424E-1 2.66049E-1 2.66114E-1 2.67853E-1 2.67308E-1 2.73983E-1 2.78886E-1 2.77233E-1 2.76235E-1 2.76003E-1
2.35261E-1 2.40922E-1 2.37045E-1 2.38857E-1 2.44454E-1 2.43678E-1 2.50978E-1 2.46932E-1 2.4413E-1 2.41493E-1 2.39719E-1 2.39532E-1 2.47065E-1 2.55682E-1 2.54394E-1 2.54439E-1 2.64295E-1 2.63489E-1 2.75691E-1 2.82041E-1 2.81974E-1 2.81044E-1 2.82714E-1 2.82127E-1 2.84834E-1 2.88781E-1 2.89556E-1 2.89094E-1 2.91003E-1 2.89109E-1 2.83377E-1 2.83634E-1 2.85366E-1 2.85535E-1 2.79467E-1 2.75519E-1 2.70183E-1 2.67406E-1 2.67297E-1 2.69796E-1 2.70849E-1 2.74617E-1 2.69359E-1 2.66924E-1 2.68942E-1 2.68948E-1 2.70063E-1 2.73207E-1 2.69846E-1 2.64308E-1 2.66939E-1 2.64341E-1 2.64407E-1 2.6528E-1 2.65006E-1 2.70852E-1 2.68484E-1 2.70851E-1 2.72216E-1 2.71952E-1 2.73359E-1
2.3812E-1 2.38993E-1 2.42588E-1 2.42906E-1 2.4807E-1 2.4815E-1 2.50744E-1 2.46145E-1 2.43232E-1 2.45936E-1 2.50009E-1 2.5362E-1 2.44783E-1 2.48017E-1 2.50542E-1 2.55138E-1 2.66053E-1 2.67218E-1 2.72252E-1 2.80516E-1 2.85431E-1 2.83791E-1 2.86178E-1 2.90324E-1 2.89994E-1 2.87564E-1 2.87412E-1 2.91713E-1 3.00173E-1 2.94452E-1 2.9141E-1 2.90194E-1 2.827E-1 2.83881E-1 2.81772E-1 2.76259E-1 2.75184E-1 2.74744E-1 2.718E-1 2.76657E-1 2.83419E-1 2.776E-1 2.73819E-1 2.73878E-1 2.80256E-1 2.77471E-1 2.75304E-1 2.78664E-1 2.77611E-1 2.74899E-1 2.72253E-1 2.68107E-1 2.6372E-1 2.58165E-1 2.61126E-1 2.63346E-1 2.64645E-1 2.63239E-1 2.6507E-1 2.69841E-1 2.74276E-1
2.42444E-1 2.49688E-1 2.47395E-1 2.47858E-1 2.49667E-1 2.51758E-1 2.49563E-1 2.50099E-1 2.47291E-1 2.49201E-1 2.45933E-1 2.51731E-1 2.55112E-1 2.57492E-1 2.56627E-1 2.59351E-1 2.63795E-1 2.69173E-1 2.69833E-1 2.79967E-1 2.87383E-1 2.92499E-1 2.89643E-1 2.91699E-1 2.93813E-1 2.94187E-1 2.97862E-1 2.96765E-1 3.03983E-1 3.0384E-1 2.94801E-1 2.91583E-1 2.90633E-1 2.91243E-1 2.86314E-1 2.84157E-1 2.8482E-1 2.80866E-1 2.8366E-1 2.89221E-1 2.89273E-1 2.83541E-1 2.80753E-1 2.83439E-1 2.8128E-1 2.84884E-1 2.82357E-1 2.79313E-1 2.75476E-1 2.7551E-1 2.71598E-1 2.66299E-1 2.62986E-1 2.66453E-1 2.84575E-1 2.67988E-1 2.63854E-1 2.61049E-1 2.61648E-1 2.63968E-1 2.64932E-1
2.48982E-1 2.52312E-1 2.58631E-1 2.74066E-1 2.94023E-1 2.85339E-1 2.68811E-1 2.56006E-1 2.52464E-1 2.49773E-1 2.44623E-1 2.45128E-1 2.49267E-1 2.47086E-1 2.57089E-1 2.61939E-1 2.77712E-1 2.72503E-1 2.78832E-1 2.80713E-1 2.90359E-1 2.98462E-1 3.01534E-1 3.05091E-1 3.05167E-1 3.05755E-1 3.03156E-1 3.04503E-1 3.02573E-1 3.03653E-1 3.04941E-1 3.03352E-1 2.97275E-1 2.96512E-1 2.94428E-1 2.95204E-1 2.97554E-1 2.93512E-1 2.92636E-1 2.91378E-1 2.92463E-1 2.90648E-1 2.86459E-1 2.89876E-1 2.85669E-1 2.85426E-1 2.91617E-1 2.83645E-1 2.73494E-1 2.74855E-1 2.72605E-1 2.69486E-1 2.72179E-1 2.76012E-1 2.78152E-1 2.66869E-1 2.64291E-1 2.67164E-1 2.65939E-1 2.63534E-1 2.63284E-1
2.58209E-1 2.65172E-1 2.85777E-1 3.28665E-1 3.15662E-1 3.23138E-1 3.14803E-1 2.77156E-1 2.59761E-1 2.53552E-1 2.50184E-1 2.60029E-1 2.44683E-1 2.44688E-1 2.55794E-1 2.57224E-1 2.73169E-1 2.71112E-1 2.82881E-1 2.88993E-1 2.92379E-1 3.0129E-1 3.09364E-1 3.18513E-1 3.19001E-1 3.17449E-1 3.07563E-1 3.09983E-1 3.10843E-1 3.08106E-1 3.09943E-1 3.11318E-1 3.03572E-1 3.01904E-1 3.01163E-1 3.01119E-1 3.06171E-1 3.08352E-1 3.02433E-1 2.99037E-1 2.96017E-1 2.96443E-1 2.9876E-1 2.99854E-1 2.94058E-1 2.90891E-1 2.89488E-1 2.79821E-1 2.81075E-1 2.78612E-1 2.77329E-1 2.7561E-1 2.74101E-1 2.68784E-1 2.68474E-1 2.62477E-1 2.66217E-1 2.68178E-1 2.66115E-1 2.65169E-1 2.65697E-1
2.68046E-1 2.72714E-1 3.16696E-1 3.51652E-1 3.46387E-1 3.72593E-1 3.79226E-1 3.45774E-1 2.69965E-1 2.53801E-1 2.62355E-1 2.67892E-1 2.46217E-1 2.46683E-1 2.50943E-1 2.6335E-1 2.7512E-1 2.87483E-1 3.1362E-1 3.05916E-1 2.96701E-1 3.00252E-1 3.10442E-1 3.1138E-1 3.14637E-1 3.09893E-1 3.12499E-1 3.14453E-1 3.15059E-1 3.1579E-1 3.10433E-1 3.13346E-1 3.0935E-1 3.05159E-1 3.05166E-1 3.0883E-1 3.09262E-1 3.04703E-1 3.07086E-1 2.96824E-1 2.9843E-1 2.91819E-1 2.96556E-1 3.01072E-1 2.92921E-1 2.91588E-1 2.94719E-1 2.91996E-1 2.8968E-1 2.85044E-1 2.82634E-1 2.78815E-1 2.76209E-1 2.74339E-1 2.69758E-1 2.7072E-1 2.66853E-1 2.72783E-1 2.72791E-1 2.65397E-1 2.63152E-1
2.69181E-1 2.88143E-1 3.56254E-1 3.75395E-1 3.83082E-1 3.87989E-1 3.90099E-1 3.35949E-1 2.72312E-1 2.6155E-1 2.67543E-1 2.57356E-1 2.58558E-1 2.54629E-1 2.58889E-1 2.67573E-1 2.97908E-1 2.84921E-1 2.98014E-1 3.22619E-1 3.08939E-1 3.04977E-1 3.06778E-1 3.15007E-1 3.1286E-1 3.10002E-1 3.06915E-1 3.06377E-1 3.07727E-1 3.07267E-1 3.10126E-1 3.16084E-1 3.13571E-1 3.06179E-1 3.06535E-1 3.1213E-1 3.07659E-1 3.02287E-1 3.00503E-1 2.97675E-1 2.92932E-1 2.9634E-1 3.00511E-1 3.00742E-1 2.94385E-1 2.86569E-1 2.88188E-1 2.89347E-1 2.88949E-1 2.92396E-1 2.95237E-1 2.91622E-1 2.8984E-1 2.79266E-1 2.79639E-1 2.77328E-1 2.7238E-1 2.75105E-1 2.71078E-1 2.67406E-1 2.62267E-1
2.68677E-1 2.75328E-1 3.33305E-1 3.57039E-1 3.57171E-1 3.75071E-1 3.83014E-1 3.03734E-1 2.62123E-1 2.58951E-1 2.55028E-1 2.55543E-1 2.57374E-1 2.63769E-1 2.81387E-1 3.12033E-1 3.07858E-1 3.07804E-1 2.95655E-1 3.02705E-1 2.99287E-1 3.02633E-1 3.08546E-1 3.05874E-1 2.98361E-1 2.99072E-1 3.02056E-1 3.05521E-1 3.10218E-1 3.0731E-1 3.10345E-1 3.09764E-1 3.12085E-1 3.12155E-1 3.15252E-1 3.12794E-1 3.13286E-1 3.10939E-1 3.07751E-1 3.01567E-1 2.94862E-1 3.01251E-1 3.05186E-1 3.04151E-1 2.95155E-1 2.9462E-1 2.94902E-1 3.02145E-1 3.0088E-1 3.03986E-1 3.03203E-1 2.99456E-1 2.83707E-1 2.87263E-1 2.85385E-1 2.79124E-1 2.77949E-1 2.73886E-1 2.6707E-1 2.66074E-1 2.63853E-1
