maxent_outputs/white_flowers_linear/white_235.asc
ncols         426
nrows         180
xllcorner     -130.0
yllcorner     24.0
cellsize      0.16666666666666666
NODATA_value  -9999
[rows 27 to 53 of 180, columns 61 to 121 of 426]
5.58433E-1 5.61662E-1 6.15227E-1 6.34864E-1 5.83089E-1 5.99715E-1 6.80283E-1 6.63309E-1 6.26068E-1 6.90804E-1 6.7583E-1 6.88944E-1 6.93995E-1 6.58619E-1 6.85369E-1 6.74444E-1 6.8589E-1 6.66229E-1 6.61571E-1 6.62121E-1 6.3514E-1 6.43802E-1 6.40483E-1 5.77358E-1 5.76001E-1 5.80232E-1 5.30779E-1 5.66835E-1 5.80843E-1 6.05331E-1 6.09446E-1 6.25308E-1 6.17242E-1 5.99831E-1 5.55068E-1 4.95337E-1 4.62513E-1 4.47428E-1 4.42827E-1 4.33018E-1 4.2408E-1 4.21675E-1 4.16127E-1 4.14516E-1 4.07456E-1 4.0197E-1 3.96776E-1 3.8945E-1 3.86475E-1 3.89186E-1 3.89796E-1 3.84307E-1 3.71821E-1 3.60437E-1 3.53334E-1 3.48681E-1 3.47362E-1 3.43625E-1 3.33782E-1 3.33894E-1 3.33297E-1
5.598E-1 5.42656E-1 5.7947E-1 6.52116E-1 5.96349E-1 5.74988E-1 6.162E-1 6.49572E-1 6.16536E-1 6.6098E-1 6.59389E-1 6.62773E-1 6.68424E-1 6.53298E-1 6.57126E-1 6.48987E-1 6.64006E-1 6.65465E-1 6.60437E-1 6.28054E-1 6.11897E-1 6.01406E-1 6.07961E-1 5.76494E-1 6.02743E-1 5.84913E-1 5.71426E-1 5.22028E-1 5.66559E-1 5.92144E-1 6.21651E-1 6.09273E-1 6.2795E-1 6.39492E-1 6.32111E-1 5.73906E-1 5.08085E-1 4.75676E-1 4.53864E-1 4.41009E-1 4.29623E-1 4.21635E-1 4.14575E-1 4.02774E-1 3.9674E-1 3.91555E-1 3.90014E-1 3.82725E-1 3.78969E-1 3.82076E-1 3.84664E-1 3.75329E-1 3.70041E-1 3.63215E-1 3.58468E-1 3.49806E-1 3.32098E-1 3.20858E-1 3.06617E-1 2.98081E-1 3.01593E-1
5.92036E-1 5.48924E-1 5.62842E-1 5.771E-1 5.46916E-1 5.44397E-1 5.7043E-1 5.97289E-1 5.92232E-1 6.26548E-1 6.49947E-1 6.50413E-1 6.36654E-1 6.25672E-1 6.47147E-1 6.40764E-1 6.56349E-1 6.43757E-1 6.2312E-1 5.98591E-1 5.99633E-1 5.73823E-1 5.73085E-1 5.81306E-1 5.85279E-1 5.85155E-1 5.92987E-1 5.52418E-1 5.79104E-1 6.06783E-1 6.06092E-1 6.02091E-1 5.9368E-1 6.19311E-1 6.33604E-1 6.31393E-1 5.81227E-1 5.20689E-1 4.7864E-1 4.48952E-1 4.30323E-1 4.20752E-1 4.03418E-1 3.8595E-1 3.66607E-1 3.74517E-1 3.71143E-1 3.70673E-1 3.80674E-1 3.91194E-1 3.89187E-1 3.85276E-1 3.83595E-1 3.77593E-1 3.69301E-1 3.62149E-1 3.45079E-1 3.15452E-1 2.95657E-1 2.85832E-1 2.86713E-1
6.0213E-1 5.43652E-1 5.36096E-1 5.24177E-1 5.26754E-1 5.53528E-1 5.69365E-1 5.66881E-1 6.07547E-1 6.03808E-1 6.04611E-1 6.06003E-1 6.00925E-1 6.24808E-1 6.50301E-1 6.36411E-1 6.47319E-1 6.2022E-1 6.15548E-1 6.18522E-1 5.90291E-1 5.84609E-1 5.8674E-1 6.03336E-1 5.76158E-1 5.68636E-1 6.00157E-1 5.8586E-1 5.29815E-1 6.0547E-1 6.04904E-1 6.1476E-1 5.74243E-1 5.96091E-1 6.17964E-1 6.19551E-1 6.0915E-1 5.88567E-1 5.08554E-1 4.77464E-1 4.47746E-1 4.24112E-1 4.03501E-1 3.91014E-1 3.77614E-1 3.77425E-1 3.78202E-1 3.71771E-1 3.73904E-1 3.89374E-1 3.96051E-1 3.98318E-1 4.12408E-1 3.8821E-1 3.6543E-1 3.5293E-1 3.47746E-1 3.33096E-1 3.21525E-1 3.24348E-1 3.20003E-1
5.95867E-1 5.28759E-1 5.0589E-1 5.24967E-1 5.7176E-1 5.63867E-1 5.69949E-1 5.54463E-1 6.2972E-1 6.03935E-1 5.64783E-1 5.85239E-1 6.09043E-1 6.16292E-1 6.15316E-1 6.34203E-1 6.30607E-1 6.17553E-1 6.1003E-1 6.13223E-1 5.8436E-1 5.59938E-1 5.69031E-1 5.78289E-1 5.72663E-1 5.73412E-1 5.85181E-1 5.94806E-1 5.84902E-1 5.36588E-1 5.9929E-1 6.15209E-1 6.01497E-1 5.61463E-1 5.86117E-1 5.8924E-1 5.79335E-1 5.96031E-1 5.49755E-1 5.07917E-1 4.57433E-1 4.26944E-1 4.09181E-1 3.93722E-1 3.80996E-1 3.7458E-1 3.76247E-1 3.68015E-1 3.58449E-1 3.53733E-1 3.55018E-1 3.62453E-1 3.67974E-1 3.63013E-1 3.55897E-1 3.48904E-1 3.37992E-1 3.36913E-1 3.33657E-1 3.3576E-1 3.3805E-1
5.50525E-1 5.08038E-1 5.08783E-1 5.37553E-1 5.46838E-1 5.60155E-1 5.46848E-1 5.79707E-1 6.19463E-1 5.92972E-1 5.83372E-1 5.67167E-1 5.86013E-1 6.07253E-1 6.08744E-1 5.99029E-1 6.12733E-1 6.13477E-1 6.11497E-1 5.91151E-1 5.70268E-1 5.74125E-1 5.77362E-1 5.75765E-1 5.70636E-1 5.75846E-1 5.80602E-1 6.04742E-1 5.80265E-1 5.73696E-1 5.92508E-1 5.70726E-1 6.01903E-1 5.90432E-1 5.86681E-1 6.06476E-1 5.92966E-1 5.67804E-1 5.75772E-1 5.33663E-1 4.69247E-1 4.50167E-1 4.28986E-1 4.20088E-1 4.1104E-1 3.96614E-1 3.90989E-1 3.7018E-1 3.57225E-1 3.49504E-1 3.41508E-1 3.4097E-1 3.40567E-1 3.3771E-1 3.41426E-1 3.42471E-1 3.3833E-1 3.34599E-1 3.37537E-1 3.36833E-1 3.44117E-1
5.49416E-1 4.96125E-1 5.08745E-1 5.42282E-1 5.64478E-1 5.69362E-1 5.48316E-1 5.71347E-1 5.95625E-1 5.70806E-1 5.76817E-1 5.61921E-1 5.71761E-1 6.00525E-1 6.00009E-1 5.85748E-1 6.0182E-1 5.87256E-1 5.97963E-1 5.96614E-1 5.7515E-1 5.78288E-1 5.74673E-1 5.77832E-1 5.75736E-1 5.64818E-1 5.81821E-1 5.85964E-1 5.73412E-1 5.75322E-1 5.75579E-1 5.79468E-1 5.49068E-1 5.63957E-1 5.8086E-1 5.97104E-1 5.76944E-1 5.61114E-1 5.57537E-1 5.51459E-1 5.00747E-1 4.69142E-1 4.43968E-1 4.2486E-1 4.09121E-1 3.94937E-1 3.89637E-1 3.7487E-1 3.64451E-1 3.58166E-1 3.50246E-1 3.46559E-1 3.35919E-1 3.27588E-1 3.30497E-1 3.33155E-1 3.34454E-1 3.35982E-1 3.32296E-1 3.39582E-1 3.71467E-1
4.85677E-1 4.85165E-1 5.05765E-1 5.21453E-1 5.45244E-1 5.358E-1 5.49749E-1 5.67984E-1 5.81388E-1 5.51091E-1 5.70003E-1 5.73809E-1 5.32293E-1 5.82782E-1 5.84287E-1 5.54442E-1 5.82892E-1 5.77783E-1 5.91794E-1 5.98762E-1 6.13429E-1 5.9094E-1 5.65487E-1 5.7488E-1 5.78955E-1 5.67183E-1 5.69647E-1 5.71812E-1 5.67989E-1 5.60674E-1 5.61826E-1 5.83961E-1 5.3277E-1 5.15989E-1 5.84827E-1 5.91857E-1 5.77773E-1 5.76851E-1 5.66674E-1 5.6764E-1 5.58502E-1 5.14555E-1 4.65567E-1 4.4202E-1 4.23749E-1 4.00105E-1 3.89527E-1 3.77657E-1 3.65802E-1 3.59407E-1 3.55931E-1 3.48595E-1 3.46533E-1 3.34899E-1 3.34025E-1 3.31813E-1 3.28854E-1 3.28589E-1 3.27278E-1 3.58089E-1 4.01658E-1
4.70466E-1 4.8105E-1 4.70503E-1 4.79319E-1 4.87128E-1 5.01489E-1 5.54773E-1 5.60674E-1 5.64392E-1 5.49267E-1 5.67224E-1 5.60416E-1 5.33285E-1 5.54593E-1 5.47574E-1 5.49344E-1 5.64028E-1 5.79007E-1 5.7569E-1 5.90643E-1 6.16439E-1 6.01375E-1 5.77449E-1 5.77937E-1 5.71803E-1 5.66655E-1 5.68164E-1 5.58694E-1 5.64686E-1 5.59343E-1 5.58848E-1 5.71265E-1 5.82641E-1 5.71321E-1 5.84308E-1 5.87085E-1 5.66622E-1 5.69019E-1 5.59162E-1 5.47269E-1 5.38889E-1 5.3694E-1 5.10456E-1 4.57255E-1 4.26789E-1 4.01597E-1 3.83108E-1 3.76596E-1 3.70524E-1 3.62796E-1 3.59241E-1 3.69328E-1 3.64334E-1 3.6409E-1 3.61532E-1 3.5662E-1 3.48196E-1 3.37701E-1 3.37905E-1 3.5595E-1 3.84576E-1
4.5287E-1 4.49328E-1 4.41837E-1 4.62475E-1 5.01539E-1 5.03807E-1 5.24079E-1 5.29886E-1 5.50372E-1 5.37862E-1 5.46481E-1 5.39436E-1 5.46612E-1 5.45638E-1 5.33368E-1 5.49084E-1 5.90187E-1 5.84161E-1 5.56892E-1 5.9027E-1 5.91856E-1 5.80229E-1 5.74919E-1 5.7473E-1 5.68582E-1 5.66158E-1 5.70059E-1 5.64594E-1 5.5656E-1 5.67839E-1 5.68283E-1 5.48164E-1 5.8075E-1 5.91961E-1 6.13714E-1 6.1006E-1 5.81549E-1 5.58796E-1 5.56478E-1 5.49669E-1 5.44525E-1 5.26501E-1 5.32261E-1 4.59906E-1 4.31961E-1 4.23141E-1 4.04971E-1 4.00988E-1 3.99239E-1 3.93412E-1 3.87995E-1 3.85987E-1 3.76431E-1 3.67972E-1 3.69428E-1 3.71241E-1 3.63625E-1 3.57882E-1 3.61977E-1 3.55067E-1 3.50212E-1
4.44699E-1 4.42546E-1 4.38445E-1 4.74071E-1 4.76793E-1 4.73323E-1 4.77181E-1 4.84191E-1 4.87094E-1 4.97238E-1 5.11567E-1 5.16133E-1 5.24832E-1 5.34378E-1 5.47134E-1 5.49053E-1 5.62767E-1 5.64371E-1 5.72826E-1 5.94035E-1 5.85618E-1 5.79845E-1 5.73922E-1 5.63989E-1 5.67266E-1 5.59024E-1 5.58639E-1 5.77597E-1 5.6106E-1 5.60022E-1 5.68534E-1 5.12185E-1 5.47415E-1 5.63238E-1 5.96529E-1 6.02044E-1 5.78357E-1 5.64853E-1 5.60195E-1 5.50644E-1 5.64094E-1 5.1862E-1 5.39168E-1 4.61476E-1 4.30055E-1 4.24693E-1 4.12195E-1 4.07588E-1 4.01288E-1 3.88993E-1 3.92782E-1 4.03363E-1 3.96502E-1 3.94888E-1 3.97405E-1 3.94969E-1 3.92262E-1 3.7646E-1 3.63634E-1 3.67669E-1 3.58201E-1
4.41607E-1 4.44737E-1 4.58819E-1 4.67641E-1 4.5775E-1 4.6114E-1 4.6988E-1 4.6998E-1 4.72259E-1 4.78681E-1 4.89391E-1 5.0612E-1 5.19162E-1 5.26179E-1 5.4555E-1 5.61115E-1 5.78291E-1 5.89496E-1 6.0197E-1 5.96866E-1 5.87727E-1 5.84151E-1 5.75634E-1 5.58712E-1 5.66759E-1 5.60659E-1 5.52268E-1 5.65741E-1 5.73311E-1 5.61085E-1 5.7091E-1 5.01184E-1 5.04678E-1 5.14581E-1 5.50408E-1 5.87406E-1 5.55005E-1 5.6977E-1 5.62527E-1 5.3507E-1 5.57656E-1 5.46433E-1 5.28459E-1 4.5607E-1 4.28948E-1 4.29242E-1 4.19742E-1 4.25879E-1 4.17735E-1 4.07689E-1 4.00465E-1 4.11714E-1 4.02867E-1 4.0736E-1 4.18362E-1 4.2119E-1 4.06278E-1 3.81398E-1 3.68843E-1 3.65978E-1 3.68827E-1
4.47898E-1 4.47137E-1 4.55268E-1 4.5722E-1 4.54892E-1 4.59672E-1 4.60938E-1 4.6731E-1 4.69261E-1 4.78392E-1 4.88993E-1 4.96617E-1 5.19462E-1 5.3821E-1 5.47734E-1 5.49959E-1 5.52288E-1 5.65634E-1 5.82967E-1 5.83091E-1 5.82908E-1 5.75717E-1 5.67365E-1 5.49837E-1 5.41336E-1 5.46906E-1 5.47669E-1 5.57271E-1 5.68057E-1 5.63741E-1 5.63215E-1 5.15665E-1 5.18784E-1 4.90564E-1 5.13967E-1 5.78271E-1 5.45525E-1 5.62276E-1 5.71223E-1 5.55093E-1 5.52163E-1 5.50239E-1 5.37685E-1 4.80751E-1 4.38056E-1 4.22118E-1 4.09335E-1 4.09658E-1 4.04536E-1 4.03287E-1 4.13312E-1 4.17098E-1 4.15004E-1 4.15647E-1 4.15844E-1 4.44114E-1 4.15294E-1 3.93528E-1 3.80566E-1 3.76767E-1 3.72137E-1
4.74851E-1 4.60017E-1 4.32268E-1 4.57267E-1 4.58177E-1 4.6074E-1 4.64365E-1 4.6881E-1 4.72376E-1 4.75023E-1 4.88668E-1 5.01989E-1 5.24112E-1 5.40425E-1 5.46769E-1 5.54617E-1 5.6439E-1 5.68392E-1 5.79429E-1 5.74333E-1 5.68116E-1 5.63987E-1 5.56222E-1 5.45017E-1 5.39337E-1 5.4605E-1 5.62804E-1 5.69831E-1 5.6244E-1 5.57776E-1 5.77533E-1 5.61624E-1 5.67546E-1 5.31007E-1 5.31852E-1 5.72683E-1 5.64636E-1 5.26103E-1 5.59294E-1 5.55607E-1 5.43125E-1 5.18555E-1 5.2626E-1 5.27002E-1 4.81726E-1 4.33882E-1 4.20303E-1 4.37365E-1 4.22055E-1 4.16442E-1 4.18153E-1 4.28916E-1 4.31152E-1 4.27582E-1 4.23752E-1 4.21178E-1 4.04615E-1 3.92884E-1 3.85712E-1 3.75893E-1 3.72395E-1
4.74476E-1 4.63215E-1 4.75434E-1 4.88072E-1 4.89811E-1 4.75008E-1 4.72292E-1 4.73058E-1 4.78346E-1 4.86904E-1 4.88844E-1 5.04236E-1 5.19782E-1 5.38364E-1 5.55306E-1 5.57319E-1 5.65972E-1 5.81371E-1 5.87905E-1 5.79103E-1 5.68666E-1 5.60897E-1 5.64717E-1 5.62946E-1 5.486E-1 5.48756E-1 5.54745E-1 5.68644E-1 5.78843E-1 5.72803E-1 5.34759E-1 5.51876E-1 5.28086E-1 5.47006E-1 5.4712E-1 5.73627E-1 5.64413E-1 5.22402E-1 5.11323E-1 4.89336E-1 4.88538E-1 4.90836E-1 5.24247E-1 5.00639E-1 4.90687E-1 4.75394E-1 4.33533E-1 4.34482E-1 4.55395E-1 4.47914E-1 4.34261E-1 4.39752E-1 4.59174E-1 4.54123E-1 4.4209E-1 4.53892E-1 4.36875E-1 4.13399E-1 3.99976E-1 3.95624E-1 3.797E-1
4.7885E-1 4.72017E-1 4.89983E-1 4.85446E-1 4.93482E-1 4.81498E-1 4.81033E-1 4.81873E-1 4.86536E-1 4.88227E-1 4.95453E-1 5.00771E-1 5.16067E-1 5.32915E-1 5.50581E-1 5.61548E-1 5.69405E-1 5.81679E-1 5.91716E-1 5.8637E-1 5.68371E-1 5.65842E-1 5.59812E-1 5.56604E-1 5.59146E-1 5.63641E-1 5.5608E-1 5.63479E-1 5.53039E-1 5.77732E-1 5.41964E-1 5.39574E-1 5.3714E-1 5.14867E-1 4.86507E-1 5.3369E-1 5.38606E-1 4.99107E-1 5.04936E-1 5.28901E-1 4.45911E-1 4.54444E-1 5.10406E-1 5.01653E-1 4.87156E-1 4.53677E-1 4.33426E-1 4.36088E-1 4.50938E-1 4.4449E-1 4.23507E-1 4.20202E-1 4.28765E-1 4.58984E-1 4.61013E-1 4.78301E-1 4.61463E-1 4.21666E-1 4.11543E-1 4.02109E-1 3.91429E-1
4.82869E-1 4.71562E-1 4.59951E-1 4.9075E-1 5.02267E-1 4.91444E-1 4.85575E-1 4.84876E-1 4.94767E-1 5.04118E-1 5.11084E-1 5.12897E-1 5.28319E-1 5.42013E-1 5.57639E-1 5.69202E-1 5.764E-1 5.81168E-1 5.74246E-1 5.66995E-1 5.76983E-1 5.66692E-1 5.70903E-1 5.57148E-1 5.41326E-1 5.47143E-1 5.63552E-1 5.61923E-1 5.43966E-1 5.45778E-1 5.57917E-1 5.24414E-1 5.26675E-1 5.41182E-1 4.94665E-1 5.31276E-1 5.27072E-1 5.1062E-1 5.00935E-1 4.8318E-1 4.63131E-1 4.9332E-1 4.66452E-1 4.72156E-1 4.80071E-1 4.41641E-1 4.00627E-1 3.98659E-1 4.23688E-1 4.41744E-1 4.3666E-1 4.01015E-1 3.95546E-1 4.16656E-1 4.48949E-1 4.64203E-1 4.46714E-1 4.51806E-1 4.43445E-1 4.13828E-1 3.95383E-1
4.5773E-1 4.35805E-1 4.52748E-1 5.03894E-1 5.05951E-1 4.93031E-1 4.93043E-1 5.07335E-1 5.16444E-1 5.16798E-1 5.23354E-1 5.34728E-1 5.39258E-1 5.46263E-1 5.59803E-1 5.69016E-1 5.79586E-1 5.81949E-1 5.83902E-1 5.87724E-1 5.8605E-1 6.11236E-1 5.88561E-1 5.64413E-1 5.48179E-1 5.59323E-1 5.54346E-1 5.6306E-1 5.60734E-1 5.58948E-1 5.30305E-1 5.091E-1 5.43637E-1 5.63851E-1 4.96187E-1 4.97768E-1 5.3886E-1 5.33316E-1 5.0902E-1 4.27495E-1 4.29752E-1 4.2666E-1 4.38389E-1 4.24188E-1 4.35268E-1 4.54275E-1 4.25015E-1 3.89412E-1 4.04715E-1 4.06241E-1 4.42995E-1 4.43391E-1 3.92092E-1 4.00124E-1 4.24089E-1 4.16824E-1 4.19054E-1 4.19011E-1 4.10828E-1 4.03104E-1 3.91833E-1
4.66462E-1 4.56111E-1 4.48244E-1 4.99873E-1 5.24766E-1 5.02717E-1 5.06686E-1 5.18291E-1 5.14178E-1 5.25506E-1 5.35547E-1 5.43074E-1 5.53349E-1 5.60862E-1 5.57962E-1 5.60086E-1 5.67048E-1 5.67505E-1 5.71164E-1 5.90566E-1 5.95303E-1 5.97368E-1 5.9172E-1 5.66839E-1 5.71894E-1 5.89924E-1 5.82792E-1 5.75188E-1 5.70286E-1 5.57737E-1 5.65367E-1 5.37937E-1 5.45366E-1 5.24519E-1 4.9479E-1 5.13562E-1 5.26553E-1 5.11444E-1 4.80463E-1 4.72495E-1 5.37201E-1 4.81838E-1 3.96026E-1 4.45567E-1 4.90985E-1 5.00963E-1 4.36099E-1 4.49589E-1 4.64611E-1 3.98985E-1 3.99558E-1 4.57023E-1 4.38407E-1 4.07741E-1 4.51328E-1 4.27736E-1 4.20925E-1 4.09411E-1 4.01913E-1 3.98586E-1 3.9309E-1
4.90982E-1 4.86773E-1 4.94624E-1 5.16538E-1 5.20741E-1 5.35882E-1 5.25261E-1 5.18192E-1 5.27382E-1 5.38061E-1 5.55262E-1 5.69935E-1 5.86529E-1 5.9058E-1 5.93648E-1 5.67449E-1 5.62172E-1 5.75106E-1 5.99428E-1 5.84216E-1 5.79186E-1 5.88258E-1 5.96438E-1 5.9635E-1 6.08424E-1 5.98386E-1 5.91329E-1 5.73499E-1 5.59163E-1 5.54689E-1 5.51774E-1 5.374E-1 5.50951E-1 5.28561E-1 4.9163E-1 5.24456E-1 5.34615E-1 4.85613E-1 4.45344E-1 4.83146E-1 5.28196E-1 4.51143E-1 4.09246E-1 4.7252E-1 4.73654E-1 4.69699E-1 4.2273E-1 4.63704E-1 4.34754E-1 3.87608E-1 3.86061E-1 4.26755E-1 4.33432E-1 4.21286E-1 4.1641E-1 4.48905E-1 4.74892E-1 4.68344E-1 4.26855E-1 4.03167E-1 3.96528E-1
4.72534E-1 4.90453E-1 5.01058E-1 4.95223E-1 5.06963E-1 5.35457E-1 5.25047E-1 5.36383E-1 5.38718E-1 5.60959E-1 5.78546E-1 5.87324E-1 5.80184E-1 5.92694E-1 5.94186E-1 5.9049E-1 5.74577E-1 5.84009E-1 5.87611E-1 5.72195E-1 5.80755E-1 5.71319E-1 5.85076E-1 6.04373E-1 6.28949E-1 6.20461E-1 6.08329E-1 5.80205E-1 5.72164E-1 5.59376E-1 5.34052E-1 5.39991E-1 5.49113E-1 5.27044E-1 4.9804E-1 4.96923E-1 5.27067E-1 5.08096E-1 5.1151E-1 5.36644E-1 5.02574E-1 4.3862E-1 4.22332E-1 4.33531E-1 4.64989E-1 4.87376E-1 4.39294E-1 3.9343E-1 4.01522E-1 3.80615E-1 3.87301E-1 4.23905E-1 4.28335E-1 4.52653E-1 4.23807E-1 4.2594E-1 5.01281E-1 5.1364E-1 4.32282E-1 4.0489E-1 3.99684E-1
5.19355E-1 5.30377E-1 5.184E-1 5.21913E-1 5.33919E-1 5.19718E-1 5.18922E-1 5.34946E-1 5.51305E-1 5.64182E-1 5.83169E-1 5.74674E-1 5.79047E-1 5.88541E-1 5.72325E-1 5.80142E-1 5.96028E-1 5.82852E-1 5.69196E-1 5.84347E-1 5.73008E-1 5.70797E-1 5.98311E-1 6.24945E-1 6.29035E-1 5.97302E-1 5.93576E-1 6.01971E-1 5.70915E-1 5.54203E-1 5.4827E-1 5.43964E-1 5.56389E-1 5.41342E-1 4.87738E-1 4.58464E-1 4.8909E-1 5.15461E-1 5.11762E-1 4.52541E-1 4.22155E-1 4.92346E-1 4.49048E-1 4.11012E-1 4.45453E-1 4.15421E-1 4.09293E-1 4.09663E-1 3.97732E-1 3.79313E-1 3.85017E-1 3.97266E-1 4.32627E-1 4.74046E-1 4.33726E-1 4.13654E-1 4.59097E-1 4.78515E-1 4.286E-1 4.06815E-1 4.01853E-1
5.03267E-1 5.10282E-1 5.1681E-1 5.1929E-1 5.19688E-1 5.1638E-1 5.21072E-1 5.28308E-1 5.44253E-1 5.57943E-1 5.57572E-1 5.5212E-1 5.53079E-1 5.49718E-1 5.71559E-1 5.72285E-1 5.42337E-1 5.59061E-1 5.69901E-1 5.69384E-1 5.95089E-1 5.73568E-1 6.20504E-1 6.37838E-1 6.24582E-1 5.94076E-1 5.71958E-1 5.5535E-1 5.46809E-1 5.45909E-1 5.44434E-1 5.47615E-1 5.31758E-1 5.12689E-1 5.10464E-1 4.85358E-1 4.89097E-1 4.17672E-1 3.73787E-1 4.63129E-1 4.88665E-1 4.59282E-1 4.33591E-1 4.44138E-1 4.73635E-1 4.08216E-1 4.48681E-1 4.24348E-1 3.98328E-1 3.98942E-1 4.0132E-1 3.9162E-1 4.05977E-1 4.67538E-1 4.8021E-1 4.17986E-1 4.21816E-1 4.30951E-1 4.28196E-1 4.25627E-1 4.10186E-1
4.92494E-1 5.0057E-1 5.1264E-1 5.02397E-1 5.13237E-1 5.1586E-1 5.30105E-1 5.4485E-1 5.44416E-1 5.5203E-1 5.51456E-1 5.25699E-1 5.33771E-1 5.4357E-1 5.21423E-1 5.16753E-1 4.99267E-1 5.36171E-1 5.87667E-1 6.02546E-1 6.02877E-1 5.97011E-1 6.01033E-1 5.72961E-1 5.6577E-1 5.51703E-1 5.4549E-1 5.38072E-1 5.38111E-1 5.45306E-1 5.38986E-1 5.36694E-1 5.32716E-1 5.07888E-1 5.04046E-1 4.67796E-1 4.76294E-1 3.92928E-1 3.85036E-1 4.94778E-1 4.79756E-1 5.13982E-1 4.14519E-1 4.12462E-1 3.96211E-1 4.11385E-1 5.26007E-1 5.00525E-1 4.26707E-1 4.42298E-1 4.37416E-1 4.35354E-1 4.61656E-1 5.03507E-1 4.78451E-1 4.41729E-1 5.16528E-1 4.8012E-1 4.77448E-1 4.805E-1 4.34375E-1
5.09212E-1 5.16455E-1 5.25722E-1 5.24369E-1 5.23209E-1 5.27916E-1 5.48136E-1 5.39415E-1 5.37019E-1 5.40061E-1 5.5099E-1 5.35356E-1 5.77528E-1 5.87258E-1 5.79381E-1 5.07628E-1 4.95878E-1 5.50298E-1 5.87702E-1 5.81429E-1 5.90379E-1 5.88801E-1 5.8086E-1 5.66944E-1 5.56963E-1 5.52589E-1 5.54659E-1 5.27267E-1 5.21788E-1 5.26371E-1 5.27954E-1 5.23548E-1 5.08241E-1 4.86137E-1 4.64578E-1 4.36963E-1 5.09954E-1 4.41772E-1 4.06835E-1 4.58281E-1 4.64108E-1 4.96056E-1 4.08474E-1 3.84262E-1 3.85102E-1 4.05365E-1 4.31926E-1 4.8468E-1 4.26543E-1 5.02415E-1 5.50254E-1 5.48393E-1 5.60605E-1 5.65206E-1 4.7098E-1 4.89022E-1 5.85117E-1 5.73673E-1 5.90438E-1 5.14363E-1 4.75647E-1
5.23941E-1 5.25109E-1 5.44923E-1 5.51608E-1 5.36323E-1 5.28609E-1 5.3421E-1 5.20929E-1 5.13694E-1 5.29146E-1 5.41808E-1 5.34018E-1 5.64698E-1 5.74947E-1 5.72791E-1 5.76115E-1 5.50568E-1 5.6485E-1 5.65309E-1 5.581E-1 5.64837E-1 5.56098E-1 5.38456E-1 5.3234E-1 5.23565E-1 5.31319E-1 5.39101E-1 5.2949E-1 5.19966E-1 5.29114E-1 5.31262E-1 5.20288E-1 4.85162E-1 4.86589E-1 5.04991E-1 4.20604E-1 4.31164E-1 4.94558E-1 4.27583E-1 4.40642E-1 3.88065E-1 4.11959E-1 3.98581E-1 3.89783E-1 4.02045E-1 4.54144E-1 4.23058E-1 4.63269E-1 4.2797E-1 5.15351E-1 5.48683E-1 5.24523E-1 5.69958E-1 5.14057E-1 5.30437E-1 5.56843E-1 5.49958E-1 5.46535E-1 5.59955E-1 5.53827E-1 5.70563E-1
5.38007E-1 5.3555E-1 5.49975E-1 5.44626E-1 5.28361E-1 5.1568E-1 5.34825E-1 5.4499E-1 5.44748E-1 5.61932E-1 5.30558E-1 4.80385E-1 5.07439E-1 5.42008E-1 5.4452E-1 5.43427E-1 5.28927E-1 5.27068E-1 4.98966E-1 5.19872E-1 5.07173E-1 5.02274E-1 5.11976E-1 5.30938E-1 5.2308E-1 5.21618E-1 5.44553E-1 5.3374E-1 5.13815E-1 5.03723E-1 4.9832E-1 5.40349E-1 5.15405E-1 4.80623E-1 4.91402E-1 4.0983E-1 3.77131E-1 4.28946E-1 4.61067E-1 4.27456E-1 3.89362E-1 4.01698E-1 4.04244E-1 4.1389E-1 4.13721E-1 4.03481E-1 4.19658E-1 4.7695E-1 4.88961E-1 5.15502E-1 5.445E-1 4.97362E-1 5.1688E-1 5.249E-1 5.23849E-1 5.20922E-1 5.01034E-1 5.1255E-1 5.03127E-1 5.35005E-1 5.49884E-1
