maxent_outputs/white_flowers_linear/white_169.asc
ncols         426
nrows         180
xllcorner     -130.0
yllcorner     24.0
cellsize      0.16666666666666666
NODATA_value  -9999
[rows 108 to 134 of 180, columns 122 to 182 of 426]
3.90244E-1 4.43518E-1 4.9128E-1 4.59389E-1 5.0191E-1 4.89918E-1 4.0014E-1 4.03447E-1 4.076E-1 4.10581E-1 4.02995E-1 4.10892E-1 4.19578E-1 3.8514E-1 3.7807E-1 3.87829E-1 4.70931E-1 5.63698E-1 5.93794E-1 5.86146E-1 4.73536E-1 4.01071E-1 4.80057E-1 6.44561E-1 6.84062E-1 5.84125E-1 4.93966E-1 4.72339E-1 4.85029E-1 4.40747E-1 4.54293E-1 4.56033E-1 4.51118E-1 4.19145E-1 4.44006E-1 4.28135E-1 4.1111E-1 4.3037E-1 4.29408E-1 4.20837E-1 4.19842E-1 4.19215E-1 4.16996E-1 4.26941E-1 4.32447E-1 4.3068E-1 4.29188E-1 4.22813E-1 4.23438E-1 4.31842E-1 4.3043E-1 4.24798E-1 4.28342E-1 4.30824E-1 4.27207E-1 4.14832E-1 4.10066E-1 4.13288E-1 4.18435E-1 4.1952E-1 4.22205E-1
3.99097E-1 4.18941E-1 4.73436E-1 4.51923E-1 4.70922E-1 4.03597E-1 4.30545E-1 4.53203E-1 4.34745E-1 4.17654E-1 4.03256E-1 4.10205E-1 4.03953E-1 4.16888E-1 4.07332E-1 4.06698E-1 4.70106E-1 5.19839E-1 5.75987E-1 5.37856E-1 4.47262E-1 4.34523E-1 5.07709E-1 6.33911E-1 6.33133E-1 5.82793E-1 4.92594E-1 4.38006E-1 4.41699E-1 4.50599E-1 4.73864E-1 4.71875E-1 4.57584E-1 4.34965E-1 4.5467E-1 4.16102E-1 4.0586E-1 4.18548E-1 4.26923E-1 4.29156E-1 4.24854E-1 4.2196E-1 4.20336E-1 4.24426E-1 4.31831E-1 4.26056E-1 4.35445E-1 4.31286E-1 4.37272E-1 4.38269E-1 4.34008E-1 4.42006E-1 4.43095E-1 4.46811E-1 4.43468E-1 4.29354E-1 4.21996E-1 4.18951E-1 4.22403E-1 4.23399E-1 4.20272E-1
4.11528E-1 4.36839E-1 4.60554E-1 4.29061E-1 4.06123E-1 4.17077E-1 4.47138E-1 4.56202E-1 4.7308E-1 4.65523E-1 4.38112E-1 4.16806E-1 4.02347E-1 4.39932E-1 4.562E-1 4.25958E-1 4.32265E-1 4.4849E-1 4.73225E-1 4.29799E-1 4.18772E-1 4.08156E-1 4.6494E-1 5.28466E-1 5.5303E-1 5.36322E-1 4.86643E-1 4.43547E-1 4.45981E-1 4.61334E-1 4.93607E-1 4.28519E-1 4.02194E-1 4.10545E-1 4.45503E-1 4.32069E-1 4.01503E-1 4.11023E-1 4.12395E-1 4.21142E-1 4.17167E-1 4.20509E-1 4.18672E-1 4.2261E-1 4.23097E-1 4.32396E-1 4.3803E-1 4.42159E-1 4.4448E-1 4.43509E-1 4.40464E-1 4.39526E-1 4.40503E-1 4.45708E-1 4.43911E-1 4.3098E-1 4.2577E-1 4.25605E-1 4.30351E-1 4.29464E-1 4.24035E-1
4.09392E-1 4.37479E-1 4.51968E-1 4.47667E-1 4.2934E-1 4.33587E-1 4.76245E-1 4.81693E-1 4.79651E-1 4.41739E-1 4.3824E-1 4.48495E-1 4.62727E-1 4.93186E-1 4.96567E-1 4.40266E-1 4.33674E-1 4.32788E-1 4.23005E-1 4.27303E-1 4.38909E-1 4.41594E-1 4.2149E-1 4.54623E-1 4.84611E-1 5.09218E-1 5.02039E-1 5.02337E-1 4.65571E-1 4.64124E-1 4.45528E-1 4.19692E-1 4.14309E-1 4.16589E-1 4.51023E-1 4.36368E-1 4.1392E-1 4.04922E-1 4.04972E-1 4.12283E-1 4.14796E-1 4.37005E-1 4.43895E-1 4.46706E-1 4.4714E-1 4.37896E-1 4.41383E-1 4.47931E-1 4.4332E-1 4.38416E-1 4.35641E-1 4.33083E-1 4.40864E-1 4.41466E-1 4.36053E-1 4.28648E-1 4.26802E-1 4.18499E-1 4.21602E-1 4.26689E-1 4.3293E-1
4.12036E-1 4.08063E-1 4.14075E-1 4.26984E-1 4.33745E-1 4.4533E-1 4.46181E-1 5.05264E-1 5.17526E-1 4.9174E-1 4.09115E-1 4.69088E-1 5.87486E-1 5.17762E-1 4.62282E-1 4.25581E-1 4.10426E-1 4.25947E-1 4.33639E-1 5.42274E-1 4.86281E-1 4.48984E-1 4.28599E-1 4.31727E-1 4.82658E-1 5.0086E-1 4.76629E-1 4.55566E-1 4.31539E-1 4.32025E-1 4.3245E-1 4.2585E-1 4.32393E-1 4.47346E-1 4.50419E-1 4.27034E-1 4.21152E-1 4.16572E-1 4.25702E-1 4.24553E-1 4.33864E-1 4.4355E-1 4.35546E-1 4.40068E-1 4.41575E-1 4.44772E-1 4.56109E-1 4.50603E-1 4.33674E-1 4.28261E-1 4.331E-1 4.33753E-1 4.44579E-1 4.45608E-1 4.42625E-1 4.39747E-1 4.27494E-1 4.23516E-1 4.22027E-1 4.233E-1 4.26976E-1
3.96748E-1 4.07989E-1 4.26149E-1 4.2347E-1 4.17983E-1 4.40302E-1 4.46661E-1 4.23553E-1 4.80279E-1 5.10422E-1 4.61286E-1 4.4585E-1 4.52686E-1 4.42032E-1 4.28746E-1 4.22118E-1 3.93815E-1 4.21036E-1 4.4814E-1 5.29987E-1 4.83212E-1 4.30071E-1 4.27278E-1 4.29498E-1 4.87706E-1 4.78696E-1 4.64141E-1 4.46919E-1 4.53092E-1 4.4491E-1 4.28663E-1 4.28012E-1 4.292E-1 4.37466E-1 4.44383E-1 4.42617E-1 4.36773E-1 4.39133E-1 4.34809E-1 4.37216E-1 4.51482E-1 4.36297E-1 4.34283E-1 4.34451E-1 4.24228E-1 4.25816E-1 4.32103E-1 4.36692E-1 4.30262E-1 4.28224E-1 4.32974E-1 4.33133E-1 4.36895E-1 4.35231E-1 4.33177E-1 4.28116E-1 4.30048E-1 4.26513E-1 4.29794E-1 4.3152E-1 4.27082E-1
4.19165E-1 4.36203E-1 4.2559E-1 4.12544E-1 4.19601E-1 4.43602E-1 4.47521E-1 4.20849E-1 4.27555E-1 4.56814E-1 4.64661E-1 4.70399E-1 4.43903E-1 4.19553E-1 3.9286E-1 4.01792E-1 3.93387E-1 4.03982E-1 4.07619E-1 5.05276E-1 5.08902E-1 4.31494E-1 4.19839E-1 4.45323E-1 4.63177E-1 4.74627E-1 4.61544E-1 4.51102E-1 4.53965E-1 4.43119E-1 4.32042E-1 4.25845E-1 4.34376E-1 4.57648E-1 4.4978E-1 4.47538E-1 4.56169E-1 4.66048E-1 4.59342E-1 4.53989E-1 4.44593E-1 4.36375E-1 4.30671E-1 4.28097E-1 4.24756E-1 4.27136E-1 4.31319E-1 4.38731E-1 4.57189E-1 4.50049E-1 4.51431E-1 4.40228E-1 4.40551E-1 4.39246E-1 4.39744E-1 4.36178E-1 4.34461E-1 4.34109E-1 4.34247E-1 4.33472E-1 4.34117E-1
4.10522E-1 4.09636E-1 4.02231E-1 4.19857E-1 4.18429E-1 4.06459E-1 4.00446E-1 4.07332E-1 4.32213E-1 4.09072E-1 4.56322E-1 4.62876E-1 4.38019E-1 4.26021E-1 4.44233E-1 4.19221E-1 3.87526E-1 3.97515E-1 4.07167E-1 5.44904E-1 4.76935E-1 4.21463E-1 4.1321E-1 4.20733E-1 4.44793E-1 4.54675E-1 4.63133E-1 4.50744E-1 4.39609E-1 4.41312E-1 4.41619E-1 4.21065E-1 4.22836E-1 4.38116E-1 4.26618E-1 4.27431E-1 4.30566E-1 4.3197E-1 4.39495E-1 4.39289E-1 4.37092E-1 4.34439E-1 4.31833E-1 4.31444E-1 4.30184E-1 4.29852E-1 4.24138E-1 4.24611E-1 4.3164E-1 4.51494E-1 4.52115E-1 4.3463E-1 4.30354E-1 4.42587E-1 4.35849E-1 4.30526E-1 4.33695E-1 4.34104E-1 4.36148E-1 4.35269E-1 4.37216E-1
4.19057E-1 3.98917E-1 4.00926E-1 4.09802E-1 4.16483E-1 4.23559E-1 4.02531E-1 4.11322E-1 4.06156E-1 3.80203E-1 4.45541E-1 4.70913E-1 4.3401E-1 4.25409E-1 4.39045E-1 4.04337E-1 3.79418E-1 3.81476E-1 4.10959E-1 5.5125E-1 4.60912E-1 4.33965E-1 4.31438E-1 4.32609E-1 4.30531E-1 4.36312E-1 4.49345E-1 4.45401E-1 4.36526E-1 4.36746E-1 4.33724E-1 4.28219E-1 4.22107E-1 4.33482E-1 4.33248E-1 4.24251E-1 4.2382E-1 4.31441E-1 4.39646E-1 4.37187E-1 4.34555E-1 4.43356E-1 4.40494E-1 4.3444E-1 4.32817E-1 4.29869E-1 4.27534E-1 4.30331E-1 4.33078E-1 4.48823E-1 4.57584E-1 4.48219E-1 4.36425E-1 4.28428E-1 4.32771E-1 4.30284E-1 4.3816E-1 4.39577E-1 4.41137E-1 4.3909E-1 4.40649E-1
4.49793E-1 4.37359E-1 4.34551E-1 4.17996E-1 3.97893E-1 3.86725E-1 4.00748E-1 4.08943E-1 4.06748E-1 4.0548E-1 4.57635E-1 4.51711E-1 4.33203E-1 4.19719E-1 4.23508E-1 4.4637E-1 3.80704E-1 3.75117E-1 4.31515E-1 4.65308E-1 4.70707E-1 4.4224E-1 4.57458E-1 4.50631E-1 4.3987E-1 4.68514E-1 4.47488E-1 4.43133E-1 4.45009E-1 4.4067E-1 4.29811E-1 4.27491E-1 4.26751E-1 4.23661E-1 4.25839E-1 4.23825E-1 4.22532E-1 4.25398E-1 4.38265E-1 4.36585E-1 4.35673E-1 4.37626E-1 4.35891E-1 4.37332E-1 4.38151E-1 4.414E-1 4.39901E-1 4.43142E-1 4.44515E-1 4.41645E-1 4.44044E-1 4.58419E-1 4.44977E-1 4.42187E-1 4.47027E-1 4.43524E-1 4.46933E-1 4.46767E-1 4.50015E-1 4.51772E-1 4.54531E-1
4.85283E-1 4.45255E-1 4.37863E-1 4.29218E-1 4.19552E-1 4.00692E-1 4.07509E-1 4.23049E-1 4.11774E-1 4.33042E-1 4.92652E-1 4.56003E-1 4.26051E-1 4.51495E-1 4.42899E-1 4.08573E-1 3.90988E-1 3.97295E-1 4.53978E-1 4.44358E-1 4.66375E-1 4.32855E-1 4.56161E-1 4.95358E-1 4.81155E-1 4.72423E-1 4.52038E-1 4.31873E-1 4.27803E-1 4.34008E-1 4.26336E-1 4.2101E-1 4.15686E-1 4.23245E-1 4.33033E-1 4.3877E-1 4.27626E-1 4.24479E-1 4.28201E-1 4.30083E-1 4.28213E-1 4.30261E-1 4.34415E-1 4.37352E-1 4.42598E-1 4.45079E-1 4.50009E-1 4.59874E-1 4.5915E-1 4.50837E-1 4.56E-1 4.63521E-1 4.46145E-1 4.46543E-1 4.49841E-1 4.4864E-1 4.52393E-1 4.53598E-1 4.59668E-1 4.65054E-1 4.61543E-1
5.49464E-1 5.04619E-1 4.6659E-1 4.41673E-1 4.41542E-1 4.39882E-1 4.65474E-1 4.72499E-1 4.76661E-1 4.23277E-1 4.28682E-1 3.88303E-1 3.83985E-1 4.19808E-1 4.70155E-1 4.50999E-1 4.10176E-1 4.18215E-1 4.35603E-1 3.98135E-1 4.4896E-1 4.29911E-1 4.29289E-1 4.51938E-1 4.6559E-1 4.64044E-1 4.45011E-1 4.28531E-1 4.21982E-1 4.21392E-1 4.12651E-1 4.0898E-1 4.05396E-1 4.11833E-1 4.26702E-1 4.37867E-1 4.36222E-1 4.36509E-1 4.39722E-1 4.40081E-1 4.39362E-1 4.36463E-1 4.40023E-1 4.4197E-1 4.41919E-1 4.46028E-1 4.55966E-1 4.60825E-1 4.62361E-1 4.59978E-1 4.54471E-1 4.72918E-1 4.68297E-1 4.57318E-1 4.56801E-1 4.56637E-1 4.58825E-1 4.54727E-1 4.66302E-1 4.62274E-1 4.61906E-1
6.08699E-1 5.096E-1 5.04743E-1 5.25967E-1 4.44885E-1 4.42538E-1 4.3522E-1 4.40223E-1 4.07145E-1 3.84432E-1 3.88136E-1 3.91105E-1 4.79493E-1 4.80992E-1 4.89289E-1 4.89102E-1 4.09217E-1 3.98665E-1 3.82046E-1 4.00449E-1 4.51838E-1 4.41928E-1 4.10785E-1 4.41264E-1 4.65261E-1 4.42254E-1 4.3267E-1 4.25081E-1 4.18502E-1 4.11258E-1 4.1346E-1 4.07213E-1 3.95243E-1 4.09119E-1 4.2571E-1 4.41226E-1 4.41831E-1 4.41271E-1 4.40226E-1 4.363E-1 4.31884E-1 4.32771E-1 4.38538E-1 4.37311E-1 4.40267E-1 4.4485E-1 4.54259E-1 4.57237E-1 4.56919E-1 4.60895E-1 4.64539E-1 4.74854E-1 4.79235E-1 4.66465E-1 4.6447E-1 4.64851E-1 4.55249E-1 4.57814E-1 4.58686E-1 4.57257E-1 4.6036E-1
5.41781E-1 5.02947E-1 5.04279E-1 4.83112E-1 4.67302E-1 4.26695E-1 4.6111E-1 4.69152E-1 3.89223E-1 4.15794E-1 4.39298E-1 4.29505E-1 4.61873E-1 5.12246E-1 4.24516E-1 3.99703E-1 3.80234E-1 3.72243E-1 3.71619E-1 4.4425E-1 4.74749E-1 4.35395E-1 4.23693E-1 4.84438E-1 4.76999E-1 4.55978E-1 4.45333E-1 4.27484E-1 4.21449E-1 4.11117E-1 3.97646E-1 3.88246E-1 3.96842E-1 4.05903E-1 4.07137E-1 4.30546E-1 4.34873E-1 4.3255E-1 4.31996E-1 4.30045E-1 4.33137E-1 4.39011E-1 4.44644E-1 4.48117E-1 4.45517E-1 4.46488E-1 4.51715E-1 4.56413E-1 4.59433E-1 4.63415E-1 4.73787E-1 4.78728E-1 4.89218E-1 4.76122E-1 4.7621E-1 4.56459E-1 4.56727E-1 4.65486E-1 4.62524E-1 4.66422E-1 4.72207E-1
5.03136E-1 5.5021E-1 5.18766E-1 4.89813E-1 4.48954E-1 4.61663E-1 4.55611E-1 4.43236E-1 4.27168E-1 4.17393E-1 4.0815E-1 4.56359E-1 4.39939E-1 5.3883E-1 4.263E-1 3.74692E-1 3.74476E-1 3.70414E-1 3.67959E-1 4.54302E-1 4.35161E-1 4.20712E-1 4.54489E-1 4.90318E-1 4.66312E-1 5.19328E-1 5.16668E-1 4.49897E-1 4.21624E-1 4.09987E-1 3.98889E-1 3.76455E-1 3.98549E-1 4.04292E-1 4.10014E-1 4.21227E-1 4.2884E-1 4.29299E-1 4.2668E-1 4.30739E-1 4.38401E-1 4.4652E-1 4.51313E-1 4.56467E-1 4.56169E-1 4.53934E-1 4.70964E-1 4.65013E-1 4.60606E-1 4.6751E-1 4.78893E-1 4.78768E-1 4.70276E-1 4.64063E-1 4.61429E-1 4.53766E-1 4.53959E-1 4.7033E-1 4.63877E-1 4.67293E-1 4.71229E-1
4.82795E-1 4.88076E-1 4.74506E-1 4.60411E-1 4.19373E-1 5.15233E-1 5.10541E-1 4.30559E-1 4.57372E-1 4.18599E-1 4.57082E-1 4.62837E-1 4.61536E-1 4.40695E-1 4.03358E-1 4.07411E-1 3.80829E-1 4.04454E-1 4.2558E-1 4.43415E-1 4.18895E-1 4.40147E-1 5.15488E-1 5.77851E-1 4.85414E-1 4.87757E-1 4.64642E-1 4.55501E-1 4.34034E-1 4.13926E-1 4.06273E-1 3.91573E-1 3.96269E-1 3.9991E-1 4.16306E-1 4.32836E-1 4.28766E-1 4.30616E-1 4.30273E-1 4.35129E-1 4.3912E-1 4.45097E-1 4.54275E-1 4.55803E-1 4.52308E-1 4.53517E-1 4.59734E-1 4.61294E-1 4.69009E-1 4.73603E-1 4.68946E-1 4.67068E-1 4.59035E-1 4.58101E-1 4.68269E-1 4.62384E-1 4.64794E-1 4.75318E-1 4.68649E-1 4.75682E-1 4.76761E-1
4.80807E-1 4.70292E-1 4.56608E-1 4.62108E-1 4.45983E-1 5.08009E-1 5.26982E-1 4.77655E-1 4.29079E-1 4.23456E-1 5.08532E-1 4.78428E-1 4.4449E-1 4.05108E-1 3.94557E-1 4.13418E-1 4.07324E-1 4.77685E-1 4.8253E-1 4.12054E-1 4.0774E-1 4.30773E-1 5.02129E-1 5.39344E-1 5.25268E-1 4.88803E-1 4.67792E-1 4.57996E-1 4.47397E-1 4.24879E-1 4.08638E-1 3.99795E-1 3.97231E-1 4.01529E-1 4.17291E-1 4.35784E-1 4.33964E-1 4.35612E-1 4.36836E-1 4.40069E-1 4.42956E-1 4.51301E-1 4.53137E-1 4.54347E-1 4.55382E-1 4.5701E-1 4.63365E-1 4.6732E-1 4.68079E-1 4.77079E-1 4.67403E-1 4.66651E-1 4.60871E-1 4.61193E-1 4.65171E-1 4.70736E-1 4.72468E-1 4.8088E-1 4.80978E-1 4.86127E-1 4.87565E-1
4.72512E-1 4.70337E-1 4.47954E-1 4.64575E-1 4.29221E-1 4.08148E-1 4.21241E-1 4.67064E-1 4.52619E-1 4.55867E-1 5.26897E-1 4.96545E-1 4.4423E-1 4.01448E-1 4.09992E-1 4.0205E-1 4.0049E-1 4.71204E-1 4.47963E-1 3.88533E-1 3.98032E-1 4.25265E-1 4.89211E-1 5.55449E-1 5.328E-1 5.02806E-1 4.75376E-1 4.57748E-1 4.51473E-1 4.30402E-1 4.16302E-1 4.01658E-1 4.0237E-1 4.15206E-1 4.31946E-1 4.3642E-1 4.30427E-1 4.35597E-1 4.40283E-1 4.44925E-1 4.48891E-1 4.54279E-1 4.56685E-1 4.55359E-1 4.56129E-1 4.57702E-1 4.6368E-1 4.67721E-1 4.75424E-1 4.81367E-1 4.72028E-1 4.78232E-1 4.77227E-1 4.78275E-1 4.75674E-1 4.76903E-1 4.79108E-1 4.83252E-1 4.83272E-1 4.93963E-1 5.01222E-1
4.4185E-1 4.42633E-1 4.09389E-1 4.24014E-1 4.61723E-1 4.47306E-1 3.94986E-1 4.4176E-1 4.88592E-1 4.73499E-1 4.78973E-1 5.25683E-1 4.48743E-1 4.01522E-1 4.31272E-1 4.11194E-1 3.92727E-1 4.40206E-1 4.72349E-1 4.01524E-1 3.98471E-1 4.06393E-1 4.86594E-1 5.83802E-1 5.46458E-1 5.0426E-1 4.76954E-1 4.57416E-1 4.52907E-1 4.3918E-1 4.23645E-1 4.10877E-1 4.10332E-1 4.1797E-1 4.27855E-1 4.33795E-1 4.31981E-1 4.37583E-1 4.42371E-1 4.47235E-1 4.53418E-1 4.55388E-1 4.56248E-1 4.50916E-1 4.56857E-1 4.59871E-1 4.57348E-1 4.65262E-1 4.75634E-1 4.7733E-1 4.87208E-1 4.83627E-1 4.8805E-1 4.83498E-1 4.85261E-1 4.81651E-1 4.85462E-1 4.83167E-1 4.88724E-1 4.98091E-1 5.10736E-1
3.77199E-1 4.09189E-1 4.19627E-1 3.81681E-1 4.16783E-1 4.16492E-1 4.50134E-1 4.40582E-1 4.4145E-1 4.56089E-1 4.55107E-1 4.78973E-1 4.4468E-1 3.98773E-1 3.92289E-1 4.02407E-1 3.8483E-1 4.02724E-1 4.68937E-1 4.00977E-1 3.88305E-1 3.91444E-1 4.72008E-1 5.77629E-1 5.45689E-1 4.97056E-1 4.80584E-1 4.60099E-1 4.52344E-1 4.37076E-1 4.21173E-1 4.0936E-1 4.1433E-1 4.13718E-1 4.12701E-1 4.14663E-1 4.3096E-1 4.37971E-1 4.43979E-1 4.55785E-1 4.56265E-1 4.57134E-1 4.56638E-1 4.52005E-1 4.56226E-1 4.51149E-1 4.52998E-1 4.63371E-1 4.74135E-1 4.71572E-1 4.6095E-1 4.71283E-1 4.78889E-1 4.89317E-1 4.89999E-1 4.87459E-1 4.90048E-1 4.96301E-1 4.99575E-1 5.12082E-1 5.19103E-1
3.87387E-1 3.99406E-1 4.17391E-1 3.86717E-1 3.78732E-1 3.82908E-1 4.37645E-1 4.71694E-1 4.25115E-1 4.06954E-1 4.20825E-1 4.53828E-1 4.20813E-1 3.94636E-1 4.1319E-1 4.20218E-1 3.91275E-1 3.81589E-1 4.56629E-1 4.30696E-1 3.85401E-1 3.95692E-1 4.2065E-1 5.01898E-1 5.12989E-1 4.82666E-1 4.68468E-1 4.83036E-1 4.68773E-1 4.55168E-1 4.36137E-1 4.20441E-1 4.14464E-1 4.05498E-1 4.18802E-1 4.22121E-1 4.28087E-1 4.36758E-1 4.41608E-1 4.51595E-1 4.51977E-1 4.57866E-1 4.59001E-1 4.56606E-1 4.51807E-1 4.48616E-1 4.45427E-1 4.49584E-1 4.65154E-1 4.64698E-1 4.58629E-1 4.6276E-1 4.68811E-1 4.86586E-1 4.97656E-1 5.02047E-1 5.04141E-1 5.01368E-1 5.06049E-1 5.1903E-1 5.32291E-1
4.07813E-1 3.73163E-1 3.88546E-1 4.29449E-1 3.69125E-1 3.74004E-1 4.23453E-1 4.49386E-1 4.22117E-1 4.03114E-1 3.88291E-1 4.23905E-1 4.03931E-1 3.93525E-1 4.11909E-1 4.04136E-1 4.07552E-1 4.03684E-1 4.67995E-1 4.09458E-1 3.9331E-1 4.11461E-1 4.27199E-1 4.33412E-1 4.35947E-1 4.56657E-1 4.45267E-1 4.72105E-1 4.84727E-1 4.71059E-1 4.61843E-1 4.60417E-1 4.29341E-1 4.14663E-1 4.20692E-1 4.28674E-1 4.33144E-1 4.34425E-1 4.41814E-1 4.42156E-1 4.47883E-1 4.59271E-1 4.64995E-1 4.61536E-1 4.59374E-1 4.54936E-1 4.51466E-1 4.46117E-1 4.49797E-1 4.5857E-1 4.644E-1 4.58548E-1 4.64957E-1 4.79073E-1 5.01042E-1 5.126E-1 5.26872E-1 5.23711E-1 5.24298E-1 5.30378E-1 5.42248E-1
4.81522E-1 4.12255E-1 3.81991E-1 4.10351E-1 3.80625E-1 4.0271E-1 3.81569E-1 4.04164E-1 4.0177E-1 4.01516E-1 3.90415E-1 3.92132E-1 3.98945E-1 3.85241E-1 3.83183E-1 3.86722E-1 3.8491E-1 4.07267E-1 4.65331E-1 4.11965E-1 3.9161E-1 4.05479E-1 4.3172E-1 4.36983E-1 4.19143E-1 4.17175E-1 4.37335E-1 4.1794E-1 4.81631E-1 5.0058E-1 4.82952E-1 4.71877E-1 4.22828E-1 4.06029E-1 4.19815E-1 4.26523E-1 4.35664E-1 4.32056E-1 4.32468E-1 4.32836E-1 4.39149E-1 4.53378E-1 4.64033E-1 4.6484E-1 4.58226E-1 4.54208E-1 4.5321E-1 4.55497E-1 4.60427E-1 4.71315E-1 4.694E-1 4.66468E-1 4.64874E-1 4.8001E-1 5.07484E-1 5.10632E-1 5.15705E-1 5.2912E-1 5.42731E-1 5.42548E-1 5.5028E-1
4.31358E-1 4.6462E-1 4.51331E-1 3.93281E-1 3.97614E-1 4.13976E-1 3.98002E-1 3.89672E-1 4.01182E-1 4.03471E-1 3.89256E-1 3.91685E-1 4.5014E-1 3.92111E-1 3.98791E-1 4.03185E-1 3.85883E-1 3.89795E-1 4.00854E-1 3.90315E-1 3.86158E-1 4.13461E-1 4.40068E-1 4.29964E-1 4.49756E-1 4.29275E-1 4.12852E-1 4.08697E-1 4.92686E-1 5.37119E-1 4.93184E-1 4.26254E-1 4.04593E-1 3.9178E-1 4.06223E-1 4.13275E-1 4.20103E-1 4.1803E-1 4.15778E-1 4.25203E-1 4.39178E-1 4.55946E-1 4.60879E-1 4.66781E-1 4.64642E-1 4.67017E-1 4.59549E-1 4.6036E-1 4.63099E-1 4.76222E-1 4.77002E-1 4.74386E-1 4.78601E-1 4.78598E-1 5.06616E-1 5.0539E-1 5.06069E-1 5.04992E-1 5.185E-1 5.34321E-1 5.45326E-1
4.08072E-1 4.72562E-1 5.12239E-1 4.14499E-1 4.23738E-1 4.07809E-1 4.04456E-1 4.24777E-1 4.2009E-1 4.36929E-1 4.12435E-1 4.31127E-1 4.05536E-1 3.93912E-1 4.17903E-1 4.17253E-1 3.92024E-1 3.81548E-1 4.19717E-1 4.33443E-1 3.89661E-1 4.17834E-1 4.42065E-1 4.23845E-1 4.27209E-1 4.34654E-1 4.0484E-1 3.89865E-1 4.90307E-1 5.11468E-1 4.49427E-1 4.19811E-1 4.11116E-1 4.05361E-1 3.93092E-1 4.01066E-1 4.09695E-1 4.19387E-1 4.10699E-1 4.18743E-1 4.31728E-1 4.58268E-1 4.6179E-1 4.73274E-1 4.76677E-1 4.74388E-1 4.69353E-1 4.68046E-1 4.71289E-1 4.71864E-1 4.71988E-1 4.72282E-1 4.84436E-1 4.97829E-1 4.94477E-1 4.94482E-1 4.96329E-1 5.00992E-1 5.09437E-1 5.36886E-1 5.53494E-1
4.36416E-1 4.77949E-1 5.01863E-1 4.16875E-1 4.48336E-1 4.15577E-1 4.17555E-1 4.233E-1 4.33844E-1 4.31025E-1 4.25386E-1 4.14184E-1 4.07081E-1 4.03813E-1 4.00885E-1 3.91243E-1 3.84315E-1 3.8097E-1 4.13764E-1 4.33638E-1 3.93799E-1 3.93708E-1 4.312E-1 4.19953E-1 4.06219E-1 4.05273E-1 4.05494E-1 3.97612E-1 4.18214E-1 4.82266E-1 4.5896E-1 4.37672E-1 4.26987E-1 4.04248E-1 3.9684E-1 3.91292E-1 4.0134E-1 4.06403E-1 4.09171E-1 4.11554E-1 4.23107E-1 4.3084E-1 4.50166E-1 4.66455E-1 4.70615E-1 4.72857E-1 4.72632E-1 4.70327E-1 4.64127E-1 4.70045E-1 4.70202E-1 4.71959E-1 4.75265E-1 4.89293E-1 5.01739E-1 5.12203E-1 5.03355E-1 5.04327E-1 5.0956E-1 5.25256E-1 5.42334E-1
4.20601E-1 4.60925E-1 4.23582E-1 4.41986E-1 4.2743E-1 4.7545E-1 4.37542E-1 4.37752E-1 4.27187E-1 4.13497E-1 4.4281E-1 4.21408E-1 4.12761E-1 4.02576E-1 3.90217E-1 3.91398E-1 3.85959E-1 3.90542E-1 3.98801E-1 4.00613E-1 3.85583E-1 3.72759E-1 3.86711E-1 4.17847E-1 4.19016E-1 4.11441E-1 4.16954E-1 4.41695E-1 4.07587E-1 4.6766E-1 4.78425E-1 4.42309E-1 4.31501E-1 4.1771E-1 4.12354E-1 4.06548E-1 3.99258E-1 4.07274E-1 4.09669E-1 4.0818E-1 4.14583E-1 4.19921E-1 4.31775E-1 4.45357E-1 4.67515E-1 4.74153E-1 4.73683E-1 4.67371E-1 4.66757E-1 4.6826E-1 4.66636E-1 4.77766E-1 4.88433E-1 4.91136E-1 4.90534E-1 5.01513E-1 4.9687E-1 5.00777E-1 5.09624E-1 5.27708E-1 5.36032E-1
