maxent_outputs/white_flowers_linear/white_38.asc
ncols         426
nrows         180
xllcorner     -130.0
yllcorner     24.0
cellsize      0.16666666666666666
NODATA_value  -9999
[rows 54 to 80 of 180, columns 122 to 182 of 426]
1.44774E-2 1.13596E-2 4.71831E-2 5.30766E-2 5.09375E-2 4.18406E-2 4.35816E-2 4.64116E-2 5.51203E-2 3.76494E-2 1.64871E-2 1.92428E-2 3.09591E-2 4.0648E-2 5.31617E-2 5.56967E-2 6.16428E-2 6.07924E-2 6.02436E-2 6.26042E-2 5.88627E-2 6.53894E-2 6.62831E-2 6.27582E-2 6.26616E-2 7.03018E-2 6.8684E-2 6.17024E-2 6.41685E-2 6.96603E-2 7.22351E-2 7.85208E-2 8.38512E-2 9.06352E-2 9.55521E-2 9.14247E-2 8.76704E-2 8.37389E-2 8.35617E-2 8.25408E-2 8.1806E-2 7.63866E-2 7.50293E-2 7.93843E-2 8.18682E-2 8.05873E-2 7.96475E-2 7.79337E-2 7.9852E-2 8.42239E-2 8.85962E-2 9.3816E-2 9.64433E-2 9.68285E-2 9.4113E-2 9.48343E-2 7.59325E-2 7.04676E-2 6.85282E-2 6.81624E-2 6.57049E-2
1.85592E-2 2.45931E-2 4.44103E-2 5.61816E-2 5.03865E-2 4.73496E-2 4.50527E-2 4.31945E-2 4.81557E-2 4.91343E-2 2.6752E-2 1.29259E-2 1.34382E-2 1.83813E-2 4.08869E-2 5.47526E-2 5.85101E-2 5.73438E-2 5.26222E-2 5.55028E-2 6.32589E-2 6.71778E-2 6.38857E-2 6.09764E-2 6.0422E-2 6.66627E-2 6.4243E-2 5.88481E-2 6.01184E-2 5.95337E-2 6.2878E-2 6.85302E-2 8.50041E-2 9.64164E-2 1.02413E-1 1.01203E-1 9.70959E-2 8.84056E-2 8.08921E-2 8.06816E-2 8.03916E-2 8.54037E-2 8.8533E-2 9.11589E-2 8.90918E-2 9.12835E-2 9.42578E-2 9.49261E-2 9.10369E-2 9.70469E-2 1.01435E-1 1.0387E-1 1.06087E-1 1.11034E-1 1.14755E-1 8.78397E-2 8.18425E-2 7.78981E-2 7.50895E-2 7.15734E-2 6.96049E-2
1.48404E-2 2.1239E-2 2.90563E-2 5.17572E-2 4.67916E-2 4.49485E-2 4.13923E-2 3.76105E-2 3.86398E-2 4.27434E-2 4.27063E-2 3.59572E-2 1.8394E-2 1.08746E-2 1.64617E-2 3.0277E-2 5.02562E-2 5.22098E-2 4.94467E-2 5.64017E-2 6.04514E-2 6.60728E-2 6.17018E-2 6.01312E-2 6.32711E-2 6.24051E-2 6.06527E-2 5.33992E-2 5.1636E-2 5.22975E-2 5.16409E-2 5.19005E-2 6.87168E-2 8.73542E-2 9.9302E-2 9.91857E-2 1.03282E-1 1.0524E-1 1.04388E-1 1.02221E-1 1.00271E-1 9.19807E-2 9.26123E-2 1.01228E-1 1.03507E-1 1.06729E-1 1.06684E-1 1.0966E-1 1.07312E-1 1.02835E-1 9.67407E-2 9.67691E-2 9.78066E-2 9.74779E-2 1.25547E-1 9.83349E-2 8.74504E-2 8.45547E-2 8.3282E-2 7.82033E-2 7.42288E-2
1.988E-2 2.85418E-2 3.90987E-2 4.70907E-2 4.96188E-2 4.58324E-2 4.16051E-2 4.0112E-2 4.12372E-2 4.00174E-2 4.04409E-2 4.30671E-2 2.88912E-2 1.32958E-2 8.49405E-3 1.13822E-2 3.42334E-2 5.00817E-2 5.48865E-2 5.87831E-2 6.17072E-2 6.32742E-2 5.73968E-2 5.58841E-2 6.13715E-2 5.79569E-2 5.72114E-2 5.12975E-2 4.80686E-2 4.99855E-2 4.62358E-2 4.06422E-2 5.00369E-2 5.31835E-2 5.69217E-2 6.90137E-2 8.60343E-2 1.04107E-1 1.13207E-1 1.19887E-1 1.21468E-1 1.14267E-1 1.13591E-1 1.16582E-1 1.16111E-1 1.14561E-1 1.0443E-1 9.87394E-2 9.93223E-2 9.36143E-2 9.08988E-2 9.87634E-2 9.67097E-2 1.0136E-1 1.13774E-1 1.16151E-1 9.50897E-2 8.89037E-2 8.66771E-2 7.80028E-2 7.20751E-2
1.88249E-2 2.04481E-2 1.63726E-2 2.25618E-2 3.38196E-2 3.90808E-2 4.08353E-2 4.20926E-2 4.16408E-2 4.19736E-2 4.02325E-2 4.16136E-2 4.40467E-2 2.63815E-2 1.20326E-2 9.90336E-3 2.36671E-2 4.73981E-2 5.47681E-2 5.83441E-2 6.02461E-2 6.30604E-2 5.47224E-2 5.06939E-2 5.14293E-2 5.38414E-2 5.30749E-2 5.35114E-2 5.13846E-2 4.94241E-2 4.64733E-2 4.16875E-2 3.91594E-2 3.36863E-2 3.14576E-2 3.78555E-2 5.44485E-2 8.67337E-2 1.09734E-1 1.15617E-1 1.19521E-1 1.18212E-1 1.14948E-1 1.14238E-1 1.09928E-1 9.90281E-2 9.12949E-2 9.44039E-2 9.78088E-2 9.96828E-2 1.01182E-1 1.09616E-1 1.11941E-1 1.13449E-1 1.10564E-1 1.0321E-1 9.95343E-2 9.83711E-2 9.8678E-2 8.82385E-2 8.4261E-2
1.29561E-2 1.3723E-2 1.7933E-2 2.41257E-2 2.77397E-2 3.5514E-2 3.87869E-2 3.9661E-2 3.92767E-2 4.05766E-2 4.02283E-2 4.1076E-2 4.13983E-2 3.76824E-2 2.22065E-2 1.49507E-2 2.29146E-2 5.18155E-2 5.55068E-2 5.46191E-2 5.92701E-2 6.10643E-2 5.51109E-2 4.89018E-2 5.17407E-2 5.67157E-2 5.44875E-2 5.40942E-2 4.94631E-2 5.02303E-2 5.13964E-2 4.90221E-2 3.90777E-2 3.11717E-2 2.58752E-2 3.91823E-2 5.5945E-2 7.91313E-2 1.08729E-1 1.11724E-1 1.12146E-1 1.12113E-1 1.12948E-1 1.17561E-1 1.01468E-1 9.84758E-2 1.0431E-1 1.0629E-1 1.10508E-1 1.10768E-1 1.09253E-1 1.13221E-1 1.12661E-1 1.11596E-1 9.89747E-2 9.1436E-2 9.20412E-2 9.13043E-2 9.8558E-2 1.00796E-1 1.02471E-1
8.31982E-3 7.18992E-3 1.00995E-2 1.95617E-2 2.1334E-2 2.68293E-2 3.64193E-2 3.86034E-2 4.08622E-2 3.89016E-2 3.92249E-2 4.06956E-2 4.25144E-2 3.77965E-2 3.09939E-2 1.87008E-2 2.67517E-2 4.88215E-2 5.1669E-2 5.13029E-2 5.64437E-2 5.90489E-2 5.40627E-2 4.94535E-2 5.28246E-2 5.50914E-2 5.1263E-2 5.04306E-2 5.20517E-2 5.3843E-2 5.73644E-2 5.93296E-2 5.4357E-2 4.38209E-2 2.80081E-2 2.99394E-2 5.23259E-2 7.75377E-2 1.02156E-1 1.08793E-1 1.11113E-1 1.13062E-1 1.14575E-1 1.15893E-1 1.12494E-1 1.0816E-1 1.06642E-1 1.09552E-1 1.12451E-1 1.09307E-1 1.08471E-1 1.09775E-1 1.07976E-1 1.02036E-1 1.0018E-1 1.00665E-1 1.02656E-1 1.02363E-1 1.0085E-1 9.83241E-2 9.03389E-2
1.50515E-2 1.24491E-2 9.41731E-3 1.49853E-2 2.01518E-2 2.97445E-2 3.47515E-2 3.89782E-2 3.88775E-2 3.76462E-2 4.11984E-2 4.13673E-2 4.20211E-2 3.91813E-2 3.06509E-2 2.15016E-2 3.61968E-2 5.0345E-2 5.21112E-2 5.37299E-2 5.90869E-2 5.47712E-2 4.69948E-2 4.92483E-2 4.92858E-2 5.34596E-2 5.77048E-2 5.77271E-2 5.88642E-2 6.04868E-2 6.06088E-2 6.19134E-2 6.35114E-2 5.84158E-2 4.1868E-2 4.14785E-2 5.258E-2 7.77064E-2 1.03033E-1 1.04204E-1 1.05635E-1 1.12621E-1 1.09624E-1 1.11626E-1 1.17105E-1 1.18501E-1 1.23458E-1 1.24894E-1 1.23098E-1 1.19026E-1 1.17537E-1 1.10023E-1 1.14156E-1 1.1797E-1 1.17664E-1 1.14195E-1 1.12879E-1 1.11958E-1 1.09135E-1 1.13571E-1 1.11969E-1
1.81806E-2 1.85998E-2 1.50427E-2 1.77033E-2 2.23505E-2 2.04859E-2 2.31833E-2 3.33425E-2 3.52095E-2 3.44005E-2 3.44694E-2 3.29259E-2 3.2011E-2 3.0783E-2 2.2309E-2 2.03136E-2 3.64294E-2 4.55253E-2 4.87622E-2 5.2248E-2 4.96725E-2 4.94708E-2 4.63826E-2 4.60509E-2 5.1601E-2 5.46406E-2 5.97274E-2 6.13197E-2 6.47841E-2 6.47928E-2 6.67079E-2 6.77258E-2 6.76023E-2 6.78192E-2 6.09323E-2 5.55725E-2 6.16743E-2 9.23917E-2 1.0105E-1 1.05919E-1 1.07849E-1 1.07969E-1 1.09868E-1 1.13883E-1 1.18874E-1 1.14543E-1 1.1792E-1 1.24964E-1 1.19928E-1 1.18019E-1 1.18333E-1 1.17248E-1 1.22416E-1 1.26466E-1 1.16529E-1 1.15971E-1 1.19232E-1 1.19522E-1 1.16292E-1 1.12311E-1 1.14925E-1
1.43614E-2 2.72396E-2 3.80629E-2 4.04879E-2 3.89818E-2 3.45915E-2 3.38597E-2 3.16931E-2 3.13588E-2 3.0616E-2 2.63952E-2 2.73171E-2 2.55944E-2 1.98482E-2 1.6732E-2 2.60783E-2 3.56179E-2 4.2459E-2 4.0737E-2 4.36267E-2 4.36991E-2 3.78232E-2 4.34594E-2 4.95062E-2 5.58761E-2 5.86821E-2 6.34006E-2 6.35824E-2 6.51889E-2 6.86324E-2 7.36532E-2 7.29789E-2 7.29743E-2 7.12692E-2 7.26187E-2 6.99245E-2 7.79004E-2 9.68548E-2 9.99737E-2 9.96676E-2 1.01016E-1 1.00088E-1 1.04593E-1 1.06914E-1 1.03587E-1 9.97567E-2 1.05113E-1 1.09748E-1 1.03346E-1 1.09343E-1 1.0804E-1 1.13193E-1 1.22027E-1 1.18902E-1 1.0623E-1 1.12555E-1 1.15577E-1 1.14157E-1 1.12858E-1 1.08943E-1 1.10293E-1
7.45422E-3 1.26513E-2 2.43725E-2 3.59802E-2 3.66953E-2 3.53597E-2 3.34308E-2 3.30468E-2 3.34483E-2 3.27485E-2 3.20104E-2 2.99212E-2 2.7891E-2 2.59288E-2 2.64113E-2 3.31266E-2 3.85787E-2 3.9676E-2 3.69466E-2 3.78709E-2 3.98974E-2 3.81767E-2 3.91228E-2 4.78833E-2 5.77696E-2 6.14467E-2 6.14037E-2 6.12615E-2 6.7387E-2 7.30681E-2 7.49724E-2 7.42469E-2 7.13093E-2 7.1259E-2 7.66878E-2 7.75073E-2 8.41386E-2 8.60625E-2 8.69579E-2 9.38068E-2 9.98627E-2 1.00716E-1 1.00695E-1 9.91556E-2 8.74365E-2 8.66175E-2 8.87469E-2 9.57093E-2 9.86474E-2 9.49061E-2 9.35202E-2 1.06005E-1 1.14749E-1 1.02045E-1 9.96693E-2 1.01327E-1 1.0179E-1 9.89957E-2 1.00052E-1 9.9667E-2 1.0286E-1
7.20434E-3 9.1893E-3 1.41802E-2 2.49116E-2 3.11433E-2 3.3086E-2 3.18987E-2 3.22314E-2 3.19439E-2 3.2351E-2 3.21642E-2 3.04049E-2 2.9503E-2 2.77667E-2 2.88308E-2 3.18346E-2 3.31774E-2 3.41184E-2 3.47762E-2 3.45527E-2 3.58441E-2 3.51392E-2 3.79492E-2 4.26555E-2 5.05541E-2 5.83072E-2 6.4908E-2 6.68531E-2 6.56372E-2 6.88053E-2 6.94844E-2 7.19002E-2 6.67082E-2 7.31326E-2 7.68234E-2 7.90689E-2 7.78817E-2 7.41614E-2 8.10255E-2 8.75238E-2 9.20314E-2 9.34143E-2 8.74188E-2 8.61466E-2 8.43226E-2 8.5279E-2 8.49432E-2 9.04789E-2 9.57325E-2 9.6547E-2 9.72381E-2 9.97008E-2 9.44813E-2 9.42746E-2 9.63759E-2 9.90386E-2 1.01582E-1 1.04492E-1 1.06946E-1 1.04755E-1 1.04122E-1
9.63666E-3 7.04339E-3 8.42806E-3 1.56196E-2 2.58425E-2 3.01661E-2 3.14723E-2 3.10756E-2 3.10815E-2 3.08172E-2 3.12256E-2 3.0134E-2 2.8653E-2 2.64908E-2 3.11031E-2 3.10517E-2 3.08722E-2 3.28661E-2 3.62846E-2 4.1536E-2 4.69539E-2 4.49814E-2 4.51653E-2 4.94747E-2 5.19323E-2 5.03709E-2 5.44937E-2 5.8238E-2 5.53467E-2 5.60042E-2 5.5149E-2 5.93753E-2 6.12818E-2 6.77946E-2 7.90538E-2 7.82179E-2 7.69796E-2 7.7551E-2 8.57231E-2 9.10092E-2 9.0147E-2 8.57067E-2 8.28894E-2 7.87767E-2 8.10086E-2 8.2446E-2 8.4341E-2 8.63007E-2 9.03448E-2 9.23961E-2 9.15613E-2 9.27408E-2 9.67453E-2 9.92201E-2 1.01524E-1 1.05261E-1 1.04772E-1 1.05721E-1 1.06537E-1 1.0958E-1 1.14084E-1
1.19592E-2 1.09557E-2 7.9987E-3 8.73043E-3 1.56866E-2 2.46634E-2 2.84581E-2 2.89466E-2 2.93917E-2 2.3384E-2 2.34001E-2 2.56179E-2 2.28245E-2 1.96534E-2 2.23488E-2 2.64251E-2 2.8224E-2 3.14239E-2 3.6421E-2 3.18743E-2 3.06649E-2 3.91551E-2 3.61801E-2 3.97056E-2 4.86009E-2 5.52342E-2 4.99092E-2 5.12065E-2 4.80885E-2 4.44818E-2 4.47204E-2 4.93637E-2 4.83983E-2 4.98318E-2 5.93517E-2 6.67055E-2 7.31453E-2 8.96567E-2 9.206E-2 8.93048E-2 8.37764E-2 7.6901E-2 7.61085E-2 7.82304E-2 8.18037E-2 8.11939E-2 7.94762E-2 8.26988E-2 8.70144E-2 9.10326E-2 9.33543E-2 9.59527E-2 9.99487E-2 1.02617E-1 1.02311E-1 1.00846E-1 1.04874E-1 1.13805E-1 1.2177E-1 1.20469E-1 1.21565E-1
1.18017E-2 1.17471E-2 1.29469E-2 1.08705E-2 1.09007E-2 1.58607E-2 2.0391E-2 2.49326E-2 2.25272E-2 2.15722E-2 2.35628E-2 2.43932E-2 2.40805E-2 2.44268E-2 2.65903E-2 2.83611E-2 2.59935E-2 3.19826E-2 3.39161E-2 2.88513E-2 2.03476E-2 2.11699E-2 2.37663E-2 2.75589E-2 4.3838E-2 5.58229E-2 5.10863E-2 5.40987E-2 5.38104E-2 4.70708E-2 4.66455E-2 5.90456E-2 5.25372E-2 5.24312E-2 5.43444E-2 5.62826E-2 6.56093E-2 7.58289E-2 7.44437E-2 7.3574E-2 7.46758E-2 8.00452E-2 7.78256E-2 7.54267E-2 7.52339E-2 7.42432E-2 7.51293E-2 7.8993E-2 8.2649E-2 8.64804E-2 9.11515E-2 9.41715E-2 9.7762E-2 9.68235E-2 9.72099E-2 1.00275E-1 1.04135E-1 1.06674E-1 1.12362E-1 1.16476E-1 1.09649E-1
1.22816E-2 1.22503E-2 1.24432E-2 1.18944E-2 1.23489E-2 1.38426E-2 1.42893E-2 1.69469E-2 1.95055E-2 2.04164E-2 2.14274E-2 2.25452E-2 2.41457E-2 2.73663E-2 2.77815E-2 2.74351E-2 2.85922E-2 2.57798E-2 2.31302E-2 2.47207E-2 1.78404E-2 1.59676E-2 1.647E-2 2.03604E-2 2.86962E-2 3.7882E-2 5.00361E-2 5.85144E-2 5.90491E-2 5.46411E-2 6.15862E-2 6.6242E-2 6.07364E-2 5.86416E-2 5.86509E-2 5.89995E-2 6.12384E-2 6.41314E-2 6.91489E-2 7.44558E-2 7.81687E-2 8.06593E-2 7.70374E-2 7.24134E-2 7.07288E-2 7.26945E-2 7.50604E-2 7.95846E-2 8.30608E-2 8.5297E-2 8.91374E-2 9.34898E-2 9.63858E-2 9.36213E-2 9.72211E-2 9.65377E-2 9.74891E-2 9.97148E-2 9.99131E-2 1.02814E-1 1.03007E-1
1.26465E-2 1.29064E-2 1.25915E-2 1.2832E-2 1.33084E-2 1.57609E-2 1.75543E-2 1.88569E-2 1.91672E-2 1.83354E-2 1.6302E-2 1.43062E-2 1.84068E-2 2.14989E-2 1.93262E-2 2.2267E-2 2.61974E-2 2.2837E-2 1.9317E-2 2.06123E-2 2.2173E-2 2.17674E-2 1.95146E-2 1.84849E-2 2.07111E-2 2.81194E-2 5.1525E-2 7.12036E-2 7.35282E-2 7.92142E-2 8.29941E-2 7.91174E-2 7.55954E-2 6.88097E-2 6.06431E-2 5.65878E-2 5.89556E-2 6.30323E-2 6.98375E-2 7.63069E-2 8.23402E-2 8.18932E-2 8.00646E-2 7.70796E-2 7.12084E-2 7.15067E-2 7.62681E-2 7.69377E-2 7.92793E-2 8.30387E-2 8.60878E-2 9.11674E-2 9.2664E-2 9.56241E-2 9.84139E-2 9.68692E-2 9.60501E-2 9.85235E-2 9.84092E-2 9.92371E-2 9.93788E-2
1.60649E-2 1.41592E-2 1.47482E-2 1.54264E-2 1.45837E-2 1.68437E-2 1.75262E-2 1.85876E-2 2.00841E-2 2.08407E-2 2.01316E-2 1.95652E-2 2.08511E-2 2.30851E-2 2.31699E-2 2.13143E-2 2.29447E-2 2.10966E-2 2.0203E-2 2.13286E-2 2.3072E-2 2.55839E-2 2.31649E-2 2.09777E-2 2.13919E-2 2.46085E-2 5.31741E-2 7.55003E-2 7.72372E-2 7.39162E-2 8.00592E-2 8.4208E-2 7.97159E-2 7.60425E-2 7.1932E-2 6.76502E-2 6.36263E-2 6.65656E-2 7.16534E-2 7.91793E-2 8.36058E-2 8.34338E-2 7.9892E-2 7.87695E-2 7.31239E-2 7.17784E-2 7.69551E-2 7.95696E-2 8.38866E-2 8.69473E-2 9.05128E-2 9.2769E-2 9.33042E-2 9.36637E-2 9.56076E-2 9.85576E-2 9.97069E-2 9.94433E-2 1.00939E-1 1.02958E-1 1.03092E-1
1.81582E-2 1.63606E-2 1.70922E-2 1.65911E-2 1.74262E-2 1.85357E-2 1.86352E-2 2.02423E-2 1.97638E-2 1.94279E-2 2.02317E-2 2.08419E-2 2.18739E-2 2.1721E-2 2.40594E-2 2.43035E-2 2.58993E-2 2.36868E-2 2.15839E-2 2.26769E-2 2.61579E-2 2.62731E-2 2.55611E-2 2.34617E-2 2.2713E-2 2.85628E-2 5.05558E-2 5.99351E-2 6.56813E-2 6.66099E-2 8.06724E-2 8.29636E-2 8.20473E-2 8.26736E-2 7.96678E-2 8.10606E-2 7.97449E-2 7.51396E-2 7.52032E-2 7.91183E-2 8.33643E-2 8.32086E-2 8.05452E-2 8.04319E-2 7.57449E-2 7.60377E-2 7.84053E-2 8.26178E-2 8.57643E-2 8.82789E-2 9.05417E-2 9.2838E-2 9.33796E-2 9.48533E-2 9.79839E-2 1.02372E-1 1.0346E-1 1.02273E-1 1.02174E-1 1.01694E-1 1.04073E-1
1.82488E-2 1.59643E-2 2.00957E-2 2.06698E-2 1.97792E-2 2.03708E-2 1.88389E-2 1.87056E-2 2.00914E-2 1.88575E-2 1.80377E-2 1.74847E-2 1.93412E-2 2.03238E-2 2.23957E-2 2.5662E-2 2.59452E-2 2.17782E-2 2.04791E-2 2.11766E-2 2.41735E-2 2.4433E-2 2.44561E-2 2.41062E-2 2.25918E-2 2.6801E-2 3.68027E-2 4.09822E-2 5.46952E-2 5.86943E-2 6.15564E-2 7.50846E-2 8.09515E-2 7.85043E-2 7.32229E-2 8.30836E-2 8.98279E-2 8.8888E-2 8.5771E-2 8.36881E-2 8.30243E-2 8.38425E-2 8.47873E-2 8.36651E-2 8.07875E-2 7.99772E-2 8.03595E-2 8.19907E-2 8.51476E-2 8.9414E-2 8.96835E-2 8.98573E-2 9.17055E-2 9.55306E-2 9.93584E-2 1.02617E-1 1.03526E-1 1.01159E-1 1.02736E-1 1.05728E-1 1.05839E-1
2.06136E-2 1.90821E-2 2.21664E-2 2.30084E-2 2.09795E-2 2.21493E-2 1.99613E-2 1.80996E-2 1.77128E-2 1.92157E-2 1.88658E-2 1.80041E-2 1.73237E-2 1.57612E-2 1.98029E-2 2.30462E-2 2.46397E-2 2.03952E-2 1.69657E-2 1.71764E-2 1.80994E-2 2.23287E-2 2.47144E-2 2.35854E-2 2.12419E-2 1.99012E-2 3.2332E-2 4.15567E-2 4.80285E-2 5.29506E-2 5.75747E-2 6.54166E-2 6.98242E-2 6.8482E-2 6.97537E-2 7.35256E-2 7.66458E-2 8.28682E-2 8.84085E-2 8.80825E-2 8.8143E-2 8.94014E-2 8.54779E-2 8.64502E-2 8.62379E-2 8.45907E-2 8.37921E-2 8.45977E-2 8.66215E-2 8.94761E-2 9.29268E-2 9.40708E-2 9.47007E-2 9.76953E-2 1.012E-1 1.00585E-1 1.0123E-1 1.01327E-1 1.04196E-1 1.1025E-1 1.12329E-1
2.21946E-2 2.15891E-2 2.07657E-2 1.92031E-2 2.10064E-2 1.80915E-2 1.80409E-2 1.73547E-2 1.78071E-2 1.90421E-2 2.07607E-2 2.07853E-2 1.85552E-2 1.50132E-2 1.51635E-2 1.64561E-2 1.95805E-2 1.96083E-2 1.55912E-2 1.20609E-2 9.8118E-3 1.80162E-2 2.44316E-2 2.32276E-2 2.19698E-2 1.79061E-2 2.81863E-2 3.59463E-2 4.0366E-2 4.48461E-2 4.94846E-2 5.5633E-2 5.64885E-2 5.74738E-2 6.16142E-2 6.38999E-2 6.8323E-2 7.35944E-2 7.50143E-2 7.92294E-2 8.16856E-2 8.52726E-2 8.99208E-2 9.21484E-2 9.50807E-2 9.29279E-2 9.17538E-2 9.08683E-2 9.15787E-2 9.37403E-2 9.95678E-2 1.03911E-1 1.02299E-1 1.01329E-1 1.00545E-1 1.00209E-1 1.02791E-1 1.04461E-1 1.06045E-1 1.12388E-1 1.1595E-1
2.37661E-2 1.98877E-2 1.80135E-2 1.67272E-2 1.91713E-2 1.64945E-2 1.63613E-2 1.8984E-2 2.00074E-2 2.00732E-2 2.01379E-2 2.09682E-2 2.05557E-2 1.48645E-2 1.46157E-2 1.37875E-2 1.56794E-2 1.78824E-2 1.60338E-2 1.28606E-2 1.12031E-2 1.75359E-2 2.49415E-2 2.56177E-2 2.32631E-2 1.7309E-2 2.45702E-2 3.45452E-2 4.00823E-2 4.45011E-2 4.92731E-2 5.45472E-2 5.77063E-2 6.00499E-2 6.2702E-2 6.6071E-2 6.96561E-2 7.20723E-2 7.51122E-2 7.82285E-2 8.11063E-2 8.48514E-2 8.82206E-2 8.93386E-2 9.34306E-2 9.84185E-2 1.00568E-1 1.00492E-1 1.02384E-1 1.02113E-1 1.05235E-1 1.08369E-1 1.08211E-1 1.0472E-1 1.01245E-1 1.01124E-1 9.88701E-2 1.03651E-1 1.12658E-1 1.17382E-1 1.1765E-1
2.65647E-2 2.07113E-2 1.70183E-2 1.56357E-2 1.58766E-2 1.78331E-2 1.83962E-2 1.96271E-2 1.9968E-2 1.99286E-2 2.03345E-2 2.01422E-2 1.99931E-2 1.66174E-2 1.49649E-2 1.41461E-2 1.23386E-2 1.37712E-2 1.44013E-2 1.39663E-2 1.34799E-2 1.5137E-2 2.15828E-2 2.5308E-2 2.20538E-2 2.09654E-2 2.48896E-2 3.49909E-2 4.44161E-2 4.79545E-2 5.2513E-2 5.5985E-2 5.81495E-2 5.69838E-2 5.85497E-2 6.31999E-2 6.78708E-2 7.29531E-2 7.87184E-2 7.88249E-2 8.13645E-2 8.68937E-2 9.16236E-2 9.49209E-2 9.7618E-2 9.94328E-2 1.01663E-1 1.04607E-1 1.05151E-1 1.04982E-1 1.05076E-1 1.05979E-1 1.06146E-1 1.10989E-1 1.12978E-1 1.1194E-1 1.0796E-1 1.07678E-1 1.07659E-1 1.14316E-1 1.22786E-1
2.31258E-2 2.17251E-2 2.24197E-2 2.15921E-2 1.67139E-2 1.96577E-2 2.05176E-2 1.87461E-2 1.96091E-2 2.12388E-2 2.10366E-2 2.08597E-2 2.0394E-2 1.75905E-2 1.40099E-2 1.3196E-2 1.26754E-2 9.62129E-3 1.16693E-2 1.16281E-2 1.16595E-2 1.25783E-2 1.50023E-2 1.48998E-2 2.16942E-2 3.18938E-2 3.93497E-2 5.18241E-2 5.38309E-2 5.59293E-2 5.83178E-2 6.02869E-2 5.72339E-2 5.47404E-2 5.9757E-2 6.5142E-2 7.53603E-2 7.93451E-2 7.92335E-2 8.22366E-2 8.62415E-2 9.17925E-2 9.50292E-2 9.6207E-2 9.78445E-2 9.72202E-2 1.00691E-1 1.0233E-1 1.03406E-1 1.01482E-1 1.02719E-1 1.03821E-1 1.02684E-1 1.03626E-1 1.10182E-1 1.15769E-1 1.18699E-1 1.21148E-1 1.20957E-1 1.19828E-1 1.21699E-1
1.26355E-2 1.28291E-2 1.47157E-2 2.01624E-2 2.55987E-2 2.4403E-2 2.0562E-2 1.85553E-2 1.97469E-2 2.07261E-2 1.9354E-2 1.89853E-2 1.8311E-2 1.54865E-2 1.42003E-2 1.23478E-2 1.2884E-2 9.48181E-3 1.00355E-2 1.04647E-2 1.02663E-2 1.00549E-2 1.14575E-2 1.14553E-2 2.20892E-2 3.45162E-2 5.06139E-2 5.90061E-2 5.74771E-2 6.10519E-2 6.26649E-2 6.22456E-2 6.05553E-2 6.00623E-2 6.60679E-2 7.13323E-2 7.54719E-2 7.83085E-2 8.15619E-2 8.63481E-2 8.62967E-2 8.54448E-2 8.56112E-2 8.98616E-2 9.63847E-2 9.97938E-2 1.03691E-1 1.03368E-1 1.05856E-1 1.04247E-1 1.03779E-1 1.07517E-1 1.08384E-1 1.12615E-1 1.15874E-1 1.14208E-1 1.12574E-1 1.17823E-1 1.25436E-1 1.31711E-1 1.32577E-1
1.93421E-2 2.03816E-2 1.87209E-2 2.14939E-2 2.42496E-2 2.20571E-2 2.1678E-2 2.15665E-2 1.95008E-2 1.91701E-2 1.84725E-2 1.78273E-2 1.74916E-2 1.66872E-2 1.57006E-2 1.45566E-2 1.19163E-2 9.23707E-3 1.04227E-2 1.02704E-2 9.7594E-3 9.75648E-3 8.69059E-3 8.95321E-3 1.26537E-2 2.54105E-2 4.49624E-2 6.17724E-2 5.72803E-2 6.05739E-2 6.30103E-2 6.45903E-2 6.46601E-2 6.3427E-2 6.47747E-2 6.77943E-2 7.21541E-2 7.82444E-2 8.13651E-2 7.81282E-2 7.87155E-2 8.35649E-2 8.69447E-2 9.44311E-2 9.83499E-2 9.96829E-2 1.01466E-1 1.04478E-1 1.06521E-1 1.05641E-1 1.05937E-1 1.10978E-1 1.16255E-1 1.15607E-1 1.20968E-1 1.2227E-1 1.21453E-1 1.23792E-1 1.24492E-1 1.25979E-1 1.28889E-1
