maxent_outputs/white_flowers_linear/white_331.asc
ncols         426
nrows         180
xllcorner     -130.0
yllcorner     24.0
cellsize      0.16666666666666666
NODATA_value  -9999
[rows 54 to 80 of 180, columns 305 to 365 of 426]
9.33138E-2 8.70215E-2 8.7091E-2 8.16264E-2 8.03492E-2 7.84142E-2 8.05116E-2 8.17481E-2 8.17069E-2 8.19635E-2 8.05951E-2 8.62031E-2 8.75542E-2 9.05959E-2 9.43723E-2 9.9592E-2 1.04213E-1 1.04464E-1 1.09428E-1 1.12428E-1 1.131E-1 1.10599E-1 1.0508E-1 1.09068E-1 1.24381E-1 1.25934E-1 1.20691E-1 1.18485E-1 1.14989E-1 1.04903E-1 8.95976E-2 8.70672E-2 1.0757E-1 1.27688E-1 1.52597E-1 1.64493E-1 1.32588E-1 1.08357E-1 9.71487E-2 7.78515E-2 8.42004E-2 8.81015E-2 7.6566E-2 6.69108E-2 6.383E-2 6.56844E-2 6.62759E-2 5.37682E-2 6.6715E-2 6.68017E-2 6.72874E-2 5.72736E-2 6.93352E-2 8.14859E-2 9.77884E-2 1.03966E-1 1.01457E-1 1.06491E-1 1.06888E-1 1.08008E-1 1.10939E-1
9.73267E-2 9.40695E-2 9.94285E-2 9.72679E-2 9.51221E-2 9.00793E-2 9.07567E-2 9.07182E-2 9.11473E-2 9.09999E-2 8.99985E-2 9.09437E-2 9.46009E-2 9.9788E-2 1.02678E-1 1.08905E-1 1.1406E-1 1.2943E-1 1.16132E-1 1.14139E-1 1.16466E-1 1.21313E-1 1.29083E-1 1.18132E-1 1.16521E-1 1.14669E-1 1.1046E-1 9.99477E-2 8.36095E-2 7.89092E-2 7.15336E-2 7.34343E-2 8.89428E-2 1.19195E-1 1.66699E-1 1.7427E-1 1.20376E-1 1.03778E-1 8.71176E-2 7.71392E-2 7.98204E-2 7.79502E-2 7.07557E-2 6.75301E-2 6.93945E-2 7.22617E-2 5.61521E-2 6.59166E-2 8.0144E-2 7.19313E-2 6.40312E-2 6.80657E-2 8.51748E-2 9.22782E-2 9.76231E-2 1.09483E-1 1.12769E-1 1.17109E-1 1.18691E-1 1.17949E-1 1.21947E-1
1.08689E-1 1.07383E-1 1.10356E-1 1.04191E-1 1.08162E-1 1.05373E-1 1.07187E-1 1.08655E-1 1.12445E-1 1.05922E-1 1.05681E-1 1.09782E-1 1.12231E-1 1.11947E-1 1.1562E-1 1.21871E-1 1.28879E-1 1.24741E-1 1.31527E-1 1.27388E-1 1.34714E-1 1.32035E-1 1.24979E-1 1.19982E-1 1.13378E-1 1.0105E-1 8.39792E-2 7.59114E-2 7.4006E-2 7.23569E-2 7.2277E-2 8.48937E-2 9.72985E-2 1.25392E-1 1.88141E-1 1.80863E-1 1.22102E-1 1.01536E-1 7.91792E-2 8.95534E-2 8.47539E-2 6.86589E-2 7.58331E-2 7.17465E-2 7.29407E-2 8.49898E-2 7.12907E-2 8.36903E-2 7.16662E-2 6.97144E-2 9.03878E-2 9.40458E-2 9.76375E-2 1.00712E-1 1.1015E-1 1.22937E-1 1.28846E-1 1.30613E-1 1.32818E-1 1.23869E-1 1.31864E-1
1.14879E-1 1.05176E-1 1.11042E-1 1.12671E-1 1.1635E-1 1.07561E-1 1.0732E-1 1.12773E-1 1.22858E-1 1.20379E-1 1.18234E-1 1.24332E-1 1.22861E-1 1.19046E-1 1.19451E-1 1.22827E-1 1.27785E-1 1.24636E-1 1.31135E-1 1.46193E-1 1.47895E-1 1.28836E-1 1.20535E-1 1.12648E-1 1.01238E-1 8.60599E-2 7.85851E-2 7.26307E-2 7.10466E-2 7.30507E-2 7.36796E-2 7.35767E-2 1.05957E-1 1.12726E-1 1.61421E-1 1.90757E-1 1.22901E-1 9.29677E-2 8.84417E-2 7.96909E-2 8.51778E-2 7.09195E-2 8.68435E-2 8.71275E-2 8.77905E-2 8.74566E-2 6.78819E-2 7.50002E-2 7.63829E-2 8.50984E-2 9.89366E-2 9.42437E-2 1.04913E-1 1.13863E-1 1.22476E-1 1.32329E-1 1.39958E-1 1.44286E-1 1.37206E-1 1.42976E-1 1.52288E-1
1.20402E-1 1.20396E-1 1.20668E-1 1.11601E-1 1.17336E-1 1.22875E-1 1.26591E-1 1.21857E-1 1.37635E-1 1.36635E-1 1.39413E-1 1.37019E-1 1.35997E-1 1.34541E-1 1.37204E-1 1.5234E-1 1.55113E-1 1.64475E-1 1.64957E-1 1.31371E-1 1.23953E-1 1.13638E-1 1.14007E-1 1.0667E-1 9.0854E-2 8.01582E-2 7.48277E-2 7.35132E-2 7.56057E-2 7.65325E-2 6.74686E-2 6.54306E-2 8.25477E-2 1.08845E-1 1.4587E-1 1.52066E-1 1.15725E-1 7.90649E-2 9.36311E-2 9.42817E-2 8.13228E-2 8.00502E-2 9.45479E-2 9.40917E-2 8.70498E-2 6.44897E-2 5.54688E-2 4.78381E-2 7.18095E-2 1.00774E-1 1.03457E-1 1.10524E-1 1.11523E-1 1.23852E-1 1.34899E-1 1.50895E-1 1.4972E-1 1.54291E-1 1.54824E-1 1.55625E-1 1.66933E-1
1.26144E-1 1.35344E-1 1.24699E-1 1.19426E-1 1.32105E-1 1.46451E-1 1.34785E-1 1.43381E-1 1.57589E-1 1.71737E-1 1.66069E-1 1.72419E-1 1.6601E-1 1.87429E-1 2.21055E-1 2.64782E-1 2.1213E-1 1.69827E-1 1.35974E-1 1.23023E-1 1.14161E-1 1.12185E-1 1.11674E-1 9.7168E-2 7.95546E-2 7.31457E-2 6.95821E-2 7.1067E-2 6.96223E-2 6.84697E-2 5.97407E-2 5.08616E-2 7.17124E-2 1.01238E-1 1.45673E-1 1.34894E-1 1.08161E-1 7.29482E-2 8.18841E-2 8.17326E-2 7.54688E-2 8.57423E-2 9.9534E-2 8.20488E-2 6.90474E-2 5.84931E-2 6.25673E-2 8.08283E-2 9.42434E-2 1.13784E-1 1.14377E-1 1.21779E-1 1.29973E-1 1.38401E-1 1.42375E-1 1.54191E-1 1.65815E-1 1.75866E-1 1.84118E-1 1.90305E-1 2.02061E-1
1.67203E-1 1.78984E-1 1.88955E-1 1.99316E-1 2.20466E-1 2.50612E-1 2.74083E-1 2.83842E-1 3.00421E-1 2.93608E-1 2.42366E-1 2.15025E-1 1.90021E-1 2.47043E-1 3.04377E-1 2.92422E-1 2.66101E-1 2.05451E-1 1.57091E-1 1.2519E-1 9.86709E-2 1.0421E-1 1.04444E-1 8.71972E-2 7.14745E-2 6.73029E-2 6.735E-2 7.15046E-2 6.88012E-2 7.27121E-2 7.48097E-2 7.3104E-2 9.57005E-2 1.03066E-1 1.35321E-1 1.32241E-1 1.12258E-1 7.49967E-2 8.74335E-2 9.26777E-2 8.42123E-2 9.81629E-2 9.98926E-2 8.76296E-2 8.05069E-2 7.65216E-2 7.09838E-2 9.10429E-2 1.01707E-1 1.08786E-1 1.1432E-1 1.58135E-1 1.38375E-1 1.43746E-1 1.57285E-1 1.8292E-1 2.15363E-1 2.32143E-1 2.26032E-1 2.58268E-1 3.27534E-1
2.87785E-1 3.29629E-1 3.3797E-1 3.46476E-1 3.44801E-1 3.44838E-1 3.43219E-1 3.42009E-1 3.39701E-1 3.34677E-1 3.30578E-1 3.2062E-1 3.17163E-1 3.28324E-1 3.25101E-1 3.18621E-1 3.06519E-1 2.24004E-1 1.40152E-1 9.71291E-2 7.89694E-2 7.71319E-2 1.02638E-1 8.73133E-2 7.09456E-2 6.65467E-2 6.75551E-2 6.32912E-2 6.29057E-2 7.60287E-2 7.78678E-2 9.5879E-2 1.07999E-1 1.02525E-1 1.41541E-1 1.3054E-1 1.203E-1 7.44456E-2 8.72582E-2 9.34183E-2 9.96993E-2 1.09696E-1 9.39883E-2 8.83484E-2 9.68661E-2 9.98133E-2 1.04805E-1 9.27612E-2 1.07936E-1 1.12222E-1 1.21078E-1 1.45695E-1 1.45968E-1 1.64866E-1 2.20917E-1 2.52895E-1 2.47428E-1 2.88555E-1 -9999 3.57508E-1 -9999
3.66327E-1 3.59758E-1 3.54099E-1 3.52362E-1 3.51195E-1 3.5091E-1 3.50995E-1 3.48092E-1 3.46558E-1 3.46601E-1 3.45388E-1 3.40882E-1 3.38081E-1 3.36056E-1 3.33605E-1 3.24843E-1 2.81105E-1 2.2704E-1 1.43241E-1 1.03762E-1 8.5706E-2 7.38565E-2 8.17169E-2 9.11097E-2 7.78758E-2 6.62518E-2 6.11639E-2 5.78676E-2 6.92445E-2 6.95164E-2 7.71612E-2 1.00156E-1 1.10847E-1 1.24741E-1 1.34654E-1 1.32354E-1 1.12853E-1 9.64206E-2 7.46811E-2 9.09299E-2 1.07542E-1 1.00782E-1 9.71915E-2 9.08347E-2 1.03735E-1 1.08546E-1 1.20365E-1 1.24968E-1 1.06842E-1 1.15059E-1 1.30518E-1 1.47476E-1 1.67931E-1 1.99705E-1 -9999 -9999 -9999 -9999 -9999 -9999 -9999
3.72871E-1 3.53504E-1 3.25359E-1 2.92349E-1 2.86233E-1 2.87434E-1 2.8653E-1 2.8725E-1 3.06546E-1 3.36627E-1 3.37999E-1 3.33658E-1 3.33906E-1 3.22377E-1 2.85536E-1 2.10197E-1 1.84192E-1 1.67717E-1 1.50388E-1 1.33528E-1 1.17186E-1 9.59451E-2 8.71758E-2 8.81957E-2 8.83628E-2 7.81163E-2 6.83624E-2 6.92383E-2 7.57255E-2 9.18838E-2 8.55415E-2 1.04358E-1 1.18099E-1 1.33146E-1 1.36276E-1 1.25537E-1 9.78367E-2 8.96239E-2 8.211E-2 9.52417E-2 1.08693E-1 9.89631E-2 9.9541E-2 9.96634E-2 1.14098E-1 1.19527E-1 1.08498E-1 1.11355E-1 1.23632E-1 1.33896E-1 1.46007E-1 1.70615E-1 2.02534E-1 -9999 -9999 -9999 -9999 -9999 -9999 -9999 -9999
2.60209E-1 2.38944E-1 2.22905E-1 2.09489E-1 2.04301E-1 2.02411E-1 2.05916E-1 2.12237E-1 2.16882E-1 2.34979E-1 2.24669E-1 2.12694E-1 2.11501E-1 2.17694E-1 2.01007E-1 1.87422E-1 1.82174E-1 1.74366E-1 1.75979E-1 1.78948E-1 1.64558E-1 1.50403E-1 1.35087E-1 1.12224E-1 1.0119E-1 8.87172E-2 8.2969E-2 7.96357E-2 8.0197E-2 1.09867E-1 1.09186E-1 1.11804E-1 1.3421E-1 1.44076E-1 1.28716E-1 1.11112E-1 9.09778E-2 8.07126E-2 8.34777E-2 1.02967E-1 1.13314E-1 9.57422E-2 9.21968E-2 1.14638E-1 1.32755E-1 1.35314E-1 1.29743E-1 1.26245E-1 1.46423E-1 1.53083E-1 1.71744E-1 2.0392E-1 -9999 -9999 -9999 -9999 -9999 -9999 -9999 -9999 -9999
2.17241E-1 2.08975E-1 1.94324E-1 1.83156E-1 1.82896E-1 1.81004E-1 1.79989E-1 1.89235E-1 1.96599E-1 1.96188E-1 1.94848E-1 1.91529E-1 1.93024E-1 1.98644E-1 1.95923E-1 1.88247E-1 1.81333E-1 1.76914E-1 1.74089E-1 1.70028E-1 1.56474E-1 1.4725E-1 1.42191E-1 1.37423E-1 1.27378E-1 1.16365E-1 1.19213E-1 1.06763E-1 1.11318E-1 1.24065E-1 1.19936E-1 1.30007E-1 1.47587E-1 1.47001E-1 1.31344E-1 1.08394E-1 8.3797E-2 7.49087E-2 9.39234E-2 1.03777E-1 1.15382E-1 9.82132E-2 9.47347E-2 1.16215E-1 1.3034E-1 1.39699E-1 1.44997E-1 1.55343E-1 1.69912E-1 1.88001E-1 2.12344E-1 2.23431E-1 -9999 -9999 -9999 -9999 -9999 -9999 -9999 -9999 -9999
2.20339E-1 2.25859E-1 1.94164E-1 1.65401E-1 1.5714E-1 1.61456E-1 1.60638E-1 1.74308E-1 1.83893E-1 1.7489E-1 1.72634E-1 1.7837E-1 1.79368E-1 1.98645E-1 2.00001E-1 1.75375E-1 1.59429E-1 1.53234E-1 1.45407E-1 1.32785E-1 1.1368E-1 1.19659E-1 1.14261E-1 1.06909E-1 1.05575E-1 1.0957E-1 1.29198E-1 1.35769E-1 1.33977E-1 1.36591E-1 1.31411E-1 1.4791E-1 1.57597E-1 1.51491E-1 1.36576E-1 1.20638E-1 7.28173E-2 7.43842E-2 8.79871E-2 1.1877E-1 1.17934E-1 1.15341E-1 9.99112E-2 1.15536E-1 1.34292E-1 1.49338E-1 1.55026E-1 1.64954E-1 1.81289E-1 2.03837E-1 2.22673E-1 3.63652E-1 -9999 -9999 -9999 -9999 -9999 -9999 -9999 -9999 -9999
2.86111E-1 2.24786E-1 1.71237E-1 1.47153E-1 1.25449E-1 1.21347E-1 1.37568E-1 1.6971E-1 1.66008E-1 1.57799E-1 1.58582E-1 1.70219E-1 1.63885E-1 2.07768E-1 2.13338E-1 1.58032E-1 1.44502E-1 1.31562E-1 1.28153E-1 1.19524E-1 1.0892E-1 1.14798E-1 1.11667E-1 1.07174E-1 1.02245E-1 1.1387E-1 1.05079E-1 1.19292E-1 1.23911E-1 1.27202E-1 1.33116E-1 1.61389E-1 1.64883E-1 1.42675E-1 1.14131E-1 1.14564E-1 8.52902E-2 8.73485E-2 9.7392E-2 1.20326E-1 1.26659E-1 1.13501E-1 1.10258E-1 1.10707E-1 1.46465E-1 1.59902E-1 1.69411E-1 1.83771E-1 2.05233E-1 2.25051E-1 2.50914E-1 2.94919E-1 -9999 -9999 -9999 -9999 -9999 -9999 -9999 -9999 -9999
2.11295E-1 1.66336E-1 1.29884E-1 1.19566E-1 1.11553E-1 1.03887E-1 1.26988E-1 1.45373E-1 1.52981E-1 1.27064E-1 1.36529E-1 1.38375E-1 1.69477E-1 1.83947E-1 1.61996E-1 1.85923E-1 1.4488E-1 1.29665E-1 1.24557E-1 1.22655E-1 1.15524E-1 1.2078E-1 1.15866E-1 1.1386E-1 1.10376E-1 1.13072E-1 1.0115E-1 1.03031E-1 1.1814E-1 1.14897E-1 1.1648E-1 1.54381E-1 1.6557E-1 1.43716E-1 1.13485E-1 1.00429E-1 9.22519E-2 9.94189E-2 1.14557E-1 1.39549E-1 1.29409E-1 1.27825E-1 1.16471E-1 1.19981E-1 1.55884E-1 1.70044E-1 1.86094E-1 2.03274E-1 2.20266E-1 2.36118E-1 2.64139E-1 2.86314E-1 -9999 -9999 -9999 -9999 -9999 -9999 -9999 -9999 -9999
1.45123E-1 1.45003E-1 1.2638E-1 1.07044E-1 1.0112E-1 1.05575E-1 1.19983E-1 1.11522E-1 1.24113E-1 1.12588E-1 1.25522E-1 1.44528E-1 1.49739E-1 1.65366E-1 1.41176E-1 1.54785E-1 1.46875E-1 1.32804E-1 1.34014E-1 1.34094E-1 1.32584E-1 1.25811E-1 1.20923E-1 1.17649E-1 1.1576E-1 1.07639E-1 1.03438E-1 9.88447E-2 1.10077E-1 1.07281E-1 1.35728E-1 1.50957E-1 1.67941E-1 1.43584E-1 1.21672E-1 1.11014E-1 9.56431E-2 1.04242E-1 1.20421E-1 1.53859E-1 1.43872E-1 1.54526E-1 1.31152E-1 1.34816E-1 1.64198E-1 1.78072E-1 1.96273E-1 2.07436E-1 2.34425E-1 2.57405E-1 -9999 -9999 -9999 -9999 -9999 -9999 -9999 -9999 -9999 -9999 -9999
1.24085E-1 1.13442E-1 1.11591E-1 1.06779E-1 1.0275E-1 1.0573E-1 1.12906E-1 1.01081E-1 1.0354E-1 1.19686E-1 1.24613E-1 1.36957E-1 1.36943E-1 1.43527E-1 1.42269E-1 1.37888E-1 1.41713E-1 1.40895E-1 1.37688E-1 1.38672E-1 1.3464E-1 1.28567E-1 1.22999E-1 1.11933E-1 1.04549E-1 1.04119E-1 9.79943E-2 9.72206E-2 9.52978E-2 9.36239E-2 1.08502E-1 1.83294E-1 1.67658E-1 1.33054E-1 1.22382E-1 1.13215E-1 1.0288E-1 1.2043E-1 1.56689E-1 1.76206E-1 1.68813E-1 1.5763E-1 1.45174E-1 1.45138E-1 1.67744E-1 1.84954E-1 2.04907E-1 2.18249E-1 2.44101E-1 2.71537E-1 2.89536E-1 -9999 -9999 -9999 -9999 -9999 -9999 -9999 -9999 -9999 -9999
1.23151E-1 1.22406E-1 1.14033E-1 1.13754E-1 1.11125E-1 1.04583E-1 9.92118E-2 9.99252E-2 9.23643E-2 1.02399E-1 1.20709E-1 1.33269E-1 1.40523E-1 1.45277E-1 1.52251E-1 1.45367E-1 1.46622E-1 1.44842E-1 1.43619E-1 1.37458E-1 1.31132E-1 1.27082E-1 1.1994E-1 1.14756E-1 1.09806E-1 1.07138E-1 1.02445E-1 8.67581E-2 9.22363E-2 1.12731E-1 1.39948E-1 1.93078E-1 1.59088E-1 1.34824E-1 1.21006E-1 1.17718E-1 1.13424E-1 1.32482E-1 1.79347E-1 1.90342E-1 1.70574E-1 1.54573E-1 1.59221E-1 1.62287E-1 1.73407E-1 1.93891E-1 2.05172E-1 2.24245E-1 2.37073E-1 2.58659E-1 2.89196E-1 3.14465E-1 -9999 3.76045E-1 3.91322E-1 -9999 -9999 -9999 -9999 -9999 -9999
1.18805E-1 1.19857E-1 1.04506E-1 1.06362E-1 1.11012E-1 1.05313E-1 1.01054E-1 9.32915E-2 9.29485E-2 1.08214E-1 1.21107E-1 1.31779E-1 1.35201E-1 1.25379E-1 1.34179E-1 1.47198E-1 1.41718E-1 1.34139E-1 1.32746E-1 1.25161E-1 1.28782E-1 1.21274E-1 1.12258E-1 1.20805E-1 1.10927E-1 1.04242E-1 9.63139E-2 9.6293E-2 9.56594E-2 1.62429E-1 1.91253E-1 1.9319E-1 1.60334E-1 1.31709E-1 1.33442E-1 1.19173E-1 1.39977E-1 1.64414E-1 1.92025E-1 1.97144E-1 1.72077E-1 1.66146E-1 1.679E-1 1.81195E-1 1.85256E-1 2.13089E-1 2.36696E-1 2.50644E-1 2.60148E-1 2.70123E-1 2.86552E-1 3.09337E-1 -9999 -9999 4.12454E-1 4.30346E-1 -9999 -9999 -9999 -9999 -9999
1.19389E-1 1.1297E-1 1.00102E-1 9.607E-2 1.01673E-1 1.02413E-1 1.01333E-1 9.50972E-2 1.03926E-1 1.11785E-1 1.19017E-1 1.26076E-1 1.27688E-1 1.15401E-1 1.38959E-1 1.48266E-1 1.57523E-1 1.4927E-1 1.40123E-1 1.29675E-1 1.30639E-1 1.17164E-1 1.08114E-1 1.169E-1 1.26894E-1 1.18982E-1 1.12974E-1 1.24412E-1 1.44289E-1 1.61945E-1 1.77447E-1 1.91088E-1 1.59591E-1 1.44268E-1 1.44749E-1 1.39571E-1 1.57108E-1 1.87701E-1 2.10369E-1 2.12453E-1 1.80835E-1 1.90562E-1 1.90435E-1 2.02507E-1 2.04207E-1 2.43026E-1 2.67141E-1 2.83385E-1 2.77653E-1 2.93837E-1 3.07103E-1 3.25579E-1 3.58823E-1 3.84026E-1 4.04188E-1 4.2349E-1 -9999 -9999 -9999 -9999 -9999
1.17565E-1 1.12668E-1 1.06644E-1 1.05171E-1 1.0621E-1 1.18077E-1 1.16554E-1 1.13405E-1 1.13818E-1 1.14272E-1 1.30486E-1 1.24459E-1 1.17451E-1 1.2395E-1 1.20421E-1 1.24958E-1 1.27428E-1 1.43658E-1 1.56362E-1 1.55835E-1 1.42827E-1 1.22421E-1 1.18628E-1 1.2694E-1 1.37924E-1 1.33666E-1 1.28449E-1 1.3415E-1 1.62614E-1 1.75918E-1 1.75228E-1 1.98666E-1 1.69562E-1 1.58632E-1 1.75582E-1 1.70835E-1 1.79481E-1 2.02758E-1 2.23862E-1 2.21303E-1 2.06373E-1 2.07142E-1 2.30174E-1 2.33547E-1 2.40414E-1 2.55948E-1 2.95031E-1 3.22169E-1 3.11214E-1 3.12537E-1 3.47797E-1 3.61914E-1 3.69015E-1 3.76665E-1 4.00904E-1 4.81055E-1 -9999 -9999 -9999 -9999 -9999
1.21074E-1 1.21207E-1 1.17303E-1 1.0969E-1 1.19162E-1 1.29111E-1 1.25475E-1 1.28332E-1 1.28915E-1 1.26414E-1 1.37191E-1 1.36948E-1 1.40578E-1 1.48057E-1 1.40582E-1 1.30296E-1 1.12681E-1 1.08416E-1 1.32895E-1 1.56073E-1 1.56089E-1 1.29659E-1 1.22345E-1 1.35454E-1 1.39289E-1 1.44246E-1 1.52017E-1 1.56048E-1 1.72892E-1 1.80339E-1 1.81411E-1 1.8479E-1 1.71569E-1 1.77275E-1 1.8662E-1 2.00772E-1 2.09927E-1 2.33517E-1 2.34264E-1 2.35982E-1 2.5322E-1 2.49843E-1 2.67938E-1 2.683E-1 2.81011E-1 2.9135E-1 3.14121E-1 3.4426E-1 3.50219E-1 3.92487E-1 3.87644E-1 3.85827E-1 4.213E-1 5.23367E-1 4.97333E-1 -9999 -9999 -9999 -9999 -9999 -9999
1.23536E-1 1.19064E-1 1.17941E-1 1.21454E-1 1.21213E-1 1.16515E-1 1.28806E-1 1.39446E-1 1.30731E-1 1.48501E-1 1.49411E-1 1.67598E-1 1.69482E-1 1.72897E-1 1.70148E-1 1.50073E-1 1.43937E-1 1.48178E-1 1.58693E-1 1.66819E-1 1.35948E-1 1.16736E-1 1.1059E-1 1.26702E-1 1.34939E-1 1.5429E-1 1.61321E-1 1.67014E-1 1.63244E-1 1.69888E-1 1.71766E-1 2.1896E-1 1.90829E-1 1.90535E-1 2.06843E-1 2.3097E-1 2.58325E-1 2.71691E-1 2.6935E-1 2.7288E-1 2.8414E-1 2.93856E-1 3.03381E-1 3.35202E-1 3.07086E-1 3.92294E-1 -9999 -9999 -9999 -9999 4.09183E-1 -9999 -9999 4.73239E-1 4.56139E-1 4.6021E-1 -9999 -9999 -9999 -9999 -9999
1.29211E-1 1.25652E-1 1.24668E-1 1.17985E-1 1.26655E-1 1.31521E-1 1.39717E-1 1.31775E-1 1.5318E-1 1.69969E-1 1.60289E-1 1.47196E-1 1.58339E-1 1.86385E-1 1.77041E-1 1.73453E-1 1.7459E-1 1.76374E-1 1.66772E-1 1.41037E-1 1.33383E-1 1.22788E-1 1.22688E-1 1.59522E-1 1.70618E-1 1.72404E-1 1.73084E-1 1.65247E-1 1.67361E-1 2.02497E-1 2.13281E-1 2.47884E-1 2.16843E-1 2.34045E-1 2.51698E-1 2.7043E-1 3.27589E-1 -9999 -9999 3.32331E-1 3.43767E-1 3.57082E-1 3.70381E-1 3.78959E-1 -9999 3.90881E-1 -9999 -9999 -9999 -9999 -9999 -9999 -9999 -9999 -9999 -9999 -9999 -9999 -9999 -9999 -9999
1.33964E-1 1.3041E-1 1.28227E-1 1.34741E-1 1.33817E-1 1.28048E-1 1.29811E-1 1.53308E-1 1.63448E-1 1.52081E-1 1.4629E-1 1.54978E-1 1.79874E-1 1.89833E-1 1.93711E-1 1.87216E-1 1.74723E-1 1.62097E-1 1.42382E-1 1.36414E-1 1.52573E-1 1.58203E-1 1.66104E-1 1.76707E-1 1.8712E-1 1.82885E-1 1.73334E-1 1.78452E-1 2.07663E-1 2.38019E-1 2.65323E-1 2.73741E-1 2.70008E-1 3.0545E-1 3.22777E-1 3.30047E-1 3.37025E-1 3.28355E-1 3.29993E-1 3.40396E-1 3.58743E-1 3.41784E-1 3.51718E-1 -9999 -9999 -9999 -9999 -9999 -9999 -9999 -9999 -9999 -9999 -9999 -9999 -9999 -9999 -9999 -9999 -9999 -9999
1.42593E-1 1.31921E-1 1.36536E-1 1.35472E-1 1.31197E-1 1.38638E-1 1.57787E-1 1.58327E-1 1.50971E-1 1.60327E-1 1.65928E-1 1.75929E-1 1.8534E-1 1.99509E-1 1.89779E-1 1.80922E-1 1.65044E-1 1.61641E-1 1.62177E-1 1.72241E-1 1.85673E-1 1.90885E-1 1.87081E-1 1.94456E-1 1.97915E-1 1.88924E-1 1.88831E-1 2.06553E-1 2.40018E-1 2.64889E-1 3.05093E-1 3.19878E-1 3.28875E-1 3.27677E-1 3.31112E-1 3.50327E-1 3.58694E-1 3.58267E-1 3.56718E-1 3.63838E-1 -9999 -9999 -9999 -9999 -9999 -9999 -9999 -9999 -9999 -9999 -9999 -9999 -9999 -9999 -9999 -9999 -9999 -9999 -9999 -9999 -9999
1.47342E-1 1.33314E-1 1.26664E-1 1.34148E-1 1.42803E-1 1.66496E-1 1.80973E-1 1.84352E-1 1.83935E-1 1.91319E-1 1.97665E-1 1.99688E-1 2.01086E-1 2.10476E-1 1.90702E-1 1.8207E-1 1.892E-1 1.91165E-1 1.98208E-1 1.98303E-1 1.96527E-1 2.10671E-1 2.16937E-1 2.14612E-1 2.14049E-1 2.1777E-1 2.30509E-1 2.45784E-1 2.70975E-1 2.9942E-1 3.14754E-1 3.36265E-1 3.54821E-1 3.63373E-1 3.72958E-1 4.11519E-1 4.54586E-1 -9999 -9999 -9999 -9999 -9999 -9999 -9999 -9999 -9999 -9999 -9999 -9999 -9999 -9999 -9999 -9999 -9999 -9999 -9999 -9999 -9999 -9999 -9999 -9999
