maxent_outputs/white_flowers_linear/white_8.asc
ncols         426
nrows         180
xllcorner     -130.0
yllcorner     24.0
cellsize      0.16666666666666666
NODATA_value  -9999
[rows 0 to 26 of 180, columns 183 to 243 of 426]
2.07742E-2 1.88646E-2 1.87238E-2 1.93556E-2 1.86154E-2 1.74795E-2 1.79149E-2 2.22716E-2 2.24477E-2 2.1634E-2 1.87958E-2 1.87623E-2 1.70485E-2 1.69349E-2 1.76016E-2 1.74131E-2 1.71681E-2 1.72746E-2 1.7218E-2 1.78522E-2 1.99778E-2 1.85585E-2 1.749E-2 1.72976E-2 1.77298E-2 1.79259E-2 1.81948E-2 1.9411E-2 2.07798E-2 1.95189E-2 1.84603E-2 1.80757E-2 1.75373E-2 1.84448E-2 1.76066E-2 1.69828E-2 1.6752E-2 1.66835E-2 1.70794E-2 1.70068E-2 1.70741E-2 1.7386E-2 1.71795E-2 1.64875E-2 1.69641E-2 1.66283E-2 1.693E-2 1.71107E-2 1.83454E-2 1.78456E-2 1.74913E-2 1.81735E-2 1.91376E-2 1.74348E-2 1.81477E-2 1.73845E-2 1.72342E-2 1.63578E-2 1.6285E-2 1.67103E-2 1.64033E-2
1.93515E-2 1.88499E-2 2.0414E-2 2.94452E-2 3.40332E-2 3.40641E-2 3.49568E-2 3.4419E-2 3.02912E-2 2.57683E-2 1.99039E-2 1.95862E-2 1.8767E-2 1.7978E-2 1.85392E-2 1.78772E-2 1.73155E-2 1.70191E-2 1.66842E-2 1.76128E-2 1.75732E-2 1.7335E-2 1.84851E-2 1.81987E-2 1.81276E-2 1.71971E-2 1.84656E-2 1.93089E-2 2.00784E-2 2.10543E-2 2.18587E-2 2.09969E-2 1.89116E-2 1.82746E-2 1.83837E-2 1.7385E-2 1.74907E-2 1.76296E-2 1.72685E-2 1.68139E-2 1.68773E-2 1.61026E-2 1.64602E-2 1.79351E-2 1.87229E-2 1.82707E-2 1.7766E-2 1.69574E-2 1.73893E-2 1.84185E-2 1.78179E-2 1.79412E-2 1.76696E-2 1.69674E-2 1.781E-2 1.87806E-2 2.28909E-2 2.30692E-2 2.12954E-2 1.75905E-2 1.76095E-2
1.88289E-2 1.90986E-2 2.44588E-2 3.58412E-2 3.5937E-2 3.55337E-2 3.67479E-2 3.755E-2 3.7912E-2 3.72226E-2 2.65031E-2 2.05782E-2 2.0441E-2 1.90833E-2 1.84164E-2 1.80204E-2 1.7556E-2 1.75271E-2 1.78097E-2 1.88087E-2 1.77536E-2 1.66479E-2 1.66228E-2 1.72484E-2 1.81443E-2 1.7266E-2 1.74296E-2 1.80316E-2 1.81463E-2 1.77522E-2 1.81041E-2 1.78466E-2 1.74809E-2 1.75475E-2 1.73895E-2 1.77358E-2 1.7921E-2 1.76516E-2 1.75946E-2 1.70856E-2 1.70018E-2 1.66527E-2 1.60933E-2 1.55971E-2 1.60437E-2 1.58078E-2 1.61135E-2 1.63336E-2 1.7267E-2 1.72629E-2 1.85921E-2 1.76278E-2 1.62725E-2 1.62971E-2 1.65795E-2 1.6607E-2 1.65236E-2 1.69927E-2 1.66241E-2 1.65675E-2 1.63808E-2
1.98699E-2 2.26541E-2 3.09564E-2 3.81719E-2 3.63413E-2 3.59721E-2 3.57541E-2 3.62513E-2 3.81986E-2 3.9118E-2 3.73937E-2 2.34067E-2 2.28408E-2 2.0032E-2 1.97147E-2 1.88197E-2 1.85012E-2 1.84285E-2 1.8129E-2 1.78011E-2 1.8858E-2 1.73485E-2 1.67965E-2 1.67674E-2 1.67641E-2 1.76564E-2 1.76876E-2 1.68648E-2 1.70632E-2 1.65432E-2 1.69474E-2 1.78485E-2 1.72444E-2 1.69184E-2 1.66152E-2 1.69472E-2 1.72848E-2 1.67389E-2 1.64956E-2 1.68673E-2 1.63444E-2 1.56697E-2 1.59371E-2 1.51215E-2 1.48712E-2 1.514E-2 1.74534E-2 1.69626E-2 1.70613E-2 1.76698E-2 1.78745E-2 1.92995E-2 1.71294E-2 1.61886E-2 1.64097E-2 1.60587E-2 1.60535E-2 1.61168E-2 1.69439E-2 1.61761E-2 1.67834E-2
2.60163E-2 2.84713E-2 3.60339E-2 3.77336E-2 3.749E-2 3.70951E-2 3.75504E-2 3.75115E-2 3.84814E-2 3.97662E-2 3.97176E-2 3.24321E-2 2.44437E-2 2.04204E-2 1.86708E-2 1.94509E-2 1.89918E-2 1.83367E-2 1.84076E-2 1.77476E-2 1.74432E-2 1.7465E-2 1.7799E-2 1.70381E-2 1.64474E-2 1.63039E-2 1.65429E-2 1.68124E-2 1.72302E-2 1.69944E-2 1.71439E-2 1.72952E-2 1.69924E-2 1.71797E-2 1.77635E-2 1.82822E-2 1.71268E-2 1.60685E-2 1.59004E-2 1.6155E-2 1.61891E-2 1.62174E-2 1.62735E-2 1.62804E-2 1.63377E-2 1.65557E-2 1.55238E-2 1.59014E-2 1.66097E-2 1.62177E-2 1.66938E-2 1.70058E-2 1.63201E-2 1.60457E-2 1.61022E-2 1.63467E-2 1.62526E-2 1.67611E-2 1.68599E-2 1.56974E-2 1.56523E-2
2.61998E-2 2.55441E-2 2.81529E-2 3.24284E-2 3.16578E-2 3.23902E-2 3.68123E-2 3.88956E-2 3.90303E-2 4.06534E-2 4.10697E-2 3.94941E-2 3.03617E-2 2.13397E-2 2.04071E-2 1.93277E-2 1.9191E-2 1.90129E-2 1.8325E-2 1.83194E-2 1.86074E-2 1.75548E-2 1.70306E-2 1.76229E-2 1.76579E-2 1.8123E-2 1.79378E-2 1.82728E-2 1.7415E-2 1.76794E-2 1.78293E-2 1.73979E-2 1.72665E-2 1.75196E-2 1.72665E-2 1.90908E-2 2.01209E-2 1.89836E-2 1.94967E-2 1.92389E-2 1.98091E-2 1.89022E-2 1.68537E-2 1.67937E-2 1.65962E-2 1.72309E-2 1.56899E-2 1.55215E-2 1.64779E-2 1.70612E-2 1.7076E-2 1.71032E-2 1.58195E-2 1.53184E-2 1.53557E-2 1.56204E-2 1.65138E-2 1.79026E-2 1.73872E-2 1.65993E-2 1.71421E-2
2.58091E-2 2.37823E-2 2.34207E-2 2.58904E-2 3.18855E-2 3.57E-2 3.92196E-2 3.93255E-2 3.96439E-2 4.09073E-2 4.1693E-2 4.08602E-2 3.20221E-2 2.43204E-2 2.32665E-2 2.11611E-2 2.01395E-2 1.94616E-2 1.96825E-2 1.91683E-2 1.88954E-2 1.86389E-2 1.76733E-2 1.79964E-2 1.81284E-2 1.8166E-2 1.76442E-2 1.80319E-2 1.75385E-2 1.73366E-2 1.71768E-2 1.70245E-2 1.79281E-2 1.89794E-2 1.79713E-2 1.84768E-2 1.9156E-2 1.78469E-2 1.8345E-2 1.8223E-2 1.85235E-2 1.76748E-2 1.66748E-2 1.64808E-2 1.77645E-2 1.8434E-2 1.82008E-2 1.71731E-2 1.85496E-2 1.76974E-2 1.77701E-2 1.81929E-2 1.74127E-2 1.55995E-2 1.52656E-2 1.54639E-2 1.58548E-2 1.75441E-2 1.78097E-2 1.79415E-2 1.87443E-2
2.70453E-2 2.45349E-2 2.4512E-2 2.69215E-2 3.42134E-2 3.85017E-2 3.8676E-2 3.95811E-2 4.04943E-2 4.08466E-2 4.11964E-2 4.20952E-2 3.92889E-2 2.69748E-2 2.36741E-2 2.30404E-2 2.27934E-2 2.4537E-2 2.21698E-2 2.14577E-2 2.02138E-2 1.93238E-2 1.86461E-2 1.82615E-2 1.76314E-2 1.88234E-2 1.78096E-2 1.77617E-2 1.79831E-2 1.80632E-2 1.76829E-2 1.68706E-2 1.77758E-2 1.76942E-2 1.75227E-2 1.77201E-2 1.78895E-2 1.73331E-2 1.68554E-2 1.67392E-2 1.73503E-2 1.80233E-2 1.69595E-2 1.64389E-2 1.66105E-2 1.66039E-2 1.61799E-2 1.61574E-2 1.74886E-2 1.71035E-2 1.64912E-2 1.82805E-2 1.85923E-2 1.81949E-2 1.60218E-2 1.60278E-2 1.68582E-2 1.66688E-2 1.64863E-2 1.61649E-2 1.64991E-2
2.75318E-2 2.52653E-2 2.53005E-2 2.6382E-2 2.62357E-2 3.1327E-2 3.78944E-2 3.89842E-2 3.94094E-2 3.92107E-2 4.08167E-2 4.09105E-2 4.0599E-2 3.76224E-2 2.58353E-2 2.30919E-2 2.39215E-2 2.22305E-2 2.29509E-2 2.31288E-2 2.22623E-2 2.04983E-2 1.98498E-2 1.89744E-2 1.88881E-2 1.8387E-2 1.79894E-2 1.82215E-2 1.74973E-2 1.77915E-2 1.79832E-2 1.77221E-2 1.84522E-2 1.75279E-2 1.76161E-2 1.72722E-2 1.72243E-2 1.7652E-2 1.77596E-2 1.7488E-2 1.67526E-2 1.7042E-2 1.75144E-2 1.72344E-2 1.62796E-2 1.56383E-2 1.55856E-2 1.82977E-2 1.72684E-2 1.63609E-2 1.60222E-2 1.61238E-2 1.583E-2 1.57682E-2 1.69902E-2 1.6939E-2 1.6772E-2 1.61098E-2 1.60025E-2 1.57545E-2 1.53852E-2
2.84508E-2 2.52818E-2 2.54629E-2 2.5343E-2 2.54289E-2 2.49904E-2 3.21573E-2 3.73143E-2 3.39966E-2 3.25316E-2 4.00605E-2 3.89981E-2 3.85716E-2 3.61696E-2 3.08772E-2 2.42314E-2 2.43535E-2 2.27233E-2 2.19175E-2 2.11403E-2 2.03529E-2 2.02795E-2 1.9799E-2 1.88673E-2 1.94322E-2 1.90386E-2 1.8091E-2 1.80703E-2 1.75136E-2 1.73746E-2 1.73987E-2 1.73173E-2 1.7154E-2 1.68513E-2 1.76555E-2 1.78751E-2 1.74032E-2 1.73009E-2 1.7725E-2 1.74552E-2 1.67562E-2 1.63708E-2 1.65317E-2 1.68823E-2 1.61673E-2 1.56788E-2 1.56554E-2 1.65064E-2 1.54402E-2 1.52019E-2 1.47857E-2 1.51309E-2 1.5443E-2 1.57759E-2 1.57496E-2 1.62869E-2 1.60919E-2 1.55197E-2 1.53268E-2 1.53117E-2 1.62848E-2
2.7212E-2 2.5811E-2 2.50191E-2 2.54163E-2 2.5808E-2 2.53068E-2 2.5356E-2 2.75635E-2 3.60019E-2 3.51448E-2 3.73135E-2 3.74004E-2 3.63238E-2 3.30048E-2 3.18366E-2 2.43821E-2 2.40417E-2 2.27079E-2 2.21583E-2 2.13022E-2 2.12487E-2 2.08992E-2 1.98324E-2 1.89732E-2 1.99741E-2 1.94618E-2 1.88373E-2 1.92335E-2 1.77233E-2 1.82417E-2 1.87175E-2 1.80668E-2 1.73369E-2 1.69106E-2 1.77105E-2 1.69697E-2 1.65004E-2 1.58639E-2 1.64644E-2 1.6163E-2 1.75826E-2 1.67892E-2 1.54707E-2 1.52524E-2 1.46961E-2 1.46636E-2 1.46413E-2 1.4734E-2 1.42645E-2 1.41579E-2 1.47532E-2 1.44622E-2 1.52095E-2 1.4749E-2 1.54706E-2 1.52655E-2 1.56922E-2 1.57103E-2 1.53705E-2 1.51922E-2 1.57922E-2
2.67688E-2 2.59045E-2 2.60816E-2 2.62139E-2 2.60165E-2 2.55176E-2 2.58312E-2 2.58721E-2 2.93915E-2 3.67315E-2 3.0277E-2 2.89655E-2 3.24996E-2 3.60459E-2 3.51581E-2 2.68263E-2 2.39004E-2 2.28683E-2 2.27971E-2 2.18153E-2 2.13044E-2 2.15217E-2 2.04528E-2 2.12275E-2 2.23746E-2 2.18576E-2 2.0711E-2 2.03113E-2 2.04277E-2 2.00353E-2 1.9828E-2 2.0021E-2 1.98561E-2 1.82412E-2 1.79775E-2 1.61856E-2 1.57327E-2 1.60932E-2 1.58503E-2 1.59397E-2 1.6139E-2 1.5649E-2 1.51116E-2 1.46094E-2 1.50335E-2 1.48064E-2 1.42304E-2 1.4485E-2 1.50715E-2 1.49464E-2 1.5364E-2 1.50389E-2 1.44233E-2 1.4632E-2 1.48784E-2 1.53362E-2 1.5728E-2 1.59086E-2 1.58658E-2 1.60582E-2 1.58531E-2
2.69272E-2 2.7537E-2 2.67612E-2 2.62085E-2 2.56411E-2 2.62359E-2 2.67877E-2 2.6093E-2 2.61432E-2 2.92244E-2 2.64902E-2 2.64725E-2 2.48773E-2 3.16061E-2 3.42965E-2 3.22425E-2 2.49887E-2 2.30917E-2 2.19613E-2 2.14569E-2 2.12993E-2 2.15182E-2 2.15404E-2 2.18601E-2 2.30999E-2 2.06137E-2 2.10439E-2 2.00305E-2 1.97206E-2 1.95721E-2 1.97539E-2 1.99155E-2 2.04877E-2 1.95096E-2 1.82101E-2 1.66946E-2 1.66105E-2 1.70742E-2 1.66377E-2 1.69281E-2 1.61409E-2 1.57888E-2 1.51129E-2 1.45086E-2 1.48437E-2 1.53957E-2 1.4386E-2 1.44297E-2 1.60476E-2 1.56965E-2 1.63961E-2 1.55723E-2 1.51864E-2 1.46616E-2 1.52177E-2 1.58142E-2 1.61906E-2 1.57597E-2 1.54509E-2 1.54595E-2 1.62613E-2
3.09699E-2 2.84752E-2 2.76527E-2 2.67822E-2 2.53864E-2 2.58912E-2 2.84977E-2 2.73161E-2 2.42458E-2 2.34803E-2 2.47106E-2 2.47707E-2 2.87148E-2 3.02774E-2 3.15316E-2 2.99967E-2 2.78802E-2 2.40806E-2 2.25137E-2 2.24578E-2 2.21695E-2 2.1884E-2 2.18874E-2 2.25892E-2 2.14211E-2 2.18063E-2 2.05349E-2 2.12787E-2 2.05122E-2 2.10647E-2 2.02804E-2 2.02117E-2 2.10692E-2 2.01102E-2 2.03103E-2 1.92062E-2 1.85427E-2 1.84734E-2 1.86257E-2 1.79869E-2 1.75185E-2 1.61558E-2 1.52275E-2 1.48148E-2 1.57924E-2 1.68998E-2 1.59546E-2 1.56928E-2 1.55976E-2 1.60353E-2 1.67772E-2 1.60314E-2 1.66601E-2 1.61592E-2 1.63564E-2 1.6702E-2 1.56968E-2 1.59327E-2 1.66846E-2 1.59243E-2 1.62044E-2
2.99376E-2 2.98025E-2 3.11822E-2 3.04055E-2 2.8102E-2 2.86872E-2 2.70276E-2 2.31631E-2 2.34719E-2 2.48407E-2 2.54924E-2 2.49197E-2 2.53113E-2 2.99635E-2 2.72159E-2 2.36751E-2 2.85258E-2 2.69312E-2 2.31928E-2 2.28037E-2 2.26341E-2 2.26416E-2 2.25689E-2 2.28015E-2 2.15184E-2 2.16573E-2 2.12262E-2 2.12343E-2 2.15119E-2 2.09042E-2 2.05507E-2 2.03293E-2 1.99177E-2 1.98883E-2 1.97248E-2 1.89388E-2 1.83044E-2 1.78585E-2 1.77307E-2 1.75537E-2 1.67355E-2 1.64224E-2 1.56065E-2 1.56784E-2 1.64533E-2 1.80416E-2 1.59817E-2 1.60596E-2 1.66485E-2 1.59987E-2 1.65604E-2 1.67217E-2 1.6626E-2 1.66794E-2 1.6689E-2 1.67699E-2 1.62859E-2 1.60752E-2 1.56659E-2 1.54301E-2 1.55685E-2
2.56443E-2 2.76596E-2 3.18812E-2 3.08597E-2 2.7041E-2 2.38612E-2 2.41247E-2 2.37059E-2 2.52124E-2 2.60946E-2 2.58444E-2 2.28922E-2 2.32413E-2 2.67846E-2 2.3793E-2 2.63113E-2 3.15336E-2 3.20169E-2 2.45131E-2 2.33525E-2 2.26605E-2 2.20022E-2 2.16943E-2 2.18597E-2 2.19669E-2 2.1697E-2 2.16796E-2 2.28949E-2 2.25641E-2 2.14954E-2 2.10171E-2 2.01176E-2 1.9835E-2 1.85362E-2 1.92658E-2 1.85741E-2 1.88793E-2 1.8161E-2 1.69595E-2 1.66783E-2 1.6422E-2 1.78558E-2 1.88105E-2 1.80059E-2 1.7154E-2 1.8776E-2 1.69803E-2 1.65935E-2 1.70856E-2 1.69723E-2 1.73811E-2 1.72562E-2 1.67117E-2 1.69071E-2 1.68445E-2 1.68295E-2 1.60945E-2 1.55271E-2 1.54878E-2 1.53593E-2 1.59779E-2
2.50121E-2 2.70895E-2 2.94935E-2 3.23058E-2 3.24105E-2 2.83492E-2 2.34456E-2 2.37345E-2 2.58087E-2 2.52868E-2 2.33153E-2 2.21828E-2 2.25603E-2 2.45134E-2 2.37877E-2 2.96222E-2 2.92405E-2 3.26888E-2 3.02606E-2 2.48317E-2 2.32993E-2 2.28214E-2 2.22862E-2 2.24908E-2 2.31315E-2 2.23524E-2 2.28437E-2 2.35168E-2 2.37456E-2 2.22276E-2 2.19537E-2 2.13385E-2 2.03485E-2 2.0272E-2 1.95839E-2 1.90147E-2 2.21115E-2 2.24754E-2 1.89455E-2 1.80612E-2 1.88369E-2 1.82477E-2 1.80594E-2 1.80141E-2 1.82262E-2 1.87411E-2 1.90099E-2 1.83536E-2 1.78059E-2 1.73848E-2 1.67823E-2 1.70647E-2 1.75688E-2 1.70844E-2 1.68157E-2 1.71375E-2 1.67503E-2 1.61979E-2 1.63713E-2 1.6868E-2 1.59361E-2
2.61374E-2 2.64353E-2 2.79069E-2 3.07068E-2 3.18731E-2 3.00711E-2 2.67399E-2 2.41955E-2 2.69026E-2 2.64401E-2 2.32935E-2 2.25005E-2 2.20319E-2 2.33914E-2 2.34338E-2 2.80741E-2 3.15847E-2 3.60596E-2 3.10732E-2 2.48528E-2 2.37728E-2 2.41413E-2 2.34501E-2 2.29642E-2 2.2946E-2 2.27949E-2 2.39092E-2 2.34852E-2 2.31104E-2 2.22878E-2 2.205E-2 2.23258E-2 2.19176E-2 2.31651E-2 2.15775E-2 2.01559E-2 2.09763E-2 2.1277E-2 1.95482E-2 1.83326E-2 1.94148E-2 1.85171E-2 1.81896E-2 1.79636E-2 1.82936E-2 1.7546E-2 1.78789E-2 1.89235E-2 1.88086E-2 1.77073E-2 1.62149E-2 1.70222E-2 1.90206E-2 1.91808E-2 1.84855E-2 1.78906E-2 1.71115E-2 1.69524E-2 1.67989E-2 1.65891E-2 1.63445E-2
2.67906E-2 2.72277E-2 2.70616E-2 2.87716E-2 3.2506E-2 3.18881E-2 2.88681E-2 2.56393E-2 2.54333E-2 2.47656E-2 2.48537E-2 2.53547E-2 2.48055E-2 2.47624E-2 2.53363E-2 3.56634E-2 3.91231E-2 3.96745E-2 3.48675E-2 2.58874E-2 2.6887E-2 2.55595E-2 2.41111E-2 2.43686E-2 2.33667E-2 2.38538E-2 2.35839E-2 2.33501E-2 2.28599E-2 2.21994E-2 2.06778E-2 2.11551E-2 2.22993E-2 2.19185E-2 2.246E-2 2.16991E-2 2.05273E-2 2.00363E-2 1.94434E-2 1.88468E-2 1.81529E-2 1.81466E-2 1.7651E-2 1.76124E-2 1.73004E-2 1.77304E-2 1.75943E-2 1.69653E-2 1.74382E-2 1.72722E-2 1.7221E-2 1.82496E-2 1.73576E-2 1.6908E-2 1.75675E-2 1.8172E-2 1.71091E-2 1.68031E-2 1.6896E-2 1.70312E-2 1.70207E-2
2.61511E-2 2.53905E-2 2.59595E-2 2.64692E-2 3.10928E-2 3.60717E-2 3.59239E-2 3.01247E-2 2.72928E-2 2.64722E-2 2.72536E-2 2.57765E-2 2.64428E-2 2.62162E-2 2.77821E-2 3.81235E-2 4.00065E-2 3.85849E-2 3.64683E-2 2.90638E-2 2.87759E-2 2.61721E-2 2.4877E-2 2.4324E-2 2.3998E-2 2.45455E-2 2.37467E-2 2.38611E-2 2.28522E-2 2.32399E-2 2.34068E-2 2.34454E-2 2.34124E-2 2.15741E-2 2.13676E-2 2.32067E-2 2.31198E-2 2.15067E-2 2.08908E-2 1.99076E-2 1.93891E-2 1.80718E-2 1.66705E-2 1.789E-2 1.8782E-2 1.90486E-2 1.84508E-2 1.88352E-2 1.78891E-2 1.87348E-2 1.84071E-2 1.79561E-2 1.74223E-2 1.76863E-2 1.74369E-2 1.70813E-2 1.68267E-2 1.66295E-2 1.71511E-2 1.72553E-2 1.72999E-2
2.64464E-2 2.57745E-2 2.57819E-2 2.68148E-2 2.814E-2 3.41418E-2 3.65862E-2 3.61473E-2 3.08163E-2 2.801E-2 2.80249E-2 2.64913E-2 2.79031E-2 2.56258E-2 2.72781E-2 3.79228E-2 3.98183E-2 3.48529E-2 3.19802E-2 2.97132E-2 2.89855E-2 2.7923E-2 2.67471E-2 2.51094E-2 2.43278E-2 2.41063E-2 2.51995E-2 2.45475E-2 2.30619E-2 2.39445E-2 2.50223E-2 2.32132E-2 2.25527E-2 2.32854E-2 2.33139E-2 2.44541E-2 2.33344E-2 2.26741E-2 2.38528E-2 2.16585E-2 2.09946E-2 1.95638E-2 1.98046E-2 1.91645E-2 2.0173E-2 2.06274E-2 1.89091E-2 1.81061E-2 1.77424E-2 1.82829E-2 1.833E-2 1.7602E-2 1.72768E-2 1.71653E-2 1.76826E-2 1.65243E-2 1.66518E-2 1.71237E-2 1.75003E-2 1.71265E-2 1.75663E-2
2.53196E-2 2.6481E-2 2.65563E-2 2.7907E-2 2.85233E-2 3.14756E-2 3.61779E-2 3.68515E-2 3.63512E-2 2.93854E-2 2.83397E-2 2.95992E-2 2.73514E-2 2.69729E-2 2.7729E-2 3.59561E-2 3.77598E-2 3.25151E-2 2.76048E-2 2.71002E-2 2.82578E-2 3.01364E-2 2.69867E-2 2.57594E-2 2.65432E-2 2.63532E-2 2.5281E-2 2.63326E-2 2.65576E-2 2.67589E-2 2.67287E-2 2.53352E-2 2.53318E-2 2.71201E-2 2.63077E-2 2.45432E-2 2.50574E-2 2.49744E-2 2.44744E-2 2.65549E-2 2.55192E-2 2.33923E-2 2.20429E-2 2.21588E-2 2.3197E-2 2.22072E-2 1.97312E-2 1.94059E-2 1.9008E-2 1.82155E-2 1.75669E-2 1.75559E-2 1.65844E-2 1.67725E-2 1.77152E-2 1.66116E-2 1.68287E-2 1.69575E-2 1.70564E-2 1.74292E-2 1.72264E-2
2.39291E-2 2.61895E-2 2.70581E-2 2.77299E-2 2.81748E-2 3.14267E-2 3.57684E-2 3.60926E-2 3.25271E-2 2.85241E-2 2.77841E-2 2.77409E-2 2.64524E-2 2.70941E-2 2.7322E-2 2.94381E-2 2.83378E-2 2.81441E-2 2.53925E-2 2.75813E-2 2.72683E-2 2.82496E-2 2.82727E-2 2.74828E-2 2.75183E-2 2.87951E-2 2.92663E-2 2.94731E-2 2.86428E-2 2.71927E-2 2.93078E-2 2.80236E-2 2.89547E-2 2.76631E-2 2.63508E-2 2.48823E-2 2.48703E-2 2.52351E-2 2.54192E-2 2.45653E-2 2.56239E-2 2.6134E-2 2.53962E-2 2.4617E-2 2.3701E-2 2.18441E-2 2.08824E-2 1.98452E-2 1.94351E-2 1.82336E-2 1.76086E-2 1.67091E-2 1.63478E-2 1.59531E-2 1.6671E-2 1.69225E-2 1.6491E-2 1.61187E-2 1.63385E-2 1.70415E-2 1.70707E-2
2.18614E-2 2.44072E-2 2.69409E-2 2.7648E-2 2.7631E-2 2.81409E-2 2.91498E-2 2.98165E-2 2.89208E-2 2.81752E-2 2.75068E-2 2.6315E-2 2.55512E-2 2.61132E-2 2.6708E-2 2.81559E-2 2.66643E-2 2.60606E-2 2.5922E-2 2.84033E-2 2.76636E-2 2.75979E-2 2.90181E-2 2.79256E-2 2.76002E-2 2.92112E-2 2.82341E-2 2.94411E-2 2.96195E-2 2.91244E-2 2.69601E-2 2.7137E-2 2.77289E-2 2.61905E-2 2.83616E-2 2.80956E-2 2.55927E-2 2.50709E-2 2.44121E-2 2.26774E-2 2.26425E-2 2.29455E-2 2.27852E-2 2.49233E-2 2.45768E-2 2.36053E-2 2.0995E-2 2.01088E-2 1.89126E-2 1.89034E-2 1.76279E-2 1.68108E-2 1.81074E-2 1.72211E-2 1.69251E-2 1.74214E-2 1.65037E-2 1.51252E-2 1.52929E-2 1.59755E-2 1.67977E-2
2.34365E-2 2.43689E-2 2.59104E-2 2.70236E-2 2.71854E-2 2.82478E-2 2.98971E-2 3.09708E-2 2.94121E-2 2.84253E-2 2.8056E-2 2.77999E-2 2.68343E-2 2.82915E-2 3.02248E-2 2.8292E-2 2.7213E-2 2.752E-2 2.77917E-2 2.82247E-2 2.77983E-2 2.75801E-2 2.84727E-2 2.84063E-2 2.78882E-2 2.77607E-2 2.8083E-2 2.81885E-2 2.88379E-2 3.05871E-2 2.84317E-2 2.77309E-2 2.6685E-2 2.66782E-2 2.72149E-2 2.71175E-2 2.63203E-2 2.5724E-2 2.53802E-2 2.51897E-2 2.37781E-2 2.48617E-2 2.3685E-2 2.3917E-2 2.43546E-2 2.36962E-2 2.12673E-2 1.89119E-2 1.85063E-2 1.87722E-2 2.00246E-2 1.82065E-2 1.68831E-2 1.62465E-2 1.6287E-2 1.60164E-2 1.52699E-2 1.53775E-2 1.50653E-2 1.64661E-2 1.91298E-2
2.49279E-2 2.65306E-2 2.68563E-2 2.67714E-2 2.71005E-2 2.79545E-2 2.87985E-2 2.9333E-2 2.99076E-2 2.91262E-2 2.8416E-2 2.81065E-2 2.79808E-2 2.83819E-2 2.95659E-2 2.80823E-2 2.68878E-2 2.69283E-2 2.81855E-2 2.86132E-2 2.80421E-2 2.72901E-2 2.74621E-2 2.73268E-2 2.72563E-2 2.80927E-2 2.7939E-2 2.83237E-2 2.97022E-2 3.06426E-2 3.1001E-2 2.92579E-2 2.81163E-2 2.76264E-2 2.81678E-2 2.79798E-2 2.87831E-2 2.96091E-2 2.88869E-2 2.60787E-2 2.78235E-2 2.52707E-2 2.34486E-2 2.15781E-2 2.15088E-2 2.13618E-2 1.97837E-2 1.86814E-2 1.89592E-2 1.75214E-2 1.7103E-2 1.69862E-2 1.6477E-2 1.67216E-2 1.70886E-2 1.59647E-2 1.56356E-2 1.53669E-2 1.57394E-2 1.6623E-2 1.81404E-2
2.56416E-2 2.64401E-2 2.60024E-2 2.62816E-2 2.47197E-2 2.50053E-2 2.80815E-2 2.8677E-2 2.89139E-2 2.90087E-2 2.8569E-2 2.85746E-2 2.81013E-2 2.83592E-2 2.84782E-2 2.83199E-2 2.81343E-2 2.7238E-2 2.75526E-2 2.73655E-2 2.66381E-2 2.69746E-2 2.70876E-2 2.69629E-2 2.70536E-2 2.75114E-2 3.17176E-2 3.14852E-2 3.06915E-2 3.29748E-2 3.40893E-2 3.07755E-2 2.9155E-2 2.98193E-2 2.96495E-2 2.7942E-2 2.76611E-2 2.82745E-2 2.81694E-2 2.66467E-2 2.56703E-2 2.7346E-2 2.38883E-2 2.09781E-2 1.9874E-2 2.00636E-2 2.09967E-2 1.99276E-2 1.83598E-2 1.88235E-2 1.63801E-2 1.59708E-2 1.58554E-2 1.57764E-2 1.58533E-2 1.55448E-2 1.48492E-2 1.51858E-2 1.61416E-2 1.63124E-2 1.66869E-2
