maxent_outputs/white_flowers_linear/white_161.asc
ncols         426
nrows         180
xllcorner     -130.0
yllcorner     24.0
cellsize      0.16666666666666666
NODATA_value  -9999
[rows 54 to 80 of 180, columns 122 to 182 of 426]
6.55636E-1 6.78827E-1 5.04335E-1 4.23674E-1 4.42071E-1 4.1842E-1 3.90078E-1 3.9151E-1 4.10302E-1 4.8978E-1 6.11135E-1 6.23462E-1 5.97162E-1 5.38837E-1 4.4616E-1 4.25872E-1 4.03854E-1 4.26332E-1 4.37174E-1 4.29147E-1 4.2355E-1 4.14948E-1 4.09173E-1 4.16739E-1 4.21405E-1 4.1603E-1 4.13292E-1 4.15043E-1 4.15678E-1 4.15831E-1 4.34171E-1 4.37048E-1 4.39853E-1 4.32331E-1 4.32871E-1 4.43256E-1 4.67054E-1 4.71411E-1 4.5361E-1 4.18964E-1 3.97421E-1 3.81354E-1 3.80055E-1 3.83524E-1 3.80288E-1 3.78296E-1 3.77278E-1 3.80175E-1 3.82068E-1 3.86087E-1 3.86954E-1 3.82232E-1 3.78337E-1 3.82307E-1 3.82551E-1 4.02391E-1 3.78029E-1 3.80292E-1 3.7748E-1 3.74431E-1 3.73215E-1
6.38794E-1 6.05419E-1 5.17588E-1 4.83938E-1 4.55726E-1 4.24724E-1 3.93527E-1 3.95538E-1 4.05806E-1 4.20262E-1 5.31575E-1 6.32238E-1 6.459E-1 6.39411E-1 5.56661E-1 4.42598E-1 4.20033E-1 4.23867E-1 4.39856E-1 4.3261E-1 4.12895E-1 4.08961E-1 4.18274E-1 4.16926E-1 4.13664E-1 4.12384E-1 4.12646E-1 4.16452E-1 4.22431E-1 4.42422E-1 4.36932E-1 4.58054E-1 4.53831E-1 4.39187E-1 4.39642E-1 4.57321E-1 4.73075E-1 4.99548E-1 4.61488E-1 4.30016E-1 4.0818E-1 4.07653E-1 3.9764E-1 3.85712E-1 3.79125E-1 3.77449E-1 3.8128E-1 3.79685E-1 3.77262E-1 3.76579E-1 3.74587E-1 3.82254E-1 3.93699E-1 4.139E-1 4.31232E-1 3.8694E-1 3.80618E-1 3.79542E-1 3.75942E-1 3.70404E-1 3.70436E-1
6.83444E-1 6.30407E-1 5.69143E-1 4.90649E-1 4.58237E-1 4.40178E-1 4.0302E-1 3.91957E-1 3.74964E-1 3.80709E-1 4.02229E-1 4.71801E-1 5.88253E-1 6.55236E-1 6.55666E-1 5.85324E-1 5.23981E-1 4.40485E-1 4.27219E-1 4.20561E-1 4.25753E-1 4.16413E-1 4.20628E-1 4.2545E-1 4.18999E-1 4.26144E-1 4.12891E-1 4.20576E-1 4.17143E-1 4.23035E-1 4.53935E-1 5.03577E-1 4.62097E-1 4.49765E-1 4.50234E-1 4.59356E-1 4.80772E-1 4.89503E-1 4.65566E-1 4.34168E-1 4.14508E-1 4.07692E-1 4.10731E-1 4.07461E-1 4.00319E-1 3.95119E-1 3.93016E-1 3.94458E-1 3.88349E-1 3.84723E-1 3.88807E-1 3.87152E-1 3.86514E-1 3.92063E-1 4.28431E-1 3.8997E-1 3.79513E-1 3.79716E-1 3.73075E-1 3.72992E-1 3.75553E-1
6.29393E-1 5.61812E-1 5.2958E-1 4.93481E-1 4.60736E-1 4.33917E-1 4.20142E-1 3.98296E-1 3.74398E-1 3.61813E-1 3.7106E-1 4.25218E-1 5.10723E-1 6.20174E-1 6.93981E-1 6.90221E-1 5.77737E-1 4.47122E-1 4.31418E-1 4.20409E-1 4.16975E-1 4.20012E-1 4.26932E-1 4.24597E-1 4.2738E-1 4.24031E-1 4.25827E-1 4.13342E-1 4.08509E-1 4.17346E-1 4.50162E-1 4.64186E-1 4.4727E-1 5.17E-1 5.28317E-1 5.19569E-1 5.02278E-1 4.62787E-1 4.50495E-1 4.37077E-1 4.23712E-1 4.02783E-1 3.98336E-1 3.9894E-1 4.00114E-1 4.0352E-1 4.00688E-1 3.98523E-1 3.92993E-1 3.9279E-1 3.91747E-1 3.79648E-1 3.81065E-1 3.84014E-1 3.98831E-1 3.98385E-1 3.83645E-1 3.79817E-1 3.73463E-1 3.75315E-1 3.80952E-1
6.48007E-1 6.25443E-1 6.47684E-1 5.02026E-1 4.49326E-1 4.37242E-1 4.25885E-1 4.05272E-1 3.91362E-1 3.70241E-1 3.62231E-1 3.81147E-1 4.2976E-1 5.20641E-1 6.35393E-1 6.81679E-1 5.98218E-1 4.68852E-1 4.26574E-1 4.16179E-1 4.20922E-1 4.11999E-1 4.20413E-1 4.27188E-1 4.31079E-1 4.25788E-1 4.24953E-1 4.10336E-1 4.10603E-1 4.04687E-1 4.13503E-1 4.28285E-1 4.69796E-1 5.10027E-1 5.3569E-1 5.363E-1 5.17166E-1 4.8142E-1 4.37446E-1 4.33414E-1 4.26845E-1 4.16581E-1 4.08396E-1 3.96437E-1 4.13486E-1 4.02845E-1 4.00168E-1 3.95168E-1 3.91482E-1 3.87338E-1 3.81455E-1 3.81935E-1 3.8451E-1 3.84706E-1 3.85283E-1 3.85622E-1 3.88453E-1 3.91062E-1 3.87763E-1 3.84044E-1 3.87845E-1
6.67706E-1 6.66185E-1 5.85003E-1 4.86494E-1 4.69321E-1 4.45244E-1 4.26571E-1 4.02139E-1 3.7348E-1 3.68504E-1 3.64685E-1 3.78482E-1 3.93975E-1 4.33216E-1 5.44144E-1 6.07567E-1 5.83279E-1 4.49311E-1 4.15703E-1 4.14373E-1 4.13837E-1 4.17142E-1 4.20738E-1 4.28579E-1 4.23733E-1 4.19399E-1 4.23523E-1 4.15424E-1 4.17719E-1 4.15377E-1 4.07658E-1 4.31507E-1 4.6478E-1 4.93605E-1 5.28602E-1 5.19654E-1 5.09245E-1 4.91148E-1 4.40701E-1 4.27417E-1 4.26201E-1 4.19527E-1 4.11137E-1 4.02569E-1 4.05331E-1 3.98782E-1 3.95275E-1 3.87797E-1 3.82527E-1 3.79714E-1 3.8294E-1 3.85004E-1 3.89154E-1 3.89126E-1 3.93023E-1 3.89104E-1 3.91689E-1 3.85876E-1 3.89559E-1 3.91043E-1 4.04671E-1
7.01131E-1 7.0168E-1 6.8768E-1 5.8582E-1 5.16291E-1 4.64762E-1 4.29907E-1 4.1803E-1 4.0228E-1 3.76662E-1 3.66143E-1 3.81285E-1 4.08867E-1 3.96496E-1 4.63353E-1 5.4723E-1 5.51847E-1 4.56313E-1 4.28609E-1 4.15151E-1 4.12401E-1 4.25958E-1 4.33475E-1 4.32576E-1 4.22523E-1 4.22693E-1 4.25399E-1 4.30385E-1 4.18832E-1 4.16323E-1 4.06048E-1 4.09431E-1 4.5331E-1 4.80898E-1 4.93581E-1 5.17437E-1 5.09722E-1 5.01146E-1 4.42952E-1 4.196E-1 4.11242E-1 3.9939E-1 3.98777E-1 4.04985E-1 4.14472E-1 3.93289E-1 3.87495E-1 3.87975E-1 3.91287E-1 3.94997E-1 3.94642E-1 3.93E-1 3.92838E-1 3.9768E-1 4.00806E-1 3.97443E-1 3.96645E-1 3.90286E-1 3.83979E-1 3.8404E-1 3.84621E-1
6.33583E-1 6.48525E-1 6.80212E-1 6.44487E-1 5.12879E-1 4.42204E-1 4.22173E-1 4.059E-1 3.84093E-1 3.82974E-1 3.84686E-1 3.89642E-1 4.12352E-1 4.07788E-1 4.57515E-1 5.34338E-1 4.9358E-1 4.41354E-1 4.19819E-1 4.17066E-1 4.23125E-1 4.30033E-1 4.40462E-1 4.39081E-1 4.31329E-1 4.26809E-1 4.26784E-1 4.17958E-1 4.08372E-1 4.03179E-1 4.00582E-1 3.96991E-1 4.02076E-1 4.3807E-1 4.59266E-1 4.94147E-1 4.9348E-1 4.8178E-1 4.28453E-1 4.10313E-1 4.01695E-1 3.95593E-1 4.06979E-1 4.02596E-1 3.93414E-1 3.93906E-1 4.0325E-1 3.94031E-1 3.93339E-1 3.95184E-1 3.95423E-1 3.94127E-1 3.92388E-1 3.94608E-1 3.98296E-1 3.94428E-1 3.91116E-1 3.91202E-1 3.91508E-1 3.94551E-1 3.95426E-1
5.30049E-1 5.10066E-1 5.94612E-1 5.43818E-1 4.88424E-1 5.03479E-1 4.79823E-1 4.30267E-1 4.2187E-1 4.37213E-1 4.39496E-1 4.45239E-1 4.48778E-1 4.64888E-1 5.12598E-1 5.41836E-1 4.68013E-1 4.33607E-1 4.28911E-1 4.30875E-1 4.39107E-1 4.45008E-1 4.39163E-1 4.33401E-1 4.28912E-1 4.22736E-1 4.27932E-1 4.30336E-1 4.05595E-1 3.95869E-1 3.95214E-1 4.02171E-1 3.93559E-1 4.08513E-1 4.29219E-1 4.50512E-1 4.69353E-1 4.48728E-1 4.17406E-1 4.03275E-1 4.00416E-1 4.06656E-1 3.98181E-1 3.89439E-1 4.00933E-1 4.10742E-1 4.1529E-1 4.12077E-1 4.12394E-1 4.04995E-1 4.05633E-1 4.02172E-1 3.97145E-1 4.04162E-1 4.11214E-1 4.05109E-1 4.03776E-1 4.02242E-1 4.00611E-1 4.04871E-1 4.04525E-1
6.40591E-1 5.16448E-1 4.98508E-1 4.82939E-1 4.61859E-1 4.24701E-1 4.09969E-1 4.07645E-1 4.21349E-1 4.44314E-1 4.62498E-1 4.18206E-1 4.36257E-1 4.90581E-1 5.4539E-1 5.0538E-1 4.62285E-1 4.404E-1 4.28589E-1 4.32903E-1 4.26296E-1 4.51441E-1 4.4237E-1 4.34655E-1 4.31706E-1 4.23996E-1 4.21548E-1 4.14577E-1 4.15438E-1 4.15979E-1 4.06138E-1 3.9554E-1 3.89798E-1 3.93616E-1 4.05008E-1 4.26826E-1 4.36452E-1 4.26801E-1 4.0537E-1 4.00128E-1 3.95508E-1 3.83081E-1 3.80806E-1 4.0038E-1 4.09841E-1 4.12304E-1 4.12744E-1 4.074E-1 4.10022E-1 4.04807E-1 4.08568E-1 4.07439E-1 4.06411E-1 4.14323E-1 4.12904E-1 4.14515E-1 4.11215E-1 4.14185E-1 4.12618E-1 4.11019E-1 4.11854E-1
7.29598E-1 6.44721E-1 5.02174E-1 4.56015E-1 4.27371E-1 4.04863E-1 3.9965E-1 3.78331E-1 3.70324E-1 3.75836E-1 3.87767E-1 3.99824E-1 4.0816E-1 4.30891E-1 4.54219E-1 4.56978E-1 4.43E-1 4.36111E-1 4.31422E-1 4.34777E-1 4.38237E-1 4.46358E-1 4.55539E-1 4.46886E-1 4.409E-1 4.31466E-1 4.18997E-1 4.19499E-1 4.17697E-1 4.12286E-1 4.04643E-1 3.95779E-1 3.99684E-1 4.07447E-1 3.97063E-1 4.01558E-1 4.01342E-1 4.05672E-1 4.01037E-1 3.9813E-1 3.86013E-1 3.87518E-1 4.06766E-1 4.06836E-1 4.04115E-1 4.06384E-1 4.06987E-1 4.1219E-1 4.01171E-1 3.96738E-1 4.10598E-1 4.14892E-1 4.18164E-1 4.11479E-1 4.07478E-1 4.05759E-1 4.13508E-1 4.14122E-1 4.15489E-1 4.18061E-1 4.17578E-1
7.44618E-1 6.70304E-1 6.39464E-1 4.76107E-1 4.17414E-1 3.96155E-1 3.83399E-1 3.76391E-1 3.74479E-1 3.80187E-1 3.90815E-1 4.08201E-1 4.27048E-1 4.36582E-1 4.40123E-1 4.36057E-1 4.29783E-1 4.31184E-1 4.25566E-1 4.36139E-1 4.38434E-1 4.43274E-1 4.52705E-1 4.49604E-1 4.48955E-1 4.45695E-1 4.34669E-1 4.25341E-1 4.1649E-1 4.19295E-1 4.1323E-1 4.12052E-1 4.16576E-1 4.10772E-1 4.06714E-1 3.97167E-1 3.90617E-1 4.03997E-1 4.02518E-1 4.03235E-1 3.95441E-1 3.99073E-1 4.01355E-1 4.0158E-1 4.00324E-1 4.02767E-1 4.02642E-1 4.0729E-1 4.0963E-1 4.08686E-1 4.0613E-1 4.06585E-1 4.04315E-1 4.04626E-1 4.03454E-1 4.07907E-1 4.09321E-1 4.10882E-1 4.11829E-1 4.1591E-1 4.18519E-1
6.02336E-1 6.83686E-1 6.85597E-1 6.1649E-1 4.57361E-1 3.94959E-1 3.81806E-1 3.79001E-1 3.87202E-1 4.05524E-1 4.13364E-1 4.28129E-1 4.45658E-1 4.63851E-1 4.48892E-1 4.40223E-1 4.41676E-1 4.33425E-1 4.36267E-1 4.42341E-1 4.46849E-1 4.35558E-1 4.35701E-1 4.38978E-1 4.29134E-1 4.36535E-1 4.35868E-1 4.35402E-1 4.33628E-1 4.30411E-1 4.35726E-1 4.31512E-1 4.27981E-1 4.20684E-1 4.07145E-1 3.95359E-1 4.0176E-1 4.0623E-1 4.00942E-1 3.93377E-1 3.91135E-1 4.05225E-1 4.0947E-1 4.10806E-1 4.08325E-1 4.05083E-1 4.06859E-1 4.04926E-1 4.0612E-1 4.0742E-1 4.08E-1 4.10226E-1 4.07372E-1 4.03537E-1 4.04558E-1 4.08796E-1 4.1254E-1 4.19678E-1 4.20601E-1 4.1917E-1 4.20648E-1
4.4874E-1 5.84068E-1 6.58502E-1 6.74422E-1 6.16884E-1 4.66501E-1 4.05276E-1 4.06571E-1 4.15656E-1 4.40047E-1 4.37232E-1 4.39088E-1 4.42533E-1 4.6256E-1 4.76869E-1 4.62598E-1 4.53077E-1 4.44399E-1 4.36881E-1 4.73651E-1 5.12038E-1 4.66973E-1 4.82608E-1 4.71561E-1 4.51789E-1 4.336E-1 4.21656E-1 4.19323E-1 4.18743E-1 4.25582E-1 4.49764E-1 4.33383E-1 4.23246E-1 4.21331E-1 4.24198E-1 4.23721E-1 4.28339E-1 4.17924E-1 4.1417E-1 4.18187E-1 4.25594E-1 4.14218E-1 4.03802E-1 4.03431E-1 4.02621E-1 4.01276E-1 4.0089E-1 4.04528E-1 4.10152E-1 4.11704E-1 4.09182E-1 4.03973E-1 4.06982E-1 4.09817E-1 4.09088E-1 4.14235E-1 4.19129E-1 4.2173E-1 4.28425E-1 4.28435E-1 4.2866E-1
4.12948E-1 4.33011E-1 5.35762E-1 6.00401E-1 6.39518E-1 5.64127E-1 4.76173E-1 4.45391E-1 4.31347E-1 4.21937E-1 4.33038E-1 4.30039E-1 4.33781E-1 4.41935E-1 4.44318E-1 4.36215E-1 4.28449E-1 4.47988E-1 4.36284E-1 4.54307E-1 5.0778E-1 5.31525E-1 5.53998E-1 5.15762E-1 4.80914E-1 4.49756E-1 4.33197E-1 4.24445E-1 4.17266E-1 4.2527E-1 4.5068E-1 4.32738E-1 4.17984E-1 4.10281E-1 4.04188E-1 4.12839E-1 4.21892E-1 4.26721E-1 4.2976E-1 4.24107E-1 4.17199E-1 4.06515E-1 3.99269E-1 4.0545E-1 4.06244E-1 4.07689E-1 4.08271E-1 4.12649E-1 4.15061E-1 4.1646E-1 4.17871E-1 4.17015E-1 4.20393E-1 4.1512E-1 4.14603E-1 4.16321E-1 4.17506E-1 4.23652E-1 4.21896E-1 4.24083E-1 4.1777E-1
3.93862E-1 3.95921E-1 4.14841E-1 4.44828E-1 4.766E-1 4.83677E-1 4.7954E-1 4.66571E-1 4.4058E-1 4.50054E-1 4.58692E-1 4.71743E-1 4.55526E-1 4.43094E-1 4.47536E-1 4.42329E-1 4.51696E-1 4.67036E-1 4.80543E-1 4.82507E-1 4.73791E-1 4.69355E-1 5.33233E-1 5.61484E-1 5.43681E-1 4.96103E-1 4.68604E-1 4.40507E-1 4.31386E-1 4.30712E-1 4.28019E-1 4.08362E-1 4.05073E-1 4.0633E-1 4.01548E-1 4.02307E-1 4.06784E-1 4.09527E-1 4.13206E-1 4.1373E-1 4.10616E-1 3.98978E-1 4.04108E-1 4.04815E-1 4.109E-1 4.11835E-1 4.13561E-1 4.16295E-1 4.17164E-1 4.17725E-1 4.18518E-1 4.18445E-1 4.17949E-1 4.12314E-1 4.16388E-1 4.12749E-1 4.17333E-1 4.23955E-1 4.26372E-1 4.25355E-1 4.19486E-1
3.78475E-1 3.87608E-1 3.83502E-1 4.10633E-1 4.48981E-1 4.70535E-1 4.54089E-1 4.39963E-1 4.3985E-1 4.29053E-1 4.25208E-1 4.42442E-1 4.86861E-1 4.61004E-1 5.03704E-1 4.72305E-1 4.67229E-1 4.83425E-1 5.3296E-1 5.03807E-1 4.74173E-1 4.5976E-1 4.59395E-1 4.98323E-1 5.37074E-1 5.29508E-1 4.79002E-1 4.45477E-1 4.30692E-1 4.31848E-1 4.25689E-1 4.23321E-1 4.09173E-1 4.05286E-1 4.0801E-1 4.16247E-1 4.14775E-1 4.10241E-1 4.07779E-1 4.15266E-1 4.14461E-1 4.05074E-1 4.04547E-1 4.03798E-1 4.07588E-1 4.09419E-1 4.07869E-1 4.11021E-1 4.14832E-1 4.17603E-1 4.19034E-1 4.18827E-1 4.19546E-1 4.16403E-1 4.14362E-1 4.09302E-1 4.11164E-1 4.1906E-1 4.20372E-1 4.2085E-1 4.18604E-1
3.95352E-1 4.0266E-1 4.09776E-1 4.60323E-1 4.69712E-1 4.54029E-1 4.23735E-1 4.1429E-1 4.07722E-1 4.08236E-1 4.15174E-1 4.28068E-1 4.43409E-1 4.39154E-1 4.40467E-1 4.68131E-1 4.64931E-1 4.73002E-1 5.16511E-1 4.948E-1 4.93971E-1 4.68746E-1 4.62985E-1 4.70707E-1 5.0007E-1 5.07722E-1 4.78556E-1 4.44696E-1 4.40421E-1 4.47073E-1 4.40453E-1 4.23172E-1 4.0978E-1 4.04524E-1 4.04918E-1 4.07762E-1 4.17233E-1 4.16321E-1 4.07939E-1 4.05317E-1 4.06562E-1 4.08765E-1 4.07139E-1 4.02003E-1 4.0558E-1 4.10588E-1 4.1293E-1 4.12997E-1 4.22725E-1 4.2703E-1 4.25888E-1 4.23285E-1 4.17468E-1 4.13547E-1 4.15869E-1 4.15717E-1 4.11105E-1 4.11431E-1 4.16635E-1 4.17766E-1 4.13907E-1
4.02472E-1 4.08163E-1 4.30903E-1 4.50004E-1 4.61778E-1 4.37128E-1 4.23887E-1 4.1356E-1 4.13839E-1 4.18078E-1 4.30716E-1 4.42444E-1 4.45082E-1 4.57402E-1 4.69533E-1 4.72324E-1 4.58319E-1 4.58205E-1 4.77185E-1 4.80026E-1 4.77323E-1 4.75237E-1 4.65678E-1 4.6419E-1 4.8652E-1 4.93753E-1 4.77447E-1 4.59652E-1 4.59394E-1 4.54668E-1 4.40117E-1 4.25254E-1 4.15266E-1 4.0909E-1 4.07055E-1 4.07735E-1 4.08352E-1 4.13294E-1 4.21881E-1 4.22358E-1 4.17095E-1 4.10546E-1 4.06133E-1 4.0274E-1 4.07352E-1 4.14378E-1 4.24071E-1 4.2707E-1 4.35635E-1 4.37564E-1 4.34462E-1 4.25622E-1 4.18589E-1 4.16467E-1 4.18265E-1 4.21675E-1 4.19629E-1 4.15334E-1 4.13276E-1 4.11717E-1 4.11857E-1
4.07873E-1 4.14999E-1 4.31964E-1 4.40224E-1 4.54898E-1 4.46935E-1 4.47604E-1 4.27069E-1 4.26822E-1 4.16161E-1 4.32127E-1 4.55749E-1 4.55925E-1 4.62545E-1 4.85554E-1 4.68931E-1 4.63404E-1 4.64726E-1 5.04638E-1 5.21572E-1 5.11692E-1 5.02404E-1 4.81084E-1 4.67737E-1 4.73951E-1 4.87912E-1 4.79902E-1 4.83679E-1 4.7421E-1 4.66092E-1 4.56383E-1 4.42604E-1 4.37762E-1 4.34327E-1 4.24E-1 4.36688E-1 4.30574E-1 4.17155E-1 4.05383E-1 4.09889E-1 4.18961E-1 4.15698E-1 4.05189E-1 4.02254E-1 4.07092E-1 4.19885E-1 4.36205E-1 4.51258E-1 4.55959E-1 4.4531E-1 4.33553E-1 4.24457E-1 4.17433E-1 4.16818E-1 4.16548E-1 4.18913E-1 4.19908E-1 4.13412E-1 4.1364E-1 4.16198E-1 4.1698E-1
4.1236E-1 4.31008E-1 4.34484E-1 4.29174E-1 4.39025E-1 4.47557E-1 4.43844E-1 4.41011E-1 4.46217E-1 4.33729E-1 4.22863E-1 4.49199E-1 4.67301E-1 5.18983E-1 4.95455E-1 4.82782E-1 4.70118E-1 4.57397E-1 5.61563E-1 5.66261E-1 6.00712E-1 5.37713E-1 4.8827E-1 4.66617E-1 4.70179E-1 5.06644E-1 4.96773E-1 4.87127E-1 4.75772E-1 4.65299E-1 4.60016E-1 4.5053E-1 4.42081E-1 4.37821E-1 4.35955E-1 4.30549E-1 4.29201E-1 4.27577E-1 4.20555E-1 4.08636E-1 3.99329E-1 4.04097E-1 4.0777E-1 4.07355E-1 4.11118E-1 4.24136E-1 4.43719E-1 4.63242E-1 4.63264E-1 4.44899E-1 4.26334E-1 4.14697E-1 4.06757E-1 4.09764E-1 4.13279E-1 4.11562E-1 4.13979E-1 4.15079E-1 4.12048E-1 4.16895E-1 4.17884E-1
4.12774E-1 4.27966E-1 4.43928E-1 4.74024E-1 4.50903E-1 4.52418E-1 4.64013E-1 4.40748E-1 4.4156E-1 4.34636E-1 4.27639E-1 4.41768E-1 4.57914E-1 5.17818E-1 5.28548E-1 5.21697E-1 4.85407E-1 4.74526E-1 5.64618E-1 6.70494E-1 6.99964E-1 6.04246E-1 5.09693E-1 4.7403E-1 4.63185E-1 5.10466E-1 5.01327E-1 4.85962E-1 4.77599E-1 4.65685E-1 4.565E-1 4.59961E-1 4.55283E-1 4.47158E-1 4.35478E-1 4.27602E-1 4.27653E-1 4.28026E-1 4.23921E-1 4.23878E-1 4.21018E-1 4.14929E-1 4.07119E-1 4.05082E-1 4.09422E-1 4.18136E-1 4.31905E-1 4.46175E-1 4.47854E-1 4.33718E-1 4.2073E-1 4.09155E-1 4.06821E-1 4.06727E-1 4.0497E-1 4.06726E-1 4.11332E-1 4.13272E-1 4.15804E-1 4.12812E-1 4.1665E-1
4.2687E-1 4.34629E-1 4.63344E-1 4.7378E-1 4.60214E-1 4.58523E-1 4.68045E-1 4.42586E-1 4.31158E-1 4.26217E-1 4.48884E-1 4.4254E-1 4.59622E-1 4.99497E-1 5.50961E-1 6.68703E-1 5.81137E-1 5.06374E-1 5.25987E-1 6.39357E-1 6.84543E-1 5.90194E-1 5.33277E-1 4.91477E-1 4.75712E-1 5.28579E-1 5.09103E-1 4.80861E-1 4.74511E-1 4.64454E-1 4.55437E-1 4.51448E-1 4.40374E-1 4.29755E-1 4.26424E-1 4.24092E-1 4.19994E-1 4.15342E-1 4.14269E-1 4.12643E-1 4.13725E-1 4.11901E-1 4.10327E-1 4.10992E-1 4.09847E-1 4.1372E-1 4.22E-1 4.29363E-1 4.14156E-1 4.12146E-1 4.07242E-1 4.03572E-1 4.00846E-1 4.03776E-1 4.02796E-1 4.0353E-1 4.0815E-1 4.13237E-1 4.1356E-1 4.12442E-1 4.13473E-1
4.50003E-1 4.51387E-1 4.83591E-1 4.80136E-1 4.92783E-1 4.5134E-1 4.49185E-1 4.42584E-1 4.42097E-1 4.41056E-1 4.28569E-1 4.3801E-1 4.48202E-1 4.7983E-1 5.46816E-1 6.10721E-1 6.75001E-1 6.63828E-1 6.09766E-1 5.76026E-1 6.52649E-1 6.16707E-1 5.42236E-1 5.14991E-1 5.1897E-1 5.13387E-1 5.07086E-1 4.92977E-1 4.81809E-1 4.69183E-1 4.57163E-1 4.41575E-1 4.32566E-1 4.21984E-1 4.25435E-1 4.2205E-1 4.21056E-1 4.19131E-1 4.17466E-1 4.12858E-1 4.13437E-1 4.17787E-1 4.15389E-1 4.09452E-1 4.04254E-1 4.03572E-1 4.02489E-1 4.00391E-1 3.99894E-1 3.99624E-1 3.97597E-1 4.05102E-1 4.02026E-1 4.09579E-1 4.11357E-1 4.0473E-1 4.06001E-1 4.07577E-1 4.11895E-1 4.11517E-1 4.11111E-1
5.04659E-1 4.88851E-1 4.70391E-1 4.70112E-1 4.97209E-1 4.59368E-1 4.36996E-1 4.43606E-1 4.39492E-1 4.24736E-1 4.41207E-1 4.48684E-1 4.56075E-1 5.50338E-1 5.61784E-1 5.95975E-1 6.54402E-1 7.00194E-1 6.80467E-1 6.01455E-1 6.12301E-1 6.58344E-1 5.87717E-1 6.29142E-1 6.00305E-1 5.32273E-1 5.04479E-1 4.90569E-1 4.67214E-1 4.59929E-1 4.49052E-1 4.27189E-1 4.13737E-1 4.20796E-1 4.23901E-1 4.23875E-1 4.15502E-1 4.05064E-1 4.16284E-1 4.13881E-1 4.14619E-1 4.10528E-1 4.11582E-1 4.11961E-1 4.06481E-1 4.05139E-1 4.02571E-1 4.01095E-1 4.01233E-1 4.02794E-1 3.98597E-1 4.03351E-1 4.02651E-1 4.0558E-1 4.22168E-1 4.23957E-1 4.13244E-1 4.04763E-1 4.04604E-1 4.09022E-1 4.09149E-1
5.93095E-1 5.1853E-1 4.81026E-1 4.90986E-1 4.48936E-1 4.40522E-1 4.45759E-1 4.0937E-1 4.20914E-1 4.31732E-1 4.55667E-1 4.70208E-1 4.69338E-1 5.98314E-1 6.32762E-1 6.4605E-1 6.1326E-1 6.65007E-1 6.76009E-1 5.85048E-1 5.70162E-1 5.99064E-1 6.84876E-1 6.7526E-1 6.04178E-1 5.4457E-1 4.99133E-1 4.62825E-1 4.45377E-1 4.31849E-1 4.28053E-1 4.18827E-1 4.03557E-1 4.08572E-1 4.05939E-1 4.00792E-1 3.92529E-1 3.92097E-1 3.94049E-1 3.99074E-1 4.10571E-1 4.14017E-1 4.11276E-1 4.10955E-1 4.06807E-1 4.00744E-1 4.00275E-1 4.02281E-1 4.02802E-1 3.98081E-1 4.03824E-1 4.05185E-1 4.05896E-1 4.08859E-1 4.08209E-1 4.09484E-1 4.12155E-1 4.14775E-1 4.12683E-1 4.10284E-1 4.08449E-1
4.56722E-1 4.04698E-1 4.11212E-1 4.47135E-1 4.80803E-1 4.66104E-1 4.55402E-1 4.26356E-1 4.19277E-1 4.22196E-1 4.38755E-1 4.51083E-1 4.5467E-1 4.56986E-1 4.95275E-1 5.65962E-1 5.3099E-1 6.73706E-1 6.53924E-1 5.84862E-1 5.73752E-1 6.02576E-1 6.95983E-1 7.01512E-1 6.7142E-1 6.20327E-1 5.29241E-1 4.48255E-1 4.30351E-1 4.26856E-1 4.19064E-1 4.03298E-1 4.02757E-1 3.98829E-1 3.96807E-1 3.92367E-1 3.92177E-1 3.87984E-1 3.88656E-1 4.04442E-1 4.11605E-1 4.10251E-1 4.08062E-1 4.08942E-1 4.09326E-1 4.04924E-1 4.01053E-1 4.00602E-1 4.03446E-1 4.02556E-1 4.03349E-1 4.10238E-1 4.06655E-1 4.12569E-1 4.07529E-1 3.99385E-1 3.9927E-1 4.01954E-1 4.12196E-1 4.14294E-1 4.13448E-1
