maxent_outputs/white_flowers_linear/white_165.asc
ncols         426
nrows         180
xllcorner     -130.0
yllcorner     24.0
cellsize      0.16666666666666666
NODATA_value  -9999
[rows 81 to 107 of 180, columns 61 to 121 of 426]
4.41163E-1 5.27505E-1 4.66933E-1 5.11918E-1 4.57123E-1 4.7483E-1 4.66209E-1 4.89589E-1 4.60491E-1 5.0009E-1 4.74681E-1 4.52247E-1 5.05251E-1 4.94004E-1 4.72474E-1 4.46113E-1 4.39025E-1 5.31422E-1 5.2821E-1 4.40792E-1 4.45281E-1 4.90748E-1 4.6544E-1 5.17161E-1 4.48551E-1 5.33727E-1 5.56742E-1 4.76315E-1 4.88895E-1 4.98807E-1 4.84788E-1 4.77739E-1 4.44546E-1 5.2402E-1 4.28308E-1 4.00655E-1 4.12663E-1 4.06619E-1 4.0515E-1 4.13695E-1 4.38406E-1 4.55131E-1 4.15426E-1 5.84034E-1 4.56366E-1 6.1517E-1 5.23906E-1 4.78774E-1 5.41517E-1 5.85447E-1 5.11818E-1 6.32365E-1 6.51863E-1 6.1665E-1 5.71977E-1 5.69011E-1 4.83378E-1 4.63353E-1 4.23933E-1 4.0037E-1 3.96079E-1
4.80146E-1 5.08984E-1 5.12038E-1 4.87065E-1 4.98601E-1 4.30217E-1 4.91767E-1 4.74464E-1 4.39766E-1 4.84628E-1 4.89332E-1 4.28459E-1 4.92179E-1 4.93867E-1 4.96361E-1 5.04385E-1 4.68378E-1 5.26796E-1 4.85225E-1 4.70641E-1 5.25654E-1 4.68278E-1 4.68723E-1 4.96E-1 4.44938E-1 5.57753E-1 4.97059E-1 5.28285E-1 5.29641E-1 5.65957E-1 4.68903E-1 5.06756E-1 4.86219E-1 4.96117E-1 4.6197E-1 4.40158E-1 4.04962E-1 4.01135E-1 4.06628E-1 4.06271E-1 4.09711E-1 4.21772E-1 4.13642E-1 4.9988E-1 4.40489E-1 4.67255E-1 4.4642E-1 5.06693E-1 5.23774E-1 5.78724E-1 5.62689E-1 6.02967E-1 6.02571E-1 5.31952E-1 4.88334E-1 4.83493E-1 4.4359E-1 4.15159E-1 3.75301E-1 3.48512E-1 3.41649E-1
5.42163E-1 6.49707E-1 5.26025E-1 5.0622E-1 4.9255E-1 4.33536E-1 4.91331E-1 4.25943E-1 4.4543E-1 4.3243E-1 4.31388E-1 4.78062E-1 4.39407E-1 4.46779E-1 4.83526E-1 4.63541E-1 4.88217E-1 4.84822E-1 5.20614E-1 4.97136E-1 4.83649E-1 4.58496E-1 5.0652E-1 4.60483E-1 4.77513E-1 5.52869E-1 5.09354E-1 5.23563E-1 4.75659E-1 5.5056E-1 4.92011E-1 4.75789E-1 5.22334E-1 4.74371E-1 4.50473E-1 4.78459E-1 4.37679E-1 3.98408E-1 4.08304E-1 4.12541E-1 3.85157E-1 3.92037E-1 4.44071E-1 5.02061E-1 4.68043E-1 4.7676E-1 4.67119E-1 4.77748E-1 4.66396E-1 5.1221E-1 5.20303E-1 5.65885E-1 5.97618E-1 5.925E-1 5.33647E-1 5.09474E-1 4.58928E-1 4.11621E-1 3.81599E-1 3.44295E-1 3.29193E-1
5.3091E-1 5.40812E-1 5.25563E-1 4.97611E-1 4.81551E-1 4.63378E-1 4.34754E-1 4.20581E-1 4.05995E-1 4.21886E-1 5.1969E-1 4.56073E-1 4.1163E-1 4.63797E-1 4.3936E-1 4.78478E-1 4.8088E-1 4.92468E-1 4.74268E-1 4.76233E-1 5.31025E-1 5.47789E-1 4.94567E-1 4.63618E-1 5.23222E-1 5.40315E-1 5.13669E-1 5.06372E-1 4.81178E-1 5.3473E-1 4.73827E-1 5.42497E-1 5.56896E-1 4.42505E-1 4.57545E-1 5.79579E-1 4.36524E-1 3.9103E-1 4.08815E-1 4.08618E-1 4.33454E-1 4.04335E-1 4.82512E-1 5.00457E-1 5.36519E-1 4.98002E-1 5.07582E-1 4.41415E-1 5.66571E-1 5.44345E-1 5.44406E-1 5.49953E-1 5.3861E-1 5.67377E-1 5.74936E-1 5.76557E-1 5.47293E-1 4.81492E-1 4.34236E-1 3.71545E-1 3.63022E-1
4.89163E-1 5.09787E-1 5.25201E-1 4.9962E-1 4.79979E-1 4.45472E-1 4.13102E-1 4.00205E-1 3.93497E-1 4.66137E-1 4.34017E-1 4.34542E-1 5.16122E-1 4.73417E-1 4.75281E-1 5.1156E-1 5.01141E-1 5.61239E-1 4.83728E-1 5.23714E-1 4.99696E-1 5.06896E-1 4.78842E-1 4.71041E-1 5.0331E-1 5.38146E-1 4.47777E-1 5.08299E-1 4.96425E-1 5.57546E-1 4.82352E-1 5.43514E-1 4.80611E-1 5.26695E-1 5.72874E-1 5.91992E-1 4.07836E-1 4.05397E-1 4.48335E-1 4.07466E-1 4.42081E-1 4.48149E-1 4.09254E-1 4.13705E-1 4.38636E-1 4.42757E-1 4.83585E-1 4.54048E-1 5.58051E-1 5.29954E-1 5.30465E-1 5.87591E-1 5.55586E-1 5.2773E-1 5.1496E-1 5.35787E-1 5.62143E-1 5.14465E-1 4.62228E-1 4.15273E-1 4.07194E-1
4.87487E-1 5.16667E-1 5.15052E-1 4.7007E-1 4.50305E-1 4.16549E-1 4.09565E-1 4.06769E-1 4.3049E-1 5.12842E-1 4.21562E-1 5.48819E-1 4.587E-1 4.61115E-1 5.14206E-1 4.78527E-1 4.96497E-1 5.15981E-1 5.43018E-1 4.87041E-1 4.37971E-1 4.48976E-1 4.88786E-1 5.0872E-1 5.01097E-1 4.95167E-1 4.46496E-1 5.21216E-1 4.52965E-1 5.12333E-1 4.87228E-1 5.57798E-1 4.42798E-1 5.0021E-1 5.00839E-1 4.16704E-1 4.43167E-1 4.30872E-1 4.15393E-1 4.1451E-1 4.53932E-1 4.10544E-1 3.93588E-1 3.8461E-1 4.00703E-1 4.66115E-1 4.33962E-1 4.47654E-1 5.63457E-1 4.60184E-1 5.00418E-1 6.17072E-1 5.79314E-1 4.66495E-1 4.33916E-1 4.37279E-1 5.18955E-1 5.84309E-1 4.98187E-1 4.90009E-1 4.60012E-1
4.96079E-1 5.19307E-1 5.00792E-1 4.73088E-1 4.50854E-1 4.23052E-1 4.27139E-1 4.19273E-1 4.73019E-1 4.58893E-1 4.82132E-1 4.97515E-1 5.27602E-1 5.03562E-1 4.73669E-1 4.52307E-1 5.37151E-1 4.84357E-1 4.8667E-1 5.01402E-1 5.31619E-1 4.60097E-1 5.68022E-1 5.36216E-1 4.78172E-1 4.71419E-1 5.19536E-1 4.75817E-1 5.29494E-1 5.04502E-1 4.90437E-1 6.08806E-1 4.40042E-1 5.80098E-1 4.82374E-1 3.94341E-1 4.56459E-1 3.93023E-1 4.12494E-1 4.94516E-1 4.31941E-1 4.01396E-1 3.74155E-1 3.90353E-1 3.94364E-1 5.17016E-1 4.31272E-1 4.56001E-1 5.46647E-1 4.3469E-1 5.9397E-1 6.21397E-1 5.68852E-1 4.41882E-1 4.03773E-1 4.20844E-1 4.22857E-1 5.3056E-1 4.96166E-1 5.19115E-1 4.98399E-1
5.01472E-1 4.87423E-1 4.9831E-1 4.61511E-1 4.51238E-1 4.51292E-1 4.34681E-1 4.35294E-1 4.48164E-1 4.23855E-1 4.66506E-1 4.67164E-1 5.26442E-1 4.7825E-1 5.16956E-1 5.13877E-1 5.54664E-1 4.63215E-1 5.18898E-1 5.22868E-1 5.44878E-1 5.00853E-1 4.91776E-1 4.47888E-1 4.93537E-1 5.22637E-1 5.55941E-1 4.34916E-1 5.10572E-1 4.99358E-1 5.39958E-1 6.1634E-1 4.57816E-1 6.35768E-1 5.40159E-1 3.95428E-1 4.75281E-1 4.30265E-1 4.70256E-1 4.60017E-1 4.10424E-1 3.77555E-1 3.79783E-1 3.82159E-1 3.92343E-1 5.17597E-1 4.87683E-1 4.63052E-1 4.70888E-1 5.39264E-1 6.2036E-1 5.41633E-1 4.7108E-1 3.92806E-1 4.3322E-1 4.56522E-1 3.92991E-1 4.41198E-1 4.36114E-1 5.14212E-1 5.45122E-1
4.73277E-1 5.13961E-1 5.28716E-1 4.59061E-1 4.34697E-1 4.38617E-1 4.43504E-1 4.34796E-1 4.85138E-1 4.72452E-1 4.69001E-1 4.68866E-1 4.6469E-1 5.3046E-1 5.14046E-1 5.78444E-1 4.57268E-1 5.21462E-1 5.61147E-1 4.87745E-1 5.68769E-1 5.64358E-1 4.71328E-1 5.14075E-1 4.69136E-1 4.72188E-1 5.54402E-1 5.05404E-1 4.65443E-1 5.64805E-1 4.78357E-1 5.29615E-1 5.11459E-1 5.4873E-1 4.27149E-1 4.19127E-1 4.544E-1 4.98606E-1 4.70083E-1 4.38571E-1 4.27805E-1 4.17847E-1 3.83493E-1 3.79099E-1 3.76179E-1 4.54752E-1 5.60378E-1 4.57338E-1 4.42032E-1 5.98862E-1 5.97952E-1 5.27481E-1 4.10551E-1 3.86794E-1 4.31932E-1 4.416E-1 4.08987E-1 3.97436E-1 3.90418E-1 4.6569E-1 5.02753E-1
4.65426E-1 5.05993E-1 5.02856E-1 4.65145E-1 4.52563E-1 4.97949E-1 4.1966E-1 4.40762E-1 4.44892E-1 4.10754E-1 4.39067E-1 4.46514E-1 4.9388E-1 5.10543E-1 5.46471E-1 5.38898E-1 4.40141E-1 5.50495E-1 5.00781E-1 5.44819E-1 5.05448E-1 5.47764E-1 4.89066E-1 4.8527E-1 4.56003E-1 4.41967E-1 5.90413E-1 4.9797E-1 4.54038E-1 5.41828E-1 5.25985E-1 5.31176E-1 4.71872E-1 6.63939E-1 4.62902E-1 4.63949E-1 4.39764E-1 4.88003E-1 4.5465E-1 4.23863E-1 4.62778E-1 4.74301E-1 3.93319E-1 3.83505E-1 4.08523E-1 5.75194E-1 5.7888E-1 4.40591E-1 5.00602E-1 5.47724E-1 5.37818E-1 4.49686E-1 4.13091E-1 4.29511E-1 4.4171E-1 4.45516E-1 3.8719E-1 3.3735E-1 3.42426E-1 3.60714E-1 3.69256E-1
5.12456E-1 5.27326E-1 4.92236E-1 4.74738E-1 4.72292E-1 5.06904E-1 5.34167E-1 4.9788E-1 4.76299E-1 4.67249E-1 4.41954E-1 4.65696E-1 4.68617E-1 5.32131E-1 5.71064E-1 5.64799E-1 4.8343E-1 6.08898E-1 4.87552E-1 5.97221E-1 4.81922E-1 5.22638E-1 4.83392E-1 4.54409E-1 4.85601E-1 3.98323E-1 4.68719E-1 4.83558E-1 4.46002E-1 5.47054E-1 5.59587E-1 4.86075E-1 4.54332E-1 5.69979E-1 4.58256E-1 4.57963E-1 4.72109E-1 4.74291E-1 4.16132E-1 3.9669E-1 4.28773E-1 4.22333E-1 4.31922E-1 4.35138E-1 5.06712E-1 5.70862E-1 4.66758E-1 4.92041E-1 5.55525E-1 5.95257E-1 5.21186E-1 4.35869E-1 4.13969E-1 4.49077E-1 4.48735E-1 4.37191E-1 3.45425E-1 3.40746E-1 3.50571E-1 3.61063E-1 3.63933E-1
5.70676E-1 5.32809E-1 5.1595E-1 5.42638E-1 5.47743E-1 5.05606E-1 5.57912E-1 4.52869E-1 4.83155E-1 4.7738E-1 5.0091E-1 4.69321E-1 4.64309E-1 4.84297E-1 5.18319E-1 4.83019E-1 5.16818E-1 5.1902E-1 4.88427E-1 5.23736E-1 5.09424E-1 4.8345E-1 4.36661E-1 4.70784E-1 4.00423E-1 3.6854E-1 5.15737E-1 4.74198E-1 4.38046E-1 5.44432E-1 5.25549E-1 4.55185E-1 5.03235E-1 4.61791E-1 4.54559E-1 5.23344E-1 4.06658E-1 4.87221E-1 4.11646E-1 4.87226E-1 4.18864E-1 4.12729E-1 4.70329E-1 5.1536E-1 5.48894E-1 5.04779E-1 5.61988E-1 5.65644E-1 6.03912E-1 5.86755E-1 5.16645E-1 4.2255E-1 4.25936E-1 4.23218E-1 4.02481E-1 3.65798E-1 3.58925E-1 3.54866E-1 3.752E-1 3.9682E-1 4.10568E-1
5.99246E-1 6.04372E-1 5.4712E-1 5.70335E-1 5.18916E-1 4.86573E-1 5.57312E-1 4.92131E-1 4.95031E-1 4.89887E-1 4.74475E-1 5.10512E-1 4.66531E-1 4.61045E-1 4.34838E-1 4.61892E-1 4.82682E-1 5.01265E-1 5.46288E-1 4.66569E-1 5.13932E-1 4.02135E-1 4.33951E-1 4.13816E-1 3.49197E-1 4.06622E-1 5.38592E-1 4.30137E-1 4.19477E-1 5.04169E-1 5.09232E-1 4.56486E-1 5.07424E-1 5.27435E-1 4.55587E-1 5.28436E-1 4.35275E-1 5.09882E-1 4.15827E-1 4.7866E-1 4.24263E-1 4.33437E-1 5.17116E-1 5.32287E-1 6.71354E-1 5.32415E-1 5.75833E-1 4.97557E-1 4.99913E-1 5.01518E-1 5.63177E-1 4.41182E-1 3.98351E-1 3.77381E-1 3.51705E-1 3.58414E-1 3.8921E-1 3.96272E-1 3.94603E-1 4.07488E-1 4.00594E-1
5.78252E-1 5.77524E-1 5.84447E-1 4.98702E-1 5.33206E-1 5.13746E-1 5.06862E-1 5.03551E-1 4.98815E-1 5.04084E-1 4.60486E-1 4.85305E-1 4.5713E-1 4.60171E-1 4.18373E-1 4.90159E-1 4.66332E-1 4.9473E-1 4.76826E-1 4.32416E-1 4.76938E-1 3.78523E-1 4.23318E-1 3.72627E-1 4.04769E-1 5.29136E-1 4.6388E-1 4.2832E-1 4.45672E-1 4.95407E-1 4.91695E-1 4.94031E-1 5.37493E-1 5.23337E-1 5.13527E-1 5.28204E-1 4.77736E-1 5.21314E-1 4.69289E-1 4.16849E-1 3.84198E-1 4.58345E-1 4.50399E-1 4.97997E-1 6.49914E-1 4.94431E-1 5.22317E-1 5.03611E-1 4.8996E-1 5.08606E-1 5.22444E-1 4.75023E-1 3.96095E-1 3.84986E-1 3.82605E-1 3.65971E-1 4.12796E-1 4.42203E-1 4.29182E-1 4.15226E-1 4.00455E-1
5.76382E-1 5.99152E-1 6.10882E-1 5.84657E-1 5.14498E-1 4.78457E-1 4.74319E-1 4.89554E-1 4.75979E-1 4.80066E-1 4.63789E-1 4.17478E-1 4.72854E-1 4.41491E-1 4.47663E-1 4.65876E-1 4.44168E-1 4.56421E-1 4.58081E-1 4.36325E-1 4.81285E-1 4.32585E-1 3.98357E-1 4.18085E-1 5.46937E-1 4.7299E-1 4.12141E-1 4.2775E-1 4.85374E-1 4.5336E-1 4.46437E-1 4.9984E-1 4.64356E-1 5.07811E-1 5.14233E-1 4.74865E-1 5.0959E-1 4.7103E-1 4.22979E-1 3.88197E-1 4.4614E-1 4.67728E-1 4.79062E-1 4.98544E-1 5.08878E-1 5.36972E-1 5.37661E-1 5.12457E-1 5.43083E-1 6.21337E-1 6.32533E-1 5.12506E-1 4.27506E-1 4.54717E-1 5.33641E-1 3.97446E-1 4.14119E-1 4.41905E-1 4.38081E-1 4.3439E-1 4.53555E-1
5.86774E-1 6.1386E-1 6.09325E-1 6.23831E-1 5.3036E-1 5.11111E-1 4.72903E-1 4.55607E-1 5.15502E-1 5.25726E-1 4.36476E-1 4.46581E-1 4.37184E-1 4.64916E-1 4.65868E-1 4.38266E-1 4.18256E-1 4.09405E-1 4.04586E-1 4.66828E-1 5.21409E-1 4.39234E-1 4.24497E-1 4.38732E-1 4.28673E-1 4.53494E-1 4.4244E-1 4.1343E-1 4.9256E-1 4.55138E-1 4.10588E-1 5.28792E-1 4.52731E-1 4.59438E-1 5.24949E-1 4.89454E-1 4.17315E-1 3.83388E-1 3.77263E-1 3.81965E-1 4.008E-1 4.22281E-1 4.4713E-1 5.35399E-1 4.2939E-1 5.60437E-1 5.07779E-1 5.72649E-1 5.86688E-1 5.35622E-1 4.87836E-1 4.63128E-1 4.50348E-1 4.47167E-1 5.03346E-1 4.27376E-1 4.1897E-1 4.32404E-1 4.73166E-1 5.01604E-1 5.21931E-1
5.85525E-1 5.84705E-1 6.01072E-1 6.27968E-1 5.81788E-1 5.1302E-1 5.04751E-1 5.1184E-1 5.26921E-1 6.13138E-1 4.31559E-1 5.13896E-1 5.11905E-1 4.12864E-1 4.6871E-1 4.58602E-1 4.48186E-1 4.51914E-1 4.38514E-1 4.06943E-1 4.52795E-1 4.58833E-1 4.11695E-1 4.24574E-1 3.71783E-1 4.52458E-1 4.72037E-1 4.41579E-1 4.36188E-1 4.60932E-1 4.09882E-1 4.75248E-1 4.1341E-1 4.8136E-1 4.74581E-1 4.40192E-1 3.91917E-1 3.89059E-1 4.45912E-1 4.16878E-1 4.18506E-1 5.48808E-1 6.14402E-1 5.42155E-1 4.57405E-1 5.01946E-1 4.66407E-1 5.79296E-1 5.01752E-1 4.54321E-1 4.40347E-1 4.31075E-1 4.54279E-1 4.2233E-1 4.0388E-1 4.39413E-1 4.39213E-1 4.38542E-1 4.9395E-1 5.37326E-1 5.37629E-1
5.7993E-1 6.17395E-1 6.16992E-1 6.04499E-1 6.09357E-1 5.88933E-1 5.11289E-1 4.79449E-1 4.36133E-1 6.20668E-1 5.22632E-1 4.73205E-1 4.81101E-1 4.67197E-1 4.71157E-1 4.43329E-1 4.36807E-1 4.23042E-1 4.6201E-1 4.15525E-1 4.01019E-1 4.20554E-1 4.46838E-1 4.19883E-1 4.43173E-1 4.65126E-1 5.0093E-1 4.40302E-1 4.42634E-1 4.2638E-1 4.88874E-1 4.75751E-1 4.65149E-1 4.75791E-1 4.75331E-1 4.81533E-1 4.51761E-1 4.68702E-1 5.0342E-1 4.84776E-1 5.34675E-1 5.93429E-1 6.11617E-1 5.18959E-1 5.06448E-1 5.4067E-1 4.70854E-1 4.8572E-1 5.22706E-1 4.88756E-1 4.32999E-1 4.14108E-1 4.34411E-1 4.55771E-1 3.91339E-1 4.20252E-1 4.37333E-1 4.58707E-1 4.66862E-1 5.00737E-1 5.03805E-1
5.21525E-1 5.8459E-1 5.74058E-1 5.5397E-1 6.02043E-1 6.22386E-1 6.36653E-1 4.75327E-1 4.18122E-1 5.32039E-1 5.54506E-1 4.69201E-1 4.93979E-1 5.27906E-1 4.55673E-1 4.3585E-1 4.45186E-1 4.44285E-1 4.32778E-1 3.99619E-1 4.16924E-1 4.24236E-1 4.78501E-1 4.18708E-1 5.01428E-1 4.26653E-1 4.50095E-1 4.45517E-1 4.60777E-1 4.30596E-1 5.0982E-1 4.91617E-1 5.09001E-1 4.9823E-1 4.83925E-1 4.98356E-1 4.84106E-1 5.09699E-1 5.77033E-1 4.85481E-1 5.45663E-1 5.16248E-1 5.5283E-1 5.2402E-1 5.38473E-1 5.38922E-1 4.76448E-1 4.58577E-1 4.44896E-1 4.67861E-1 4.81645E-1 4.61935E-1 4.08945E-1 4.32937E-1 4.33602E-1 4.05559E-1 4.4135E-1 4.44418E-1 4.52812E-1 4.73552E-1 4.39411E-1
4.88669E-1 5.10698E-1 5.59744E-1 5.94074E-1 6.20917E-1 6.11346E-1 6.20724E-1 5.86602E-1 4.9883E-1 4.72981E-1 5.02453E-1 4.66328E-1 4.66929E-1 4.62274E-1 4.89687E-1 4.74704E-1 3.98925E-1 4.30398E-1 4.5863E-1 4.45528E-1 4.62512E-1 4.81216E-1 4.54267E-1 3.901E-1 3.98682E-1 4.40751E-1 4.16091E-1 4.58308E-1 4.24479E-1 4.59413E-1 4.82617E-1 4.58359E-1 4.59357E-1 4.61461E-1 4.3877E-1 4.59178E-1 4.51624E-1 4.69407E-1 4.81224E-1 4.50946E-1 4.76913E-1 5.10551E-1 4.81394E-1 4.85475E-1 4.74594E-1 4.82333E-1 4.60494E-1 4.47239E-1 4.4295E-1 4.3766E-1 4.34364E-1 4.40895E-1 4.71314E-1 4.27949E-1 4.35178E-1 4.39206E-1 4.18337E-1 4.31788E-1 4.56098E-1 4.35732E-1 4.02905E-1
4.73048E-1 4.93236E-1 5.09783E-1 5.72259E-1 6.09274E-1 5.99345E-1 6.22733E-1 6.45508E-1 5.72842E-1 4.46714E-1 5.34536E-1 4.90296E-1 4.34847E-1 4.65076E-1 4.57489E-1 4.6468E-1 4.54586E-1 3.91686E-1 4.17061E-1 4.4505E-1 4.68303E-1 4.44695E-1 3.98972E-1 4.13508E-1 4.21318E-1 4.74194E-1 4.30154E-1 3.9584E-1 4.54626E-1 4.47626E-1 4.44302E-1 4.38093E-1 4.44424E-1 4.30999E-1 4.22578E-1 4.61106E-1 4.44915E-1 3.8445E-1 3.9763E-1 4.40167E-1 4.62017E-1 5.01524E-1 4.83574E-1 4.70571E-1 4.52519E-1 4.49871E-1 4.47809E-1 4.14114E-1 4.02857E-1 4.10757E-1 4.2803E-1 4.84645E-1 4.60918E-1 4.80644E-1 4.44183E-1 4.56679E-1 4.41621E-1 4.17852E-1 4.32137E-1 3.8722E-1 3.96898E-1
4.74904E-1 4.59E-1 4.81243E-1 5.03039E-1 5.37933E-1 5.86901E-1 6.10877E-1 6.18011E-1 6.29929E-1 4.52805E-1 5.50186E-1 4.82962E-1 4.67229E-1 5.0275E-1 4.75538E-1 4.79394E-1 5.23834E-1 4.49666E-1 4.47059E-1 4.47688E-1 4.62398E-1 4.70515E-1 4.08691E-1 3.99348E-1 4.58098E-1 4.42779E-1 4.28677E-1 4.11066E-1 4.69275E-1 4.14373E-1 4.42225E-1 4.44965E-1 4.90563E-1 4.26382E-1 4.03627E-1 4.15175E-1 4.68455E-1 4.28347E-1 4.28109E-1 4.25905E-1 4.28399E-1 4.39237E-1 4.66221E-1 4.11523E-1 4.18417E-1 4.63825E-1 4.85531E-1 4.39936E-1 4.43395E-1 4.1443E-1 4.04779E-1 4.17752E-1 4.40818E-1 4.54103E-1 4.56229E-1 4.76694E-1 4.85871E-1 4.34536E-1 4.49353E-1 4.03628E-1 4.01233E-1
4.87166E-1 4.62939E-1 4.74555E-1 4.78563E-1 5.10993E-1 5.65135E-1 5.83615E-1 6.07755E-1 6.68187E-1 5.10098E-1 4.58057E-1 5.19288E-1 4.03514E-1 4.61997E-1 5.0165E-1 4.04515E-1 4.40907E-1 4.66354E-1 4.15806E-1 4.06775E-1 4.11489E-1 4.25204E-1 4.16962E-1 4.02756E-1 4.31791E-1 4.1924E-1 4.32629E-1 4.90027E-1 4.98374E-1 4.20773E-1 4.1717E-1 3.88659E-1 4.06853E-1 4.08892E-1 4.09649E-1 4.80749E-1 5.028E-1 4.67596E-1 4.38915E-1 4.39788E-1 4.05849E-1 4.22712E-1 3.87982E-1 4.2305E-1 4.71641E-1 5.50849E-1 4.97017E-1 4.46406E-1 4.37127E-1 4.28456E-1 4.16945E-1 4.15969E-1 4.16968E-1 4.32731E-1 4.82233E-1 4.90986E-1 5.07072E-1 4.44911E-1 4.15933E-1 3.92677E-1 3.87326E-1
4.63052E-1 4.62627E-1 4.74029E-1 4.75085E-1 4.8081E-1 5.30234E-1 5.79967E-1 6.25038E-1 6.47966E-1 6.52927E-1 4.57814E-1 5.20411E-1 5.15406E-1 4.98551E-1 5.00628E-1 4.11138E-1 4.03201E-1 3.87648E-1 4.60887E-1 3.90714E-1 3.83599E-1 4.09638E-1 4.32164E-1 4.41197E-1 4.15793E-1 4.06558E-1 4.31076E-1 5.50185E-1 5.04698E-1 4.2984E-1 3.93273E-1 3.98461E-1 3.93344E-1 4.23711E-1 5.08478E-1 4.56139E-1 4.6453E-1 4.63633E-1 4.43101E-1 4.62986E-1 4.40442E-1 4.2405E-1 4.36954E-1 4.54484E-1 5.09547E-1 5.68959E-1 5.15118E-1 4.09293E-1 4.30358E-1 4.40248E-1 4.15185E-1 4.13014E-1 4.14129E-1 4.41371E-1 4.34034E-1 4.50328E-1 4.88148E-1 4.93145E-1 4.26869E-1 4.07796E-1 3.92023E-1
4.80422E-1 4.81867E-1 4.762E-1 4.79422E-1 4.8025E-1 4.91419E-1 5.87351E-1 6.40403E-1 6.17614E-1 6.07873E-1 5.51357E-1 4.41489E-1 4.94226E-1 4.77626E-1 4.46061E-1 5.08755E-1 5.00262E-1 3.87279E-1 4.62315E-1 4.67124E-1 3.86761E-1 4.07383E-1 4.56397E-1 5.34218E-1 5.26718E-1 4.87849E-1 4.26271E-1 4.64432E-1 4.79688E-1 4.09978E-1 4.03265E-1 4.33509E-1 4.076E-1 4.19155E-1 4.23704E-1 4.23985E-1 4.92865E-1 4.80405E-1 4.52219E-1 4.81797E-1 4.89198E-1 4.68735E-1 4.58094E-1 4.63736E-1 5.13459E-1 5.7173E-1 5.45839E-1 4.51315E-1 4.2038E-1 4.31052E-1 4.09037E-1 4.05913E-1 4.1117E-1 4.10473E-1 4.36818E-1 4.51451E-1 4.35076E-1 4.67079E-1 4.78889E-1 4.78454E-1 4.19285E-1
4.69737E-1 4.8E-1 4.91197E-1 4.9103E-1 4.81654E-1 4.89886E-1 5.72976E-1 6.10167E-1 5.6482E-1 5.87694E-1 5.58231E-1 4.71171E-1 5.22487E-1 4.83678E-1 4.59742E-1 4.70527E-1 5.69151E-1 4.2637E-1 4.65289E-1 4.59605E-1 4.01047E-1 4.41852E-1 4.10698E-1 4.56771E-1 5.79819E-1 5.84369E-1 4.93362E-1 4.39322E-1 4.15287E-1 4.1459E-1 4.3994E-1 4.24909E-1 4.34286E-1 4.56955E-1 4.49114E-1 4.11839E-1 4.96525E-1 4.61297E-1 4.81532E-1 4.73974E-1 4.72953E-1 4.72449E-1 4.57461E-1 4.85688E-1 4.85335E-1 5.3255E-1 5.62129E-1 5.0651E-1 4.29068E-1 4.20929E-1 4.07839E-1 4.00165E-1 3.96867E-1 4.04792E-1 4.22203E-1 4.27576E-1 4.32507E-1 4.49313E-1 4.71198E-1 4.67413E-1 4.29785E-1
4.88162E-1 4.80514E-1 4.78148E-1 4.80153E-1 4.78887E-1 4.73537E-1 5.44775E-1 6.02644E-1 5.54498E-1 5.64153E-1 5.621E-1 4.78727E-1 5.11372E-1 5.13019E-1 5.09468E-1 4.0789E-1 5.83369E-1 4.46252E-1 4.3935E-1 4.97847E-1 4.58697E-1 4.37423E-1 4.30271E-1 3.93498E-1 4.50728E-1 5.25618E-1 4.74327E-1 4.44228E-1 4.28455E-1 4.29587E-1 4.78722E-1 4.74481E-1 4.5743E-1 4.46683E-1 4.32159E-1 4.49161E-1 4.72243E-1 4.82104E-1 4.76995E-1 4.78404E-1 4.97607E-1 4.61775E-1 4.34432E-1 4.38621E-1 4.62531E-1 4.78034E-1 4.83976E-1 4.73894E-1 4.6213E-1 4.12492E-1 3.84559E-1 3.8803E-1 3.99619E-1 3.97146E-1 4.0622E-1 4.14028E-1 4.08185E-1 4.16903E-1 4.22517E-1 4.28445E-1 4.02457E-1
