maxent_outputs/white_flowers_linear/white_147.asc
ncols         426
nrows         180
xllcorner     -130.0
yllcorner     24.0
cellsize      0.16666666666666666
NODATA_value  -9999
[rows 0 to 26 of 180, columns 244 to 304 of 426]
3.94251E-1 3.94409E-1 3.95457E-1 3.95731E-1 3.98355E-1 4.00416E-1 3.9933E-1 3.98502E-1 4.00638E-1 4.01945E-1 4.04625E-1 4.06377E-1 4.05604E-1 4.0688E-1 4.06399E-1 4.07672E-1 4.11068E-1 4.23509E-1 4.24397E-1 4.17866E-1 4.1671E-1 4.1826E-1 4.23413E-1 4.18764E-1 4.19649E-1 4.18373E-1 4.16908E-1 4.19537E-1 4.2005E-1 4.32367E-1 4.24772E-1 4.29505E-1 4.2072E-1 4.1583E-1 4.2005E-1 4.16496E-1 4.17848E-1 4.22343E-1 4.21766E-1 4.2441E-1 4.28424E-1 4.29658E-1 4.3911E-1 4.49765E-1 -9999 -9999 -9999 -9999 -9999 -9999 -9999 -9999 -9999 -9999 -9999 -9999 9.26998E-1 -9999 -9999 -9999 9.58058E-1
4.01305E-1 3.98586E-1 4.02167E-1 4.00321E-1 4.00953E-1 4.01733E-1 4.04009E-1 4.03818E-1 4.07678E-1 4.05415E-1 4.0232E-1 4.03029E-1 4.06124E-1 4.09771E-1 4.10715E-1 4.12426E-1 4.11985E-1 4.11716E-1 4.13913E-1 4.13633E-1 4.17236E-1 4.16066E-1 4.18791E-1 4.20068E-1 4.19472E-1 4.19697E-1 4.16186E-1 4.14599E-1 4.18873E-1 4.16043E-1 4.14912E-1 4.17525E-1 4.1589E-1 4.13233E-1 4.17952E-1 4.17534E-1 4.22274E-1 4.28174E-1 4.20127E-1 4.22638E-1 4.20661E-1 4.25067E-1 4.34781E-1 4.4765E-1 -9999 -9999 -9999 -9999 -9999 -9999 -9999 -9999 -9999 -9999 -9999 -9999 -9999 -9999 -9999 -9999 9.11428E-1
3.98007E-1 4.00535E-1 4.0171E-1 4.00548E-1 4.04342E-1 4.05115E-1 4.11073E-1 4.12218E-1 4.12011E-1 4.08196E-1 4.05316E-1 4.0647E-1 4.0685E-1 4.07238E-1 4.07249E-1 4.0832E-1 4.10565E-1 4.13078E-1 4.16259E-1 4.15328E-1 4.17304E-1 4.18046E-1 4.18654E-1 4.19782E-1 4.20142E-1 4.20414E-1 4.17188E-1 4.18257E-1 4.19076E-1 4.21092E-1 4.23074E-1 4.19941E-1 4.19073E-1 4.20095E-1 4.20177E-1 4.20194E-1 4.16401E-1 4.15305E-1 4.196E-1 4.21565E-1 4.2097E-1 4.26794E-1 4.3882E-1 -9999 -9999 -9999 -9999 -9999 -9999 -9999 -9999 -9999 -9999 -9999 -9999 -9999 -9999 6.01142E-1 -9999 -9999 9.11969E-1
3.98312E-1 4.00325E-1 3.98761E-1 3.96493E-1 3.97308E-1 3.99141E-1 4.03706E-1 4.05945E-1 4.05223E-1 4.0678E-1 4.12972E-1 4.12208E-1 4.08649E-1 4.0897E-1 4.12266E-1 4.12066E-1 4.10421E-1 4.11621E-1 4.14242E-1 4.20123E-1 4.20143E-1 4.23508E-1 4.2571E-1 4.31932E-1 4.28724E-1 4.25222E-1 4.21304E-1 4.22572E-1 4.21405E-1 4.21283E-1 4.21272E-1 4.2027E-1 4.20562E-1 4.21329E-1 4.20527E-1 4.17537E-1 4.185E-1 4.18231E-1 4.20363E-1 4.24629E-1 4.2104E-1 4.18803E-1 4.25674E-1 4.34158E-1 -9999 -9999 -9999 -9999 -9999 -9999 -9999 -9999 -9999 -9999 -9999 5.136E-1 5.13584E-1 6.647E-1 -9999 -9999 -9999
3.98199E-1 3.97865E-1 3.98818E-1 3.99819E-1 3.98397E-1 4.03528E-1 4.03893E-1 4.03446E-1 4.04099E-1 4.06443E-1 4.11915E-1 4.13338E-1 4.14959E-1 4.14075E-1 4.12962E-1 4.12577E-1 4.14537E-1 4.14426E-1 4.17152E-1 4.17004E-1 4.2081E-1 4.24644E-1 4.29348E-1 4.33249E-1 4.25147E-1 4.25579E-1 4.21827E-1 4.22388E-1 4.22004E-1 4.21357E-1 4.19859E-1 4.17901E-1 4.16066E-1 4.17184E-1 4.17582E-1 4.18048E-1 4.17024E-1 4.22653E-1 4.18182E-1 4.20397E-1 4.19692E-1 4.23619E-1 4.21044E-1 4.60319E-1 -9999 4.31854E-1 4.30989E-1 4.3618E-1 4.45118E-1 4.47395E-1 -9999 -9999 -9999 -9999 -9999 5.13209E-1 5.97698E-1 8.07353E-1 9.08275E-1 -9999 -9999
4.02197E-1 4.03829E-1 4.00217E-1 4.09502E-1 4.06197E-1 4.04914E-1 4.07857E-1 4.07999E-1 4.09969E-1 4.13267E-1 4.19256E-1 4.23152E-1 4.223E-1 4.18104E-1 4.16989E-1 4.17629E-1 4.13482E-1 4.1431E-1 4.17531E-1 4.18682E-1 4.2102E-1 4.25106E-1 4.29296E-1 4.26351E-1 4.26457E-1 4.23076E-1 4.24809E-1 4.21687E-1 4.21681E-1 4.20294E-1 4.18339E-1 4.17032E-1 4.15459E-1 4.15957E-1 4.13393E-1 4.13665E-1 4.13769E-1 4.15021E-1 4.20708E-1 4.22265E-1 4.23917E-1 4.27236E-1 4.42718E-1 4.55025E-1 4.22089E-1 4.17373E-1 4.20914E-1 4.24064E-1 4.29212E-1 4.28459E-1 4.40277E-1 6.45519E-1 -9999 -9999 -9999 -9999 5.33121E-1 5.00262E-1 -9999 -9999 -9999
4.13987E-1 4.16267E-1 4.05008E-1 4.03769E-1 4.08874E-1 4.09109E-1 4.13377E-1 4.12838E-1 4.19374E-1 4.1961E-1 4.21686E-1 4.31359E-1 4.26473E-1 4.19854E-1 4.20124E-1 4.19425E-1 4.15607E-1 4.16832E-1 4.18934E-1 4.20115E-1 4.22168E-1 4.23E-1 4.20417E-1 4.25575E-1 4.25362E-1 4.25693E-1 4.22508E-1 4.23083E-1 4.23003E-1 4.19179E-1 4.18815E-1 4.18793E-1 4.16124E-1 4.19887E-1 4.1569E-1 4.13688E-1 4.15701E-1 4.15201E-1 4.20469E-1 4.18857E-1 4.22699E-1 4.26079E-1 4.31931E-1 4.29827E-1 4.36001E-1 4.33425E-1 4.3899E-1 4.33402E-1 4.33618E-1 4.3296E-1 4.3274E-1 4.4796E-1 -9999 -9999 -9999 -9999 -9999 -9999 -9999 -9999 9.57401E-1
4.04235E-1 4.04448E-1 4.04144E-1 4.06546E-1 4.10951E-1 4.08815E-1 4.09558E-1 4.12232E-1 4.12212E-1 4.16933E-1 4.19221E-1 4.22299E-1 4.19979E-1 4.19865E-1 4.19158E-1 4.18269E-1 4.17785E-1 4.20429E-1 4.2292E-1 4.24342E-1 4.23142E-1 4.215E-1 4.20916E-1 4.25288E-1 4.25206E-1 4.23335E-1 4.22463E-1 4.25129E-1 4.23775E-1 4.20727E-1 4.17021E-1 4.14782E-1 4.14756E-1 4.16704E-1 4.13864E-1 4.14922E-1 4.15751E-1 4.10414E-1 4.12547E-1 4.15448E-1 4.20276E-1 4.20931E-1 4.21238E-1 4.26771E-1 4.45776E-1 -9999 -9999 -9999 4.51741E-1 4.45725E-1 4.39235E-1 4.47866E-1 -9999 -9999 -9999 -9999 -9999 -9999 -9999 -9999 9.34214E-1
4.03688E-1 4.04704E-1 4.04451E-1 4.06843E-1 4.08204E-1 4.07912E-1 4.13551E-1 4.16874E-1 4.20226E-1 4.18547E-1 4.21758E-1 4.23476E-1 4.23963E-1 4.20924E-1 4.22619E-1 4.25071E-1 4.21096E-1 4.24083E-1 4.24806E-1 4.2613E-1 4.24098E-1 4.25314E-1 4.23893E-1 4.30659E-1 4.25248E-1 4.27748E-1 4.26041E-1 4.26746E-1 4.2581E-1 4.21967E-1 4.2056E-1 4.19024E-1 4.17936E-1 4.2256E-1 4.21863E-1 4.1302E-1 4.16345E-1 4.10934E-1 4.10626E-1 4.13157E-1 4.15973E-1 4.17468E-1 4.11709E-1 4.157E-1 4.25754E-1 4.31387E-1 4.28748E-1 -9999 -9999 -9999 -9999 -9999 -9999 -9999 -9999 -9999 -9999 -9999 6.55999E-1 -9999 9.40508E-1
4.0124E-1 4.06361E-1 4.07477E-1 4.11004E-1 4.09644E-1 4.11973E-1 4.15314E-1 4.17801E-1 4.19138E-1 4.20141E-1 4.20584E-1 4.20975E-1 4.19381E-1 4.20452E-1 4.2234E-1 4.26172E-1 4.29681E-1 4.30995E-1 4.28698E-1 4.28784E-1 4.25753E-1 4.24172E-1 4.26326E-1 4.28793E-1 4.40462E-1 4.34248E-1 4.29072E-1 4.30186E-1 4.2666E-1 4.26046E-1 4.22846E-1 4.20432E-1 4.20322E-1 4.23876E-1 4.21954E-1 4.2109E-1 4.20231E-1 4.17279E-1 4.12818E-1 4.11634E-1 4.12698E-1 4.06031E-1 4.03819E-1 4.1052E-1 4.11938E-1 4.16776E-1 4.26167E-1 -9999 -9999 -9999 -9999 -9999 -9999 -9999 9.5548E-1 -9999 -9999 -9999 -9999 -9999 9.57415E-1
4.03719E-1 4.0699E-1 4.08043E-1 4.09192E-1 4.07118E-1 4.11799E-1 4.15088E-1 4.17726E-1 4.22375E-1 4.22164E-1 4.23574E-1 4.23792E-1 4.22308E-1 4.23896E-1 4.2676E-1 4.28296E-1 4.2678E-1 4.28401E-1 4.31255E-1 4.32003E-1 4.28893E-1 4.30243E-1 4.30587E-1 4.28889E-1 4.46147E-1 4.50639E-1 4.33543E-1 4.31929E-1 4.28988E-1 4.27432E-1 4.2418E-1 4.21875E-1 4.23131E-1 4.21903E-1 4.24871E-1 4.22872E-1 4.1891E-1 4.16304E-1 4.13493E-1 4.13609E-1 4.11638E-1 4.10888E-1 4.06123E-1 4.05216E-1 4.13493E-1 4.17691E-1 4.26751E-1 5.74603E-1 -9999 -9999 -9999 -9999 -9999 -9999 -9999 -9999 -9999 -9999 5.92966E-1 5.16526E-1 -9999
4.08809E-1 4.0982E-1 4.08308E-1 4.10126E-1 4.13184E-1 4.16144E-1 4.15921E-1 4.16745E-1 4.14915E-1 4.17575E-1 4.21084E-1 4.21462E-1 4.24607E-1 4.27646E-1 4.30332E-1 4.30039E-1 4.30835E-1 4.31969E-1 4.31287E-1 4.29931E-1 4.30777E-1 4.3053E-1 4.30509E-1 4.32045E-1 4.33434E-1 4.33996E-1 4.29651E-1 4.27632E-1 4.2853E-1 4.29171E-1 4.31001E-1 4.29776E-1 4.26864E-1 4.23472E-1 4.22482E-1 4.21235E-1 4.21636E-1 4.17101E-1 4.11281E-1 4.15309E-1 4.10043E-1 4.06909E-1 4.06692E-1 4.06727E-1 4.06052E-1 4.02824E-1 4.14001E-1 4.25328E-1 4.31317E-1 4.4216E-1 4.47013E-1 -9999 -9999 -9999 -9999 -9999 -9999 -9999 4.87033E-1 4.80528E-1 4.91189E-1
4.06556E-1 4.08412E-1 4.09798E-1 4.15541E-1 4.18176E-1 4.1497E-1 4.17157E-1 4.1921E-1 4.15865E-1 4.18105E-1 4.22062E-1 4.26754E-1 4.28584E-1 4.29467E-1 4.30484E-1 4.34611E-1 4.3122E-1 4.33855E-1 4.33649E-1 4.3389E-1 4.32463E-1 4.3333E-1 4.34041E-1 4.37817E-1 4.37537E-1 4.32576E-1 4.3363E-1 4.32004E-1 4.31514E-1 4.31793E-1 4.30584E-1 4.27381E-1 4.29683E-1 4.27385E-1 4.26484E-1 4.25765E-1 4.21714E-1 4.17709E-1 4.18426E-1 4.20584E-1 4.16637E-1 4.10347E-1 4.07492E-1 4.06075E-1 4.0475E-1 4.0458E-1 4.08099E-1 4.13588E-1 4.19273E-1 4.28489E-1 4.41985E-1 4.57853E-1 -9999 -9999 -9999 -9999 -9999 -9999 4.77722E-1 4.67955E-1 5.26567E-1
4.11267E-1 4.1225E-1 4.15581E-1 4.19008E-1 4.18487E-1 4.18547E-1 4.19365E-1 4.22926E-1 4.24453E-1 4.28024E-1 4.27796E-1 4.30522E-1 4.30152E-1 4.29981E-1 4.34738E-1 4.35945E-1 4.39719E-1 4.38449E-1 4.37229E-1 4.37333E-1 4.37417E-1 4.37048E-1 4.35674E-1 4.36629E-1 4.35798E-1 4.35293E-1 4.36967E-1 4.36513E-1 4.3743E-1 4.36627E-1 4.344E-1 4.32254E-1 4.33767E-1 4.29977E-1 4.28764E-1 4.27525E-1 4.24677E-1 4.26967E-1 4.20721E-1 4.19007E-1 4.16486E-1 4.13826E-1 4.11033E-1 4.08595E-1 4.09471E-1 4.10779E-1 4.1159E-1 4.13141E-1 4.18102E-1 4.24496E-1 4.32999E-1 4.42534E-1 4.54272E-1 -9999 -9999 -9999 -9999 -9999 -9999 -9999 5.60088E-1
4.11914E-1 4.13956E-1 4.19599E-1 4.22599E-1 4.22909E-1 4.20946E-1 4.20601E-1 4.22458E-1 4.27E-1 4.28923E-1 4.27314E-1 4.3151E-1 4.30683E-1 4.34229E-1 4.36066E-1 4.40973E-1 4.44013E-1 4.40178E-1 4.40751E-1 4.41453E-1 4.41764E-1 4.42548E-1 4.43954E-1 4.41231E-1 4.38758E-1 4.44061E-1 4.4152E-1 4.4088E-1 4.37903E-1 4.38248E-1 4.36965E-1 4.32372E-1 4.32891E-1 4.37924E-1 4.32796E-1 4.32347E-1 4.32429E-1 4.27828E-1 4.22984E-1 4.22629E-1 4.21822E-1 4.18098E-1 4.15317E-1 4.13049E-1 4.14463E-1 4.16808E-1 4.17924E-1 4.18787E-1 4.21748E-1 4.25888E-1 4.34516E-1 4.41565E-1 4.53047E-1 4.58813E-1 -9999 -9999 -9999 -9999 4.74707E-1 4.79905E-1 4.81284E-1
4.12964E-1 4.18172E-1 4.2298E-1 4.2389E-1 4.23373E-1 4.26068E-1 4.26509E-1 4.26142E-1 4.30968E-1 4.34076E-1 4.31358E-1 4.35008E-1 4.35783E-1 4.41413E-1 4.41748E-1 4.44225E-1 4.46479E-1 4.45352E-1 4.43153E-1 4.40518E-1 4.39775E-1 4.43815E-1 4.53935E-1 4.47344E-1 4.43862E-1 4.46328E-1 4.45084E-1 4.44327E-1 4.40719E-1 4.41729E-1 4.44071E-1 4.39715E-1 4.39818E-1 4.38106E-1 4.36408E-1 4.35269E-1 4.30754E-1 4.2738E-1 4.26786E-1 4.22688E-1 4.23119E-1 4.19682E-1 4.17539E-1 4.17258E-1 4.16257E-1 4.21971E-1 4.26681E-1 4.31458E-1 4.3179E-1 4.36263E-1 4.46233E-1 4.55804E-1 4.54376E-1 4.64415E-1 -9999 -9999 -9999 4.76701E-1 4.75605E-1 4.67779E-1 4.73179E-1
4.19358E-1 4.22098E-1 4.2467E-1 4.27925E-1 4.28165E-1 4.27858E-1 4.33005E-1 4.34842E-1 4.36693E-1 4.41255E-1 4.43709E-1 4.43731E-1 4.43404E-1 4.44367E-1 4.44036E-1 4.45902E-1 4.42161E-1 4.44582E-1 4.47329E-1 4.48328E-1 4.44937E-1 4.44941E-1 4.46999E-1 4.48874E-1 4.51971E-1 4.54174E-1 4.46224E-1 4.46171E-1 4.47382E-1 4.46666E-1 4.45444E-1 4.43715E-1 4.41119E-1 4.41704E-1 4.3829E-1 4.36728E-1 4.34607E-1 4.35357E-1 4.30888E-1 4.26527E-1 4.3079E-1 4.26958E-1 4.23914E-1 4.22405E-1 4.23694E-1 4.26585E-1 4.33943E-1 4.38663E-1 4.39114E-1 4.45092E-1 4.52385E-1 4.55785E-1 4.63205E-1 4.64974E-1 4.61464E-1 4.62971E-1 4.76618E-1 4.77275E-1 4.76196E-1 4.70793E-1 4.71873E-1
4.23014E-1 4.23146E-1 4.25251E-1 4.28897E-1 4.30387E-1 4.33599E-1 4.35404E-1 4.38151E-1 4.43478E-1 4.4394E-1 4.45608E-1 4.45414E-1 4.46294E-1 4.45907E-1 4.46034E-1 4.44457E-1 4.47124E-1 4.48056E-1 4.49572E-1 4.53524E-1 4.51698E-1 4.51788E-1 4.51614E-1 4.51362E-1 4.5216E-1 4.49444E-1 4.50573E-1 4.49805E-1 4.526E-1 4.50433E-1 4.48034E-1 4.48726E-1 4.4578E-1 4.44224E-1 4.42009E-1 4.41772E-1 4.40129E-1 4.40144E-1 4.41762E-1 4.38857E-1 4.32561E-1 4.27777E-1 4.26126E-1 4.24417E-1 4.25951E-1 4.38618E-1 4.45848E-1 4.44235E-1 4.4558E-1 4.51426E-1 4.53967E-1 4.56464E-1 4.53033E-1 4.56506E-1 4.4988E-1 4.5355E-1 4.74357E-1 4.82295E-1 4.76138E-1 4.69343E-1 4.72099E-1
4.25345E-1 4.30263E-1 4.327E-1 4.35575E-1 4.39353E-1 4.41516E-1 4.44385E-1 4.41494E-1 4.42297E-1 4.45472E-1 4.46212E-1 4.463E-1 4.49475E-1 4.51909E-1 4.48423E-1 4.50975E-1 4.56095E-1 4.62741E-1 4.63604E-1 4.59169E-1 4.57023E-1 4.56475E-1 4.55751E-1 4.55097E-1 4.55278E-1 4.59047E-1 4.55018E-1 4.53627E-1 4.56312E-1 4.50155E-1 4.47665E-1 4.50595E-1 4.47574E-1 4.53678E-1 4.4698E-1 4.43047E-1 4.42713E-1 4.42385E-1 4.41378E-1 4.39761E-1 4.37654E-1 4.36561E-1 4.33224E-1 4.33981E-1 4.39314E-1 4.40183E-1 4.41112E-1 4.50535E-1 4.45326E-1 4.431E-1 4.4923E-1 4.53815E-1 4.49157E-1 4.49284E-1 4.50792E-1 4.50857E-1 4.58365E-1 4.62579E-1 4.62192E-1 4.61657E-1 4.65116E-1
4.26925E-1 4.34138E-1 4.32422E-1 4.3672E-1 4.42718E-1 4.42191E-1 4.49646E-1 4.47736E-1 4.44837E-1 4.4157E-1 4.43635E-1 4.4497E-1 4.50037E-1 4.57214E-1 4.56816E-1 4.56596E-1 4.64676E-1 4.63112E-1 4.70496E-1 4.71119E-1 4.67598E-1 4.63554E-1 4.64182E-1 4.60296E-1 4.61979E-1 4.65083E-1 4.64281E-1 4.63349E-1 4.61542E-1 4.57193E-1 4.51562E-1 4.53704E-1 4.54666E-1 4.55495E-1 4.52752E-1 4.51367E-1 4.48629E-1 4.4609E-1 4.45754E-1 4.45517E-1 4.44097E-1 4.45423E-1 4.4232E-1 4.40269E-1 4.40436E-1 4.39691E-1 4.39847E-1 4.44398E-1 4.42146E-1 4.37943E-1 4.44397E-1 4.43923E-1 4.4949E-1 4.53484E-1 4.5666E-1 4.60602E-1 4.55954E-1 4.56354E-1 4.55913E-1 4.58013E-1 4.63082E-1
4.30052E-1 4.34295E-1 4.38268E-1 4.39703E-1 4.46597E-1 4.49069E-1 4.53096E-1 4.48921E-1 4.45185E-1 4.49884E-1 4.549E-1 4.58347E-1 4.50422E-1 4.56171E-1 4.54781E-1 4.56431E-1 4.66047E-1 4.66708E-1 4.6746E-1 4.70595E-1 4.70598E-1 4.65312E-1 4.65641E-1 4.68654E-1 4.66367E-1 4.62773E-1 4.6131E-1 4.65312E-1 4.67986E-1 4.60514E-1 4.5763E-1 4.58106E-1 4.55245E-1 4.57492E-1 4.56384E-1 4.52624E-1 4.52946E-1 4.52513E-1 4.50405E-1 4.5404E-1 4.55016E-1 4.48153E-1 4.44408E-1 4.44531E-1 4.4854E-1 4.47098E-1 4.46609E-1 4.50311E-1 4.52884E-1 4.50815E-1 4.51521E-1 4.52641E-1 4.5455E-1 4.5517E-1 4.62474E-1 4.65051E-1 4.62604E-1 4.59634E-1 4.57728E-1 4.60629E-1 4.64153E-1
4.33955E-1 4.43052E-1 4.40445E-1 4.43338E-1 4.45808E-1 4.51492E-1 4.51536E-1 4.54846E-1 4.52565E-1 4.55802E-1 4.50829E-1 4.57071E-1 4.61865E-1 4.63972E-1 4.63615E-1 4.66152E-1 4.67328E-1 4.67659E-1 4.64791E-1 4.70349E-1 4.73162E-1 4.72042E-1 4.66378E-1 4.6764E-1 4.68119E-1 4.67855E-1 4.69894E-1 4.68674E-1 4.72891E-1 4.69392E-1 4.61089E-1 4.59807E-1 4.61886E-1 4.65378E-1 4.6225E-1 4.612E-1 4.62265E-1 4.59335E-1 4.59152E-1 4.62571E-1 4.6026E-1 4.52534E-1 4.50478E-1 4.52081E-1 4.49855E-1 4.53942E-1 4.52379E-1 4.53362E-1 4.54146E-1 4.57464E-1 4.5921E-1 4.58742E-1 4.5994E-1 4.68491E-1 4.86622E-1 4.72135E-1 4.67613E-1 4.62516E-1 4.6342E-1 4.63743E-1 4.6321E-1
4.41047E-1 4.44888E-1 4.49452E-1 4.71015E-1 4.97441E-1 4.88429E-1 4.69158E-1 4.59359E-1 4.57924E-1 4.56776E-1 4.50491E-1 4.51598E-1 4.58615E-1 4.56463E-1 4.646E-1 4.68543E-1 4.81058E-1 4.72101E-1 4.73635E-1 4.71999E-1 4.77592E-1 4.7979E-1 4.78242E-1 4.77706E-1 4.7738E-1 4.76698E-1 4.73744E-1 4.7265E-1 4.70312E-1 4.71296E-1 4.69453E-1 4.70144E-1 4.69609E-1 4.71179E-1 4.71155E-1 4.72566E-1 4.73738E-1 4.66942E-1 4.64077E-1 4.64097E-1 4.6405E-1 4.60165E-1 4.56528E-1 4.59819E-1 4.55704E-1 4.578E-1 4.64E-1 4.58876E-1 4.56944E-1 4.63389E-1 4.65504E-1 4.64252E-1 4.72185E-1 4.76142E-1 4.79453E-1 4.71051E-1 4.68799E-1 4.71252E-1 4.71997E-1 4.6665E-1 4.67228E-1
4.46187E-1 4.54428E-1 4.8043E-1 5.26496E-1 5.16826E-1 5.25824E-1 5.20194E-1 4.81385E-1 4.65832E-1 4.60286E-1 4.56938E-1 4.67931E-1 4.55331E-1 4.52559E-1 4.62331E-1 4.63096E-1 4.74196E-1 4.6699E-1 4.74534E-1 4.79345E-1 4.78792E-1 4.84078E-1 4.85785E-1 4.89912E-1 4.86547E-1 4.84629E-1 4.75824E-1 4.77099E-1 4.77168E-1 4.73717E-1 4.76179E-1 4.79717E-1 4.7701E-1 4.76793E-1 4.78362E-1 4.7903E-1 4.82277E-1 4.83593E-1 4.79569E-1 4.74034E-1 4.71164E-1 4.69938E-1 4.71905E-1 4.72865E-1 4.71133E-1 4.68969E-1 4.66482E-1 4.62729E-1 4.66529E-1 4.67429E-1 4.70969E-1 4.69933E-1 4.72839E-1 4.68957E-1 4.71653E-1 4.66008E-1 4.70285E-1 4.7296E-1 4.72165E-1 4.70173E-1 4.72378E-1
4.53858E-1 4.59052E-1 5.12981E-1 5.48343E-1 5.45061E-1 5.68318E-1 5.74563E-1 5.50527E-1 4.75083E-1 4.62966E-1 4.71711E-1 4.77499E-1 4.53036E-1 4.55732E-1 4.5912E-1 4.66823E-1 4.72747E-1 4.78864E-1 5.00589E-1 4.92747E-1 4.83538E-1 4.8515E-1 4.91587E-1 4.90069E-1 4.8936E-1 4.84958E-1 4.84609E-1 4.86395E-1 4.86091E-1 4.87189E-1 4.84529E-1 4.89156E-1 4.88886E-1 4.85331E-1 4.86595E-1 4.88203E-1 4.87344E-1 4.85692E-1 4.88094E-1 4.79573E-1 4.78778E-1 4.73112E-1 4.7596E-1 4.79981E-1 4.76273E-1 4.79001E-1 4.77956E-1 4.77635E-1 4.76192E-1 4.74915E-1 4.74006E-1 4.73576E-1 4.73407E-1 4.74137E-1 4.71616E-1 4.74079E-1 4.72894E-1 4.77952E-1 4.76237E-1 4.69038E-1 4.66156E-1
4.55287E-1 4.72366E-1 5.49711E-1 5.70735E-1 5.78768E-1 5.83362E-1 5.86239E-1 5.43438E-1 4.80958E-1 4.72391E-1 4.76114E-1 4.65919E-1 4.6983E-1 4.65387E-1 4.63503E-1 4.68977E-1 4.8922E-1 4.72164E-1 4.86183E-1 5.09259E-1 4.93278E-1 4.88485E-1 4.8776E-1 4.9443E-1 4.91184E-1 4.88649E-1 4.8757E-1 4.86909E-1 4.86553E-1 4.86895E-1 4.9188E-1 4.94452E-1 4.9245E-1 4.87628E-1 4.88247E-1 4.93181E-1 4.90876E-1 4.87241E-1 4.87053E-1 4.8386E-1 4.78955E-1 4.81221E-1 4.82884E-1 4.82977E-1 4.75006E-1 4.67109E-1 4.68566E-1 4.73755E-1 4.76545E-1 4.81473E-1 4.85945E-1 4.85752E-1 4.86994E-1 4.77277E-1 4.80138E-1 4.7962E-1 4.772E-1 4.8154E-1 4.75974E-1 4.70926E-1 4.64561E-1
4.54143E-1 4.60377E-1 5.29815E-1 5.55006E-1 5.56283E-1 5.73661E-1 5.80219E-1 5.12038E-1 4.75985E-1 4.77114E-1 4.73639E-1 4.71748E-1 4.73765E-1 4.77476E-1 4.904E-1 5.1658E-1 5.03034E-1 4.97348E-1 4.86936E-1 4.9313E-1 4.90118E-1 4.90189E-1 4.95712E-1 4.93918E-1 4.88757E-1 4.86415E-1 4.86247E-1 4.89507E-1 4.94633E-1 4.8838E-1 4.90507E-1 4.89209E-1 4.92708E-1 4.94008E-1 4.96148E-1 4.95438E-1 4.94771E-1 4.94857E-1 4.9289E-1 4.87487E-1 4.82212E-1 4.86039E-1 4.90235E-1 4.86328E-1 4.74224E-1 4.74744E-1 4.75069E-1 4.82313E-1 4.85776E-1 4.92538E-1 4.9275E-1 4.90964E-1 4.76498E-1 4.83654E-1 4.83915E-1 4.80219E-1 4.80405E-1 4.75073E-1 4.6751E-1 4.67384E-1 4.68453E-1
