maxent_outputs/white_flowers_linear/white_261.asc
ncols         426
nrows         180
xllcorner     -130.0
yllcorner     24.0
cellsize      0.16666666666666666
NODATA_value  -9999
[rows 81 to 107 of 180, columns 122 to 182 of 426]
2.1775E-1 2.10439E-1 2.24338E-1 2.23809E-1 2.20402E-1 2.26408E-1 2.31047E-1 2.26286E-1 2.2658E-1 2.34074E-1 2.32399E-1 2.44081E-1 2.55174E-1 2.64807E-1 2.56855E-1 2.47467E-1 2.43685E-1 2.8184E-1 2.69162E-1 2.71092E-1 2.70641E-1 2.60325E-1 2.45996E-1 2.40874E-1 2.68038E-1 2.71495E-1 2.77728E-1 2.60435E-1 2.5262E-1 2.56198E-1 2.52134E-1 2.42023E-1 2.38247E-1 2.41515E-1 2.40068E-1 2.38299E-1 2.42655E-1 2.45048E-1 2.43287E-1 2.4742E-1 2.5182E-1 2.59056E-1 2.62335E-1 2.69741E-1 2.73812E-1 2.70615E-1 2.71202E-1 2.72534E-1 2.79473E-1 2.82031E-1 2.8535E-1 2.81269E-1 2.87943E-1 2.91261E-1 2.92259E-1 2.90385E-1 2.88677E-1 2.92063E-1 2.96208E-1 2.98135E-1 2.97752E-1
2.10353E-1 2.12082E-1 2.12175E-1 2.18134E-1 2.23964E-1 2.23378E-1 2.14939E-1 2.20143E-1 2.27136E-1 2.47549E-1 2.56375E-1 2.56704E-1 2.67551E-1 2.79139E-1 2.80157E-1 2.83647E-1 2.6147E-1 2.76406E-1 2.5136E-1 2.19595E-1 2.53318E-1 2.50921E-1 2.42479E-1 2.4204E-1 2.62127E-1 2.79175E-1 2.84455E-1 2.61069E-1 2.55361E-1 2.49074E-1 2.43445E-1 2.37607E-1 2.36613E-1 2.34787E-1 2.39466E-1 2.44022E-1 2.42583E-1 2.3962E-1 2.4649E-1 2.44621E-1 2.46582E-1 2.57756E-1 2.63584E-1 2.69994E-1 2.72025E-1 2.72417E-1 2.70654E-1 2.71587E-1 2.73409E-1 2.80294E-1 2.85868E-1 2.88239E-1 2.90955E-1 2.98038E-1 3.0254E-1 2.984E-1 2.94481E-1 2.9809E-1 3.08652E-1 3.11133E-1 3.04473E-1
2.04687E-1 2.1385E-1 2.13738E-1 2.13195E-1 2.15399E-1 2.2727E-1 2.36803E-1 2.27455E-1 2.2938E-1 2.46647E-1 2.43411E-1 2.49661E-1 2.61518E-1 2.64027E-1 2.59547E-1 2.58263E-1 2.29604E-1 2.42097E-1 2.46827E-1 1.97442E-1 1.97146E-1 2.23423E-1 2.06115E-1 2.33525E-1 2.49244E-1 2.73339E-1 2.84617E-1 2.71351E-1 2.55619E-1 2.49827E-1 2.4712E-1 2.44154E-1 2.38421E-1 2.36109E-1 2.40979E-1 2.34252E-1 2.33163E-1 2.4037E-1 2.44972E-1 2.46249E-1 2.51279E-1 2.60488E-1 2.66642E-1 2.7122E-1 2.75013E-1 2.76742E-1 2.77262E-1 2.78703E-1 2.79705E-1 2.86112E-1 2.85748E-1 2.93322E-1 2.98378E-1 3.03551E-1 3.07193E-1 3.05398E-1 3.03511E-1 3.07263E-1 3.14393E-1 3.18485E-1 3.09595E-1
2.23766E-1 2.3633E-1 2.35916E-1 2.45736E-1 2.45888E-1 2.58991E-1 2.5508E-1 2.37973E-1 2.41754E-1 2.46891E-1 2.43741E-1 2.44571E-1 2.57078E-1 2.421E-1 2.21864E-1 2.38813E-1 2.2921E-1 2.24131E-1 2.29692E-1 2.26007E-1 2.16373E-1 2.20886E-1 2.26156E-1 2.24679E-1 2.57558E-1 2.64933E-1 2.77894E-1 2.91851E-1 2.82739E-1 2.6234E-1 2.51539E-1 2.45179E-1 2.46784E-1 2.40049E-1 2.47682E-1 2.41693E-1 2.38927E-1 2.42455E-1 2.43929E-1 2.51794E-1 2.5468E-1 2.63263E-1 2.64494E-1 2.63427E-1 2.72822E-1 2.80208E-1 2.84237E-1 2.84704E-1 2.88356E-1 2.88401E-1 2.86104E-1 2.93136E-1 2.98432E-1 3.03406E-1 3.07101E-1 3.06588E-1 3.06635E-1 3.09603E-1 3.14704E-1 3.17649E-1 3.12942E-1
2.39867E-1 2.42949E-1 2.4799E-1 2.61519E-1 2.71299E-1 2.6733E-1 2.48976E-1 2.45363E-1 2.47302E-1 2.38803E-1 2.39893E-1 2.36023E-1 2.31309E-1 2.08095E-1 2.19515E-1 2.36655E-1 2.29715E-1 2.11918E-1 2.19329E-1 2.30602E-1 2.21085E-1 2.16562E-1 2.17765E-1 2.30665E-1 2.66387E-1 2.56525E-1 2.58307E-1 2.96502E-1 2.96152E-1 2.69024E-1 2.53323E-1 2.51602E-1 2.50501E-1 2.43206E-1 2.51133E-1 2.47957E-1 2.51197E-1 2.47525E-1 2.44511E-1 2.5039E-1 2.58702E-1 2.62698E-1 2.63135E-1 2.6971E-1 2.68146E-1 2.67208E-1 2.78192E-1 2.81573E-1 2.76847E-1 2.79857E-1 2.88698E-1 2.91828E-1 2.96749E-1 3.04057E-1 3.0717E-1 3.06892E-1 3.07714E-1 3.12449E-1 3.13343E-1 3.15391E-1 3.14861E-1
2.57128E-1 2.57186E-1 2.63358E-1 2.59675E-1 2.67932E-1 2.62687E-1 2.45854E-1 2.36398E-1 2.24489E-1 2.29529E-1 2.49143E-1 2.74307E-1 2.81392E-1 2.5723E-1 2.38981E-1 2.26334E-1 2.22074E-1 2.16888E-1 2.25084E-1 2.18171E-1 2.11751E-1 2.10085E-1 2.12318E-1 2.11752E-1 2.39601E-1 2.37535E-1 2.33128E-1 2.8033E-1 2.81189E-1 2.59943E-1 2.42229E-1 2.44883E-1 2.45006E-1 2.44764E-1 2.51169E-1 2.52089E-1 2.52286E-1 2.45435E-1 2.45955E-1 2.49923E-1 2.56381E-1 2.64889E-1 2.66404E-1 2.69717E-1 2.70196E-1 2.67002E-1 2.7578E-1 2.77831E-1 2.76475E-1 2.75846E-1 2.79963E-1 2.8216E-1 2.9364E-1 2.9838E-1 3.03491E-1 3.05724E-1 3.09942E-1 3.11919E-1 3.14773E-1 3.12783E-1 3.14936E-1
2.50018E-1 2.61257E-1 2.79933E-1 2.84518E-1 2.88294E-1 2.92842E-1 2.75739E-1 2.75623E-1 2.79355E-1 2.7508E-1 2.44359E-1 2.40906E-1 2.46399E-1 2.24042E-1 2.395E-1 2.22101E-1 2.34671E-1 2.28332E-1 2.12224E-1 2.0638E-1 1.95636E-1 2.04642E-1 2.06988E-1 1.99423E-1 2.18067E-1 2.02479E-1 2.11285E-1 2.45437E-1 2.46185E-1 2.37142E-1 2.25339E-1 2.33518E-1 2.38495E-1 2.39496E-1 2.4123E-1 2.43241E-1 2.37985E-1 2.42327E-1 2.44187E-1 2.48844E-1 2.56029E-1 2.62206E-1 2.67659E-1 2.71125E-1 2.7274E-1 2.7149E-1 2.74771E-1 2.77871E-1 2.75437E-1 2.75409E-1 2.76055E-1 2.81138E-1 2.90408E-1 2.9889E-1 3.0318E-1 3.062E-1 3.0765E-1 3.09981E-1 3.1002E-1 3.10837E-1 3.16221E-1
2.52949E-1 2.86611E-1 2.86321E-1 2.59323E-1 2.66792E-1 2.71297E-1 2.87738E-1 2.86443E-1 2.82504E-1 2.72412E-1 2.43357E-1 2.12194E-1 2.03286E-1 2.00669E-1 2.23184E-1 2.10324E-1 2.09952E-1 2.12274E-1 1.95381E-1 1.94242E-1 1.86098E-1 2.01946E-1 1.76275E-1 1.53014E-1 1.85453E-1 2.0632E-1 2.03603E-1 2.13011E-1 2.25723E-1 2.03693E-1 1.99188E-1 2.19257E-1 2.24344E-1 2.27625E-1 2.30584E-1 2.35834E-1 2.36307E-1 2.39821E-1 2.4172E-1 2.48554E-1 2.54339E-1 2.58762E-1 2.66972E-1 2.70936E-1 2.74254E-1 2.7436E-1 2.73781E-1 2.7944E-1 2.78739E-1 2.76077E-1 2.79796E-1 2.83859E-1 2.94915E-1 2.98483E-1 3.01347E-1 3.03252E-1 3.07033E-1 3.12802E-1 3.14227E-1 3.12812E-1 3.17802E-1
2.75372E-1 2.66826E-1 2.49926E-1 2.71588E-1 2.79534E-1 2.73011E-1 2.86084E-1 2.95047E-1 2.59986E-1 2.25333E-1 2.09644E-1 1.92957E-1 1.96441E-1 2.02699E-1 2.03661E-1 1.78418E-1 1.81145E-1 1.87051E-1 1.77062E-1 1.9203E-1 1.90893E-1 1.92947E-1 1.44542E-1 1.366E-1 1.62289E-1 1.68036E-1 1.72976E-1 1.83491E-1 2.07676E-1 1.98748E-1 1.95199E-1 2.09984E-1 2.14523E-1 2.19187E-1 2.27416E-1 2.3587E-1 2.43379E-1 2.44402E-1 2.43309E-1 2.45228E-1 2.51164E-1 2.53462E-1 2.58097E-1 2.63632E-1 2.69272E-1 2.68961E-1 2.77529E-1 2.81411E-1 2.81263E-1 2.83524E-1 2.84421E-1 2.88608E-1 2.99299E-1 3.02549E-1 2.98681E-1 3.00243E-1 3.0776E-1 3.19022E-1 3.26616E-1 3.22638E-1 3.17921E-1
2.46191E-1 2.48136E-1 2.55766E-1 2.75276E-1 2.42617E-1 2.39337E-1 2.68732E-1 2.82338E-1 2.76183E-1 2.44872E-1 2.5948E-1 2.35864E-1 2.45658E-1 2.21597E-1 2.04782E-1 1.79486E-1 1.66939E-1 1.75359E-1 1.69725E-1 1.82195E-1 2.05065E-1 1.90849E-1 1.46974E-1 1.34879E-1 1.47942E-1 1.58701E-1 1.59497E-1 1.76786E-1 2.14429E-1 2.30119E-1 2.13131E-1 2.16796E-1 2.12989E-1 2.2081E-1 2.30159E-1 2.42939E-1 2.47577E-1 2.52286E-1 2.47805E-1 2.50113E-1 2.50078E-1 2.48485E-1 2.51211E-1 2.6021E-1 2.66429E-1 2.74306E-1 2.85312E-1 2.84625E-1 2.88015E-1 2.89782E-1 2.94199E-1 3.0186E-1 3.07722E-1 3.06291E-1 3.02991E-1 3.04475E-1 3.13434E-1 3.2407E-1 3.31017E-1 3.22037E-1 3.19714E-1
2.67156E-1 2.72192E-1 2.81491E-1 2.91187E-1 2.83464E-1 2.37599E-1 2.32305E-1 2.75908E-1 2.80687E-1 2.73398E-1 2.74681E-1 2.65626E-1 2.41927E-1 2.02638E-1 1.92178E-1 1.78688E-1 1.59211E-1 1.73591E-1 1.77795E-1 1.79825E-1 2.04092E-1 1.83069E-1 1.60986E-1 1.48587E-1 1.60107E-1 1.61345E-1 1.74436E-1 1.76525E-1 2.15272E-1 2.46607E-1 2.38207E-1 2.35696E-1 2.30457E-1 2.29285E-1 2.3733E-1 2.42153E-1 2.50261E-1 2.55798E-1 2.49905E-1 2.51191E-1 2.4534E-1 2.44183E-1 2.49076E-1 2.56014E-1 2.64371E-1 2.73147E-1 2.80042E-1 2.84126E-1 2.85158E-1 2.89446E-1 2.99746E-1 3.1065E-1 3.1584E-1 3.22286E-1 3.18683E-1 3.20496E-1 3.26724E-1 3.28097E-1 3.27491E-1 3.21616E-1 3.20175E-1
2.8937E-1 2.78021E-1 2.50562E-1 2.50415E-1 2.93883E-1 2.69412E-1 2.29047E-1 2.54576E-1 2.67335E-1 2.65365E-1 2.64019E-1 2.37665E-1 2.01842E-1 1.84672E-1 1.80913E-1 1.71636E-1 1.46957E-1 1.58158E-1 1.76438E-1 1.82698E-1 2.03706E-1 2.00465E-1 1.90983E-1 1.76249E-1 1.78242E-1 2.10134E-1 2.37217E-1 2.34868E-1 2.50608E-1 2.49277E-1 2.49653E-1 2.45744E-1 2.42657E-1 2.41949E-1 2.45877E-1 2.48505E-1 2.55763E-1 2.56451E-1 2.48231E-1 2.4491E-1 2.46357E-1 2.45837E-1 2.48624E-1 2.56114E-1 2.61218E-1 2.69161E-1 2.7705E-1 2.83038E-1 2.86392E-1 2.89109E-1 2.98008E-1 3.06189E-1 3.18217E-1 3.18174E-1 3.22297E-1 3.25002E-1 3.26169E-1 3.27809E-1 3.21409E-1 3.18803E-1 3.20637E-1
2.79082E-1 2.68969E-1 2.39457E-1 2.44433E-1 2.82824E-1 2.82897E-1 2.6472E-1 2.40335E-1 2.38486E-1 2.42162E-1 2.4889E-1 2.33346E-1 1.8849E-1 1.67568E-1 1.56326E-1 1.43845E-1 1.43971E-1 1.41618E-1 1.51926E-1 1.68609E-1 1.9858E-1 1.86466E-1 2.09045E-1 2.18153E-1 2.31286E-1 2.42241E-1 2.72513E-1 2.81677E-1 2.70095E-1 2.60271E-1 2.56486E-1 2.52968E-1 2.5201E-1 2.46618E-1 2.49414E-1 2.52767E-1 2.5524E-1 2.519E-1 2.4987E-1 2.47694E-1 2.44038E-1 2.47616E-1 2.50311E-1 2.52803E-1 2.60602E-1 2.6882E-1 2.75581E-1 2.79733E-1 2.86446E-1 2.90587E-1 2.95195E-1 3.05077E-1 3.16244E-1 3.20503E-1 3.19735E-1 3.23551E-1 3.27089E-1 3.30743E-1 3.3222E-1 3.2643E-1 3.23641E-1
2.60552E-1 2.5031E-1 2.46879E-1 2.64324E-1 2.82524E-1 2.69009E-1 2.70087E-1 2.65648E-1 2.4709E-1 2.18655E-1 2.18619E-1 2.31443E-1 2.05041E-1 1.85669E-1 1.64832E-1 1.57125E-1 1.58003E-1 1.46883E-1 1.76137E-1 1.84277E-1 1.93656E-1 1.86883E-1 1.6117E-1 1.98622E-1 1.90347E-1 1.94593E-1 1.99762E-1 2.54975E-1 2.65089E-1 2.65305E-1 2.71208E-1 2.59068E-1 2.57612E-1 2.55278E-1 2.5189E-1 2.52159E-1 2.53494E-1 2.54812E-1 2.55844E-1 2.54012E-1 2.48853E-1 2.50798E-1 2.52857E-1 2.57082E-1 2.65257E-1 2.67967E-1 2.76559E-1 2.80764E-1 2.88823E-1 2.93773E-1 2.97277E-1 3.08869E-1 3.15474E-1 3.20279E-1 3.22278E-1 3.21887E-1 3.29453E-1 3.37024E-1 3.44677E-1 3.38565E-1 3.31822E-1
2.71364E-1 2.4686E-1 2.45706E-1 2.46176E-1 2.74473E-1 2.60928E-1 2.52926E-1 2.47228E-1 2.38341E-1 2.25763E-1 2.03659E-1 2.1691E-1 1.9574E-1 1.7513E-1 1.67351E-1 1.6386E-1 1.69411E-1 1.56298E-1 1.76508E-1 1.74899E-1 1.76155E-1 1.6582E-1 1.54785E-1 1.7991E-1 1.90814E-1 1.78333E-1 1.76657E-1 2.2297E-1 2.55216E-1 2.59411E-1 2.56271E-1 2.57048E-1 2.57982E-1 2.52688E-1 2.59093E-1 2.58756E-1 2.59431E-1 2.63375E-1 2.64911E-1 2.59814E-1 2.51261E-1 2.56465E-1 2.64139E-1 2.66083E-1 2.73349E-1 2.749E-1 2.81769E-1 2.8876E-1 2.91411E-1 2.9672E-1 3.01932E-1 3.12168E-1 3.18045E-1 3.1396E-1 3.17461E-1 3.23758E-1 3.26587E-1 3.37008E-1 3.45503E-1 3.4112E-1 3.38127E-1
2.58428E-1 2.37731E-1 2.08951E-1 2.15E-1 2.37961E-1 2.56182E-1 2.55809E-1 2.33898E-1 2.15789E-1 2.08766E-1 2.03384E-1 1.77293E-1 1.63271E-1 1.69441E-1 1.61908E-1 1.60757E-1 1.69695E-1 1.68219E-1 1.83717E-1 1.97751E-1 1.7033E-1 1.48104E-1 1.47687E-1 1.56084E-1 1.86723E-1 1.84082E-1 1.79969E-1 2.03433E-1 2.41086E-1 2.51331E-1 2.64944E-1 2.73396E-1 2.72339E-1 2.58873E-1 2.59616E-1 2.58046E-1 2.6467E-1 2.72194E-1 2.6609E-1 2.66001E-1 2.6195E-1 2.62927E-1 2.6627E-1 2.75865E-1 2.77438E-1 2.82369E-1 2.90451E-1 2.99734E-1 2.97728E-1 2.99488E-1 3.07803E-1 3.1499E-1 3.18788E-1 3.14222E-1 3.16504E-1 3.21811E-1 3.28134E-1 3.37184E-1 3.41594E-1 3.4E-1 3.37281E-1
2.65903E-1 2.50557E-1 2.49022E-1 2.2114E-1 2.21356E-1 2.44354E-1 2.25411E-1 2.16801E-1 2.15038E-1 2.16267E-1 1.98601E-1 1.84264E-1 1.70073E-1 1.64826E-1 1.62105E-1 1.54535E-1 1.70441E-1 1.76477E-1 1.88853E-1 1.75831E-1 1.60202E-1 1.53879E-1 1.53122E-1 1.52851E-1 1.72416E-1 1.92342E-1 2.08722E-1 2.29824E-1 2.58235E-1 2.62349E-1 2.62533E-1 2.6734E-1 2.81776E-1 2.75378E-1 2.68936E-1 2.69869E-1 2.7784E-1 2.92115E-1 2.8167E-1 2.73939E-1 2.75222E-1 2.71897E-1 2.73262E-1 2.73924E-1 2.82642E-1 2.86594E-1 2.91761E-1 2.96837E-1 2.99816E-1 3.02974E-1 3.10831E-1 3.12735E-1 3.16248E-1 3.15562E-1 3.18318E-1 3.2607E-1 3.31769E-1 3.36387E-1 3.38294E-1 3.34859E-1 3.34674E-1
2.76006E-1 2.63708E-1 2.73634E-1 2.67899E-1 2.49204E-1 2.32873E-1 2.39248E-1 2.30721E-1 2.25644E-1 2.25179E-1 2.25774E-1 2.13662E-1 1.84461E-1 1.88773E-1 1.91501E-1 1.86902E-1 1.85236E-1 2.00648E-1 1.99118E-1 1.97385E-1 1.61837E-1 1.48921E-1 1.49256E-1 1.52242E-1 1.79401E-1 1.90014E-1 1.742E-1 2.09385E-1 2.4063E-1 2.61268E-1 2.61782E-1 2.76129E-1 2.69616E-1 2.72914E-1 2.70632E-1 2.88659E-1 3.02202E-1 3.06E-1 2.9521E-1 2.9287E-1 2.74253E-1 2.71747E-1 2.73199E-1 2.77058E-1 2.85737E-1 2.90763E-1 2.99399E-1 3.00784E-1 3.03897E-1 3.08508E-1 3.10582E-1 3.09961E-1 3.13559E-1 3.16303E-1 3.22581E-1 3.22927E-1 3.28919E-1 3.33379E-1 3.34639E-1 3.29648E-1 3.31653E-1
2.76537E-1 2.69225E-1 2.65238E-1 2.67693E-1 2.73549E-1 2.59195E-1 2.44437E-1 2.34739E-1 2.23889E-1 2.14427E-1 2.39758E-1 2.15258E-1 2.0863E-1 2.14865E-1 2.03683E-1 1.92212E-1 2.09625E-1 2.00888E-1 1.92748E-1 2.1029E-1 1.97002E-1 1.55334E-1 1.52147E-1 1.53791E-1 1.61795E-1 1.68834E-1 1.8542E-1 2.08744E-1 2.23602E-1 2.46023E-1 2.5952E-1 2.55048E-1 2.61887E-1 2.57773E-1 2.6432E-1 2.84063E-1 2.8696E-1 2.84792E-1 2.72776E-1 2.75034E-1 2.72766E-1 2.79956E-1 2.86378E-1 2.85733E-1 2.88199E-1 2.97185E-1 3.01378E-1 3.05233E-1 3.07642E-1 3.12994E-1 3.1885E-1 3.23043E-1 3.23891E-1 3.24018E-1 3.31023E-1 3.33337E-1 3.36373E-1 3.35961E-1 3.36813E-1 3.38387E-1 3.39646E-1
2.68658E-1 2.66799E-1 2.71315E-1 2.70324E-1 2.69785E-1 2.69044E-1 2.56256E-1 2.42357E-1 2.39012E-1 2.21524E-1 2.34136E-1 2.21393E-1 2.17947E-1 2.23788E-1 2.24151E-1 1.99255E-1 2.04704E-1 2.07589E-1 1.92707E-1 1.99937E-1 1.84541E-1 1.61677E-1 1.60418E-1 1.68324E-1 1.61701E-1 1.68255E-1 1.85955E-1 1.9938E-1 2.27363E-1 2.37903E-1 2.61681E-1 2.6205E-1 2.57314E-1 2.55646E-1 2.63847E-1 2.66564E-1 2.5614E-1 2.52752E-1 2.64144E-1 2.69107E-1 2.73254E-1 2.80023E-1 2.86393E-1 2.91269E-1 2.94636E-1 2.9937E-1 3.07532E-1 3.07736E-1 3.11385E-1 3.13472E-1 3.18992E-1 3.28278E-1 3.36585E-1 3.36865E-1 3.37553E-1 3.41105E-1 3.42273E-1 3.51414E-1 3.49558E-1 3.51943E-1 3.59408E-1
2.61816E-1 2.59227E-1 2.62209E-1 2.69489E-1 2.5361E-1 2.55482E-1 2.71201E-1 2.54289E-1 2.37559E-1 2.35886E-1 2.46829E-1 2.27721E-1 2.21523E-1 2.40811E-1 2.28336E-1 2.21578E-1 2.07421E-1 2.10719E-1 2.1013E-1 1.94982E-1 1.93423E-1 1.78192E-1 1.66116E-1 1.70012E-1 1.61963E-1 1.67519E-1 1.89018E-1 2.05663E-1 2.28445E-1 2.38072E-1 2.49901E-1 2.318E-1 2.53435E-1 2.58772E-1 2.55368E-1 2.55651E-1 2.6648E-1 2.73264E-1 2.86711E-1 2.95312E-1 2.91568E-1 2.90681E-1 2.95534E-1 3.02061E-1 3.06336E-1 3.11561E-1 3.20205E-1 3.18428E-1 3.1967E-1 3.25248E-1 3.27275E-1 3.36516E-1 3.43465E-1 3.48163E-1 3.5254E-1 3.56456E-1 3.60628E-1 3.6737E-1 3.64183E-1 3.67013E-1 3.71082E-1
2.63465E-1 2.62743E-1 2.63464E-1 2.79118E-1 2.63269E-1 2.5063E-1 2.54805E-1 2.63395E-1 2.55008E-1 2.45389E-1 2.52615E-1 2.46264E-1 2.49979E-1 2.40601E-1 2.2847E-1 2.20407E-1 2.08999E-1 1.9895E-1 2.03609E-1 1.93801E-1 1.9344E-1 1.8177E-1 1.69672E-1 1.61341E-1 1.78145E-1 1.98719E-1 1.96181E-1 2.16316E-1 2.19149E-1 2.2517E-1 2.32812E-1 2.20404E-1 2.06459E-1 2.21876E-1 2.4876E-1 2.73519E-1 2.73053E-1 2.86961E-1 2.96996E-1 3.02291E-1 3.05643E-1 3.05391E-1 3.12032E-1 3.10231E-1 3.12558E-1 3.18213E-1 3.21477E-1 3.2193E-1 3.22321E-1 3.31132E-1 3.34008E-1 3.41288E-1 3.49051E-1 3.50271E-1 3.5288E-1 3.60768E-1 3.70072E-1 3.76167E-1 3.7604E-1 3.75492E-1 3.73471E-1
2.62719E-1 2.61655E-1 2.64018E-1 2.65652E-1 2.64431E-1 2.48238E-1 2.52616E-1 2.58742E-1 2.61446E-1 2.59066E-1 2.56556E-1 2.51672E-1 2.50975E-1 2.28798E-1 2.21219E-1 2.07745E-1 2.18927E-1 2.1353E-1 2.0323E-1 2.1166E-1 1.90875E-1 1.91438E-1 1.74522E-1 1.77061E-1 1.9657E-1 2.12548E-1 1.94282E-1 2.23027E-1 2.26615E-1 2.29647E-1 2.37744E-1 2.21817E-1 2.18552E-1 2.11742E-1 2.24832E-1 2.46273E-1 2.53987E-1 2.68048E-1 2.79044E-1 2.94359E-1 2.98018E-1 3.04691E-1 3.02286E-1 3.01933E-1 3.08414E-1 3.14688E-1 3.18709E-1 3.2189E-1 3.28747E-1 3.36002E-1 3.41821E-1 3.46904E-1 3.50856E-1 3.5471E-1 3.55919E-1 3.61037E-1 3.70584E-1 3.7578E-1 3.79433E-1 3.8185E-1 3.84674E-1
2.55665E-1 2.60055E-1 2.62144E-1 2.53305E-1 2.56631E-1 2.41528E-1 2.47679E-1 2.51565E-1 2.52333E-1 2.51538E-1 2.53768E-1 2.53313E-1 2.48548E-1 2.2658E-1 2.22466E-1 2.05174E-1 2.14794E-1 2.2118E-1 2.03129E-1 2.11992E-1 2.12586E-1 2.1738E-1 1.8841E-1 1.89169E-1 2.1219E-1 2.20299E-1 1.99176E-1 2.34411E-1 2.40053E-1 2.33725E-1 2.21256E-1 2.26641E-1 2.21524E-1 2.20441E-1 2.25188E-1 2.35959E-1 2.493E-1 2.67465E-1 2.84737E-1 2.93444E-1 2.96146E-1 2.99712E-1 3.03784E-1 3.13972E-1 3.15923E-1 3.23658E-1 3.26822E-1 3.2556E-1 3.25128E-1 3.34879E-1 3.48122E-1 3.52179E-1 3.48421E-1 3.44854E-1 3.45297E-1 3.52559E-1 3.65696E-1 3.72114E-1 3.78698E-1 3.8356E-1 3.87596E-1
2.56497E-1 2.5527E-1 2.4033E-1 2.37207E-1 2.5695E-1 2.52439E-1 2.50573E-1 2.49072E-1 2.44596E-1 2.45038E-1 2.37531E-1 2.38528E-1 2.36934E-1 2.15023E-1 2.14429E-1 2.10405E-1 2.25322E-1 2.35526E-1 2.1671E-1 2.32567E-1 2.37628E-1 2.36848E-1 2.09808E-1 1.96471E-1 2.12331E-1 2.17405E-1 1.94853E-1 2.22192E-1 2.35943E-1 2.30029E-1 2.2311E-1 2.24576E-1 2.25035E-1 2.30996E-1 2.3302E-1 2.42593E-1 2.56546E-1 2.71921E-1 2.83076E-1 2.9583E-1 3.01393E-1 3.04446E-1 3.13069E-1 3.18214E-1 3.21951E-1 3.2641E-1 3.2467E-1 3.26539E-1 3.33761E-1 3.39749E-1 3.48836E-1 3.52692E-1 3.41847E-1 3.39082E-1 3.36077E-1 3.43357E-1 3.54248E-1 3.62791E-1 3.78034E-1 3.89292E-1 3.88706E-1
2.55399E-1 2.43272E-1 2.24575E-1 2.17685E-1 2.35554E-1 2.56753E-1 2.50444E-1 2.51762E-1 2.48217E-1 2.41983E-1 2.3651E-1 2.21325E-1 2.15753E-1 2.02467E-1 1.95237E-1 2.02654E-1 2.09695E-1 2.36942E-1 2.35238E-1 2.30908E-1 2.38028E-1 2.32351E-1 2.27643E-1 2.2933E-1 2.26645E-1 2.13405E-1 2.11139E-1 2.24286E-1 2.36079E-1 2.38018E-1 2.29206E-1 2.29035E-1 2.23604E-1 2.31027E-1 2.46709E-1 2.49811E-1 2.66221E-1 2.79197E-1 2.858E-1 2.92174E-1 2.95584E-1 3.00492E-1 3.07487E-1 3.17473E-1 3.26194E-1 3.27731E-1 3.31633E-1 3.34695E-1 3.39402E-1 3.42841E-1 3.53372E-1 3.50816E-1 3.46713E-1 3.44502E-1 3.4261E-1 3.46508E-1 3.48722E-1 3.62652E-1 3.77943E-1 3.89008E-1 3.88168E-1
2.4627E-1 2.45913E-1 2.27229E-1 2.09165E-1 2.14324E-1 2.45423E-1 2.52482E-1 2.5301E-1 2.5163E-1 2.47416E-1 2.37661E-1 2.221E-1 2.05832E-1 1.97763E-1 1.90877E-1 1.98269E-1 2.24935E-1 2.24958E-1 2.29677E-1 2.39591E-1 2.50077E-1 2.47453E-1 2.46938E-1 2.23262E-1 2.20778E-1 2.25368E-1 2.35908E-1 2.25909E-1 2.27291E-1 2.3191E-1 2.36311E-1 2.50302E-1 2.35872E-1 2.41174E-1 2.55173E-1 2.80127E-1 2.83915E-1 2.82394E-1 2.90589E-1 2.88933E-1 2.99019E-1 3.05113E-1 3.10122E-1 3.13114E-1 3.21589E-1 3.33105E-1 3.31645E-1 3.37522E-1 3.38658E-1 3.45852E-1 3.49693E-1 3.54139E-1 3.56208E-1 3.52614E-1 3.50295E-1 3.47598E-1 3.51148E-1 3.59191E-1 3.71531E-1 3.74145E-1 3.78217E-1
