maxent_outputs/white_flowers_linear/white_143.asc
ncols         426
nrows         180
xllcorner     -130.0
yllcorner     24.0
cellsize      0.16666666666666666
NODATA_value  -9999
[rows 27 to 53 of 180, columns 61 to 121 of 426]
5.83613E-1 5.86219E-1 6.24153E-1 6.37132E-1 5.97292E-1 6.05541E-1 6.64381E-1 6.55385E-1 6.29764E-1 6.77953E-1 6.68048E-1 6.78514E-1 6.82089E-1 6.58046E-1 6.76278E-1 6.66563E-1 6.73707E-1 6.58741E-1 6.55049E-1 6.54978E-1 6.31684E-1 6.37701E-1 6.32415E-1 5.88436E-1 5.87522E-1 5.90241E-1 5.51414E-1 5.8434E-1 5.95117E-1 6.07974E-1 6.09347E-1 6.13155E-1 6.03477E-1 5.90217E-1 5.6328E-1 5.24965E-1 4.99429E-1 4.85661E-1 4.82331E-1 4.76273E-1 4.72014E-1 4.73456E-1 4.69389E-1 4.64587E-1 4.5442E-1 4.52237E-1 4.49443E-1 4.44922E-1 4.42324E-1 4.46791E-1 4.48264E-1 4.43135E-1 4.33339E-1 4.23806E-1 4.15283E-1 4.10383E-1 4.07384E-1 4.04804E-1 3.95162E-1 3.95172E-1 3.93325E-1
5.8547E-1 5.71941E-1 5.98551E-1 6.49051E-1 6.09792E-1 5.90761E-1 6.19942E-1 6.46144E-1 6.25318E-1 6.59553E-1 6.59812E-1 6.62942E-1 6.65032E-1 6.54284E-1 6.57787E-1 6.49919E-1 6.63685E-1 6.62785E-1 6.55093E-1 6.29779E-1 6.18743E-1 6.11467E-1 6.14421E-1 5.89675E-1 6.06768E-1 5.94672E-1 5.88734E-1 5.4699E-1 5.83347E-1 6.00601E-1 6.20366E-1 6.07455E-1 6.15288E-1 6.20203E-1 6.13592E-1 5.76996E-1 5.3073E-1 5.07839E-1 4.91728E-1 4.82848E-1 4.77056E-1 4.71715E-1 4.63809E-1 4.51536E-1 4.43279E-1 4.42686E-1 4.44397E-1 4.40592E-1 4.36286E-1 4.39383E-1 4.42204E-1 4.36123E-1 4.31027E-1 4.26873E-1 4.21533E-1 4.13425E-1 3.97455E-1 3.87355E-1 3.76649E-1 3.68522E-1 3.72514E-1
6.11274E-1 5.76625E-1 5.86692E-1 5.95481E-1 5.69618E-1 5.69422E-1 5.89414E-1 6.09813E-1 6.0823E-1 6.36034E-1 6.52332E-1 6.5488E-1 6.43493E-1 6.33765E-1 6.49716E-1 6.43785E-1 6.60576E-1 6.50062E-1 6.32484E-1 6.08768E-1 6.09264E-1 5.92459E-1 5.90225E-1 5.95499E-1 5.96929E-1 5.95812E-1 6.01532E-1 5.71491E-1 5.88648E-1 6.10343E-1 6.0979E-1 6.07315E-1 5.99674E-1 6.10815E-1 6.13747E-1 6.15295E-1 5.78947E-1 5.39155E-1 5.08661E-1 4.88789E-1 4.77538E-1 4.69984E-1 4.55742E-1 4.39946E-1 4.22468E-1 4.30949E-1 4.31758E-1 4.3322E-1 4.39248E-1 4.46596E-1 4.4733E-1 4.44262E-1 4.42593E-1 4.37741E-1 4.29563E-1 4.24708E-1 4.09821E-1 3.84976E-1 3.69047E-1 3.62993E-1 3.63827E-1
6.16035E-1 5.75445E-1 5.71937E-1 5.5728E-1 5.57091E-1 5.77137E-1 5.91157E-1 5.88328E-1 6.1927E-1 6.19644E-1 6.21024E-1 6.19913E-1 6.16168E-1 6.34588E-1 6.52407E-1 6.44214E-1 6.54531E-1 6.35645E-1 6.31939E-1 6.31382E-1 6.05275E-1 6.05134E-1 6.07346E-1 6.19119E-1 5.91225E-1 5.85133E-1 6.07358E-1 5.95657E-1 5.56112E-1 6.08509E-1 6.10774E-1 6.17329E-1 5.88539E-1 6.02248E-1 6.05682E-1 6.07588E-1 6.00277E-1 5.85012E-1 5.3063E-1 5.09598E-1 4.89046E-1 4.72329E-1 4.57236E-1 4.4574E-1 4.35813E-1 4.36999E-1 4.39776E-1 4.37468E-1 4.38442E-1 4.50017E-1 4.5454E-1 4.57351E-1 4.66987E-1 4.48543E-1 4.29007E-1 4.1835E-1 4.13889E-1 4.02192E-1 3.94059E-1 3.98064E-1 3.93964E-1
6.111E-1 5.64497E-1 5.48759E-1 5.59169E-1 5.90296E-1 5.85914E-1 5.89901E-1 5.78747E-1 6.36894E-1 6.17743E-1 5.89678E-1 6.06105E-1 6.23615E-1 6.29408E-1 6.26735E-1 6.47228E-1 6.44005E-1 6.32313E-1 6.32217E-1 6.36091E-1 6.07663E-1 5.86807E-1 5.97219E-1 6.02499E-1 5.95712E-1 5.92912E-1 5.98056E-1 6.01993E-1 5.9429E-1 5.56864E-1 6.06963E-1 6.17928E-1 6.07666E-1 5.78769E-1 5.95145E-1 5.84308E-1 5.79392E-1 5.93137E-1 5.61131E-1 5.32362E-1 4.95369E-1 4.74895E-1 4.62234E-1 4.51266E-1 4.40899E-1 4.36622E-1 4.3971E-1 4.33865E-1 4.26295E-1 4.2139E-1 4.20886E-1 4.27529E-1 4.31211E-1 4.27408E-1 4.22619E-1 4.15829E-1 4.08239E-1 4.07361E-1 4.05707E-1 4.0785E-1 4.10608E-1
5.79413E-1 5.48403E-1 5.47374E-1 5.66603E-1 5.72464E-1 5.82867E-1 5.73593E-1 5.983E-1 6.299E-1 6.10192E-1 6.01718E-1 5.89562E-1 6.06398E-1 6.22681E-1 6.24303E-1 6.18752E-1 6.32321E-1 6.29936E-1 6.35821E-1 6.20462E-1 5.99427E-1 6.06571E-1 6.07404E-1 6.02388E-1 5.99961E-1 5.96599E-1 5.98072E-1 6.09668E-1 5.91517E-1 5.87036E-1 6.02436E-1 5.85993E-1 6.09713E-1 6.00193E-1 5.94774E-1 6.0384E-1 5.87812E-1 5.71349E-1 5.78988E-1 5.50432E-1 5.03382E-1 4.92309E-1 4.78559E-1 4.74124E-1 4.68056E-1 4.57533E-1 4.54608E-1 4.36027E-1 4.26654E-1 4.18762E-1 4.11344E-1 4.1035E-1 4.09075E-1 4.07501E-1 4.11653E-1 4.12071E-1 4.09373E-1 4.06916E-1 4.08642E-1 4.09127E-1 4.15523E-1
5.77054E-1 5.39173E-1 5.46542E-1 5.71796E-1 5.87763E-1 5.91173E-1 5.74538E-1 5.93462E-1 6.11417E-1 5.9474E-1 5.9809E-1 5.84664E-1 5.93676E-1 6.18396E-1 6.20104E-1 6.09987E-1 6.25022E-1 6.10867E-1 6.27121E-1 6.25061E-1 6.0312E-1 6.15543E-1 6.13578E-1 6.04543E-1 6.06092E-1 5.82868E-1 5.95182E-1 5.96748E-1 5.89352E-1 5.91082E-1 5.90563E-1 5.91655E-1 5.71459E-1 5.74862E-1 5.85308E-1 6.00984E-1 5.82517E-1 5.65916E-1 5.64891E-1 5.63682E-1 5.27889E-1 5.04983E-1 4.8824E-1 4.76523E-1 4.6632E-1 4.55194E-1 4.51308E-1 4.39555E-1 4.32091E-1 4.27844E-1 4.19669E-1 4.16931E-1 4.0657E-1 3.98412E-1 4.01081E-1 4.04487E-1 4.05959E-1 4.08074E-1 4.06042E-1 4.11833E-1 4.38997E-1
5.28357E-1 5.2828E-1 5.4337E-1 5.55981E-1 5.74605E-1 5.66174E-1 5.76768E-1 5.92609E-1 6.02358E-1 5.78047E-1 5.90338E-1 5.95858E-1 5.66062E-1 6.08084E-1 6.10334E-1 5.86484E-1 6.10743E-1 6.05959E-1 6.19025E-1 6.22884E-1 6.32694E-1 6.24339E-1 6.11788E-1 6.12453E-1 6.18209E-1 5.96745E-1 5.93943E-1 5.91934E-1 5.86381E-1 5.77212E-1 5.82437E-1 5.97299E-1 5.60754E-1 5.45663E-1 5.92267E-1 6.02651E-1 5.88768E-1 5.83742E-1 5.71542E-1 5.73998E-1 5.69032E-1 5.40076E-1 5.04479E-1 4.88553E-1 4.76019E-1 4.59801E-1 4.51204E-1 4.43636E-1 4.32907E-1 4.28945E-1 4.26026E-1 4.19474E-1 4.1803E-1 4.06898E-1 4.04712E-1 4.03601E-1 4.00905E-1 4.00706E-1 3.97703E-1 4.24509E-1 4.5992E-1
5.17951E-1 5.2552E-1 5.17363E-1 5.23702E-1 5.29705E-1 5.3864E-1 5.80265E-1 5.86156E-1 5.90066E-1 5.77141E-1 5.90959E-1 5.87289E-1 5.67255E-1 5.84632E-1 5.82167E-1 5.82794E-1 5.95143E-1 6.10489E-1 6.06746E-1 6.21422E-1 6.42078E-1 6.37078E-1 6.16951E-1 6.1669E-1 6.11933E-1 6.08186E-1 5.98996E-1 5.86521E-1 5.87998E-1 5.81071E-1 5.78369E-1 5.87535E-1 5.93458E-1 5.84165E-1 5.90989E-1 6.02583E-1 5.87633E-1 5.82456E-1 5.67798E-1 5.57006E-1 5.53392E-1 5.54596E-1 5.3813E-1 4.99814E-1 4.76717E-1 4.58401E-1 4.46314E-1 4.42672E-1 4.36988E-1 4.31725E-1 4.30047E-1 4.37766E-1 4.33222E-1 4.31073E-1 4.2858E-1 4.24758E-1 4.16015E-1 4.07285E-1 4.0607E-1 4.20767E-1 4.4453E-1
5.03164E-1 5.00946E-1 4.95231E-1 5.09985E-1 5.41107E-1 5.41864E-1 5.58144E-1 5.64453E-1 5.79486E-1 5.70388E-1 5.76879E-1 5.72956E-1 5.78364E-1 5.76747E-1 5.69332E-1 5.82908E-1 6.20808E-1 6.16343E-1 5.9208E-1 6.25058E-1 6.35501E-1 6.27822E-1 6.23362E-1 6.24546E-1 6.11408E-1 6.07364E-1 6.07693E-1 5.96283E-1 5.82862E-1 5.92625E-1 5.86831E-1 5.70513E-1 5.94355E-1 5.96326E-1 6.1468E-1 6.23907E-1 6.05094E-1 5.81211E-1 5.73806E-1 5.56809E-1 5.57741E-1 5.46937E-1 5.54231E-1 5.0122E-1 4.82902E-1 4.77665E-1 4.64463E-1 4.62801E-1 4.61091E-1 4.58065E-1 4.53604E-1 4.51014E-1 4.41924E-1 4.34718E-1 4.34507E-1 4.35768E-1 4.28204E-1 4.21578E-1 4.26107E-1 4.1925E-1 4.1599E-1
4.97495E-1 4.9523E-1 4.92548E-1 5.20276E-1 5.21212E-1 5.2062E-1 5.24692E-1 5.30838E-1 5.33613E-1 5.41629E-1 5.52757E-1 5.56422E-1 5.61621E-1 5.70513E-1 5.79611E-1 5.81929E-1 5.96041E-1 5.97113E-1 6.05711E-1 6.33538E-1 6.32679E-1 6.30874E-1 6.26241E-1 6.20201E-1 6.21582E-1 6.02028E-1 5.97374E-1 6.12296E-1 5.88455E-1 5.87437E-1 5.881E-1 5.42956E-1 5.67212E-1 5.74996E-1 6.02475E-1 6.21318E-1 6.02191E-1 5.84781E-1 5.76944E-1 5.60918E-1 5.73594E-1 5.40369E-1 5.59135E-1 5.0137E-1 4.81577E-1 4.7999E-1 4.72879E-1 4.69118E-1 4.63992E-1 4.54308E-1 4.55114E-1 4.63373E-1 4.57977E-1 4.55256E-1 4.55924E-1 4.52313E-1 4.48963E-1 4.36557E-1 4.26254E-1 4.30839E-1 4.23386E-1
4.96069E-1 4.9851E-1 5.08788E-1 5.14721E-1 5.07825E-1 5.1248E-1 5.20674E-1 5.20052E-1 5.2229E-1 5.29448E-1 5.37911E-1 5.49976E-1 5.59175E-1 5.66594E-1 5.8057E-1 5.91596E-1 6.09492E-1 6.21508E-1 6.31326E-1 6.3353E-1 6.28498E-1 6.28277E-1 6.28251E-1 6.19923E-1 6.24259E-1 6.10873E-1 5.89555E-1 5.962E-1 5.98935E-1 5.8349E-1 5.90868E-1 5.35261E-1 5.32919E-1 5.41591E-1 5.65957E-1 6.10604E-1 5.83109E-1 5.88884E-1 5.79483E-1 5.52759E-1 5.67654E-1 5.62263E-1 5.49802E-1 4.96417E-1 4.79292E-1 4.82148E-1 4.76574E-1 4.82709E-1 4.77568E-1 4.68091E-1 4.61942E-1 4.69311E-1 4.62079E-1 4.64136E-1 4.68485E-1 4.68554E-1 4.57883E-1 4.39928E-1 4.30319E-1 4.2907E-1 4.32622E-1
5.00866E-1 5.01199E-1 5.06795E-1 5.07941E-1 5.06607E-1 5.1074E-1 5.13911E-1 5.19626E-1 5.21953E-1 5.29305E-1 5.37065E-1 5.43182E-1 5.59122E-1 5.74575E-1 5.82033E-1 5.86163E-1 5.90331E-1 6.02413E-1 6.18959E-1 6.25126E-1 6.35219E-1 6.30814E-1 6.28857E-1 6.16385E-1 6.07381E-1 6.03462E-1 5.9199E-1 5.93535E-1 5.9569E-1 5.84588E-1 5.83348E-1 5.44017E-1 5.43072E-1 5.23282E-1 5.39269E-1 6.00272E-1 5.78044E-1 5.89886E-1 5.84156E-1 5.68456E-1 5.62516E-1 5.65137E-1 5.56525E-1 5.13216E-1 4.85709E-1 4.75703E-1 4.67082E-1 4.68615E-1 4.66014E-1 4.64904E-1 4.71406E-1 4.72356E-1 4.70592E-1 4.68882E-1 4.65217E-1 4.85723E-1 4.63725E-1 4.48299E-1 4.42125E-1 4.38478E-1 4.35492E-1
5.23126E-1 5.12823E-1 4.89669E-1 5.09015E-1 5.10038E-1 5.1326E-1 5.15816E-1 5.2006E-1 5.22759E-1 5.26444E-1 5.36156E-1 5.45114E-1 5.62086E-1 5.75592E-1 5.82159E-1 5.893E-1 6.00226E-1 6.08374E-1 6.21864E-1 6.18609E-1 6.17501E-1 6.16797E-1 6.15054E-1 6.07852E-1 6.01573E-1 5.99812E-1 6.06295E-1 6.04758E-1 5.87554E-1 5.81364E-1 5.99959E-1 5.81868E-1 5.82009E-1 5.5252E-1 5.51542E-1 5.94198E-1 5.9046E-1 5.56722E-1 5.78046E-1 5.65755E-1 5.58021E-1 5.4054E-1 5.46541E-1 5.49279E-1 5.16831E-1 4.83443E-1 4.75501E-1 4.89366E-1 4.78251E-1 4.73325E-1 4.74515E-1 4.8248E-1 4.82523E-1 4.77785E-1 4.72111E-1 4.69935E-1 4.58653E-1 4.51774E-1 4.47193E-1 4.39359E-1 4.36587E-1
5.23776E-1 5.16441E-1 5.26136E-1 5.35927E-1 5.37513E-1 5.23943E-1 5.21816E-1 5.22684E-1 5.27559E-1 5.33998E-1 5.35612E-1 5.46665E-1 5.60101E-1 5.75556E-1 5.88129E-1 5.9222E-1 6.02595E-1 6.20808E-1 6.29868E-1 6.26016E-1 6.18993E-1 6.1714E-1 6.22995E-1 6.19858E-1 6.06216E-1 6.01844E-1 5.99101E-1 6.05637E-1 6.08561E-1 5.97218E-1 5.57796E-1 5.70093E-1 5.53825E-1 5.65211E-1 5.66213E-1 5.90468E-1 5.8452E-1 5.52416E-1 5.40642E-1 5.20965E-1 5.17522E-1 5.17157E-1 5.46984E-1 5.29184E-1 5.23705E-1 5.15121E-1 4.85131E-1 4.8852E-1 5.03636E-1 4.98046E-1 4.88266E-1 4.90599E-1 5.0401E-1 4.99595E-1 4.88704E-1 4.98344E-1 4.84327E-1 4.69169E-1 4.61744E-1 4.57276E-1 4.4301E-1
5.27854E-1 5.238E-1 5.37106E-1 5.34118E-1 5.41335E-1 5.31506E-1 5.29155E-1 5.29407E-1 5.34196E-1 5.36335E-1 5.41529E-1 5.48039E-1 5.60069E-1 5.73349E-1 5.87301E-1 5.97457E-1 6.06924E-1 6.19591E-1 6.31139E-1 6.32104E-1 6.18452E-1 6.19896E-1 6.1829E-1 6.09591E-1 6.10104E-1 6.11408E-1 5.99717E-1 6.00815E-1 5.87403E-1 6.03452E-1 5.62254E-1 5.60745E-1 5.60269E-1 5.44899E-1 5.2382E-1 5.55628E-1 5.6142E-1 5.28695E-1 5.33058E-1 5.50386E-1 4.88817E-1 4.9083E-1 5.33978E-1 5.28998E-1 5.22337E-1 4.97849E-1 4.85204E-1 4.89114E-1 4.98192E-1 4.94682E-1 4.78748E-1 4.75886E-1 4.82324E-1 5.03922E-1 5.03666E-1 5.16223E-1 5.05275E-1 4.7592E-1 4.69303E-1 4.62499E-1 4.53239E-1
5.32345E-1 5.22382E-1 5.13019E-1 5.40032E-1 5.49409E-1 5.39671E-1 5.34391E-1 5.34118E-1 5.42818E-1 5.50277E-1 5.56595E-1 5.60027E-1 5.71695E-1 5.81296E-1 5.93666E-1 6.04567E-1 6.10312E-1 6.19812E-1 6.16825E-1 6.11474E-1 6.23435E-1 6.17026E-1 6.2169E-1 6.09933E-1 5.97587E-1 5.96684E-1 6.03409E-1 5.96879E-1 5.7679E-1 5.71653E-1 5.81332E-1 5.51068E-1 5.54016E-1 5.63501E-1 5.2891E-1 5.54807E-1 5.50871E-1 5.37016E-1 5.29707E-1 5.17156E-1 5.01626E-1 5.25719E-1 5.03955E-1 5.11156E-1 5.19471E-1 4.89947E-1 4.59096E-1 4.59564E-1 4.79504E-1 4.93534E-1 4.89413E-1 4.63117E-1 4.56336E-1 4.73571E-1 4.96582E-1 5.07632E-1 4.94559E-1 4.98291E-1 4.91865E-1 4.70246E-1 4.53757E-1
5.11931E-1 4.9529E-1 5.08117E-1 5.51593E-1 5.51802E-1 5.409E-1 5.40212E-1 5.52442E-1 5.61395E-1 5.6296E-1 5.6947E-1 5.78993E-1 5.82181E-1 5.87262E-1 5.96356E-1 6.03259E-1 6.12503E-1 6.16944E-1 6.16026E-1 6.21326E-1 6.26337E-1 6.46802E-1 6.33679E-1 6.18887E-1 6.0439E-1 6.05746E-1 5.96768E-1 5.98807E-1 5.89404E-1 5.79315E-1 5.55766E-1 5.39508E-1 5.64623E-1 5.82146E-1 5.28495E-1 5.29351E-1 5.61936E-1 5.58922E-1 5.39348E-1 4.76151E-1 4.78428E-1 4.76689E-1 4.87074E-1 4.75945E-1 4.85919E-1 5.00718E-1 4.79073E-1 4.53266E-1 4.64991E-1 4.68265E-1 4.95098E-1 4.94761E-1 4.54639E-1 4.60458E-1 4.77994E-1 4.73498E-1 4.74626E-1 4.7437E-1 4.68231E-1 4.61724E-1 4.52461E-1
5.21757E-1 5.13604E-1 5.05776E-1 5.47009E-1 5.68082E-1 5.49759E-1 5.53134E-1 5.63369E-1 5.62086E-1 5.72658E-1 5.81432E-1 5.8774E-1 5.96009E-1 5.99319E-1 5.94325E-1 5.91923E-1 5.95809E-1 5.95843E-1 6.03537E-1 6.25943E-1 6.31362E-1 6.35821E-1 6.36646E-1 6.22364E-1 6.23598E-1 6.2874E-1 6.17976E-1 6.06357E-1 5.93933E-1 5.76331E-1 5.82799E-1 5.61665E-1 5.66844E-1 5.50882E-1 5.27507E-1 5.41265E-1 5.55001E-1 5.43411E-1 5.2039E-1 5.15514E-1 5.65063E-1 5.24272E-1 4.56983E-1 4.95485E-1 5.31066E-1 5.39856E-1 4.89179E-1 5.00535E-1 5.11145E-1 4.61022E-1 4.61338E-1 5.05076E-1 4.90747E-1 4.6714E-1 4.99739E-1 4.80829E-1 4.7663E-1 4.68705E-1 4.61888E-1 4.59117E-1 4.54373E-1
5.42738E-1 5.4022E-1 5.45921E-1 5.61764E-1 5.6562E-1 5.77091E-1 5.70403E-1 5.65449E-1 5.72358E-1 5.84814E-1 6.00565E-1 6.14381E-1 6.25513E-1 6.28574E-1 6.26508E-1 6.01886E-1 5.94359E-1 6.02022E-1 6.30506E-1 6.21611E-1 6.18044E-1 6.27258E-1 6.38514E-1 6.43111E-1 6.4946E-1 6.37689E-1 6.24325E-1 6.05673E-1 5.90236E-1 5.74027E-1 5.70507E-1 5.59492E-1 5.70197E-1 5.52849E-1 5.23911E-1 5.52811E-1 5.61856E-1 5.24544E-1 4.94532E-1 5.24535E-1 5.59719E-1 5.01428E-1 4.67651E-1 5.17502E-1 5.18346E-1 5.15448E-1 4.78145E-1 5.09552E-1 4.87842E-1 4.50885E-1 4.5043E-1 4.81559E-1 4.86797E-1 4.77715E-1 4.739E-1 4.95639E-1 5.16051E-1 5.10908E-1 4.81837E-1 4.63159E-1 4.57313E-1
5.29098E-1 5.44638E-1 5.52215E-1 5.47825E-1 5.56719E-1 5.79313E-1 5.69514E-1 5.79041E-1 5.82862E-1 6.03249E-1 6.25081E-1 6.31137E-1 6.2488E-1 6.29589E-1 6.28977E-1 6.20451E-1 6.04516E-1 6.09458E-1 6.21388E-1 6.04528E-1 6.1002E-1 5.98641E-1 6.17933E-1 6.42671E-1 6.61243E-1 6.52458E-1 6.36428E-1 6.10801E-1 5.9884E-1 5.80442E-1 5.578E-1 5.6021E-1 5.68215E-1 5.51856E-1 5.29623E-1 5.32157E-1 5.56572E-1 5.44549E-1 5.48E-1 5.66158E-1 5.40221E-1 4.92942E-1 4.78178E-1 4.87008E-1 5.10657E-1 5.29543E-1 4.91316E-1 4.54506E-1 4.60461E-1 4.45374E-1 4.51318E-1 4.7955E-1 4.81751E-1 4.98233E-1 4.77172E-1 4.77806E-1 5.32148E-1 5.43127E-1 4.85671E-1 4.64658E-1 4.58512E-1
5.66791E-1 5.75184E-1 5.66953E-1 5.68902E-1 5.78191E-1 5.66917E-1 5.69124E-1 5.81474E-1 5.94789E-1 6.11361E-1 6.31696E-1 6.23942E-1 6.19982E-1 6.2283E-1 6.05133E-1 6.13025E-1 6.22103E-1 6.09781E-1 5.93039E-1 6.10247E-1 5.97269E-1 5.93089E-1 6.20174E-1 6.49175E-1 6.54756E-1 6.27321E-1 6.20027E-1 6.2589E-1 6.00765E-1 5.81182E-1 5.69864E-1 5.66052E-1 5.74195E-1 5.63234E-1 5.20523E-1 5.0118E-1 5.28997E-1 5.49944E-1 5.47257E-1 5.00681E-1 4.77906E-1 5.32038E-1 4.98432E-1 4.67216E-1 4.97312E-1 4.7184E-1 4.65766E-1 4.6567E-1 4.58368E-1 4.44942E-1 4.50431E-1 4.57396E-1 4.82709E-1 5.13132E-1 4.82836E-1 4.69535E-1 5.02402E-1 5.18292E-1 4.82491E-1 4.65411E-1 4.59657E-1
5.5472E-1 5.59916E-1 5.66514E-1 5.69626E-1 5.67503E-1 5.6625E-1 5.70595E-1 5.78761E-1 5.96734E-1 6.14579E-1 6.13592E-1 6.01891E-1 5.98396E-1 5.925E-1 6.08195E-1 6.05835E-1 5.79613E-1 5.98746E-1 5.94999E-1 5.94298E-1 6.17486E-1 5.97077E-1 6.50962E-1 6.63258E-1 6.49588E-1 6.22293E-1 6.02377E-1 5.88164E-1 5.79424E-1 5.77044E-1 5.68531E-1 5.67752E-1 5.54096E-1 5.41591E-1 5.42229E-1 5.23157E-1 5.27765E-1 4.71404E-1 4.36979E-1 5.08844E-1 5.29594E-1 5.08455E-1 4.86513E-1 4.96312E-1 5.17619E-1 4.66546E-1 4.99262E-1 4.79221E-1 4.5988E-1 4.60511E-1 4.6206E-1 4.53275E-1 4.63496E-1 5.08072E-1 5.15806E-1 4.72938E-1 4.76655E-1 4.83688E-1 4.8073E-1 4.7819E-1 4.66439E-1
5.479E-1 5.54222E-1 5.64206E-1 5.56678E-1 5.66237E-1 5.66523E-1 5.79279E-1 6.01079E-1 6.06004E-1 6.12575E-1 6.05192E-1 5.78323E-1 5.80243E-1 5.82315E-1 5.62398E-1 5.58356E-1 5.44835E-1 5.72687E-1 6.16531E-1 6.30739E-1 6.27545E-1 6.23136E-1 6.34329E-1 6.13175E-1 6.05258E-1 5.88954E-1 5.81866E-1 5.76211E-1 5.72204E-1 5.7588E-1 5.66464E-1 5.59651E-1 5.5467E-1 5.39285E-1 5.35772E-1 5.09779E-1 5.17048E-1 4.51469E-1 4.45526E-1 5.34738E-1 5.24212E-1 5.49745E-1 4.72287E-1 4.69065E-1 4.5697E-1 4.69563E-1 5.55695E-1 5.38686E-1 4.82352E-1 4.91675E-1 4.87792E-1 4.83716E-1 5.03098E-1 5.32551E-1 5.16598E-1 4.91197E-1 5.42309E-1 5.18654E-1 5.15207E-1 5.18708E-1 4.81791E-1
5.62369E-1 5.70135E-1 5.75604E-1 5.74893E-1 5.75053E-1 5.79467E-1 6.02014E-1 5.99045E-1 6.00307E-1 5.99889E-1 6.0067E-1 5.8386E-1 6.16577E-1 6.23794E-1 6.12511E-1 5.45012E-1 5.41973E-1 5.88343E-1 6.24769E-1 6.18982E-1 6.28165E-1 6.23534E-1 6.18581E-1 6.062E-1 5.9672E-1 5.90831E-1 5.894E-1 5.65991E-1 5.58072E-1 5.58547E-1 5.57265E-1 5.4882E-1 5.36009E-1 5.21056E-1 5.06023E-1 4.86141E-1 5.43069E-1 4.9214E-1 4.64412E-1 5.05512E-1 5.1114E-1 5.35294E-1 4.68052E-1 4.49074E-1 4.50326E-1 4.6673E-1 4.87428E-1 5.24164E-1 4.82345E-1 5.34439E-1 5.63817E-1 5.63066E-1 5.68527E-1 5.71903E-1 5.09811E-1 5.23339E-1 5.852E-1 5.8098E-1 5.93596E-1 5.3923E-1 5.11887E-1
5.73604E-1 5.74812E-1 5.91632E-1 5.98675E-1 5.86263E-1 5.80776E-1 5.90575E-1 5.81981E-1 5.74843E-1 5.85435E-1 5.90493E-1 5.76492E-1 6.03309E-1 6.13713E-1 6.14091E-1 6.16026E-1 5.93214E-1 6.0588E-1 6.06082E-1 6.03263E-1 6.06318E-1 6.0192E-1 5.87144E-1 5.78466E-1 5.7002E-1 5.74624E-1 5.76725E-1 5.66333E-1 5.56167E-1 5.61542E-1 5.57936E-1 5.45051E-1 5.16753E-1 5.2102E-1 5.36826E-1 4.72842E-1 4.82855E-1 5.32732E-1 4.82233E-1 4.91871E-1 4.51815E-1 4.71914E-1 4.60873E-1 4.52928E-1 4.6542E-1 5.03356E-1 4.79209E-1 5.0574E-1 4.81915E-1 5.41001E-1 5.56706E-1 5.40101E-1 5.7691E-1 5.36264E-1 5.45516E-1 5.68387E-1 5.61613E-1 5.60072E-1 5.65997E-1 5.62456E-1 5.77532E-1
5.83857E-1 5.82027E-1 5.9607E-1 5.91816E-1 5.77005E-1 5.66438E-1 5.86345E-1 5.9615E-1 5.95179E-1 6.06058E-1 5.77833E-1 5.29302E-1 5.51819E-1 5.82184E-1 5.89629E-1 5.88936E-1 5.77523E-1 5.76276E-1 5.54495E-1 5.74923E-1 5.62669E-1 5.5933E-1 5.67891E-1 5.78393E-1 5.69873E-1 5.67533E-1 5.82206E-1 5.68741E-1 5.51377E-1 5.39977E-1 5.32637E-1 5.60605E-1 5.40469E-1 5.18153E-1 5.27355E-1 4.64527E-1 4.39428E-1 4.81189E-1 5.06459E-1 4.82356E-1 4.51693E-1 4.63113E-1 4.65279E-1 4.7283E-1 4.73796E-1 4.6412E-1 4.77392E-1 5.13374E-1 5.21852E-1 5.36155E-1 5.58046E-1 5.23738E-1 5.41258E-1 5.45248E-1 5.40339E-1 5.41627E-1 5.26312E-1 5.35216E-1 5.2768E-1 5.47251E-1 5.60701E-1
