maxent_outputs/white_flowers_linear/white_88.asc
ncols         426
nrows         180
xllcorner     -130.0
yllcorner     24.0
cellsize      0.16666666666666666
NODATA_value  -9999
[rows 81 to 107 of 180, columns 244 to 304 of 426]
5.14137E-1 5.13435E-1 5.11949E-1 5.12594E-1 5.1342E-1 5.12983E-1 5.1178E-1 5.1251E-1 5.17122E-1 5.19622E-1 5.23198E-1 5.23782E-1 5.28512E-1 5.32191E-1 5.33744E-1 5.41464E-1 5.44999E-1 5.37808E-1 5.29917E-1 5.28338E-1 5.24734E-1 5.20763E-1 5.25627E-1 5.29655E-1 5.24205E-1 5.23013E-1 5.24341E-1 5.25657E-1 5.26321E-1 5.26602E-1 5.2588E-1 5.22802E-1 5.2278E-1 5.14998E-1 5.14928E-1 5.20767E-1 5.27774E-1 5.29524E-1 5.26103E-1 5.17531E-1 5.24449E-1 5.31955E-1 5.3924E-1 5.48471E-1 5.49687E-1 5.38935E-1 5.35851E-1 5.46903E-1 5.50942E-1 5.44881E-1 5.40144E-1 5.4254E-1 5.55052E-1 5.48276E-1 5.52282E-1 5.70655E-1 5.81084E-1 5.67071E-1 5.4929E-1 5.54361E-1 5.55776E-1
5.17508E-1 5.18244E-1 5.22239E-1 5.28789E-1 5.23197E-1 5.22252E-1 5.20862E-1 5.22497E-1 5.26201E-1 5.34936E-1 5.37221E-1 5.43137E-1 5.44695E-1 5.37368E-1 5.36814E-1 5.42174E-1 5.4522E-1 5.39138E-1 5.29825E-1 5.30395E-1 5.29265E-1 5.31274E-1 5.37923E-1 5.40877E-1 5.27885E-1 5.22204E-1 5.2198E-1 5.19908E-1 5.23206E-1 5.31134E-1 5.36347E-1 5.27053E-1 5.24859E-1 5.18314E-1 5.17271E-1 5.29643E-1 5.37137E-1 5.4203E-1 5.41002E-1 5.2379E-1 5.25372E-1 5.33952E-1 5.43974E-1 5.52703E-1 5.59623E-1 5.55968E-1 5.49927E-1 5.44279E-1 5.50376E-1 5.48566E-1 5.45913E-1 5.51491E-1 5.58843E-1 5.51296E-1 5.55924E-1 5.63451E-1 5.74266E-1 5.73666E-1 5.64722E-1 5.57986E-1 5.5293E-1
5.24442E-1 5.27754E-1 5.34984E-1 5.39116E-1 5.31573E-1 5.30471E-1 5.31492E-1 5.34429E-1 5.38544E-1 5.49361E-1 5.54627E-1 5.58788E-1 5.56608E-1 5.51829E-1 5.51554E-1 5.49275E-1 5.46643E-1 5.38678E-1 5.3343E-1 5.34669E-1 5.34955E-1 5.40756E-1 5.44148E-1 5.38547E-1 5.31333E-1 5.2149E-1 5.18353E-1 5.21511E-1 5.24749E-1 5.36208E-1 5.47338E-1 5.40831E-1 5.31425E-1 5.24229E-1 5.22055E-1 5.32271E-1 5.4599E-1 5.54586E-1 5.50737E-1 5.35375E-1 5.41102E-1 5.54411E-1 5.59481E-1 5.60588E-1 5.60227E-1 5.58499E-1 5.59307E-1 5.51226E-1 5.46855E-1 5.48572E-1 5.50378E-1 5.63748E-1 5.55135E-1 5.53465E-1 5.59297E-1 5.68439E-1 5.79448E-1 5.76287E-1 5.64205E-1 5.42429E-1 5.22348E-1
5.33547E-1 5.3625E-1 5.45251E-1 5.43243E-1 5.38386E-1 5.37764E-1 5.39315E-1 5.42538E-1 5.45383E-1 5.50939E-1 5.5877E-1 5.71517E-1 5.69283E-1 5.63325E-1 5.55809E-1 5.50478E-1 5.471E-1 5.4599E-1 5.48901E-1 5.4932E-1 5.40805E-1 5.42197E-1 5.41624E-1 5.38947E-1 5.30301E-1 5.30472E-1 5.27954E-1 5.2313E-1 5.2629E-1 5.37198E-1 5.57167E-1 5.6227E-1 5.54134E-1 5.47241E-1 5.37042E-1 5.47118E-1 5.53285E-1 5.67606E-1 5.65814E-1 5.56218E-1 5.59141E-1 5.62548E-1 5.59124E-1 5.62602E-1 5.63181E-1 5.59108E-1 5.61223E-1 5.62254E-1 5.52501E-1 5.52146E-1 5.59592E-1 5.67219E-1 5.58231E-1 5.57838E-1 5.62435E-1 5.71825E-1 5.80773E-1 5.75362E-1 5.47091E-1 5.32192E-1 5.20014E-1
5.44951E-1 5.47497E-1 5.53053E-1 5.5038E-1 5.49902E-1 5.49235E-1 5.49288E-1 5.5324E-1 5.55383E-1 5.58756E-1 5.66855E-1 5.72335E-1 5.74337E-1 5.69817E-1 5.58591E-1 5.54592E-1 5.54804E-1 5.58894E-1 5.65033E-1 5.56565E-1 5.48512E-1 5.47953E-1 5.50125E-1 5.39809E-1 5.36465E-1 5.42076E-1 5.37459E-1 5.29413E-1 5.3785E-1 5.48052E-1 5.6604E-1 5.65832E-1 5.58694E-1 5.46665E-1 5.39486E-1 5.45598E-1 5.55434E-1 5.64614E-1 5.67752E-1 5.5843E-1 5.61126E-1 5.63328E-1 5.65248E-1 5.67105E-1 5.64735E-1 5.65593E-1 5.66589E-1 5.68796E-1 5.6735E-1 5.70308E-1 5.76649E-1 5.71256E-1 5.64759E-1 5.6421E-1 5.70141E-1 5.77115E-1 5.87526E-1 5.58209E-1 5.35368E-1 5.26471E-1 5.05695E-1
5.57203E-1 5.61733E-1 5.63006E-1 5.68581E-1 5.67653E-1 5.62304E-1 5.60141E-1 5.66289E-1 5.64784E-1 5.68981E-1 5.70533E-1 5.76687E-1 5.72584E-1 5.70619E-1 5.6869E-1 5.66853E-1 5.67187E-1 5.75623E-1 5.7456E-1 5.66047E-1 5.62071E-1 5.5823E-1 5.53457E-1 5.45534E-1 5.51638E-1 5.55892E-1 5.49877E-1 5.50734E-1 5.54959E-1 5.63757E-1 5.6714E-1 5.6839E-1 5.61217E-1 5.49613E-1 5.46083E-1 5.48442E-1 5.57183E-1 5.64253E-1 5.63985E-1 5.57774E-1 5.64845E-1 5.69803E-1 5.71779E-1 5.79173E-1 5.72276E-1 5.78338E-1 5.81927E-1 5.86579E-1 5.88598E-1 5.93075E-1 5.9388E-1 5.85415E-1 5.78404E-1 5.765E-1 5.82585E-1 5.87558E-1 5.82743E-1 5.63066E-1 5.35201E-1 5.08399E-1 4.9219E-1
5.68666E-1 5.69967E-1 5.73833E-1 5.78689E-1 5.78498E-1 5.73831E-1 5.75778E-1 5.8005E-1 5.80966E-1 5.87071E-1 5.88288E-1 5.83303E-1 5.74861E-1 5.7851E-1 5.83208E-1 5.82785E-1 5.83152E-1 5.86238E-1 5.81536E-1 5.77185E-1 5.76001E-1 5.69827E-1 5.63754E-1 5.5804E-1 5.68305E-1 5.74753E-1 5.70242E-1 5.72361E-1 5.84736E-1 5.82954E-1 5.80391E-1 5.77166E-1 5.67497E-1 5.51673E-1 5.53074E-1 5.57178E-1 5.63376E-1 5.7093E-1 5.72857E-1 5.7029E-1 5.70801E-1 5.72326E-1 5.78033E-1 5.87874E-1 5.84994E-1 5.86761E-1 5.94528E-1 6.05902E-1 6.06611E-1 6.09024E-1 6.02092E-1 5.95946E-1 5.91358E-1 5.93198E-1 5.97194E-1 5.96586E-1 5.84073E-1 5.69766E-1 5.31955E-1 4.98777E-1 4.97144E-1
5.7437E-1 5.79304E-1 5.80474E-1 5.83238E-1 5.84724E-1 5.88024E-1 5.92881E-1 5.95329E-1 5.97131E-1 6.01281E-1 6.02795E-1 5.92973E-1 5.90099E-1 5.92127E-1 5.90508E-1 5.89743E-1 5.90106E-1 5.94005E-1 5.95026E-1 5.93549E-1 5.94225E-1 5.87998E-1 5.81099E-1 5.78849E-1 5.82038E-1 5.83071E-1 5.90987E-1 6.00246E-1 5.97425E-1 6.02591E-1 5.99637E-1 5.89104E-1 5.77342E-1 5.68596E-1 5.69996E-1 5.76627E-1 5.75359E-1 5.78933E-1 5.86474E-1 5.85686E-1 5.84498E-1 5.87293E-1 5.87235E-1 5.88864E-1 5.94523E-1 5.99968E-1 6.105E-1 6.10127E-1 6.13338E-1 6.09967E-1 6.05722E-1 6.0377E-1 6.01543E-1 6.06691E-1 6.0773E-1 6.04213E-1 5.94523E-1 5.65118E-1 5.33733E-1 4.91626E-1 4.89054E-1
5.81816E-1 5.92314E-1 5.91613E-1 5.90395E-1 5.95364E-1 6.02281E-1 6.07866E-1 6.11689E-1 6.09429E-1 6.07477E-1 6.09087E-1 6.01761E-1 6.02116E-1 5.96359E-1 5.97544E-1 5.96596E-1 5.97985E-1 6.15603E-1 6.1107E-1 6.12293E-1 6.13477E-1 6.0971E-1 6.0693E-1 6.02303E-1 5.9828E-1 6.03581E-1 6.1563E-1 6.09556E-1 6.13159E-1 6.24355E-1 6.13674E-1 6.04957E-1 5.93246E-1 5.85793E-1 5.84968E-1 5.88576E-1 5.87769E-1 5.9367E-1 5.97895E-1 5.97445E-1 5.97113E-1 5.94146E-1 5.93503E-1 5.98817E-1 6.02094E-1 6.10272E-1 6.09886E-1 6.1577E-1 6.14491E-1 6.14154E-1 6.1071E-1 6.10037E-1 6.08514E-1 6.11101E-1 6.09359E-1 5.91525E-1 5.72128E-1 5.52291E-1 5.16586E-1 4.74012E-1 5.11121E-1
5.92611E-1 6.00275E-1 6.00598E-1 6.02142E-1 6.10809E-1 6.1404E-1 6.15891E-1 6.17112E-1 6.18385E-1 6.14335E-1 6.11057E-1 6.06948E-1 6.069E-1 6.06411E-1 6.07772E-1 6.11432E-1 6.1519E-1 6.17812E-1 6.19333E-1 6.28961E-1 6.27816E-1 6.29446E-1 6.24998E-1 6.19779E-1 6.18528E-1 6.24032E-1 6.27877E-1 6.25494E-1 6.1454E-1 6.28543E-1 6.30964E-1 6.15104E-1 6.0553E-1 5.9825E-1 5.98968E-1 6.02824E-1 5.99684E-1 6.06832E-1 6.08005E-1 6.07042E-1 5.99088E-1 6.00683E-1 6.01232E-1 6.09468E-1 6.13743E-1 6.18505E-1 6.15887E-1 6.15597E-1 6.18577E-1 6.18895E-1 6.16006E-1 6.15315E-1 6.16056E-1 6.11955E-1 5.93684E-1 5.65776E-1 5.53158E-1 5.23153E-1 5.03454E-1 4.97559E-1 5.47056E-1
6.11881E-1 6.08521E-1 6.08615E-1 6.15079E-1 6.19573E-1 6.24065E-1 6.26767E-1 6.30624E-1 6.25897E-1 6.23578E-1 6.18698E-1 6.11358E-1 6.13876E-1 6.15856E-1 6.2132E-1 6.29632E-1 6.27128E-1 6.29417E-1 6.34755E-1 6.41786E-1 6.46105E-1 6.42712E-1 6.41444E-1 6.39574E-1 6.46793E-1 6.46908E-1 6.44364E-1 6.37724E-1 6.29894E-1 6.37376E-1 6.38034E-1 6.32561E-1 6.23872E-1 6.18316E-1 6.15546E-1 6.17475E-1 6.08888E-1 6.1849E-1 6.22935E-1 6.14747E-1 6.06594E-1 6.02366E-1 6.12959E-1 6.16785E-1 6.17347E-1 6.20234E-1 6.20677E-1 6.17846E-1 6.2042E-1 6.21749E-1 6.2159E-1 6.17777E-1 6.12998E-1 5.91805E-1 5.62215E-1 5.40686E-1 5.33584E-1 4.979E-1 4.83776E-1 5.13114E-1 5.36518E-1
6.1342E-1 6.14592E-1 6.16686E-1 6.20599E-1 6.25358E-1 6.30095E-1 6.36793E-1 6.34844E-1 6.32065E-1 6.30647E-1 6.27947E-1 6.24596E-1 6.25697E-1 6.30006E-1 6.36008E-1 6.40669E-1 6.40121E-1 6.36528E-1 6.36964E-1 6.41179E-1 6.47023E-1 6.56931E-1 6.53584E-1 6.5653E-1 6.49457E-1 6.52046E-1 6.42808E-1 6.40324E-1 6.38543E-1 6.43741E-1 6.42822E-1 6.35874E-1 6.27486E-1 6.22393E-1 6.23588E-1 6.22421E-1 6.20276E-1 6.14642E-1 6.20731E-1 6.23174E-1 6.13347E-1 6.09114E-1 6.19135E-1 6.20032E-1 6.25747E-1 6.21689E-1 6.24811E-1 6.26538E-1 6.28326E-1 6.26975E-1 6.25036E-1 6.08104E-1 5.82408E-1 5.66E-1 5.35497E-1 5.25657E-1 4.97553E-1 4.97782E-1 4.96249E-1 5.16274E-1 5.29549E-1
6.17312E-1 6.20214E-1 6.20665E-1 6.24278E-1 6.31561E-1 6.33088E-1 6.40152E-1 6.36595E-1 6.37693E-1 6.42369E-1 6.38758E-1 6.37175E-1 6.39165E-1 6.4367E-1 6.50262E-1 6.51817E-1 6.5685E-1 6.52418E-1 6.55188E-1 6.54644E-1 6.59817E-1 6.69545E-1 6.685E-1 6.58859E-1 6.50001E-1 6.49497E-1 6.54189E-1 6.4727E-1 6.43467E-1 6.42138E-1 6.42029E-1 6.39634E-1 6.38097E-1 6.25022E-1 6.22219E-1 6.11529E-1 6.0894E-1 6.10195E-1 6.16351E-1 6.19413E-1 6.26658E-1 6.231E-1 6.24211E-1 6.22086E-1 6.3037E-1 6.36122E-1 6.32437E-1 6.29246E-1 6.24737E-1 6.20457E-1 5.97504E-1 5.62057E-1 5.4366E-1 5.33128E-1 5.10869E-1 5.06047E-1 5.07591E-1 5.02688E-1 5.09405E-1 5.25575E-1 5.32637E-1
6.27922E-1 6.29812E-1 6.34989E-1 6.32903E-1 6.3728E-1 6.40379E-1 6.37075E-1 6.39384E-1 6.45821E-1 6.43848E-1 6.42998E-1 6.47633E-1 6.5317E-1 6.59215E-1 6.61242E-1 6.65014E-1 6.66656E-1 6.70859E-1 6.73582E-1 6.70289E-1 6.76598E-1 6.90099E-1 6.78914E-1 6.6887E-1 6.59063E-1 6.52933E-1 6.546E-1 6.50257E-1 6.45043E-1 6.42276E-1 6.42551E-1 6.41774E-1 6.36594E-1 6.30884E-1 6.22755E-1 6.10123E-1 6.02493E-1 6.08853E-1 6.13729E-1 6.18274E-1 6.24898E-1 6.23713E-1 6.25302E-1 6.25326E-1 6.27226E-1 6.30185E-1 6.27755E-1 6.21128E-1 6.09506E-1 6.0343E-1 5.78726E-1 5.45714E-1 5.24666E-1 5.01522E-1 4.9613E-1 5.25864E-1 5.25819E-1 5.28746E-1 5.46666E-1 5.52884E-1 5.67575E-1
6.42712E-1 6.41039E-1 6.51653E-1 6.42169E-1 6.47072E-1 6.45211E-1 6.44667E-1 6.44646E-1 6.49537E-1 6.49547E-1 6.57412E-1 6.63114E-1 6.71987E-1 6.77923E-1 6.79944E-1 6.81095E-1 6.8196E-1 6.86976E-1 6.89543E-1 6.83099E-1 6.95718E-1 6.95427E-1 6.88084E-1 6.81413E-1 6.74788E-1 6.65858E-1 6.63039E-1 6.5633E-1 6.51305E-1 6.4779E-1 6.46621E-1 6.46916E-1 6.37376E-1 6.32866E-1 6.27588E-1 6.1574E-1 6.03484E-1 6.1078E-1 6.18022E-1 6.26234E-1 6.30125E-1 6.28961E-1 6.27614E-1 6.32146E-1 6.26897E-1 6.23289E-1 6.15547E-1 6.0179E-1 5.9679E-1 5.77059E-1 5.44235E-1 5.17723E-1 4.96037E-1 5.09344E-1 5.33906E-1 5.32991E-1 5.5117E-1 5.59579E-1 5.78065E-1 5.8283E-1 5.89108E-1
6.58035E-1 6.5729E-1 6.59351E-1 6.57454E-1 6.59702E-1 6.58803E-1 6.56917E-1 6.62126E-1 6.61116E-1 6.66838E-1 6.76912E-1 6.83958E-1 6.90533E-1 6.94363E-1 6.9663E-1 6.96632E-1 6.96769E-1 6.90064E-1 6.87006E-1 6.87824E-1 6.96541E-1 7.11891E-1 7.03784E-1 6.90372E-1 6.85676E-1 6.81612E-1 6.75209E-1 6.73479E-1 6.62929E-1 6.61138E-1 6.61082E-1 6.61578E-1 6.54031E-1 6.3943E-1 6.20682E-1 6.12972E-1 6.09892E-1 6.15022E-1 6.27353E-1 6.35237E-1 6.39087E-1 6.4015E-1 6.32539E-1 6.38694E-1 6.31696E-1 6.17836E-1 6.00082E-1 5.77916E-1 5.63508E-1 5.60499E-1 5.19592E-1 5.17798E-1 5.2823E-1 5.43182E-1 5.44959E-1 5.5737E-1 5.69627E-1 5.963E-1 5.96068E-1 6.18106E-1 6.12587E-1
6.74052E-1 6.75042E-1 6.70632E-1 6.70816E-1 6.75753E-1 6.75271E-1 6.74218E-1 6.78888E-1 6.80493E-1 6.81693E-1 6.87633E-1 6.9384E-1 6.95782E-1 7.00562E-1 7.03745E-1 6.98925E-1 6.95357E-1 6.93034E-1 6.94707E-1 6.95273E-1 6.98125E-1 7.10424E-1 7.13706E-1 7.00087E-1 6.93659E-1 6.90873E-1 6.86377E-1 6.83957E-1 6.84332E-1 6.74981E-1 6.63335E-1 6.76253E-1 6.62876E-1 6.43987E-1 6.32608E-1 6.26182E-1 6.26712E-1 6.30073E-1 6.40237E-1 6.50427E-1 6.44789E-1 6.49162E-1 6.49547E-1 6.33741E-1 6.32766E-1 6.16086E-1 5.91306E-1 5.70785E-1 5.45712E-1 5.26736E-1 5.39334E-1 5.36707E-1 5.51429E-1 5.43397E-1 5.53427E-1 5.87063E-1 5.99209E-1 6.22271E-1 6.2243E-1 6.51132E-1 6.32402E-1
6.76233E-1 6.78047E-1 6.7947E-1 6.83321E-1 6.87914E-1 6.90088E-1 6.94855E-1 6.98742E-1 6.96721E-1 7.00973E-1 7.01137E-1 7.02775E-1 6.98445E-1 7.06997E-1 7.10522E-1 7.05238E-1 7.02102E-1 7.02803E-1 7.03887E-1 7.07395E-1 7.08315E-1 7.0847E-1 7.17656E-1 7.1187E-1 7.03576E-1 7.03108E-1 6.96212E-1 6.94243E-1 6.88601E-1 6.73737E-1 6.65966E-1 6.70119E-1 6.645E-1 6.53181E-1 6.52029E-1 6.49658E-1 6.46166E-1 6.41605E-1 6.48804E-1 6.58821E-1 6.57553E-1 6.52418E-1 6.50027E-1 6.4643E-1 6.42155E-1 6.33509E-1 6.1186E-1 5.81295E-1 5.43188E-1 5.25464E-1 5.51049E-1 5.57407E-1 5.45175E-1 5.37236E-1 5.5986E-1 5.93973E-1 6.31827E-1 6.40067E-1 6.46121E-1 6.62343E-1 6.78514E-1
6.82522E-1 6.87112E-1 6.96483E-1 7.01416E-1 7.03617E-1 7.10602E-1 7.11725E-1 7.10641E-1 7.13609E-1 7.16264E-1 7.16384E-1 7.12814E-1 7.14454E-1 7.21291E-1 7.18487E-1 7.118E-1 7.07641E-1 7.05819E-1 7.0926E-1 7.14272E-1 7.16078E-1 7.16479E-1 7.16489E-1 7.14551E-1 7.17806E-1 7.18969E-1 7.13306E-1 7.04467E-1 6.95873E-1 6.83073E-1 6.68719E-1 6.65156E-1 6.5572E-1 6.60523E-1 6.60612E-1 6.62529E-1 6.5668E-1 6.53817E-1 6.55867E-1 6.60543E-1 6.60623E-1 6.55022E-1 6.42058E-1 6.37903E-1 6.32208E-1 6.24222E-1 6.03282E-1 5.68725E-1 5.40629E-1 5.39564E-1 5.51402E-1 5.56141E-1 5.2778E-1 5.49432E-1 5.78694E-1 6.18921E-1 6.51334E-1 6.57518E-1 6.61144E-1 6.83483E-1 6.93552E-1
6.94549E-1 7.00781E-1 7.13798E-1 7.18735E-1 7.23405E-1 7.27649E-1 7.25674E-1 7.21769E-1 7.26144E-1 7.2838E-1 7.26947E-1 7.2888E-1 7.26006E-1 7.27365E-1 7.27721E-1 7.20956E-1 7.17538E-1 7.14693E-1 7.15979E-1 7.22841E-1 7.24243E-1 7.2525E-1 7.26848E-1 7.25563E-1 7.35445E-1 7.30968E-1 7.27894E-1 7.1194E-1 7.0093E-1 6.94542E-1 6.85577E-1 6.70258E-1 6.6138E-1 6.67494E-1 6.65315E-1 6.67948E-1 6.64961E-1 6.61982E-1 6.57104E-1 6.50654E-1 6.44804E-1 6.39358E-1 6.3109E-1 6.21007E-1 6.0415E-1 5.92546E-1 5.89075E-1 5.53794E-1 5.43084E-1 5.41977E-1 5.43474E-1 5.59675E-1 5.75609E-1 5.83075E-1 6.17743E-1 6.50448E-1 6.82074E-1 6.86832E-1 6.96142E-1 6.99997E-1 6.9999E-1
7.05899E-1 7.16259E-1 7.1717E-1 7.3449E-1 7.46027E-1 7.48225E-1 7.49608E-1 7.47517E-1 7.35513E-1 7.27363E-1 7.27206E-1 7.29973E-1 7.31318E-1 7.28084E-1 7.28304E-1 7.2491E-1 7.22589E-1 7.20951E-1 7.21264E-1 7.29083E-1 7.35084E-1 7.33515E-1 7.3654E-1 7.39774E-1 7.38524E-1 7.33588E-1 7.30948E-1 7.25497E-1 7.16629E-1 7.05504E-1 6.96025E-1 6.69808E-1 6.66643E-1 6.73417E-1 6.70166E-1 6.66934E-1 6.61084E-1 6.62913E-1 6.57478E-1 6.24179E-1 6.21972E-1 6.1971E-1 6.1468E-1 6.06893E-1 5.93359E-1 5.84164E-1 5.65511E-1 5.39713E-1 5.36232E-1 5.40616E-1 5.53904E-1 5.7133E-1 5.90186E-1 5.89878E-1 6.01146E-1 6.31625E-1 6.83315E-1 7.0476E-1 7.21929E-1 7.17323E-1 7.15234E-1
7.07145E-1 7.25193E-1 7.32972E-1 7.43591E-1 7.52069E-1 7.54195E-1 7.64526E-1 7.61851E-1 7.47448E-1 7.26526E-1 7.24354E-1 7.23518E-1 7.25067E-1 7.22996E-1 7.25011E-1 7.2506E-1 7.22406E-1 7.27749E-1 7.31154E-1 7.43831E-1 7.4494E-1 7.40086E-1 7.47724E-1 7.50322E-1 7.52218E-1 7.56988E-1 7.5344E-1 7.35202E-1 7.30223E-1 7.1401E-1 7.0533E-1 6.92748E-1 6.86828E-1 6.82298E-1 6.68667E-1 6.59338E-1 6.55757E-1 6.3356E-1 6.13542E-1 6.24543E-1 5.91783E-1 6.10817E-1 6.129E-1 6.01019E-1 5.88269E-1 5.82067E-1 5.86904E-1 5.66225E-1 5.55861E-1 5.57393E-1 5.72839E-1 5.76343E-1 5.7378E-1 5.85628E-1 6.19871E-1 6.7811E-1 6.9244E-1 7.05812E-1 7.1374E-1 7.15569E-1 7.22153E-1
7.23776E-1 7.3677E-1 7.45103E-1 7.48768E-1 7.54014E-1 7.56114E-1 7.59177E-1 7.62344E-1 7.51361E-1 7.31709E-1 7.28008E-1 7.25109E-1 7.23157E-1 7.21016E-1 7.23522E-1 7.23704E-1 7.26208E-1 7.30786E-1 7.37979E-1 7.5142E-1 7.49502E-1 7.44515E-1 7.5169E-1 7.57001E-1 7.51814E-1 7.44259E-1 7.37097E-1 7.33163E-1 7.27786E-1 7.12363E-1 7.03874E-1 6.99664E-1 6.93402E-1 6.84985E-1 6.78469E-1 6.5689E-1 6.60153E-1 6.51553E-1 6.47031E-1 6.36362E-1 6.37933E-1 6.1804E-1 6.14935E-1 6.10283E-1 6.12337E-1 6.04851E-1 5.80863E-1 5.59266E-1 5.5684E-1 5.64823E-1 5.77202E-1 5.7619E-1 5.86338E-1 5.90683E-1 6.88137E-1 7.04846E-1 7.05271E-1 7.08257E-1 7.13589E-1 7.23132E-1 7.30007E-1
7.39856E-1 7.47762E-1 7.52304E-1 7.54455E-1 7.567E-1 7.56013E-1 7.55115E-1 7.65949E-1 7.52498E-1 7.37814E-1 7.30977E-1 7.30385E-1 7.26125E-1 7.21772E-1 7.20886E-1 7.20384E-1 7.21919E-1 7.30513E-1 7.44032E-1 7.50031E-1 7.50428E-1 7.47863E-1 7.55207E-1 7.62959E-1 7.61171E-1 7.44479E-1 7.29599E-1 7.21287E-1 7.19543E-1 7.08816E-1 6.9743E-1 6.9568E-1 6.75057E-1 6.76584E-1 6.77865E-1 6.72826E-1 6.66241E-1 6.64119E-1 6.61826E-1 6.60727E-1 6.52581E-1 6.3592E-1 6.27889E-1 6.30243E-1 6.04473E-1 5.91357E-1 5.55302E-1 5.81735E-1 5.84478E-1 5.85829E-1 6.01073E-1 6.42403E-1 6.76319E-1 6.89571E-1 7.04916E-1 7.09248E-1 7.13311E-1 7.20026E-1 7.28547E-1 7.3905E-1 7.40798E-1
7.49197E-1 7.55228E-1 7.62406E-1 7.61533E-1 7.59586E-1 7.5216E-1 7.53992E-1 7.67437E-1 7.49163E-1 7.4135E-1 7.38175E-1 7.30913E-1 7.27252E-1 7.20193E-1 7.18953E-1 7.19521E-1 7.27722E-1 7.41042E-1 7.49832E-1 7.56641E-1 7.53744E-1 7.58069E-1 7.58354E-1 7.4927E-1 7.44209E-1 7.3858E-1 7.13902E-1 7.1341E-1 7.13235E-1 6.98296E-1 6.84597E-1 6.93376E-1 6.99526E-1 6.95437E-1 6.8707E-1 6.81419E-1 6.75887E-1 6.7225E-1 6.73824E-1 6.59961E-1 6.35964E-1 6.44036E-1 6.40727E-1 6.1689E-1 6.08153E-1 5.86496E-1 5.81224E-1 6.06001E-1 6.15215E-1 6.3992E-1 6.72219E-1 7.01312E-1 7.13045E-1 7.14988E-1 7.17228E-1 7.1798E-1 7.23454E-1 7.28416E-1 7.33823E-1 7.40852E-1 7.45938E-1
7.59525E-1 7.63041E-1 7.642E-1 7.64217E-1 7.58903E-1 7.52801E-1 7.54226E-1 7.58084E-1 7.54506E-1 7.39106E-1 7.36755E-1 7.32007E-1 7.29191E-1 7.26988E-1 7.27387E-1 7.38317E-1 7.49059E-1 7.45864E-1 7.50641E-1 7.55377E-1 7.58732E-1 7.57116E-1 7.47712E-1 7.42433E-1 7.32002E-1 7.14543E-1 7.07637E-1 7.10347E-1 7.01541E-1 6.83742E-1 6.79624E-1 7.11323E-1 7.10373E-1 6.98847E-1 6.94504E-1 7.02303E-1 6.94777E-1 6.81531E-1 6.72589E-1 6.45938E-1 6.33438E-1 6.2819E-1 6.25911E-1 6.09491E-1 5.91833E-1 5.81194E-1 6.09988E-1 6.59874E-1 7.05823E-1 7.17477E-1 7.22385E-1 7.2684E-1 7.30847E-1 7.27866E-1 7.23131E-1 7.25689E-1 7.21934E-1 7.31258E-1 7.34654E-1 7.4178E-1 7.45312E-1
7.62819E-1 7.65318E-1 7.67292E-1 7.6583E-1 7.62285E-1 7.57846E-1 7.55567E-1 7.54271E-1 7.56142E-1 7.39244E-1 7.36919E-1 7.34508E-1 7.29619E-1 7.26974E-1 7.3546E-1 7.47208E-1 7.53769E-1 7.45517E-1 7.46443E-1 7.47898E-1 7.52936E-1 7.55584E-1 7.43104E-1 7.37115E-1 7.13438E-1 7.04788E-1 7.05567E-1 7.10575E-1 7.10364E-1 6.92026E-1 7.01545E-1 7.07255E-1 7.07879E-1 7.07866E-1 7.04863E-1 7.01824E-1 6.95192E-1 6.85074E-1 6.6342E-1 6.40278E-1 6.22369E-1 6.21313E-1 6.04439E-1 5.67904E-1 5.61255E-1 6.32595E-1 6.79991E-1 7.17735E-1 7.24787E-1 7.22876E-1 7.31789E-1 7.37752E-1 7.43152E-1 7.45231E-1 7.36625E-1 7.26289E-1 7.32157E-1 7.42121E-1 7.45015E-1 7.50953E-1 7.57735E-1
