maxent_outputs/white_flowers_linear/white_27.asc
ncols         426
nrows         180
xllcorner     -130.0
yllcorner     24.0
cellsize      0.16666666666666666
NODATA_value  -9999
[rows 54 to 80 of 180, columns 244 to 304 of 426]
5.64088E-2 5.80527E-2 6.9947E-2 7.39378E-2 7.95112E-2 7.44591E-2 7.45009E-2 8.26126E-2 9.09655E-2 1.35546E-1 1.4183E-1 1.34574E-1 1.1979E-1 1.8426E-1 1.94378E-1 1.93431E-1 1.93357E-1 1.89779E-1 1.82771E-1 1.55574E-1 1.39654E-1 1.26893E-1 1.30302E-1 1.36163E-1 1.26759E-1 9.46653E-2 7.80338E-2 8.01471E-2 7.84899E-2 7.85634E-2 8.39556E-2 9.49187E-2 9.80153E-2 1.05385E-1 1.10849E-1 1.32223E-1 1.73765E-1 1.90419E-1 1.94163E-1 1.95111E-1 1.93372E-1 1.92187E-1 1.90255E-1 1.89913E-1 1.90082E-1 1.94587E-1 1.98987E-1 1.69477E-1 1.1868E-1 1.33015E-1 1.63326E-1 1.88849E-1 1.86302E-1 1.87919E-1 1.71247E-1 1.50381E-1 1.17149E-1 9.36085E-2 7.8632E-2 8.11793E-2 7.09349E-2
6.46314E-2 6.8077E-2 7.08507E-2 6.95496E-2 7.61241E-2 7.77645E-2 7.94937E-2 9.11647E-2 1.23883E-1 1.45044E-1 1.09787E-1 1.08713E-1 1.58928E-1 1.96426E-1 1.95586E-1 1.93475E-1 1.88998E-1 1.87501E-1 1.7477E-1 1.39231E-1 1.14875E-1 1.15852E-1 1.22948E-1 1.18756E-1 1.0584E-1 8.76581E-2 8.52157E-2 8.16787E-2 7.91837E-2 8.19649E-2 8.09936E-2 8.34125E-2 8.95764E-2 1.00137E-1 1.17053E-1 1.10829E-1 1.44776E-1 1.95505E-1 1.95018E-1 1.95371E-1 1.96239E-1 1.92784E-1 1.91609E-1 1.8584E-1 1.85068E-1 1.93426E-1 2.02569E-1 1.93039E-1 1.35468E-1 1.15667E-1 1.36269E-1 1.56654E-1 1.74225E-1 1.93722E-1 1.78543E-1 1.27956E-1 1.04741E-1 9.83999E-2 8.13353E-2 7.93107E-2 7.94197E-2
6.83442E-2 7.42529E-2 7.54602E-2 7.72521E-2 8.22955E-2 8.04736E-2 8.48912E-2 1.0619E-1 1.23512E-1 1.0236E-1 1.08472E-1 1.40794E-1 1.99651E-1 2.00065E-1 1.96252E-1 1.89159E-1 1.8733E-1 1.86197E-1 1.61157E-1 1.18053E-1 1.1652E-1 1.07526E-1 1.00417E-1 1.02356E-1 9.59189E-2 9.49021E-2 8.50162E-2 8.65058E-2 8.4225E-2 8.37511E-2 8.2081E-2 8.11436E-2 9.25112E-2 1.03006E-1 1.09319E-1 1.14231E-1 1.61227E-1 1.95983E-1 1.9685E-1 1.96361E-1 1.98326E-1 1.97221E-1 1.94621E-1 1.90131E-1 1.87605E-1 1.92915E-1 2.01734E-1 1.86926E-1 1.23367E-1 1.03518E-1 1.0691E-1 9.81945E-2 1.06866E-1 1.38273E-1 1.68985E-1 1.74599E-1 1.03542E-1 8.72829E-2 8.09696E-2 1.01493E-1 1.0816E-1
7.18897E-2 7.93776E-2 8.19113E-2 8.59579E-2 8.75627E-2 8.76514E-2 9.63892E-2 1.04472E-1 9.85931E-2 1.01354E-1 1.12093E-1 1.81007E-1 2.08602E-1 2.03736E-1 1.97709E-1 1.90478E-1 1.88471E-1 1.86967E-1 1.53069E-1 1.13768E-1 1.12451E-1 1.05345E-1 1.04935E-1 9.59088E-2 9.2135E-2 9.0189E-2 9.06811E-2 1.02415E-1 8.94094E-2 8.42253E-2 7.97831E-2 8.7411E-2 9.77109E-2 1.10356E-1 1.17602E-1 1.25129E-1 1.66482E-1 1.99438E-1 2.03536E-1 2.00249E-1 1.97212E-1 1.97377E-1 1.97012E-1 1.94095E-1 1.88328E-1 1.9597E-1 1.79612E-1 1.22315E-1 9.96672E-2 9.00234E-2 8.91008E-2 9.10693E-2 9.06082E-2 8.59278E-2 9.29073E-2 1.04578E-1 1.05571E-1 9.77079E-2 1.04012E-1 1.24608E-1 1.27911E-1
7.5644E-2 8.33384E-2 8.80639E-2 8.93655E-2 8.95473E-2 1.02878E-1 1.03375E-1 9.99043E-2 9.84845E-2 1.10953E-1 1.19297E-1 1.92871E-1 2.16192E-1 2.09301E-1 2.02838E-1 1.96189E-1 1.94074E-1 1.82301E-1 1.40393E-1 1.23521E-1 1.18626E-1 1.09951E-1 9.61611E-2 8.94462E-2 8.80187E-2 8.51298E-2 9.04724E-2 9.55799E-2 9.06175E-2 8.81181E-2 9.17067E-2 9.68333E-2 1.00386E-1 1.1041E-1 1.27959E-1 1.67171E-1 1.96188E-1 2.10164E-1 2.11904E-1 2.0828E-1 2.02564E-1 2.01305E-1 1.99734E-1 1.94226E-1 1.88476E-1 1.8966E-1 1.38925E-1 9.52933E-2 9.49595E-2 8.74085E-2 9.08568E-2 8.18896E-2 7.57854E-2 7.22389E-2 7.18823E-2 9.3829E-2 1.03027E-1 9.72331E-2 1.06511E-1 1.15626E-1 1.07844E-1
8.16287E-2 8.68775E-2 9.76314E-2 1.0511E-1 1.00261E-1 1.33351E-1 9.82055E-2 9.89542E-2 1.02488E-1 1.18191E-1 1.57898E-1 2.15632E-1 2.21062E-1 2.14771E-1 2.09087E-1 2.05294E-1 1.95118E-1 1.58467E-1 1.22863E-1 1.18811E-1 1.14011E-1 1.0747E-1 1.03308E-1 9.3127E-2 9.15041E-2 9.19421E-2 9.21983E-2 9.52438E-2 9.95904E-2 1.03911E-1 1.04926E-1 1.06302E-1 1.12322E-1 1.30128E-1 1.60938E-1 2.0951E-1 2.01902E-1 1.86013E-1 1.69382E-1 1.83345E-1 2.07566E-1 2.06894E-1 2.0592E-1 2.01195E-1 1.90733E-1 1.66058E-1 1.12426E-1 9.46451E-2 9.06217E-2 9.21827E-2 8.95871E-2 7.50295E-2 6.74686E-2 6.50717E-2 7.17197E-2 8.47141E-2 1.02245E-1 9.98683E-2 1.04694E-1 1.04089E-1 9.84887E-2
8.55714E-2 8.91226E-2 8.87879E-2 9.10923E-2 9.59704E-2 1.29092E-1 9.85352E-2 9.75509E-2 1.05458E-1 1.32085E-1 2.14138E-1 2.23372E-1 2.22163E-1 2.18278E-1 2.14783E-1 2.11507E-1 1.96764E-1 1.55696E-1 1.24845E-1 1.21555E-1 1.17153E-1 1.10637E-1 1.00071E-1 1.00856E-1 1.02141E-1 1.05241E-1 1.04044E-1 1.01993E-1 1.0812E-1 1.15611E-1 1.18251E-1 1.1954E-1 1.4051E-1 2.00705E-1 2.06392E-1 1.99856E-1 1.48566E-1 1.33967E-1 1.27359E-1 1.32762E-1 1.93296E-1 2.12853E-1 2.12842E-1 2.07844E-1 1.93339E-1 1.60185E-1 1.13128E-1 9.56405E-2 9.05823E-2 8.75225E-2 8.75992E-2 8.11723E-2 7.26113E-2 7.69278E-2 7.6546E-2 8.29728E-2 9.56524E-2 1.07036E-1 1.11771E-1 1.15453E-1 1.19087E-1
9.13968E-2 9.27798E-2 8.32524E-2 8.38206E-2 9.0779E-2 1.00018E-1 9.27957E-2 9.91167E-2 1.12322E-1 1.32679E-1 2.16088E-1 2.27179E-1 2.25842E-1 2.23849E-1 2.1916E-1 2.15692E-1 1.96811E-1 1.51306E-1 1.23045E-1 1.16126E-1 1.2104E-1 1.11241E-1 1.02712E-1 1.04708E-1 1.05605E-1 1.03082E-1 1.06253E-1 1.08941E-1 1.16569E-1 1.2354E-1 1.26867E-1 1.30685E-1 1.63362E-1 2.17336E-1 2.01905E-1 1.4736E-1 1.28059E-1 1.27287E-1 1.25025E-1 1.26933E-1 1.70674E-1 2.19151E-1 2.19032E-1 2.18589E-1 2.0204E-1 1.64986E-1 1.15666E-1 9.45589E-2 9.06582E-2 8.93887E-2 8.73484E-2 8.54679E-2 8.06947E-2 8.52748E-2 8.59244E-2 8.97175E-2 1.08511E-1 1.22847E-1 1.41621E-1 1.49007E-1 1.63668E-1
8.67213E-2 8.32728E-2 8.50051E-2 8.58907E-2 9.27269E-2 8.89919E-2 9.65661E-2 1.04705E-1 1.13013E-1 1.58139E-1 2.30371E-1 2.32721E-1 2.32204E-1 2.28546E-1 2.22684E-1 2.2046E-1 1.9126E-1 1.3553E-1 1.22662E-1 1.20649E-1 1.1841E-1 1.1268E-1 1.10824E-1 1.07116E-1 1.07287E-1 1.07914E-1 1.12332E-1 1.16972E-1 1.25139E-1 1.35655E-1 1.37472E-1 1.29702E-1 1.4197E-1 1.45893E-1 1.37773E-1 1.28052E-1 1.27374E-1 1.31237E-1 1.31385E-1 1.29939E-1 1.69921E-1 2.23247E-1 2.24116E-1 2.21999E-1 2.08444E-1 1.76115E-1 1.16647E-1 9.5375E-2 8.80017E-2 8.78447E-2 9.1496E-2 9.08088E-2 9.44831E-2 9.69657E-2 1.00422E-1 1.01483E-1 1.22007E-1 1.43401E-1 1.84188E-1 2.34534E-1 2.66167E-1
8.1242E-2 8.42586E-2 8.93815E-2 8.8391E-2 9.45204E-2 9.12868E-2 1.00028E-1 1.08591E-1 1.23216E-1 2.15533E-1 2.42284E-1 2.39168E-1 2.34711E-1 2.27959E-1 2.23873E-1 2.24952E-1 2.1413E-1 1.72537E-1 1.45855E-1 1.33837E-1 1.25728E-1 1.24594E-1 1.19098E-1 1.09572E-1 1.08221E-1 1.09416E-1 1.15192E-1 1.18075E-1 1.19863E-1 1.19906E-1 1.26878E-1 1.40519E-1 1.44876E-1 1.30101E-1 1.29789E-1 1.35873E-1 1.33878E-1 1.35348E-1 1.34773E-1 1.36033E-1 1.49615E-1 2.22878E-1 2.27915E-1 2.23099E-1 2.16751E-1 1.79995E-1 1.20102E-1 9.86564E-2 8.99476E-2 9.05493E-2 9.55036E-2 9.69098E-2 9.73903E-2 1.08798E-1 1.16669E-1 1.18387E-1 1.32118E-1 1.85806E-1 2.83142E-1 3.13729E-1 3.17826E-1
7.91508E-2 8.38849E-2 9.05775E-2 9.20129E-2 9.53019E-2 9.51817E-2 9.98859E-2 1.08727E-1 1.36795E-1 2.39368E-1 2.45698E-1 2.40832E-1 2.36988E-1 2.32571E-1 2.29673E-1 2.26165E-1 2.23369E-1 1.96707E-1 1.65898E-1 1.42119E-1 1.26185E-1 1.21315E-1 1.18255E-1 1.16997E-1 1.18115E-1 1.16444E-1 1.17361E-1 1.19125E-1 1.19783E-1 1.26421E-1 1.3605E-1 1.37347E-1 1.37791E-1 1.35083E-1 1.29953E-1 1.30425E-1 1.36162E-1 1.35758E-1 1.38074E-1 1.38623E-1 1.46899E-1 2.23366E-1 2.29631E-1 2.16207E-1 1.78026E-1 1.42408E-1 1.24165E-1 1.08177E-1 1.0077E-1 1.00814E-1 1.02812E-1 1.08525E-1 1.1328E-1 1.19058E-1 1.32543E-1 1.33087E-1 1.58306E-1 1.98113E-1 2.4139E-1 2.69796E-1 2.69573E-1
8.52868E-2 8.43295E-2 9.14005E-2 9.45337E-2 9.81899E-2 1.04692E-1 1.06848E-1 1.21139E-1 1.42691E-1 2.39056E-1 2.47791E-1 2.43763E-1 2.42422E-1 2.37142E-1 2.33133E-1 2.294E-1 2.28816E-1 2.19719E-1 1.87361E-1 1.5153E-1 1.34494E-1 1.30451E-1 1.35563E-1 1.25384E-1 1.24237E-1 1.22766E-1 1.22686E-1 1.27259E-1 1.30274E-1 1.2801E-1 1.26553E-1 1.28159E-1 1.28617E-1 1.36286E-1 1.34851E-1 1.41987E-1 1.4048E-1 1.37972E-1 1.35892E-1 1.40853E-1 1.45467E-1 1.92842E-1 1.99906E-1 1.53559E-1 1.312E-1 1.3002E-1 1.24307E-1 1.17426E-1 1.20922E-1 1.19038E-1 1.17082E-1 1.18783E-1 1.23748E-1 1.29491E-1 1.42883E-1 1.47724E-1 1.45888E-1 1.47921E-1 1.55336E-1 1.7045E-1 1.87536E-1
8.61512E-2 8.62518E-2 9.45454E-2 9.74729E-2 9.93536E-2 1.02908E-1 1.096E-1 1.21435E-1 1.33998E-1 2.18994E-1 2.45922E-1 2.47695E-1 2.45266E-1 2.43563E-1 2.38759E-1 2.36872E-1 2.35826E-1 2.28202E-1 1.96492E-1 1.52901E-1 1.41691E-1 1.4579E-1 1.41613E-1 1.36048E-1 1.31641E-1 1.26994E-1 1.28473E-1 1.27077E-1 1.30304E-1 1.32457E-1 1.30986E-1 1.31718E-1 1.27096E-1 1.36115E-1 1.36502E-1 1.34333E-1 1.34997E-1 1.37038E-1 1.38014E-1 1.4203E-1 1.54843E-1 1.60597E-1 1.41573E-1 1.36562E-1 1.32054E-1 1.30151E-1 1.2483E-1 1.29777E-1 1.27249E-1 1.23454E-1 1.23505E-1 1.25413E-1 1.251E-1 1.28488E-1 1.38774E-1 1.45838E-1 1.5115E-1 1.65445E-1 1.72914E-1 1.79966E-1 1.94652E-1
8.30669E-2 9.00123E-2 9.10969E-2 9.38055E-2 9.66876E-2 9.9353E-2 1.12933E-1 1.18392E-1 1.24991E-1 1.76635E-1 2.42849E-1 2.52183E-1 2.48527E-1 2.48492E-1 2.45356E-1 2.40092E-1 2.38397E-1 2.327E-1 2.00018E-1 1.50443E-1 1.35377E-1 1.32909E-1 1.29467E-1 1.34689E-1 1.3336E-1 1.28183E-1 1.26718E-1 1.28004E-1 1.34694E-1 1.33754E-1 1.27739E-1 1.27684E-1 1.32882E-1 1.35582E-1 1.37516E-1 1.388E-1 1.39451E-1 1.46916E-1 1.51835E-1 1.57758E-1 1.62221E-1 1.54245E-1 1.46253E-1 1.39358E-1 1.36104E-1 1.35958E-1 1.36704E-1 1.35242E-1 1.35759E-1 1.35772E-1 1.36425E-1 1.35874E-1 1.34629E-1 1.42126E-1 1.83324E-1 2.26092E-1 2.4312E-1 2.68421E-1 2.76052E-1 2.73016E-1 2.71796E-1
9.20628E-2 9.70403E-2 9.46498E-2 9.27061E-2 1.00859E-1 1.06895E-1 1.14415E-1 1.21941E-1 1.28676E-1 2.00148E-1 2.47946E-1 2.55411E-1 2.5256E-1 2.46585E-1 2.44529E-1 2.39775E-1 2.40766E-1 2.35505E-1 1.92326E-1 1.5043E-1 1.38836E-1 1.31914E-1 1.32863E-1 1.36885E-1 1.3383E-1 1.30883E-1 1.26639E-1 1.2681E-1 1.27893E-1 1.2574E-1 1.24205E-1 1.27739E-1 1.32632E-1 1.34237E-1 1.40025E-1 1.50671E-1 1.53608E-1 1.62127E-1 1.65716E-1 2.0248E-1 1.93043E-1 1.57821E-1 1.44638E-1 1.43447E-1 1.40701E-1 1.44646E-1 1.5169E-1 1.9824E-1 2.30807E-1 2.31901E-1 2.21903E-1 2.06687E-1 1.81415E-1 1.98308E-1 2.3118E-1 2.46867E-1 2.82383E-1 2.90192E-1 2.94147E-1 2.81907E-1 2.4798E-1
9.98588E-2 1.05118E-1 9.98099E-2 9.58158E-2 9.78817E-2 1.07607E-1 1.20455E-1 1.3029E-1 1.36472E-1 2.07104E-1 2.51521E-1 2.5505E-1 2.54019E-1 2.4904E-1 2.44442E-1 2.41556E-1 2.3635E-1 2.23875E-1 1.78806E-1 1.45719E-1 1.37203E-1 1.34661E-1 1.31801E-1 1.33553E-1 1.31463E-1 1.32711E-1 1.28986E-1 1.27447E-1 1.27677E-1 1.28654E-1 1.30651E-1 1.34707E-1 1.41103E-1 1.38583E-1 1.37145E-1 1.52223E-1 1.67767E-1 1.71725E-1 1.78456E-1 2.33269E-1 2.21402E-1 1.72753E-1 1.43E-1 1.47105E-1 1.4936E-1 1.72192E-1 2.41273E-1 2.74144E-1 2.71307E-1 2.65515E-1 2.60569E-1 2.59357E-1 2.56235E-1 2.6411E-1 2.73204E-1 2.72858E-1 2.8211E-1 2.78015E-1 2.5089E-1 1.87744E-1 1.40323E-1
1.02177E-1 1.11316E-1 1.07979E-1 1.05201E-1 1.06311E-1 1.0907E-1 1.19993E-1 1.26877E-1 1.41483E-1 2.0554E-1 2.49097E-1 2.55704E-1 2.53482E-1 2.48213E-1 2.43831E-1 2.39149E-1 2.21717E-1 1.88492E-1 1.53787E-1 1.38704E-1 1.35449E-1 1.30802E-1 1.36822E-1 1.34007E-1 1.30536E-1 1.28708E-1 1.25517E-1 1.2592E-1 1.32473E-1 1.35974E-1 1.31993E-1 1.27157E-1 1.29584E-1 1.36475E-1 1.46957E-1 1.58614E-1 1.66821E-1 1.75019E-1 1.64037E-1 1.58807E-1 1.56805E-1 1.52036E-1 1.56042E-1 1.92248E-1 2.35587E-1 2.7444E-1 2.82968E-1 2.80716E-1 2.7902E-1 2.72278E-1 2.66382E-1 2.63718E-1 2.60263E-1 2.63841E-1 2.69709E-1 2.58058E-1 2.15206E-1 1.55379E-1 1.19623E-1 1.14801E-1 1.00823E-1
1.08101E-1 1.05521E-1 1.05183E-1 1.03843E-1 1.01017E-1 1.05919E-1 1.17581E-1 1.27671E-1 1.42275E-1 1.55657E-1 2.24312E-1 2.49572E-1 2.53547E-1 2.51687E-1 2.47996E-1 2.35545E-1 2.00586E-1 1.496E-1 1.38567E-1 1.32811E-1 1.32353E-1 1.31182E-1 1.33387E-1 1.31669E-1 1.30302E-1 1.28279E-1 1.24698E-1 1.22098E-1 1.23652E-1 1.28408E-1 1.29994E-1 1.32476E-1 1.32253E-1 1.34729E-1 1.46153E-1 1.57945E-1 1.76377E-1 1.90748E-1 1.7598E-1 1.70136E-1 1.63942E-1 1.97491E-1 2.53941E-1 2.79916E-1 2.81828E-1 2.8449E-1 2.88453E-1 2.84322E-1 2.79972E-1 2.77493E-1 2.69979E-1 2.64202E-1 2.59214E-1 2.3874E-1 1.95301E-1 1.52659E-1 1.18558E-1 9.8488E-2 9.29484E-2 1.07142E-1 1.06904E-1
1.06742E-1 1.05347E-1 1.02198E-1 1.03806E-1 1.04408E-1 1.10936E-1 1.19695E-1 1.28373E-1 1.39272E-1 1.44346E-1 1.85362E-1 2.32221E-1 2.39419E-1 2.4069E-1 2.35066E-1 2.18822E-1 1.65169E-1 1.41801E-1 1.36775E-1 1.33578E-1 1.3083E-1 1.33601E-1 1.35118E-1 1.33718E-1 1.29755E-1 1.27056E-1 1.23633E-1 1.20295E-1 1.18688E-1 1.20741E-1 1.27376E-1 1.3125E-1 1.33961E-1 1.38665E-1 1.48489E-1 1.62325E-1 2.18237E-1 2.64235E-1 2.42712E-1 2.51258E-1 2.38924E-1 2.66031E-1 2.7748E-1 2.80708E-1 2.82393E-1 2.84974E-1 2.88871E-1 2.86534E-1 2.81905E-1 2.6954E-1 2.39531E-1 2.0145E-1 1.66811E-1 1.57417E-1 1.28273E-1 1.15481E-1 1.11382E-1 1.00078E-1 9.83787E-2 9.78184E-2 9.7818E-2
1.05781E-1 1.03639E-1 1.03911E-1 1.06381E-1 1.10936E-1 1.17939E-1 1.20044E-1 1.29024E-1 1.37919E-1 1.42216E-1 1.52405E-1 1.88434E-1 2.17142E-1 2.02109E-1 1.79236E-1 1.59128E-1 1.39614E-1 1.33829E-1 1.44259E-1 1.42789E-1 1.38219E-1 1.3638E-1 1.33598E-1 1.3142E-1 1.27665E-1 1.27561E-1 1.22509E-1 1.20296E-1 1.23877E-1 1.26209E-1 1.30213E-1 1.31125E-1 1.32416E-1 1.44584E-1 1.60647E-1 1.87144E-1 2.37575E-1 2.63571E-1 2.59902E-1 2.50273E-1 2.63497E-1 2.77514E-1 2.69901E-1 2.72046E-1 2.73365E-1 2.76614E-1 2.78587E-1 2.47347E-1 2.14206E-1 1.7356E-1 1.53893E-1 1.37037E-1 1.28475E-1 1.26409E-1 1.1503E-1 1.11721E-1 1.07088E-1 1.03712E-1 9.89901E-2 1.00979E-1 9.62641E-2
1.05284E-1 1.07223E-1 1.11813E-1 1.14732E-1 1.19686E-1 1.1814E-1 1.22282E-1 1.34736E-1 1.28748E-1 1.37762E-1 1.46009E-1 1.47369E-1 1.50595E-1 1.46843E-1 1.36079E-1 1.29457E-1 1.29665E-1 1.32994E-1 1.38563E-1 1.34898E-1 1.3887E-1 1.34396E-1 1.29597E-1 1.30483E-1 1.27809E-1 1.2432E-1 1.25046E-1 1.24333E-1 1.28202E-1 1.31388E-1 1.30419E-1 1.30095E-1 1.37178E-1 1.55121E-1 1.63553E-1 1.57985E-1 1.66085E-1 1.99937E-1 2.36206E-1 2.27317E-1 2.73971E-1 2.68707E-1 2.63724E-1 2.49477E-1 2.48935E-1 2.54416E-1 2.21994E-1 1.73065E-1 1.42422E-1 1.26944E-1 1.39415E-1 1.30952E-1 1.30706E-1 1.30734E-1 1.16692E-1 1.10684E-1 1.04291E-1 1.05953E-1 1.05639E-1 1.0551E-1 9.72736E-2
1.15668E-1 1.1979E-1 1.2046E-1 1.25452E-1 1.19826E-1 1.29238E-1 1.41799E-1 1.34186E-1 1.22269E-1 1.26111E-1 1.30996E-1 1.35039E-1 1.35447E-1 1.32597E-1 1.2766E-1 1.29915E-1 1.30093E-1 1.34578E-1 1.32324E-1 1.31973E-1 1.30431E-1 1.36906E-1 1.31245E-1 1.30499E-1 1.27353E-1 1.28951E-1 1.29606E-1 1.30909E-1 1.33173E-1 1.37764E-1 1.33674E-1 1.39362E-1 1.43909E-1 1.49018E-1 1.53758E-1 1.58121E-1 1.58337E-1 1.71005E-1 1.83798E-1 1.87684E-1 2.11307E-1 2.08881E-1 1.89447E-1 1.80514E-1 1.7832E-1 1.73693E-1 1.6623E-1 1.52309E-1 1.35043E-1 1.30621E-1 1.45418E-1 1.44312E-1 1.34368E-1 1.28974E-1 1.16377E-1 1.11249E-1 1.15934E-1 1.16467E-1 1.10516E-1 1.02657E-1 9.51292E-2
1.30374E-1 1.26132E-1 1.27401E-1 1.24295E-1 1.32958E-1 1.30686E-1 1.46248E-1 1.37286E-1 1.28959E-1 1.29106E-1 1.30429E-1 1.31914E-1 1.35429E-1 1.35616E-1 1.36007E-1 1.35124E-1 1.37931E-1 1.38478E-1 1.3282E-1 1.34625E-1 1.34914E-1 1.369E-1 1.31116E-1 1.32229E-1 1.32837E-1 1.37927E-1 1.37221E-1 1.36381E-1 1.39125E-1 1.43782E-1 1.38757E-1 1.38093E-1 1.42029E-1 1.4479E-1 1.52784E-1 1.51773E-1 1.49563E-1 1.5538E-1 1.51522E-1 1.52702E-1 1.5763E-1 1.51219E-1 1.50962E-1 1.53375E-1 1.51701E-1 1.41431E-1 1.55506E-1 1.46338E-1 1.34503E-1 1.42765E-1 1.48112E-1 1.48066E-1 1.39411E-1 1.34811E-1 1.2023E-1 1.11919E-1 1.12917E-1 1.16925E-1 1.07495E-1 1.05545E-1 1.00313E-1
1.28079E-1 1.18801E-1 1.20505E-1 1.25623E-1 1.20838E-1 1.25948E-1 1.28219E-1 1.28581E-1 1.33477E-1 1.34348E-1 1.34217E-1 1.35165E-1 1.35732E-1 1.3794E-1 1.37243E-1 1.33366E-1 1.38599E-1 1.35333E-1 1.35556E-1 1.3597E-1 1.37061E-1 1.35278E-1 1.35423E-1 1.35748E-1 1.43076E-1 1.4716E-1 1.39094E-1 1.37652E-1 1.40128E-1 1.47911E-1 1.48888E-1 1.4781E-1 1.45524E-1 1.48656E-1 1.50126E-1 1.44868E-1 1.47335E-1 1.48326E-1 1.45526E-1 1.47538E-1 1.411E-1 1.42061E-1 1.41368E-1 1.44022E-1 1.35823E-1 1.35249E-1 1.4943E-1 1.41494E-1 1.36178E-1 1.43104E-1 1.46433E-1 1.46079E-1 1.42665E-1 1.39483E-1 1.24778E-1 1.19118E-1 1.1718E-1 1.18868E-1 1.20403E-1 1.08977E-1 1.04117E-1
1.22084E-1 1.17331E-1 1.21241E-1 1.28037E-1 1.27958E-1 1.23985E-1 1.23437E-1 1.25421E-1 1.29628E-1 1.34409E-1 1.34214E-1 1.36931E-1 1.39996E-1 1.40317E-1 1.4132E-1 1.39835E-1 1.38993E-1 1.37853E-1 1.37409E-1 1.38078E-1 1.42036E-1 1.39631E-1 1.41607E-1 1.42505E-1 1.39778E-1 1.4007E-1 1.40555E-1 1.41497E-1 1.42189E-1 1.4527E-1 1.50343E-1 1.50116E-1 1.48271E-1 1.44969E-1 1.46939E-1 1.47173E-1 1.51324E-1 1.44617E-1 1.4001E-1 1.36025E-1 1.34738E-1 1.34626E-1 1.34682E-1 1.37039E-1 1.37734E-1 1.38226E-1 1.42795E-1 1.36536E-1 1.31497E-1 1.3929E-1 1.335E-1 1.34918E-1 1.34394E-1 1.39178E-1 1.34816E-1 1.28945E-1 1.248E-1 1.23928E-1 1.25543E-1 1.22254E-1 1.11128E-1
1.22587E-1 1.26829E-1 1.24552E-1 1.27645E-1 1.31198E-1 1.29554E-1 1.26154E-1 1.29174E-1 1.33361E-1 1.38714E-1 1.36456E-1 1.34523E-1 1.35271E-1 1.39006E-1 1.43472E-1 1.46826E-1 1.44801E-1 1.47161E-1 1.47677E-1 1.47937E-1 1.46238E-1 1.42975E-1 1.44675E-1 1.4029E-1 1.40268E-1 1.40482E-1 1.43447E-1 1.44085E-1 1.45453E-1 1.4574E-1 1.53344E-1 1.54523E-1 1.44466E-1 1.37409E-1 1.42585E-1 1.47743E-1 1.49446E-1 1.43414E-1 1.38197E-1 1.32937E-1 1.28489E-1 1.34275E-1 1.33373E-1 1.42888E-1 1.44182E-1 1.34951E-1 1.41265E-1 1.41811E-1 1.37296E-1 1.37115E-1 1.3304E-1 1.37773E-1 1.44425E-1 1.45095E-1 1.47996E-1 1.41132E-1 1.33901E-1 1.31429E-1 1.37271E-1 1.24837E-1 1.22981E-1
1.33251E-1 1.32074E-1 1.31614E-1 1.29523E-1 1.2961E-1 1.27481E-1 1.27374E-1 1.30501E-1 1.33363E-1 1.37027E-1 1.35267E-1 1.34882E-1 1.37211E-1 1.41972E-1 1.46448E-1 1.53574E-1 1.48665E-1 1.4622E-1 1.42686E-1 1.41732E-1 1.41533E-1 1.41545E-1 1.40118E-1 1.38264E-1 1.37401E-1 1.39981E-1 1.43658E-1 1.41534E-1 1.50723E-1 1.57503E-1 1.49906E-1 1.44447E-1 1.39363E-1 1.33862E-1 1.37408E-1 1.43988E-1 1.49022E-1 1.44892E-1 1.39401E-1 1.26557E-1 1.25848E-1 1.27369E-1 1.35461E-1 1.39557E-1 1.46879E-1 1.37742E-1 1.44305E-1 1.49215E-1 1.49178E-1 1.43934E-1 1.42066E-1 1.47921E-1 1.53459E-1 1.541E-1 1.59387E-1 1.5231E-1 1.52233E-1 1.50181E-1 1.41422E-1 1.34703E-1 1.28575E-1
