maxent_outputs/white_flowers_linear/white_229.asc
ncols         426
nrows         180
xllcorner     -130.0
yllcorner     24.0
cellsize      0.16666666666666666
NODATA_value  -9999
[rows 54 to 80 of 180, columns 61 to 121 of 426]
5.53301E-1 5.72098E-1 5.35608E-1 5.33694E-1 5.57828E-1 5.66022E-1 5.93385E-1 5.76246E-1 5.69214E-1 5.95342E-1 5.65231E-1 4.81353E-1 4.71622E-1 4.84324E-1 5.09807E-1 5.28686E-1 4.73108E-1 4.70808E-1 4.92392E-1 4.82521E-1 5.01818E-1 4.97553E-1 5.19337E-1 5.67365E-1 5.53729E-1 5.62366E-1 5.64263E-1 5.76209E-1 5.62759E-1 5.60265E-1 5.07208E-1 5.37799E-1 5.35843E-1 5.50883E-1 4.97963E-1 4.74402E-1 4.46133E-1 4.05051E-1 4.87654E-1 4.25929E-1 4.51278E-1 4.34163E-1 4.48689E-1 4.28478E-1 4.38193E-1 4.47508E-1 5.1576E-1 5.18937E-1 5.69898E-1 5.3855E-1 5.72054E-1 5.71788E-1 5.40244E-1 5.67241E-1 5.28777E-1 5.07411E-1 4.82166E-1 4.96209E-1 5.35327E-1 5.70304E-1 5.45047E-1
5.51253E-1 5.40832E-1 5.38822E-1 5.54666E-1 5.40071E-1 5.62924E-1 5.63448E-1 5.74198E-1 5.4382E-1 5.46569E-1 5.43335E-1 5.1678E-1 4.66784E-1 4.5657E-1 4.64275E-1 4.67303E-1 4.62157E-1 4.74822E-1 5.34932E-1 4.80118E-1 4.38961E-1 5.38698E-1 4.79091E-1 5.36099E-1 5.45032E-1 5.46486E-1 5.7201E-1 5.44297E-1 5.16694E-1 5.15622E-1 5.41106E-1 5.63958E-1 5.63692E-1 4.85766E-1 4.15282E-1 4.93583E-1 4.84873E-1 4.17459E-1 4.41657E-1 4.49414E-1 4.8002E-1 4.60983E-1 4.09043E-1 3.96829E-1 4.23086E-1 4.69593E-1 4.71665E-1 4.6206E-1 4.72673E-1 4.77097E-1 5.24574E-1 5.30861E-1 4.68177E-1 5.14444E-1 5.21573E-1 5.43531E-1 5.35434E-1 5.55004E-1 5.32655E-1 5.70356E-1 5.68478E-1
5.48645E-1 5.43084E-1 5.77312E-1 5.60176E-1 5.77616E-1 5.77115E-1 5.69686E-1 5.41729E-1 5.19195E-1 4.94231E-1 4.80455E-1 4.98139E-1 4.87564E-1 4.68252E-1 4.49607E-1 4.88336E-1 4.77846E-1 5.03981E-1 4.06842E-1 3.88517E-1 4.07575E-1 5.14631E-1 5.08998E-1 5.28567E-1 5.40608E-1 5.38462E-1 5.36196E-1 5.3538E-1 5.48231E-1 5.51207E-1 5.47285E-1 5.67877E-1 5.49111E-1 4.39405E-1 4.31692E-1 3.95054E-1 4.66013E-1 5.39092E-1 4.51947E-1 3.97737E-1 4.91989E-1 4.16096E-1 4.29229E-1 4.43446E-1 4.02061E-1 4.0114E-1 4.40148E-1 4.65802E-1 4.60619E-1 4.84516E-1 5.01741E-1 4.98988E-1 5.09174E-1 5.05659E-1 5.09853E-1 5.31303E-1 5.46061E-1 5.46825E-1 5.70776E-1 5.68755E-1 5.79557E-1
5.72394E-1 5.44718E-1 5.55318E-1 5.43389E-1 5.37507E-1 5.36482E-1 5.12543E-1 5.27638E-1 5.72088E-1 4.84422E-1 4.39872E-1 4.51753E-1 4.257E-1 4.57978E-1 4.31625E-1 4.5158E-1 4.35595E-1 4.29639E-1 4.07029E-1 3.91673E-1 4.07558E-1 4.90052E-1 5.08393E-1 5.09886E-1 5.38248E-1 5.26739E-1 5.01015E-1 5.25396E-1 5.18331E-1 5.49992E-1 5.47112E-1 5.61128E-1 5.60789E-1 4.62958E-1 4.49395E-1 4.8995E-1 4.0286E-1 4.75587E-1 5.11117E-1 4.62681E-1 4.2348E-1 5.09193E-1 4.70117E-1 4.32964E-1 4.50739E-1 4.48849E-1 4.50546E-1 4.17162E-1 4.04752E-1 4.25362E-1 4.66882E-1 4.88779E-1 5.15161E-1 5.31873E-1 5.38643E-1 5.34493E-1 5.58372E-1 5.56086E-1 5.79619E-1 5.68566E-1 5.4543E-1
5.18299E-1 5.26471E-1 5.45953E-1 5.64955E-1 5.28903E-1 5.44322E-1 5.61903E-1 5.48592E-1 5.4526E-1 5.08607E-1 4.70883E-1 4.14965E-1 4.21559E-1 4.30283E-1 4.2986E-1 4.13612E-1 4.24619E-1 4.31078E-1 4.32227E-1 4.15267E-1 4.24375E-1 4.37744E-1 5.10879E-1 5.10974E-1 5.24511E-1 5.19831E-1 5.24952E-1 5.18126E-1 5.07135E-1 4.78419E-1 5.36524E-1 5.30593E-1 5.00162E-1 4.46014E-1 4.58923E-1 5.00452E-1 4.8205E-1 4.44168E-1 4.00595E-1 4.62307E-1 4.49258E-1 4.34561E-1 4.5903E-1 4.00556E-1 3.84756E-1 3.73554E-1 3.96765E-1 4.01994E-1 4.18235E-1 4.60881E-1 4.69261E-1 4.89803E-1 4.87424E-1 5.16116E-1 5.37373E-1 5.17134E-1 5.19773E-1 5.49644E-1 5.72777E-1 5.86435E-1 5.91959E-1
5.02728E-1 5.33959E-1 5.31848E-1 5.39291E-1 5.14186E-1 4.86388E-1 5.2421E-1 4.9259E-1 5.01414E-1 4.45296E-1 4.32344E-1 4.15561E-1 4.2843E-1 4.3816E-1 4.15651E-1 4.08576E-1 4.18385E-1 4.26473E-1 4.16496E-1 4.14118E-1 4.46528E-1 4.43027E-1 4.99697E-1 4.8159E-1 5.09845E-1 4.9517E-1 4.97829E-1 5.07456E-1 5.33174E-1 5.06244E-1 5.31398E-1 5.80142E-1 5.23513E-1 4.90956E-1 4.96202E-1 4.10171E-1 5.28211E-1 5.47845E-1 4.38774E-1 4.04824E-1 5.1321E-1 4.20483E-1 4.23719E-1 3.75723E-1 3.68199E-1 3.66364E-1 3.8947E-1 4.04477E-1 4.10179E-1 4.22486E-1 4.68868E-1 4.86587E-1 5.19892E-1 5.24766E-1 4.93869E-1 5.12589E-1 5.35165E-1 5.61567E-1 5.6231E-1 5.84441E-1 5.85625E-1
5.0721E-1 5.34497E-1 5.31792E-1 5.06263E-1 5.13979E-1 4.95349E-1 4.97739E-1 4.24725E-1 4.38096E-1 4.22311E-1 4.38121E-1 4.39564E-1 4.31721E-1 4.19805E-1 4.0863E-1 4.09057E-1 4.30521E-1 4.28213E-1 4.19431E-1 4.34907E-1 4.57772E-1 4.51033E-1 4.83808E-1 4.75233E-1 5.11206E-1 4.84078E-1 4.82284E-1 4.92207E-1 5.3415E-1 5.30873E-1 5.15225E-1 5.64878E-1 5.72107E-1 5.51296E-1 5.02462E-1 4.92379E-1 4.84335E-1 4.41851E-1 4.51631E-1 4.619E-1 4.10999E-1 4.5182E-1 3.62561E-1 3.57448E-1 3.70935E-1 3.66028E-1 3.78671E-1 3.90398E-1 4.17741E-1 4.38652E-1 4.62799E-1 4.56383E-1 5.05405E-1 5.63677E-1 5.63245E-1 4.89943E-1 4.9024E-1 5.07813E-1 5.54837E-1 6.0576E-1 5.56851E-1
4.98053E-1 4.76893E-1 4.86725E-1 4.6071E-1 4.54305E-1 4.99265E-1 4.91343E-1 4.34057E-1 4.16545E-1 4.31984E-1 4.41346E-1 4.51984E-1 4.46248E-1 4.36304E-1 4.28183E-1 4.34996E-1 4.44872E-1 4.39558E-1 4.35298E-1 4.31527E-1 4.38863E-1 4.65291E-1 4.94394E-1 4.4618E-1 4.9191E-1 4.65582E-1 4.86815E-1 4.9774E-1 5.10263E-1 5.15304E-1 5.36675E-1 5.34657E-1 5.02822E-1 5.34146E-1 5.82036E-1 5.47472E-1 5.16195E-1 4.3778E-1 4.06573E-1 4.49853E-1 4.30527E-1 3.5895E-1 3.45925E-1 3.52951E-1 3.75088E-1 3.79143E-1 3.98505E-1 4.24617E-1 4.44076E-1 4.79387E-1 5.23043E-1 4.78199E-1 4.60916E-1 5.79364E-1 5.15894E-1 4.42822E-1 4.98367E-1 5.33559E-1 5.66319E-1 5.56457E-1 5.50937E-1
4.6861E-1 4.55864E-1 4.50321E-1 4.47764E-1 4.4074E-1 4.25383E-1 4.21859E-1 4.36497E-1 4.52608E-1 4.46392E-1 4.42012E-1 4.33576E-1 4.38977E-1 4.44124E-1 4.53243E-1 4.78562E-1 4.44453E-1 4.46025E-1 4.54579E-1 4.45875E-1 4.44401E-1 4.69627E-1 4.66467E-1 4.40767E-1 4.28988E-1 4.6083E-1 5.10443E-1 4.77092E-1 4.90171E-1 4.88606E-1 4.8854E-1 5.09551E-1 4.72135E-1 4.57783E-1 4.67898E-1 4.88698E-1 4.83069E-1 4.3793E-1 3.85972E-1 3.85653E-1 3.72441E-1 3.52708E-1 3.62898E-1 3.82445E-1 3.99149E-1 4.18884E-1 4.24142E-1 4.45277E-1 4.63738E-1 4.8062E-1 5.03769E-1 5.28824E-1 5.21068E-1 5.53928E-1 4.40497E-1 4.77421E-1 5.14846E-1 5.01424E-1 5.05823E-1 5.06674E-1 4.72243E-1
4.68862E-1 4.57757E-1 4.54328E-1 4.4969E-1 4.4172E-1 4.44282E-1 4.65029E-1 4.48308E-1 4.50956E-1 4.39833E-1 4.46178E-1 4.49422E-1 4.36573E-1 4.41412E-1 4.51048E-1 4.79418E-1 4.63808E-1 4.60697E-1 4.55475E-1 4.49069E-1 4.3272E-1 4.18988E-1 4.00576E-1 4.14146E-1 4.29313E-1 4.33241E-1 4.4966E-1 4.20118E-1 4.343E-1 4.21218E-1 4.08985E-1 4.10895E-1 4.06685E-1 4.03778E-1 4.27849E-1 4.04764E-1 4.19543E-1 4.16582E-1 3.97273E-1 3.81907E-1 3.84479E-1 3.90745E-1 3.95968E-1 4.08307E-1 4.17761E-1 4.25849E-1 4.36613E-1 4.57417E-1 4.55395E-1 4.88421E-1 4.81211E-1 5.00884E-1 5.46684E-1 5.08092E-1 4.70462E-1 5.40672E-1 5.47219E-1 5.40119E-1 5.00136E-1 4.90424E-1 5.93057E-1
4.73808E-1 4.74795E-1 4.69714E-1 4.68757E-1 4.56223E-1 4.61753E-1 4.67134E-1 4.52596E-1 4.50163E-1 4.52804E-1 4.46279E-1 4.25835E-1 4.41576E-1 4.50564E-1 4.54065E-1 4.65199E-1 4.4608E-1 4.56103E-1 4.63786E-1 4.38696E-1 4.28666E-1 4.0554E-1 3.87213E-1 3.88924E-1 3.90934E-1 4.26829E-1 4.41034E-1 4.14731E-1 3.97022E-1 4.00214E-1 3.8896E-1 3.8861E-1 3.85528E-1 3.84911E-1 3.89088E-1 3.90154E-1 3.91982E-1 3.96491E-1 4.12841E-1 3.95055E-1 3.97098E-1 4.01851E-1 3.97246E-1 4.15428E-1 4.19408E-1 4.29124E-1 4.52956E-1 4.90703E-1 4.58836E-1 4.51488E-1 4.9038E-1 5.13568E-1 5.03683E-1 5.20581E-1 4.91802E-1 5.12909E-1 4.61086E-1 5.04644E-1 4.80032E-1 5.03552E-1 6.02287E-1
4.78024E-1 4.8599E-1 4.8041E-1 4.75701E-1 4.70784E-1 4.66362E-1 4.58274E-1 4.62444E-1 4.76352E-1 4.58016E-1 4.38883E-1 4.33117E-1 4.2074E-1 4.30247E-1 4.32784E-1 4.33532E-1 4.34192E-1 4.56924E-1 4.93349E-1 4.67627E-1 4.19412E-1 4.0809E-1 3.98618E-1 3.83594E-1 3.91568E-1 3.97405E-1 4.04516E-1 4.19502E-1 4.23269E-1 4.24447E-1 4.27125E-1 4.22386E-1 4.11239E-1 3.91701E-1 3.77817E-1 3.75983E-1 3.81759E-1 3.94201E-1 4.09197E-1 3.97615E-1 4.0913E-1 3.97372E-1 4.06511E-1 4.2097E-1 4.28633E-1 4.37836E-1 4.68561E-1 4.41774E-1 4.42744E-1 4.24619E-1 4.38915E-1 5.00889E-1 4.65536E-1 5.04011E-1 4.93679E-1 5.1996E-1 4.63743E-1 4.41602E-1 4.14673E-1 4.49129E-1 5.41109E-1
4.93184E-1 4.84866E-1 4.80712E-1 4.67791E-1 4.65381E-1 4.69241E-1 4.71086E-1 4.87766E-1 4.80974E-1 4.54321E-1 4.63248E-1 4.35956E-1 4.10721E-1 4.14922E-1 4.30629E-1 4.29464E-1 4.36207E-1 4.41407E-1 4.81541E-1 4.69306E-1 4.45063E-1 4.12125E-1 4.14349E-1 4.25146E-1 4.17571E-1 4.03798E-1 4.00885E-1 4.06346E-1 3.9099E-1 4.09653E-1 4.19039E-1 4.09421E-1 4.09812E-1 3.88437E-1 3.70525E-1 3.79631E-1 3.86106E-1 3.93841E-1 4.0235E-1 4.2437E-1 4.1859E-1 4.22277E-1 4.47927E-1 4.4702E-1 4.50885E-1 4.73626E-1 4.93025E-1 4.38451E-1 4.34487E-1 4.24786E-1 4.4219E-1 4.73029E-1 4.67915E-1 4.62005E-1 5.04761E-1 5.20457E-1 4.75169E-1 4.01082E-1 3.75305E-1 3.63103E-1 4.11765E-1
4.81653E-1 4.72693E-1 4.69299E-1 4.55613E-1 4.51973E-1 4.69874E-1 5.00903E-1 5.54872E-1 4.53112E-1 4.59176E-1 4.45289E-1 4.26317E-1 3.98712E-1 4.01237E-1 4.34889E-1 4.34271E-1 4.40126E-1 4.78609E-1 4.8212E-1 4.50214E-1 4.56428E-1 4.57757E-1 4.25432E-1 4.03124E-1 3.94387E-1 3.92491E-1 3.82467E-1 3.83598E-1 3.77832E-1 4.10029E-1 4.22047E-1 4.19927E-1 4.15491E-1 3.8843E-1 3.89784E-1 4.07733E-1 4.09628E-1 4.1634E-1 4.19991E-1 4.2641E-1 4.17208E-1 4.41863E-1 4.56244E-1 4.43285E-1 4.79418E-1 4.46671E-1 4.99227E-1 4.18644E-1 4.32788E-1 4.21201E-1 4.35304E-1 4.83382E-1 4.61244E-1 4.46543E-1 5.16848E-1 5.28482E-1 4.5881E-1 3.9405E-1 3.56195E-1 3.44721E-1 3.29734E-1
4.96522E-1 4.95778E-1 4.81114E-1 4.62265E-1 4.48485E-1 4.71969E-1 4.86584E-1 5.00656E-1 4.33356E-1 4.36724E-1 4.19073E-1 4.0827E-1 4.17716E-1 4.15688E-1 4.39814E-1 4.33544E-1 4.30934E-1 4.4401E-1 4.45846E-1 4.33892E-1 4.3457E-1 4.34298E-1 4.50356E-1 4.42367E-1 4.13561E-1 4.13751E-1 3.95859E-1 3.96714E-1 4.01804E-1 4.29953E-1 4.42309E-1 4.36879E-1 4.29458E-1 4.25708E-1 4.21553E-1 4.26144E-1 4.35809E-1 4.38938E-1 4.2731E-1 4.15727E-1 4.41719E-1 4.44966E-1 5.01256E-1 4.5367E-1 4.68372E-1 4.31811E-1 4.52355E-1 4.77282E-1 4.35561E-1 4.66877E-1 4.62063E-1 4.89629E-1 4.68437E-1 4.76932E-1 5.08589E-1 5.25514E-1 4.57843E-1 3.79779E-1 3.33628E-1 3.24024E-1 3.16636E-1
5.26534E-1 4.96335E-1 4.90546E-1 4.89371E-1 4.68122E-1 4.5863E-1 4.82152E-1 4.3379E-1 4.31715E-1 4.26054E-1 4.34503E-1 4.44949E-1 4.48188E-1 4.50087E-1 4.43861E-1 4.39288E-1 4.39393E-1 4.65914E-1 4.3236E-1 4.25775E-1 4.28288E-1 4.24043E-1 4.39842E-1 4.46213E-1 4.42324E-1 4.33007E-1 4.23995E-1 4.2915E-1 4.14737E-1 4.20507E-1 4.24062E-1 4.30114E-1 4.42524E-1 4.50499E-1 4.44575E-1 4.36064E-1 4.47768E-1 4.63103E-1 4.40812E-1 4.178E-1 4.79815E-1 4.74576E-1 4.81607E-1 4.57207E-1 4.49493E-1 4.57354E-1 4.33788E-1 4.84238E-1 4.28342E-1 5.06562E-1 4.18002E-1 4.63802E-1 4.33846E-1 4.37401E-1 4.96141E-1 4.89663E-1 4.7708E-1 3.85416E-1 3.37025E-1 3.31315E-1 3.13885E-1
5.01004E-1 4.86285E-1 4.82736E-1 4.84323E-1 4.75472E-1 4.7048E-1 4.66555E-1 4.32631E-1 4.50919E-1 4.48091E-1 4.73062E-1 4.48046E-1 4.44979E-1 4.52815E-1 4.45271E-1 4.42735E-1 4.28471E-1 4.27773E-1 4.24609E-1 4.21131E-1 4.26288E-1 4.18518E-1 4.26378E-1 4.49826E-1 4.49852E-1 4.47995E-1 4.3051E-1 4.30006E-1 4.33848E-1 4.43955E-1 4.46442E-1 4.3263E-1 4.49822E-1 4.71662E-1 4.75107E-1 4.50732E-1 4.78684E-1 4.91437E-1 4.29E-1 4.09228E-1 4.40883E-1 4.58769E-1 4.32537E-1 4.39904E-1 4.44704E-1 4.31372E-1 4.59224E-1 4.13055E-1 4.37627E-1 5.02676E-1 4.06032E-1 4.0056E-1 3.72943E-1 4.24342E-1 4.75821E-1 4.72006E-1 4.30804E-1 3.7098E-1 3.58056E-1 3.42469E-1 3.21693E-1
4.96862E-1 4.87187E-1 4.86996E-1 4.82622E-1 4.8619E-1 4.67303E-1 4.71902E-1 4.43888E-1 4.61277E-1 4.98199E-1 4.58949E-1 4.57666E-1 4.24539E-1 4.47731E-1 4.44766E-1 4.41208E-1 4.32688E-1 4.3262E-1 4.27983E-1 4.20593E-1 4.25019E-1 4.27586E-1 4.53301E-1 4.62907E-1 4.5392E-1 4.55881E-1 4.46653E-1 4.31294E-1 4.48379E-1 4.74893E-1 4.54436E-1 4.40316E-1 4.19727E-1 4.68177E-1 4.45589E-1 4.55265E-1 4.74135E-1 4.32105E-1 4.26372E-1 4.23314E-1 4.68676E-1 3.94137E-1 4.12987E-1 4.18277E-1 4.19445E-1 4.14765E-1 4.48039E-1 4.06509E-1 4.45281E-1 5.11803E-1 4.84656E-1 4.68887E-1 3.87143E-1 3.65714E-1 4.31518E-1 4.28397E-1 4.0419E-1 3.56487E-1 3.52179E-1 3.25556E-1 3.23842E-1
4.919E-1 4.91616E-1 4.97731E-1 4.85E-1 4.77757E-1 4.50146E-1 4.38323E-1 4.37553E-1 4.77524E-1 4.4988E-1 4.47414E-1 4.36738E-1 4.15011E-1 4.37886E-1 4.59579E-1 4.52102E-1 4.33757E-1 4.31917E-1 4.29231E-1 4.22523E-1 4.21004E-1 4.22596E-1 4.56966E-1 4.74473E-1 4.66026E-1 4.72598E-1 4.9704E-1 4.96071E-1 4.81954E-1 4.4681E-1 4.42349E-1 4.21934E-1 4.421E-1 4.29997E-1 4.12657E-1 4.58595E-1 4.54716E-1 4.73075E-1 5.15545E-1 4.6878E-1 3.69698E-1 3.64631E-1 3.968E-1 4.18182E-1 4.20725E-1 4.2118E-1 4.24237E-1 4.03085E-1 4.7654E-1 4.96595E-1 5.12581E-1 4.63279E-1 3.74798E-1 3.66978E-1 4.12485E-1 4.00589E-1 3.83631E-1 3.44243E-1 3.24446E-1 3.20193E-1 3.19601E-1
4.75309E-1 4.84285E-1 4.7537E-1 4.86465E-1 4.83406E-1 4.65241E-1 4.68866E-1 4.47017E-1 4.48748E-1 4.12573E-1 4.43886E-1 4.12237E-1 4.17076E-1 4.763E-1 4.59132E-1 4.48618E-1 4.30697E-1 4.2658E-1 4.26947E-1 4.20203E-1 4.13843E-1 4.30267E-1 4.8129E-1 4.46469E-1 4.51567E-1 4.67987E-1 5.23463E-1 4.98211E-1 4.28788E-1 4.42655E-1 4.42201E-1 4.44363E-1 4.29584E-1 4.31259E-1 4.4757E-1 4.31849E-1 4.70738E-1 4.29667E-1 4.00032E-1 3.88771E-1 3.73923E-1 3.84855E-1 4.20634E-1 4.18057E-1 4.097E-1 4.2475E-1 4.30793E-1 4.09486E-1 4.82829E-1 4.71276E-1 4.64007E-1 4.0362E-1 3.70089E-1 3.83677E-1 3.92442E-1 3.8693E-1 3.72637E-1 3.41935E-1 3.36441E-1 3.29001E-1 3.29902E-1
4.60725E-1 4.72287E-1 4.71516E-1 4.71907E-1 4.65979E-1 4.76199E-1 4.75652E-1 4.39828E-1 4.0455E-1 4.02612E-1 4.16008E-1 3.97254E-1 4.45136E-1 4.62894E-1 4.41933E-1 4.31347E-1 4.21145E-1 4.16456E-1 4.18023E-1 4.16802E-1 4.2888E-1 4.44153E-1 4.6056E-1 4.82318E-1 4.41838E-1 4.45632E-1 4.40161E-1 4.2139E-1 4.55294E-1 4.2992E-1 4.26546E-1 4.29925E-1 4.07707E-1 4.43174E-1 4.48904E-1 4.0621E-1 4.53761E-1 3.9259E-1 3.87842E-1 3.7033E-1 4.17549E-1 4.91305E-1 4.58239E-1 4.2215E-1 4.155E-1 4.25532E-1 4.37715E-1 4.44224E-1 4.73058E-1 4.59025E-1 4.92222E-1 3.94926E-1 3.79548E-1 4.05281E-1 4.02856E-1 3.81635E-1 3.69511E-1 3.42284E-1 3.35053E-1 3.36621E-1 3.34594E-1
4.70811E-1 4.7802E-1 4.57049E-1 4.62334E-1 4.75429E-1 4.72444E-1 3.99062E-1 3.9637E-1 4.46844E-1 3.96071E-1 3.92688E-1 3.92184E-1 4.45868E-1 4.18483E-1 4.08114E-1 4.05278E-1 4.24256E-1 4.39598E-1 4.31015E-1 4.42781E-1 4.5847E-1 4.5404E-1 4.46326E-1 4.60537E-1 4.34532E-1 4.16245E-1 4.39009E-1 4.1007E-1 4.29386E-1 4.38146E-1 4.14693E-1 3.94891E-1 4.19485E-1 4.27532E-1 4.04466E-1 3.66099E-1 3.88908E-1 3.79722E-1 3.82183E-1 4.04915E-1 4.26791E-1 5.05006E-1 5.38481E-1 4.71142E-1 4.3905E-1 4.33862E-1 4.57624E-1 4.82264E-1 4.93317E-1 4.70949E-1 4.95256E-1 4.11527E-1 3.68712E-1 4.09072E-1 4.09602E-1 3.87177E-1 3.73888E-1 3.60395E-1 3.54659E-1 3.50649E-1 3.31972E-1
4.80762E-1 4.7315E-1 4.72568E-1 4.53786E-1 4.48052E-1 4.15548E-1 3.85648E-1 4.29397E-1 4.55334E-1 3.92363E-1 4.01108E-1 4.06585E-1 4.25338E-1 3.87928E-1 4.20409E-1 4.2198E-1 4.24479E-1 4.59108E-1 4.264E-1 4.15314E-1 4.39919E-1 4.45066E-1 4.49947E-1 4.32161E-1 4.09683E-1 4.13873E-1 4.10891E-1 3.83354E-1 3.79876E-1 4.26111E-1 4.32534E-1 4.11391E-1 4.38409E-1 3.92123E-1 3.91347E-1 3.79083E-1 3.52683E-1 3.8853E-1 4.12141E-1 3.99072E-1 4.19087E-1 4.65947E-1 5.30924E-1 5.3305E-1 4.73535E-1 4.62698E-1 4.20595E-1 4.78844E-1 4.42196E-1 4.77543E-1 4.73972E-1 4.22271E-1 3.86912E-1 3.95367E-1 4.14965E-1 4.07823E-1 4.06615E-1 3.84176E-1 3.61926E-1 3.63928E-1 3.44954E-1
4.7612E-1 4.79787E-1 4.82327E-1 4.79837E-1 4.00412E-1 4.00635E-1 3.83847E-1 4.32379E-1 4.01006E-1 3.8398E-1 3.95079E-1 3.95191E-1 4.06453E-1 3.83202E-1 4.26021E-1 3.98377E-1 3.81266E-1 4.24348E-1 4.11517E-1 4.16943E-1 4.34658E-1 4.59517E-1 4.23665E-1 4.23402E-1 4.37677E-1 3.9928E-1 3.84249E-1 3.83211E-1 4.38587E-1 4.25004E-1 4.18328E-1 4.5226E-1 4.08931E-1 4.22026E-1 4.34648E-1 3.84953E-1 3.74369E-1 4.03753E-1 4.131E-1 4.23473E-1 3.91308E-1 3.87086E-1 4.66797E-1 5.29131E-1 5.54164E-1 5.10484E-1 4.59215E-1 4.75161E-1 4.49701E-1 4.68376E-1 4.65343E-1 4.48992E-1 4.32634E-1 4.19932E-1 4.48807E-1 4.79589E-1 4.61444E-1 4.35308E-1 4.07326E-1 3.90653E-1 3.61989E-1
4.53265E-1 4.76507E-1 4.55499E-1 4.12605E-1 3.86546E-1 3.81646E-1 3.80154E-1 4.09848E-1 3.99673E-1 3.90002E-1 4.04113E-1 3.87811E-1 4.07075E-1 4.51557E-1 4.13094E-1 3.78677E-1 3.66216E-1 4.0067E-1 3.85866E-1 4.03687E-1 4.08356E-1 4.09022E-1 4.11034E-1 4.1807E-1 4.09752E-1 3.86916E-1 3.73219E-1 4.42207E-1 4.87119E-1 4.04304E-1 3.93281E-1 4.46157E-1 3.87555E-1 4.00807E-1 3.66269E-1 3.58594E-1 3.89486E-1 4.06669E-1 4.33512E-1 4.06805E-1 3.89492E-1 3.63426E-1 4.07345E-1 4.61636E-1 5.38177E-1 5.20679E-1 4.42801E-1 4.54134E-1 5.18076E-1 4.74982E-1 4.598E-1 4.69469E-1 5.06156E-1 5.10713E-1 5.4662E-1 5.61461E-1 5.61723E-1 5.39062E-1 5.11373E-1 4.71009E-1 4.07248E-1
4.71006E-1 4.48242E-1 4.51975E-1 4.04566E-1 4.07426E-1 4.04507E-1 4.13668E-1 4.30095E-1 4.1253E-1 4.11281E-1 3.92115E-1 4.28788E-1 3.92514E-1 4.46998E-1 4.19171E-1 4.16568E-1 3.92778E-1 3.94152E-1 4.18365E-1 3.79196E-1 3.88912E-1 4.16115E-1 3.76303E-1 3.98236E-1 3.9063E-1 3.82924E-1 4.4748E-1 4.78786E-1 4.42381E-1 3.92952E-1 3.93628E-1 4.09907E-1 3.75442E-1 4.37528E-1 3.64831E-1 3.76073E-1 3.79993E-1 3.80756E-1 3.99E-1 3.83833E-1 3.56423E-1 3.96859E-1 3.91958E-1 4.32033E-1 4.66098E-1 5.30838E-1 4.33525E-1 4.38081E-1 4.97838E-1 5.09371E-1 4.61131E-1 5.12292E-1 5.71121E-1 5.75931E-1 5.75364E-1 5.74905E-1 5.6312E-1 5.79596E-1 5.72349E-1 5.65333E-1 5.29742E-1
4.05052E-1 4.11851E-1 4.00676E-1 4.32805E-1 4.26643E-1 4.3339E-1 4.37331E-1 4.16473E-1 4.05916E-1 4.18588E-1 4.10764E-1 4.3593E-1 4.09683E-1 4.15903E-1 4.35305E-1 4.16003E-1 4.44202E-1 3.70215E-1 4.09639E-1 4.08034E-1 3.81192E-1 4.11907E-1 4.27856E-1 4.12778E-1 3.86665E-1 4.31336E-1 5.41719E-1 4.18554E-1 4.16452E-1 4.34556E-1 4.6457E-1 4.32026E-1 3.68281E-1 4.53063E-1 3.51689E-1 3.74952E-1 3.68838E-1 3.65102E-1 3.58408E-1 3.62378E-1 3.62792E-1 4.14906E-1 3.83567E-1 4.76434E-1 4.00062E-1 4.64246E-1 4.56318E-1 4.32116E-1 5.48431E-1 5.6163E-1 4.48437E-1 4.75995E-1 5.389E-1 5.55325E-1 5.76814E-1 5.67171E-1 5.34898E-1 5.00463E-1 4.58961E-1 4.41508E-1 4.22102E-1
