maxent_outputs/white_flowers_linear/white_31.asc
ncols         426
nrows         180
xllcorner     -130.0
yllcorner     24.0
cellsize      0.16666666666666666
NODATA_value  -9999
[rows 108 to 134 of 180, columns 61 to 121 of 426]
4.95272E-1 4.89373E-1 4.49778E-1 4.68126E-1 4.73756E-1 4.16993E-1 3.07903E-1 1.0101E-1 8.22871E-2 4.79226E-2 5.70793E-2 1.90254E-1 2.99806E-1 1.91173E-1 1.87559E-1 4.01695E-1 2.03471E-1 3.93423E-1 6.40981E-1 4.93078E-1 3.33547E-1 3.89301E-1 2.84079E-1 2.34566E-1 2.1614E-1 1.53835E-1 1.58166E-1 2.4972E-1 2.8945E-1 3.84634E-1 4.57887E-1 3.98066E-1 3.52373E-1 3.03808E-1 2.32132E-1 1.0415E-1 1.89235E-1 1.72901E-1 1.17322E-1 1.221E-1 3.82758E-2 3.74203E-2 4.15217E-2 4.54055E-2 4.35252E-2 3.2124E-2 2.29334E-2 2.27565E-2 2.95209E-2 5.72766E-2 9.7378E-2 7.52017E-2 5.24133E-2 4.74807E-2 4.62397E-2 4.35E-2 3.99268E-2 3.55214E-2 2.90877E-2 2.67661E-2 3.58291E-2
5.13216E-1 4.85364E-1 4.79898E-1 5.02629E-1 4.71726E-1 4.02632E-1 2.68812E-1 1.24712E-1 2.11389E-1 1.46941E-1 1.36536E-1 2.13034E-1 3.09914E-1 3.00769E-1 3.35252E-1 3.4235E-1 3.45108E-1 3.5351E-1 3.63655E-1 5.67675E-1 5.66712E-1 5.02905E-1 3.58884E-1 1.89106E-1 2.20857E-1 2.35222E-1 2.16065E-1 2.41585E-1 3.16908E-1 3.21748E-1 4.73832E-1 4.04199E-1 2.89808E-1 2.16321E-1 2.23622E-1 1.32824E-1 1.18054E-1 1.76905E-1 1.88558E-1 1.07065E-1 4.57804E-2 4.0292E-2 4.47394E-2 4.66171E-2 4.55278E-2 3.79192E-2 3.19382E-2 2.58559E-2 3.03551E-2 6.07887E-2 8.49832E-2 9.06218E-2 6.86296E-2 5.73264E-2 5.16318E-2 4.7779E-2 4.25441E-2 3.71894E-2 2.93639E-2 2.9124E-2 2.9713E-2
5.40211E-1 5.37315E-1 5.36842E-1 5.2481E-1 4.80338E-1 4.1983E-1 2.73482E-1 2.06072E-1 2.02212E-1 1.76996E-1 1.32243E-1 2.34767E-1 3.12879E-1 2.96751E-1 3.61124E-1 3.11365E-1 3.29593E-1 2.38626E-1 2.89066E-1 3.65326E-1 3.78204E-1 4.81369E-1 4.41407E-1 2.76828E-1 2.15848E-1 1.72687E-1 2.52924E-1 1.83322E-1 1.80091E-1 2.53895E-1 4.88486E-1 4.52382E-1 2.75904E-1 2.13443E-1 2.38479E-1 2.17367E-1 1.16465E-1 1.00552E-1 1.07653E-1 6.74172E-2 5.67822E-2 4.28567E-2 3.85918E-2 4.82597E-2 4.63536E-2 4.20681E-2 3.63856E-2 2.90132E-2 3.44758E-2 5.07099E-2 7.40346E-2 8.85272E-2 7.4128E-2 6.70179E-2 6.10437E-2 5.54397E-2 4.91126E-2 4.07941E-2 3.50792E-2 3.4053E-2 3.28718E-2
4.73355E-1 5.50032E-1 5.57609E-1 5.47969E-1 5.70855E-1 5.27712E-1 3.92597E-1 2.07407E-1 1.39328E-1 1.31122E-1 1.94225E-1 2.96652E-1 2.83431E-1 2.5035E-1 2.73573E-1 2.31748E-1 2.37376E-1 2.33057E-1 2.35431E-1 2.53562E-1 2.82695E-1 4.02579E-1 4.57554E-1 2.55205E-1 1.8759E-1 1.45524E-1 2.22614E-1 2.13338E-1 1.81628E-1 2.7455E-1 4.68235E-1 5.42366E-1 2.91584E-1 2.05679E-1 1.91166E-1 2.14869E-1 1.72429E-1 1.16098E-1 7.70244E-2 6.23727E-2 6.51509E-2 6.0874E-2 4.93561E-2 5.34941E-2 4.98107E-2 4.20153E-2 3.1702E-2 2.14041E-2 1.70472E-2 2.61497E-2 4.88223E-2 8.05748E-2 8.20833E-2 6.95123E-2 6.49209E-2 5.87756E-2 4.9665E-2 4.16601E-2 4.45474E-2 4.02101E-2 3.67121E-2
2.92552E-1 4.36497E-1 5.52062E-1 5.74676E-1 5.81294E-1 5.85467E-1 5.03117E-1 2.84814E-1 2.17133E-1 1.73247E-1 2.94831E-1 3.42226E-1 2.54541E-1 2.54441E-1 2.51549E-1 2.16426E-1 2.2966E-1 2.14342E-1 2.65602E-1 3.43688E-1 4.03816E-1 3.85828E-1 4.73401E-1 3.67363E-1 2.04099E-1 1.51402E-1 1.62905E-1 1.51548E-1 1.90588E-1 3.53065E-1 3.32343E-1 5.82715E-1 3.62807E-1 2.8052E-1 2.34992E-1 1.91989E-1 1.55239E-1 1.3271E-1 8.20886E-2 6.7544E-2 6.10622E-2 7.02071E-2 7.15749E-2 7.14344E-2 6.0898E-2 3.90289E-2 3.12308E-2 2.32583E-2 1.92805E-2 2.64188E-2 3.97356E-2 6.0727E-2 7.5261E-2 7.40307E-2 6.54326E-2 6.02183E-2 5.31226E-2 5.50888E-2 5.18114E-2 4.87199E-2 4.45683E-2
2.97326E-1 3.01778E-1 4.99753E-1 5.85039E-1 5.81178E-1 5.82028E-1 4.29732E-1 1.68415E-1 1.52553E-1 2.29215E-1 3.1317E-1 2.99334E-1 2.86338E-1 2.74531E-1 2.85594E-1 2.80535E-1 2.39645E-1 2.57262E-1 3.6415E-1 3.39758E-1 4.01635E-1 4.66799E-1 4.73074E-1 4.0418E-1 2.86487E-1 2.78019E-1 1.62078E-1 2.0627E-1 2.47397E-1 3.81987E-1 4.68581E-1 6.31269E-1 4.41439E-1 3.42979E-1 3.14483E-1 1.30703E-1 1.78578E-1 1.81651E-1 1.15742E-1 8.4212E-2 6.47285E-2 6.26446E-2 8.23672E-2 7.76072E-2 7.47217E-2 6.0371E-2 4.42976E-2 3.97812E-2 2.88978E-2 2.64624E-2 3.25995E-2 5.17805E-2 6.40931E-2 7.08651E-2 6.90534E-2 6.44338E-2 5.88394E-2 5.77751E-2 5.35307E-2 5.45654E-2 5.13762E-2
3.0083E-1 3.0161E-1 2.46215E-1 2.26424E-1 2.16434E-1 3.26977E-1 2.69476E-1 1.97021E-1 2.45238E-1 3.14E-1 3.15758E-1 3.05643E-1 2.79098E-1 2.48048E-1 2.73929E-1 2.87758E-1 2.93805E-1 3.28841E-1 3.81202E-1 3.85131E-1 3.31734E-1 4.2619E-1 3.88859E-1 3.87654E-1 3.35323E-1 2.45987E-1 3.15062E-1 3.46388E-1 3.53091E-1 4.23635E-1 5.83165E-1 6.18435E-1 5.43902E-1 4.07962E-1 3.6499E-1 1.63364E-1 2.19752E-1 2.43915E-1 1.25351E-1 8.50663E-2 6.57958E-2 6.63275E-2 8.16542E-2 9.37895E-2 1.02629E-1 1.19698E-1 1.25372E-1 1.12714E-1 8.28404E-2 3.342E-2 2.33725E-2 3.54674E-2 5.31726E-2 6.0635E-2 6.57543E-2 6.64428E-2 6.38262E-2 6.30518E-2 5.77617E-2 5.51454E-2 5.19885E-2
2.46676E-1 1.99678E-1 2.13414E-1 1.31706E-1 8.25422E-2 1.47077E-1 2.90345E-1 2.68254E-1 3.24396E-1 3.34712E-1 3.00302E-1 2.75474E-1 2.31865E-1 2.16362E-1 2.49463E-1 2.58815E-1 2.44499E-1 2.23211E-1 2.25634E-1 2.99639E-1 3.71172E-1 4.06175E-1 4.38705E-1 3.86081E-1 3.03113E-1 3.24945E-1 4.2383E-1 4.54504E-1 3.72708E-1 4.33358E-1 4.90187E-1 6.26053E-1 6.29725E-1 5.15523E-1 4.0284E-1 2.47958E-1 2.36861E-1 3.29225E-1 1.71513E-1 1.61341E-1 8.99135E-2 8.86613E-2 8.51588E-2 8.92212E-2 9.65611E-2 9.17843E-2 1.24849E-1 1.81112E-1 1.42978E-1 6.00723E-2 2.77853E-2 2.80176E-2 3.85937E-2 4.76626E-2 5.35341E-2 5.45391E-2 5.2974E-2 5.17994E-2 5.54344E-2 5.49732E-2 5.16861E-2
4.96183E-1 4.14547E-1 2.32602E-1 2.06912E-1 1.8339E-1 2.45964E-1 4.44895E-1 4.68858E-1 3.40043E-1 2.64657E-1 2.8233E-1 2.55808E-1 2.21443E-1 2.16018E-1 2.32404E-1 2.31926E-1 2.07111E-1 2.26502E-1 2.16623E-1 2.4988E-1 2.99676E-1 3.12016E-1 5.02976E-1 6.28634E-1 6.20739E-1 5.85149E-1 5.65931E-1 3.99715E-1 3.63272E-1 4.78849E-1 4.82009E-1 5.05585E-1 6.36031E-1 4.6676E-1 3.99987E-1 3.30175E-1 2.99604E-1 4.01113E-1 3.14564E-1 2.45351E-1 2.11839E-1 1.77748E-1 1.04483E-1 8.43374E-2 9.01437E-2 1.04068E-1 1.09013E-1 1.77988E-1 1.69948E-1 7.33258E-2 3.59326E-2 2.8551E-2 3.22762E-2 3.54792E-2 4.05005E-2 4.45652E-2 4.40262E-2 4.7048E-2 5.29815E-2 5.38863E-2 5.57032E-2
8.30722E-1 7.15041E-1 7.0023E-1 7.3173E-1 5.9432E-1 6.54001E-1 6.1265E-1 6.29873E-1 5.13492E-1 2.72146E-1 1.78565E-1 1.38238E-1 1.14985E-1 1.37156E-1 1.79762E-1 2.13852E-1 1.74696E-1 2.05028E-1 2.26355E-1 2.69588E-1 3.23231E-1 3.41069E-1 3.88488E-1 5.22464E-1 6.22688E-1 6.38845E-1 6.0882E-1 4.84746E-1 5.01428E-1 5.131E-1 5.27272E-1 5.60277E-1 6.0976E-1 6.15348E-1 5.12528E-1 4.66574E-1 4.13953E-1 4.43514E-1 3.35129E-1 3.49278E-1 3.20004E-1 1.84717E-1 1.44558E-1 1.12527E-1 7.40581E-2 1.25341E-1 1.64885E-1 1.33459E-1 1.74633E-1 9.40847E-2 5.2264E-2 4.44929E-2 3.14527E-2 2.73875E-2 3.00707E-2 3.50232E-2 3.98185E-2 4.75697E-2 5.3238E-2 4.95119E-2 4.79298E-2
-9999 -9999 8.6775E-1 8.79334E-1 8.59604E-1 8.33238E-1 7.02336E-1 7.40058E-1 7.83207E-1 5.65917E-1 3.44982E-1 3.36178E-1 2.36979E-1 1.31829E-1 3.09703E-1 2.35554E-1 1.09205E-1 6.06208E-2 6.4529E-2 1.46305E-1 2.3435E-1 3.21241E-1 4.00061E-1 4.64075E-1 4.66938E-1 5.01456E-1 5.8414E-1 5.96944E-1 6.25038E-1 5.42988E-1 5.15904E-1 5.80242E-1 5.47774E-1 6.26625E-1 6.04108E-1 5.62712E-1 5.25088E-1 4.95304E-1 4.50566E-1 3.80026E-1 2.98155E-1 2.2948E-1 1.55772E-1 1.61771E-1 1.20463E-1 1.74781E-1 2.27541E-1 1.54367E-1 2.15036E-1 1.56382E-1 1.18161E-1 9.58568E-2 8.46936E-2 4.81553E-2 3.73823E-2 3.78376E-2 4.19551E-2 4.1373E-2 4.37525E-2 3.85184E-2 3.25592E-2
8.61346E-1 8.58129E-1 9.71707E-1 9.24123E-1 8.96724E-1 8.20829E-1 8.2784E-1 8.1749E-1 9.08701E-1 8.90229E-1 8.51644E-1 8.23813E-1 7.09484E-1 6.78984E-1 6.57699E-1 6.19051E-1 3.83394E-1 8.74466E-2 8.23121E-2 2.53414E-1 2.34365E-1 2.24694E-1 2.77129E-1 4.0093E-1 4.81677E-1 4.80596E-1 4.86764E-1 5.562E-1 6.05758E-1 6.07032E-1 6.06779E-1 6.3046E-1 6.15177E-1 6.12143E-1 5.31359E-1 4.75218E-1 4.57031E-1 4.062E-1 3.65188E-1 3.80474E-1 3.22102E-1 2.91453E-1 3.05789E-1 2.50864E-1 2.51846E-1 2.81184E-1 3.25204E-1 1.81784E-1 3.01972E-1 1.9641E-1 1.44949E-1 1.66226E-1 9.13726E-2 7.285E-2 7.00527E-2 6.18221E-2 6.51801E-2 6.31064E-2 5.0915E-2 3.94487E-2 2.52938E-2
8.96558E-1 8.43655E-1 -9999 -9999 -9999 -9999 -9999 -9999 9.50864E-1 9.22022E-1 9.00951E-1 8.69468E-1 7.9361E-1 7.75369E-1 7.06437E-1 5.37903E-1 4.71325E-1 3.49991E-1 3.31755E-1 5.34646E-1 5.27759E-1 3.4839E-1 2.26635E-1 3.72091E-1 4.68075E-1 5.33701E-1 5.9528E-1 6.3987E-1 5.99706E-1 6.17512E-1 6.10963E-1 6.46726E-1 6.16906E-1 5.82719E-1 5.61584E-1 5.14672E-1 4.46645E-1 3.94595E-1 3.86003E-1 3.62841E-1 3.4728E-1 3.29322E-1 3.77897E-1 3.64221E-1 4.04441E-1 4.77521E-1 4.11224E-1 2.78112E-1 2.96979E-1 2.79715E-1 1.76164E-1 2.19603E-1 9.66158E-2 8.7075E-2 9.98263E-2 9.36703E-2 8.43818E-2 8.07328E-2 6.37958E-2 5.74803E-2 2.72951E-2
-9999 -9999 -9999 -9999 -9999 -9999 -9999 -9999 9.24786E-1 9.33365E-1 9.17319E-1 9.09878E-1 8.55679E-1 5.62614E-1 5.61915E-1 4.95854E-1 4.63513E-1 4.30157E-1 1.54922E-1 2.92902E-1 6.46012E-1 7.37094E-1 5.56247E-1 3.32517E-1 3.51958E-1 4.47619E-1 6.63649E-1 7.02947E-1 6.80112E-1 7.00422E-1 6.7553E-1 6.58662E-1 6.43145E-1 6.10986E-1 5.62695E-1 5.36178E-1 4.98384E-1 4.37789E-1 4.20534E-1 4.23372E-1 4.03467E-1 4.23467E-1 4.39795E-1 4.51781E-1 5.00424E-1 5.32888E-1 5.00002E-1 4.12214E-1 3.97552E-1 3.90453E-1 2.06181E-1 2.8182E-1 2.56053E-1 1.66343E-1 2.23868E-1 1.31943E-1 9.90786E-2 9.33769E-2 7.53434E-2 5.73516E-2 3.68264E-2
-9999 -9999 -9999 -9999 -9999 -9999 -9999 -9999 -9999 -9999 9.49235E-1 9.34771E-1 8.75166E-1 8.14265E-1 5.63033E-1 5.91914E-1 5.48813E-1 3.74529E-1 2.0939E-1 1.71875E-1 2.12046E-1 6.28856E-1 7.58668E-1 7.29513E-1 5.74459E-1 5.26512E-1 4.3033E-1 5.929E-1 7.12579E-1 7.18151E-1 6.88847E-1 6.53724E-1 6.57815E-1 5.95872E-1 5.23389E-1 5.17826E-1 5.13577E-1 4.83944E-1 4.66202E-1 4.69536E-1 5.00862E-1 5.09397E-1 5.1105E-1 4.75745E-1 5.42593E-1 5.75637E-1 5.78157E-1 5.46102E-1 4.9742E-1 4.65046E-1 4.01339E-1 2.85134E-1 2.60051E-1 2.68076E-1 1.63232E-1 1.54702E-1 1.20668E-1 9.4298E-2 7.40483E-2 6.13093E-2 4.78349E-2
-9999 -9999 -9999 -9999 9.82587E-1 -9999 -9999 9.30236E-1 8.98847E-1 9.86388E-1 -9999 -9999 8.98895E-1 8.7299E-1 7.7977E-1 7.87632E-1 6.6523E-1 3.55852E-1 2.41756E-1 2.24419E-1 3.95901E-1 4.37981E-1 7.37979E-1 8.6194E-1 8.14636E-1 6.69916E-1 5.55482E-1 5.14788E-1 6.27289E-1 6.93646E-1 7.05485E-1 6.98047E-1 6.55454E-1 5.62863E-1 4.84778E-1 4.46793E-1 5.23497E-1 5.11129E-1 5.05734E-1 5.30231E-1 5.18356E-1 5.61143E-1 5.38529E-1 5.13251E-1 5.40611E-1 5.68517E-1 5.89032E-1 5.8525E-1 5.45961E-1 4.82429E-1 4.07115E-1 2.96439E-1 1.94719E-1 1.9113E-1 2.10421E-1 2.37628E-1 2.22892E-1 1.46161E-1 9.92646E-2 6.4192E-2 5.29305E-2
-9999 9.12155E-1 8.66477E-1 -9999 -9999 -9999 -9999 -9999 9.12219E-1 9.22918E-1 -9999 -9999 -9999 -9999 8.96382E-1 8.44411E-1 7.20614E-1 4.74979E-1 2.91432E-1 2.12317E-1 4.71039E-1 7.07878E-1 7.71885E-1 8.09917E-1 8.5171E-1 8.36453E-1 7.63669E-1 6.27474E-1 6.05487E-1 6.7225E-1 7.3107E-1 6.93207E-1 6.38998E-1 5.74452E-1 5.72273E-1 5.64916E-1 5.6206E-1 5.84893E-1 5.74191E-1 5.63916E-1 5.86558E-1 5.79978E-1 5.82965E-1 5.6875E-1 5.42119E-1 5.24727E-1 5.59338E-1 5.40304E-1 5.0615E-1 4.51038E-1 4.39498E-1 4.25708E-1 3.10624E-1 2.14962E-1 1.69543E-1 2.19427E-1 2.6089E-1 2.24375E-1 1.60487E-1 8.80659E-2 7.32297E-2
-9999 -9999 -9999 -9999 -9999 -9999 -9999 9.66608E-1 -9999 -9999 -9999 -9999 -9999 -9999 9.45756E-1 8.96137E-1 8.25176E-1 6.41514E-1 4.34594E-1 2.5728E-1 3.73073E-1 4.98782E-1 7.83555E-1 7.95325E-1 8.08009E-1 7.64413E-1 7.22024E-1 7.47468E-1 7.09508E-1 6.64119E-1 7.19923E-1 7.59558E-1 7.32358E-1 6.44655E-1 5.95517E-1 6.59963E-1 6.42598E-1 6.48963E-1 6.31267E-1 6.24769E-1 6.38563E-1 6.03161E-1 6.0967E-1 5.75205E-1 5.27369E-1 5.07811E-1 5.19544E-1 4.85293E-1 4.84782E-1 4.62132E-1 4.48537E-1 4.55786E-1 3.87973E-1 3.69175E-1 3.34001E-1 2.66199E-1 1.92099E-1 1.58116E-1 2.27446E-1 1.77403E-1 1.21258E-1
-9999 -9999 -9999 -9999 -9999 -9999 -9999 9.3489E-1 8.90989E-1 -9999 -9999 -9999 -9999 -9999 -9999 9.13604E-1 8.5073E-1 7.65858E-1 5.69755E-1 2.23111E-1 2.83931E-1 5.99854E-1 7.45967E-1 7.88512E-1 7.88998E-1 7.179E-1 7.03428E-1 7.26676E-1 7.35773E-1 7.25631E-1 7.00177E-1 7.56652E-1 7.63985E-1 7.09381E-1 6.74629E-1 6.91752E-1 6.68747E-1 6.46867E-1 6.34435E-1 6.32838E-1 6.1853E-1 5.58945E-1 6.0237E-1 5.81091E-1 5.1053E-1 4.88112E-1 4.94294E-1 4.50086E-1 4.66897E-1 4.39073E-1 4.29038E-1 3.97278E-1 3.07062E-1 2.56224E-1 3.4394E-1 2.56043E-1 1.92199E-1 1.36152E-1 1.88676E-1 2.11111E-1 2.05506E-1
-9999 -9999 -9999 -9999 -9999 -9999 -9999 -9999 9.4901E-1 -9999 -9999 -9999 -9999 -9999 -9999 9.47751E-1 9.0653E-1 8.18802E-1 5.9579E-1 3.42515E-1 2.28101E-1 3.30225E-1 6.24604E-1 8.12654E-1 7.87507E-1 7.37416E-1 6.93597E-1 7.03667E-1 7.24888E-1 7.49665E-1 7.4767E-1 7.11127E-1 7.39074E-1 7.59392E-1 6.98329E-1 6.45821E-1 6.66629E-1 6.62859E-1 6.4775E-1 6.25893E-1 6.06584E-1 5.82852E-1 5.89606E-1 5.31512E-1 4.34054E-1 4.28304E-1 4.59251E-1 4.66294E-1 4.52572E-1 4.26049E-1 4.36013E-1 3.86368E-1 3.15624E-1 2.35943E-1 2.76696E-1 2.71495E-1 1.54348E-1 1.538E-1 1.1483E-1 8.25789E-2 1.81655E-1
-9999 -9999 -9999 -9999 -9999 -9999 -9999 -9999 -9999 -9999 -9999 -9999 -9999 -9999 -9999 -9999 9.26179E-1 8.5109E-1 6.81979E-1 4.75046E-1 2.91742E-1 2.4228E-1 2.92302E-1 7.13699E-1 8.2779E-1 8.0221E-1 7.72258E-1 6.98794E-1 6.73134E-1 6.50454E-1 6.59744E-1 7.01622E-1 7.36647E-1 6.80978E-1 6.7845E-1 6.52006E-1 6.48343E-1 6.55358E-1 6.49122E-1 6.30959E-1 6.14377E-1 5.78053E-1 5.34974E-1 4.56543E-1 3.91253E-1 3.95515E-1 4.39973E-1 4.59936E-1 4.62447E-1 4.34394E-1 4.31868E-1 3.94082E-1 3.12591E-1 2.50977E-1 1.8529E-1 2.66386E-1 1.84435E-1 1.14902E-1 1.28884E-1 1.04461E-1 1.25869E-1
-9999 -9999 -9999 -9999 -9999 -9999 -9999 -9999 -9999 -9999 -9999 -9999 -9999 -9999 -9999 9.85874E-1 9.00023E-1 8.49921E-1 7.27559E-1 5.75018E-1 3.73829E-1 2.28667E-1 1.71314E-1 2.66046E-1 8.36576E-1 8.08219E-1 7.43969E-1 7.29005E-1 6.35602E-1 6.39465E-1 7.48481E-1 7.35052E-1 7.14451E-1 6.50434E-1 5.93682E-1 5.87022E-1 6.14524E-1 6.19678E-1 6.2603E-1 6.2249E-1 5.89213E-1 5.45072E-1 4.97175E-1 4.03437E-1 3.80495E-1 3.93829E-1 4.36577E-1 4.37379E-1 4.35495E-1 4.24492E-1 4.24805E-1 3.9582E-1 3.78762E-1 2.78456E-1 1.0728E-1 2.17986E-1 2.26137E-1 1.51281E-1 1.1962E-1 1.3246E-1 1.33999E-1
-9999 -9999 -9999 -9999 -9999 -9999 -9999 -9999 -9999 -9999 -9999 -9999 -9999 -9999 -9999 -9999 9.09426E-1 8.76075E-1 6.95577E-1 5.83401E-1 4.40319E-1 2.33026E-1 1.49034E-1 2.21822E-1 8.13093E-1 8.26619E-1 8.2933E-1 7.80437E-1 6.68789E-1 6.69287E-1 7.31171E-1 7.39743E-1 7.17244E-1 6.51585E-1 6.40006E-1 5.63803E-1 5.83943E-1 5.81074E-1 6.07571E-1 5.87776E-1 5.60207E-1 5.12107E-1 4.61507E-1 4.03578E-1 3.7778E-1 3.82805E-1 4.06303E-1 4.17315E-1 4.17935E-1 3.90035E-1 3.98885E-1 3.77753E-1 3.90483E-1 4.18984E-1 3.34742E-1 1.55148E-1 2.07715E-1 1.79775E-1 1.36959E-1 1.44318E-1 1.38904E-1
-9999 -9999 -9999 -9999 -9999 -9999 -9999 -9999 -9999 -9999 -9999 -9999 -9999 -9999 -9999 -9999 -9999 8.87872E-1 8.24424E-1 6.76625E-1 4.93085E-1 3.10145E-1 1.91218E-1 1.33238E-1 6.33818E-1 8.20968E-1 8.57187E-1 8.26218E-1 7.82067E-1 7.53758E-1 7.56969E-1 7.49349E-1 7.554E-1 7.3651E-1 6.87533E-1 6.7127E-1 6.34205E-1 6.03733E-1 6.15416E-1 6.06013E-1 5.4858E-1 5.1921E-1 4.21826E-1 3.89568E-1 3.82205E-1 3.90007E-1 3.98083E-1 3.56983E-1 3.36042E-1 3.31407E-1 3.51986E-1 3.19595E-1 3.28735E-1 3.43452E-1 2.97684E-1 2.14208E-1 2.0414E-1 1.99657E-1 1.52741E-1 1.49708E-1 1.36767E-1
-9999 -9999 -9999 -9999 -9999 -9999 -9999 -9999 -9999 -9999 -9999 -9999 -9999 -9999 -9999 -9999 -9999 9.14256E-1 8.76355E-1 8.33717E-1 5.78976E-1 4.29846E-1 2.57532E-1 1.39938E-1 4.23289E-1 7.85952E-1 8.73753E-1 8.77212E-1 8.7086E-1 8.23724E-1 8.06326E-1 7.79258E-1 7.63727E-1 7.73441E-1 7.30137E-1 6.93804E-1 6.89493E-1 6.33179E-1 6.16241E-1 6.11763E-1 5.97175E-1 5.42942E-1 4.75804E-1 4.30535E-1 4.24895E-1 4.04159E-1 3.81828E-1 3.62831E-1 3.19131E-1 2.41509E-1 2.94144E-1 2.30903E-1 2.7519E-1 3.01156E-1 2.36546E-1 2.12121E-1 1.73779E-1 1.96178E-1 1.54582E-1 1.45751E-1 1.50025E-1
-9999 -9999 -9999 -9999 -9999 -9999 -9999 -9999 -9999 -9999 -9999 -9999 -9999 -9999 -9999 -9999 -9999 -9999 9.44981E-1 8.66184E-1 6.77863E-1 4.41549E-1 3.01429E-1 1.92871E-1 2.07329E-1 6.05632E-1 7.98874E-1 8.40981E-1 9.0563E-1 8.86117E-1 8.69303E-1 8.44267E-1 7.81885E-1 7.82838E-1 7.6624E-1 7.47672E-1 7.32009E-1 6.90811E-1 6.60122E-1 6.34752E-1 5.94016E-1 5.30756E-1 4.55157E-1 4.50313E-1 4.23698E-1 4.10653E-1 3.76396E-1 3.52287E-1 3.19725E-1 2.31454E-1 2.67944E-1 2.43259E-1 2.70872E-1 2.01743E-1 1.41941E-1 1.52305E-1 1.56837E-1 1.93752E-1 1.74672E-1 1.49581E-1 1.62532E-1
-9999 -9999 -9999 -9999 -9999 -9999 -9999 -9999 -9999 -9999 -9999 -9999 -9999 -9999 -9999 -9999 -9999 -9999 9.38442E-1 8.26573E-1 7.42014E-1 4.92139E-1 2.89692E-1 2.75173E-1 2.63028E-1 2.78194E-1 6.40963E-1 7.93593E-1 8.79955E-1 8.98041E-1 8.60118E-1 9.48721E-1 8.4348E-1 7.90731E-1 7.83082E-1 8.20984E-1 7.52161E-1 7.14787E-1 7.32846E-1 6.67596E-1 6.25829E-1 5.52031E-1 4.89083E-1 4.13898E-1 3.93826E-1 3.82285E-1 3.46177E-1 3.08647E-1 3.04527E-1 2.49979E-1 2.37728E-1 2.23589E-1 2.443E-1 2.11213E-1 1.79959E-1 1.3265E-1 1.52042E-1 1.87381E-1 1.76086E-1 1.60751E-1 1.6756E-1
