maxent_outputs/white_flowers_linear/white_210.asc
ncols         426
nrows         180
xllcorner     -130.0
yllcorner     24.0
cellsize      0.16666666666666666
NODATA_value  -9999
[rows 27 to 53 of 180, columns 61 to 121 of 426]
6.32183E-1 6.02571E-1 7.11642E-1 7.38547E-1 6.67909E-1 6.80686E-1 7.8728E-1 7.58787E-1 7.00353E-1 7.92501E-1 7.33609E-1 7.73155E-1 7.90388E-1 7.25717E-1 7.81363E-1 7.78892E-1 8.10488E-1 7.82782E-1 7.32433E-1 7.96929E-1 7.60181E-1 7.73675E-1 7.69029E-1 6.82429E-1 6.74601E-1 6.79943E-1 6.08478E-1 6.58391E-1 6.92406E-1 7.29085E-1 7.37014E-1 7.55932E-1 7.28919E-1 7.02056E-1 6.50375E-1 5.86549E-1 5.51569E-1 5.33439E-1 5.23681E-1 5.1253E-1 4.98814E-1 4.90307E-1 4.84424E-1 4.8311E-1 4.78275E-1 4.6844E-1 4.59542E-1 4.4699E-1 4.41367E-1 4.42651E-1 4.41309E-1 4.35039E-1 4.18761E-1 4.04097E-1 4.0203E-1 4.03369E-1 4.10453E-1 4.06498E-1 3.91877E-1 3.9155E-1 3.92087E-1
6.27521E-1 5.80839E-1 6.61285E-1 7.60322E-1 6.79899E-1 6.46886E-1 7.0446E-1 7.43429E-1 6.82154E-1 7.47687E-1 7.55452E-1 7.595E-1 7.44274E-1 7.25965E-1 7.50691E-1 7.40694E-1 7.85143E-1 7.89172E-1 7.53407E-1 7.22482E-1 7.2308E-1 7.16189E-1 7.32536E-1 6.87769E-1 7.25597E-1 6.98381E-1 6.51733E-1 5.88775E-1 6.53567E-1 7.06199E-1 7.48202E-1 7.33578E-1 7.56534E-1 7.67168E-1 7.60419E-1 6.75542E-1 6.01579E-1 5.65059E-1 5.39801E-1 5.22697E-1 5.10207E-1 5.01799E-1 4.97024E-1 4.85346E-1 4.78981E-1 4.65068E-1 4.55848E-1 4.41753E-1 4.34447E-1 4.36934E-1 4.39368E-1 4.24912E-1 4.17239E-1 4.08442E-1 4.04487E-1 4.00095E-1 3.82675E-1 3.70305E-1 3.49728E-1 3.42776E-1 3.50633E-1
6.58971E-1 5.93646E-1 6.18647E-1 6.65923E-1 6.24282E-1 6.10544E-1 6.41567E-1 6.73634E-1 6.52303E-1 6.82871E-1 7.39657E-1 7.32603E-1 7.02552E-1 6.83484E-1 7.3133E-1 7.20638E-1 7.74489E-1 7.64861E-1 7.33852E-1 6.53831E-1 6.86637E-1 6.72483E-1 6.76703E-1 6.98025E-1 6.97709E-1 6.92071E-1 7.02964E-1 6.17146E-1 6.54404E-1 7.26438E-1 7.28079E-1 7.13469E-1 7.01012E-1 7.48067E-1 7.70894E-1 7.4458E-1 6.88467E-1 6.23806E-1 5.72862E-1 5.3573E-1 5.13731E-1 5.06858E-1 4.85747E-1 4.61068E-1 4.36835E-1 4.4695E-1 4.34204E-1 4.30797E-1 4.36524E-1 4.43987E-1 4.37958E-1 4.35215E-1 4.35764E-1 4.30528E-1 4.22944E-1 4.09937E-1 3.85495E-1 3.54388E-1 3.35906E-1 3.2587E-1 3.28284E-1
6.83597E-1 5.85582E-1 5.66765E-1 5.99465E-1 6.1032E-1 6.26457E-1 6.37715E-1 6.27757E-1 6.92753E-1 6.65293E-1 6.70136E-1 6.60664E-1 6.47842E-1 6.93908E-1 7.33492E-1 7.21845E-1 7.55956E-1 7.22674E-1 7.35656E-1 7.17426E-1 6.51691E-1 6.75455E-1 6.98409E-1 7.2538E-1 6.74376E-1 6.68393E-1 7.17465E-1 6.60245E-1 5.85462E-1 7.08224E-1 7.24005E-1 7.31766E-1 6.63151E-1 7.04645E-1 7.50373E-1 7.486E-1 7.42887E-1 7.17337E-1 6.10486E-1 5.75063E-1 5.39037E-1 5.10467E-1 4.8256E-1 4.65404E-1 4.51116E-1 4.51894E-1 4.48458E-1 4.26E-1 4.30284E-1 4.58944E-1 4.62903E-1 4.68247E-1 4.86558E-1 4.41906E-1 4.145E-1 3.99273E-1 3.8896E-1 3.71263E-1 3.59151E-1 3.67656E-1 3.61494E-1
6.79653E-1 5.67878E-1 5.23357E-1 5.90491E-1 6.59671E-1 6.47078E-1 6.47253E-1 6.26276E-1 7.30044E-1 6.73688E-1 5.99532E-1 6.40033E-1 6.81395E-1 6.91524E-1 6.82217E-1 7.28753E-1 7.24604E-1 6.94229E-1 7.15657E-1 7.33506E-1 6.5151E-1 6.19644E-1 6.52949E-1 6.75016E-1 6.72809E-1 6.82122E-1 6.87756E-1 6.83583E-1 6.76444E-1 6.08922E-1 7.08246E-1 7.36592E-1 7.10147E-1 6.43582E-1 6.83146E-1 7.15233E-1 7.11101E-1 7.28213E-1 6.62252E-1 6.11168E-1 5.46844E-1 5.03647E-1 4.82549E-1 4.59576E-1 4.43234E-1 4.39582E-1 4.33037E-1 4.14981E-1 4.06506E-1 3.98505E-1 4.02706E-1 4.21955E-1 4.27382E-1 4.16962E-1 4.05786E-1 3.9443E-1 3.80558E-1 3.76535E-1 3.69301E-1 3.76622E-1 3.7746E-1
6.15564E-1 5.38418E-1 5.44749E-1 6.08221E-1 6.17245E-1 6.35159E-1 6.12051E-1 6.65604E-1 7.12225E-1 6.60119E-1 6.26228E-1 6.13029E-1 6.52259E-1 6.85957E-1 6.80006E-1 6.71001E-1 6.93195E-1 6.75144E-1 7.10052E-1 6.91038E-1 6.32033E-1 6.70448E-1 6.63567E-1 6.48718E-1 6.75415E-1 6.67503E-1 6.82264E-1 6.81009E-1 6.78031E-1 6.61576E-1 6.8333E-1 6.51142E-1 7.06285E-1 6.91813E-1 6.70311E-1 6.85727E-1 7.15711E-1 7.01954E-1 7.15789E-1 6.39274E-1 5.54394E-1 5.24255E-1 4.95836E-1 4.85349E-1 4.71294E-1 4.50008E-1 4.38867E-1 4.1494E-1 3.99244E-1 3.8929E-1 3.79339E-1 3.84015E-1 3.84971E-1 3.83433E-1 3.91862E-1 3.90062E-1 3.82046E-1 3.73967E-1 3.77574E-1 3.72795E-1 3.81216E-1
6.13153E-1 5.12746E-1 5.39661E-1 6.13147E-1 6.46372E-1 6.42759E-1 6.10094E-1 6.57516E-1 6.73063E-1 6.12413E-1 6.3959E-1 6.09385E-1 6.3029E-1 6.80957E-1 6.75725E-1 6.50376E-1 6.76361E-1 6.46439E-1 6.86608E-1 6.77192E-1 6.29854E-1 6.70138E-1 6.81863E-1 6.4525E-1 6.71094E-1 6.2632E-1 6.56521E-1 6.56941E-1 6.62926E-1 6.67566E-1 6.76408E-1 6.58667E-1 6.14712E-1 6.36143E-1 6.55467E-1 6.90486E-1 6.76842E-1 6.818E-1 6.94105E-1 6.62104E-1 5.91041E-1 5.45311E-1 5.10605E-1 4.87228E-1 4.6876E-1 4.49602E-1 4.38774E-1 4.20039E-1 4.04409E-1 3.97032E-1 3.89483E-1 3.8877E-1 3.75131E-1 3.62793E-1 3.69373E-1 3.7452E-1 3.73629E-1 3.74938E-1 3.67682E-1 3.73002E-1 4.18405E-1
5.08805E-1 5.11185E-1 5.39052E-1 5.67187E-1 6.02329E-1 5.87745E-1 6.07701E-1 6.39123E-1 6.5185E-1 5.93733E-1 6.29794E-1 6.40681E-1 5.7333E-1 6.55165E-1 6.51399E-1 6.03654E-1 6.44816E-1 6.34474E-1 6.5717E-1 6.51398E-1 6.65343E-1 6.67436E-1 6.66369E-1 6.56784E-1 6.86158E-1 6.51865E-1 6.49585E-1 6.44728E-1 6.46357E-1 6.386E-1 6.63406E-1 6.711E-1 5.96441E-1 5.73168E-1 6.6732E-1 6.85814E-1 6.80633E-1 6.85748E-1 6.89372E-1 6.9785E-1 6.82027E-1 6.15473E-1 5.43373E-1 5.08091E-1 4.89114E-1 4.61347E-1 4.42988E-1 4.24482E-1 4.07344E-1 4.01365E-1 3.96764E-1 3.86107E-1 3.84379E-1 3.69727E-1 3.67379E-1 3.63395E-1 3.60854E-1 3.62263E-1 3.62422E-1 4.05091E-1 4.73695E-1
4.94291E-1 5.04934E-1 4.96519E-1 5.04938E-1 5.15516E-1 5.37386E-1 6.09353E-1 6.18173E-1 6.16728E-1 5.86711E-1 6.34793E-1 6.21638E-1 5.77702E-1 6.11665E-1 5.97505E-1 5.9841E-1 6.18359E-1 6.41497E-1 6.29289E-1 6.47439E-1 6.72927E-1 6.74487E-1 6.47357E-1 6.52594E-1 6.56253E-1 6.70572E-1 6.48194E-1 6.35889E-1 6.4356E-1 6.40428E-1 6.35107E-1 6.48443E-1 6.58788E-1 6.36312E-1 6.41472E-1 6.74419E-1 6.61552E-1 6.77494E-1 6.82435E-1 6.72746E-1 6.70693E-1 6.71194E-1 6.18831E-1 5.3595E-1 4.94534E-1 4.63629E-1 4.34779E-1 4.22383E-1 4.11677E-1 4.00725E-1 3.96409E-1 4.08307E-1 4.02274E-1 4.02285E-1 3.95676E-1 3.87777E-1 3.80333E-1 3.68851E-1 3.73221E-1 4.07757E-1 4.53196E-1
4.92772E-1 4.7872E-1 4.7155E-1 4.96808E-1 5.32421E-1 5.40558E-1 5.57158E-1 5.68788E-1 5.93556E-1 5.77915E-1 5.97014E-1 5.86413E-1 5.88431E-1 5.90655E-1 5.71161E-1 5.93719E-1 6.60963E-1 6.46005E-1 6.04424E-1 6.55244E-1 6.65599E-1 6.59667E-1 6.59018E-1 6.63924E-1 6.35692E-1 6.48533E-1 6.60215E-1 6.53841E-1 6.37206E-1 6.62782E-1 6.47354E-1 6.16008E-1 6.55303E-1 6.58462E-1 6.65382E-1 6.8875E-1 6.76744E-1 6.63914E-1 6.59188E-1 6.78969E-1 6.8139E-1 6.63377E-1 6.60263E-1 5.4282E-1 4.98131E-1 4.8272E-1 4.56142E-1 4.45069E-1 4.40887E-1 4.32463E-1 4.24967E-1 4.20103E-1 4.09395E-1 3.99674E-1 3.99981E-1 3.9798E-1 3.94041E-1 3.94282E-1 3.9711E-1 3.92065E-1 3.9126E-1
4.84237E-1 4.73423E-1 4.68641E-1 5.06953E-1 5.11287E-1 5.05863E-1 5.10116E-1 5.22904E-1 5.22854E-1 5.34722E-1 5.51972E-1 5.59459E-1 5.67722E-1 5.68626E-1 5.75942E-1 5.85933E-1 6.05756E-1 6.06522E-1 6.1633E-1 6.61086E-1 6.59731E-1 6.54274E-1 6.50232E-1 6.42033E-1 6.5755E-1 6.32594E-1 6.39012E-1 6.82086E-1 6.39749E-1 6.4964E-1 6.48952E-1 5.60559E-1 6.09613E-1 6.23329E-1 6.50841E-1 6.88893E-1 6.6176E-1 6.90088E-1 6.71327E-1 6.84655E-1 7.049E-1 6.35609E-1 6.76615E-1 5.45726E-1 4.94763E-1 4.81714E-1 4.63707E-1 4.5929E-1 4.46173E-1 4.31274E-1 4.37663E-1 4.48457E-1 4.34864E-1 4.3106E-1 4.36272E-1 4.36374E-1 4.38574E-1 4.17195E-1 3.97558E-1 4.00495E-1 3.89705E-1
4.72558E-1 4.76441E-1 4.82693E-1 4.85974E-1 4.80261E-1 4.83617E-1 4.98E-1 5.00029E-1 5.03778E-1 5.14111E-1 5.2894E-1 5.49962E-1 5.61311E-1 5.64606E-1 5.78485E-1 6.02823E-1 6.33327E-1 6.4629E-1 6.4966E-1 6.52448E-1 6.41899E-1 6.38226E-1 6.42959E-1 6.33604E-1 6.64841E-1 6.50739E-1 6.26726E-1 6.46053E-1 6.58497E-1 6.31786E-1 6.48586E-1 5.4447E-1 5.53906E-1 5.65205E-1 6.09973E-1 6.96687E-1 6.26737E-1 6.96187E-1 6.83125E-1 6.52168E-1 6.98789E-1 6.68549E-1 6.44519E-1 5.33409E-1 4.92672E-1 4.92498E-1 4.76289E-1 4.83189E-1 4.71254E-1 4.49404E-1 4.39876E-1 4.55077E-1 4.43488E-1 4.53018E-1 4.79743E-1 4.9299E-1 4.65654E-1 4.24723E-1 4.07134E-1 4.02228E-1 4.0915E-1
4.70892E-1 4.71096E-1 4.62178E-1 4.70141E-1 4.62927E-1 4.72762E-1 4.76855E-1 4.89513E-1 4.95538E-1 5.09246E-1 5.21015E-1 5.30361E-1 5.54168E-1 5.75307E-1 5.90733E-1 5.95251E-1 6.00878E-1 6.16223E-1 6.30092E-1 6.38259E-1 6.60815E-1 6.50812E-1 6.53793E-1 6.37729E-1 6.36201E-1 6.44684E-1 6.38613E-1 6.46572E-1 6.53725E-1 6.25483E-1 6.28035E-1 5.64993E-1 5.7348E-1 5.36854E-1 5.68687E-1 6.9192E-1 6.36945E-1 6.58114E-1 7.02325E-1 6.76107E-1 6.78587E-1 6.84525E-1 6.62238E-1 5.69972E-1 5.06457E-1 4.8373E-1 4.65708E-1 4.64598E-1 4.50787E-1 4.45738E-1 4.60576E-1 4.66984E-1 4.68459E-1 4.71314E-1 4.89399E-1 5.46433E-1 4.9351E-1 4.512E-1 4.26723E-1 4.22954E-1 4.14781E-1
4.96744E-1 4.73198E-1 4.34056E-1 4.66536E-1 4.71412E-1 4.78485E-1 4.83215E-1 4.89991E-1 4.95184E-1 4.96772E-1 5.12764E-1 5.25866E-1 5.5457E-1 5.7354E-1 5.85831E-1 5.99892E-1 6.12281E-1 6.20667E-1 6.3989E-1 6.32001E-1 6.31818E-1 6.3296E-1 6.3019E-1 6.26119E-1 6.28051E-1 6.37345E-1 6.60738E-1 6.61629E-1 6.37967E-1 6.26209E-1 6.65993E-1 6.51281E-1 6.54577E-1 5.95801E-1 5.94713E-1 6.6383E-1 6.73854E-1 6.18585E-1 6.69231E-1 6.85999E-1 6.74934E-1 6.5197E-1 6.64859E-1 6.51922E-1 5.74697E-1 4.97801E-1 4.77735E-1 5.07879E-1 4.78008E-1 4.67136E-1 4.69193E-1 4.93926E-1 5.02952E-1 4.99786E-1 4.99627E-1 4.97946E-1 4.7083E-1 4.5153E-1 4.4086E-1 4.23048E-1 4.15966E-1
4.88656E-1 4.73407E-1 4.81833E-1 4.98664E-1 5.05409E-1 4.87208E-1 4.87499E-1 4.91211E-1 4.97991E-1 5.03745E-1 5.05088E-1 5.22758E-1 5.41769E-1 5.66862E-1 5.93819E-1 6.02553E-1 6.11561E-1 6.32589E-1 6.47046E-1 6.43836E-1 6.33029E-1 6.35501E-1 6.55817E-1 6.64399E-1 6.43997E-1 6.44457E-1 6.47797E-1 6.71872E-1 6.8294E-1 6.58379E-1 5.99927E-1 6.36063E-1 6.02388E-1 6.31347E-1 6.26311E-1 6.89565E-1 6.71075E-1 6.1597E-1 5.96725E-1 5.74864E-1 5.88638E-1 6.04131E-1 6.53867E-1 6.10545E-1 5.96254E-1 5.65936E-1 4.94516E-1 4.95649E-1 5.42186E-1 5.24994E-1 5.0725E-1 5.18213E-1 5.6546E-1 5.58324E-1 5.45211E-1 5.70544E-1 5.30075E-1 4.84718E-1 4.60758E-1 4.51337E-1 4.27009E-1
4.84186E-1 4.73734E-1 4.94104E-1 4.82837E-1 5.0482E-1 4.93591E-1 4.93738E-1 4.95718E-1 5.01516E-1 5.0009E-1 5.07152E-1 5.1139E-1 5.33137E-1 5.56832E-1 5.84092E-1 6.02129E-1 6.13033E-1 6.26737E-1 6.40822E-1 6.46099E-1 6.3058E-1 6.37457E-1 6.40742E-1 6.21807E-1 6.31172E-1 6.49152E-1 6.39658E-1 6.60289E-1 6.47264E-1 6.83605E-1 6.21837E-1 6.2658E-1 6.23994E-1 5.88436E-1 5.39419E-1 6.11638E-1 6.27651E-1 5.69541E-1 5.83519E-1 6.32058E-1 5.27375E-1 5.39499E-1 6.07327E-1 6.02335E-1 5.89582E-1 5.40223E-1 5.06441E-1 5.11644E-1 5.51945E-1 5.42216E-1 5.10979E-1 5.01689E-1 5.27588E-1 5.82623E-1 5.912E-1 6.171E-1 5.83649E-1 5.07786E-1 4.84372E-1 4.64948E-1 4.47462E-1
4.79296E-1 4.59011E-1 4.45717E-1 4.91037E-1 5.05971E-1 4.97122E-1 4.88603E-1 4.91374E-1 5.01766E-1 5.06605E-1 5.16515E-1 5.22169E-1 5.38274E-1 5.53493E-1 5.78778E-1 6.07934E-1 6.20768E-1 6.30811E-1 6.17815E-1 6.10763E-1 6.32709E-1 6.24325E-1 6.33242E-1 6.14E-1 6.1834E-1 6.20062E-1 6.42568E-1 6.48558E-1 6.27772E-1 6.47341E-1 6.67046E-1 6.18422E-1 6.20466E-1 6.3661E-1 5.54741E-1 6.19679E-1 6.11955E-1 5.96013E-1 5.92537E-1 5.73799E-1 5.51538E-1 5.97803E-1 5.60635E-1 5.79098E-1 5.82755E-1 5.21684E-1 4.59176E-1 4.53294E-1 5.01664E-1 5.41312E-1 5.34242E-1 4.77071E-1 4.71088E-1 5.12192E-1 5.65307E-1 5.93116E-1 5.66014E-1 5.71518E-1 5.50432E-1 4.93413E-1 4.6193E-1
4.37432E-1 4.07015E-1 4.26226E-1 4.98814E-1 5.03201E-1 4.88488E-1 4.92805E-1 5.06022E-1 5.13999E-1 5.04951E-1 5.15437E-1 5.32313E-1 5.35812E-1 5.54362E-1 5.81636E-1 5.9649E-1 6.2317E-1 6.2541E-1 6.07758E-1 6.08901E-1 6.29291E-1 6.43296E-1 6.38201E-1 6.25635E-1 6.22248E-1 6.38129E-1 6.25671E-1 6.56878E-1 6.51398E-1 6.58165E-1 6.30076E-1 6.1671E-1 6.65271E-1 6.89761E-1 5.52565E-1 5.72995E-1 6.51074E-1 6.43378E-1 6.14892E-1 4.9936E-1 5.02805E-1 5.02517E-1 5.22384E-1 5.06423E-1 5.28196E-1 5.46441E-1 4.96906E-1 4.42358E-1 4.68005E-1 4.68387E-1 5.41426E-1 5.45034E-1 4.65276E-1 4.79233E-1 5.18606E-1 5.09187E-1 5.11935E-1 5.0965E-1 4.9265E-1 4.73047E-1 4.54202E-1
4.78522E-1 4.48285E-1 4.17627E-1 4.82593E-1 5.19277E-1 4.92973E-1 4.9949E-1 5.1323E-1 5.1905E-1 5.38567E-1 5.44937E-1 5.5648E-1 5.76204E-1 5.9735E-1 5.9304E-1 5.63394E-1 5.6641E-1 5.66721E-1 5.69489E-1 6.19253E-1 6.25922E-1 6.24085E-1 6.27622E-1 6.21306E-1 6.36137E-1 6.73819E-1 6.62255E-1 6.56293E-1 6.59209E-1 6.5328E-1 6.77965E-1 6.44121E-1 6.70357E-1 6.19592E-1 5.50078E-1 6.10166E-1 6.44148E-1 6.26441E-1 5.91798E-1 5.78027E-1 6.71416E-1 5.92597E-1 4.64377E-1 5.42484E-1 6.07421E-1 6.25152E-1 5.25559E-1 5.48262E-1 5.74565E-1 4.61416E-1 4.65685E-1 5.65461E-1 5.37192E-1 4.91027E-1 5.61508E-1 5.25028E-1 5.09464E-1 4.84191E-1 4.69645E-1 4.62255E-1 4.49113E-1
4.86168E-1 4.81303E-1 4.81491E-1 4.98091E-1 5.01996E-1 5.2555E-1 5.20099E-1 5.12784E-1 5.26777E-1 5.43045E-1 5.72105E-1 6.05464E-1 6.51463E-1 6.67747E-1 6.5611E-1 5.96549E-1 5.79039E-1 5.90674E-1 6.4859E-1 6.39596E-1 6.27732E-1 6.26669E-1 6.15906E-1 6.33301E-1 6.63712E-1 6.60142E-1 6.57497E-1 6.71242E-1 6.62423E-1 6.42043E-1 6.51641E-1 6.573E-1 6.81268E-1 6.23385E-1 5.53253E-1 6.38549E-1 6.63479E-1 5.95537E-1 5.49023E-1 6.02676E-1 6.63054E-1 5.4567E-1 4.80307E-1 5.85829E-1 5.87271E-1 5.81323E-1 5.07844E-1 5.74009E-1 5.30047E-1 4.45935E-1 4.38883E-1 5.12783E-1 5.24999E-1 5.08652E-1 5.03875E-1 5.5708E-1 5.9913E-1 5.81561E-1 5.1112E-1 4.73256E-1 4.55812E-1
4.56499E-1 4.83915E-1 5.06859E-1 4.98126E-1 5.04881E-1 5.21992E-1 5.10043E-1 5.2076E-1 5.28165E-1 5.63022E-1 6.15577E-1 6.69671E-1 6.66801E-1 6.69238E-1 6.62105E-1 6.32675E-1 6.02125E-1 6.05695E-1 6.50895E-1 6.28059E-1 6.42015E-1 6.15809E-1 6.16113E-1 6.19648E-1 6.7615E-1 6.77206E-1 6.80333E-1 6.53848E-1 6.48965E-1 6.36092E-1 6.28713E-1 6.56858E-1 6.80386E-1 6.16155E-1 5.86078E-1 6.13004E-1 6.5926E-1 6.26178E-1 6.39347E-1 6.81017E-1 6.40841E-1 5.33385E-1 5.04464E-1 5.31412E-1 5.83752E-1 6.09865E-1 5.35009E-1 4.59065E-1 4.69913E-1 4.3275E-1 4.425E-1 5.08646E-1 5.14478E-1 5.54222E-1 5.12124E-1 5.16548E-1 6.42372E-1 6.57744E-1 5.20093E-1 4.76815E-1 4.67722E-1
5.01787E-1 5.14278E-1 5.01763E-1 5.06504E-1 5.24942E-1 5.19252E-1 5.27009E-1 5.36991E-1 5.49476E-1 5.83747E-1 6.52858E-1 6.65469E-1 6.54296E-1 6.41381E-1 6.14832E-1 6.35463E-1 6.48477E-1 6.23038E-1 5.88773E-1 6.44304E-1 6.19133E-1 6.21797E-1 6.54289E-1 6.84211E-1 7.15846E-1 6.85507E-1 6.83897E-1 6.86366E-1 6.75758E-1 6.43853E-1 6.34394E-1 6.57009E-1 6.92757E-1 6.51375E-1 5.72184E-1 5.55208E-1 6.03243E-1 6.53019E-1 6.5376E-1 5.78199E-1 5.40631E-1 6.31915E-1 5.55109E-1 5.03502E-1 5.51848E-1 4.97983E-1 4.7979E-1 4.80819E-1 4.64494E-1 4.31411E-1 4.41623E-1 4.6257E-1 5.19037E-1 5.86053E-1 5.25102E-1 4.96658E-1 5.62805E-1 5.92049E-1 5.0454E-1 4.63598E-1 4.59645E-1
4.7968E-1 4.90041E-1 5.01227E-1 5.02257E-1 5.05598E-1 5.11723E-1 5.22611E-1 5.33699E-1 5.69721E-1 6.15277E-1 6.42293E-1 6.24492E-1 6.15016E-1 6.11579E-1 6.32382E-1 6.3645E-1 6.0362E-1 6.26329E-1 5.90953E-1 5.99561E-1 6.52775E-1 6.07271E-1 7.02564E-1 7.15209E-1 7.17366E-1 6.88125E-1 6.66545E-1 6.57806E-1 6.54214E-1 6.57436E-1 6.38419E-1 6.59067E-1 6.45014E-1 6.18688E-1 6.34938E-1 6.06719E-1 6.26079E-1 5.34754E-1 4.7593E-1 5.95908E-1 6.2241E-1 5.82421E-1 5.34618E-1 5.58941E-1 5.98704E-1 4.82667E-1 5.45446E-1 5.10923E-1 4.63891E-1 4.61815E-1 4.66603E-1 4.53087E-1 4.76086E-1 5.68089E-1 5.87594E-1 4.92295E-1 4.92079E-1 4.99782E-1 4.9638E-1 4.903E-1 4.65393E-1
4.80466E-1 4.90868E-1 5.07012E-1 4.99154E-1 5.19243E-1 5.16102E-1 5.28379E-1 5.75165E-1 6.01621E-1 6.22831E-1 6.30332E-1 5.77278E-1 5.89927E-1 5.98614E-1 5.71903E-1 5.77763E-1 5.56331E-1 5.8293E-1 6.44575E-1 6.62509E-1 6.58941E-1 6.46283E-1 6.89297E-1 6.86246E-1 6.79805E-1 6.68596E-1 6.5578E-1 6.31026E-1 6.36229E-1 6.59255E-1 6.55676E-1 6.63544E-1 6.57873E-1 6.21167E-1 6.33386E-1 5.7815E-1 6.03412E-1 5.0153E-1 4.91973E-1 6.39506E-1 6.19927E-1 6.69597E-1 5.05728E-1 5.01572E-1 4.72153E-1 4.91159E-1 6.7669E-1 6.28541E-1 5.12996E-1 5.29952E-1 5.22866E-1 5.21265E-1 5.53947E-1 6.16052E-1 5.81746E-1 5.24309E-1 6.38337E-1 5.79793E-1 5.77134E-1 5.79254E-1 5.08061E-1
5.15002E-1 5.30719E-1 5.51616E-1 5.54012E-1 5.49238E-1 5.50612E-1 5.82996E-1 5.96492E-1 6.13466E-1 6.07465E-1 6.13295E-1 5.76414E-1 6.60959E-1 6.82023E-1 6.66942E-1 5.69487E-1 5.50584E-1 6.06662E-1 6.53656E-1 6.39086E-1 6.58608E-1 6.45835E-1 6.51108E-1 6.58685E-1 6.42609E-1 6.26593E-1 6.50532E-1 6.43833E-1 6.27713E-1 6.10905E-1 6.27859E-1 6.40153E-1 6.30372E-1 5.84782E-1 5.60508E-1 5.26126E-1 6.54543E-1 5.60805E-1 5.23703E-1 5.93272E-1 6.0304E-1 6.41522E-1 4.93371E-1 4.51156E-1 4.50313E-1 4.83759E-1 5.25166E-1 6.09957E-1 5.06207E-1 6.15408E-1 6.88525E-1 6.79343E-1 7.04116E-1 7.12695E-1 5.64262E-1 5.92881E-1 7.45313E-1 7.23532E-1 7.53716E-1 6.32377E-1 5.70458E-1
5.55143E-1 5.61837E-1 5.99324E-1 6.22856E-1 6.01084E-1 5.93457E-1 6.14326E-1 5.95557E-1 5.81612E-1 6.02232E-1 6.08831E-1 5.76018E-1 6.35934E-1 6.85526E-1 7.01942E-1 6.99359E-1 6.47122E-1 6.44395E-1 6.28577E-1 6.68006E-1 6.49254E-1 6.58616E-1 6.55058E-1 6.5678E-1 6.42814E-1 6.33483E-1 6.57144E-1 6.57995E-1 6.3467E-1 6.51053E-1 6.47815E-1 6.26799E-1 5.8264E-1 5.97813E-1 6.38734E-1 4.99151E-1 5.38666E-1 6.36428E-1 5.50751E-1 5.75457E-1 4.89842E-1 5.12294E-1 4.76219E-1 4.61056E-1 4.86497E-1 5.69352E-1 5.14579E-1 5.81059E-1 5.04943E-1 6.26686E-1 6.97125E-1 6.60782E-1 7.2352E-1 6.24737E-1 6.49686E-1 6.98672E-1 7.05985E-1 7.05924E-1 7.33137E-1 7.24109E-1 7.49139E-1
6.03146E-1 6.03547E-1 6.20974E-1 6.19343E-1 5.97247E-1 5.7185E-1 6.09467E-1 6.41468E-1 6.33308E-1 6.73572E-1 6.14896E-1 5.26343E-1 5.57093E-1 6.26019E-1 6.58069E-1 6.67813E-1 6.36897E-1 6.03156E-1 5.45936E-1 6.16005E-1 5.90334E-1 5.91742E-1 6.27268E-1 6.59804E-1 6.25577E-1 6.24048E-1 6.80451E-1 6.65464E-1 6.25985E-1 6.06687E-1 5.89286E-1 6.81564E-1 6.46145E-1 5.92184E-1 6.19285E-1 4.89154E-1 4.51816E-1 5.4671E-1 5.94483E-1 5.42719E-1 4.77666E-1 4.87856E-1 4.92762E-1 5.05324E-1 5.18784E-1 5.00773E-1 5.14913E-1 6.07342E-1 5.93452E-1 6.22898E-1 6.94528E-1 6.29903E-1 6.56211E-1 6.64139E-1 6.44703E-1 6.65934E-1 6.47996E-1 6.73027E-1 6.57691E-1 7.07656E-1 7.29651E-1
