maxent_outputs/white_flowers_linear/white_314.asc
ncols         426
nrows         180
xllcorner     -130.0
yllcorner     24.0
cellsize      0.16666666666666666
NODATA_value  -9999
[rows 0 to 26 of 180, columns 61 to 121 of 426]
7.10048E-2 7.29478E-2 9.33167E-2 1.00899E-1 1.06683E-1 9.9401E-2 9.78464E-2 9.33627E-2 9.16804E-2 8.83886E-2 8.8085E-2 8.56111E-2 8.19704E-2 8.28879E-2 7.99333E-2 7.69298E-2 8.22214E-2 7.78198E-2 7.11503E-2 6.72127E-2 6.9735E-2 7.02908E-2 7.12036E-2 7.17675E-2 7.31778E-2 7.2943E-2 7.11185E-2 6.13574E-2 6.00852E-2 5.8894E-2 5.93312E-2 6.29175E-2 7.0145E-2 6.80816E-2 6.81434E-2 6.22819E-2 6.0749E-2 5.80672E-2 6.17655E-2 6.39605E-2 6.15766E-2 6.35251E-2 6.11219E-2 6.21779E-2 6.28259E-2 6.14253E-2 6.31922E-2 6.30145E-2 6.26036E-2 5.98118E-2 5.82363E-2 5.99516E-2 5.85237E-2 5.88134E-2 5.90095E-2 5.66137E-2 5.68806E-2 5.61874E-2 5.58593E-2 5.46741E-2 5.78949E-2
6.90021E-2 6.78856E-2 9.85805E-2 8.44329E-2 8.45486E-2 8.90771E-2 8.89282E-2 8.55859E-2 8.57386E-2 8.75734E-2 8.59252E-2 8.60137E-2 8.37551E-2 8.35922E-2 8.02472E-2 8.11615E-2 8.10298E-2 7.25277E-2 7.3577E-2 7.63891E-2 7.6476E-2 6.98518E-2 6.34628E-2 6.14462E-2 5.96659E-2 5.86733E-2 6.72874E-2 6.03315E-2 6.07495E-2 6.48816E-2 6.966E-2 7.20472E-2 7.63041E-2 6.95881E-2 7.47449E-2 7.1804E-2 5.95759E-2 6.12445E-2 6.0733E-2 6.48149E-2 6.84972E-2 6.96177E-2 7.35288E-2 6.54489E-2 6.57849E-2 6.58439E-2 6.27217E-2 6.35204E-2 6.33481E-2 6.21472E-2 6.07315E-2 6.05654E-2 5.97928E-2 5.79404E-2 5.70279E-2 5.66266E-2 5.53082E-2 5.45306E-2 5.35913E-2 5.15985E-2 5.23044E-2
6.85512E-2 7.18032E-2 6.91019E-2 7.8882E-2 5.85595E-2 6.40288E-2 6.33442E-2 6.85172E-2 7.31786E-2 7.96282E-2 7.98147E-2 8.35399E-2 8.28776E-2 7.74526E-2 7.28825E-2 7.85694E-2 8.10956E-2 8.04736E-2 7.8691E-2 7.24806E-2 6.97524E-2 6.92115E-2 6.68734E-2 6.78213E-2 6.53086E-2 6.69626E-2 6.68562E-2 5.97494E-2 5.80493E-2 6.17952E-2 7.17163E-2 7.71011E-2 7.64097E-2 7.32224E-2 7.59235E-2 7.53225E-2 7.0788E-2 8.07677E-2 8.27671E-2 7.70542E-2 7.18831E-2 7.38533E-2 7.32234E-2 6.71024E-2 6.3465E-2 6.576E-2 6.40958E-2 6.34963E-2 6.40948E-2 6.23505E-2 6.20838E-2 6.0021E-2 6.06117E-2 5.8953E-2 5.71525E-2 5.61456E-2 5.51399E-2 5.46453E-2 5.40036E-2 5.21821E-2 5.03381E-2
6.574E-2 5.75307E-2 4.93823E-2 7.1653E-2 5.66833E-2 5.14639E-2 5.58741E-2 6.69533E-2 8.09004E-2 8.3449E-2 7.79399E-2 7.65865E-2 7.94235E-2 7.76842E-2 7.34233E-2 7.36015E-2 7.74867E-2 7.82215E-2 7.78389E-2 7.28834E-2 7.6043E-2 7.45727E-2 7.1659E-2 7.01852E-2 7.02138E-2 6.95087E-2 7.2193E-2 6.8335E-2 6.70742E-2 6.33568E-2 6.16247E-2 6.81511E-2 8.02923E-2 7.17359E-2 7.10849E-2 6.61529E-2 7.14391E-2 7.36979E-2 7.29115E-2 6.91724E-2 7.54426E-2 7.53983E-2 7.68349E-2 7.75818E-2 6.54709E-2 6.38088E-2 6.44914E-2 6.22794E-2 6.29209E-2 6.26883E-2 6.20027E-2 6.24732E-2 6.08067E-2 5.9341E-2 5.78932E-2 5.68775E-2 5.5392E-2 5.63432E-2 5.50292E-2 5.43612E-2 5.23613E-2
7.01029E-2 7.07781E-2 5.9973E-2 5.53281E-2 4.91173E-2 4.7994E-2 5.69842E-2 6.42291E-2 6.39773E-2 7.90048E-2 8.24833E-2 8.36438E-2 7.73779E-2 6.99313E-2 6.94772E-2 7.56864E-2 7.51095E-2 7.69947E-2 7.6601E-2 7.1893E-2 7.26113E-2 7.20682E-2 7.16275E-2 7.07714E-2 6.842E-2 6.81977E-2 6.55622E-2 6.63771E-2 6.21907E-2 6.52868E-2 6.71285E-2 7.0631E-2 7.5521E-2 7.69243E-2 7.6288E-2 7.45641E-2 7.33101E-2 7.21105E-2 6.83801E-2 6.37557E-2 6.52013E-2 7.09417E-2 7.35397E-2 7.45044E-2 7.09171E-2 6.90598E-2 6.81205E-2 6.30989E-2 6.37014E-2 6.63897E-2 6.3502E-2 6.52289E-2 6.16648E-2 6.14698E-2 6.10747E-2 5.90234E-2 5.78549E-2 5.75513E-2 5.71467E-2 5.70203E-2 5.46896E-2
1.01079E-1 9.40911E-2 6.86467E-2 7.31717E-2 5.96508E-2 5.76295E-2 5.03394E-2 5.35282E-2 5.78267E-2 6.73362E-2 8.88592E-2 8.3013E-2 7.38433E-2 6.66014E-2 6.71315E-2 6.89457E-2 7.04033E-2 7.04375E-2 7.13293E-2 7.15569E-2 7.05991E-2 6.82182E-2 6.79102E-2 6.90222E-2 7.13912E-2 7.01611E-2 7.2361E-2 7.18952E-2 7.11989E-2 6.78308E-2 6.8499E-2 7.08047E-2 7.24922E-2 7.45973E-2 8.03501E-2 7.8718E-2 7.76268E-2 7.47668E-2 7.08158E-2 6.85963E-2 6.74845E-2 6.46006E-2 6.57835E-2 6.84581E-2 6.66534E-2 6.53619E-2 6.61066E-2 6.29236E-2 6.3257E-2 6.56942E-2 6.47023E-2 6.41727E-2 5.95706E-2 5.87568E-2 6.04341E-2 5.99134E-2 5.88649E-2 5.698E-2 5.62972E-2 5.48883E-2 5.61025E-2
5.88286E-2 7.55722E-2 1.06077E-1 8.83509E-2 6.58862E-2 7.28275E-2 7.2606E-2 6.79675E-2 7.18398E-2 7.49108E-2 8.93382E-2 7.15009E-2 6.73514E-2 6.3689E-2 5.91831E-2 6.29156E-2 6.30103E-2 6.44157E-2 6.51618E-2 6.7385E-2 6.65782E-2 6.65204E-2 6.76374E-2 7.06649E-2 7.15855E-2 6.93164E-2 7.35994E-2 7.64291E-2 7.68445E-2 6.47632E-2 6.90719E-2 6.66521E-2 6.81665E-2 6.94247E-2 7.42666E-2 7.28992E-2 7.27551E-2 7.59811E-2 7.48529E-2 7.18131E-2 7.20442E-2 6.94541E-2 7.06458E-2 6.69624E-2 6.30699E-2 6.23682E-2 6.40527E-2 6.21577E-2 6.04543E-2 6.54063E-2 6.61332E-2 6.47528E-2 6.11363E-2 6.02381E-2 6.01547E-2 5.77627E-2 5.9929E-2 5.62154E-2 5.41645E-2 5.55443E-2 5.43257E-2
5.01725E-2 5.98658E-2 7.95079E-2 1.0752E-1 9.71773E-2 6.9059E-2 6.18224E-2 7.50094E-2 6.51385E-2 5.25878E-2 6.67014E-2 7.70854E-2 5.47966E-2 5.10756E-2 5.35032E-2 5.34229E-2 5.58168E-2 6.34483E-2 6.25261E-2 6.01003E-2 6.16216E-2 6.6274E-2 6.8396E-2 7.05785E-2 6.99793E-2 7.18381E-2 7.339E-2 7.3473E-2 7.57954E-2 7.3203E-2 7.08458E-2 6.53169E-2 6.39446E-2 6.26842E-2 6.99508E-2 7.15436E-2 6.96208E-2 7.3473E-2 7.56946E-2 7.6589E-2 7.62049E-2 7.36049E-2 7.46269E-2 7.65772E-2 7.21932E-2 6.89432E-2 6.76127E-2 6.52312E-2 6.50362E-2 6.28483E-2 6.36256E-2 6.48951E-2 6.15998E-2 6.0126E-2 5.93876E-2 6.08006E-2 5.9775E-2 5.62356E-2 5.76559E-2 5.55464E-2 5.87944E-2
6.61644E-2 7.15411E-2 7.48117E-2 8.20951E-2 9.25339E-2 8.88015E-2 7.943E-2 6.05712E-2 5.14645E-2 4.50383E-2 6.4461E-2 5.74613E-2 6.12258E-2 5.0295E-2 3.74345E-2 3.59908E-2 4.68441E-2 5.82319E-2 5.8264E-2 5.91495E-2 6.02691E-2 6.15514E-2 5.94531E-2 6.17588E-2 6.49783E-2 6.68141E-2 7.1715E-2 7.35634E-2 7.4354E-2 6.98296E-2 6.62709E-2 6.48693E-2 5.78851E-2 6.47867E-2 7.08204E-2 7.37797E-2 7.09497E-2 7.37593E-2 7.50925E-2 7.44912E-2 7.61617E-2 7.61986E-2 7.38973E-2 7.57772E-2 7.35938E-2 7.4273E-2 7.1749E-2 6.8772E-2 6.66135E-2 6.83854E-2 6.85586E-2 6.92165E-2 6.66045E-2 6.33622E-2 6.23768E-2 6.23448E-2 6.27485E-2 6.11086E-2 6.41211E-2 6.31404E-2 6.19447E-2
8.31587E-2 6.58207E-2 7.8177E-2 9.47757E-2 8.96478E-2 5.7255E-2 9.61897E-2 8.54931E-2 6.97054E-2 5.01479E-2 4.5322E-2 4.585E-2 5.16212E-2 5.35966E-2 4.509E-2 3.71048E-2 4.06754E-2 4.99868E-2 4.41823E-2 5.64946E-2 6.06371E-2 6.28276E-2 6.10875E-2 6.01176E-2 6.23935E-2 6.53464E-2 6.80388E-2 7.19588E-2 7.44436E-2 6.63579E-2 5.52317E-2 5.80649E-2 6.06611E-2 6.69009E-2 6.97426E-2 7.03691E-2 7.11869E-2 7.27036E-2 7.40294E-2 7.58521E-2 7.50507E-2 8.00848E-2 7.63931E-2 7.52815E-2 7.1958E-2 7.43838E-2 7.93487E-2 7.53942E-2 7.11038E-2 6.57422E-2 6.65601E-2 6.58426E-2 6.49068E-2 6.41494E-2 6.05297E-2 6.2325E-2 5.93065E-2 5.90813E-2 5.85576E-2 5.8638E-2 6.12048E-2
8.80952E-2 8.18186E-2 7.38959E-2 9.57105E-2 8.20359E-2 5.91121E-2 5.95317E-2 9.46309E-2 8.31679E-2 5.62879E-2 5.68714E-2 3.75622E-2 3.75185E-2 4.31714E-2 3.74703E-2 3.61747E-2 3.8181E-2 3.50878E-2 4.29245E-2 5.4727E-2 6.50282E-2 6.1899E-2 5.9155E-2 5.98392E-2 5.95863E-2 6.21405E-2 6.43015E-2 6.70115E-2 6.95429E-2 6.81709E-2 6.39744E-2 6.20063E-2 6.03452E-2 5.38879E-2 6.36977E-2 6.61841E-2 7.18817E-2 7.43321E-2 7.46239E-2 7.55681E-2 7.54498E-2 7.53565E-2 7.52312E-2 7.49217E-2 7.24045E-2 6.90102E-2 6.98214E-2 7.28357E-2 7.56323E-2 7.04583E-2 5.98158E-2 6.24663E-2 6.55944E-2 6.41871E-2 6.40706E-2 6.37232E-2 6.257E-2 6.14278E-2 6.18033E-2 6.07192E-2 6.28118E-2
9.45484E-2 9.61372E-2 9.44679E-2 9.7668E-2 8.98508E-2 6.17161E-2 7.04955E-2 9.63004E-2 1.00774E-1 8.96334E-2 7.25891E-2 5.15119E-2 4.63887E-2 4.00375E-2 4.57563E-2 3.71264E-2 4.35679E-2 4.74691E-2 4.38852E-2 5.84217E-2 6.8198E-2 5.51678E-2 5.62154E-2 5.84263E-2 5.93301E-2 5.99301E-2 6.0326E-2 6.34804E-2 6.47731E-2 6.70625E-2 6.8185E-2 6.89678E-2 6.76832E-2 6.55282E-2 6.51704E-2 6.91847E-2 6.95913E-2 7.11642E-2 7.24549E-2 7.24909E-2 7.44886E-2 7.35393E-2 7.37269E-2 7.32E-2 6.87447E-2 6.72843E-2 7.25934E-2 6.26627E-2 5.89991E-2 6.03969E-2 5.96019E-2 5.47586E-2 5.67486E-2 5.84677E-2 5.59471E-2 5.9504E-2 6.04634E-2 6.11351E-2 6.16638E-2 6.28608E-2 6.40776E-2
9.18902E-2 9.58316E-2 9.50336E-2 9.72147E-2 1.00116E-1 7.50846E-2 8.32937E-2 1.02499E-1 7.92868E-2 6.18042E-2 7.69911E-2 9.11461E-2 6.34383E-2 4.52448E-2 5.19037E-2 5.03779E-2 3.63845E-2 4.3297E-2 5.8605E-2 4.87253E-2 4.99679E-2 3.99596E-2 4.82662E-2 5.59053E-2 5.83826E-2 5.9242E-2 6.07265E-2 6.44097E-2 6.38648E-2 6.50527E-2 6.60577E-2 6.71202E-2 7.03923E-2 7.09687E-2 7.16764E-2 7.0808E-2 6.82556E-2 6.91617E-2 6.86973E-2 6.85647E-2 7.09037E-2 7.12377E-2 6.45093E-2 7.15427E-2 6.87256E-2 6.45015E-2 6.92549E-2 6.56314E-2 6.45392E-2 5.58824E-2 5.13053E-2 5.11237E-2 5.16774E-2 4.64085E-2 5.0798E-2 5.61516E-2 5.4091E-2 5.42323E-2 5.57341E-2 5.73453E-2 5.95921E-2
1.08476E-1 1.08535E-1 1.07508E-1 1.03455E-1 9.88611E-2 7.24905E-2 9.62346E-2 1.05447E-1 7.97876E-2 6.04716E-2 5.38902E-2 4.53694E-2 7.96847E-2 8.80655E-2 7.52546E-2 5.70175E-2 4.43187E-2 3.52584E-2 4.37176E-2 4.12186E-2 3.83578E-2 3.44915E-2 4.58443E-2 4.83452E-2 5.34063E-2 5.71636E-2 5.99736E-2 6.33574E-2 6.33797E-2 6.5458E-2 6.6546E-2 6.76665E-2 6.73365E-2 6.78833E-2 6.92486E-2 6.82824E-2 7.00714E-2 6.85836E-2 7.08059E-2 6.96373E-2 6.72041E-2 7.07848E-2 6.4616E-2 6.56608E-2 6.95551E-2 7.01399E-2 6.77086E-2 6.64335E-2 6.97654E-2 5.78E-2 5.21169E-2 5.03124E-2 5.4216E-2 5.06803E-2 4.88475E-2 5.59986E-2 5.81444E-2 5.42855E-2 5.27623E-2 5.36114E-2 5.33536E-2
1.19301E-1 1.1591E-1 1.10935E-1 1.1618E-1 9.83367E-2 8.86259E-2 8.39369E-2 1.08435E-1 9.85731E-2 9.19291E-2 7.6192E-2 4.49095E-2 5.78141E-2 6.64252E-2 9.08493E-2 7.52024E-2 5.99046E-2 5.36092E-2 4.66438E-2 3.51741E-2 3.62399E-2 3.95041E-2 3.62922E-2 4.88111E-2 5.08536E-2 5.42843E-2 6.10993E-2 6.4642E-2 6.42839E-2 6.28181E-2 6.49545E-2 6.77294E-2 6.79733E-2 6.80368E-2 7.3286E-2 7.22698E-2 7.13669E-2 7.08023E-2 7.11855E-2 7.12064E-2 7.13289E-2 7.09435E-2 6.53106E-2 6.26421E-2 6.93323E-2 7.46558E-2 7.58636E-2 6.81105E-2 6.90233E-2 6.41324E-2 5.44568E-2 5.39994E-2 5.17845E-2 5.43794E-2 5.42331E-2 5.55682E-2 5.67521E-2 5.47634E-2 5.66133E-2 5.71244E-2 5.4351E-2
1.04366E-1 1.0575E-1 1.46821E-1 1.06211E-1 1.01736E-1 1.13607E-1 9.96299E-2 9.11559E-2 1.18401E-1 8.84171E-2 7.4188E-2 5.25135E-2 5.48663E-2 6.35165E-2 7.90506E-2 6.48536E-2 9.14079E-2 6.85906E-2 4.66321E-2 5.52098E-2 4.4545E-2 4.59773E-2 4.84814E-2 3.53394E-2 4.67276E-2 4.93855E-2 5.26411E-2 5.87221E-2 6.45884E-2 6.50894E-2 6.63395E-2 6.7258E-2 6.81111E-2 6.93965E-2 7.26518E-2 7.65848E-2 7.32381E-2 7.0711E-2 6.91673E-2 7.05238E-2 7.13635E-2 7.23146E-2 7.35909E-2 6.9541E-2 6.47636E-2 6.90953E-2 7.35336E-2 7.33593E-2 6.75561E-2 6.50835E-2 5.40147E-2 5.50082E-2 5.73137E-2 5.81217E-2 5.41502E-2 5.5349E-2 5.69399E-2 5.59325E-2 5.53811E-2 5.86361E-2 5.79899E-2
1.19613E-1 1.41569E-1 1.30715E-1 1.08531E-1 1.20015E-1 1.61939E-1 9.93441E-2 7.72776E-2 7.93272E-2 1.14202E-1 7.98705E-2 5.9629E-2 7.39549E-2 6.07176E-2 5.76788E-2 5.29919E-2 6.19971E-2 9.11669E-2 7.18762E-2 6.64492E-2 4.56692E-2 3.96326E-2 4.66679E-2 5.64111E-2 5.35334E-2 5.82493E-2 6.00994E-2 5.87266E-2 6.69888E-2 7.22382E-2 7.34913E-2 7.29765E-2 6.87797E-2 6.97133E-2 7.29719E-2 7.49599E-2 7.938E-2 7.76188E-2 7.42349E-2 7.34337E-2 7.15135E-2 7.32028E-2 7.23895E-2 7.37262E-2 7.64123E-2 7.48951E-2 7.14335E-2 6.73338E-2 5.90296E-2 5.3258E-2 4.96492E-2 5.13757E-2 5.6604E-2 6.3352E-2 5.52848E-2 5.68408E-2 5.77976E-2 5.27558E-2 5.59621E-2 5.89303E-2 5.98187E-2
1.50557E-1 1.31345E-1 1.1337E-1 1.05853E-1 1.37433E-1 1.76791E-1 1.11013E-1 1.06456E-1 9.29657E-2 1.21179E-1 8.59124E-2 9.19861E-2 6.46269E-2 6.53758E-2 4.61114E-2 5.62964E-2 5.65781E-2 6.89726E-2 8.69725E-2 8.29847E-2 6.4863E-2 5.13521E-2 4.70853E-2 4.66769E-2 4.98638E-2 5.95523E-2 6.45248E-2 6.15935E-2 7.3899E-2 7.68039E-2 7.42179E-2 7.42882E-2 7.13923E-2 7.73692E-2 8.56235E-2 8.00534E-2 7.55969E-2 7.43709E-2 7.56073E-2 7.6866E-2 7.26212E-2 7.02857E-2 6.79242E-2 7.13004E-2 7.54075E-2 7.62689E-2 7.16888E-2 6.05355E-2 5.45152E-2 5.35502E-2 4.8016E-2 4.71171E-2 4.64815E-2 5.0825E-2 5.5359E-2 5.77566E-2 6.29763E-2 5.75063E-2 5.39821E-2 5.56568E-2 6.09212E-2
1.37824E-1 1.82691E-1 2.13769E-1 2.0336E-1 2.08548E-1 1.55592E-1 1.34551E-1 1.16872E-1 1.11929E-1 1.12861E-1 1.2135E-1 9.24468E-2 7.13297E-2 9.17299E-2 5.65533E-2 6.12336E-2 5.21201E-2 5.8667E-2 5.53494E-2 8.08388E-2 8.97973E-2 7.1034E-2 6.67802E-2 5.78985E-2 4.59257E-2 3.86521E-2 5.34919E-2 5.30533E-2 6.13934E-2 6.06969E-2 6.78925E-2 7.17576E-2 7.53747E-2 7.26641E-2 7.92635E-2 7.6532E-2 6.99448E-2 7.11189E-2 7.60599E-2 7.531E-2 7.58223E-2 7.40432E-2 7.60994E-2 7.64759E-2 7.99536E-2 8.00918E-2 7.60857E-2 7.0903E-2 6.94242E-2 6.52996E-2 6.12794E-2 6.82947E-2 7.32929E-2 6.96041E-2 6.51426E-2 6.70495E-2 7.10674E-2 6.4484E-2 6.30992E-2 6.56776E-2 6.33779E-2
1.62093E-1 1.37773E-1 1.51602E-1 2.18318E-1 2.02293E-1 1.19752E-1 1.30103E-1 1.4679E-1 1.00124E-1 8.57075E-2 1.17404E-1 1.36272E-1 1.27181E-1 8.50284E-2 7.11974E-2 7.23034E-2 7.11465E-2 5.33335E-2 4.95091E-2 5.12572E-2 7.24891E-2 9.14942E-2 8.07468E-2 7.21486E-2 5.68087E-2 4.85993E-2 4.20667E-2 4.69038E-2 5.42675E-2 5.79474E-2 6.50579E-2 7.38738E-2 7.5104E-2 7.18102E-2 7.36737E-2 7.62259E-2 7.32905E-2 7.48909E-2 8.04772E-2 7.93873E-2 8.19783E-2 8.30725E-2 8.02295E-2 8.32507E-2 8.38813E-2 8.35429E-2 8.30263E-2 8.36551E-2 8.2536E-2 8.28205E-2 7.91163E-2 7.87526E-2 7.6125E-2 7.24237E-2 7.43866E-2 7.08179E-2 6.40962E-2 6.45944E-2 7.07624E-2 6.56546E-2 6.49926E-2
1.27594E-1 1.2043E-1 1.42949E-1 1.68874E-1 1.8914E-1 1.59854E-1 2.02264E-1 1.11749E-1 1.16661E-1 9.19595E-2 8.76314E-2 1.82155E-1 9.89987E-2 9.36313E-2 9.84611E-2 7.64419E-2 7.6324E-2 7.01886E-2 6.00842E-2 4.99255E-2 6.35559E-2 8.24639E-2 9.94103E-2 7.60815E-2 7.3888E-2 6.23991E-2 4.99755E-2 4.44152E-2 4.89662E-2 5.16724E-2 6.24326E-2 7.27566E-2 7.83939E-2 7.83248E-2 8.17752E-2 8.1405E-2 7.55739E-2 7.07528E-2 7.26745E-2 7.3413E-2 8.01388E-2 8.79912E-2 8.18372E-2 8.23788E-2 8.59107E-2 8.50477E-2 8.26939E-2 8.48195E-2 8.37439E-2 7.79575E-2 7.03792E-2 7.24929E-2 7.68556E-2 7.5151E-2 7.45763E-2 7.18366E-2 6.95545E-2 7.11618E-2 6.878E-2 6.65426E-2 6.42862E-2
1.34044E-1 1.28646E-1 1.63234E-1 1.98769E-1 1.32543E-1 1.56995E-1 1.82573E-1 1.26063E-1 1.23204E-1 9.49959E-2 1.10494E-1 2.03158E-1 9.64902E-2 8.77732E-2 7.62329E-2 8.59933E-2 9.31398E-2 1.20136E-1 5.74369E-2 5.03021E-2 5.60212E-2 6.52424E-2 8.19254E-2 9.74217E-2 7.37974E-2 8.02798E-2 5.45445E-2 4.46887E-2 4.28796E-2 5.07576E-2 6.05401E-2 6.82526E-2 7.92914E-2 8.30736E-2 8.62821E-2 9.09759E-2 8.72447E-2 8.05113E-2 7.58638E-2 7.63329E-2 8.19172E-2 8.75637E-2 8.47549E-2 8.7388E-2 8.96094E-2 8.69577E-2 8.5328E-2 8.80671E-2 8.42624E-2 8.05944E-2 7.66511E-2 7.65057E-2 7.51095E-2 7.49529E-2 7.49252E-2 7.39245E-2 7.13829E-2 6.8631E-2 6.91829E-2 6.79255E-2 6.73983E-2
1.08851E-1 1.27266E-1 2.503E-1 2.11037E-1 1.58868E-1 1.75582E-1 1.55629E-1 1.59943E-1 1.21503E-1 9.74324E-2 1.21289E-1 1.73472E-1 1.56158E-1 9.49337E-2 8.44448E-2 6.70005E-2 8.81633E-2 1.36003E-1 6.7907E-2 5.3079E-2 5.88591E-2 6.17651E-2 7.60711E-2 9.55662E-2 8.78091E-2 7.47626E-2 6.48048E-2 5.70023E-2 4.9758E-2 5.40987E-2 5.35167E-2 6.39113E-2 7.19719E-2 8.20289E-2 8.21322E-2 8.82838E-2 9.42559E-2 9.14296E-2 8.64052E-2 8.30965E-2 8.18603E-2 8.6542E-2 9.27884E-2 9.58674E-2 9.66585E-2 9.45461E-2 9.23057E-2 8.71469E-2 8.89964E-2 8.11862E-2 7.86197E-2 7.74422E-2 7.68248E-2 7.6421E-2 7.60015E-2 7.73834E-2 7.0412E-2 6.73736E-2 6.79032E-2 6.7975E-2 6.637E-2
1.05067E-1 1.4246E-1 2.58009E-1 1.17627E-1 1.12257E-1 1.10371E-1 1.03896E-1 1.11372E-1 1.05962E-1 1.03136E-1 1.31523E-1 1.54339E-1 1.17E-1 9.65266E-2 1.34733E-1 8.51148E-2 8.33638E-2 1.37878E-1 7.91324E-2 6.48461E-2 5.96159E-2 6.64098E-2 7.52327E-2 8.46798E-2 1.01989E-1 7.87206E-2 6.57753E-2 5.41185E-2 5.28487E-2 5.8651E-2 5.23066E-2 6.41581E-2 6.89194E-2 8.06784E-2 8.40792E-2 8.7382E-2 9.52915E-2 9.73694E-2 9.63221E-2 9.10894E-2 9.00554E-2 8.99178E-2 9.76237E-2 9.87828E-2 9.81511E-2 9.93096E-2 9.87306E-2 9.1051E-2 9.22019E-2 8.68695E-2 8.07879E-2 8.14894E-2 8.20478E-2 8.33754E-2 8.73241E-2 8.43408E-2 7.47334E-2 7.42513E-2 7.76667E-2 7.42818E-2 7.07294E-2
1.24444E-1 1.81117E-1 2.56659E-1 1.30255E-1 1.21905E-1 1.01702E-1 1.05812E-1 1.02213E-1 9.69941E-2 1.36829E-1 2.05268E-1 1.37226E-1 9.34679E-2 8.13702E-2 1.50193E-1 9.29934E-2 8.57646E-2 1.55859E-1 8.26294E-2 6.12795E-2 6.01554E-2 6.17401E-2 7.04678E-2 8.68109E-2 1.09759E-1 7.67858E-2 5.91948E-2 5.67969E-2 6.00465E-2 6.86331E-2 5.54566E-2 6.67706E-2 7.57068E-2 8.30836E-2 8.2857E-2 8.7143E-2 9.70796E-2 1.01031E-1 9.99032E-2 9.96279E-2 9.84009E-2 9.99067E-2 1.0826E-1 1.08712E-1 1.03635E-1 1.02691E-1 1.04872E-1 9.5692E-2 9.61967E-2 8.96745E-2 9.20768E-2 8.77157E-2 8.58526E-2 8.93269E-2 9.17084E-2 8.48823E-2 8.11911E-2 8.15254E-2 8.08328E-2 7.78636E-2 7.71981E-2
2.27131E-1 1.87911E-1 1.29641E-1 1.11029E-1 1.10742E-1 1.05195E-1 1.16776E-1 1.00777E-1 1.06213E-1 1.31769E-1 1.8165E-1 9.60368E-2 8.92726E-2 1.16346E-1 1.33545E-1 8.47335E-2 7.9108E-2 1.64945E-1 1.0611E-1 7.87761E-2 8.49594E-2 7.08608E-2 7.72259E-2 9.27089E-2 1.12798E-1 8.73974E-2 6.63543E-2 7.41949E-2 6.56071E-2 7.51387E-2 6.63337E-2 6.75918E-2 7.42622E-2 8.63807E-2 8.38245E-2 8.65748E-2 9.0919E-2 1.09206E-1 1.10472E-1 1.0939E-1 1.07841E-1 1.13269E-1 1.13492E-1 1.1445E-1 1.13294E-1 1.13021E-1 1.12862E-1 1.02725E-1 1.0011E-1 9.70304E-2 9.25697E-2 8.46634E-2 8.35142E-2 8.467E-2 7.9995E-2 7.47824E-2 7.27325E-2 7.18153E-2 7.31402E-2 7.2949E-2 7.54249E-2
1.76821E-1 2.32135E-1 1.09303E-1 1.08917E-1 1.1655E-1 1.12398E-1 1.14791E-1 1.05779E-1 1.2169E-1 1.3147E-1 1.74374E-1 9.84507E-2 1.25614E-1 1.4895E-1 1.13569E-1 1.27643E-1 1.29139E-1 1.5242E-1 1.51553E-1 7.78696E-2 7.8817E-2 8.57347E-2 8.91691E-2 9.95357E-2 1.1181E-1 1.11757E-1 7.61033E-2 8.06931E-2 7.00432E-2 7.4711E-2 7.57533E-2 7.21978E-2 8.5644E-2 1.00837E-1 1.02677E-1 1.00805E-1 1.0613E-1 1.02641E-1 1.06371E-1 1.11502E-1 1.05454E-1 1.11239E-1 1.09902E-1 1.0801E-1 1.06917E-1 1.07066E-1 1.06621E-1 1.02532E-1 9.70216E-2 9.65543E-2 9.23982E-2 8.78705E-2 8.33306E-2 7.70874E-2 6.90641E-2 6.03015E-2 5.89657E-2 5.79657E-2 6.11465E-2 6.45598E-2 6.69051E-2
