maxent_outputs/white_flowers_linear/white_150.asc
ncols         426
nrows         180
xllcorner     -130.0
yllcorner     24.0
cellsize      0.16666666666666666
NODATA_value  -9999
[rows 54 to 80 of 180, columns 183 to 243 of 426]
3.91041E-1 4.00893E-1 4.06691E-1 4.01032E-1 3.97284E-1 3.94047E-1 3.91341E-1 3.88923E-1 3.92011E-1 3.96283E-1 4.03217E-1 4.05827E-1 4.05923E-1 4.04947E-1 3.97603E-1 4.07494E-1 4.21143E-1 4.2362E-1 4.25919E-1 4.2618E-1 4.21731E-1 4.20179E-1 4.26226E-1 4.31763E-1 4.29291E-1 4.31165E-1 4.22786E-1 4.19059E-1 4.16604E-1 4.21428E-1 4.28349E-1 4.32206E-1 4.37257E-1 4.4283E-1 4.54455E-1 4.68791E-1 4.65996E-1 4.60785E-1 4.63642E-1 4.59149E-1 4.65932E-1 4.57916E-1 4.598E-1 4.6056E-1 4.64373E-1 4.60815E-1 4.62279E-1 4.54403E-1 4.52915E-1 4.58436E-1 4.6577E-1 4.6394E-1 4.69197E-1 4.75497E-1 4.81582E-1 4.82486E-1 4.86238E-1 4.84824E-1 4.92044E-1 4.90108E-1 4.94155E-1
3.86224E-1 3.92215E-1 3.95694E-1 3.95336E-1 3.9512E-1 3.97558E-1 3.91801E-1 3.9147E-1 3.92768E-1 3.96395E-1 4.02793E-1 4.10581E-1 4.05601E-1 4.01572E-1 3.99243E-1 4.0592E-1 4.1795E-1 4.24831E-1 4.32821E-1 4.3251E-1 4.30146E-1 4.28033E-1 4.29302E-1 4.36674E-1 4.40857E-1 4.32049E-1 4.24622E-1 4.18893E-1 4.22175E-1 4.29483E-1 4.31367E-1 4.3137E-1 4.34232E-1 4.4145E-1 4.45158E-1 4.54191E-1 4.64748E-1 4.67383E-1 4.61546E-1 4.64435E-1 4.69492E-1 4.73105E-1 4.70588E-1 4.6862E-1 4.69889E-1 4.6591E-1 4.66264E-1 4.66071E-1 4.63289E-1 4.67448E-1 4.77592E-1 4.87399E-1 4.84108E-1 4.79825E-1 4.81991E-1 4.8717E-1 4.87223E-1 4.93825E-1 5.00067E-1 5.03951E-1 5.03577E-1
3.98134E-1 3.99973E-1 4.03248E-1 4.0073E-1 4.01478E-1 4.00774E-1 3.9986E-1 3.95467E-1 3.97465E-1 3.97672E-1 4.02984E-1 4.09292E-1 4.11137E-1 4.06226E-1 4.12328E-1 4.04415E-1 4.09526E-1 4.19376E-1 4.28294E-1 4.33021E-1 4.36833E-1 4.36795E-1 4.37572E-1 4.39645E-1 4.39439E-1 4.37894E-1 4.37418E-1 4.32428E-1 4.30307E-1 4.31537E-1 4.32514E-1 4.3186E-1 4.35133E-1 4.43729E-1 4.4278E-1 4.51957E-1 4.58986E-1 4.63716E-1 4.6359E-1 4.65745E-1 4.71587E-1 4.76715E-1 4.81172E-1 4.77334E-1 4.78262E-1 4.791E-1 4.80058E-1 4.77835E-1 4.76807E-1 4.71323E-1 4.75119E-1 4.79981E-1 4.88794E-1 4.78743E-1 4.8107E-1 4.88254E-1 4.87146E-1 4.89545E-1 4.9593E-1 4.97725E-1 4.96148E-1
3.98036E-1 3.98417E-1 4.05498E-1 4.04711E-1 4.06257E-1 4.0381E-1 4.01642E-1 4.02042E-1 4.02969E-1 4.01943E-1 4.02851E-1 4.10411E-1 4.13626E-1 4.12591E-1 4.07908E-1 4.04142E-1 4.03484E-1 4.10385E-1 4.20124E-1 4.24601E-1 4.32378E-1 4.37637E-1 4.40009E-1 4.41394E-1 4.41964E-1 4.42447E-1 4.38998E-1 4.37423E-1 4.38631E-1 4.40558E-1 4.36245E-1 4.32706E-1 4.27828E-1 4.37065E-1 4.42062E-1 4.50944E-1 4.61725E-1 4.64078E-1 4.66365E-1 4.71917E-1 4.72495E-1 4.7011E-1 4.69713E-1 4.75965E-1 4.80949E-1 4.84314E-1 4.84382E-1 4.85357E-1 4.78621E-1 4.74576E-1 4.77663E-1 4.76057E-1 4.86292E-1 4.90799E-1 4.89802E-1 4.88369E-1 4.91484E-1 4.92999E-1 4.94669E-1 4.87906E-1 4.90742E-1
3.88428E-1 3.8906E-1 3.93383E-1 4.00521E-1 4.06915E-1 4.09179E-1 4.05618E-1 4.06828E-1 4.06614E-1 4.05468E-1 4.06117E-1 4.14735E-1 4.29177E-1 4.16344E-1 4.14039E-1 4.01796E-1 4.02324E-1 4.05529E-1 4.13377E-1 4.24704E-1 4.30748E-1 4.37053E-1 4.43049E-1 4.45542E-1 4.45103E-1 4.43597E-1 4.42613E-1 4.42264E-1 4.41409E-1 4.4002E-1 4.40404E-1 4.41029E-1 4.3605E-1 4.41069E-1 4.5077E-1 4.55007E-1 4.59299E-1 4.6381E-1 4.63186E-1 4.64679E-1 4.72681E-1 4.70556E-1 4.69398E-1 4.71256E-1 4.74831E-1 4.80438E-1 4.82907E-1 4.85307E-1 4.80115E-1 4.81303E-1 4.82586E-1 4.80813E-1 4.85179E-1 4.94953E-1 4.89792E-1 4.90695E-1 4.98706E-1 4.98271E-1 4.95137E-1 4.88796E-1 4.92425E-1
3.98717E-1 3.90442E-1 3.90246E-1 3.92578E-1 3.99048E-1 4.15592E-1 4.10281E-1 4.09969E-1 4.10607E-1 4.10093E-1 4.10779E-1 4.12755E-1 4.18663E-1 4.20024E-1 4.16255E-1 4.09628E-1 4.07932E-1 4.0935E-1 4.11403E-1 4.1848E-1 4.2823E-1 4.36151E-1 4.45776E-1 4.45998E-1 4.45967E-1 4.45911E-1 4.47278E-1 4.45845E-1 4.43347E-1 4.44058E-1 4.41057E-1 4.39449E-1 4.43778E-1 4.40371E-1 4.44266E-1 4.49026E-1 4.54979E-1 4.58813E-1 4.61674E-1 4.61298E-1 4.69029E-1 4.69518E-1 4.68821E-1 4.68808E-1 4.75647E-1 4.83909E-1 4.87978E-1 4.91936E-1 4.83109E-1 4.82468E-1 4.89352E-1 4.84953E-1 4.83434E-1 4.92063E-1 4.92516E-1 4.97395E-1 5.0038E-1 5.02984E-1 4.98491E-1 4.97937E-1 4.9881E-1
4.07408E-1 4.0833E-1 3.99948E-1 3.97679E-1 4.02584E-1 4.08336E-1 4.12259E-1 4.15873E-1 4.16771E-1 4.14742E-1 4.17333E-1 4.15857E-1 4.17976E-1 4.23128E-1 4.24948E-1 4.19918E-1 4.17131E-1 4.16546E-1 4.17152E-1 4.21092E-1 4.28713E-1 4.34684E-1 4.4129E-1 4.39566E-1 4.43136E-1 4.42368E-1 4.46003E-1 4.44865E-1 4.46254E-1 4.4699E-1 4.43836E-1 4.442E-1 4.44082E-1 4.40291E-1 4.3986E-1 4.44798E-1 4.51672E-1 4.53927E-1 4.56523E-1 4.57021E-1 4.61705E-1 4.69055E-1 4.70528E-1 4.74342E-1 4.75473E-1 4.78789E-1 4.87264E-1 4.96668E-1 5.01281E-1 4.8881E-1 4.91222E-1 4.87857E-1 4.83271E-1 4.90907E-1 4.9747E-1 4.98609E-1 5.003E-1 5.0607E-1 5.03396E-1 5.01832E-1 5.0849E-1
4.22659E-1 4.12822E-1 4.07339E-1 4.05689E-1 4.05693E-1 4.08625E-1 4.15891E-1 4.17246E-1 4.19835E-1 4.20514E-1 4.1688E-1 4.20004E-1 4.1798E-1 4.18492E-1 4.24124E-1 4.20852E-1 4.23056E-1 4.20678E-1 4.20923E-1 4.25774E-1 4.29402E-1 4.34077E-1 4.36984E-1 4.37359E-1 4.36591E-1 4.4567E-1 4.45479E-1 4.4041E-1 4.45964E-1 4.49076E-1 4.54109E-1 4.49407E-1 4.48414E-1 4.41053E-1 4.39873E-1 4.48015E-1 4.53545E-1 4.57692E-1 4.58495E-1 4.63456E-1 4.61633E-1 4.63227E-1 4.72587E-1 4.80873E-1 4.83383E-1 4.86073E-1 4.89205E-1 4.96362E-1 5.00241E-1 5.05068E-1 5.00076E-1 4.93549E-1 4.90762E-1 4.96814E-1 4.98478E-1 4.99066E-1 5.0048E-1 5.04995E-1 5.03041E-1 5.04617E-1 5.12299E-1
4.33269E-1 4.27712E-1 4.19318E-1 4.12714E-1 4.09475E-1 4.11448E-1 4.1493E-1 4.21001E-1 4.22085E-1 4.21601E-1 4.20781E-1 4.18815E-1 4.22887E-1 4.24544E-1 4.26899E-1 4.26699E-1 4.27453E-1 4.28961E-1 4.24641E-1 4.24825E-1 4.28013E-1 4.32041E-1 4.36083E-1 4.39353E-1 4.37349E-1 4.37771E-1 4.42463E-1 4.38839E-1 4.40305E-1 4.52684E-1 4.59992E-1 4.55108E-1 4.5099E-1 4.45714E-1 4.49373E-1 4.51031E-1 4.6075E-1 4.66193E-1 4.62444E-1 4.68976E-1 4.68331E-1 4.65687E-1 4.69236E-1 4.78315E-1 4.82832E-1 4.81157E-1 4.82589E-1 4.91129E-1 5.00241E-1 5.1534E-1 5.07002E-1 4.83687E-1 4.91995E-1 5.03545E-1 5.02587E-1 5.02546E-1 5.07551E-1 5.05003E-1 5.01866E-1 5.08468E-1 5.18547E-1
4.3382E-1 4.45286E-1 4.35299E-1 4.25129E-1 4.12602E-1 4.11461E-1 4.12499E-1 4.18431E-1 4.23961E-1 4.24463E-1 4.21368E-1 4.20985E-1 4.2493E-1 4.24189E-1 4.23439E-1 4.22586E-1 4.24173E-1 4.2476E-1 4.23645E-1 4.24301E-1 4.27636E-1 4.33033E-1 4.36212E-1 4.37477E-1 4.36935E-1 4.42739E-1 4.50872E-1 4.39371E-1 4.41896E-1 4.48228E-1 4.54925E-1 4.543E-1 4.51163E-1 4.51914E-1 4.50771E-1 4.54071E-1 4.59234E-1 4.66162E-1 4.68093E-1 4.73476E-1 4.73181E-1 4.75282E-1 4.74169E-1 4.74186E-1 4.82512E-1 4.8723E-1 4.92007E-1 4.99125E-1 5.07753E-1 5.23293E-1 5.19296E-1 5.02419E-1 5.02933E-1 5.07575E-1 5.1036E-1 5.12485E-1 5.1434E-1 5.16592E-1 5.10632E-1 5.13897E-1 5.15555E-1
4.33764E-1 4.34165E-1 4.40324E-1 4.43607E-1 4.24891E-1 4.17736E-1 4.21297E-1 4.21116E-1 4.29448E-1 4.31892E-1 4.26719E-1 4.24555E-1 4.27561E-1 4.28701E-1 4.22873E-1 4.2073E-1 4.21636E-1 4.24276E-1 4.25496E-1 4.28437E-1 4.31757E-1 4.37574E-1 4.37355E-1 4.36444E-1 4.3692E-1 4.38626E-1 4.42867E-1 4.46116E-1 4.51326E-1 4.5108E-1 4.52483E-1 4.51438E-1 4.50523E-1 4.5431E-1 4.54259E-1 4.55863E-1 4.59658E-1 4.65781E-1 4.71015E-1 4.72542E-1 4.76377E-1 4.79654E-1 4.80084E-1 4.82157E-1 4.85961E-1 4.89992E-1 4.95965E-1 4.96247E-1 5.03543E-1 5.17992E-1 5.22956E-1 5.11414E-1 5.09206E-1 5.10444E-1 5.14806E-1 5.09166E-1 5.09347E-1 5.16031E-1 5.07168E-1 5.11631E-1 5.08681E-1
4.32569E-1 4.33631E-1 4.31405E-1 4.34415E-1 4.39269E-1 4.34376E-1 4.29979E-1 4.30948E-1 4.31412E-1 4.31647E-1 4.34273E-1 4.33586E-1 4.29131E-1 4.28219E-1 4.24816E-1 4.21008E-1 4.21791E-1 4.21513E-1 4.27518E-1 4.30224E-1 4.34624E-1 4.36605E-1 4.34861E-1 4.32886E-1 4.38758E-1 4.42011E-1 4.45487E-1 4.50693E-1 4.53482E-1 4.52522E-1 4.484E-1 4.47058E-1 4.47744E-1 4.51141E-1 4.5598E-1 4.56929E-1 4.63553E-1 4.63835E-1 4.67701E-1 4.69712E-1 4.69762E-1 4.76431E-1 4.84252E-1 4.85882E-1 4.89612E-1 4.93228E-1 4.98249E-1 4.98307E-1 5.0014E-1 5.1165E-1 5.11137E-1 5.11936E-1 5.08169E-1 5.11542E-1 5.18793E-1 5.20925E-1 5.24181E-1 5.21504E-1 5.18973E-1 5.12821E-1 5.25283E-1
4.33307E-1 4.32435E-1 4.28669E-1 4.25816E-1 4.25592E-1 4.28359E-1 4.32635E-1 4.32598E-1 4.31274E-1 4.36132E-1 4.50411E-1 4.53034E-1 4.41328E-1 4.31327E-1 4.24624E-1 4.25329E-1 4.25163E-1 4.28595E-1 4.29767E-1 4.33558E-1 4.36339E-1 4.35349E-1 4.33919E-1 4.34865E-1 4.39871E-1 4.39497E-1 4.44004E-1 4.4703E-1 4.51523E-1 4.50202E-1 4.47495E-1 4.45564E-1 4.45831E-1 4.46208E-1 4.47277E-1 4.56207E-1 4.59307E-1 4.62346E-1 4.66712E-1 4.66637E-1 4.68492E-1 4.72904E-1 4.85818E-1 4.91772E-1 4.90166E-1 4.92306E-1 5.0041E-1 5.0109E-1 4.9923E-1 5.04068E-1 5.0722E-1 5.00081E-1 4.98834E-1 5.02008E-1 5.09595E-1 5.19575E-1 5.18803E-1 5.19089E-1 5.15283E-1 5.13048E-1 5.13624E-1
4.40112E-1 4.34702E-1 4.33371E-1 4.29155E-1 4.28582E-1 4.29075E-1 4.32539E-1 4.33393E-1 4.37131E-1 4.45831E-1 4.45238E-1 4.48215E-1 4.45855E-1 4.40717E-1 4.40508E-1 4.39606E-1 4.35178E-1 4.37371E-1 4.36875E-1 4.37927E-1 4.38833E-1 4.37871E-1 4.3556E-1 4.37155E-1 4.37774E-1 4.43371E-1 4.44361E-1 4.50322E-1 4.50318E-1 4.50721E-1 4.51421E-1 4.48841E-1 4.49177E-1 4.52028E-1 4.51297E-1 4.55525E-1 4.61422E-1 4.69109E-1 4.67247E-1 4.66077E-1 4.7021E-1 4.76187E-1 4.84109E-1 4.88104E-1 4.94162E-1 4.91535E-1 4.8932E-1 4.98563E-1 5.004E-1 5.02824E-1 5.0657E-1 5.05446E-1 5.03937E-1 5.07359E-1 5.08044E-1 5.15261E-1 5.19504E-1 5.19263E-1 5.18052E-1 5.18379E-1 5.18466E-1
4.36632E-1 4.34914E-1 4.32936E-1 4.29779E-1 4.28534E-1 4.27925E-1 4.28633E-1 4.30274E-1 4.34365E-1 4.41464E-1 4.42197E-1 4.42736E-1 4.47363E-1 4.40977E-1 4.37203E-1 4.39731E-1 4.4546E-1 4.42312E-1 4.47999E-1 4.4215E-1 4.40029E-1 4.42498E-1 4.46608E-1 4.46662E-1 4.39729E-1 4.43945E-1 4.47701E-1 4.50159E-1 4.53139E-1 4.53669E-1 4.54473E-1 4.54143E-1 4.55155E-1 4.56967E-1 4.54105E-1 4.56716E-1 4.60275E-1 4.68487E-1 4.6964E-1 4.71267E-1 4.73997E-1 4.76266E-1 4.80623E-1 4.83963E-1 4.93053E-1 4.94368E-1 4.90957E-1 4.93735E-1 4.94735E-1 5.00347E-1 5.03811E-1 5.09639E-1 5.16406E-1 5.13481E-1 5.11721E-1 5.18132E-1 5.19371E-1 5.2033E-1 5.21347E-1 5.20166E-1 5.21914E-1
4.35168E-1 4.36208E-1 4.36947E-1 4.32366E-1 4.28646E-1 4.26543E-1 4.27556E-1 4.30502E-1 4.33083E-1 4.36854E-1 4.41765E-1 4.36833E-1 4.41197E-1 4.41062E-1 4.36964E-1 4.39683E-1 4.46248E-1 4.51E-1 4.52343E-1 4.46482E-1 4.47495E-1 4.48532E-1 4.52308E-1 4.49994E-1 4.48377E-1 4.49374E-1 4.54112E-1 4.58393E-1 4.55973E-1 4.55846E-1 4.54384E-1 4.5873E-1 4.63702E-1 4.59345E-1 4.56154E-1 4.55519E-1 4.62223E-1 4.67588E-1 4.72903E-1 4.73084E-1 4.75647E-1 4.78651E-1 4.82694E-1 4.89223E-1 4.94226E-1 4.94183E-1 4.98994E-1 4.97987E-1 4.9859E-1 5.04353E-1 5.06728E-1 5.12147E-1 5.17477E-1 5.25391E-1 5.22365E-1 5.25603E-1 5.29261E-1 5.25311E-1 5.24854E-1 5.24373E-1 5.23639E-1
4.28939E-1 4.2998E-1 4.30101E-1 4.29835E-1 4.26619E-1 4.24292E-1 4.23737E-1 4.28048E-1 4.331E-1 4.37693E-1 4.40458E-1 4.39342E-1 4.3819E-1 4.43574E-1 4.41613E-1 4.44132E-1 4.42518E-1 4.46481E-1 4.63253E-1 4.52832E-1 4.49996E-1 4.60862E-1 4.54564E-1 4.56408E-1 4.57691E-1 4.55686E-1 4.62687E-1 4.66491E-1 4.65071E-1 4.62444E-1 4.61246E-1 4.58063E-1 4.6072E-1 4.64503E-1 4.56163E-1 4.57728E-1 4.62154E-1 4.67834E-1 4.74293E-1 4.76762E-1 4.80734E-1 4.83278E-1 4.89799E-1 4.92432E-1 4.94861E-1 4.97962E-1 4.99537E-1 5.03062E-1 5.0438E-1 5.03383E-1 5.12155E-1 5.18519E-1 5.20899E-1 5.22653E-1 5.25218E-1 5.25727E-1 5.34791E-1 5.34232E-1 5.31889E-1 5.2829E-1 5.27721E-1
4.22136E-1 4.25358E-1 4.28358E-1 4.28042E-1 4.27673E-1 4.25884E-1 4.24207E-1 4.29119E-1 4.34177E-1 4.39705E-1 4.39885E-1 4.39819E-1 4.39619E-1 4.42091E-1 4.39677E-1 4.41736E-1 4.44221E-1 4.4503E-1 4.53087E-1 4.59965E-1 4.54987E-1 4.66002E-1 4.63794E-1 4.64925E-1 4.6715E-1 4.67604E-1 4.64831E-1 4.68554E-1 4.70183E-1 4.69973E-1 4.68451E-1 4.6182E-1 4.59319E-1 4.69066E-1 4.59935E-1 4.63924E-1 4.66942E-1 4.73905E-1 4.7831E-1 4.87029E-1 4.87276E-1 4.89541E-1 4.94874E-1 4.96326E-1 4.98009E-1 5.01176E-1 5.02667E-1 4.98941E-1 5.06946E-1 5.13649E-1 5.14649E-1 5.18185E-1 5.18257E-1 5.19046E-1 5.21484E-1 5.3179E-1 5.38158E-1 5.36745E-1 5.35891E-1 5.33057E-1 5.33771E-1
4.25575E-1 4.2561E-1 4.28474E-1 4.28813E-1 4.28861E-1 4.27449E-1 4.27267E-1 4.28984E-1 4.36608E-1 4.37567E-1 4.3776E-1 4.3889E-1 4.37807E-1 4.3935E-1 4.40028E-1 4.42365E-1 4.46237E-1 4.48788E-1 4.53963E-1 4.63924E-1 4.64917E-1 4.73343E-1 4.70521E-1 4.73871E-1 4.7443E-1 4.72126E-1 4.72119E-1 4.74715E-1 4.74579E-1 4.73263E-1 4.71319E-1 4.67482E-1 4.58438E-1 4.65425E-1 4.65803E-1 4.73965E-1 4.79326E-1 4.83394E-1 4.84397E-1 4.89426E-1 4.9046E-1 4.97874E-1 5.03776E-1 5.03971E-1 5.04114E-1 5.00524E-1 4.99688E-1 5.1006E-1 5.16716E-1 5.21252E-1 5.19843E-1 5.19262E-1 5.19227E-1 5.18074E-1 5.23057E-1 5.30812E-1 5.39841E-1 5.40881E-1 5.38707E-1 5.35931E-1 5.38892E-1
4.30851E-1 4.34494E-1 4.34323E-1 4.34997E-1 4.36216E-1 4.33079E-1 4.30348E-1 4.32069E-1 4.36627E-1 4.37429E-1 4.37698E-1 4.39787E-1 4.40027E-1 4.43586E-1 4.43694E-1 4.44932E-1 4.47943E-1 4.51006E-1 4.58418E-1 4.67741E-1 4.66403E-1 4.75051E-1 4.76889E-1 4.7473E-1 4.74226E-1 4.73886E-1 4.7846E-1 4.79174E-1 4.82526E-1 4.85071E-1 4.81595E-1 4.71735E-1 4.6798E-1 4.71129E-1 4.84489E-1 4.89512E-1 4.9347E-1 4.98292E-1 4.96527E-1 4.94278E-1 4.9952E-1 5.00488E-1 5.03045E-1 5.0577E-1 5.05567E-1 5.07184E-1 5.12817E-1 5.21104E-1 5.23803E-1 5.3203E-1 5.29263E-1 5.25685E-1 5.26422E-1 5.27024E-1 5.3207E-1 5.34091E-1 5.39567E-1 5.40109E-1 5.37296E-1 5.33623E-1 5.33229E-1
4.31739E-1 4.34621E-1 4.34535E-1 4.37153E-1 4.3948E-1 4.37724E-1 4.3483E-1 4.37179E-1 4.3686E-1 4.40364E-1 4.42804E-1 4.43642E-1 4.43019E-1 4.42524E-1 4.44869E-1 4.47646E-1 4.5152E-1 4.56343E-1 4.63173E-1 4.66875E-1 4.71116E-1 4.72661E-1 4.75802E-1 4.77265E-1 4.74621E-1 4.75519E-1 4.79792E-1 4.85875E-1 4.87409E-1 4.91399E-1 4.89225E-1 4.84714E-1 4.84321E-1 4.87423E-1 4.94152E-1 5.06661E-1 5.14642E-1 5.2398E-1 5.19619E-1 5.05343E-1 5.05634E-1 5.09839E-1 5.05453E-1 5.06746E-1 5.09535E-1 5.11089E-1 5.15909E-1 5.23285E-1 5.25207E-1 5.29686E-1 5.34883E-1 5.3314E-1 5.31673E-1 5.31212E-1 5.42933E-1 5.44069E-1 5.39308E-1 5.36105E-1 5.3704E-1 5.36306E-1 5.36535E-1
4.28959E-1 4.33421E-1 4.38525E-1 4.43841E-1 4.43483E-1 4.39523E-1 4.39186E-1 4.39427E-1 4.438E-1 4.45511E-1 4.49813E-1 4.4609E-1 4.46969E-1 4.48977E-1 4.51424E-1 4.57784E-1 4.57466E-1 4.63871E-1 4.67466E-1 4.64502E-1 4.75046E-1 4.83622E-1 4.78054E-1 4.77295E-1 4.75053E-1 4.78635E-1 4.81827E-1 4.85225E-1 4.8893E-1 4.90514E-1 4.90697E-1 4.87166E-1 4.89423E-1 4.93334E-1 4.99483E-1 5.06743E-1 5.31292E-1 5.68255E-1 5.78865E-1 5.32128E-1 5.1989E-1 5.14567E-1 5.08018E-1 5.075E-1 5.12132E-1 5.15784E-1 5.21383E-1 5.28239E-1 5.3158E-1 5.3513E-1 5.34749E-1 5.42779E-1 5.39044E-1 5.39142E-1 5.40222E-1 5.43533E-1 5.45015E-1 5.43454E-1 5.42193E-1 5.38112E-1 5.38355E-1
4.26969E-1 4.29885E-1 4.38627E-1 4.44434E-1 4.39308E-1 4.36132E-1 4.38019E-1 4.43067E-1 4.43291E-1 4.45837E-1 4.49091E-1 4.48955E-1 4.48723E-1 4.51923E-1 4.55378E-1 4.56042E-1 4.53672E-1 4.5337E-1 4.62654E-1 4.68106E-1 4.73569E-1 4.85384E-1 4.80516E-1 4.74941E-1 4.76078E-1 4.80967E-1 4.86229E-1 4.90872E-1 4.93955E-1 4.97161E-1 4.95823E-1 4.96992E-1 4.97062E-1 4.99869E-1 5.02433E-1 5.12599E-1 5.32999E-1 5.79321E-1 6.02918E-1 5.60684E-1 5.33061E-1 5.15939E-1 5.10583E-1 5.08685E-1 5.14028E-1 5.19745E-1 5.22424E-1 5.29203E-1 5.34394E-1 5.35654E-1 5.3827E-1 5.38984E-1 5.41826E-1 5.45652E-1 5.46627E-1 5.48308E-1 5.5051E-1 5.50725E-1 5.46651E-1 5.45183E-1 5.50236E-1
4.22283E-1 4.25996E-1 4.29798E-1 4.328E-1 4.39052E-1 4.35754E-1 4.37585E-1 4.41727E-1 4.49566E-1 4.51639E-1 4.48899E-1 4.49081E-1 4.48422E-1 4.49227E-1 4.50285E-1 4.54936E-1 4.55978E-1 4.54149E-1 4.57836E-1 4.69897E-1 4.75289E-1 4.79209E-1 4.81161E-1 4.77212E-1 4.79226E-1 4.82503E-1 4.90431E-1 4.96456E-1 5.02148E-1 5.00244E-1 5.00782E-1 5.06059E-1 5.04207E-1 5.0544E-1 5.0508E-1 5.1128E-1 5.24235E-1 5.49338E-1 5.62933E-1 5.47312E-1 5.26585E-1 5.1742E-1 5.09171E-1 5.10765E-1 5.16098E-1 5.23921E-1 5.32104E-1 5.33237E-1 5.34198E-1 5.37799E-1 5.44886E-1 5.48771E-1 5.49115E-1 5.5284E-1 5.53925E-1 5.53883E-1 5.58585E-1 5.51542E-1 5.49896E-1 5.49929E-1 5.60277E-1
4.20394E-1 4.26904E-1 4.30162E-1 4.33297E-1 4.32948E-1 4.32346E-1 4.41235E-1 4.4881E-1 4.48142E-1 4.50183E-1 4.51182E-1 4.52482E-1 4.49201E-1 4.48897E-1 4.49592E-1 4.56651E-1 4.58184E-1 4.60039E-1 4.6117E-1 4.69465E-1 4.73593E-1 4.78673E-1 4.8961E-1 4.81114E-1 4.80884E-1 4.87242E-1 4.94039E-1 5.01603E-1 5.02461E-1 5.00207E-1 5.01071E-1 5.02574E-1 5.0953E-1 5.10527E-1 5.11941E-1 5.12692E-1 5.15583E-1 5.27973E-1 5.34749E-1 5.31816E-1 5.239E-1 5.19388E-1 5.19091E-1 5.1959E-1 5.20846E-1 5.29163E-1 5.35846E-1 5.39438E-1 5.42445E-1 5.41865E-1 5.50298E-1 5.55605E-1 5.59859E-1 5.60829E-1 5.55563E-1 5.58517E-1 5.63328E-1 5.59901E-1 5.6007E-1 5.62603E-1 5.71294E-1
4.26649E-1 4.30939E-1 4.31334E-1 4.30295E-1 4.32352E-1 4.35174E-1 4.41283E-1 4.41405E-1 4.44968E-1 4.48499E-1 4.50031E-1 4.53284E-1 4.50262E-1 4.487E-1 4.49972E-1 4.56231E-1 4.64188E-1 4.7513E-1 4.71186E-1 4.69015E-1 4.75709E-1 4.83944E-1 4.87597E-1 4.86101E-1 4.85107E-1 4.8993E-1 4.96226E-1 5.02497E-1 5.04102E-1 5.03624E-1 5.03169E-1 5.04492E-1 5.092E-1 5.15986E-1 5.19199E-1 5.21636E-1 5.21082E-1 5.23786E-1 5.26334E-1 5.20346E-1 5.18073E-1 5.20814E-1 5.20957E-1 5.23072E-1 5.26916E-1 5.32319E-1 5.34649E-1 5.36175E-1 5.4492E-1 5.45239E-1 5.56162E-1 5.57411E-1 5.58406E-1 5.54331E-1 5.49597E-1 5.54971E-1 5.64744E-1 5.69762E-1 5.70603E-1 5.74094E-1 5.73438E-1
4.27212E-1 4.27853E-1 4.2977E-1 4.30338E-1 4.29688E-1 4.31012E-1 4.35009E-1 4.39455E-1 4.42672E-1 4.44557E-1 4.47791E-1 4.50604E-1 4.48924E-1 4.49527E-1 4.51108E-1 4.55568E-1 4.63478E-1 4.71796E-1 4.76944E-1 4.73884E-1 4.75902E-1 4.81707E-1 4.87251E-1 4.89354E-1 4.89496E-1 4.92499E-1 4.98763E-1 5.02792E-1 5.06376E-1 5.07062E-1 5.09546E-1 5.11527E-1 5.14393E-1 5.19386E-1 5.2256E-1 5.30132E-1 5.35852E-1 5.38142E-1 5.3428E-1 5.30842E-1 5.33033E-1 5.28604E-1 5.27726E-1 5.24139E-1 5.26141E-1 5.32914E-1 5.39509E-1 5.42415E-1 5.48512E-1 5.50753E-1 5.58581E-1 5.62004E-1 5.56915E-1 5.53629E-1 5.5586E-1 5.65564E-1 5.73206E-1 5.78027E-1 5.73985E-1 5.76492E-1 5.73518E-1
