maxent_outputs/white_flowers_linear/white_227.asc
ncols         426
nrows         180
xllcorner     -130.0
yllcorner     24.0
cellsize      0.16666666666666666
NODATA_value  -9999
[rows 27 to 53 of 180, columns 122 to 182 of 426]
3.44349E-1 3.45579E-1 3.43637E-1 3.5212E-1 3.72521E-1 3.66675E-1 3.51991E-1 3.54716E-1 3.47711E-1 3.35813E-1 3.26722E-1 3.184E-1 3.23352E-1 3.49286E-1 3.55476E-1 3.47813E-1 3.44525E-1 3.33282E-1 3.38378E-1 3.4489E-1 3.49316E-1 3.51012E-1 3.4804E-1 3.51157E-1 3.34822E-1 3.57407E-1 3.12536E-1 3.13742E-1 3.46143E-1 3.73732E-1 3.7684E-1 3.81833E-1 3.79991E-1 3.61137E-1 3.51282E-1 3.43993E-1 3.40378E-1 3.43E-1 3.42354E-1 3.39921E-1 3.35032E-1 3.34251E-1 3.3234E-1 3.33269E-1 3.32323E-1 3.31645E-1 3.34254E-1 3.38555E-1 3.42095E-1 3.44227E-1 3.42676E-1 3.37469E-1 3.33075E-1 3.38115E-1 3.50601E-1 3.54045E-1 3.49252E-1 3.46891E-1 3.45402E-1 3.41827E-1 3.42794E-1
3.13485E-1 3.23243E-1 3.3127E-1 3.38881E-1 3.55499E-1 3.51028E-1 3.40896E-1 3.35268E-1 3.3399E-1 3.3143E-1 3.1967E-1 3.16393E-1 3.11343E-1 3.16133E-1 3.24346E-1 3.377E-1 3.36722E-1 3.38405E-1 3.39619E-1 3.45894E-1 3.54564E-1 3.47347E-1 3.4153E-1 3.56701E-1 3.66144E-1 3.17791E-1 2.89558E-1 2.81441E-1 3.1547E-1 3.23158E-1 3.5512E-1 3.61555E-1 3.6107E-1 3.57603E-1 3.50801E-1 3.41467E-1 3.39412E-1 3.37136E-1 3.39551E-1 3.35993E-1 3.37318E-1 3.34911E-1 3.35365E-1 3.32297E-1 3.3261E-1 3.32811E-1 3.34073E-1 3.34911E-1 3.36685E-1 3.42568E-1 3.3195E-1 3.26806E-1 3.26174E-1 3.326E-1 3.38743E-1 3.45901E-1 3.50449E-1 3.46568E-1 3.41498E-1 3.43701E-1 3.45748E-1
3.06117E-1 3.13492E-1 3.14417E-1 3.29531E-1 3.5419E-1 3.52353E-1 3.47406E-1 3.36738E-1 3.3203E-1 3.21992E-1 3.21284E-1 3.20821E-1 3.10003E-1 3.05985E-1 3.14106E-1 3.08427E-1 3.02661E-1 3.01041E-1 3.08724E-1 3.20167E-1 3.35865E-1 3.3786E-1 3.25721E-1 2.94765E-1 3.3107E-1 3.50193E-1 3.77489E-1 3.17157E-1 2.76844E-1 3.07643E-1 3.06096E-1 3.15788E-1 3.31697E-1 3.38462E-1 3.3755E-1 3.38615E-1 3.40171E-1 3.33538E-1 3.33978E-1 3.36626E-1 3.35051E-1 3.31637E-1 3.32452E-1 3.31049E-1 3.30691E-1 3.34047E-1 3.31632E-1 3.28282E-1 3.18746E-1 3.27697E-1 3.22121E-1 3.20107E-1 3.1909E-1 3.23498E-1 3.31737E-1 3.48654E-1 3.56964E-1 3.64064E-1 3.57139E-1 3.49274E-1 3.42572E-1
3.21153E-1 3.1246E-1 3.11436E-1 3.24302E-1 3.48775E-1 3.58706E-1 3.55847E-1 3.46752E-1 3.42083E-1 3.34544E-1 3.25382E-1 3.20874E-1 3.11037E-1 3.20553E-1 3.19526E-1 3.09115E-1 3.00445E-1 3.0226E-1 3.13603E-1 3.34288E-1 3.29017E-1 3.21892E-1 3.02646E-1 3.03924E-1 2.8886E-1 3.18219E-1 3.39281E-1 2.76908E-1 2.54486E-1 3.46203E-1 3.45595E-1 3.34551E-1 3.27631E-1 3.31252E-1 3.26449E-1 3.28819E-1 3.30309E-1 3.33357E-1 3.30746E-1 3.39366E-1 3.40911E-1 3.35776E-1 3.36475E-1 3.33827E-1 3.29763E-1 3.32447E-1 3.28784E-1 3.28333E-1 3.21456E-1 3.21989E-1 3.21599E-1 3.16182E-1 3.16864E-1 3.16895E-1 3.18363E-1 3.38453E-1 3.46574E-1 3.4749E-1 3.4861E-1 3.48686E-1 3.39873E-1
3.46389E-1 3.3888E-1 3.33197E-1 3.35482E-1 3.47926E-1 3.5721E-1 3.58172E-1 3.52251E-1 3.48526E-1 3.42916E-1 3.35875E-1 3.26279E-1 3.10422E-1 3.11329E-1 3.14885E-1 3.08996E-1 3.05707E-1 3.10916E-1 3.1476E-1 3.19022E-1 3.26831E-1 3.16407E-1 3.02437E-1 2.95497E-1 2.60395E-1 2.58195E-1 3.12382E-1 3.09003E-1 2.55202E-1 2.7779E-1 3.0108E-1 3.18775E-1 3.32434E-1 3.33347E-1 3.27816E-1 3.27885E-1 3.23061E-1 3.2478E-1 3.3243E-1 3.35278E-1 3.34192E-1 3.34528E-1 3.33998E-1 3.36648E-1 3.30513E-1 3.33768E-1 3.31803E-1 3.25076E-1 3.25067E-1 3.22035E-1 3.23788E-1 3.16951E-1 3.17586E-1 3.16401E-1 3.15404E-1 3.1512E-1 3.17406E-1 3.18177E-1 3.16897E-1 3.23817E-1 3.26326E-1
3.61007E-1 3.59438E-1 3.5774E-1 3.50301E-1 3.44554E-1 3.4334E-1 3.40243E-1 3.41226E-1 3.36028E-1 3.31803E-1 3.29398E-1 3.2369E-1 3.09483E-1 3.0623E-1 3.06207E-1 3.13719E-1 3.14568E-1 3.23008E-1 3.16981E-1 3.12391E-1 3.1444E-1 3.12892E-1 3.07569E-1 3.00337E-1 2.73618E-1 3.13025E-1 3.10557E-1 3.16703E-1 2.91911E-1 2.79089E-1 3.02278E-1 3.19715E-1 3.29798E-1 3.33436E-1 3.34922E-1 3.34464E-1 3.278E-1 3.21388E-1 3.24619E-1 3.30636E-1 3.25194E-1 3.23392E-1 3.21561E-1 3.28421E-1 3.31602E-1 3.34282E-1 3.31913E-1 3.28739E-1 3.28306E-1 3.30636E-1 3.27916E-1 3.18905E-1 3.14103E-1 3.18585E-1 3.19962E-1 3.17472E-1 3.15145E-1 3.14454E-1 3.1608E-1 3.26032E-1 3.25282E-1
4.05107E-1 4.02764E-1 3.94421E-1 3.87465E-1 3.67751E-1 3.51834E-1 3.35375E-1 3.32852E-1 3.26902E-1 3.24637E-1 3.26294E-1 3.1853E-1 3.1642E-1 3.29614E-1 3.22529E-1 3.21696E-1 3.15444E-1 3.14847E-1 3.17557E-1 3.20369E-1 3.2039E-1 3.21973E-1 3.12969E-1 2.95132E-1 2.62612E-1 2.66612E-1 3.18522E-1 2.83859E-1 2.60815E-1 2.95095E-1 3.11638E-1 3.17402E-1 3.24619E-1 3.32622E-1 3.37429E-1 3.38616E-1 3.30554E-1 3.23414E-1 3.22418E-1 3.20717E-1 3.22994E-1 3.1895E-1 3.24049E-1 3.23804E-1 3.22726E-1 3.26003E-1 3.32377E-1 3.26171E-1 3.19401E-1 3.2684E-1 3.28524E-1 3.24669E-1 3.14948E-1 3.10582E-1 3.16203E-1 3.22682E-1 3.28762E-1 3.17015E-1 3.13491E-1 3.19483E-1 3.27205E-1
4.34178E-1 4.34131E-1 4.25928E-1 4.28458E-1 3.97651E-1 3.81014E-1 3.61365E-1 3.46712E-1 3.37643E-1 3.31887E-1 3.24924E-1 3.31676E-1 3.35934E-1 3.39071E-1 3.37399E-1 3.36685E-1 3.2514E-1 3.1411E-1 3.17213E-1 3.18348E-1 3.17327E-1 3.19041E-1 3.1539E-1 3.09005E-1 3.09761E-1 3.16844E-1 3.22567E-1 3.22572E-1 3.06577E-1 3.12681E-1 3.1845E-1 3.16158E-1 3.2575E-1 3.30112E-1 3.34895E-1 3.34517E-1 3.24471E-1 3.22348E-1 3.22611E-1 3.16451E-1 3.12676E-1 3.13602E-1 3.23594E-1 3.23258E-1 3.21995E-1 3.18564E-1 3.20534E-1 3.26625E-1 3.257E-1 3.25925E-1 3.35214E-1 3.30473E-1 3.19171E-1 3.17471E-1 3.17356E-1 3.19971E-1 3.20816E-1 3.20021E-1 3.16711E-1 3.24676E-1 3.30738E-1
4.13895E-1 4.18503E-1 4.00486E-1 3.87859E-1 3.78443E-1 3.84158E-1 4.00918E-1 3.87048E-1 3.58999E-1 3.47984E-1 3.30267E-1 3.27918E-1 3.26404E-1 3.32078E-1 3.41965E-1 3.37998E-1 3.30031E-1 3.21617E-1 3.19429E-1 3.20387E-1 3.14756E-1 3.12496E-1 3.10828E-1 3.08876E-1 3.17207E-1 3.18466E-1 3.19806E-1 3.13189E-1 3.21308E-1 3.21351E-1 3.18725E-1 3.2469E-1 3.27481E-1 3.23314E-1 3.27053E-1 3.3425E-1 3.29546E-1 3.33623E-1 3.33805E-1 3.28626E-1 3.36172E-1 3.28478E-1 3.28247E-1 3.19184E-1 3.16876E-1 3.13396E-1 3.2048E-1 3.15138E-1 3.22512E-1 3.31259E-1 3.32518E-1 3.28622E-1 3.25429E-1 3.22163E-1 3.23398E-1 3.24087E-1 3.27138E-1 3.25752E-1 3.23236E-1 3.19063E-1 3.2057E-1
3.63361E-1 3.69489E-1 3.84788E-1 3.83643E-1 3.78797E-1 3.90727E-1 4.29411E-1 4.10409E-1 3.78349E-1 3.59989E-1 3.45318E-1 3.35119E-1 3.41682E-1 3.46681E-1 3.56726E-1 3.52498E-1 3.41164E-1 3.42119E-1 3.59883E-1 3.61146E-1 3.36496E-1 3.2619E-1 3.10557E-1 3.06847E-1 3.06052E-1 3.19685E-1 3.08444E-1 3.21846E-1 3.33847E-1 3.38264E-1 3.33009E-1 3.29143E-1 3.28798E-1 3.23001E-1 3.29812E-1 3.20894E-1 3.1979E-1 3.20816E-1 3.11807E-1 3.13628E-1 3.18197E-1 3.27892E-1 3.33252E-1 3.4012E-1 3.31168E-1 3.17034E-1 3.21068E-1 3.22196E-1 3.2097E-1 3.2283E-1 3.3455E-1 3.31506E-1 3.28922E-1 3.24061E-1 3.22458E-1 3.22136E-1 3.17019E-1 3.22543E-1 3.15928E-1 3.14185E-1 3.17779E-1
3.61887E-1 3.75752E-1 3.81756E-1 3.76955E-1 3.74501E-1 3.70504E-1 3.67557E-1 3.70227E-1 3.64123E-1 3.50008E-1 3.51973E-1 3.42491E-1 3.53297E-1 3.67829E-1 3.63546E-1 3.62518E-1 3.66751E-1 3.64811E-1 3.57745E-1 3.44361E-1 3.31532E-1 3.24055E-1 3.16866E-1 3.12722E-1 3.23466E-1 3.27002E-1 3.13675E-1 3.26136E-1 3.36793E-1 3.43927E-1 3.39876E-1 3.33272E-1 3.20332E-1 3.29266E-1 3.00071E-1 3.13054E-1 3.19574E-1 3.19281E-1 3.17116E-1 3.16368E-1 3.19818E-1 3.24152E-1 3.37264E-1 3.40952E-1 3.4972E-1 3.14001E-1 3.15415E-1 3.18239E-1 3.17592E-1 3.19396E-1 3.2296E-1 3.18042E-1 3.11389E-1 3.19416E-1 3.25074E-1 3.20423E-1 3.15975E-1 3.08101E-1 3.08014E-1 3.11698E-1 3.16394E-1
3.81261E-1 3.77076E-1 3.60822E-1 3.71029E-1 3.70316E-1 3.66764E-1 3.60529E-1 3.60145E-1 3.56201E-1 3.54589E-1 3.50835E-1 3.62747E-1 3.76473E-1 3.76377E-1 3.67022E-1 3.66456E-1 3.63001E-1 3.52967E-1 3.4065E-1 3.35236E-1 3.27774E-1 3.18701E-1 3.19028E-1 3.2061E-1 3.24645E-1 3.18417E-1 3.11915E-1 3.47867E-1 3.46776E-1 3.50936E-1 3.4312E-1 3.32804E-1 3.22882E-1 2.91275E-1 2.8547E-1 3.03847E-1 3.17544E-1 3.28287E-1 3.25909E-1 3.29065E-1 3.35923E-1 3.32009E-1 3.29189E-1 3.37005E-1 3.50472E-1 3.41689E-1 3.26221E-1 3.24955E-1 3.37205E-1 3.42766E-1 3.3712E-1 3.2499E-1 3.11405E-1 3.09776E-1 3.17011E-1 3.17279E-1 3.14911E-1 3.11809E-1 3.10874E-1 3.09863E-1 3.11646E-1
3.96274E-1 4.00701E-1 3.99063E-1 3.94125E-1 3.81478E-1 3.71372E-1 3.53504E-1 3.53107E-1 3.55934E-1 3.60177E-1 3.56231E-1 3.57684E-1 3.56273E-1 3.55772E-1 3.4072E-1 3.40304E-1 3.39436E-1 3.31061E-1 3.27479E-1 3.28086E-1 3.26665E-1 3.21217E-1 3.16059E-1 3.18163E-1 3.16781E-1 3.24763E-1 3.403E-1 3.42627E-1 3.54741E-1 3.56493E-1 3.15685E-1 3.23072E-1 3.15741E-1 3.02361E-1 3.10553E-1 3.27947E-1 3.30647E-1 3.26705E-1 3.19437E-1 3.20134E-1 3.27796E-1 3.26639E-1 3.22605E-1 3.2493E-1 3.26269E-1 3.24542E-1 3.31428E-1 3.31431E-1 3.19438E-1 3.19314E-1 3.15416E-1 3.15496E-1 3.13785E-1 3.179E-1 3.15186E-1 3.1305E-1 3.15384E-1 3.15262E-1 3.15342E-1 3.11319E-1 3.11147E-1
4.07327E-1 4.16264E-1 4.31352E-1 4.2938E-1 3.99021E-1 3.79244E-1 3.6112E-1 3.57535E-1 3.60969E-1 3.63293E-1 3.59707E-1 3.54876E-1 3.53861E-1 3.57574E-1 3.46502E-1 3.38914E-1 3.39638E-1 3.35432E-1 3.37455E-1 3.35234E-1 3.23432E-1 3.20693E-1 3.21453E-1 3.20161E-1 3.26005E-1 3.37345E-1 3.41009E-1 3.4772E-1 3.02373E-1 2.13124E-1 2.82986E-1 3.11634E-1 2.90246E-1 3.28297E-1 3.31467E-1 3.30854E-1 3.31355E-1 3.29537E-1 3.2342E-1 3.24852E-1 3.2741E-1 3.26405E-1 3.26271E-1 3.26799E-1 3.28481E-1 3.29948E-1 3.26112E-1 3.27007E-1 3.27836E-1 3.3051E-1 3.34051E-1 3.28434E-1 3.26112E-1 3.25002E-1 3.19455E-1 3.21145E-1 3.12206E-1 3.07815E-1 3.10143E-1 3.07308E-1 3.0783E-1
3.97628E-1 4.01308E-1 4.33058E-1 4.08765E-1 3.91941E-1 3.81107E-1 3.75811E-1 3.54018E-1 3.49502E-1 3.51535E-1 3.57424E-1 3.50649E-1 3.43148E-1 3.5768E-1 3.60425E-1 3.53388E-1 3.58202E-1 3.41419E-1 3.28187E-1 3.2651E-1 3.23106E-1 3.23837E-1 3.23758E-1 3.31587E-1 3.32552E-1 3.39168E-1 3.34008E-1 3.35009E-1 2.58384E-1 2.51514E-1 2.14333E-1 3.1355E-1 3.33466E-1 3.45029E-1 3.38371E-1 3.32577E-1 3.27598E-1 3.19892E-1 3.18521E-1 3.22019E-1 3.30229E-1 3.34851E-1 3.344E-1 3.26782E-1 3.19812E-1 3.24921E-1 3.29002E-1 3.29561E-1 3.29561E-1 3.30836E-1 3.3785E-1 3.356E-1 3.32736E-1 3.24184E-1 3.20758E-1 3.18209E-1 3.14063E-1 3.16715E-1 3.08594E-1 3.11032E-1 3.02568E-1
4.2645E-1 4.41036E-1 4.36102E-1 4.34394E-1 4.22307E-1 4.00026E-1 3.83943E-1 3.6221E-1 3.63084E-1 3.63213E-1 3.49923E-1 3.3415E-1 3.3465E-1 3.42401E-1 3.44099E-1 3.48578E-1 3.3947E-1 3.31621E-1 3.30883E-1 3.33107E-1 3.30593E-1 3.28228E-1 3.29169E-1 3.35747E-1 2.95056E-1 2.65791E-1 2.56618E-1 2.88473E-1 2.67597E-1 2.30955E-1 1.97142E-1 2.49605E-1 3.54222E-1 3.4013E-1 3.38407E-1 3.27586E-1 3.20356E-1 3.14803E-1 3.2445E-1 3.2559E-1 3.26984E-1 3.27926E-1 3.36272E-1 3.40127E-1 3.42249E-1 3.43278E-1 3.34123E-1 3.28486E-1 3.26918E-1 3.32465E-1 3.35671E-1 3.3499E-1 3.38262E-1 3.26856E-1 3.18698E-1 3.15834E-1 3.14132E-1 3.138E-1 3.13227E-1 3.14811E-1 3.04191E-1
4.5047E-1 4.79831E-1 4.77388E-1 4.45841E-1 4.11828E-1 3.81852E-1 3.84728E-1 3.79039E-1 3.8319E-1 3.69703E-1 3.64284E-1 3.52418E-1 3.58471E-1 3.41659E-1 3.27608E-1 3.30435E-1 3.2639E-1 3.18845E-1 3.26295E-1 3.29964E-1 3.28924E-1 3.25583E-1 3.30085E-1 3.16548E-1 2.98524E-1 2.72142E-1 2.58615E-1 2.37545E-1 2.24987E-1 2.41792E-1 2.47013E-1 2.51789E-1 3.50981E-1 3.45945E-1 3.36257E-1 3.20667E-1 3.19962E-1 3.23896E-1 3.30326E-1 3.30201E-1 3.37865E-1 3.3549E-1 3.38936E-1 3.42077E-1 3.36505E-1 3.3205E-1 3.3317E-1 3.32405E-1 3.35053E-1 3.30731E-1 3.36841E-1 3.38431E-1 3.37933E-1 3.39607E-1 3.22812E-1 3.14732E-1 3.10462E-1 3.1839E-1 3.17042E-1 3.18612E-1 3.12694E-1
4.07755E-1 4.13043E-1 4.13236E-1 3.98973E-1 3.8713E-1 3.67544E-1 3.7353E-1 3.79688E-1 3.8408E-1 3.77004E-1 3.77227E-1 3.78389E-1 3.68032E-1 3.42785E-1 3.24781E-1 3.22986E-1 3.25008E-1 3.2065E-1 3.28685E-1 3.35034E-1 3.25657E-1 3.23441E-1 3.25051E-1 3.10395E-1 3.11602E-1 2.95379E-1 2.69649E-1 2.72276E-1 2.33937E-1 2.78935E-1 3.00275E-1 2.79515E-1 3.2405E-1 3.33789E-1 3.09393E-1 2.98673E-1 3.11972E-1 3.11774E-1 3.22962E-1 3.31539E-1 3.28375E-1 3.31545E-1 3.32916E-1 3.38851E-1 3.4291E-1 3.44119E-1 3.3722E-1 3.2191E-1 3.18057E-1 3.25847E-1 3.2964E-1 3.36717E-1 3.33782E-1 3.39104E-1 3.3474E-1 3.11334E-1 3.07646E-1 3.12829E-1 3.17319E-1 3.19723E-1 3.18954E-1
3.99687E-1 3.91125E-1 3.83952E-1 3.84722E-1 3.78606E-1 3.72263E-1 3.78087E-1 3.94753E-1 4.06285E-1 4.03906E-1 3.91786E-1 3.6758E-1 3.63218E-1 3.43222E-1 3.28568E-1 3.30255E-1 3.32169E-1 3.30967E-1 3.30831E-1 3.31228E-1 3.36588E-1 3.31684E-1 3.3327E-1 3.34509E-1 3.49784E-1 3.2992E-1 2.92817E-1 3.36445E-1 3.29212E-1 2.82844E-1 2.98934E-1 3.22645E-1 3.1003E-1 3.0613E-1 2.98797E-1 3.02798E-1 3.14432E-1 3.15896E-1 3.38365E-1 3.31969E-1 3.3643E-1 3.34404E-1 3.33057E-1 3.34097E-1 3.38922E-1 3.36965E-1 3.38365E-1 3.31893E-1 3.2256E-1 3.34538E-1 3.3687E-1 3.20706E-1 3.18934E-1 3.13237E-1 3.25346E-1 3.09061E-1 3.0702E-1 3.0929E-1 3.11339E-1 3.20103E-1 3.16867E-1
3.96897E-1 3.92425E-1 3.86974E-1 3.83187E-1 3.71162E-1 3.84636E-1 3.97901E-1 4.02114E-1 4.07635E-1 3.9161E-1 3.84984E-1 3.60354E-1 3.67147E-1 3.64534E-1 3.8132E-1 3.63953E-1 3.58632E-1 3.53294E-1 3.46221E-1 3.42761E-1 3.49665E-1 3.53395E-1 3.49119E-1 3.30448E-1 3.19174E-1 3.20635E-1 2.9621E-1 3.09024E-1 3.39875E-1 3.13672E-1 3.41594E-1 3.25519E-1 3.1543E-1 3.10209E-1 2.96106E-1 2.9601E-1 3.25905E-1 3.34972E-1 3.33962E-1 3.33028E-1 3.38875E-1 3.40057E-1 3.3969E-1 3.42635E-1 3.42566E-1 3.39292E-1 3.32216E-1 3.28089E-1 3.13754E-1 3.05811E-1 3.19892E-1 3.1454E-1 3.16797E-1 3.12242E-1 3.2473E-1 3.1406E-1 3.04789E-1 3.0169E-1 3.06195E-1 3.13085E-1 3.15569E-1
4.14791E-1 4.06985E-1 4.01421E-1 3.93925E-1 3.82464E-1 3.70573E-1 3.8371E-1 3.64056E-1 3.72659E-1 3.68424E-1 3.67217E-1 3.6964E-1 3.64947E-1 3.53356E-1 3.70599E-1 3.48524E-1 3.71017E-1 3.62748E-1 3.67954E-1 3.49164E-1 3.5452E-1 3.55796E-1 3.406E-1 3.4961E-1 3.41421E-1 3.36896E-1 3.2629E-1 3.04942E-1 3.2919E-1 3.36689E-1 3.40022E-1 2.91946E-1 3.04512E-1 3.20834E-1 3.07331E-1 3.03455E-1 3.08509E-1 3.13104E-1 3.2395E-1 3.32797E-1 3.31535E-1 3.41249E-1 3.47764E-1 3.44912E-1 3.33237E-1 3.3506E-1 3.21576E-1 3.21923E-1 3.12732E-1 3.05781E-1 3.11225E-1 3.21172E-1 3.27266E-1 3.23883E-1 3.39388E-1 3.11688E-1 3.19277E-1 3.06562E-1 3.01206E-1 3.08425E-1 3.13593E-1
4.32817E-1 4.2535E-1 3.98976E-1 3.81288E-1 3.82565E-1 3.85557E-1 3.89132E-1 3.77455E-1 3.81572E-1 3.8081E-1 3.82008E-1 4.01251E-1 3.67568E-1 3.72515E-1 3.54981E-1 3.47097E-1 3.87158E-1 3.78276E-1 3.73045E-1 3.52841E-1 3.63611E-1 3.57332E-1 3.50852E-1 3.58652E-1 3.60572E-1 3.54984E-1 3.61672E-1 3.42601E-1 3.25835E-1 3.56942E-1 3.22707E-1 3.33014E-1 3.21932E-1 3.09115E-1 3.03291E-1 3.14249E-1 3.21514E-1 3.27083E-1 3.25097E-1 3.2264E-1 3.27706E-1 3.25442E-1 3.28187E-1 3.36546E-1 3.34468E-1 3.38116E-1 3.3692E-1 3.28374E-1 3.13908E-1 3.16404E-1 3.20671E-1 3.18082E-1 3.14436E-1 3.14694E-1 3.32227E-1 3.36726E-1 3.14721E-1 3.07256E-1 3.04988E-1 3.08869E-1 3.07564E-1
4.14873E-1 3.99678E-1 4.01213E-1 3.92842E-1 3.93713E-1 3.97383E-1 3.95946E-1 3.83071E-1 3.8283E-1 3.96334E-1 3.66461E-1 3.67922E-1 3.51996E-1 3.61102E-1 3.59214E-1 3.6248E-1 3.95473E-1 3.7446E-1 3.77433E-1 3.68092E-1 3.70703E-1 3.82999E-1 3.97223E-1 3.66363E-1 3.72025E-1 3.54234E-1 3.64606E-1 3.44421E-1 3.49634E-1 3.59726E-1 3.36018E-1 3.2719E-1 3.51794E-1 3.3285E-1 3.22821E-1 3.20945E-1 3.39215E-1 3.35849E-1 3.3218E-1 3.38654E-1 3.26307E-1 3.27583E-1 3.35631E-1 3.37567E-1 3.36393E-1 3.24972E-1 3.16387E-1 3.14052E-1 3.08743E-1 3.10162E-1 3.18595E-1 3.23254E-1 3.22119E-1 3.23687E-1 3.21199E-1 3.30994E-1 3.28236E-1 3.16628E-1 3.09927E-1 3.15165E-1 3.16646E-1
4.20628E-1 3.99222E-1 3.94544E-1 3.99738E-1 4.00711E-1 3.98638E-1 4.03437E-1 3.77768E-1 3.95893E-1 3.95462E-1 3.89486E-1 3.72652E-1 3.62843E-1 3.5927E-1 3.68872E-1 3.67709E-1 3.61917E-1 3.72457E-1 4.02199E-1 3.99394E-1 3.52755E-1 3.6057E-1 3.8557E-1 3.6756E-1 3.57366E-1 3.5771E-1 3.63164E-1 3.64055E-1 3.51971E-1 3.59444E-1 3.54672E-1 3.58113E-1 3.46936E-1 3.50954E-1 3.47008E-1 3.45092E-1 3.34734E-1 3.23557E-1 3.36449E-1 3.51139E-1 3.39101E-1 3.35743E-1 3.38584E-1 3.42245E-1 3.3921E-1 3.33981E-1 3.21595E-1 3.1692E-1 3.15397E-1 3.19738E-1 3.23786E-1 3.24763E-1 3.28502E-1 3.3054E-1 3.32164E-1 3.41845E-1 3.22346E-1 3.19293E-1 3.19932E-1 3.25397E-1 3.21062E-1
4.44098E-1 4.15257E-1 3.99915E-1 3.97336E-1 3.98859E-1 3.98643E-1 4.06006E-1 4.12673E-1 4.28676E-1 4.36973E-1 4.19378E-1 3.76092E-1 3.82438E-1 3.66084E-1 3.84884E-1 4.16278E-1 3.9991E-1 3.86297E-1 3.84701E-1 3.77242E-1 3.78088E-1 3.63828E-1 3.73317E-1 3.68972E-1 3.69194E-1 3.58131E-1 3.57903E-1 3.66328E-1 3.71383E-1 3.77206E-1 3.56169E-1 3.75887E-1 3.62271E-1 3.43418E-1 3.56878E-1 3.62273E-1 3.63042E-1 3.40495E-1 3.46611E-1 3.60518E-1 3.52343E-1 3.33645E-1 3.31923E-1 3.32048E-1 3.31244E-1 3.29488E-1 3.28595E-1 3.25582E-1 3.26448E-1 3.26226E-1 3.29009E-1 3.29512E-1 3.28248E-1 3.26518E-1 3.25518E-1 3.36127E-1 3.35951E-1 3.20586E-1 3.22697E-1 3.19795E-1 3.24815E-1
5.41704E-1 4.87881E-1 4.39765E-1 3.85494E-1 3.80485E-1 4.168E-1 4.68409E-1 4.79503E-1 4.26706E-1 4.37097E-1 4.59677E-1 4.11431E-1 3.92093E-1 3.74714E-1 3.90735E-1 4.26832E-1 3.86054E-1 3.70379E-1 3.64802E-1 3.68447E-1 3.67985E-1 3.6453E-1 3.67079E-1 3.63615E-1 3.6336E-1 3.62476E-1 3.61907E-1 3.68571E-1 3.71792E-1 3.67085E-1 3.67401E-1 3.602E-1 3.61098E-1 3.54661E-1 3.62396E-1 3.63368E-1 3.5961E-1 3.4604E-1 3.42126E-1 3.43164E-1 3.37445E-1 3.30262E-1 3.29214E-1 3.21535E-1 3.20698E-1 3.19736E-1 3.17286E-1 3.16852E-1 3.21675E-1 3.239E-1 3.25897E-1 3.28542E-1 3.26573E-1 3.28272E-1 3.28267E-1 3.34724E-1 3.44409E-1 3.24244E-1 3.30714E-1 3.21512E-1 3.21418E-1
6.39337E-1 5.95175E-1 4.88097E-1 3.68075E-1 3.79202E-1 3.70341E-1 3.94721E-1 4.33319E-1 4.14978E-1 4.19561E-1 5.1622E-1 4.67812E-1 4.25629E-1 3.93997E-1 3.91121E-1 4.04103E-1 3.63811E-1 3.55584E-1 3.63453E-1 3.49156E-1 3.67618E-1 3.67214E-1 3.63343E-1 3.63399E-1 3.62031E-1 3.49379E-1 3.57287E-1 3.63963E-1 3.59093E-1 3.59547E-1 3.57646E-1 3.58287E-1 3.67006E-1 3.76173E-1 3.73401E-1 3.88948E-1 3.89446E-1 3.87019E-1 3.63255E-1 3.45196E-1 3.3185E-1 3.36015E-1 3.36502E-1 3.37039E-1 3.29975E-1 3.26921E-1 3.23688E-1 3.28135E-1 3.28056E-1 3.29638E-1 3.3547E-1 3.41905E-1 3.42051E-1 3.40677E-1 3.35137E-1 3.40901E-1 3.44649E-1 3.29205E-1 3.329E-1 3.27683E-1 3.27045E-1
