maxent_outputs/white_flowers_linear/white_53.asc
ncols         426
nrows         180
xllcorner     -130.0
yllcorner     24.0
cellsize      0.16666666666666666
NODATA_value  -9999
[rows 81 to 107 of 180, columns 61 to 121 of 426]
1.86594E-1 1.51337E-1 1.82008E-1 1.50369E-1 1.52997E-1 1.64189E-1 1.58887E-1 1.28428E-1 1.39837E-1 1.18668E-1 1.32022E-1 1.4313E-1 1.20429E-1 1.18921E-1 1.20832E-1 1.23692E-1 1.20552E-1 1.01774E-1 1.00099E-1 1.07766E-1 9.5515E-2 8.97632E-2 8.13698E-2 7.83306E-2 8.04555E-2 7.52738E-2 7.37091E-2 7.65927E-2 8.20401E-2 7.91866E-2 8.17622E-2 8.03925E-2 7.79364E-2 8.69932E-2 1.1457E-1 1.24971E-1 1.34981E-1 1.30969E-1 1.34258E-1 1.35823E-1 1.37108E-1 1.20562E-1 1.13765E-1 8.55918E-2 9.99324E-2 7.45228E-2 8.73863E-2 1.06046E-1 9.43821E-2 6.15472E-2 5.82309E-2 5.08875E-2 4.4611E-2 4.81621E-2 5.37906E-2 5.51335E-2 5.22052E-2 5.07081E-2 5.0967E-2 4.51503E-2 4.75513E-2
1.89542E-1 1.94992E-1 1.73831E-1 1.72278E-1 1.3906E-1 1.70101E-1 1.43529E-1 1.54004E-1 1.51483E-1 1.29816E-1 1.3074E-1 1.30434E-1 1.32615E-1 1.35439E-1 1.2292E-1 1.24446E-1 1.23191E-1 1.04131E-1 1.17088E-1 1.0202E-1 8.97267E-2 8.94374E-2 8.06703E-2 8.16971E-2 8.2822E-2 7.29834E-2 8.69359E-2 8.18484E-2 7.43684E-2 7.31072E-2 8.06663E-2 8.48052E-2 8.60858E-2 8.98888E-2 9.94302E-2 1.08923E-1 1.19617E-1 1.18535E-1 1.30266E-1 1.34366E-1 1.3151E-1 1.27089E-1 1.11884E-1 9.59169E-2 9.54137E-2 9.82947E-2 8.96236E-2 1.03135E-1 1.15327E-1 7.57263E-2 5.82297E-2 4.53192E-2 4.17099E-2 5.22991E-2 6.00805E-2 6.90498E-2 5.88506E-2 5.11972E-2 4.6849E-2 4.42874E-2 4.43544E-2
1.40684E-1 2.06348E-1 1.88415E-1 1.6021E-1 1.37975E-1 1.59489E-1 1.55051E-1 1.64209E-1 1.45503E-1 1.54312E-1 1.39306E-1 1.27437E-1 1.57176E-1 1.51973E-1 1.23814E-1 1.22941E-1 1.11235E-1 1.11943E-1 1.05122E-1 8.91173E-2 9.00298E-2 8.67148E-2 8.16475E-2 7.40056E-2 8.51192E-2 7.66815E-2 9.33373E-2 7.62005E-2 7.14466E-2 6.34745E-2 8.14417E-2 8.41345E-2 8.43497E-2 8.85561E-2 9.21793E-2 9.11321E-2 1.14194E-1 1.15107E-1 1.23044E-1 1.33021E-1 1.20703E-1 1.19351E-1 1.17112E-1 9.79442E-2 9.35293E-2 9.49877E-2 9.33112E-2 1.02108E-1 9.01723E-2 8.11185E-2 6.47795E-2 4.80383E-2 3.7987E-2 4.67334E-2 6.32279E-2 6.5791E-2 6.26063E-2 5.27055E-2 4.93164E-2 5.03509E-2 4.91874E-2
1.28168E-1 1.70118E-1 2.02587E-1 1.78781E-1 1.70179E-1 1.77202E-1 1.78184E-1 1.68459E-1 1.5874E-1 1.43897E-1 1.26735E-1 1.78753E-1 1.49934E-1 1.35131E-1 1.08506E-1 1.16672E-1 1.15623E-1 1.03994E-1 9.43969E-2 8.18046E-2 7.77173E-2 7.93754E-2 8.29332E-2 7.55924E-2 7.90946E-2 8.07456E-2 8.03863E-2 7.56753E-2 7.18655E-2 8.03813E-2 8.99512E-2 7.46673E-2 7.47509E-2 8.82786E-2 8.60931E-2 7.1399E-2 1.0872E-1 1.1401E-1 1.28852E-1 1.30777E-1 1.27798E-1 1.15337E-1 1.16033E-1 1.03354E-1 8.20251E-2 8.36792E-2 8.8568E-2 9.80122E-2 7.13118E-2 6.39007E-2 6.01183E-2 5.19049E-2 4.00871E-2 4.40564E-2 4.88401E-2 5.22341E-2 5.96605E-2 6.16993E-2 5.5941E-2 5.71496E-2 5.52684E-2
1.37556E-1 1.35447E-1 1.37323E-1 1.77535E-1 1.8446E-1 1.8919E-1 1.79547E-1 1.64015E-1 1.47705E-1 1.37043E-1 1.75647E-1 1.67776E-1 1.15682E-1 1.09182E-1 1.06887E-1 1.11146E-1 1.05127E-1 8.03103E-2 1.01768E-1 8.57501E-2 7.95534E-2 8.04868E-2 8.53687E-2 7.62182E-2 7.89334E-2 7.82927E-2 6.87616E-2 7.16875E-2 7.11225E-2 7.34289E-2 9.05784E-2 7.67701E-2 9.40682E-2 8.31342E-2 7.35947E-2 8.08692E-2 1.14501E-1 1.17832E-1 1.30193E-1 1.3036E-1 1.14627E-1 1.1577E-1 1.12757E-1 1.08639E-1 1.05712E-1 9.62755E-2 8.98045E-2 9.06286E-2 7.05725E-2 5.95031E-2 5.30886E-2 3.66505E-2 3.69041E-2 5.56413E-2 5.50983E-2 5.51932E-2 5.72424E-2 6.62425E-2 6.9984E-2 6.46301E-2 5.64972E-2
1.56931E-1 1.52658E-1 1.58325E-1 1.85528E-1 1.89387E-1 1.81599E-1 1.6333E-1 1.51289E-1 1.41568E-1 1.23369E-1 1.61747E-1 9.78857E-2 1.04188E-1 9.97748E-2 9.42232E-2 1.06664E-1 9.92435E-2 8.83206E-2 8.58458E-2 8.59494E-2 7.26876E-2 7.43178E-2 7.87885E-2 7.52095E-2 7.90796E-2 8.2566E-2 6.6808E-2 6.89028E-2 7.13478E-2 7.75167E-2 8.37751E-2 7.12285E-2 9.43034E-2 8.38722E-2 9.39983E-2 1.09123E-1 1.15031E-1 1.25592E-1 1.32752E-1 1.26767E-1 1.22359E-1 1.18182E-1 1.14635E-1 1.0646E-1 1.09807E-1 1.10591E-1 9.66229E-2 8.5017E-2 6.47433E-2 7.01059E-2 5.86324E-2 3.53831E-2 4.5125E-2 7.00812E-2 6.98148E-2 6.86016E-2 6.64264E-2 4.79396E-2 7.81845E-2 7.02842E-2 6.31252E-2
1.29816E-1 1.32191E-1 1.62015E-1 1.75583E-1 1.80055E-1 1.6923E-1 1.49083E-1 1.56471E-1 1.49662E-1 1.45824E-1 1.41599E-1 1.15385E-1 8.48087E-2 9.30132E-2 9.05722E-2 1.00599E-1 8.24195E-2 1.11321E-1 1.0155E-1 7.76259E-2 7.42756E-2 7.60417E-2 7.58682E-2 7.74659E-2 8.01012E-2 7.29569E-2 6.53785E-2 6.38348E-2 6.35131E-2 7.26779E-2 7.19041E-2 6.10108E-2 9.03414E-2 6.50694E-2 9.71235E-2 1.04768E-1 1.21168E-1 1.25183E-1 1.19723E-1 1.12042E-1 1.2576E-1 1.22279E-1 1.02022E-1 1.03333E-1 1.0838E-1 9.38682E-2 8.97172E-2 8.3806E-2 6.27149E-2 6.34714E-2 4.40582E-2 3.8285E-2 5.34264E-2 6.60212E-2 6.3867E-2 7.54537E-2 7.93906E-2 7.36587E-2 8.81147E-2 7.5683E-2 5.68484E-2
1.18816E-1 1.45105E-1 1.45102E-1 1.7957E-1 1.65718E-1 1.60443E-1 1.61438E-1 1.58419E-1 1.6357E-1 1.41245E-1 1.2763E-1 1.15944E-1 8.39129E-2 8.71357E-2 8.59941E-2 8.33976E-2 8.7937E-2 1.16676E-1 8.84203E-2 7.48934E-2 6.88878E-2 7.24027E-2 7.27599E-2 7.32506E-2 7.39434E-2 6.83065E-2 5.53053E-2 5.33588E-2 6.13435E-2 6.48614E-2 6.08933E-2 6.22847E-2 9.09517E-2 5.98374E-2 9.04086E-2 1.05806E-1 1.06888E-1 1.26487E-1 1.12492E-1 1.24377E-1 1.22473E-1 1.0594E-1 9.91237E-2 1.0111E-1 9.67001E-2 8.80866E-2 8.31675E-2 8.57304E-2 8.00373E-2 5.34672E-2 3.53462E-2 4.74079E-2 6.99989E-2 5.94692E-2 6.70141E-2 7.46583E-2 8.16112E-2 8.90029E-2 9.47962E-2 8.25861E-2 5.21899E-2
1.28694E-1 1.06861E-1 1.1957E-1 1.62846E-1 1.48742E-1 1.63155E-1 1.71635E-1 1.65701E-1 1.41822E-1 1.38739E-1 1.28839E-1 1.23056E-1 8.9897E-2 7.17552E-2 8.19103E-2 7.69606E-2 1.14826E-1 1.01504E-1 6.45191E-2 7.12684E-2 5.77764E-2 6.14102E-2 7.17378E-2 6.81175E-2 7.80025E-2 7.66243E-2 5.63085E-2 6.27175E-2 7.1396E-2 6.37163E-2 6.0289E-2 7.68433E-2 8.84921E-2 8.96377E-2 1.12746E-1 1.11964E-1 1.1707E-1 1.03426E-1 1.22438E-1 1.31306E-1 1.40625E-1 1.18748E-1 1.01804E-1 1.01852E-1 8.95214E-2 8.6172E-2 6.5731E-2 7.86679E-2 7.37862E-2 4.56701E-2 3.47106E-2 5.61373E-2 6.64191E-2 6.35387E-2 7.2787E-2 7.84795E-2 8.8778E-2 8.97606E-2 9.14408E-2 8.44886E-2 7.95814E-2
1.25159E-1 1.09508E-1 1.21809E-1 1.5591E-1 1.57141E-1 1.40775E-1 1.73509E-1 1.628E-1 1.66519E-1 1.68613E-1 1.55296E-1 1.41596E-1 9.20021E-2 8.16406E-2 6.53966E-2 7.26936E-2 1.11093E-1 7.79998E-2 6.94405E-2 5.98043E-2 6.42501E-2 6.77886E-2 7.04899E-2 7.31746E-2 8.14762E-2 8.62015E-2 6.23479E-2 7.65449E-2 8.86063E-2 7.28532E-2 5.90322E-2 7.83702E-2 8.15154E-2 5.7695E-2 1.00267E-1 1.05455E-1 1.10989E-1 1.00113E-1 1.1794E-1 1.27675E-1 1.32352E-1 1.17046E-1 1.02191E-1 9.48763E-2 9.03563E-2 6.41679E-2 5.96863E-2 7.86905E-2 6.53892E-2 4.72109E-2 4.72154E-2 7.0391E-2 6.94302E-2 6.62731E-2 6.56498E-2 7.10255E-2 9.17451E-2 8.39269E-2 8.6507E-2 8.30661E-2 7.92763E-2
9.45606E-2 8.87393E-2 1.30123E-1 1.38999E-1 1.4285E-1 1.31607E-1 1.59649E-1 1.54721E-1 1.26929E-1 1.33057E-1 1.45776E-1 1.30544E-1 1.05892E-1 8.36114E-2 5.99706E-2 7.39917E-2 1.04587E-1 5.31899E-2 6.70014E-2 5.35558E-2 6.52369E-2 6.97815E-2 7.40804E-2 7.26324E-2 8.35151E-2 9.20917E-2 8.54988E-2 8.75265E-2 1.00418E-1 7.19118E-2 6.33691E-2 8.65596E-2 8.76395E-2 7.36309E-2 1.00455E-1 9.762E-2 9.60883E-2 1.02813E-1 1.15053E-1 1.15836E-1 1.13711E-1 1.01162E-1 1.00272E-1 9.36549E-2 7.28059E-2 5.31227E-2 7.72154E-2 5.6632E-2 4.03607E-2 3.42677E-2 5.76244E-2 8.69267E-2 8.40107E-2 7.391E-2 6.97393E-2 8.56526E-2 8.21811E-2 8.54952E-2 9.248E-2 8.62911E-2 8.72791E-2
6.44823E-2 7.67015E-2 9.5506E-2 8.43326E-2 8.36953E-2 1.17827E-1 1.07297E-1 1.92726E-1 1.58216E-1 1.51597E-1 1.20405E-1 1.10179E-1 1.05572E-1 1.20742E-1 1.0873E-1 1.07192E-1 8.4897E-2 6.94937E-2 6.21831E-2 7.09536E-2 7.32703E-2 8.39692E-2 8.57915E-2 8.45349E-2 9.05461E-2 7.99841E-2 7.20776E-2 9.23534E-2 1.07161E-1 8.70232E-2 8.17859E-2 8.64571E-2 9.48764E-2 9.95218E-2 9.90224E-2 8.45572E-2 9.86997E-2 9.60041E-2 1.12742E-1 1.02468E-1 9.71611E-2 9.37564E-2 9.25098E-2 7.36056E-2 5.56671E-2 7.11288E-2 5.50554E-2 3.92203E-2 3.35253E-2 3.6113E-2 5.7132E-2 8.67973E-2 8.72389E-2 9.91907E-2 9.52842E-2 7.96968E-2 7.75443E-2 7.92295E-2 9.58651E-2 9.38928E-2 9.27983E-2
6.22661E-2 5.03142E-2 5.59246E-2 5.50425E-2 9.50911E-2 1.03561E-1 7.5468E-2 1.33398E-1 1.24422E-1 1.32454E-1 1.64031E-1 1.02585E-1 1.26472E-1 1.37741E-1 1.41852E-1 1.16532E-1 9.42499E-2 8.3093E-2 6.52061E-2 8.38453E-2 7.61778E-2 9.15305E-2 9.29698E-2 9.93227E-2 8.20551E-2 8.48062E-2 7.38115E-2 1.0288E-1 1.09126E-1 9.52349E-2 9.79936E-2 8.88659E-2 9.40924E-2 8.59755E-2 9.44132E-2 8.16291E-2 9.7643E-2 9.33281E-2 1.10451E-1 1.00469E-1 9.78117E-2 9.10904E-2 6.86929E-2 6.03645E-2 3.87435E-2 6.09743E-2 4.66769E-2 4.3851E-2 4.05558E-2 4.96799E-2 5.33848E-2 8.88655E-2 1.02707E-1 1.0692E-1 1.01568E-1 9.11444E-2 8.51395E-2 8.33725E-2 1.00817E-1 1.10201E-1 1.15743E-1
5.64519E-2 4.57844E-2 4.7597E-2 6.50749E-2 4.9211E-2 5.82062E-2 6.16081E-2 9.45113E-2 1.18348E-1 1.36461E-1 1.73515E-1 1.47475E-1 1.24843E-1 1.47635E-1 1.59885E-1 1.26877E-1 1.18943E-1 9.41966E-2 9.30262E-2 1.00166E-1 9.27054E-2 9.61312E-2 1.05705E-1 1.01978E-1 9.4182E-2 7.25404E-2 9.67905E-2 1.16489E-1 1.22233E-1 1.1652E-1 1.20688E-1 9.98707E-2 8.58644E-2 7.62492E-2 7.76446E-2 7.44196E-2 8.01684E-2 7.75185E-2 9.56591E-2 1.00194E-1 9.83065E-2 9.62587E-2 8.40521E-2 6.77699E-2 4.0238E-2 6.60535E-2 5.69015E-2 4.09931E-2 3.12363E-2 3.9966E-2 5.12404E-2 8.58359E-2 1.0538E-1 1.00717E-1 9.75637E-2 9.6459E-2 1.06284E-1 8.81447E-2 9.64137E-2 1.19556E-1 1.15415E-1
7.75054E-2 5.25023E-2 4.23344E-2 4.67342E-2 7.37179E-2 8.64055E-2 6.66219E-2 8.91816E-2 1.08627E-1 1.1486E-1 1.67655E-1 1.73516E-1 1.51134E-1 1.58572E-1 1.33831E-1 1.25768E-1 1.29101E-1 1.17977E-1 1.11263E-1 1.07198E-1 8.90589E-2 9.7378E-2 1.09644E-1 1.05825E-1 7.01851E-2 9.63405E-2 1.12486E-1 1.19189E-1 1.17881E-1 1.34866E-1 1.35382E-1 1.07563E-1 1.02388E-1 8.81896E-2 7.79262E-2 7.25596E-2 8.0785E-2 9.3163E-2 1.02864E-1 9.41416E-2 9.19252E-2 7.84767E-2 7.43487E-2 6.29291E-2 4.93075E-2 5.10916E-2 4.33816E-2 4.2783E-2 2.27648E-2 2.71802E-2 3.27025E-2 6.76834E-2 9.54544E-2 7.97359E-2 7.08121E-2 1.05723E-1 1.2366E-1 1.0453E-1 1.02615E-1 9.68248E-2 1.0069E-1
1.36635E-1 8.39675E-2 5.41658E-2 3.75262E-2 7.61054E-2 7.13554E-2 7.68682E-2 8.55033E-2 9.11243E-2 8.93481E-2 1.53907E-1 1.58649E-1 1.49298E-1 1.49619E-1 1.50452E-1 1.44331E-1 1.30443E-1 1.21958E-1 1.16597E-1 1.02664E-1 7.74252E-2 9.00431E-2 1.05144E-1 1.0776E-1 1.09255E-1 1.04347E-1 1.12538E-1 1.17612E-1 1.28761E-1 1.41887E-1 1.32847E-1 1.04372E-1 1.11595E-1 1.07442E-1 7.92487E-2 8.3209E-2 9.56775E-2 9.32849E-2 9.41274E-2 9.58377E-2 9.64793E-2 8.15467E-2 6.8159E-2 4.97491E-2 5.36516E-2 4.09529E-2 4.3906E-2 3.58763E-2 4.00602E-2 5.98096E-2 7.34622E-2 8.96748E-2 9.07324E-2 1.03084E-1 7.78217E-2 1.18028E-1 1.47986E-1 1.2035E-1 9.33307E-2 7.44414E-2 6.85046E-2
1.64921E-1 9.78907E-2 5.57533E-2 3.38759E-2 5.57038E-2 6.30815E-2 5.8023E-2 8.19108E-2 1.13983E-1 5.63365E-2 1.42226E-1 1.1693E-1 1.24475E-1 1.84172E-1 1.37355E-1 1.29463E-1 1.40521E-1 1.32396E-1 1.21426E-1 1.10178E-1 1.01783E-1 9.48157E-2 1.03973E-1 1.13356E-1 1.13635E-1 1.04194E-1 1.01892E-1 1.32038E-1 1.46152E-1 1.40105E-1 1.28635E-1 1.24363E-1 1.20477E-1 1.0205E-1 8.47207E-2 9.20913E-2 8.8139E-2 8.95678E-2 9.84336E-2 1.01598E-1 9.45892E-2 5.83133E-2 4.04693E-2 4.16142E-2 5.09728E-2 4.16081E-2 4.54455E-2 4.47961E-2 6.59981E-2 8.40386E-2 9.97387E-2 1.10702E-1 1.06736E-1 1.32759E-1 1.41291E-1 1.39352E-1 1.76091E-1 1.24056E-1 8.92815E-2 6.37757E-2 6.32614E-2
2.53461E-1 1.1576E-1 6.29498E-2 7.6368E-2 6.54877E-2 5.12136E-2 5.49872E-2 1.00031E-1 1.95333E-1 4.4266E-2 8.37391E-2 1.28467E-1 1.29361E-1 1.26792E-1 1.28047E-1 1.47573E-1 1.56764E-1 1.43703E-1 1.20896E-1 1.19951E-1 1.2107E-1 1.04624E-1 9.9665E-2 1.1233E-1 1.12831E-1 1.18122E-1 1.17827E-1 1.66872E-1 1.49636E-1 1.32593E-1 1.18293E-1 1.29426E-1 1.19181E-1 9.72394E-2 9.15326E-2 8.55834E-2 9.26128E-2 9.26539E-2 8.16228E-2 9.29895E-2 5.68669E-2 4.2398E-2 3.37514E-2 4.10389E-2 4.27107E-2 4.15314E-2 7.22937E-2 7.30933E-2 6.73609E-2 8.37464E-2 1.05503E-1 1.23721E-1 1.43221E-1 1.47056E-1 1.8516E-1 1.84112E-1 1.47808E-1 1.25971E-1 9.72667E-2 7.331E-2 8.45245E-2
3.43296E-1 2.0909E-1 1.27417E-1 1.41931E-1 7.69502E-2 4.55181E-2 3.19861E-2 1.37257E-1 2.20847E-1 8.79431E-2 7.14799E-2 1.49551E-1 1.1958E-1 9.498E-2 1.48957E-1 1.57486E-1 1.72772E-1 1.38795E-1 1.21154E-1 1.21616E-1 1.20447E-1 1.07378E-1 1.05658E-1 1.25073E-1 1.1104E-1 1.46796E-1 1.3859E-1 1.64996E-1 1.72285E-1 1.51085E-1 1.2184E-1 1.55398E-1 1.29711E-1 1.02468E-1 1.40401E-1 1.30977E-1 1.31287E-1 9.45301E-2 6.27996E-2 1.30185E-1 6.54401E-2 6.3635E-2 5.82189E-2 5.5038E-2 5.27532E-2 5.86148E-2 8.15899E-2 8.76039E-2 9.18534E-2 9.85775E-2 1.05422E-1 1.15253E-1 1.55921E-1 1.7594E-1 1.93133E-1 1.673E-1 1.30831E-1 1.37153E-1 1.09295E-1 8.32486E-2 1.02684E-1
3.80828E-1 3.5754E-1 2.34241E-1 1.35777E-1 6.49151E-2 5.19947E-2 2.78533E-2 4.81798E-2 9.1875E-2 1.69865E-1 1.0927E-1 1.92958E-1 2.13204E-1 2.30865E-1 1.64712E-1 1.49043E-1 2.04979E-1 1.85E-1 1.40797E-1 1.19712E-1 9.3979E-2 8.27485E-2 1.22326E-1 1.38415E-1 1.36909E-1 1.41158E-1 1.67493E-1 1.64129E-1 2.1636E-1 1.7121E-1 1.81625E-1 2.21112E-1 2.40432E-1 1.94651E-1 2.331E-1 2.19967E-1 2.10735E-1 1.68128E-1 1.89542E-1 2.27505E-1 1.6975E-1 1.11028E-1 9.53773E-2 9.34053E-2 8.3047E-2 7.56705E-2 9.57129E-2 1.25301E-1 1.27429E-1 1.34626E-1 1.46668E-1 1.57341E-1 1.14718E-1 1.95754E-1 1.94279E-1 1.80487E-1 1.87183E-1 1.56166E-1 1.2673E-1 1.18772E-1 1.2244E-1
4.3772E-1 4.31465E-1 3.47426E-1 1.88618E-1 8.6032E-2 6.38667E-2 3.3101E-2 3.459E-2 4.3656E-2 2.14895E-1 7.18791E-2 1.34757E-1 2.49783E-1 2.34217E-1 3.25959E-1 2.08206E-1 1.61486E-1 1.87752E-1 1.94701E-1 1.68627E-1 1.3409E-1 1.38622E-1 1.72514E-1 1.55084E-1 1.40164E-1 1.41288E-1 1.93087E-1 2.04909E-1 2.19548E-1 2.64243E-1 2.70648E-1 3.19413E-1 2.67905E-1 3.01746E-1 3.18093E-1 2.71825E-1 2.48238E-1 3.02031E-1 2.69769E-1 2.06628E-1 1.72712E-1 1.29612E-1 1.00789E-1 1.18633E-1 1.13997E-1 9.85885E-2 9.82595E-2 1.43572E-1 1.47977E-1 1.80175E-1 1.95879E-1 2.26284E-1 1.92808E-1 1.63458E-1 1.45077E-1 1.39151E-1 1.58538E-1 1.34927E-1 1.20882E-1 1.30447E-1 1.19408E-1
4.82915E-1 4.76502E-1 4.37535E-1 4.15749E-1 2.7741E-1 1.30029E-1 7.87863E-2 4.88145E-2 3.53661E-2 2.04955E-1 1.07489E-1 2.31278E-1 2.86916E-1 1.58517E-1 2.60064E-1 3.81119E-1 1.55412E-1 2.08278E-1 2.43809E-1 2.15433E-1 2.0151E-1 1.69396E-1 2.01692E-1 2.10452E-1 1.7165E-1 2.14693E-1 2.19381E-1 2.07989E-1 2.01303E-1 3.31187E-1 3.23394E-1 3.40147E-1 2.44754E-1 3.76678E-1 3.79396E-1 3.70227E-1 2.45585E-1 2.44403E-1 2.39389E-1 1.81535E-1 1.48276E-1 1.33405E-1 1.32309E-1 1.43654E-1 1.23739E-1 1.00511E-1 8.35044E-2 9.05941E-2 1.05024E-1 1.9222E-1 1.80723E-1 1.8327E-1 1.71715E-1 1.38862E-1 1.00457E-1 1.0452E-1 1.17495E-1 1.28873E-1 1.245E-1 1.19243E-1 1.08638E-1
5.3463E-1 5.08803E-1 5.03216E-1 4.43152E-1 3.2213E-1 1.34564E-1 8.43905E-2 6.25902E-2 3.18926E-2 1.37994E-1 2.19623E-1 1.99257E-1 5.17583E-1 2.60145E-1 1.92362E-1 6.86021E-1 5.44897E-1 3.24349E-1 3.201E-1 3.23173E-1 3.04454E-1 2.63964E-1 2.43208E-1 2.20482E-1 2.08831E-1 2.46246E-1 2.40612E-1 1.47233E-1 1.55706E-1 3.64639E-1 4.19296E-1 4.32431E-1 4.1618E-1 4.5352E-1 4.12833E-1 2.65613E-1 1.57229E-1 1.40344E-1 1.79467E-1 1.6654E-1 1.36008E-1 1.287E-1 1.35439E-1 1.35103E-1 1.01345E-1 6.15489E-2 7.67277E-2 9.33907E-2 1.37156E-1 1.50555E-1 1.1474E-1 1.23547E-1 1.21204E-1 1.20107E-1 1.06297E-1 7.51121E-2 9.31601E-2 1.12894E-1 1.19248E-1 1.12686E-1 1.04901E-1
5.02159E-1 5.17088E-1 5.33126E-1 5.08797E-1 4.3526E-1 2.96498E-1 1.12978E-1 4.13082E-2 2.91903E-2 4.36919E-2 2.11531E-1 1.61747E-1 2.06264E-1 2.23692E-1 2.30827E-1 5.82396E-1 6.0536E-1 7.52642E-1 3.96849E-1 3.66468E-1 3.72755E-1 3.31786E-1 2.89048E-1 2.17239E-1 2.54823E-1 2.78464E-1 2.62241E-1 1.08513E-1 1.41538E-1 3.56811E-1 4.43137E-1 4.76985E-1 4.93756E-1 4.51712E-1 2.37888E-1 2.8075E-1 2.23579E-1 1.31608E-1 1.47449E-1 1.38068E-1 1.33257E-1 1.2564E-1 1.38754E-1 1.42266E-1 6.90045E-2 4.37962E-2 5.63009E-2 1.3399E-1 1.36845E-1 9.29889E-2 8.68496E-2 9.24439E-2 9.29754E-2 9.01274E-2 8.78548E-2 7.73168E-2 7.79745E-2 7.95193E-2 1.02898E-1 1.08487E-1 1.00853E-1
4.99414E-1 5.20343E-1 5.0421E-1 5.05696E-1 5.02589E-1 4.54145E-1 1.74088E-1 4.19488E-2 4.234E-2 3.23367E-2 1.01672E-1 2.77675E-1 1.70805E-1 2.33161E-1 4.46199E-1 2.32879E-1 2.7642E-1 7.833E-1 5.4621E-1 3.25132E-1 3.95127E-1 3.82897E-1 3.24969E-1 1.40288E-1 1.05494E-1 1.44457E-1 2.8917E-1 2.7598E-1 2.53157E-1 4.16873E-1 4.26555E-1 4.38947E-1 5.21053E-1 4.62194E-1 3.95534E-1 4.17363E-1 2.01497E-1 1.10491E-1 1.2727E-1 1.07334E-1 1.14671E-1 1.17601E-1 1.3223E-1 1.89001E-1 1.01169E-1 4.44096E-2 4.31509E-2 1.14991E-1 9.60783E-2 8.80021E-2 9.97331E-2 9.39118E-2 8.98811E-2 9.71949E-2 9.10958E-2 8.64882E-2 7.8172E-2 6.42177E-2 6.53197E-2 7.51796E-2 9.72823E-2
5.11062E-1 4.96928E-1 4.89351E-1 5.06716E-1 4.97346E-1 4.29381E-1 2.31647E-1 7.46457E-2 6.87802E-2 4.41976E-2 8.70771E-2 2.15941E-1 1.37189E-1 2.10132E-1 4.06745E-1 3.63911E-1 1.5998E-1 7.1218E-1 5.83722E-1 3.35159E-1 4.28895E-1 3.82047E-1 3.56485E-1 2.62637E-1 9.63196E-2 8.59026E-2 2.38274E-1 4.41725E-1 4.89511E-1 4.61985E-1 4.33528E-1 4.822E-1 5.35421E-1 3.87291E-1 4.23591E-1 4.61296E-1 1.8271E-1 9.9494E-2 1.47858E-1 1.86601E-1 1.81825E-1 2.03513E-1 1.87135E-1 1.43269E-1 1.67725E-1 1.04305E-1 5.21962E-2 1.03959E-1 1.11845E-1 1.11947E-1 1.16016E-1 1.09401E-1 1.05501E-1 1.07503E-1 9.73936E-2 8.65215E-2 7.35427E-2 7.15271E-2 6.56245E-2 6.29453E-2 8.88584E-2
5.10342E-1 5.03082E-1 4.92259E-1 4.87975E-1 4.96395E-1 5.16909E-1 3.41806E-1 1.17051E-1 9.87147E-2 5.76591E-2 8.90117E-2 2.60601E-1 2.05701E-1 1.56572E-1 2.94231E-1 5.48511E-1 1.58741E-1 5.93113E-1 7.00451E-1 2.78468E-1 3.70738E-1 4.20652E-1 3.47385E-1 3.29313E-1 2.61176E-1 1.76369E-1 2.88807E-1 4.51882E-1 5.26044E-1 5.18361E-1 5.63042E-1 5.08022E-1 5.57542E-1 5.1086E-1 4.97691E-1 3.62466E-1 2.06751E-1 1.26726E-1 1.69488E-1 2.57754E-1 1.25734E-1 1.07822E-1 1.04393E-1 1.19872E-1 8.32601E-2 1.26597E-1 1.37791E-1 1.51364E-1 1.24386E-1 1.39873E-1 1.51333E-1 1.33086E-1 1.1768E-1 1.13566E-1 9.74964E-2 8.54382E-2 8.0252E-2 7.21857E-2 7.03884E-2 7.43786E-2 8.92863E-2
