maxent_outputs/white_flowers_linear/white_300.asc
ncols         426
nrows         180
xllcorner     -130.0
yllcorner     24.0
cellsize      0.16666666666666666
NODATA_value  -9999
[rows 81 to 107 of 180, columns 244 to 304 of 426]
2.8913E-1 2.90102E-1 2.94108E-1 2.93117E-1 2.93291E-1 2.9432E-1 2.96404E-1 2.97981E-1 3.03185E-1 3.05806E-1 3.10634E-1 3.09234E-1 3.19196E-1 3.25714E-1 3.32976E-1 3.42567E-1 3.49019E-1 3.50005E-1 3.52135E-1 3.54525E-1 3.51937E-1 3.50119E-1 3.50792E-1 3.51064E-1 3.43402E-1 3.47681E-1 3.51969E-1 3.56697E-1 3.5813E-1 3.57978E-1 3.59418E-1 3.53768E-1 3.58925E-1 3.52883E-1 3.51754E-1 3.54685E-1 3.56752E-1 3.53859E-1 3.52553E-1 3.50586E-1 3.60204E-1 3.74584E-1 3.84309E-1 3.93627E-1 3.90615E-1 3.91154E-1 4.01307E-1 4.11544E-1 4.07755E-1 3.97582E-1 3.93107E-1 4.01941E-1 4.19555E-1 4.10672E-1 4.16544E-1 4.38684E-1 4.50412E-1 4.28908E-1 4.07282E-1 4.17928E-1 4.21075E-1
2.98412E-1 3.00526E-1 3.04297E-1 3.11132E-1 3.07942E-1 3.09682E-1 3.09998E-1 3.10874E-1 3.12165E-1 3.25087E-1 3.26577E-1 3.33274E-1 3.34143E-1 3.3E-1 3.31764E-1 3.39936E-1 3.49782E-1 3.52282E-1 3.52816E-1 3.58134E-1 3.58275E-1 3.56036E-1 3.59139E-1 3.58719E-1 3.46133E-1 3.42311E-1 3.46499E-1 3.48903E-1 3.56564E-1 3.66158E-1 3.71128E-1 3.60377E-1 3.61303E-1 3.52007E-1 3.53733E-1 3.67787E-1 3.67993E-1 3.7546E-1 3.77434E-1 3.61183E-1 3.6909E-1 3.85091E-1 3.97957E-1 4.03982E-1 4.1306E-1 4.13142E-1 4.17021E-1 4.17032E-1 4.16851E-1 4.09899E-1 4.04702E-1 4.14484E-1 4.25785E-1 4.14058E-1 4.17872E-1 4.26834E-1 4.42685E-1 4.29609E-1 4.20439E-1 4.19579E-1 4.20114E-1
3.09787E-1 3.1483E-1 3.18007E-1 3.23332E-1 3.2513E-1 3.24551E-1 3.28171E-1 3.26845E-1 3.32696E-1 3.44302E-1 3.47832E-1 3.52406E-1 3.48489E-1 3.4509E-1 3.4921E-1 3.51E-1 3.58497E-1 3.57891E-1 3.59005E-1 3.69941E-1 3.65785E-1 3.67127E-1 3.65558E-1 3.59814E-1 3.56679E-1 3.49629E-1 3.49115E-1 3.56912E-1 3.62173E-1 3.73641E-1 3.83931E-1 3.75056E-1 3.68879E-1 3.65574E-1 3.62371E-1 3.68065E-1 3.85402E-1 4.01297E-1 4.0209E-1 3.84713E-1 3.89481E-1 4.08007E-1 4.15366E-1 4.18683E-1 4.20413E-1 4.22079E-1 4.28997E-1 4.22319E-1 4.20885E-1 4.16613E-1 4.14641E-1 4.36849E-1 4.2592E-1 4.22991E-1 4.24057E-1 4.28089E-1 4.42183E-1 4.34946E-1 4.22177E-1 4.00877E-1 3.82207E-1
3.27918E-1 3.28557E-1 3.37174E-1 3.34573E-1 3.35378E-1 3.36846E-1 3.40106E-1 3.44134E-1 3.41743E-1 3.46927E-1 3.55793E-1 3.71433E-1 3.69918E-1 3.67526E-1 3.6303E-1 3.59982E-1 3.65302E-1 3.74278E-1 3.87747E-1 3.89905E-1 3.77713E-1 3.71838E-1 3.6711E-1 3.70567E-1 3.62568E-1 3.68541E-1 3.68463E-1 3.6925E-1 3.69706E-1 3.81374E-1 4.06317E-1 4.07034E-1 3.92193E-1 3.84696E-1 3.78262E-1 3.90321E-1 4.01125E-1 4.18905E-1 4.20032E-1 4.09425E-1 4.09399E-1 4.13714E-1 4.16968E-1 4.26591E-1 4.25619E-1 4.25805E-1 4.28627E-1 4.36801E-1 4.28598E-1 4.2041E-1 4.34439E-1 4.41782E-1 4.29207E-1 4.28498E-1 4.29624E-1 4.31546E-1 4.39168E-1 4.34929E-1 4.14229E-1 3.98077E-1 3.76625E-1
3.44903E-1 3.44816E-1 3.47929E-1 3.44875E-1 3.46826E-1 3.5239E-1 3.55346E-1 3.56649E-1 3.55878E-1 3.59823E-1 3.71856E-1 3.78731E-1 3.85109E-1 3.81012E-1 3.73388E-1 3.71969E-1 3.76105E-1 3.92648E-1 4.08712E-1 3.99481E-1 3.84144E-1 3.82789E-1 3.83404E-1 3.80099E-1 3.83044E-1 3.9069E-1 3.90315E-1 3.82567E-1 3.91353E-1 4.04909E-1 4.26006E-1 4.20065E-1 4.07426E-1 3.95817E-1 3.95165E-1 4.0139E-1 4.16285E-1 4.24267E-1 4.2382E-1 4.18932E-1 4.20745E-1 4.19747E-1 4.30281E-1 4.34812E-1 4.30801E-1 4.3163E-1 4.32822E-1 4.3944E-1 4.38035E-1 4.43022E-1 4.51071E-1 4.48577E-1 4.4309E-1 4.41163E-1 4.41027E-1 4.41978E-1 4.50412E-1 4.23722E-1 4.00585E-1 3.96833E-1 3.76062E-1
3.60265E-1 3.6013E-1 3.59292E-1 3.63572E-1 3.65622E-1 3.63499E-1 3.62271E-1 3.72141E-1 3.69307E-1 3.76903E-1 3.81603E-1 3.94837E-1 3.92573E-1 3.89458E-1 3.90479E-1 3.8952E-1 3.91985E-1 4.0878E-1 4.15381E-1 4.03971E-1 4.00861E-1 3.99008E-1 3.97004E-1 3.95676E-1 4.06266E-1 4.13917E-1 4.07806E-1 4.10171E-1 4.18129E-1 4.31724E-1 4.35953E-1 4.35687E-1 4.32275E-1 4.26135E-1 4.21861E-1 4.21016E-1 4.27211E-1 4.27669E-1 4.27889E-1 4.21867E-1 4.33365E-1 4.37511E-1 4.46488E-1 4.48723E-1 4.44689E-1 4.50918E-1 4.53861E-1 4.62059E-1 4.62105E-1 4.64754E-1 4.73102E-1 4.65724E-1 4.62373E-1 4.59897E-1 4.58293E-1 4.5703E-1 4.49307E-1 4.3171E-1 4.07923E-1 3.82729E-1 3.6646E-1
3.72695E-1 3.71619E-1 3.74946E-1 3.81043E-1 3.72822E-1 3.7284E-1 3.80702E-1 3.87763E-1 3.86853E-1 4.00311E-1 4.05329E-1 4.06106E-1 4.01976E-1 4.03437E-1 4.07176E-1 4.07971E-1 4.16131E-1 4.26249E-1 4.27053E-1 4.23451E-1 4.22288E-1 4.17095E-1 4.08367E-1 4.11998E-1 4.31802E-1 4.42959E-1 4.36698E-1 4.37713E-1 4.53787E-1 4.52573E-1 4.49752E-1 4.55718E-1 4.44234E-1 4.16281E-1 4.30992E-1 4.36927E-1 4.34737E-1 4.41781E-1 4.42623E-1 4.4141E-1 4.42847E-1 4.42609E-1 4.57189E-1 4.68112E-1 4.66888E-1 4.67187E-1 4.77717E-1 4.93064E-1 4.92347E-1 4.88877E-1 4.81778E-1 4.76591E-1 4.73585E-1 4.7298E-1 4.65872E-1 4.65741E-1 4.53524E-1 4.41363E-1 4.11231E-1 3.77881E-1 3.7756E-1
3.74115E-1 3.82812E-1 3.85504E-1 3.86408E-1 3.88621E-1 3.89369E-1 3.96187E-1 3.99686E-1 4.04184E-1 4.10515E-1 4.21978E-1 4.1386E-1 4.12838E-1 4.11055E-1 4.13296E-1 4.21292E-1 4.29996E-1 4.45658E-1 4.50396E-1 4.55079E-1 4.48984E-1 4.40522E-1 4.33391E-1 4.33386E-1 4.42764E-1 4.51702E-1 4.63416E-1 4.74415E-1 4.70931E-1 4.76212E-1 4.6888E-1 4.67005E-1 4.54158E-1 4.474E-1 4.53365E-1 4.57347E-1 4.52652E-1 4.51918E-1 4.57976E-1 4.58209E-1 4.51132E-1 4.53212E-1 4.63737E-1 4.71221E-1 4.86189E-1 4.97621E-1 5.08527E-1 5.08247E-1 5.09649E-1 4.98427E-1 4.95131E-1 4.90617E-1 4.84924E-1 4.79779E-1 4.7495E-1 4.69996E-1 4.63241E-1 4.4504E-1 4.15449E-1 3.70925E-1 3.68625E-1
3.80588E-1 3.91382E-1 3.95261E-1 3.94452E-1 4.0148E-1 4.06883E-1 4.12949E-1 4.19342E-1 4.22174E-1 4.24907E-1 4.37661E-1 4.29192E-1 4.33882E-1 4.24834E-1 4.24486E-1 4.36315E-1 4.47512E-1 4.81695E-1 4.74002E-1 4.71987E-1 4.6998E-1 4.69262E-1 4.65987E-1 4.64473E-1 4.6624E-1 4.7328E-1 4.94152E-1 4.90236E-1 4.94465E-1 5.00335E-1 4.89974E-1 4.82063E-1 4.75933E-1 4.64948E-1 4.63605E-1 4.66865E-1 4.65804E-1 4.65265E-1 4.71483E-1 4.71432E-1 4.65663E-1 4.68472E-1 4.72842E-1 4.90884E-1 5.00921E-1 5.21679E-1 5.17196E-1 5.1965E-1 5.17149E-1 5.15212E-1 5.08354E-1 5.0029E-1 4.92253E-1 4.85344E-1 4.7566E-1 4.59667E-1 4.44181E-1 4.35922E-1 3.99152E-1 3.49357E-1 3.87479E-1
3.88391E-1 3.95623E-1 4.00209E-1 4.0247E-1 4.15713E-1 4.20712E-1 4.27418E-1 4.31057E-1 4.3739E-1 4.40668E-1 4.44602E-1 4.39058E-1 4.42215E-1 4.41818E-1 4.44372E-1 4.6138E-1 4.70526E-1 4.82015E-1 4.87418E-1 4.95071E-1 4.87231E-1 4.95249E-1 4.8966E-1 4.89693E-1 4.91953E-1 5.03348E-1 5.08153E-1 5.07875E-1 4.91139E-1 5.04627E-1 5.07861E-1 4.89976E-1 4.81834E-1 4.745E-1 4.74778E-1 4.76953E-1 4.7866E-1 4.81772E-1 4.81954E-1 4.7811E-1 4.80346E-1 4.83044E-1 4.92459E-1 5.10068E-1 5.2192E-1 5.34561E-1 5.3267E-1 5.29293E-1 5.25524E-1 5.20346E-1 5.14712E-1 5.12646E-1 5.03224E-1 4.97218E-1 4.59689E-1 4.34671E-1 4.30177E-1 4.1137E-1 3.86747E-1 3.77707E-1 4.298E-1
4.15569E-1 4.01625E-1 4.072E-1 4.18754E-1 4.29656E-1 4.38842E-1 4.44226E-1 4.56439E-1 4.52941E-1 4.56806E-1 4.55435E-1 4.52952E-1 4.58326E-1 4.60841E-1 4.72629E-1 4.86597E-1 4.87436E-1 4.9243E-1 5.08425E-1 5.20186E-1 5.17984E-1 5.12966E-1 5.11836E-1 5.19025E-1 5.31961E-1 5.34414E-1 5.28862E-1 5.2108E-1 5.08157E-1 5.1249E-1 5.05117E-1 5.04475E-1 4.97349E-1 4.93476E-1 4.91674E-1 4.93978E-1 4.90595E-1 4.99107E-1 4.97358E-1 4.9504E-1 5.03752E-1 4.95192E-1 5.14806E-1 5.23122E-1 5.33251E-1 5.38298E-1 5.34889E-1 5.30799E-1 5.26016E-1 5.21871E-1 5.19398E-1 5.13251E-1 5.00666E-1 4.82787E-1 4.37244E-1 4.20585E-1 4.21315E-1 3.85991E-1 3.66074E-1 3.92761E-1 4.15263E-1
4.12203E-1 4.09684E-1 4.17503E-1 4.29423E-1 4.41747E-1 4.45827E-1 4.61606E-1 4.64851E-1 4.66802E-1 4.73798E-1 4.7392E-1 4.73304E-1 4.84129E-1 4.89593E-1 4.94812E-1 5.02367E-1 5.05789E-1 5.11423E-1 5.14908E-1 5.17451E-1 5.31957E-1 5.35708E-1 5.33898E-1 5.47684E-1 5.40904E-1 5.46178E-1 5.35254E-1 5.30405E-1 5.23885E-1 5.20142E-1 5.12194E-1 5.03458E-1 4.97699E-1 4.96563E-1 4.99526E-1 5.03897E-1 5.08727E-1 5.05078E-1 5.12148E-1 5.186E-1 5.21539E-1 5.14058E-1 5.31039E-1 5.36092E-1 5.34935E-1 5.28507E-1 5.30863E-1 5.3376E-1 5.3266E-1 5.24585E-1 5.13846E-1 5.02758E-1 4.7975E-1 4.66075E-1 4.23544E-1 4.19302E-1 3.9197E-1 3.84707E-1 3.7737E-1 3.96916E-1 4.08021E-1
4.16391E-1 4.29256E-1 4.38094E-1 4.48249E-1 4.5862E-1 4.58212E-1 4.72245E-1 4.77467E-1 4.85879E-1 5.01832E-1 4.97505E-1 4.96982E-1 5.04868E-1 5.06522E-1 5.14524E-1 5.26652E-1 5.41845E-1 5.33665E-1 5.27456E-1 5.23374E-1 5.34452E-1 5.48538E-1 5.54761E-1 5.47169E-1 5.36672E-1 5.34155E-1 5.38968E-1 5.30794E-1 5.22968E-1 5.15775E-1 5.11735E-1 5.09575E-1 5.06464E-1 4.96091E-1 5.02862E-1 5.00688E-1 5.03073E-1 5.09815E-1 5.19379E-1 5.21649E-1 5.39711E-1 5.39033E-1 5.39044E-1 5.34312E-1 5.32382E-1 5.32268E-1 5.21601E-1 5.29097E-1 5.29315E-1 5.18344E-1 4.89869E-1 4.56897E-1 4.35375E-1 4.32786E-1 4.15536E-1 4.04965E-1 3.97158E-1 3.872E-1 3.9014E-1 4.00777E-1 4.13506E-1
4.45335E-1 4.54711E-1 4.71053E-1 4.70653E-1 4.82282E-1 4.86392E-1 4.86568E-1 4.97662E-1 5.14699E-1 5.14311E-1 5.09476E-1 5.14605E-1 5.24944E-1 5.2939E-1 5.3167E-1 5.44952E-1 5.43043E-1 5.38617E-1 5.37457E-1 5.245E-1 5.45064E-1 5.7802E-1 5.61566E-1 5.46652E-1 5.29145E-1 5.26499E-1 5.28908E-1 5.17076E-1 5.07858E-1 5.02316E-1 5.01484E-1 5.03036E-1 5.03945E-1 5.07951E-1 5.12584E-1 5.06606E-1 5.03762E-1 5.11329E-1 5.25155E-1 5.29074E-1 5.38864E-1 5.41287E-1 5.37661E-1 5.33675E-1 5.28627E-1 5.25683E-1 5.24005E-1 5.24443E-1 5.16177E-1 5.05524E-1 4.72936E-1 4.38146E-1 4.1793E-1 4.03488E-1 3.97323E-1 4.14269E-1 4.11831E-1 4.19222E-1 4.30677E-1 4.36683E-1 4.50269E-1
4.80089E-1 4.85505E-1 5.05755E-1 5.00132E-1 5.12577E-1 5.13517E-1 5.15041E-1 5.1934E-1 5.36174E-1 5.39485E-1 5.45052E-1 5.45541E-1 5.48844E-1 5.5105E-1 5.55464E-1 5.51649E-1 5.52586E-1 5.50675E-1 5.39942E-1 5.25494E-1 5.43459E-1 5.64861E-1 5.54887E-1 5.48636E-1 5.40459E-1 5.31722E-1 5.27276E-1 5.09659E-1 4.99766E-1 4.99365E-1 4.99846E-1 5.02683E-1 4.98966E-1 5.12891E-1 5.32945E-1 5.29521E-1 5.0906E-1 5.21268E-1 5.32346E-1 5.41896E-1 5.41222E-1 5.44892E-1 5.40767E-1 5.41314E-1 5.34159E-1 5.29205E-1 5.19204E-1 5.13706E-1 5.151E-1 4.80064E-1 4.42828E-1 4.21422E-1 3.96849E-1 4.05715E-1 4.2603E-1 4.27945E-1 4.43101E-1 4.50952E-1 4.68796E-1 4.74313E-1 4.74682E-1
5.09606E-1 5.15726E-1 5.20599E-1 5.22881E-1 5.34461E-1 5.38038E-1 5.40892E-1 5.4905E-1 5.46292E-1 5.64084E-1 5.67594E-1 5.6674E-1 5.68955E-1 5.70121E-1 5.74572E-1 5.65639E-1 5.63029E-1 5.42623E-1 5.2962E-1 5.2426E-1 5.31338E-1 5.62651E-1 5.60989E-1 5.43277E-1 5.42629E-1 5.43716E-1 5.33521E-1 5.2806E-1 5.08993E-1 5.09682E-1 5.14389E-1 5.136E-1 5.13865E-1 5.19887E-1 5.13092E-1 5.14477E-1 5.1178E-1 5.22339E-1 5.3702E-1 5.44902E-1 5.42744E-1 5.47463E-1 5.42766E-1 5.5451E-1 5.48191E-1 5.299E-1 5.12775E-1 4.95088E-1 4.79075E-1 4.72218E-1 4.30557E-1 4.23232E-1 4.2956E-1 4.35842E-1 4.43442E-1 4.53982E-1 4.69812E-1 5.01249E-1 5.00983E-1 5.18616E-1 5.05531E-1
5.38942E-1 5.4632E-1 5.40895E-1 5.48824E-1 5.57778E-1 5.56013E-1 5.46224E-1 5.49539E-1 5.59755E-1 5.59196E-1 5.6339E-1 5.68168E-1 5.79586E-1 5.87666E-1 5.7352E-1 5.64438E-1 5.54932E-1 5.47791E-1 5.41278E-1 5.29554E-1 5.30522E-1 5.54906E-1 5.59196E-1 5.43473E-1 5.49309E-1 5.5083E-1 5.41383E-1 5.36471E-1 5.32485E-1 5.33559E-1 5.21151E-1 5.30732E-1 5.25569E-1 5.20955E-1 5.16962E-1 5.14602E-1 5.17322E-1 5.26562E-1 5.45559E-1 5.56152E-1 5.47291E-1 5.52627E-1 5.58898E-1 5.49033E-1 5.52908E-1 5.3141E-1 5.03208E-1 4.84437E-1 4.59862E-1 4.48513E-1 4.5446E-1 4.43473E-1 4.52023E-1 4.41436E-1 4.59981E-1 4.87289E-1 5.14261E-1 5.40705E-1 5.38211E-1 5.60973E-1 5.46258E-1
5.53819E-1 5.61487E-1 5.63194E-1 5.63709E-1 5.67453E-1 5.68202E-1 5.61883E-1 5.63073E-1 5.61009E-1 5.71651E-1 5.72781E-1 5.6784E-1 5.61257E-1 5.72581E-1 5.7611E-1 5.70509E-1 5.62411E-1 5.64515E-1 5.55863E-1 5.47342E-1 5.40948E-1 5.5145E-1 5.65845E-1 5.61808E-1 5.51504E-1 5.54098E-1 5.49493E-1 5.41519E-1 5.32142E-1 5.3467E-1 5.37278E-1 5.35485E-1 5.30593E-1 5.23718E-1 5.32539E-1 5.39487E-1 5.33896E-1 5.38941E-1 5.4939E-1 5.61294E-1 5.59298E-1 5.58355E-1 5.66424E-1 5.62768E-1 5.60866E-1 5.52086E-1 5.27975E-1 4.98924E-1 4.66537E-1 4.47592E-1 4.67903E-1 4.59319E-1 4.39183E-1 4.33801E-1 4.58297E-1 4.96544E-1 5.39923E-1 5.53767E-1 5.72094E-1 6.00261E-1 6.14885E-1
5.68183E-1 5.7756E-1 5.78399E-1 5.82234E-1 5.8064E-1 5.79759E-1 5.78615E-1 5.72893E-1 5.77293E-1 5.85854E-1 5.87685E-1 5.74878E-1 5.62317E-1 5.68281E-1 5.68178E-1 5.63588E-1 5.5999E-1 5.61072E-1 5.60754E-1 5.56837E-1 5.54182E-1 5.5933E-1 5.67063E-1 5.63102E-1 5.63265E-1 5.66955E-1 5.63653E-1 5.52374E-1 5.46379E-1 5.45391E-1 5.38126E-1 5.24585E-1 5.17533E-1 5.25858E-1 5.36065E-1 5.46181E-1 5.52175E-1 5.52832E-1 5.57547E-1 5.65839E-1 5.66997E-1 5.6553E-1 5.57536E-1 5.57928E-1 5.53334E-1 5.42374E-1 5.22868E-1 4.85462E-1 4.58663E-1 4.53102E-1 4.62896E-1 4.5765E-1 4.24025E-1 4.42835E-1 4.72659E-1 5.23021E-1 5.56996E-1 5.74444E-1 5.84235E-1 6.17404E-1 6.37759E-1
5.82923E-1 5.85389E-1 5.97784E-1 5.94953E-1 5.9738E-1 6.01486E-1 5.88981E-1 5.83369E-1 5.86071E-1 5.98509E-1 6.01613E-1 5.92356E-1 5.72974E-1 5.65297E-1 5.64656E-1 5.65085E-1 5.63572E-1 5.62942E-1 5.64351E-1 5.64255E-1 5.58671E-1 5.61894E-1 5.75409E-1 5.77325E-1 5.87827E-1 5.7559E-1 5.74104E-1 5.65182E-1 5.58312E-1 5.55343E-1 5.43273E-1 5.25856E-1 5.21734E-1 5.33897E-1 5.4033E-1 5.49244E-1 5.63648E-1 5.64392E-1 5.54409E-1 5.5082E-1 5.51037E-1 5.51371E-1 5.47621E-1 5.41514E-1 5.23709E-1 5.12715E-1 5.10603E-1 4.68346E-1 4.60553E-1 4.59393E-1 4.52988E-1 4.58273E-1 4.70396E-1 4.68281E-1 5.12741E-1 5.61185E-1 5.96198E-1 6.11239E-1 6.23179E-1 6.36674E-1 6.50084E-1
5.86823E-1 6.04258E-1 5.94635E-1 6.08288E-1 6.25087E-1 6.26061E-1 6.28932E-1 6.25759E-1 5.99235E-1 6.0364E-1 6.06504E-1 5.97891E-1 5.79093E-1 5.70784E-1 5.69085E-1 5.6488E-1 5.68861E-1 5.69256E-1 5.63065E-1 5.64749E-1 5.58045E-1 5.63812E-1 5.74364E-1 5.86079E-1 5.81809E-1 5.74696E-1 5.79519E-1 5.79634E-1 5.7901E-1 5.65322E-1 5.48897E-1 5.20564E-1 5.26474E-1 5.45894E-1 5.45722E-1 5.5311E-1 5.49423E-1 5.56602E-1 5.48956E-1 5.17488E-1 5.20633E-1 5.27288E-1 5.29516E-1 5.24718E-1 5.11575E-1 5.04588E-1 4.83963E-1 4.50108E-1 4.49708E-1 4.528E-1 4.55863E-1 4.61902E-1 4.78515E-1 4.6662E-1 4.87266E-1 5.3189E-1 6.10027E-1 6.47483E-1 6.8251E-1 6.68499E-1 6.7388E-1
5.7905E-1 6.11677E-1 6.14113E-1 6.2755E-1 6.38981E-1 6.36154E-1 6.57644E-1 6.54673E-1 6.37511E-1 6.09756E-1 6.09134E-1 5.97442E-1 5.80472E-1 5.66499E-1 5.73454E-1 5.70987E-1 5.6823E-1 5.81791E-1 5.81505E-1 5.84408E-1 5.7229E-1 5.64747E-1 5.81508E-1 5.91056E-1 5.96264E-1 6.17574E-1 6.09615E-1 5.87916E-1 5.938E-1 5.74717E-1 5.6381E-1 5.42915E-1 5.45991E-1 5.50712E-1 5.41086E-1 5.35177E-1 5.32202E-1 5.10587E-1 4.89668E-1 5.07587E-1 4.87209E-1 5.16329E-1 5.20143E-1 5.14159E-1 5.10381E-1 5.04132E-1 5.02488E-1 4.81345E-1 4.6615E-1 4.57202E-1 4.62431E-1 4.68396E-1 4.57433E-1 4.6497E-1 5.01583E-1 5.93954E-1 6.23957E-1 6.47281E-1 6.58413E-1 6.58763E-1 6.7256E-1
6.05713E-1 6.25984E-1 6.31838E-1 6.38942E-1 6.45669E-1 6.42146E-1 6.43148E-1 6.58329E-1 6.47575E-1 6.20521E-1 6.18748E-1 6.03522E-1 5.81987E-1 5.64717E-1 5.70357E-1 5.67306E-1 5.667E-1 5.80851E-1 5.89245E-1 5.97813E-1 5.89596E-1 5.84034E-1 5.95554E-1 6.06424E-1 6.00762E-1 5.94762E-1 5.81827E-1 5.83645E-1 5.85551E-1 5.71722E-1 5.61562E-1 5.59347E-1 5.61721E-1 5.57397E-1 5.4672E-1 5.23719E-1 5.24598E-1 5.12805E-1 5.1441E-1 5.11186E-1 5.27037E-1 5.14601E-1 5.17672E-1 5.25054E-1 5.31091E-1 5.20631E-1 4.86466E-1 4.62583E-1 4.59191E-1 4.56088E-1 4.57241E-1 4.52687E-1 4.62903E-1 4.71767E-1 5.89868E-1 6.34811E-1 6.46954E-1 6.56084E-1 6.56266E-1 6.66032E-1 6.8132E-1
6.2785E-1 6.38076E-1 6.44788E-1 6.39834E-1 6.33788E-1 6.34853E-1 6.33042E-1 6.61743E-1 6.46429E-1 6.26636E-1 6.1619E-1 6.14993E-1 5.95397E-1 5.80548E-1 5.74647E-1 5.70847E-1 5.73555E-1 5.8814E-1 6.00171E-1 6.07492E-1 6.07067E-1 6.00072E-1 6.0358E-1 6.18345E-1 6.19587E-1 5.93246E-1 5.82659E-1 5.81726E-1 5.95405E-1 5.79465E-1 5.68036E-1 5.60267E-1 5.41267E-1 5.43294E-1 5.42847E-1 5.31178E-1 5.22187E-1 5.2147E-1 5.22485E-1 5.27314E-1 5.42895E-1 5.31715E-1 5.27417E-1 5.40957E-1 5.15552E-1 4.88065E-1 4.39026E-1 4.70859E-1 4.64358E-1 4.58007E-1 4.79815E-1 5.44738E-1 5.88816E-1 6.05187E-1 6.29644E-1 6.44639E-1 6.60034E-1 6.59577E-1 6.70517E-1 6.80289E-1 6.85118E-1
6.36962E-1 6.35559E-1 6.51234E-1 6.32092E-1 6.24139E-1 6.1898E-1 6.22405E-1 6.57643E-1 6.3153E-1 6.23632E-1 6.18988E-1 6.05222E-1 5.96714E-1 5.82182E-1 5.75121E-1 5.72065E-1 5.84305E-1 6.05111E-1 6.15851E-1 6.25938E-1 6.19804E-1 6.17792E-1 6.1071E-1 5.95235E-1 5.89041E-1 5.88009E-1 5.63757E-1 5.74858E-1 5.91563E-1 5.78618E-1 5.51263E-1 5.56936E-1 5.71249E-1 5.5836E-1 5.41668E-1 5.32676E-1 5.27821E-1 5.24777E-1 5.27078E-1 5.29683E-1 5.18168E-1 5.38511E-1 5.37944E-1 5.32393E-1 5.01826E-1 4.66507E-1 4.5751E-1 4.7544E-1 4.86174E-1 5.30049E-1 5.80924E-1 6.17978E-1 6.35859E-1 6.48301E-1 6.6171E-1 6.58255E-1 6.63837E-1 6.69371E-1 6.74259E-1 6.83676E-1 6.95619E-1
6.39486E-1 6.46764E-1 6.44899E-1 6.1935E-1 6.16097E-1 6.15458E-1 6.17728E-1 6.25366E-1 6.29728E-1 6.01319E-1 6.03143E-1 5.97462E-1 5.96959E-1 5.89581E-1 5.8682E-1 6.03263E-1 6.17605E-1 6.11152E-1 6.19188E-1 6.30096E-1 6.33759E-1 6.27896E-1 6.03502E-1 5.88376E-1 5.79136E-1 5.63684E-1 5.60717E-1 5.71102E-1 5.76044E-1 5.535E-1 5.44946E-1 5.89638E-1 5.83546E-1 5.56087E-1 5.37144E-1 5.57562E-1 5.45412E-1 5.23918E-1 5.26461E-1 5.12669E-1 5.1238E-1 5.1864E-1 5.21024E-1 5.07145E-1 4.74074E-1 4.53817E-1 4.79358E-1 5.45591E-1 6.15284E-1 6.31107E-1 6.28145E-1 6.34188E-1 6.40601E-1 6.43936E-1 6.48975E-1 6.62203E-1 6.58516E-1 6.73502E-1 6.74779E-1 6.84695E-1 6.90625E-1
6.36643E-1 6.38663E-1 6.33678E-1 6.22692E-1 6.22313E-1 6.31227E-1 6.18149E-1 6.11896E-1 6.15427E-1 5.86792E-1 5.89113E-1 5.93503E-1 5.94006E-1 5.94862E-1 6.02681E-1 6.21673E-1 6.33976E-1 6.17995E-1 6.23544E-1 6.32422E-1 6.35183E-1 6.36066E-1 6.05347E-1 5.95288E-1 5.67121E-1 5.56581E-1 5.602E-1 5.71174E-1 5.76054E-1 5.58555E-1 5.72202E-1 5.75142E-1 5.66757E-1 5.54372E-1 5.38824E-1 5.30816E-1 5.22005E-1 5.18786E-1 5.25809E-1 5.07178E-1 4.93281E-1 5.01477E-1 4.96046E-1 4.5622E-1 4.38225E-1 5.26488E-1 5.84063E-1 6.35527E-1 6.44055E-1 6.47547E-1 6.44738E-1 6.40024E-1 6.48948E-1 6.58716E-1 6.58901E-1 6.51777E-1 6.73036E-1 6.83011E-1 6.82571E-1 6.90599E-1 6.90621E-1
