maxent_outputs/white_flowers_linear/white_137.asc
ncols         426
nrows         180
xllcorner     -130.0
yllcorner     24.0
cellsize      0.16666666666666666
NODATA_value  -9999
[rows 54 to 80 of 180, columns 305 to 365 of 426]
6.53449E-1 6.46043E-1 6.47767E-1 6.39713E-1 6.37202E-1 6.32621E-1 6.28175E-1 6.22838E-1 6.20669E-1 6.20673E-1 6.15913E-1 6.21135E-1 6.20646E-1 6.18973E-1 6.20893E-1 6.2088E-1 6.17192E-1 6.14494E-1 6.23276E-1 6.27428E-1 6.32652E-1 6.37061E-1 6.29235E-1 6.41935E-1 6.57067E-1 6.53629E-1 6.44593E-1 6.41791E-1 6.37267E-1 6.3585E-1 6.2704E-1 6.23657E-1 6.19145E-1 5.97528E-1 5.87385E-1 6.1244E-1 6.16493E-1 6.31286E-1 6.45528E-1 6.76243E-1 6.68246E-1 6.4395E-1 6.38995E-1 6.41576E-1 6.33006E-1 6.18386E-1 6.08266E-1 6.26049E-1 6.09282E-1 6.12278E-1 6.23076E-1 6.42452E-1 6.51403E-1 6.57142E-1 6.62455E-1 6.61184E-1 6.56733E-1 6.5742E-1 6.56887E-1 6.56466E-1 6.61642E-1
6.49906E-1 6.4688E-1 6.52244E-1 6.48231E-1 6.44308E-1 6.36879E-1 6.32173E-1 6.28154E-1 6.27525E-1 6.25221E-1 6.21697E-1 6.20905E-1 6.22542E-1 6.22678E-1 6.24159E-1 6.29644E-1 6.33859E-1 6.45909E-1 6.34677E-1 6.29509E-1 6.31072E-1 6.30597E-1 6.31338E-1 6.25878E-1 6.26584E-1 6.24812E-1 6.22188E-1 6.21853E-1 6.21677E-1 6.20258E-1 6.2662E-1 6.28532E-1 6.20941E-1 5.93905E-1 5.94931E-1 6.16365E-1 6.07701E-1 6.23192E-1 6.5016E-1 6.66194E-1 6.54551E-1 6.32125E-1 6.3661E-1 6.28797E-1 6.2043E-1 6.12145E-1 6.28908E-1 6.12913E-1 6.02405E-1 6.14217E-1 6.4261E-1 6.52115E-1 6.59294E-1 6.72715E-1 6.7851E-1 6.69936E-1 6.61714E-1 6.5863E-1 6.61898E-1 6.639E-1 6.75784E-1
6.52944E-1 6.53713E-1 6.53108E-1 6.45951E-1 6.47069E-1 6.3869E-1 6.38841E-1 6.38033E-1 6.3962E-1 6.32032E-1 6.28303E-1 6.29862E-1 6.30151E-1 6.30232E-1 6.34968E-1 6.45377E-1 6.53118E-1 6.47259E-1 6.50729E-1 6.42916E-1 6.41711E-1 6.32599E-1 6.17998E-1 6.14428E-1 6.14973E-1 6.21259E-1 6.16234E-1 6.22279E-1 6.2073E-1 6.20956E-1 6.22076E-1 6.16423E-1 6.05274E-1 5.98449E-1 6.24022E-1 6.23682E-1 6.07936E-1 6.23496E-1 6.51514E-1 6.30545E-1 6.31785E-1 6.32612E-1 6.23547E-1 6.10796E-1 6.21181E-1 6.01842E-1 6.28146E-1 6.12367E-1 6.24178E-1 6.53897E-1 6.48252E-1 6.49632E-1 6.60005E-1 6.79039E-1 6.86646E-1 6.8674E-1 6.70055E-1 6.61154E-1 6.72612E-1 6.78873E-1 6.88926E-1
6.49891E-1 6.45294E-1 6.45341E-1 6.4435E-1 6.44477E-1 6.31727E-1 6.28705E-1 6.34256E-1 6.38223E-1 6.34734E-1 6.34336E-1 6.39573E-1 6.40091E-1 6.36184E-1 6.43225E-1 6.55778E-1 6.56084E-1 6.49909E-1 6.49831E-1 6.55911E-1 6.53251E-1 6.32643E-1 6.20528E-1 6.19738E-1 6.21568E-1 6.24814E-1 6.24106E-1 6.19609E-1 6.19949E-1 6.16861E-1 6.13033E-1 6.23118E-1 6.08143E-1 6.11476E-1 6.27735E-1 6.37234E-1 6.1025E-1 6.28452E-1 6.33961E-1 6.41837E-1 6.30947E-1 6.28012E-1 6.09159E-1 6.02465E-1 6.04878E-1 5.98213E-1 6.43659E-1 6.49879E-1 6.57757E-1 6.56887E-1 6.50061E-1 6.58619E-1 6.69362E-1 6.82594E-1 6.89073E-1 6.88964E-1 6.82158E-1 6.8369E-1 6.87955E-1 6.96384E-1 7.00749E-1
6.43622E-1 6.47251E-1 6.46946E-1 6.40556E-1 6.39534E-1 6.37984E-1 6.40737E-1 6.36769E-1 6.4586E-1 6.43867E-1 6.45981E-1 6.46296E-1 6.44177E-1 6.44845E-1 6.57769E-1 6.72307E-1 6.73459E-1 6.7985E-1 6.78738E-1 6.51242E-1 6.39719E-1 6.30404E-1 6.30663E-1 6.30122E-1 6.32039E-1 6.32676E-1 6.32128E-1 6.32745E-1 6.28091E-1 6.28384E-1 6.24437E-1 6.27254E-1 6.31814E-1 6.22624E-1 6.17195E-1 6.16864E-1 6.17334E-1 6.47699E-1 6.35168E-1 6.21146E-1 6.20725E-1 6.29823E-1 6.07412E-1 6.04621E-1 6.09277E-1 6.51459E-1 6.82447E-1 7.02922E-1 6.83788E-1 6.68042E-1 6.66074E-1 6.67724E-1 6.77707E-1 6.88647E-1 6.9693E-1 7.01837E-1 6.9697E-1 7.00849E-1 7.02246E-1 7.06152E-1 7.1575E-1
6.47064E-1 6.5111E-1 6.44717E-1 6.48122E-1 6.47564E-1 6.519E-1 6.47458E-1 6.49345E-1 6.5988E-1 6.61725E-1 6.60479E-1 6.70736E-1 6.65174E-1 6.82733E-1 7.08107E-1 7.35943E-1 7.08476E-1 6.82695E-1 6.63743E-1 6.5036E-1 6.41649E-1 6.45489E-1 6.48916E-1 6.45317E-1 6.46709E-1 6.46221E-1 6.47468E-1 6.45356E-1 6.39386E-1 6.34999E-1 6.33124E-1 6.42571E-1 6.38111E-1 6.23672E-1 6.19399E-1 6.03709E-1 6.21575E-1 6.55483E-1 6.49929E-1 6.30221E-1 6.33852E-1 6.26294E-1 6.09173E-1 6.26006E-1 6.59632E-1 6.86525E-1 6.96439E-1 6.8948E-1 6.81554E-1 6.71306E-1 6.76324E-1 6.81053E-1 6.89556E-1 6.99207E-1 7.02081E-1 7.07054E-1 7.1233E-1 7.18641E-1 7.19732E-1 7.24516E-1 7.31625E-1
6.59149E-1 6.61952E-1 6.66753E-1 6.82549E-1 6.94164E-1 7.09083E-1 7.19117E-1 7.24662E-1 7.31944E-1 7.29684E-1 7.08583E-1 6.94261E-1 6.79917E-1 7.19614E-1 7.51611E-1 7.50164E-1 7.40471E-1 7.10336E-1 6.85712E-1 6.74931E-1 6.70095E-1 6.56726E-1 6.49939E-1 6.57689E-1 6.62872E-1 6.61351E-1 6.62654E-1 6.61277E-1 6.55613E-1 6.40578E-1 6.30993E-1 6.32184E-1 6.26258E-1 6.2564E-1 6.16024E-1 6.05904E-1 6.26809E-1 6.63777E-1 6.56363E-1 6.34011E-1 6.40687E-1 6.36404E-1 6.30967E-1 6.43369E-1 6.62057E-1 6.768E-1 6.96559E-1 6.9572E-1 6.87331E-1 6.81037E-1 6.80846E-1 7.05264E-1 6.9646E-1 6.99265E-1 7.07221E-1 7.18085E-1 7.37532E-1 7.50599E-1 7.48581E-1 7.68721E-1 8.10388E-1
7.14413E-1 7.34922E-1 7.37834E-1 7.42689E-1 7.45015E-1 7.43431E-1 7.42421E-1 7.43828E-1 7.47108E-1 7.47348E-1 7.50515E-1 7.4797E-1 7.49039E-1 7.60596E-1 7.65795E-1 7.7022E-1 7.69002E-1 7.27633E-1 6.89315E-1 6.87709E-1 6.86309E-1 6.7794E-1 6.68618E-1 6.79348E-1 6.84979E-1 6.78842E-1 6.81047E-1 6.78535E-1 6.72944E-1 6.50662E-1 6.48154E-1 6.37216E-1 6.34719E-1 6.38159E-1 6.2934E-1 6.16252E-1 6.23054E-1 6.59952E-1 6.65152E-1 6.57379E-1 6.51054E-1 6.40941E-1 6.49035E-1 6.58485E-1 6.60144E-1 6.67679E-1 6.7632E-1 6.87908E-1 6.80399E-1 6.79356E-1 6.78458E-1 6.91509E-1 6.91203E-1 7.07295E-1 7.48283E-1 7.58176E-1 7.54061E-1 7.80192E-1 -9999 8.46405E-1 -9999
7.481E-1 7.4537E-1 7.4506E-1 7.43034E-1 7.4092E-1 7.38336E-1 7.37318E-1 7.3788E-1 7.42523E-1 7.48587E-1 7.51118E-1 7.53143E-1 7.5481E-1 7.60959E-1 7.67976E-1 7.71804E-1 7.57594E-1 7.32613E-1 6.99029E-1 7.0018E-1 7.00814E-1 6.9425E-1 6.9041E-1 6.93638E-1 7.03368E-1 6.9819E-1 6.93919E-1 6.91498E-1 6.88051E-1 6.7275E-1 6.63509E-1 6.54815E-1 6.4482E-1 6.51225E-1 6.31824E-1 6.16279E-1 6.21644E-1 6.34921E-1 6.82137E-1 6.73193E-1 6.56306E-1 6.52507E-1 6.55257E-1 6.64178E-1 6.61275E-1 6.63013E-1 6.71813E-1 6.86504E-1 6.7902E-1 6.77952E-1 6.83487E-1 6.89365E-1 7.00631E-1 7.21335E-1 -9999 -9999 -9999 -9999 -9999 -9999 -9999
7.47266E-1 7.43802E-1 7.32581E-1 7.14543E-1 7.09268E-1 7.01691E-1 6.96491E-1 6.97441E-1 7.12601E-1 7.35892E-1 7.43539E-1 7.43804E-1 7.45826E-1 7.49081E-1 7.39317E-1 7.09615E-1 7.06056E-1 7.02009E-1 7.05085E-1 7.09797E-1 7.09644E-1 7.045E-1 7.06035E-1 7.02341E-1 7.01618E-1 7.02447E-1 7.00693E-1 7.01143E-1 6.94925E-1 6.87397E-1 6.79853E-1 6.65562E-1 6.55856E-1 6.41534E-1 6.27324E-1 6.228E-1 6.45785E-1 6.70165E-1 6.86331E-1 6.76379E-1 6.64692E-1 6.64233E-1 6.64807E-1 6.6493E-1 6.66493E-1 6.59531E-1 6.60045E-1 6.68855E-1 6.79472E-1 6.81906E-1 6.883E-1 7.01035E-1 7.1985E-1 -9999 -9999 -9999 -9999 -9999 -9999 -9999 -9999
6.98779E-1 6.9682E-1 6.87435E-1 6.79226E-1 6.69069E-1 6.57764E-1 6.52106E-1 6.47839E-1 6.5893E-1 6.79755E-1 6.81449E-1 6.75475E-1 6.75153E-1 6.86522E-1 6.91206E-1 6.96742E-1 6.99223E-1 6.969E-1 7.04732E-1 7.15659E-1 7.07141E-1 6.90621E-1 6.83277E-1 6.82859E-1 6.83338E-1 6.93452E-1 7.01988E-1 6.99699E-1 7.00555E-1 6.94204E-1 6.8429E-1 6.73155E-1 6.59789E-1 6.35903E-1 6.29274E-1 6.46598E-1 6.79816E-1 7.02963E-1 6.9772E-1 6.84276E-1 6.73935E-1 6.79067E-1 6.78384E-1 6.7649E-1 6.71578E-1 6.58542E-1 6.58986E-1 6.72987E-1 6.8323E-1 6.80541E-1 7.0001E-1 7.17575E-1 -9999 -9999 -9999 -9999 -9999 -9999 -9999 -9999 -9999
6.93814E-1 6.93334E-1 6.85871E-1 6.74846E-1 6.68453E-1 6.51692E-1 6.38864E-1 6.40665E-1 6.4838E-1 6.55436E-1 6.60024E-1 6.62974E-1 6.68607E-1 6.76088E-1 6.85058E-1 6.81915E-1 6.83055E-1 6.81424E-1 6.77875E-1 6.86129E-1 6.78816E-1 6.71614E-1 6.74577E-1 6.71171E-1 6.74063E-1 6.68298E-1 6.74722E-1 6.95892E-1 6.94453E-1 6.88465E-1 6.80141E-1 6.75578E-1 6.63317E-1 6.41792E-1 6.32675E-1 6.64347E-1 6.9715E-1 7.22373E-1 7.03908E-1 6.95704E-1 6.77547E-1 6.85378E-1 6.88215E-1 6.8225E-1 6.80898E-1 6.6957E-1 6.65494E-1 6.80944E-1 6.88793E-1 6.99189E-1 7.16931E-1 7.24802E-1 -9999 -9999 -9999 -9999 -9999 -9999 -9999 -9999 -9999
6.94373E-1 7.03433E-1 6.9067E-1 6.7401E-1 6.67367E-1 6.55961E-1 6.41822E-1 6.36705E-1 6.38015E-1 6.40317E-1 6.45847E-1 6.50324E-1 6.5577E-1 6.70941E-1 6.75801E-1 6.63674E-1 6.66976E-1 6.7644E-1 6.77346E-1 6.76422E-1 6.7771E-1 6.71055E-1 6.74399E-1 6.75552E-1 6.72768E-1 6.71433E-1 6.65314E-1 6.65143E-1 6.69267E-1 6.70089E-1 6.71137E-1 6.69706E-1 6.61342E-1 6.47452E-1 6.43537E-1 6.62135E-1 7.15072E-1 7.24396E-1 7.12477E-1 6.92265E-1 6.87132E-1 6.85456E-1 6.94077E-1 6.87089E-1 6.89625E-1 6.7896E-1 6.70497E-1 6.91192E-1 7.01692E-1 7.14883E-1 7.22514E-1 8.22882E-1 -9999 -9999 -9999 -9999 -9999 -9999 -9999 -9999 -9999
7.25059E-1 6.98366E-1 6.80153E-1 6.75961E-1 6.61696E-1 6.57581E-1 6.39693E-1 6.28283E-1 6.2964E-1 6.41009E-1 6.51077E-1 6.43984E-1 6.39597E-1 6.64951E-1 6.74477E-1 6.57916E-1 6.66653E-1 6.78271E-1 6.79016E-1 6.77822E-1 6.75068E-1 6.66553E-1 6.71659E-1 6.66051E-1 6.6462E-1 6.68685E-1 6.69276E-1 6.64839E-1 6.63909E-1 6.66642E-1 6.66406E-1 6.62118E-1 6.57114E-1 6.55664E-1 6.74265E-1 6.85014E-1 7.08706E-1 7.15842E-1 7.11521E-1 7.01926E-1 6.90249E-1 6.92046E-1 6.88083E-1 6.9342E-1 7.00259E-1 6.94718E-1 6.9768E-1 7.11553E-1 7.2601E-1 7.30526E-1 7.40043E-1 7.66012E-1 -9999 -9999 -9999 -9999 -9999 -9999 -9999 -9999 -9999
6.80134E-1 6.69537E-1 6.68724E-1 6.6509E-1 6.5026E-1 6.42364E-1 6.28529E-1 6.26858E-1 6.21147E-1 6.19738E-1 6.27369E-1 6.30163E-1 6.34679E-1 6.4346E-1 6.52941E-1 6.6676E-1 6.64008E-1 6.65528E-1 6.74542E-1 6.75191E-1 6.77051E-1 6.70611E-1 6.68078E-1 6.64333E-1 6.61395E-1 6.61975E-1 6.57613E-1 6.59468E-1 6.62591E-1 6.63981E-1 6.65903E-1 6.61712E-1 6.56462E-1 6.62176E-1 6.73777E-1 6.91933E-1 6.98744E-1 7.0362E-1 7.11228E-1 6.98267E-1 7.04382E-1 6.93203E-1 6.86844E-1 6.96076E-1 7.10848E-1 7.14775E-1 7.21078E-1 7.31392E-1 7.38663E-1 7.39678E-1 7.49145E-1 7.57898E-1 -9999 -9999 -9999 -9999 -9999 -9999 -9999 -9999 -9999
6.74286E-1 6.73603E-1 6.70396E-1 6.58651E-1 6.41082E-1 6.30218E-1 6.18656E-1 6.21737E-1 6.14487E-1 6.07261E-1 6.06522E-1 6.2013E-1 6.23298E-1 6.36528E-1 6.43652E-1 6.54726E-1 6.62364E-1 6.73849E-1 6.74203E-1 6.76363E-1 6.7825E-1 6.72735E-1 6.71498E-1 6.6759E-1 6.64046E-1 6.59535E-1 6.51307E-1 6.55796E-1 6.57278E-1 6.65163E-1 6.62767E-1 6.64994E-1 6.61354E-1 6.62556E-1 6.71474E-1 6.76728E-1 6.99216E-1 7.02836E-1 7.13735E-1 7.04985E-1 7.19846E-1 7.15045E-1 7.03003E-1 7.12517E-1 7.24268E-1 7.289E-1 7.30358E-1 7.40214E-1 7.44616E-1 7.51503E-1 -9999 -9999 -9999 -9999 -9999 -9999 -9999 -9999 -9999 -9999 -9999
6.76319E-1 6.75E-1 6.73323E-1 6.58479E-1 6.41421E-1 6.22582E-1 6.13526E-1 6.07992E-1 6.1045E-1 6.10869E-1 6.06614E-1 6.10046E-1 6.20321E-1 6.27872E-1 6.36872E-1 6.51647E-1 6.60636E-1 6.66405E-1 6.71627E-1 6.75103E-1 6.7548E-1 6.7413E-1 6.76054E-1 6.77526E-1 6.70606E-1 6.61957E-1 6.61157E-1 6.68678E-1 6.8227E-1 6.84687E-1 6.92185E-1 6.76871E-1 6.66748E-1 6.75754E-1 6.84486E-1 6.99941E-1 7.12574E-1 7.19628E-1 7.21429E-1 7.17134E-1 7.21071E-1 7.22775E-1 7.15099E-1 7.2095E-1 7.27034E-1 7.3466E-1 7.34733E-1 7.4581E-1 7.54868E-1 7.65155E-1 7.73651E-1 -9999 -9999 -9999 -9999 -9999 -9999 -9999 -9999 -9999 -9999
6.81911E-1 6.7977E-1 6.74913E-1 6.60082E-1 6.33728E-1 6.2126E-1 6.11418E-1 6.02578E-1 6.01705E-1 6.01744E-1 6.02125E-1 6.05631E-1 6.14006E-1 6.2437E-1 6.35334E-1 6.46822E-1 6.53133E-1 6.5905E-1 6.65931E-1 6.68319E-1 6.73113E-1 6.79686E-1 6.84507E-1 6.87355E-1 6.82354E-1 6.76628E-1 6.77752E-1 7.00914E-1 7.09258E-1 7.06761E-1 7.0123E-1 6.82274E-1 6.77909E-1 6.81546E-1 6.99926E-1 7.08997E-1 7.24451E-1 7.32551E-1 7.21698E-1 7.20787E-1 7.32007E-1 7.37161E-1 7.35485E-1 7.29682E-1 7.36716E-1 7.39895E-1 7.41278E-1 7.51916E-1 7.60577E-1 7.68939E-1 7.81789E-1 7.9311E-1 -9999 7.69606E-1 7.77578E-1 -9999 -9999 -9999 -9999 -9999 -9999
6.78688E-1 6.81185E-1 6.7265E-1 6.5927E-1 6.41814E-1 6.23371E-1 6.12793E-1 6.0811E-1 6.04576E-1 6.06103E-1 6.05501E-1 6.0578E-1 6.13813E-1 6.1726E-1 6.2959E-1 6.39594E-1 6.47588E-1 6.55031E-1 6.65313E-1 6.71199E-1 6.74656E-1 6.83315E-1 6.92388E-1 6.90899E-1 6.8805E-1 6.86768E-1 6.95881E-1 7.06459E-1 7.19956E-1 7.14555E-1 6.94535E-1 6.87829E-1 6.88983E-1 6.90475E-1 7.05083E-1 7.23867E-1 7.34256E-1 7.39636E-1 7.26965E-1 7.29356E-1 7.40951E-1 7.48262E-1 7.48157E-1 7.40941E-1 7.4804E-1 7.52421E-1 7.51862E-1 7.61957E-1 7.70565E-1 7.79682E-1 7.87136E-1 7.86971E-1 -9999 -9999 7.91607E-1 8.04757E-1 -9999 -9999 -9999 -9999 -9999
6.74725E-1 6.73056E-1 6.65351E-1 6.55902E-1 6.42426E-1 6.31623E-1 6.21217E-1 6.14846E-1 6.20573E-1 6.18409E-1 6.1033E-1 6.04077E-1 6.1303E-1 6.18211E-1 6.27075E-1 6.40247E-1 6.49465E-1 6.52175E-1 6.56024E-1 6.58383E-1 6.67748E-1 6.81037E-1 6.90562E-1 6.87125E-1 6.84426E-1 6.86565E-1 6.94808E-1 6.9927E-1 7.06491E-1 7.03453E-1 6.88583E-1 6.91296E-1 6.89937E-1 7.06693E-1 7.22852E-1 7.32175E-1 7.38779E-1 7.42858E-1 7.4076E-1 7.44123E-1 7.5228E-1 7.55768E-1 7.54818E-1 7.53677E-1 7.56643E-1 7.61382E-1 7.58489E-1 7.74232E-1 7.80313E-1 7.87257E-1 7.88409E-1 7.87456E-1 7.88229E-1 7.87916E-1 7.99427E-1 8.08236E-1 -9999 -9999 -9999 -9999 -9999
6.73656E-1 6.68615E-1 6.6117E-1 6.57139E-1 6.51879E-1 6.43087E-1 6.37786E-1 6.35833E-1 6.32021E-1 6.28068E-1 6.25066E-1 6.15602E-1 6.183E-1 6.29299E-1 6.39275E-1 6.45847E-1 6.48674E-1 6.57243E-1 6.61581E-1 6.59411E-1 6.60341E-1 6.70731E-1 6.82669E-1 6.80152E-1 6.87534E-1 6.96929E-1 7.06804E-1 7.15111E-1 7.08029E-1 6.9302E-1 6.97261E-1 7.02422E-1 7.0362E-1 7.19723E-1 7.26622E-1 7.341E-1 7.42223E-1 7.51857E-1 7.55646E-1 7.61393E-1 7.63382E-1 7.6568E-1 7.66684E-1 7.66659E-1 7.66587E-1 7.66003E-1 7.72289E-1 7.86492E-1 7.86629E-1 7.90856E-1 8.02582E-1 7.96225E-1 7.89927E-1 7.84883E-1 7.9685E-1 8.27978E-1 -9999 -9999 -9999 -9999 -9999
6.712E-1 6.67298E-1 6.62436E-1 6.54447E-1 6.56268E-1 6.50765E-1 6.4804E-1 6.44946E-1 6.43678E-1 6.41804E-1 6.40994E-1 6.38422E-1 6.42543E-1 6.48851E-1 6.54262E-1 6.54407E-1 6.56508E-1 6.6147E-1 6.70368E-1 6.64338E-1 6.59967E-1 6.71771E-1 6.81978E-1 6.9169E-1 6.93877E-1 7.02674E-1 7.11033E-1 7.10466E-1 7.08056E-1 7.08697E-1 7.21284E-1 7.28983E-1 7.2915E-1 7.3112E-1 7.36962E-1 7.45449E-1 7.57646E-1 7.65842E-1 7.67817E-1 7.75729E-1 7.79928E-1 7.80224E-1 7.78962E-1 7.72383E-1 7.68388E-1 7.6976E-1 7.78516E-1 7.89458E-1 7.93216E-1 8.17784E-1 8.09562E-1 7.95816E-1 8.04722E-1 8.28556E-1 8.04733E-1 -9999 -9999 -9999 -9999 -9999 -9999
6.73259E-1 6.64982E-1 6.60851E-1 6.63789E-1 6.62889E-1 6.57573E-1 6.55562E-1 6.53255E-1 6.5066E-1 6.55293E-1 6.57497E-1 6.59146E-1 6.6009E-1 6.65136E-1 6.60248E-1 6.55755E-1 6.60154E-1 6.63299E-1 6.68891E-1 6.66384E-1 6.77218E-1 6.92832E-1 7.01264E-1 7.02217E-1 7.00831E-1 7.06338E-1 7.11153E-1 7.14417E-1 7.23755E-1 7.33674E-1 7.38196E-1 7.40243E-1 7.35134E-1 7.44445E-1 7.52693E-1 7.58954E-1 7.65565E-1 7.70995E-1 7.7554E-1 7.78017E-1 7.8338E-1 7.86751E-1 7.85623E-1 7.92568E-1 7.7232E-1 7.92126E-1 -9999 -9999 -9999 -9999 8.14403E-1 -9999 -9999 8.00831E-1 7.84845E-1 7.87327E-1 -9999 -9999 -9999 -9999 -9999
6.74604E-1 6.70797E-1 6.64479E-1 6.70348E-1 6.62795E-1 6.56294E-1 6.55584E-1 6.5399E-1 6.61966E-1 6.61973E-1 6.64601E-1 6.68607E-1 6.75753E-1 6.74638E-1 6.62902E-1 6.62327E-1 6.6216E-1 6.72639E-1 6.79091E-1 6.84697E-1 6.9696E-1 7.05592E-1 7.11246E-1 7.06751E-1 7.11323E-1 7.14361E-1 7.12827E-1 7.33323E-1 7.50533E-1 7.49462E-1 7.43992E-1 7.50546E-1 7.48069E-1 7.55365E-1 7.59404E-1 7.62563E-1 7.90826E-1 -9999 -9999 7.88184E-1 7.96243E-1 7.9973E-1 8.01307E-1 7.99095E-1 -9999 7.83357E-1 -9999 -9999 -9999 -9999 -9999 -9999 -9999 -9999 -9999 -9999 -9999 -9999 -9999 -9999 -9999
6.84789E-1 6.82116E-1 6.79857E-1 6.73685E-1 6.68554E-1 6.59605E-1 6.63723E-1 6.6531E-1 6.61263E-1 6.64298E-1 6.69867E-1 6.80162E-1 6.82461E-1 6.78031E-1 6.77691E-1 6.73493E-1 6.74025E-1 6.88793E-1 6.97093E-1 7.01863E-1 7.07915E-1 7.06767E-1 7.03245E-1 7.14762E-1 7.2147E-1 7.23634E-1 7.31735E-1 7.46171E-1 7.55362E-1 7.55584E-1 7.53561E-1 7.59996E-1 7.5206E-1 7.59591E-1 7.70748E-1 7.69697E-1 7.73462E-1 7.70974E-1 7.7258E-1 7.73063E-1 7.9513E-1 7.90604E-1 7.92312E-1 -9999 -9999 -9999 -9999 -9999 -9999 -9999 -9999 -9999 -9999 -9999 -9999 -9999 -9999 -9999 -9999 -9999 -9999
6.88568E-1 6.88664E-1 6.84218E-1 6.79283E-1 6.71984E-1 6.74414E-1 6.68096E-1 6.6475E-1 6.69437E-1 6.71618E-1 6.82173E-1 6.88029E-1 6.90343E-1 6.8736E-1 6.86226E-1 6.85514E-1 6.90246E-1 6.97418E-1 7.12353E-1 7.15322E-1 7.04014E-1 6.95732E-1 7.02566E-1 7.08929E-1 7.26254E-1 7.33533E-1 7.34769E-1 7.40567E-1 7.46428E-1 7.56263E-1 7.63091E-1 7.69117E-1 7.56198E-1 7.39686E-1 7.51537E-1 7.62305E-1 7.64374E-1 7.65589E-1 7.66896E-1 7.65588E-1 -9999 -9999 -9999 -9999 -9999 -9999 -9999 -9999 -9999 -9999 -9999 -9999 -9999 -9999 -9999 -9999 -9999 -9999 -9999 -9999 -9999
6.89454E-1 6.9012E-1 6.80976E-1 6.79126E-1 6.80879E-1 6.76241E-1 6.71572E-1 6.72914E-1 6.74372E-1 6.77902E-1 6.82202E-1 6.90878E-1 6.94291E-1 6.97321E-1 6.96744E-1 7.004E-1 7.01578E-1 7.09655E-1 7.12642E-1 7.10591E-1 7.04102E-1 7.02857E-1 7.12928E-1 7.20632E-1 7.27553E-1 7.32395E-1 7.25986E-1 7.32744E-1 7.4092E-1 7.53328E-1 7.66843E-1 7.71224E-1 7.54567E-1 7.4297E-1 7.52139E-1 7.75888E-1 7.98673E-1 -9999 -9999 -9999 -9999 -9999 -9999 -9999 -9999 -9999 -9999 -9999 -9999 -9999 -9999 -9999 -9999 -9999 -9999 -9999 -9999 -9999 -9999 -9999 -9999
