maxent_outputs/white_flowers_linear/white_16.asc
ncols         426
nrows         180
xllcorner     -130.0
yllcorner     24.0
cellsize      0.16666666666666666
NODATA_value  -9999
[rows 54 to 80 of 180, columns 305 to 365 of 426]
5.35545E-2 4.89447E-2 4.86912E-2 4.51656E-2 4.50116E-2 4.42912E-2 4.65324E-2 4.82074E-2 4.86344E-2 4.92211E-2 4.8928E-2 5.27652E-2 5.44968E-2 5.7591E-2 5.97569E-2 6.27188E-2 6.60329E-2 6.59987E-2 6.89426E-2 7.09642E-2 7.0434E-2 6.80651E-2 6.52747E-2 6.71099E-2 7.71499E-2 7.94362E-2 7.7361E-2 7.566E-2 7.3085E-2 6.46912E-2 5.3865E-2 5.26709E-2 7.11251E-2 9.43829E-2 1.2288E-1 1.29071E-1 9.80372E-2 7.39738E-2 6.23909E-2 4.36792E-2 4.792E-2 5.20828E-2 4.37232E-2 3.6357E-2 3.46022E-2 3.68709E-2 3.83967E-2 2.8031E-2 3.81021E-2 3.76868E-2 3.74964E-2 2.94386E-2 3.70651E-2 4.56774E-2 5.87015E-2 6.38925E-2 6.14407E-2 6.42774E-2 6.36267E-2 6.41304E-2 6.53372E-2
5.70509E-2 5.4533E-2 5.73038E-2 5.59821E-2 5.50148E-2 5.23618E-2 5.37851E-2 5.4266E-2 5.50165E-2 5.563E-2 5.51501E-2 5.59042E-2 5.9173E-2 6.31301E-2 6.47665E-2 6.7772E-2 7.00634E-2 8.03362E-2 7.14988E-2 7.05913E-2 7.27584E-2 7.74105E-2 8.40148E-2 7.67826E-2 7.60476E-2 7.51606E-2 7.16905E-2 6.28083E-2 4.91504E-2 4.56511E-2 4.02193E-2 4.18664E-2 5.43017E-2 8.3636E-2 1.30452E-1 1.34831E-1 8.66833E-2 7.03327E-2 5.31936E-2 4.34731E-2 4.55645E-2 4.54696E-2 3.9753E-2 3.76491E-2 3.9423E-2 4.19234E-2 2.92141E-2 3.70008E-2 4.83657E-2 4.11094E-2 3.36647E-2 3.58963E-2 4.79329E-2 5.26279E-2 5.64167E-2 6.71871E-2 6.96166E-2 7.24813E-2 7.16358E-2 6.95488E-2 7.04391E-2
6.46677E-2 6.34011E-2 6.51697E-2 6.14968E-2 6.44296E-2 6.34689E-2 6.57134E-2 6.69859E-2 6.98353E-2 6.55697E-2 6.62624E-2 6.9135E-2 7.1341E-2 7.07107E-2 7.22317E-2 7.43443E-2 7.75794E-2 7.55366E-2 8.1048E-2 7.92163E-2 8.59004E-2 8.60467E-2 8.35574E-2 8.05411E-2 7.6101E-2 6.47717E-2 5.1049E-2 4.3979E-2 4.22686E-2 4.08973E-2 4.11433E-2 5.07607E-2 6.14436E-2 8.59398E-2 1.39144E-1 1.37137E-1 8.72519E-2 6.75408E-2 4.63E-2 5.54004E-2 5.08135E-2 3.84506E-2 4.4459E-2 4.19917E-2 4.2019E-2 5.2709E-2 3.9401E-2 5.03559E-2 3.98237E-2 3.63209E-2 5.22894E-2 5.47476E-2 5.70696E-2 5.78703E-2 6.47808E-2 7.39448E-2 8.02363E-2 8.20728E-2 7.99089E-2 7.06177E-2 7.42374E-2
7.00411E-2 6.26093E-2 6.71049E-2 6.7998E-2 7.07566E-2 6.62642E-2 6.70971E-2 7.11588E-2 7.82715E-2 7.62383E-2 7.40219E-2 7.7774E-2 7.7134E-2 7.45203E-2 7.26007E-2 7.2855E-2 7.63225E-2 7.52362E-2 8.09748E-2 9.20285E-2 9.50314E-2 8.43084E-2 8.07906E-2 7.43178E-2 6.51159E-2 5.28776E-2 4.65034E-2 4.17004E-2 4.01005E-2 4.18508E-2 4.28432E-2 4.17334E-2 6.68572E-2 7.23236E-2 1.12555E-1 1.41001E-1 8.72963E-2 5.91178E-2 5.38794E-2 4.60398E-2 5.05659E-2 4.01145E-2 5.4015E-2 5.47743E-2 5.50379E-2 5.55957E-2 3.5947E-2 4.02474E-2 4.01021E-2 4.58773E-2 5.72275E-2 5.27418E-2 6.03195E-2 6.6421E-2 7.27626E-2 8.01024E-2 8.71448E-2 8.79983E-2 7.9409E-2 8.10544E-2 8.60218E-2
7.58369E-2 7.4113E-2 7.40993E-2 6.72027E-2 7.16332E-2 7.73232E-2 8.08268E-2 7.83397E-2 9.02344E-2 8.69639E-2 8.73694E-2 8.46322E-2 8.40053E-2 8.35332E-2 8.39579E-2 9.42185E-2 9.46804E-2 1.02748E-1 1.03061E-1 8.16784E-2 7.89653E-2 7.28621E-2 7.42286E-2 6.84026E-2 5.58689E-2 4.73597E-2 4.33176E-2 4.15155E-2 4.29692E-2 4.35528E-2 3.74857E-2 3.61667E-2 4.72184E-2 6.72729E-2 1.00027E-1 1.08741E-1 7.85023E-2 4.56709E-2 5.69259E-2 5.82956E-2 4.81509E-2 4.59382E-2 5.97873E-2 5.97065E-2 5.37953E-2 3.31369E-2 2.51802E-2 1.90609E-2 3.41347E-2 5.46799E-2 5.6647E-2 6.27411E-2 6.25474E-2 7.19871E-2 7.9726E-2 9.15215E-2 9.08254E-2 9.16315E-2 8.95662E-2 8.77106E-2 9.5189E-2
7.83615E-2 8.46946E-2 7.76575E-2 7.10567E-2 8.03872E-2 9.40909E-2 8.63261E-2 9.3195E-2 1.0288E-1 1.1137E-1 1.04594E-1 1.0655E-1 1.04099E-1 1.16724E-1 1.38907E-1 1.67012E-1 1.30996E-1 1.03766E-1 8.22789E-2 7.585E-2 7.14761E-2 7.0128E-2 6.95597E-2 5.89996E-2 4.61379E-2 4.15249E-2 3.85106E-2 3.90728E-2 3.81188E-2 3.76459E-2 3.18448E-2 2.53479E-2 3.88258E-2 6.12735E-2 9.91274E-2 9.4755E-2 7.01033E-2 3.99506E-2 4.58405E-2 4.70787E-2 4.22334E-2 5.02493E-2 6.30891E-2 4.7059E-2 3.52138E-2 2.67042E-2 2.85172E-2 3.93837E-2 4.78001E-2 6.25032E-2 6.23969E-2 6.74134E-2 7.33375E-2 7.98472E-2 8.16644E-2 8.95268E-2 9.74539E-2 1.02961E-1 1.08587E-1 1.13203E-1 1.21074E-1
1.09438E-1 1.15504E-1 1.23895E-1 1.28282E-1 1.41721E-1 1.64936E-1 1.8489E-1 1.92621E-1 2.03259E-1 1.93626E-1 1.5294E-1 1.33432E-1 1.19953E-1 1.54824E-1 1.92032E-1 1.81932E-1 1.62769E-1 1.24638E-1 9.45006E-2 7.38685E-2 5.57652E-2 6.23191E-2 6.38879E-2 5.05244E-2 3.93035E-2 3.62326E-2 3.58912E-2 3.86398E-2 3.67084E-2 4.00574E-2 4.18412E-2 4.03744E-2 5.64821E-2 6.20966E-2 9.07265E-2 9.11432E-2 7.16875E-2 4.01654E-2 4.89731E-2 5.56098E-2 4.79114E-2 5.85388E-2 5.99745E-2 4.88063E-2 4.2227E-2 3.83813E-2 3.26079E-2 4.50147E-2 5.20687E-2 5.76727E-2 6.15101E-2 8.77172E-2 7.62253E-2 8.20862E-2 9.04845E-2 1.08531E-1 1.29278E-1 1.39254E-1 1.3585E-1 1.5545E-1 1.96389E-1
1.97833E-1 2.2448E-1 2.30521E-1 2.36359E-1 2.3517E-1 2.3924E-1 2.40027E-1 2.3913E-1 2.33733E-1 2.24765E-1 2.16012E-1 2.05042E-1 2.03005E-1 2.08336E-1 2.0303E-1 1.96999E-1 1.88631E-1 1.34774E-1 8.03404E-2 5.14189E-2 4.06891E-2 4.05087E-2 5.99284E-2 4.80666E-2 3.68261E-2 3.45132E-2 3.46843E-2 3.20253E-2 3.18102E-2 4.18767E-2 4.24594E-2 5.58189E-2 6.50187E-2 6.04171E-2 9.35997E-2 8.70453E-2 7.74944E-2 3.95281E-2 4.78293E-2 5.3005E-2 5.86098E-2 6.76281E-2 5.30114E-2 4.77419E-2 5.39125E-2 5.41668E-2 5.60016E-2 4.61937E-2 5.68788E-2 5.98187E-2 6.608E-2 8.11669E-2 8.33866E-2 9.60192E-2 1.30448E-1 1.53864E-1 1.51039E-1 1.76891E-1 -9999 2.1416E-1 -9999
2.54987E-1 2.48906E-1 2.44387E-1 2.42529E-1 2.44615E-1 2.47678E-1 2.49176E-1 2.46795E-1 2.42464E-1 2.38349E-1 2.33633E-1 2.24819E-1 2.19308E-1 2.14904E-1 2.11997E-1 2.0435E-1 1.72691E-1 1.37485E-1 8.0422E-2 5.39242E-2 4.35317E-2 3.69844E-2 4.19765E-2 4.80743E-2 3.92296E-2 3.24674E-2 2.94767E-2 2.7605E-2 3.50701E-2 3.5671E-2 4.09977E-2 5.71549E-2 6.65479E-2 7.65416E-2 8.78836E-2 8.73447E-2 7.03172E-2 5.63599E-2 3.76625E-2 4.97711E-2 6.42598E-2 5.83262E-2 5.46807E-2 4.97236E-2 5.81615E-2 6.05859E-2 6.72864E-2 6.71498E-2 5.52509E-2 6.11279E-2 7.11436E-2 8.27422E-2 9.84958E-2 1.20032E-1 -9999 -9999 -9999 -9999 -9999 -9999 -9999
2.62091E-1 2.45936E-1 2.24282E-1 2.01109E-1 1.98728E-1 2.03644E-1 2.05768E-1 2.08057E-1 2.19478E-1 2.3649E-1 2.33964E-1 2.27006E-1 2.25814E-1 2.15718E-1 1.86262E-1 1.31631E-1 1.12496E-1 1.00769E-1 8.64675E-2 7.37029E-2 6.33973E-2 4.99992E-2 4.31812E-2 4.44404E-2 4.58001E-2 3.94376E-2 3.32496E-2 3.38301E-2 3.83156E-2 5.01178E-2 4.57899E-2 5.99837E-2 7.17067E-2 8.65371E-2 9.08383E-2 8.07653E-2 5.57779E-2 4.81972E-2 4.21617E-2 5.27868E-2 6.40387E-2 5.48998E-2 5.54196E-2 5.51849E-2 6.39396E-2 6.89058E-2 6.00006E-2 6.03383E-2 6.65135E-2 7.32871E-2 8.12569E-2 9.77744E-2 1.1991E-1 -9999 -9999 -9999 -9999 -9999 -9999 -9999 -9999
1.79159E-1 1.61403E-1 1.4934E-1 1.40641E-1 1.39764E-1 1.40874E-1 1.46859E-1 1.54326E-1 1.53948E-1 1.63652E-1 1.55243E-1 1.45201E-1 1.44296E-1 1.46998E-1 1.32377E-1 1.20666E-1 1.15773E-1 1.10394E-1 1.11093E-1 1.10027E-1 1.02094E-1 9.41461E-2 8.26172E-2 6.50098E-2 5.73567E-2 4.77763E-2 4.30208E-2 4.09151E-2 4.08959E-2 6.259E-2 6.28201E-2 6.57203E-2 8.59943E-2 9.8275E-2 8.44481E-2 6.65823E-2 4.80497E-2 3.94462E-2 4.16529E-2 5.74272E-2 6.63539E-2 5.06489E-2 4.7617E-2 6.24218E-2 7.64522E-2 8.20635E-2 7.76648E-2 7.09938E-2 8.41281E-2 8.86175E-2 9.72341E-2 1.192E-1 -9999 -9999 -9999 -9999 -9999 -9999 -9999 -9999 -9999
1.44246E-1 1.3712E-1 1.27365E-1 1.20316E-1 1.21795E-1 1.2384E-1 1.26622E-1 1.35346E-1 1.39895E-1 1.36638E-1 1.35243E-1 1.32574E-1 1.33429E-1 1.36558E-1 1.32958E-1 1.25921E-1 1.19189E-1 1.15769E-1 1.15575E-1 1.099E-1 9.99786E-2 9.42507E-2 9.02907E-2 8.69375E-2 7.89244E-2 7.16719E-2 7.37953E-2 6.0915E-2 6.42291E-2 7.45797E-2 7.19397E-2 8.11587E-2 9.79045E-2 9.96033E-2 8.57781E-2 6.26068E-2 4.19943E-2 3.44058E-2 4.79518E-2 5.58346E-2 6.71112E-2 5.16935E-2 4.70831E-2 6.13603E-2 7.17184E-2 8.14497E-2 8.76727E-2 9.28444E-2 1.02857E-1 1.13994E-1 1.26441E-1 1.34467E-1 -9999 -9999 -9999 -9999 -9999 -9999 -9999 -9999 -9999
1.50208E-1 1.51335E-1 1.27129E-1 1.05971E-1 1.00059E-1 1.06345E-1 1.08603E-1 1.22777E-1 1.31968E-1 1.23684E-1 1.19695E-1 1.23882E-1 1.24316E-1 1.39293E-1 1.39009E-1 1.17455E-1 1.01964E-1 9.51675E-2 8.85751E-2 7.92629E-2 6.457E-2 7.1197E-2 6.72347E-2 6.16387E-2 6.19311E-2 6.53623E-2 8.20818E-2 8.75053E-2 8.4994E-2 8.72148E-2 8.24533E-2 9.74801E-2 1.06584E-1 1.02572E-1 8.9619E-2 7.30571E-2 3.35695E-2 3.31633E-2 4.2326E-2 6.73964E-2 6.77364E-2 6.51065E-2 4.96146E-2 6.02565E-2 7.25866E-2 8.52144E-2 9.20281E-2 9.68964E-2 1.08263E-1 1.21802E-1 1.34296E-1 2.19696E-1 -9999 -9999 -9999 -9999 -9999 -9999 -9999 -9999 -9999
2.00104E-1 1.52897E-1 1.10191E-1 9.07563E-2 7.59417E-2 7.3215E-2 8.88548E-2 1.20134E-1 1.17637E-1 1.0753E-1 1.0406E-1 1.16703E-1 1.11562E-1 1.45966E-1 1.48685E-1 1.02822E-1 8.90256E-2 7.66438E-2 7.43548E-2 6.84533E-2 6.15157E-2 6.74576E-2 6.52976E-2 6.30935E-2 5.94139E-2 6.80057E-2 6.10945E-2 7.2874E-2 7.6274E-2 7.83654E-2 8.35171E-2 1.09176E-1 1.13207E-1 9.31589E-2 6.63957E-2 6.53984E-2 4.12945E-2 4.11556E-2 4.79501E-2 6.65229E-2 7.34056E-2 6.12213E-2 5.78089E-2 5.65355E-2 7.99129E-2 9.02634E-2 9.72574E-2 1.07419E-1 1.20104E-1 1.35928E-1 1.54826E-1 1.82945E-1 -9999 -9999 -9999 -9999 -9999 -9999 -9999 -9999 -9999
1.46431E-1 1.08888E-1 7.93763E-2 7.19751E-2 6.69854E-2 6.14713E-2 8.10214E-2 9.64369E-2 1.05396E-1 8.25686E-2 8.82912E-2 8.87401E-2 1.15582E-1 1.2844E-1 1.05858E-1 1.25248E-1 8.96064E-2 7.64813E-2 7.16584E-2 7.09504E-2 6.57028E-2 7.13272E-2 6.81816E-2 6.81357E-2 6.59653E-2 6.77541E-2 5.927E-2 5.9677E-2 7.04949E-2 6.7523E-2 6.83836E-2 1.0168E-1 1.13346E-1 9.21324E-2 6.4835E-2 5.27957E-2 4.58829E-2 4.95937E-2 5.96312E-2 8.21946E-2 7.22831E-2 7.23783E-2 6.27896E-2 6.29524E-2 8.64985E-2 9.63867E-2 1.06684E-1 1.18592E-1 1.30662E-1 1.43951E-1 1.64461E-1 1.80078E-1 -9999 -9999 -9999 -9999 -9999 -9999 -9999 -9999 -9999
9.16453E-2 9.18322E-2 7.73773E-2 6.30493E-2 5.99612E-2 6.34931E-2 7.53794E-2 6.75702E-2 7.95132E-2 7.07154E-2 8.07829E-2 9.38921E-2 9.85005E-2 1.112E-1 8.88453E-2 9.91443E-2 9.10992E-2 7.73562E-2 7.84729E-2 7.92102E-2 7.83858E-2 7.45417E-2 7.14278E-2 6.99206E-2 6.92987E-2 6.35069E-2 6.08765E-2 5.60864E-2 6.39295E-2 6.03759E-2 8.38096E-2 9.6201E-2 1.14032E-1 9.14708E-2 6.97967E-2 6.05994E-2 4.75742E-2 5.20781E-2 6.24455E-2 9.27595E-2 7.99178E-2 8.87904E-2 7.2811E-2 7.23813E-2 9.16856E-2 9.9707E-2 1.13127E-1 1.18689E-1 1.39114E-1 1.57825E-1 -9999 -9999 -9999 -9999 -9999 -9999 -9999 -9999 -9999 -9999 -9999
7.54448E-2 6.69746E-2 6.48547E-2 6.24013E-2 6.0128E-2 6.33447E-2 6.8963E-2 6.00266E-2 6.17554E-2 7.38402E-2 7.82505E-2 8.79846E-2 8.62778E-2 9.2105E-2 9.07959E-2 8.48173E-2 8.66457E-2 8.48451E-2 8.18792E-2 8.24947E-2 8.01738E-2 7.57986E-2 7.19078E-2 6.40337E-2 5.96171E-2 5.99828E-2 5.5412E-2 5.34048E-2 4.98409E-2 4.83229E-2 5.78415E-2 1.21139E-1 1.10934E-1 8.01839E-2 6.98372E-2 6.05595E-2 5.09224E-2 6.11806E-2 8.774E-2 1.06193E-1 9.91609E-2 8.94491E-2 8.02499E-2 7.74095E-2 9.17347E-2 1.01911E-1 1.17236E-1 1.23573E-1 1.43818E-1 1.66008E-1 1.80021E-1 -9999 -9999 -9999 -9999 -9999 -9999 -9999 -9999 -9999 -9999
7.3768E-2 7.20988E-2 6.54592E-2 6.62998E-2 6.6756E-2 6.13844E-2 5.74436E-2 5.84194E-2 5.27321E-2 6.0102E-2 7.48079E-2 8.42981E-2 8.97078E-2 9.31579E-2 9.85699E-2 9.12989E-2 9.12588E-2 8.93773E-2 8.69315E-2 8.20431E-2 7.72535E-2 7.40447E-2 6.84888E-2 6.46795E-2 6.14969E-2 6.00827E-2 5.62544E-2 4.27839E-2 4.50738E-2 5.87063E-2 7.94187E-2 1.28681E-1 1.00795E-1 8.06301E-2 6.70388E-2 6.31492E-2 5.69601E-2 6.79623E-2 1.0471E-1 1.14826E-1 9.73755E-2 8.29845E-2 8.57104E-2 8.81793E-2 9.25132E-2 1.05716E-1 1.15159E-1 1.28212E-1 1.36582E-1 1.55067E-1 1.78639E-1 1.97083E-1 -9999 2.50181E-1 2.6196E-1 -9999 -9999 -9999 -9999 -9999 -9999
6.93906E-2 6.85597E-2 5.72315E-2 5.92861E-2 6.47434E-2 6.12096E-2 5.79167E-2 5.16894E-2 5.21646E-2 6.41225E-2 7.45027E-2 8.3156E-2 8.45256E-2 7.68481E-2 8.24445E-2 9.24021E-2 8.69448E-2 7.99722E-2 7.78229E-2 7.16018E-2 7.47606E-2 6.85174E-2 6.16586E-2 6.83609E-2 6.09863E-2 5.59693E-2 4.95952E-2 4.83897E-2 4.63422E-2 9.48549E-2 1.23664E-1 1.2703E-1 9.94147E-2 7.70756E-2 7.59526E-2 6.20967E-2 7.44067E-2 8.96246E-2 1.12628E-1 1.17369E-1 9.64509E-2 9.06441E-2 9.05197E-2 1.01027E-1 9.89239E-2 1.20098E-1 1.39571E-1 1.47666E-1 1.53419E-1 1.60455E-1 1.75931E-1 1.9461E-1 -9999 -9999 2.75204E-1 2.84805E-1 -9999 -9999 -9999 -9999 -9999
6.93387E-2 6.34557E-2 5.42326E-2 5.14637E-2 5.63601E-2 5.71785E-2 5.74307E-2 5.27514E-2 5.9026E-2 6.56962E-2 7.22483E-2 7.84224E-2 7.86643E-2 6.79334E-2 8.60913E-2 9.23453E-2 9.88721E-2 9.25136E-2 8.5153E-2 7.66268E-2 7.70015E-2 6.57305E-2 5.83209E-2 6.47956E-2 7.25719E-2 6.65739E-2 6.11965E-2 6.94223E-2 8.38459E-2 9.8369E-2 1.14863E-1 1.25574E-1 9.89577E-2 8.30303E-2 8.07743E-2 7.51003E-2 8.59099E-2 1.07157E-1 1.24128E-1 1.25769E-1 9.98971E-2 1.08002E-1 1.06284E-1 1.14271E-1 1.13085E-1 1.44645E-1 1.65452E-1 1.7337E-1 1.66213E-1 1.79453E-1 1.92807E-1 2.06951E-1 2.31567E-1 2.50919E-1 2.64159E-1 2.76963E-1 -9999 -9999 -9999 -9999 -9999
6.71514E-2 6.35061E-2 5.91929E-2 5.79269E-2 5.81293E-2 6.80887E-2 6.75997E-2 6.46761E-2 6.57832E-2 6.64375E-2 7.99363E-2 7.55948E-2 6.96168E-2 7.34619E-2 6.93371E-2 7.22283E-2 7.47796E-2 8.64462E-2 9.63643E-2 9.68377E-2 8.68279E-2 7.00295E-2 6.53961E-2 7.16508E-2 7.85365E-2 7.4724E-2 7.01629E-2 7.40683E-2 9.84359E-2 1.13781E-1 1.12185E-1 1.29929E-1 1.04412E-1 9.19446E-2 1.03171E-1 9.75263E-2 1.0186E-1 1.1601E-1 1.31154E-1 1.25899E-1 1.14981E-1 1.15005E-1 1.32218E-1 1.3417E-1 1.40724E-1 1.56658E-1 1.8929E-1 2.0511E-1 1.96549E-1 1.96828E-1 2.21441E-1 2.35119E-1 2.41558E-1 2.46927E-1 2.62976E-1 3.17273E-1 -9999 -9999 -9999 -9999 -9999
6.95163E-2 6.96733E-2 6.70493E-2 6.11658E-2 6.73989E-2 7.55086E-2 7.27717E-2 7.56894E-2 7.64701E-2 7.43181E-2 8.29682E-2 8.25681E-2 8.47671E-2 8.99135E-2 8.27642E-2 7.53497E-2 6.24226E-2 5.90061E-2 7.61898E-2 9.60181E-2 9.7028E-2 7.51227E-2 6.76408E-2 7.50832E-2 7.76102E-2 8.15103E-2 8.76338E-2 9.20575E-2 1.0827E-1 1.15213E-1 1.12928E-1 1.13414E-1 1.01637E-1 1.05064E-1 1.09289E-1 1.17817E-1 1.19896E-1 1.35293E-1 1.33575E-1 1.31166E-1 1.43018E-1 1.40897E-1 1.58872E-1 1.62567E-1 1.75262E-1 1.862E-1 2.03062E-1 2.24001E-1 2.28706E-1 2.55083E-1 2.53711E-1 2.5933E-1 2.86881E-1 3.66481E-1 3.50573E-1 -9999 -9999 -9999 -9999 -9999 -9999
7.01691E-2 6.71571E-2 6.64948E-2 6.84164E-2 6.72561E-2 6.42596E-2 7.43277E-2 8.29773E-2 7.62147E-2 9.04369E-2 8.98964E-2 1.04983E-1 1.06616E-1 1.07747E-1 1.07347E-1 9.16348E-2 8.62946E-2 8.98315E-2 9.78364E-2 1.05214E-1 7.89283E-2 6.25544E-2 5.64703E-2 6.74025E-2 7.41917E-2 8.88381E-2 9.57186E-2 1.01541E-1 9.77821E-2 1.01703E-1 1.02101E-1 1.40127E-1 1.178E-1 1.13568E-1 1.22074E-1 1.3773E-1 1.55472E-1 1.60709E-1 1.55519E-1 1.57376E-1 1.65547E-1 1.7547E-1 1.87208E-1 2.12344E-1 1.96483E-1 2.62813E-1 -9999 -9999 -9999 -9999 2.71544E-1 -9999 -9999 3.31516E-1 3.22212E-1 3.25124E-1 -9999 -9999 -9999 -9999 -9999
7.39669E-2 7.09441E-2 7.07641E-2 6.38425E-2 7.13345E-2 7.57471E-2 8.23433E-2 7.5742E-2 9.17617E-2 1.06585E-1 9.85203E-2 8.66958E-2 9.41234E-2 1.18499E-1 1.13936E-1 1.1076E-1 1.13007E-1 1.1232E-1 1.0304E-1 8.21961E-2 7.5751E-2 6.6302E-2 6.48995E-2 9.44745E-2 1.02461E-1 1.04161E-1 1.06065E-1 9.69472E-2 9.59913E-2 1.24791E-1 1.34989E-1 1.60978E-1 1.33939E-1 1.45038E-1 1.56762E-1 1.69924E-1 2.022E-1 -9999 -9999 2.05836E-1 2.1359E-1 2.28084E-1 2.40549E-1 2.4862E-1 -9999 2.64428E-1 -9999 -9999 -9999 -9999 -9999 -9999 -9999 -9999 -9999 -9999 -9999 -9999 -9999 -9999 -9999
7.58066E-2 7.29004E-2 7.09117E-2 7.62537E-2 7.506E-2 7.20246E-2 7.19927E-2 8.96807E-2 9.95418E-2 9.08466E-2 8.55741E-2 9.12412E-2 1.10798E-1 1.2111E-1 1.25147E-1 1.21646E-1 1.11298E-1 9.80063E-2 8.10336E-2 7.67173E-2 8.93348E-2 9.36403E-2 1.01485E-1 1.08589E-1 1.16918E-1 1.12417E-1 1.02312E-1 1.04463E-1 1.28106E-1 1.53789E-1 1.76015E-1 1.77693E-1 1.74393E-1 1.92203E-1 2.0218E-1 2.08026E-1 2.1412E-1 2.04306E-1 2.12293E-1 2.26124E-1 2.30446E-1 2.21299E-1 2.28498E-1 -9999 -9999 -9999 -9999 -9999 -9999 -9999 -9999 -9999 -9999 -9999 -9999 -9999 -9999 -9999 -9999 -9999 -9999
8.15034E-2 7.2876E-2 7.65012E-2 7.58105E-2 7.23438E-2 7.69155E-2 9.22183E-2 9.29944E-2 8.69891E-2 9.56438E-2 9.89338E-2 1.06531E-1 1.1355E-1 1.26877E-1 1.19116E-1 1.1296E-1 9.98445E-2 9.658E-2 9.51091E-2 1.03049E-1 1.17124E-1 1.23754E-1 1.19757E-1 1.26069E-1 1.24447E-1 1.14905E-1 1.14368E-1 1.27724E-1 1.54849E-1 1.72155E-1 2.03387E-1 2.11483E-1 2.11463E-1 2.20885E-1 2.17832E-1 2.28045E-1 2.33242E-1 2.36176E-1 2.43137E-1 2.5679E-1 -9999 -9999 -9999 -9999 -9999 -9999 -9999 -9999 -9999 -9999 -9999 -9999 -9999 -9999 -9999 -9999 -9999 -9999 -9999 -9999 -9999
8.2879E-2 7.21015E-2 6.81223E-2 7.39857E-2 7.99917E-2 9.82512E-2 1.11243E-1 1.13143E-1 1.13257E-1 1.19817E-1 1.2522E-1 1.25495E-1 1.25229E-1 1.3357E-1 1.17461E-1 1.10015E-1 1.17057E-1 1.1781E-1 1.23721E-1 1.24862E-1 1.25451E-1 1.38699E-1 1.4088E-1 1.38477E-1 1.37261E-1 1.39946E-1 1.52266E-1 1.62508E-1 1.80606E-1 2.00313E-1 2.07345E-1 2.19527E-1 2.34698E-1 2.51615E-1 2.56954E-1 2.80653E-1 3.07658E-1 -9999 -9999 -9999 -9999 -9999 -9999 -9999 -9999 -9999 -9999 -9999 -9999 -9999 -9999 -9999 -9999 -9999 -9999 -9999 -9999 -9999 -9999 -9999 -9999
