maxent_outputs/white_flowers_linear/white_202.asc
ncols         426
nrows         180
xllcorner     -130.0
yllcorner     24.0
cellsize      0.16666666666666666
NODATA_value  -9999
[rows 54 to 80 of 180, columns 244 to 304 of 426]
4.46837E-1 4.4398E-1 4.57232E-1 4.58468E-1 4.69744E-1 4.6208E-1 4.63171E-1 4.77802E-1 4.93952E-1 5.66679E-1 5.82844E-1 5.74523E-1 5.50867E-1 6.36253E-1 6.4817E-1 6.56904E-1 6.63359E-1 6.73979E-1 6.82774E-1 6.51293E-1 6.15968E-1 5.91507E-1 5.80204E-1 5.72155E-1 5.63125E-1 5.34206E-1 5.31141E-1 5.40475E-1 5.27935E-1 5.24899E-1 5.29563E-1 5.28964E-1 5.28198E-1 5.42E-1 5.52806E-1 5.82981E-1 6.64486E-1 6.95678E-1 7.10317E-1 7.24741E-1 7.37047E-1 7.48345E-1 7.59996E-1 7.68906E-1 7.77453E-1 7.77487E-1 7.81572E-1 7.4297E-1 7.17254E-1 7.50534E-1 7.70388E-1 8.07754E-1 8.1514E-1 8.16004E-1 7.85932E-1 7.68441E-1 7.15008E-1 6.89984E-1 6.77946E-1 6.81016E-1 6.60531E-1
4.53278E-1 4.53152E-1 4.49955E-1 4.50705E-1 4.58189E-1 4.67388E-1 4.69468E-1 4.8445E-1 5.27285E-1 5.65738E-1 5.34635E-1 5.37591E-1 6.10253E-1 6.48819E-1 6.56979E-1 6.62357E-1 6.72537E-1 6.84713E-1 6.83933E-1 6.26745E-1 5.90667E-1 5.70715E-1 5.56277E-1 5.533E-1 5.43138E-1 5.22803E-1 5.26665E-1 5.2773E-1 5.1029E-1 5.07619E-1 5.14725E-1 5.16812E-1 5.21468E-1 5.41468E-1 5.61976E-1 5.67499E-1 6.20533E-1 7.00936E-1 7.15003E-1 7.29595E-1 7.43791E-1 7.56412E-1 7.62879E-1 7.72802E-1 7.7721E-1 7.8309E-1 7.85806E-1 7.74418E-1 7.19764E-1 7.38634E-1 7.57949E-1 7.81236E-1 7.92196E-1 8.14086E-1 7.89567E-1 7.20895E-1 6.89325E-1 6.78774E-1 6.58461E-1 6.70365E-1 6.65656E-1
4.49276E-1 4.58469E-1 4.51247E-1 4.58565E-1 4.70951E-1 4.71151E-1 4.64722E-1 4.74612E-1 5.0602E-1 5.11179E-1 5.34632E-1 5.82315E-1 6.50653E-1 6.57858E-1 6.62411E-1 6.67077E-1 6.72815E-1 6.85204E-1 6.63388E-1 6.01665E-1 5.78847E-1 5.65063E-1 5.37364E-1 5.35032E-1 5.25893E-1 5.24672E-1 5.16573E-1 5.2172E-1 5.10408E-1 5.09334E-1 5.02975E-1 5.1587E-1 5.32378E-1 5.40443E-1 5.4669E-1 5.59664E-1 6.38182E-1 7.00311E-1 7.15167E-1 7.31904E-1 7.46548E-1 7.59322E-1 7.70906E-1 7.80307E-1 7.88102E-1 7.87709E-1 7.85688E-1 7.55816E-1 7.0568E-1 7.16195E-1 7.22336E-1 7.35745E-1 7.27369E-1 7.5227E-1 7.68798E-1 7.50771E-1 6.59699E-1 6.5719E-1 6.614E-1 6.88323E-1 6.94222E-1
4.48743E-1 4.54568E-1 4.55179E-1 4.62577E-1 4.69833E-1 4.70221E-1 4.62638E-1 4.65928E-1 4.84132E-1 5.1453E-1 5.42653E-1 6.29622E-1 6.58323E-1 6.60987E-1 6.66028E-1 6.66543E-1 6.73422E-1 6.79061E-1 6.34825E-1 5.77229E-1 5.65952E-1 5.5848E-1 5.52846E-1 5.29839E-1 5.23452E-1 5.18574E-1 5.15459E-1 5.36476E-1 5.12773E-1 5.0929E-1 5.13817E-1 5.15852E-1 5.23097E-1 5.27414E-1 5.45799E-1 5.62745E-1 6.39281E-1 6.98866E-1 7.18892E-1 7.35954E-1 7.51119E-1 7.65733E-1 7.78136E-1 7.88609E-1 7.98723E-1 7.99225E-1 7.73518E-1 7.06242E-1 7.00751E-1 7.06371E-1 7.31871E-1 7.37872E-1 7.3012E-1 7.35938E-1 7.35329E-1 6.76668E-1 6.46558E-1 6.3877E-1 6.53012E-1 7.12934E-1 6.96892E-1
4.50065E-1 4.56751E-1 4.59703E-1 4.62046E-1 4.66797E-1 4.76814E-1 4.75236E-1 4.78444E-1 5.05182E-1 5.21741E-1 5.4473E-1 6.42971E-1 6.60762E-1 6.67706E-1 6.67519E-1 6.68836E-1 6.71858E-1 6.56626E-1 5.94325E-1 5.73372E-1 5.67728E-1 5.60473E-1 5.47308E-1 5.2816E-1 5.18268E-1 5.01502E-1 5.09709E-1 5.19595E-1 5.15535E-1 5.13898E-1 5.06846E-1 5.0906E-1 5.13625E-1 5.237E-1 5.50052E-1 6.13307E-1 6.69378E-1 6.95823E-1 7.15271E-1 7.33679E-1 7.53162E-1 7.67315E-1 7.84826E-1 7.98449E-1 8.01697E-1 7.90796E-1 7.4459E-1 7.16689E-1 7.20076E-1 7.17563E-1 7.32248E-1 7.47847E-1 7.3833E-1 7.29366E-1 7.35058E-1 6.87238E-1 6.44743E-1 6.31002E-1 6.41753E-1 6.58454E-1 6.39667E-1
4.48404E-1 4.58181E-1 4.69512E-1 4.70033E-1 4.68125E-1 5.09985E-1 4.94726E-1 4.94638E-1 5.0873E-1 5.26769E-1 5.87107E-1 6.55302E-1 6.64285E-1 6.69486E-1 6.69636E-1 6.70959E-1 6.61842E-1 6.09714E-1 5.69363E-1 5.6787E-1 5.64919E-1 5.5327E-1 5.45827E-1 5.31939E-1 5.23101E-1 5.10482E-1 5.16698E-1 5.22163E-1 5.11426E-1 5.04646E-1 5.08743E-1 5.1299E-1 5.17438E-1 5.31696E-1 5.7848E-1 6.43259E-1 6.56408E-1 6.53944E-1 6.60126E-1 7.0506E-1 7.54225E-1 7.69395E-1 7.87071E-1 8.03216E-1 7.89036E-1 7.66041E-1 7.1984E-1 7.27265E-1 7.36168E-1 7.30662E-1 7.17789E-1 7.24238E-1 7.37552E-1 7.279E-1 6.9148E-1 6.7141E-1 6.36791E-1 6.22719E-1 6.2857E-1 6.34452E-1 6.41697E-1
4.53934E-1 4.61341E-1 4.65146E-1 4.68213E-1 4.67321E-1 4.99082E-1 4.97595E-1 5.14014E-1 5.23348E-1 5.55833E-1 6.479E-1 6.56529E-1 6.59972E-1 6.61803E-1 6.65416E-1 6.66846E-1 6.64139E-1 5.98014E-1 5.66386E-1 5.67999E-1 5.63194E-1 5.56997E-1 5.50258E-1 5.40302E-1 5.32988E-1 5.31801E-1 5.3171E-1 5.18236E-1 5.1143E-1 5.10589E-1 5.20034E-1 5.17933E-1 5.24625E-1 5.83841E-1 6.02221E-1 5.87348E-1 5.63316E-1 5.76044E-1 6.01671E-1 6.34395E-1 7.30127E-1 7.66834E-1 7.82024E-1 7.97768E-1 7.95457E-1 7.57298E-1 7.3164E-1 7.29255E-1 7.31564E-1 7.32272E-1 7.18781E-1 7.10178E-1 7.01849E-1 6.76607E-1 6.54823E-1 6.59507E-1 6.53575E-1 6.32743E-1 6.33004E-1 6.40822E-1 6.40286E-1
4.61327E-1 4.69531E-1 4.66075E-1 4.71397E-1 4.73584E-1 4.73637E-1 4.98847E-1 5.19692E-1 5.11636E-1 5.34693E-1 6.41875E-1 6.54719E-1 6.5603E-1 6.60276E-1 6.6248E-1 6.67853E-1 6.51542E-1 5.90455E-1 5.64757E-1 5.65369E-1 5.65659E-1 5.62264E-1 5.60499E-1 5.47888E-1 5.46886E-1 5.28717E-1 5.2336E-1 5.09547E-1 5.13659E-1 5.21926E-1 5.26383E-1 5.1719E-1 5.37812E-1 5.93135E-1 5.72614E-1 5.29129E-1 5.30805E-1 5.62965E-1 5.90215E-1 6.1261E-1 6.87474E-1 7.55118E-1 7.75814E-1 7.90659E-1 7.91344E-1 7.5925E-1 7.3377E-1 7.23271E-1 7.24296E-1 7.17941E-1 7.06484E-1 6.97611E-1 6.7691E-1 6.54147E-1 6.47424E-1 6.55445E-1 6.51787E-1 6.24282E-1 6.23841E-1 6.41847E-1 6.48688E-1
4.65105E-1 4.70289E-1 4.68801E-1 4.67421E-1 4.76246E-1 4.77916E-1 4.91761E-1 5.0664E-1 5.1216E-1 5.73373E-1 6.47095E-1 6.55319E-1 6.57237E-1 6.58766E-1 6.61575E-1 6.66596E-1 6.3818E-1 5.74542E-1 5.58197E-1 5.56697E-1 5.62339E-1 5.59493E-1 5.64614E-1 5.51437E-1 5.41618E-1 5.36099E-1 5.27608E-1 5.16546E-1 5.26918E-1 5.31654E-1 5.19957E-1 5.10747E-1 5.17588E-1 5.19571E-1 5.08826E-1 5.02299E-1 5.24747E-1 5.53262E-1 5.75531E-1 5.91865E-1 6.60208E-1 7.39878E-1 7.62661E-1 7.80092E-1 7.83409E-1 7.60144E-1 7.26693E-1 7.23966E-1 7.2197E-1 7.0995E-1 6.77839E-1 6.74901E-1 6.66452E-1 6.5544E-1 6.55939E-1 6.66954E-1 6.61928E-1 6.40324E-1 6.54179E-1 7.12469E-1 7.36541E-1
4.66829E-1 4.67474E-1 4.72468E-1 4.64003E-1 4.69166E-1 4.77327E-1 4.85858E-1 4.92663E-1 5.12381E-1 6.2568E-1 6.48235E-1 6.53705E-1 6.56057E-1 6.57043E-1 6.59729E-1 6.62096E-1 6.58443E-1 6.02849E-1 5.69375E-1 5.59132E-1 5.53288E-1 5.57219E-1 5.59137E-1 5.39233E-1 5.34736E-1 5.32329E-1 5.33649E-1 5.21984E-1 5.17479E-1 5.05171E-1 5.11677E-1 5.1543E-1 5.1604E-1 5.06986E-1 5.08114E-1 5.21536E-1 5.30774E-1 5.39474E-1 5.4926E-1 5.69814E-1 6.14477E-1 7.22221E-1 7.49562E-1 7.65161E-1 7.73973E-1 7.41146E-1 6.93446E-1 7.07891E-1 7.19417E-1 7.08783E-1 6.85577E-1 6.70373E-1 6.6121E-1 6.48914E-1 6.57323E-1 6.79683E-1 6.80086E-1 6.80754E-1 7.52301E-1 7.61563E-1 7.55793E-1
4.59458E-1 4.63122E-1 4.71086E-1 4.72279E-1 4.73045E-1 4.837E-1 4.88538E-1 4.9235E-1 5.20645E-1 6.41845E-1 6.50963E-1 6.56049E-1 6.57771E-1 6.56042E-1 6.56396E-1 6.60851E-1 6.61643E-1 6.36143E-1 5.80395E-1 5.55217E-1 5.43395E-1 5.44046E-1 5.463E-1 5.4402E-1 5.36224E-1 5.37048E-1 5.30601E-1 5.22101E-1 5.16097E-1 5.16397E-1 5.18288E-1 5.16166E-1 5.18075E-1 5.16644E-1 5.20728E-1 5.256E-1 5.25042E-1 5.36322E-1 5.43383E-1 5.63515E-1 6.00262E-1 7.14785E-1 7.43983E-1 7.40381E-1 7.10528E-1 6.82776E-1 6.87698E-1 7.00505E-1 7.09932E-1 7.03815E-1 6.90609E-1 6.73955E-1 6.58173E-1 6.41528E-1 6.40133E-1 6.71671E-1 6.8354E-1 7.03282E-1 7.31602E-1 7.26747E-1 7.05042E-1
4.56182E-1 4.62972E-1 4.68542E-1 4.70747E-1 4.76122E-1 4.88074E-1 4.92668E-1 5.0743E-1 5.15093E-1 6.47775E-1 6.5832E-1 6.59683E-1 6.58161E-1 6.56158E-1 6.54907E-1 6.54199E-1 6.55512E-1 6.53606E-1 5.97211E-1 5.57068E-1 5.42573E-1 5.4797E-1 5.50108E-1 5.51669E-1 5.44123E-1 5.43634E-1 5.33406E-1 5.28615E-1 5.20829E-1 5.1989E-1 5.19048E-1 5.20775E-1 5.22114E-1 5.3025E-1 5.29563E-1 5.3141E-1 5.39524E-1 5.42658E-1 5.48313E-1 5.67352E-1 5.98847E-1 6.72055E-1 7.04438E-1 6.71708E-1 6.66882E-1 6.82206E-1 6.94785E-1 6.97981E-1 6.98906E-1 6.9404E-1 6.84247E-1 6.77208E-1 6.64534E-1 6.47365E-1 6.36284E-1 6.55319E-1 6.66959E-1 6.708E-1 6.73913E-1 6.67679E-1 6.6371E-1
4.62372E-1 4.65762E-1 4.68356E-1 4.65148E-1 4.75965E-1 4.87517E-1 4.96395E-1 5.13376E-1 5.24968E-1 6.3826E-1 6.58333E-1 6.6205E-1 6.62211E-1 6.62181E-1 6.60331E-1 6.55527E-1 6.55612E-1 6.50644E-1 6.16185E-1 5.54017E-1 5.46716E-1 5.53892E-1 5.52946E-1 5.57096E-1 5.49112E-1 5.45799E-1 5.43629E-1 5.34423E-1 5.30454E-1 5.33715E-1 5.34305E-1 5.35715E-1 5.3489E-1 5.43576E-1 5.47155E-1 5.52134E-1 5.57321E-1 5.61576E-1 5.6543E-1 5.85149E-1 6.08891E-1 6.28225E-1 6.34443E-1 6.49813E-1 6.63E-1 6.79591E-1 6.87695E-1 6.90039E-1 6.90566E-1 6.83679E-1 6.79368E-1 6.73162E-1 6.62465E-1 6.5917E-1 6.57586E-1 6.56887E-1 6.61692E-1 6.72769E-1 6.73188E-1 6.73449E-1 6.63886E-1
4.63978E-1 4.62913E-1 4.64675E-1 4.71793E-1 4.84224E-1 4.92012E-1 4.93547E-1 5.04673E-1 5.25423E-1 5.99851E-1 6.57936E-1 6.62206E-1 6.65174E-1 6.61604E-1 6.60525E-1 6.59429E-1 6.5473E-1 6.54148E-1 6.23878E-1 5.57324E-1 5.51684E-1 5.58034E-1 5.59152E-1 5.54543E-1 5.44795E-1 5.45231E-1 5.4136E-1 5.40976E-1 5.46545E-1 5.4931E-1 5.50499E-1 5.46475E-1 5.56073E-1 5.69251E-1 5.71452E-1 5.73379E-1 5.69936E-1 5.77416E-1 5.83685E-1 5.99605E-1 6.25607E-1 6.36795E-1 6.33718E-1 6.44069E-1 6.54036E-1 6.69853E-1 6.76072E-1 6.79047E-1 6.81302E-1 6.78873E-1 6.74969E-1 6.71759E-1 6.65387E-1 6.74346E-1 7.07144E-1 7.33315E-1 7.39551E-1 7.50339E-1 7.48301E-1 7.40002E-1 7.29568E-1
4.63468E-1 4.60735E-1 4.67169E-1 4.75748E-1 4.90202E-1 5.03432E-1 4.95373E-1 5.10672E-1 5.22016E-1 6.22604E-1 6.61417E-1 6.65582E-1 6.64936E-1 6.63602E-1 6.61184E-1 6.59763E-1 6.57351E-1 6.53061E-1 6.13552E-1 5.70115E-1 5.832E-1 5.73784E-1 5.64315E-1 5.76073E-1 5.54331E-1 5.46625E-1 5.44182E-1 5.39117E-1 5.42097E-1 5.41056E-1 5.45648E-1 5.55236E-1 5.66912E-1 5.77428E-1 5.86362E-1 5.87696E-1 5.79108E-1 5.83049E-1 6.00323E-1 6.54761E-1 6.63679E-1 6.36652E-1 6.27466E-1 6.34743E-1 6.49408E-1 6.59349E-1 6.73007E-1 7.22937E-1 7.43128E-1 7.43165E-1 7.37984E-1 7.23621E-1 7.00253E-1 7.04574E-1 7.31971E-1 7.44065E-1 7.64093E-1 7.59642E-1 7.53204E-1 7.39942E-1 7.07836E-1
4.65142E-1 4.65814E-1 4.73993E-1 4.7972E-1 4.88238E-1 4.95782E-1 5.0206E-1 5.18822E-1 5.25436E-1 6.1471E-1 6.61823E-1 6.68644E-1 6.6797E-1 6.66271E-1 6.64347E-1 6.63134E-1 6.61559E-1 6.53265E-1 5.90087E-1 5.70059E-1 5.82004E-1 5.79401E-1 5.71341E-1 5.70646E-1 5.62811E-1 5.58149E-1 5.54346E-1 5.43389E-1 5.40383E-1 5.36839E-1 5.47255E-1 5.67817E-1 5.81002E-1 5.94528E-1 5.94995E-1 5.84333E-1 5.91998E-1 6.01401E-1 6.23518E-1 7.00341E-1 6.94961E-1 6.56671E-1 6.32419E-1 6.39947E-1 6.54778E-1 6.8161E-1 7.45523E-1 7.62628E-1 7.59283E-1 7.59934E-1 7.56796E-1 7.59634E-1 7.61495E-1 7.62334E-1 7.67526E-1 7.63214E-1 7.6459E-1 7.51969E-1 7.24815E-1 6.90121E-1 6.80837E-1
4.6921E-1 4.6701E-1 4.67874E-1 4.75597E-1 4.8046E-1 4.88074E-1 5.0159E-1 5.14501E-1 5.2837E-1 6.1156E-1 6.60803E-1 6.66871E-1 6.70885E-1 6.68925E-1 6.667E-1 6.67882E-1 6.6128E-1 6.18328E-1 5.72255E-1 5.70656E-1 5.72726E-1 5.77929E-1 5.70486E-1 5.72372E-1 5.68828E-1 5.66954E-1 5.5801E-1 5.51559E-1 5.46605E-1 5.47566E-1 5.58415E-1 5.67146E-1 5.81959E-1 5.98094E-1 5.98191E-1 5.94106E-1 6.01024E-1 6.17768E-1 6.19441E-1 6.30882E-1 6.42138E-1 6.42635E-1 6.49212E-1 6.9364E-1 7.25648E-1 7.59338E-1 7.58215E-1 7.5597E-1 7.52378E-1 7.53068E-1 7.51964E-1 7.5522E-1 7.56072E-1 7.56996E-1 7.60678E-1 7.49942E-1 7.17427E-1 6.92603E-1 7.05539E-1 7.06079E-1 7.01116E-1
4.72693E-1 4.68912E-1 4.726E-1 4.77752E-1 4.83273E-1 4.9055E-1 5.01606E-1 5.12674E-1 5.17041E-1 5.51841E-1 6.42039E-1 6.64972E-1 6.71421E-1 6.69725E-1 6.71386E-1 6.66849E-1 6.38235E-1 5.66462E-1 5.6641E-1 5.71714E-1 5.73393E-1 5.79424E-1 5.71841E-1 5.69912E-1 5.70431E-1 5.69951E-1 5.655E-1 5.59423E-1 5.5814E-1 5.59773E-1 5.67374E-1 5.77989E-1 5.79071E-1 5.80725E-1 5.88782E-1 5.97465E-1 6.08412E-1 6.25306E-1 6.14389E-1 6.40117E-1 6.56798E-1 6.95729E-1 7.41468E-1 7.57609E-1 7.58006E-1 7.53716E-1 7.5091E-1 7.48744E-1 7.46445E-1 7.4451E-1 7.46107E-1 7.47746E-1 7.48966E-1 7.32403E-1 7.04881E-1 6.86304E-1 7.0111E-1 7.11946E-1 7.16136E-1 7.09326E-1 6.82865E-1
4.72525E-1 4.69245E-1 4.75385E-1 4.76481E-1 4.83406E-1 4.93884E-1 5.04713E-1 5.14194E-1 5.24804E-1 5.32302E-1 6.05613E-1 6.55254E-1 6.59881E-1 6.64619E-1 6.6611E-1 6.60771E-1 5.98472E-1 5.79489E-1 5.79275E-1 5.87705E-1 5.90786E-1 5.83702E-1 5.64745E-1 5.71315E-1 5.73807E-1 5.74586E-1 5.77235E-1 5.72269E-1 5.71726E-1 5.65716E-1 5.68311E-1 5.7031E-1 5.70411E-1 5.72959E-1 5.80501E-1 5.8864E-1 6.39034E-1 6.77094E-1 6.64617E-1 6.97547E-1 7.09812E-1 7.41074E-1 7.47954E-1 7.4948E-1 7.50691E-1 7.49446E-1 7.4461E-1 7.3691E-1 7.3532E-1 7.33441E-1 7.16903E-1 6.93374E-1 6.7541E-1 6.8265E-1 6.90007E-1 6.94133E-1 6.96937E-1 7.0976E-1 7.08213E-1 7.09924E-1 6.93037E-1
4.72019E-1 4.72138E-1 4.73486E-1 4.77107E-1 4.8619E-1 4.95037E-1 5.05367E-1 5.20961E-1 5.40377E-1 5.33552E-1 5.50467E-1 6.05163E-1 6.39689E-1 6.24919E-1 6.05332E-1 5.92232E-1 5.79163E-1 5.77807E-1 5.83185E-1 5.84737E-1 5.771E-1 5.74523E-1 5.68908E-1 5.726E-1 5.77201E-1 5.79078E-1 5.79985E-1 5.75093E-1 5.71842E-1 5.64718E-1 5.58967E-1 5.59285E-1 5.65282E-1 5.73104E-1 5.77644E-1 5.95214E-1 6.42057E-1 6.72664E-1 6.801E-1 6.78162E-1 7.01226E-1 7.18882E-1 7.30218E-1 7.36055E-1 7.39687E-1 7.40254E-1 7.34266E-1 6.9232E-1 6.7648E-1 6.80526E-1 6.63408E-1 6.56944E-1 6.57E-1 6.64337E-1 6.78228E-1 6.83817E-1 6.95372E-1 6.95591E-1 7.02643E-1 6.99493E-1 7.02169E-1
4.75562E-1 4.72079E-1 4.70854E-1 4.80765E-1 4.89565E-1 4.94066E-1 5.04873E-1 5.1496E-1 5.21537E-1 5.29808E-1 5.33463E-1 5.36023E-1 5.43578E-1 5.53792E-1 5.59448E-1 5.68091E-1 5.70321E-1 5.70152E-1 5.8598E-1 5.80923E-1 5.73105E-1 5.71418E-1 5.71974E-1 5.79946E-1 5.81333E-1 5.77292E-1 5.74257E-1 5.6902E-1 5.68291E-1 5.60577E-1 5.55146E-1 5.56596E-1 5.64881E-1 5.72023E-1 5.68574E-1 5.60653E-1 5.69699E-1 5.98662E-1 6.31863E-1 6.31465E-1 6.84559E-1 7.00009E-1 7.08386E-1 7.0793E-1 7.12621E-1 7.16908E-1 6.87855E-1 6.74426E-1 6.93622E-1 6.8156E-1 6.51549E-1 6.443E-1 6.44289E-1 6.51903E-1 6.60827E-1 6.71916E-1 6.8545E-1 6.818E-1 6.90721E-1 6.91518E-1 6.97291E-1
4.75558E-1 4.75697E-1 4.78436E-1 4.90864E-1 4.93782E-1 4.97878E-1 5.18338E-1 5.11182E-1 5.06108E-1 5.13185E-1 5.22947E-1 5.33216E-1 5.32445E-1 5.33533E-1 5.37338E-1 5.44547E-1 5.49751E-1 5.61484E-1 5.69709E-1 5.69113E-1 5.69805E-1 5.7639E-1 5.77407E-1 5.75763E-1 5.76475E-1 5.63001E-1 5.60127E-1 5.62745E-1 5.57889E-1 5.59183E-1 5.56023E-1 5.56534E-1 5.60262E-1 5.61906E-1 5.5864E-1 5.61941E-1 5.65416E-1 5.72703E-1 5.82652E-1 5.92535E-1 6.23119E-1 6.41588E-1 6.34959E-1 6.3708E-1 6.53434E-1 6.56192E-1 6.62689E-1 6.75605E-1 6.83112E-1 6.63785E-1 6.32917E-1 6.34041E-1 6.25052E-1 6.27131E-1 6.43137E-1 6.60981E-1 6.70245E-1 6.71842E-1 6.83299E-1 6.84593E-1 6.9247E-1
4.88217E-1 4.90207E-1 4.95976E-1 5.00644E-1 5.10747E-1 5.04057E-1 5.20918E-1 5.10926E-1 5.0609E-1 5.06418E-1 5.18997E-1 5.29084E-1 5.25269E-1 5.19453E-1 5.30273E-1 5.39328E-1 5.50321E-1 5.60047E-1 5.6393E-1 5.67003E-1 5.71666E-1 5.77295E-1 5.78635E-1 5.73543E-1 5.6794E-1 5.66747E-1 5.58652E-1 5.53333E-1 5.57504E-1 5.61253E-1 5.5981E-1 5.6161E-1 5.58567E-1 5.61223E-1 5.62783E-1 5.66731E-1 5.70892E-1 5.75973E-1 5.81387E-1 5.81123E-1 5.95447E-1 6.08647E-1 6.16379E-1 6.25684E-1 6.43551E-1 6.58155E-1 6.58923E-1 6.57707E-1 6.61913E-1 6.46966E-1 6.22016E-1 6.14927E-1 6.23091E-1 6.25915E-1 6.34077E-1 6.48992E-1 6.64581E-1 6.69899E-1 6.70158E-1 6.74962E-1 6.90115E-1
4.98022E-1 5.02834E-1 5.0932E-1 5.07155E-1 5.02483E-1 5.04214E-1 5.05552E-1 5.09685E-1 5.1222E-1 5.17431E-1 5.23365E-1 5.26049E-1 5.26148E-1 5.21778E-1 5.27179E-1 5.33088E-1 5.43358E-1 5.53685E-1 5.59939E-1 5.69652E-1 5.74274E-1 5.74166E-1 5.72078E-1 5.71385E-1 5.73386E-1 5.70565E-1 5.56222E-1 5.55646E-1 5.58261E-1 5.63496E-1 5.72668E-1 5.69757E-1 5.72535E-1 5.79391E-1 5.82342E-1 5.76818E-1 5.82282E-1 5.90005E-1 5.93223E-1 5.94306E-1 6.04096E-1 6.13026E-1 6.21727E-1 6.25166E-1 6.36855E-1 6.41658E-1 6.42837E-1 6.47467E-1 6.453E-1 6.39322E-1 6.25976E-1 6.17001E-1 6.19209E-1 6.23643E-1 6.34912E-1 6.42479E-1 6.52268E-1 6.64904E-1 6.63339E-1 6.71423E-1 6.83629E-1
5.04554E-1 5.08664E-1 5.12583E-1 5.08852E-1 5.04738E-1 5.07182E-1 5.07671E-1 5.11446E-1 5.18119E-1 5.20084E-1 5.21467E-1 5.22024E-1 5.24414E-1 5.30574E-1 5.32822E-1 5.42382E-1 5.48382E-1 5.58119E-1 5.65696E-1 5.71407E-1 5.72977E-1 5.73456E-1 5.72681E-1 5.70838E-1 5.73578E-1 5.73385E-1 5.71515E-1 5.71499E-1 5.68951E-1 5.70696E-1 5.75639E-1 5.77619E-1 5.84262E-1 5.86862E-1 5.86583E-1 5.82631E-1 5.82143E-1 5.9335E-1 5.94132E-1 6.03189E-1 6.13423E-1 6.2229E-1 6.23044E-1 6.23759E-1 6.25435E-1 6.22133E-1 6.33996E-1 6.36164E-1 6.33964E-1 6.33578E-1 6.34258E-1 6.26008E-1 6.2584E-1 6.2424E-1 6.34988E-1 6.5219E-1 6.50702E-1 6.57806E-1 6.67814E-1 6.79384E-1 6.9459E-1
5.11731E-1 5.1243E-1 5.12331E-1 5.09291E-1 5.10083E-1 5.0985E-1 5.12992E-1 5.17265E-1 5.23974E-1 5.281E-1 5.27334E-1 5.25955E-1 5.29908E-1 5.32426E-1 5.38215E-1 5.51774E-1 5.61088E-1 5.6848E-1 5.70904E-1 5.71861E-1 5.7788E-1 5.78288E-1 5.81597E-1 5.76753E-1 5.75591E-1 5.78363E-1 5.79517E-1 5.82299E-1 5.80531E-1 5.77504E-1 5.80568E-1 5.91521E-1 5.94265E-1 5.91576E-1 5.9085E-1 5.83746E-1 5.80966E-1 5.88701E-1 5.98488E-1 6.1851E-1 6.34627E-1 6.32799E-1 6.31647E-1 6.18981E-1 6.18742E-1 6.25371E-1 6.2425E-1 6.32237E-1 6.32732E-1 6.33217E-1 6.35903E-1 6.32761E-1 6.3114E-1 6.38596E-1 6.33877E-1 6.40292E-1 6.53363E-1 6.55384E-1 6.52999E-1 6.71632E-1 6.85729E-1
5.172E-1 5.21135E-1 5.21749E-1 5.1531E-1 5.17701E-1 5.18355E-1 5.17357E-1 5.23039E-1 5.25127E-1 5.24091E-1 5.29794E-1 5.32095E-1 5.33475E-1 5.35776E-1 5.44381E-1 5.57049E-1 5.69643E-1 5.75822E-1 5.7727E-1 5.78537E-1 5.80465E-1 5.80354E-1 5.83238E-1 5.81309E-1 5.78823E-1 5.83202E-1 5.84424E-1 5.86441E-1 5.90985E-1 5.83297E-1 5.81143E-1 5.88288E-1 5.89857E-1 5.92256E-1 5.92631E-1 5.88387E-1 5.82274E-1 5.85696E-1 5.95736E-1 6.26665E-1 6.34313E-1 6.40821E-1 6.39354E-1 6.36301E-1 6.2309E-1 6.27888E-1 6.27228E-1 6.33812E-1 6.35701E-1 6.32607E-1 6.36266E-1 6.39938E-1 6.41428E-1 6.46207E-1 6.42008E-1 6.51368E-1 6.54726E-1 6.55861E-1 6.61651E-1 6.69831E-1 6.90297E-1
