maxent_outputs/white_flowers_linear/white_240.asc
ncols         426
nrows         180
xllcorner     -130.0
yllcorner     24.0
cellsize      0.16666666666666666
NODATA_value  -9999
[rows 54 to 80 of 180, columns 244 to 304 of 426]
3.9488E-1 3.94057E-1 4.11695E-1 4.18892E-1 4.33963E-1 4.28865E-1 4.31296E-1 4.49567E-1 4.69207E-1 5.43239E-1 5.5801E-1 5.47919E-1 5.22331E-1 6.07332E-1 6.20716E-1 6.30446E-1 6.37921E-1 6.49838E-1 6.5935E-1 6.29619E-1 5.94184E-1 5.70207E-1 5.61175E-1 5.51975E-1 5.3974E-1 5.00392E-1 4.87854E-1 4.94303E-1 4.86241E-1 4.83548E-1 4.91498E-1 4.97802E-1 4.99976E-1 5.15223E-1 5.27531E-1 5.61733E-1 6.4176E-1 6.71071E-1 6.87153E-1 7.02912E-1 7.168E-1 7.28892E-1 7.42573E-1 7.53042E-1 7.63354E-1 7.62713E-1 7.67064E-1 7.26878E-1 7.02386E-1 7.35622E-1 7.55879E-1 7.95907E-1 8.04188E-1 8.0499E-1 7.73358E-1 7.54956E-1 7.00225E-1 6.73171E-1 6.56756E-1 6.59073E-1 6.32811E-1
4.08052E-1 4.10211E-1 4.12995E-1 4.17621E-1 4.28287E-1 4.35699E-1 4.39733E-1 4.57364E-1 5.06601E-1 5.43804E-1 5.10598E-1 5.12147E-1 5.8331E-1 6.21941E-1 6.31726E-1 6.37757E-1 6.4906E-1 6.62565E-1 6.64223E-1 6.07388E-1 5.65222E-1 5.47818E-1 5.37968E-1 5.29376E-1 5.14296E-1 4.864E-1 4.87181E-1 4.86937E-1 4.72499E-1 4.72864E-1 4.77816E-1 4.81618E-1 4.89536E-1 5.10929E-1 5.34581E-1 5.40295E-1 5.99257E-1 6.78156E-1 6.93655E-1 7.09415E-1 7.25246E-1 7.39343E-1 7.47069E-1 7.58531E-1 7.63436E-1 7.70113E-1 7.72305E-1 7.60163E-1 7.0678E-1 7.24649E-1 7.42112E-1 7.67417E-1 7.797E-1 8.03105E-1 7.77485E-1 7.04787E-1 6.71845E-1 6.61698E-1 6.39968E-1 6.5154E-1 6.45065E-1
4.09092E-1 4.22515E-1 4.19399E-1 4.29735E-1 4.4167E-1 4.41184E-1 4.36356E-1 4.54847E-1 4.87497E-1 4.87207E-1 5.09902E-1 5.58754E-1 6.26335E-1 6.33919E-1 6.3918E-1 6.43946E-1 6.50372E-1 6.64414E-1 6.4577E-1 5.81018E-1 5.5645E-1 5.36609E-1 5.09605E-1 5.04757E-1 4.92004E-1 4.90644E-1 4.79747E-1 4.83933E-1 4.74327E-1 4.73226E-1 4.68707E-1 4.79352E-1 4.98059E-1 5.09722E-1 5.20786E-1 5.37604E-1 6.18165E-1 6.78188E-1 6.94541E-1 7.13444E-1 7.29703E-1 7.44054E-1 7.57412E-1 7.68322E-1 7.77001E-1 7.75985E-1 7.73067E-1 7.3998E-1 6.89171E-1 6.99951E-1 7.05811E-1 7.13077E-1 7.09497E-1 7.39242E-1 7.57405E-1 7.38626E-1 6.41256E-1 6.32085E-1 6.3511E-1 6.70396E-1 6.78254E-1
4.14779E-1 4.24532E-1 4.2783E-1 4.36712E-1 4.43196E-1 4.44013E-1 4.40423E-1 4.4599E-1 4.58288E-1 4.86351E-1 5.18169E-1 6.0629E-1 6.36002E-1 6.38827E-1 6.4438E-1 6.44405E-1 6.52149E-1 6.58114E-1 6.16225E-1 5.56635E-1 5.42276E-1 5.2913E-1 5.18633E-1 4.9388E-1 4.85621E-1 4.8118E-1 4.81003E-1 5.01003E-1 4.78365E-1 4.73452E-1 4.75538E-1 4.83925E-1 4.93231E-1 5.00865E-1 5.21409E-1 5.42591E-1 6.20499E-1 6.77932E-1 7.00468E-1 7.19432E-1 7.36637E-1 7.5293E-1 7.66946E-1 7.78712E-1 7.90134E-1 7.90019E-1 7.6165E-1 6.92314E-1 6.8447E-1 6.88069E-1 7.10051E-1 7.07364E-1 6.96912E-1 6.98404E-1 7.0882E-1 6.61335E-1 6.31397E-1 6.18977E-1 6.31621E-1 6.95571E-1 6.80698E-1
4.187E-1 4.30786E-1 4.36159E-1 4.37878E-1 4.41576E-1 4.55496E-1 4.54346E-1 4.5116E-1 4.73051E-1 4.96058E-1 5.23301E-1 6.21165E-1 6.39675E-1 6.4737E-1 6.47098E-1 6.47894E-1 6.50893E-1 6.37846E-1 5.77805E-1 5.52786E-1 5.4473E-1 5.29034E-1 5.06251E-1 4.87303E-1 4.79532E-1 4.66201E-1 4.75731E-1 4.86157E-1 4.80354E-1 4.7979E-1 4.77315E-1 4.8331E-1 4.88707E-1 5.01529E-1 5.30422E-1 5.95785E-1 6.51123E-1 6.78006E-1 6.99625E-1 7.19314E-1 7.40984E-1 7.56418E-1 7.75969E-1 7.91257E-1 7.9432E-1 7.81578E-1 7.32936E-1 6.99809E-1 7.05211E-1 7.00232E-1 7.10306E-1 7.18465E-1 6.98399E-1 6.82495E-1 6.93561E-1 6.63019E-1 6.28542E-1 6.10653E-1 6.22457E-1 6.43109E-1 6.21143E-1
4.21858E-1 4.34565E-1 4.49498E-1 4.5047E-1 4.47689E-1 4.89702E-1 4.66794E-1 4.67015E-1 4.80372E-1 5.03891E-1 5.66237E-1 6.34921E-1 6.44186E-1 6.50185E-1 6.5027E-1 6.51429E-1 6.42765E-1 5.93614E-1 5.51038E-1 5.47108E-1 5.40219E-1 5.2569E-1 5.12228E-1 4.94876E-1 4.86187E-1 4.7874E-1 4.83987E-1 4.89263E-1 4.83327E-1 4.80678E-1 4.86743E-1 4.90719E-1 4.97617E-1 5.15809E-1 5.62316E-1 6.28547E-1 6.42055E-1 6.405E-1 6.48718E-1 6.94525E-1 7.44682E-1 7.60456E-1 7.80208E-1 7.98334E-1 7.80968E-1 7.59249E-1 7.08755E-1 7.11486E-1 7.19993E-1 7.13003E-1 6.96125E-1 6.92351E-1 6.99401E-1 6.86556E-1 6.45272E-1 6.33994E-1 6.17067E-1 6.04643E-1 6.10889E-1 6.15889E-1 6.18204E-1
4.32271E-1 4.40162E-1 4.42545E-1 4.437E-1 4.45017E-1 4.80306E-1 4.6849E-1 4.82322E-1 4.93502E-1 5.33443E-1 6.275E-1 6.37082E-1 6.41189E-1 6.43232E-1 6.46734E-1 6.48025E-1 6.46265E-1 5.82205E-1 5.49748E-1 5.48031E-1 5.39755E-1 5.31716E-1 5.18641E-1 5.09949E-1 5.03073E-1 5.03985E-1 5.02012E-1 4.92271E-1 4.89637E-1 4.90742E-1 5.00581E-1 5.0065E-1 5.13567E-1 5.73225E-1 5.89893E-1 5.7779E-1 5.5176E-1 5.63065E-1 5.87653E-1 6.24526E-1 7.23743E-1 7.59848E-1 7.76142E-1 7.93902E-1 7.90391E-1 7.52577E-1 7.2178E-1 7.12657E-1 7.12676E-1 7.087E-1 6.91947E-1 6.79374E-1 6.62907E-1 6.30634E-1 6.06681E-1 6.19728E-1 6.23544E-1 6.14044E-1 6.15271E-1 6.28138E-1 6.31625E-1
4.42326E-1 4.48949E-1 4.39242E-1 4.43611E-1 4.48173E-1 4.49289E-1 4.65344E-1 4.84622E-1 4.87356E-1 5.17696E-1 6.21588E-1 6.36692E-1 6.38988E-1 6.43613E-1 6.4553E-1 6.50534E-1 6.35213E-1 5.75728E-1 5.47194E-1 5.43181E-1 5.44771E-1 5.38353E-1 5.32678E-1 5.2399E-1 5.19904E-1 5.02146E-1 4.99984E-1 4.91427E-1 4.96249E-1 5.05507E-1 5.09563E-1 5.04273E-1 5.28595E-1 5.84155E-1 5.6344E-1 5.18604E-1 5.17231E-1 5.46614E-1 5.73555E-1 5.99459E-1 6.80994E-1 7.49109E-1 7.71511E-1 7.87661E-1 7.88075E-1 7.56771E-1 7.26089E-1 7.06146E-1 7.03974E-1 6.94734E-1 6.7834E-1 6.66452E-1 6.40085E-1 6.14959E-1 6.07686E-1 6.2001E-1 6.30706E-1 6.15497E-1 6.23366E-1 6.44487E-1 6.54803E-1
4.4423E-1 4.46304E-1 4.44329E-1 4.41993E-1 4.48987E-1 4.47281E-1 4.59607E-1 4.75672E-1 4.86847E-1 5.5335E-1 6.28207E-1 6.38685E-1 6.41667E-1 6.4366E-1 6.46183E-1 6.50892E-1 6.23613E-1 5.58328E-1 5.40535E-1 5.38282E-1 5.42554E-1 5.37107E-1 5.41432E-1 5.28903E-1 5.18423E-1 5.11653E-1 5.08547E-1 5.00766E-1 5.11698E-1 5.18146E-1 5.09138E-1 4.99667E-1 5.09312E-1 5.10637E-1 4.985E-1 4.90068E-1 5.09129E-1 5.3492E-1 5.58005E-1 5.76085E-1 6.51551E-1 7.33439E-1 7.58397E-1 7.77856E-1 7.81843E-1 7.59234E-1 7.21396E-1 7.12298E-1 7.05804E-1 6.89369E-1 6.49891E-1 6.45512E-1 6.39209E-1 6.29316E-1 6.31459E-1 6.42067E-1 6.51034E-1 6.40278E-1 6.61959E-1 7.19308E-1 7.443E-1
4.43798E-1 4.45446E-1 4.51757E-1 4.4126E-1 4.44919E-1 4.47853E-1 4.56994E-1 4.67455E-1 4.91261E-1 6.06442E-1 6.31066E-1 6.38393E-1 6.41443E-1 6.42851E-1 6.45518E-1 6.47276E-1 6.43553E-1 5.91213E-1 5.57432E-1 5.44849E-1 5.38418E-1 5.40389E-1 5.3921E-1 5.20615E-1 5.14644E-1 5.12168E-1 5.15636E-1 5.07993E-1 5.06038E-1 4.93376E-1 5.01358E-1 5.06717E-1 5.08908E-1 4.97773E-1 4.97454E-1 5.06208E-1 5.12653E-1 5.22342E-1 5.33441E-1 5.56017E-1 6.05108E-1 7.16581E-1 7.46103E-1 7.63377E-1 7.7357E-1 7.41709E-1 6.86912E-1 6.97636E-1 7.06232E-1 6.90905E-1 6.6186E-1 6.45052E-1 6.3692E-1 6.30413E-1 6.41389E-1 6.67474E-1 6.75049E-1 6.92545E-1 7.62835E-1 7.72069E-1 7.65812E-1
4.37665E-1 4.42433E-1 4.52445E-1 4.52924E-1 4.50827E-1 4.57116E-1 4.61556E-1 4.70733E-1 5.0638E-1 6.25142E-1 6.36367E-1 6.42777E-1 6.45206E-1 6.42969E-1 6.42894E-1 6.47538E-1 6.47756E-1 6.23094E-1 5.73391E-1 5.44856E-1 5.29199E-1 5.27804E-1 5.27581E-1 5.25869E-1 5.19202E-1 5.2139E-1 5.17201E-1 5.10507E-1 5.05148E-1 5.065E-1 5.0949E-1 5.09034E-1 5.10298E-1 5.08141E-1 5.0998E-1 5.08947E-1 5.09604E-1 5.20053E-1 5.29193E-1 5.51524E-1 5.9253E-1 7.10421E-1 7.41496E-1 7.39961E-1 7.11835E-1 6.84836E-1 6.84619E-1 6.93671E-1 6.9997E-1 6.88096E-1 6.71679E-1 6.56393E-1 6.41943E-1 6.26494E-1 6.29974E-1 6.67547E-1 6.90365E-1 7.19263E-1 7.48624E-1 7.43551E-1 7.19284E-1
4.37431E-1 4.43153E-1 4.50666E-1 4.52732E-1 4.55775E-1 4.66531E-1 4.71376E-1 4.91125E-1 5.08298E-1 6.33898E-1 6.46423E-1 6.48606E-1 6.46887E-1 6.4437E-1 6.42731E-1 6.41539E-1 6.42564E-1 6.40041E-1 5.87642E-1 5.48511E-1 5.32319E-1 5.34577E-1 5.38357E-1 5.35137E-1 5.3015E-1 5.31495E-1 5.23644E-1 5.19136E-1 5.11423E-1 5.10538E-1 5.09197E-1 5.11271E-1 5.12864E-1 5.21346E-1 5.19886E-1 5.1866E-1 5.24279E-1 5.28446E-1 5.36369E-1 5.57395E-1 5.93155E-1 6.72191E-1 7.04874E-1 6.72074E-1 6.64799E-1 6.81564E-1 6.94712E-1 6.93392E-1 6.92653E-1 6.84114E-1 6.72114E-1 6.63446E-1 6.53088E-1 6.3674E-1 6.30498E-1 6.53463E-1 6.68268E-1 6.75888E-1 6.81354E-1 6.76129E-1 6.73678E-1
4.43262E-1 4.46218E-1 4.5187E-1 4.48553E-1 4.56359E-1 4.66727E-1 4.7896E-1 4.98458E-1 5.16976E-1 6.26441E-1 6.47654E-1 6.52914E-1 6.52797E-1 6.52338E-1 6.50082E-1 6.44252E-1 6.44161E-1 6.37518E-1 6.02964E-1 5.46508E-1 5.38572E-1 5.47806E-1 5.45003E-1 5.46026E-1 5.39119E-1 5.37574E-1 5.36132E-1 5.25945E-1 5.20675E-1 5.23729E-1 5.23821E-1 5.25304E-1 5.24206E-1 5.33996E-1 5.35919E-1 5.37007E-1 5.39609E-1 5.49416E-1 5.58144E-1 5.80749E-1 6.08959E-1 6.33664E-1 6.36614E-1 6.50655E-1 6.62448E-1 6.80036E-1 6.88434E-1 6.88774E-1 6.87905E-1 6.76644E-1 6.70592E-1 6.64691E-1 6.55184E-1 6.52517E-1 6.53525E-1 6.55059E-1 6.62394E-1 6.7691E-1 6.78051E-1 6.78027E-1 6.68042E-1
4.441E-1 4.44185E-1 4.4547E-1 4.50899E-1 4.63659E-1 4.72214E-1 4.78223E-1 4.90803E-1 5.14714E-1 5.90711E-1 6.48381E-1 6.53932E-1 6.57466E-1 6.53015E-1 6.51672E-1 6.50205E-1 6.44484E-1 6.42936E-1 6.11408E-1 5.49139E-1 5.44799E-1 5.49758E-1 5.48644E-1 5.44169E-1 5.34589E-1 5.35797E-1 5.314E-1 5.3091E-1 5.38335E-1 5.40103E-1 5.40346E-1 5.3583E-1 5.46769E-1 5.58744E-1 5.59468E-1 5.60926E-1 5.58921E-1 5.73096E-1 5.8569E-1 6.03447E-1 6.32091E-1 6.44531E-1 6.38054E-1 6.46567E-1 6.55549E-1 6.70976E-1 6.77562E-1 6.78732E-1 6.7995E-1 6.75719E-1 6.71206E-1 6.6851E-1 6.62108E-1 6.71966E-1 7.10438E-1 7.37946E-1 7.43385E-1 7.53995E-1 7.51901E-1 7.43189E-1 7.31553E-1
4.47411E-1 4.45876E-1 4.48377E-1 4.54734E-1 4.70446E-1 4.86466E-1 4.80945E-1 4.97843E-1 5.11733E-1 6.13755E-1 6.54128E-1 6.59041E-1 6.58327E-1 6.56586E-1 6.54064E-1 6.52414E-1 6.48913E-1 6.43046E-1 6.03994E-1 5.62023E-1 5.74088E-1 5.65965E-1 5.56046E-1 5.62639E-1 5.4247E-1 5.35864E-1 5.33289E-1 5.28598E-1 5.3243E-1 5.30793E-1 5.35467E-1 5.45969E-1 5.58128E-1 5.69786E-1 5.79727E-1 5.83205E-1 5.79664E-1 5.92044E-1 6.12434E-1 6.64474E-1 6.72751E-1 6.45404E-1 6.33665E-1 6.39316E-1 6.53647E-1 6.61066E-1 6.73961E-1 7.24903E-1 7.45752E-1 7.45579E-1 7.41108E-1 7.26388E-1 7.02379E-1 7.0951E-1 7.38713E-1 7.48973E-1 7.68017E-1 7.6312E-1 7.56565E-1 7.43633E-1 7.11535E-1
4.50737E-1 4.52875E-1 4.56432E-1 4.60313E-1 4.69631E-1 4.79789E-1 4.89898E-1 5.06843E-1 5.16729E-1 6.07608E-1 6.55959E-1 6.63882E-1 6.63093E-1 6.60961E-1 6.58654E-1 6.57271E-1 6.5522E-1 6.45361E-1 5.84615E-1 5.65418E-1 5.7526E-1 5.73407E-1 5.63188E-1 5.59463E-1 5.52037E-1 5.47706E-1 5.43993E-1 5.32005E-1 5.29066E-1 5.26383E-1 5.38539E-1 5.60603E-1 5.76541E-1 5.91629E-1 5.93206E-1 5.92232E-1 6.04325E-1 6.16449E-1 6.3865E-1 7.1127E-1 7.07549E-1 6.68493E-1 6.41628E-1 6.46628E-1 6.59259E-1 6.85036E-1 7.49941E-1 7.66286E-1 7.62333E-1 7.63096E-1 7.59526E-1 7.6303E-1 7.65646E-1 7.66566E-1 7.71794E-1 7.67301E-1 7.6867E-1 7.55611E-1 7.28314E-1 6.87577E-1 6.65858E-1
4.53526E-1 4.56296E-1 4.55383E-1 4.61849E-1 4.66903E-1 4.73184E-1 4.89039E-1 5.02621E-1 5.22179E-1 6.06725E-1 6.5668E-1 6.62986E-1 6.67522E-1 6.65062E-1 6.62616E-1 6.64496E-1 6.56773E-1 6.1414E-1 5.71405E-1 5.67235E-1 5.69018E-1 5.70744E-1 5.65112E-1 5.64218E-1 5.58417E-1 5.57336E-1 5.47293E-1 5.40296E-1 5.35491E-1 5.37921E-1 5.5002E-1 5.60109E-1 5.78629E-1 5.9995E-1 6.05071E-1 6.05458E-1 6.16314E-1 6.31471E-1 6.30352E-1 6.41548E-1 6.55313E-1 6.55637E-1 6.59309E-1 7.02649E-1 7.3426E-1 7.65544E-1 7.63485E-1 7.60593E-1 7.56471E-1 7.57183E-1 7.55195E-1 7.58692E-1 7.59926E-1 7.61593E-1 7.65316E-1 7.56084E-1 7.21689E-1 6.8756E-1 6.85849E-1 6.82443E-1 6.69862E-1
4.60067E-1 4.54908E-1 4.58055E-1 4.62822E-1 4.67381E-1 4.75916E-1 4.90737E-1 5.06832E-1 5.20314E-1 5.52841E-1 6.40054E-1 6.62534E-1 6.70134E-1 6.68104E-1 6.70464E-1 6.65558E-1 6.38437E-1 5.71081E-1 5.67292E-1 5.69978E-1 5.68748E-1 5.71592E-1 5.66691E-1 5.62852E-1 5.62574E-1 5.60833E-1 5.55128E-1 5.48854E-1 5.45241E-1 5.49327E-1 5.58575E-1 5.73382E-1 5.79601E-1 5.85537E-1 5.96378E-1 6.07354E-1 6.20997E-1 6.3535E-1 6.21901E-1 6.51712E-1 6.71196E-1 7.09947E-1 7.54803E-1 7.69425E-1 7.68053E-1 7.61344E-1 7.57218E-1 7.54273E-1 7.5112E-1 7.48485E-1 7.49959E-1 7.51943E-1 7.54579E-1 7.38244E-1 7.08743E-1 6.84181E-1 6.85176E-1 6.8769E-1 6.87506E-1 6.84359E-1 6.61703E-1
4.59701E-1 4.55828E-1 4.58558E-1 4.62355E-1 4.69427E-1 4.83544E-1 4.98484E-1 5.13054E-1 5.30979E-1 5.41505E-1 6.06793E-1 6.5414E-1 6.58858E-1 6.64491E-1 6.66533E-1 6.61449E-1 6.02052E-1 5.84081E-1 5.8296E-1 5.86999E-1 5.84629E-1 5.77095E-1 5.60897E-1 5.66922E-1 5.68464E-1 5.66764E-1 5.68329E-1 5.61161E-1 5.59445E-1 5.5568E-1 5.62214E-1 5.70516E-1 5.75033E-1 5.80029E-1 5.89507E-1 6.0075E-1 6.52408E-1 6.87977E-1 6.7473E-1 7.114E-1 7.25672E-1 7.56557E-1 7.62157E-1 7.62083E-1 7.61461E-1 7.58573E-1 7.52977E-1 7.42777E-1 7.4038E-1 7.39441E-1 7.2234E-1 6.97082E-1 6.75658E-1 6.80642E-1 6.78926E-1 6.77202E-1 6.78955E-1 6.84826E-1 6.81729E-1 6.8147E-1 6.65026E-1
4.59801E-1 4.57741E-1 4.57145E-1 4.65584E-1 4.784E-1 4.91569E-1 5.04026E-1 5.21391E-1 5.42737E-1 5.4183E-1 5.55704E-1 6.07028E-1 6.39096E-1 6.25913E-1 6.08557E-1 5.95636E-1 5.81337E-1 5.80722E-1 5.88324E-1 5.88795E-1 5.78235E-1 5.73846E-1 5.67034E-1 5.68685E-1 5.7154E-1 5.71683E-1 5.71229E-1 5.66685E-1 5.66553E-1 5.61917E-1 5.58721E-1 5.61491E-1 5.71364E-1 5.8232E-1 5.90268E-1 6.08949E-1 6.55216E-1 6.85261E-1 6.93333E-1 6.91656E-1 7.17256E-1 7.34888E-1 7.44576E-1 7.49411E-1 7.52121E-1 7.50977E-1 7.44233E-1 7.0241E-1 6.83872E-1 6.79342E-1 6.6033E-1 6.50949E-1 6.47512E-1 6.53685E-1 6.64175E-1 6.68899E-1 6.75966E-1 6.73434E-1 6.7437E-1 6.72649E-1 6.70557E-1
4.64468E-1 4.62457E-1 4.63201E-1 4.75759E-1 4.87433E-1 4.92318E-1 5.0651E-1 5.18165E-1 5.20967E-1 5.32381E-1 5.38287E-1 5.40437E-1 5.46389E-1 5.55412E-1 5.58555E-1 5.67639E-1 5.72924E-1 5.74455E-1 5.88486E-1 5.82943E-1 5.74579E-1 5.71876E-1 5.70361E-1 5.76512E-1 5.75884E-1 5.70994E-1 5.68939E-1 5.6685E-1 5.68802E-1 5.63496E-1 5.57993E-1 5.60598E-1 5.71836E-1 5.83412E-1 5.82435E-1 5.72631E-1 5.81583E-1 6.11533E-1 6.45473E-1 6.45172E-1 6.98896E-1 7.15455E-1 7.23359E-1 7.24154E-1 7.27823E-1 7.31764E-1 7.01445E-1 6.79025E-1 6.86853E-1 6.70223E-1 6.47379E-1 6.36217E-1 6.34575E-1 6.40414E-1 6.4741E-1 6.56731E-1 6.65099E-1 6.60869E-1 6.66638E-1 6.66787E-1 6.69657E-1
4.7223E-1 4.74278E-1 4.77327E-1 4.91819E-1 4.94102E-1 5.01764E-1 5.24598E-1 5.14787E-1 5.05142E-1 5.10267E-1 5.21631E-1 5.32501E-1 5.31763E-1 5.32816E-1 5.37983E-1 5.48246E-1 5.54451E-1 5.65479E-1 5.72448E-1 5.707E-1 5.71021E-1 5.7602E-1 5.76601E-1 5.72909E-1 5.7191E-1 5.59658E-1 5.59098E-1 5.64445E-1 5.63075E-1 5.66161E-1 5.61016E-1 5.63472E-1 5.69285E-1 5.72123E-1 5.69287E-1 5.72673E-1 5.77069E-1 5.85803E-1 5.95583E-1 6.05596E-1 6.37017E-1 6.55709E-1 6.49897E-1 6.53977E-1 6.6941E-1 6.69528E-1 6.72394E-1 6.76647E-1 6.76649E-1 6.565E-1 6.31374E-1 6.28458E-1 6.16924E-1 6.16775E-1 6.28932E-1 6.45075E-1 6.573E-1 6.57476E-1 6.64651E-1 6.64495E-1 6.69418E-1
4.90629E-1 4.9231E-1 4.98902E-1 5.03302E-1 5.14515E-1 5.09494E-1 5.28176E-1 5.16207E-1 5.08029E-1 5.07143E-1 5.20555E-1 5.31129E-1 5.27186E-1 5.20946E-1 5.32693E-1 5.43178E-1 5.55713E-1 5.64372E-1 5.66713E-1 5.70349E-1 5.74117E-1 5.78592E-1 5.78764E-1 5.73699E-1 5.68899E-1 5.68944E-1 5.62247E-1 5.59669E-1 5.66239E-1 5.70171E-1 5.67285E-1 5.70236E-1 5.68817E-1 5.71759E-1 5.73024E-1 5.76879E-1 5.81043E-1 5.85989E-1 5.89172E-1 5.89427E-1 6.03021E-1 6.13648E-1 6.24373E-1 6.34937E-1 6.51318E-1 6.6013E-1 6.64071E-1 6.60142E-1 6.59167E-1 6.45422E-1 6.23109E-1 6.13137E-1 6.18009E-1 6.20369E-1 6.23704E-1 6.35663E-1 6.49993E-1 6.57455E-1 6.55844E-1 6.61799E-1 6.73319E-1
5.0274E-1 5.06843E-1 5.15015E-1 5.12586E-1 5.05597E-1 5.09801E-1 5.11378E-1 5.15127E-1 5.17211E-1 5.22687E-1 5.28078E-1 5.30073E-1 5.29771E-1 5.25161E-1 5.31053E-1 5.38508E-1 5.497E-1 5.59784E-1 5.64354E-1 5.73339E-1 5.76658E-1 5.77927E-1 5.76079E-1 5.75972E-1 5.80621E-1 5.79892E-1 5.64698E-1 5.64935E-1 5.68997E-1 5.75028E-1 5.83998E-1 5.80582E-1 5.83632E-1 5.90671E-1 5.92436E-1 5.84732E-1 5.91087E-1 5.97271E-1 5.97053E-1 5.98964E-1 6.05445E-1 6.13895E-1 6.22553E-1 6.29067E-1 6.37777E-1 6.42398E-1 6.50191E-1 6.51149E-1 6.46262E-1 6.40623E-1 6.26137E-1 6.17759E-1 6.19752E-1 6.22916E-1 6.29329E-1 6.34835E-1 6.43066E-1 6.55747E-1 6.57665E-1 6.62593E-1 6.75115E-1
5.10226E-1 5.14852E-1 5.2074E-1 5.1744E-1 5.09994E-1 5.12735E-1 5.12964E-1 5.17829E-1 5.25463E-1 5.27297E-1 5.27409E-1 5.27741E-1 5.30252E-1 5.36999E-1 5.39475E-1 5.50654E-1 5.56728E-1 5.6522E-1 5.72261E-1 5.78033E-1 5.80899E-1 5.79823E-1 5.7957E-1 5.78675E-1 5.82112E-1 5.83199E-1 5.81391E-1 5.82879E-1 5.81123E-1 5.8366E-1 5.88916E-1 5.89837E-1 5.95456E-1 5.96625E-1 5.96422E-1 5.91503E-1 5.90533E-1 5.97538E-1 5.94814E-1 6.01948E-1 6.1053E-1 6.18575E-1 6.21252E-1 6.2337E-1 6.27292E-1 6.25776E-1 6.40103E-1 6.40536E-1 6.36095E-1 6.36295E-1 6.33604E-1 6.26483E-1 6.26366E-1 6.28099E-1 6.34706E-1 6.47058E-1 6.4778E-1 6.53072E-1 6.6516E-1 6.77905E-1 6.89537E-1
5.18664E-1 5.21141E-1 5.20855E-1 5.16812E-1 5.17397E-1 5.16936E-1 5.20057E-1 5.26291E-1 5.33385E-1 5.36825E-1 5.34794E-1 5.32394E-1 5.35042E-1 5.3854E-1 5.46728E-1 5.62569E-1 5.72911E-1 5.80787E-1 5.84065E-1 5.83596E-1 5.88683E-1 5.87193E-1 5.90667E-1 5.8611E-1 5.85546E-1 5.89635E-1 5.92225E-1 5.95858E-1 5.93746E-1 5.90223E-1 5.9247E-1 6.02109E-1 6.01788E-1 5.99099E-1 5.99826E-1 5.91956E-1 5.87779E-1 5.9174E-1 5.9912E-1 6.141E-1 6.26815E-1 6.29249E-1 6.30533E-1 6.2194E-1 6.23257E-1 6.27502E-1 6.31466E-1 6.39975E-1 6.3805E-1 6.3729E-1 6.38845E-1 6.36963E-1 6.37114E-1 6.44636E-1 6.43271E-1 6.46886E-1 6.56111E-1 6.57611E-1 6.58672E-1 6.73416E-1 6.88479E-1
5.26506E-1 5.28677E-1 5.29736E-1 5.23081E-1 5.25259E-1 5.25004E-1 5.24427E-1 5.31758E-1 5.35733E-1 5.33608E-1 5.38341E-1 5.38545E-1 5.40405E-1 5.4433E-1 5.54966E-1 5.7183E-1 5.84619E-1 5.89709E-1 5.89817E-1 5.90892E-1 5.91728E-1 5.90817E-1 5.92683E-1 5.90784E-1 5.88635E-1 5.94741E-1 5.97052E-1 5.99654E-1 6.05343E-1 5.9578E-1 5.93275E-1 5.97104E-1 5.9601E-1 5.98081E-1 5.99132E-1 5.96299E-1 5.88958E-1 5.90131E-1 5.98094E-1 6.20391E-1 6.29913E-1 6.37884E-1 6.41171E-1 6.38044E-1 6.28465E-1 6.31406E-1 6.36165E-1 6.45212E-1 6.44868E-1 6.39331E-1 6.4323E-1 6.48809E-1 6.52528E-1 6.56529E-1 6.56846E-1 6.62311E-1 6.66378E-1 6.67828E-1 6.68614E-1 6.76228E-1 6.96019E-1
