maxent_outputs/white_flowers_linear/white_164.asc
ncols         426
nrows         180
xllcorner     -130.0
yllcorner     24.0
cellsize      0.16666666666666666
NODATA_value  -9999
[rows 0 to 26 of 180, columns 122 to 182 of 426]
4.33372E-1 4.28849E-1 4.27707E-1 4.04015E-1 3.96182E-1 4.17602E-1 4.34089E-1 4.3541E-1 4.2182E-1 4.14665E-1 4.05572E-1 4.04301E-1 4.06654E-1 4.06158E-1 4.04046E-1 3.99449E-1 4.07109E-1 4.08648E-1 4.16641E-1 4.22077E-1 4.227E-1 4.12898E-1 4.03411E-1 4.01991E-1 3.91042E-1 3.91835E-1 3.91962E-1 3.89549E-1 3.88842E-1 3.86082E-1 3.85013E-1 3.84937E-1 3.83824E-1 3.80167E-1 3.79194E-1 3.79128E-1 3.78806E-1 3.80035E-1 3.82354E-1 3.82403E-1 3.85704E-1 3.86023E-1 3.85218E-1 3.85554E-1 3.862E-1 3.87284E-1 3.85916E-1 3.87272E-1 3.89693E-1 3.8942E-1 3.84292E-1 3.86746E-1 3.86056E-1 3.81589E-1 3.86911E-1 3.98502E-1 4.06815E-1 3.96777E-1 4.01755E-1 4.08674E-1 3.9035E-1
4.15928E-1 4.11978E-1 4.09025E-1 4.02566E-1 4.03296E-1 4.09128E-1 4.12266E-1 4.13318E-1 4.31425E-1 4.32844E-1 4.14421E-1 4.07534E-1 4.00476E-1 4.10867E-1 4.14957E-1 4.00733E-1 3.95988E-1 3.96187E-1 4.08915E-1 4.13501E-1 4.1497E-1 4.06696E-1 4.03891E-1 3.97332E-1 3.94375E-1 3.98258E-1 3.97891E-1 3.8872E-1 3.90066E-1 3.89552E-1 3.90231E-1 3.92057E-1 3.92659E-1 3.97195E-1 3.87313E-1 3.79921E-1 3.81631E-1 3.84488E-1 3.84744E-1 3.87782E-1 3.89697E-1 3.87439E-1 3.85404E-1 3.82587E-1 3.8549E-1 3.90559E-1 3.90214E-1 3.8924E-1 3.82107E-1 3.65876E-1 3.72454E-1 3.89189E-1 3.94091E-1 3.92371E-1 3.92249E-1 3.94753E-1 4.11923E-1 4.06353E-1 3.92539E-1 3.91879E-1 3.85532E-1
3.91638E-1 3.90723E-1 3.88564E-1 3.90892E-1 4.04722E-1 4.0615E-1 4.16216E-1 4.15557E-1 4.20968E-1 4.26568E-1 4.2524E-1 4.05568E-1 3.96476E-1 4.0174E-1 4.11384E-1 4.01536E-1 3.93428E-1 3.91362E-1 3.9271E-1 4.00409E-1 4.01287E-1 4.03056E-1 4.00077E-1 3.96039E-1 3.82608E-1 3.90396E-1 3.89962E-1 3.93629E-1 3.92101E-1 3.90555E-1 3.84925E-1 3.8433E-1 3.82641E-1 3.80211E-1 3.80857E-1 3.89803E-1 3.93253E-1 3.94017E-1 3.84421E-1 3.88259E-1 3.89569E-1 3.93228E-1 3.8597E-1 3.91831E-1 4.04541E-1 4.05752E-1 3.95207E-1 3.88869E-1 3.88835E-1 3.85441E-1 3.88123E-1 3.92817E-1 3.9408E-1 3.94804E-1 3.97325E-1 3.97731E-1 4.04553E-1 4.00923E-1 3.96139E-1 3.87113E-1 3.847E-1
4.00854E-1 3.96338E-1 3.85888E-1 3.88762E-1 3.87008E-1 3.96095E-1 3.99043E-1 3.99082E-1 4.06313E-1 4.0914E-1 4.19308E-1 4.11006E-1 4.09114E-1 4.00774E-1 4.07168E-1 3.99297E-1 3.92605E-1 3.89238E-1 3.88468E-1 3.87895E-1 3.88637E-1 3.86729E-1 3.80856E-1 3.79563E-1 3.76474E-1 3.73002E-1 3.71682E-1 3.79432E-1 3.83363E-1 3.89582E-1 3.86739E-1 3.85005E-1 3.89823E-1 3.81553E-1 3.84367E-1 3.86947E-1 3.77647E-1 3.86077E-1 3.88131E-1 3.90479E-1 3.91482E-1 3.9424E-1 3.98871E-1 4.14473E-1 4.25026E-1 4.08631E-1 3.90501E-1 3.85153E-1 3.85696E-1 3.88637E-1 3.88872E-1 3.87449E-1 3.97952E-1 4.09397E-1 4.12907E-1 4.17002E-1 4.18265E-1 4.18504E-1 3.98364E-1 3.8954E-1 3.8837E-1
4.07505E-1 4.05837E-1 3.90802E-1 3.86162E-1 3.83055E-1 3.82841E-1 3.85874E-1 3.96398E-1 4.08715E-1 4.04568E-1 4.06067E-1 4.12325E-1 4.13095E-1 4.13623E-1 4.14277E-1 4.11209E-1 4.04693E-1 3.90512E-1 3.88163E-1 3.88866E-1 3.90504E-1 3.84921E-1 3.82916E-1 3.82185E-1 3.78368E-1 3.74671E-1 3.78662E-1 3.84409E-1 3.90007E-1 3.95424E-1 3.94168E-1 3.94237E-1 3.96731E-1 3.84474E-1 3.73752E-1 3.77202E-1 3.83062E-1 3.88788E-1 3.93187E-1 3.98328E-1 3.98293E-1 4.02946E-1 3.9848E-1 4.07654E-1 4.20116E-1 4.03063E-1 3.87228E-1 3.85101E-1 3.879E-1 3.89834E-1 3.90486E-1 3.95204E-1 3.90958E-1 3.91335E-1 4.02562E-1 4.11163E-1 4.26523E-1 4.24436E-1 4.1156E-1 4.03748E-1 4.02256E-1
4.10673E-1 4.15405E-1 4.04567E-1 3.99251E-1 3.92767E-1 3.86533E-1 3.78992E-1 4.01524E-1 3.97774E-1 3.96088E-1 3.96849E-1 4.02216E-1 4.08649E-1 4.18742E-1 4.29452E-1 4.27899E-1 4.05543E-1 3.92322E-1 3.93321E-1 3.92042E-1 3.96975E-1 3.95406E-1 3.87284E-1 3.8224E-1 3.81238E-1 3.79121E-1 3.79412E-1 3.80434E-1 3.81237E-1 3.83274E-1 3.87581E-1 3.85607E-1 3.90649E-1 3.86982E-1 3.77342E-1 3.78148E-1 3.79332E-1 3.93643E-1 4.06376E-1 4.10152E-1 4.05724E-1 3.99563E-1 4.0488E-1 4.11109E-1 4.10462E-1 3.99376E-1 3.88508E-1 3.89332E-1 3.99444E-1 4.03562E-1 4.02142E-1 4.19008E-1 4.20728E-1 4.17447E-1 4.21306E-1 4.18379E-1 4.17833E-1 4.14717E-1 4.09438E-1 3.93393E-1 3.97556E-1
4.33716E-1 4.21691E-1 4.21816E-1 4.15611E-1 4.01273E-1 3.92619E-1 3.85624E-1 3.78154E-1 3.7441E-1 3.80689E-1 3.8168E-1 3.85447E-1 3.9708E-1 4.0556E-1 4.12514E-1 4.18149E-1 3.98314E-1 3.93254E-1 3.96004E-1 3.95961E-1 3.99183E-1 4.00557E-1 3.92837E-1 3.88267E-1 3.90608E-1 3.91659E-1 3.9477E-1 3.89408E-1 3.81702E-1 3.77968E-1 3.80265E-1 3.88125E-1 3.93349E-1 3.95279E-1 3.89212E-1 3.90115E-1 3.93896E-1 3.94186E-1 3.95138E-1 3.94499E-1 3.94783E-1 3.9879E-1 4.01274E-1 3.98207E-1 3.98565E-1 3.91819E-1 3.94594E-1 4.00207E-1 4.15097E-1 4.24722E-1 4.21952E-1 4.15779E-1 4.3853E-1 4.38345E-1 4.14569E-1 4.26709E-1 4.31371E-1 4.33903E-1 4.21154E-1 4.08958E-1 3.97365E-1
4.19785E-1 4.26181E-1 4.23703E-1 4.11436E-1 4.10096E-1 4.06754E-1 4.0934E-1 3.9043E-1 3.86068E-1 3.84717E-1 3.83186E-1 3.83596E-1 3.83645E-1 3.8923E-1 3.96659E-1 3.93926E-1 3.90963E-1 3.90454E-1 3.95496E-1 3.96032E-1 3.9544E-1 3.92005E-1 3.93897E-1 3.95129E-1 3.95527E-1 3.96358E-1 3.98539E-1 3.98952E-1 3.94174E-1 3.89995E-1 3.92432E-1 4.01253E-1 4.07094E-1 4.06655E-1 4.04513E-1 3.99489E-1 3.95383E-1 3.95905E-1 3.88969E-1 3.82319E-1 3.81938E-1 3.93904E-1 3.97886E-1 3.94094E-1 3.9516E-1 4.08626E-1 4.13031E-1 4.1683E-1 4.25929E-1 4.35272E-1 4.33281E-1 4.15734E-1 4.22713E-1 4.28262E-1 4.09137E-1 4.2036E-1 4.13646E-1 4.21685E-1 4.30282E-1 4.19329E-1 4.07452E-1
4.24846E-1 4.07353E-1 4.06602E-1 4.064E-1 4.1086E-1 4.05594E-1 4.06977E-1 4.16685E-1 4.26197E-1 4.2163E-1 3.99711E-1 3.95954E-1 3.87954E-1 3.83398E-1 3.82023E-1 3.88529E-1 3.89025E-1 3.92381E-1 3.95848E-1 3.98081E-1 3.96608E-1 3.95237E-1 3.97721E-1 4.01713E-1 4.00067E-1 3.97966E-1 4.02412E-1 4.01068E-1 4.02941E-1 4.03452E-1 4.07062E-1 4.08889E-1 4.12405E-1 4.12324E-1 4.09047E-1 4.04885E-1 4.01324E-1 4.03239E-1 3.97483E-1 4.01971E-1 4.02155E-1 4.03511E-1 4.06444E-1 4.08948E-1 4.11234E-1 4.20903E-1 4.23758E-1 4.22883E-1 4.26345E-1 4.31389E-1 4.39953E-1 4.23963E-1 4.10025E-1 4.32023E-1 4.10584E-1 4.12728E-1 4.07264E-1 4.0702E-1 4.2661E-1 4.25275E-1 4.06007E-1
4.31918E-1 4.22848E-1 4.14722E-1 3.99493E-1 4.01029E-1 4.04063E-1 4.04448E-1 4.09619E-1 4.12095E-1 4.1951E-1 4.31646E-1 4.20198E-1 3.99052E-1 3.87533E-1 3.81087E-1 3.85456E-1 3.8841E-1 3.89545E-1 3.9221E-1 3.93463E-1 3.95367E-1 3.99218E-1 4.01383E-1 4.03848E-1 4.03061E-1 3.98364E-1 3.99652E-1 4.0133E-1 4.06706E-1 4.02678E-1 4.04395E-1 4.05041E-1 4.11118E-1 4.07839E-1 4.0718E-1 4.03674E-1 4.00926E-1 4.01249E-1 4.04328E-1 4.13109E-1 4.16748E-1 4.179E-1 4.1877E-1 4.18041E-1 4.14499E-1 4.11457E-1 4.0915E-1 4.09554E-1 4.1776E-1 4.30759E-1 4.36027E-1 4.12187E-1 4.00497E-1 4.24983E-1 4.24352E-1 4.18528E-1 4.11207E-1 4.1136E-1 4.14311E-1 4.16642E-1 4.04464E-1
4.30828E-1 4.26197E-1 4.1878E-1 4.03477E-1 4.0323E-1 4.04397E-1 4.0558E-1 4.04671E-1 4.02842E-1 4.06392E-1 4.17242E-1 4.33739E-1 4.05294E-1 3.93403E-1 3.8842E-1 3.85848E-1 3.87148E-1 3.88745E-1 3.89842E-1 3.96909E-1 3.99334E-1 4.05414E-1 4.06912E-1 4.06377E-1 4.02416E-1 3.97993E-1 3.98367E-1 3.99738E-1 4.02268E-1 4.06486E-1 4.03901E-1 4.00549E-1 4.0356E-1 4.05952E-1 4.05546E-1 4.04016E-1 3.97986E-1 4.00108E-1 4.10435E-1 4.16469E-1 4.17255E-1 4.12968E-1 4.10143E-1 4.18815E-1 4.16873E-1 4.11926E-1 4.14479E-1 4.20208E-1 4.1043E-1 4.08723E-1 4.01179E-1 3.92025E-1 3.95332E-1 4.15769E-1 4.13442E-1 4.07643E-1 4.05483E-1 4.23097E-1 4.16642E-1 4.0746E-1 4.01966E-1
4.26232E-1 4.22676E-1 4.15369E-1 4.04038E-1 4.03642E-1 4.08137E-1 4.09001E-1 4.07698E-1 4.0924E-1 4.07833E-1 4.11863E-1 4.15691E-1 4.05039E-1 3.97191E-1 3.96488E-1 3.92046E-1 3.90798E-1 3.90555E-1 3.89459E-1 3.96012E-1 3.98793E-1 3.99445E-1 4.0072E-1 3.9781E-1 3.95122E-1 3.92744E-1 3.93352E-1 3.95594E-1 3.96619E-1 3.99696E-1 4.00274E-1 4.0025E-1 3.99841E-1 4.01309E-1 4.03139E-1 4.04207E-1 3.96332E-1 3.97744E-1 3.99382E-1 4.03557E-1 4.07957E-1 3.98462E-1 3.96562E-1 3.95407E-1 4.00654E-1 4.02015E-1 4.08806E-1 4.03922E-1 3.87005E-1 3.75608E-1 3.82262E-1 3.94922E-1 4.20077E-1 4.29982E-1 4.14513E-1 4.07201E-1 4.07831E-1 4.18639E-1 4.15164E-1 4.01541E-1 4.03139E-1
4.10826E-1 4.10505E-1 4.04446E-1 4.02525E-1 3.99163E-1 4.03794E-1 4.05312E-1 4.11505E-1 4.18801E-1 4.24667E-1 4.1567E-1 4.06497E-1 3.99426E-1 3.96618E-1 3.96427E-1 3.91487E-1 3.89737E-1 3.90328E-1 3.85486E-1 3.96047E-1 4.00042E-1 3.99846E-1 3.98686E-1 3.98901E-1 3.97065E-1 3.92325E-1 3.89585E-1 3.92555E-1 3.92863E-1 3.96217E-1 3.97461E-1 4.16761E-1 4.11793E-1 4.21835E-1 4.16241E-1 4.02816E-1 4.05681E-1 3.9936E-1 3.92739E-1 3.99333E-1 4.03486E-1 4.02532E-1 3.93311E-1 3.9235E-1 3.93107E-1 4.00279E-1 3.98563E-1 3.9699E-1 3.90371E-1 3.87876E-1 4.08474E-1 4.29643E-1 4.36965E-1 4.38819E-1 4.23943E-1 4.12598E-1 3.95518E-1 4.02199E-1 4.06814E-1 3.98197E-1 3.87688E-1
3.99751E-1 3.99859E-1 4.029E-1 3.97414E-1 3.9856E-1 3.98459E-1 3.94994E-1 3.91162E-1 4.01235E-1 4.05711E-1 4.00524E-1 3.96748E-1 3.98816E-1 3.98478E-1 3.90698E-1 3.92819E-1 3.872E-1 3.86252E-1 3.89407E-1 4.09234E-1 4.14497E-1 4.11296E-1 4.06659E-1 3.98629E-1 3.95271E-1 3.93515E-1 3.83766E-1 3.8953E-1 3.92995E-1 3.95071E-1 3.95184E-1 4.10399E-1 4.10504E-1 4.10126E-1 4.1228E-1 4.13758E-1 4.16433E-1 4.14268E-1 4.08748E-1 4.01156E-1 3.95205E-1 3.88167E-1 3.78133E-1 3.85791E-1 3.94926E-1 3.99518E-1 3.93305E-1 4.11676E-1 4.14374E-1 4.20438E-1 4.25469E-1 4.20097E-1 4.24862E-1 4.3206E-1 4.14808E-1 3.96665E-1 3.94677E-1 3.96131E-1 3.99095E-1 4.02295E-1 3.92407E-1
4.0076E-1 4.02051E-1 3.99083E-1 4.03294E-1 4.00532E-1 3.97945E-1 4.07627E-1 4.08289E-1 3.95392E-1 3.89497E-1 3.83049E-1 3.84219E-1 3.87999E-1 3.92192E-1 3.93879E-1 3.92432E-1 3.94987E-1 3.89713E-1 3.93447E-1 3.96863E-1 4.02683E-1 4.07947E-1 4.05549E-1 4.03377E-1 3.97862E-1 3.89698E-1 3.82036E-1 3.83085E-1 3.88065E-1 3.91352E-1 3.9529E-1 4.02835E-1 4.08378E-1 4.10362E-1 4.14508E-1 4.18666E-1 4.18449E-1 4.16476E-1 4.14388E-1 4.09001E-1 4.06654E-1 4.05301E-1 4.0031E-1 3.91664E-1 3.89695E-1 3.84946E-1 3.77791E-1 3.88973E-1 4.10363E-1 4.07664E-1 4.11948E-1 4.17628E-1 4.15592E-1 4.26921E-1 4.19887E-1 3.85594E-1 3.96215E-1 3.83873E-1 3.81952E-1 3.95593E-1 3.97494E-1
4.07778E-1 4.08685E-1 4.03114E-1 4.03996E-1 4.12637E-1 4.08193E-1 4.02905E-1 3.97266E-1 3.99936E-1 3.92002E-1 3.76958E-1 3.75363E-1 3.78309E-1 3.9205E-1 3.98745E-1 3.97537E-1 4.01186E-1 3.99758E-1 4.01859E-1 3.96848E-1 3.97501E-1 4.00205E-1 3.93342E-1 3.96454E-1 4.01129E-1 3.89557E-1 3.82301E-1 3.78051E-1 3.85753E-1 3.88804E-1 3.91933E-1 3.95211E-1 4.02086E-1 4.08301E-1 4.14976E-1 4.18319E-1 4.19035E-1 4.18026E-1 4.15061E-1 4.12803E-1 4.09299E-1 4.01922E-1 4.00811E-1 3.97742E-1 3.89804E-1 3.98625E-1 3.85977E-1 3.81039E-1 3.71949E-1 3.74474E-1 3.85009E-1 4.11021E-1 4.19966E-1 4.27886E-1 4.16706E-1 3.80931E-1 3.76283E-1 3.73386E-1 3.94342E-1 3.88001E-1 3.74956E-1
4.06256E-1 4.10706E-1 4.0882E-1 4.01457E-1 4.01046E-1 4.02519E-1 3.942E-1 3.90863E-1 3.92171E-1 3.91264E-1 3.90346E-1 3.85391E-1 3.9265E-1 4.0022E-1 4.03926E-1 4.05199E-1 4.03849E-1 4.02591E-1 3.9951E-1 3.97938E-1 3.91052E-1 3.99837E-1 3.97294E-1 3.8965E-1 3.93643E-1 3.83188E-1 3.92805E-1 3.86233E-1 3.88941E-1 3.88843E-1 3.89331E-1 3.90574E-1 4.06222E-1 4.07997E-1 4.09947E-1 4.15125E-1 4.16466E-1 4.15179E-1 4.14191E-1 4.11922E-1 4.09009E-1 4.06899E-1 3.99636E-1 3.94139E-1 3.87735E-1 3.89289E-1 3.89428E-1 3.86067E-1 3.79319E-1 3.79919E-1 3.78728E-1 3.91714E-1 4.03053E-1 4.00752E-1 3.89983E-1 3.78305E-1 3.73102E-1 3.80634E-1 3.98011E-1 4.14756E-1 3.89549E-1
3.99046E-1 4.00453E-1 3.9934E-1 4.02846E-1 4.06872E-1 3.99524E-1 3.88206E-1 3.79102E-1 3.97661E-1 3.93427E-1 4.0003E-1 4.06767E-1 4.03451E-1 4.01245E-1 4.02058E-1 4.02387E-1 4.01552E-1 4.0456E-1 4.01308E-1 3.92834E-1 3.91285E-1 4.00538E-1 4.02713E-1 3.90164E-1 3.88504E-1 3.82566E-1 3.91215E-1 3.88803E-1 3.94668E-1 3.95523E-1 3.89848E-1 3.88973E-1 3.94111E-1 4.00095E-1 4.01226E-1 4.08518E-1 4.10423E-1 4.13808E-1 4.13081E-1 4.10433E-1 4.06595E-1 4.03928E-1 3.98126E-1 3.96043E-1 3.88563E-1 3.88351E-1 3.9059E-1 3.89015E-1 3.85533E-1 3.85673E-1 3.86328E-1 3.96159E-1 3.98031E-1 3.87952E-1 3.87131E-1 3.86404E-1 3.85337E-1 3.86499E-1 3.91342E-1 4.01157E-1 3.96089E-1
3.97784E-1 3.99899E-1 4.00898E-1 4.01412E-1 4.03306E-1 4.00543E-1 3.97867E-1 3.88699E-1 3.98835E-1 3.93141E-1 3.99308E-1 4.10115E-1 4.07409E-1 4.03788E-1 4.05953E-1 4.06266E-1 4.15083E-1 4.05537E-1 3.98998E-1 4.0155E-1 3.95468E-1 3.91922E-1 3.91189E-1 3.95536E-1 3.91007E-1 3.88825E-1 3.89834E-1 3.89655E-1 3.88751E-1 3.90333E-1 3.89518E-1 3.90146E-1 3.86382E-1 3.88238E-1 3.93869E-1 3.98556E-1 4.02706E-1 4.09974E-1 4.06175E-1 4.02108E-1 4.07034E-1 4.04658E-1 4.0179E-1 3.98308E-1 3.95066E-1 3.9154E-1 3.91354E-1 3.87328E-1 3.82669E-1 3.77386E-1 3.83433E-1 3.96071E-1 4.07392E-1 4.06158E-1 4.13896E-1 4.19712E-1 4.15659E-1 4.21635E-1 4.27497E-1 4.10328E-1 3.88322E-1
4.11905E-1 4.03187E-1 3.97461E-1 4.00369E-1 4.00928E-1 4.04937E-1 4.04764E-1 4.01922E-1 3.9963E-1 4.03062E-1 3.96871E-1 3.95683E-1 4.02178E-1 4.09949E-1 4.12241E-1 4.19012E-1 4.20031E-1 4.12816E-1 4.10036E-1 4.04877E-1 3.98479E-1 4.00251E-1 3.9907E-1 3.9573E-1 3.96485E-1 3.93529E-1 3.93293E-1 3.9455E-1 3.9297E-1 3.90312E-1 3.93981E-1 4.00899E-1 3.9628E-1 3.94885E-1 3.96324E-1 3.9515E-1 3.98184E-1 3.97512E-1 4.02676E-1 4.07778E-1 4.09915E-1 4.07357E-1 4.04094E-1 4.03351E-1 3.9967E-1 3.99408E-1 3.96483E-1 3.87527E-1 3.83994E-1 3.82637E-1 3.83018E-1 3.82283E-1 3.82247E-1 3.81079E-1 3.99234E-1 4.00356E-1 3.99851E-1 4.1208E-1 4.20289E-1 4.21476E-1 4.14324E-1
3.98388E-1 3.94805E-1 3.80416E-1 3.86324E-1 3.90411E-1 4.00609E-1 4.07317E-1 4.05888E-1 4.07304E-1 4.10278E-1 4.12509E-1 4.09605E-1 4.1198E-1 4.09605E-1 4.0532E-1 4.08565E-1 4.09688E-1 4.15589E-1 4.10528E-1 4.05683E-1 3.98638E-1 3.91563E-1 3.98647E-1 3.9535E-1 3.90064E-1 3.97804E-1 3.9685E-1 3.94481E-1 3.90857E-1 3.88757E-1 3.86417E-1 3.92001E-1 3.98197E-1 3.9855E-1 3.94963E-1 3.95687E-1 3.97701E-1 4.0143E-1 4.05768E-1 4.07187E-1 4.07538E-1 4.10499E-1 4.07274E-1 4.07961E-1 4.03712E-1 4.05419E-1 4.05064E-1 3.97742E-1 3.84319E-1 3.83542E-1 3.8538E-1 3.85846E-1 3.84406E-1 3.83518E-1 3.82463E-1 3.79666E-1 3.83729E-1 3.92102E-1 3.98563E-1 4.10793E-1 4.24209E-1
3.98938E-1 3.90948E-1 3.821E-1 3.79755E-1 3.86971E-1 3.96793E-1 4.02208E-1 4.05301E-1 4.09215E-1 4.10318E-1 4.09301E-1 4.1396E-1 4.14922E-1 4.09106E-1 4.03046E-1 4.05051E-1 4.0576E-1 4.00388E-1 3.99014E-1 4.01342E-1 4.01691E-1 3.92677E-1 3.99596E-1 4.04342E-1 3.91247E-1 3.85205E-1 3.87815E-1 3.79553E-1 3.76718E-1 3.73265E-1 3.7368E-1 3.8389E-1 3.86158E-1 3.89215E-1 3.92776E-1 3.93103E-1 4.00959E-1 4.09304E-1 4.09891E-1 4.10228E-1 4.105E-1 4.11083E-1 4.08842E-1 4.07772E-1 4.05279E-1 4.05307E-1 4.04584E-1 4.02576E-1 3.9612E-1 3.85388E-1 3.87799E-1 3.8864E-1 3.92282E-1 3.89762E-1 3.8116E-1 3.76937E-1 3.83277E-1 3.86358E-1 3.89914E-1 3.92935E-1 4.09944E-1
3.94377E-1 3.84647E-1 3.81336E-1 3.85181E-1 3.88619E-1 3.95754E-1 4.04128E-1 4.10779E-1 4.10012E-1 4.14602E-1 4.2211E-1 4.24472E-1 4.2448E-1 4.17872E-1 4.11889E-1 4.11706E-1 4.10807E-1 4.03678E-1 3.94793E-1 3.90883E-1 3.93732E-1 3.94915E-1 3.98648E-1 4.10899E-1 4.19047E-1 4.03502E-1 3.83025E-1 3.74659E-1 3.70136E-1 3.70261E-1 3.71923E-1 3.71067E-1 3.7363E-1 3.85991E-1 3.91083E-1 3.95313E-1 3.97067E-1 4.03666E-1 4.07637E-1 4.09629E-1 4.11271E-1 4.10943E-1 4.08466E-1 4.05168E-1 4.02046E-1 4.00539E-1 4.00347E-1 4.01067E-1 3.99742E-1 3.96602E-1 3.959E-1 3.92212E-1 3.89792E-1 3.84046E-1 3.80689E-1 3.74448E-1 3.76109E-1 3.80845E-1 3.8886E-1 3.9635E-1 3.92796E-1
3.95896E-1 3.9149E-1 3.98264E-1 4.04524E-1 4.04E-1 4.13863E-1 4.1949E-1 4.28043E-1 4.27952E-1 4.22407E-1 4.21855E-1 4.25175E-1 4.22787E-1 4.22299E-1 4.1566E-1 4.15737E-1 4.03967E-1 3.9777E-1 3.99338E-1 3.91192E-1 3.95876E-1 4.15524E-1 4.28458E-1 4.02096E-1 4.10664E-1 4.21512E-1 4.10857E-1 3.99992E-1 3.86268E-1 3.75344E-1 3.7321E-1 3.72809E-1 3.73904E-1 3.79866E-1 3.87901E-1 3.91315E-1 3.95903E-1 4.00917E-1 4.02715E-1 4.0549E-1 4.04442E-1 4.04578E-1 4.01263E-1 3.98201E-1 3.96086E-1 3.96055E-1 3.96382E-1 3.97654E-1 3.99576E-1 3.9713E-1 3.93748E-1 3.94995E-1 3.91104E-1 3.8184E-1 3.76486E-1 3.73465E-1 3.76392E-1 3.79673E-1 3.89035E-1 3.90095E-1 3.81511E-1
4.24638E-1 4.2501E-1 4.29093E-1 4.41581E-1 4.4896E-1 4.57517E-1 4.49551E-1 4.33013E-1 4.28058E-1 4.27559E-1 4.26547E-1 4.20735E-1 4.19924E-1 4.06592E-1 3.95742E-1 3.98377E-1 3.99326E-1 4.02544E-1 4.05115E-1 3.97952E-1 4.05936E-1 4.03716E-1 3.99668E-1 3.97937E-1 3.97357E-1 4.16113E-1 4.1869E-1 4.14224E-1 4.08521E-1 3.82369E-1 3.92598E-1 3.87296E-1 3.82113E-1 3.80084E-1 3.88226E-1 3.89982E-1 3.92354E-1 3.9662E-1 3.98933E-1 3.97465E-1 3.97693E-1 3.98391E-1 4.01321E-1 4.01959E-1 3.97322E-1 3.92339E-1 3.90442E-1 3.92433E-1 3.95971E-1 3.97359E-1 3.94723E-1 3.95593E-1 3.98791E-1 3.87911E-1 3.79809E-1 3.6857E-1 3.7611E-1 3.81576E-1 3.81067E-1 3.74741E-1 3.69647E-1
4.55987E-1 4.61706E-1 4.68601E-1 4.67465E-1 4.69466E-1 4.67684E-1 4.43759E-1 4.26188E-1 4.23062E-1 4.17759E-1 4.12138E-1 4.09499E-1 4.058E-1 4.05737E-1 4.03999E-1 3.96217E-1 3.90852E-1 3.90422E-1 3.99147E-1 4.05755E-1 4.09118E-1 4.08547E-1 4.08582E-1 4.05363E-1 4.01929E-1 3.98702E-1 4.05836E-1 4.03399E-1 4.11538E-1 4.26155E-1 4.26828E-1 3.97345E-1 3.87725E-1 3.97279E-1 3.88821E-1 3.91835E-1 3.92201E-1 3.95073E-1 3.96078E-1 3.94692E-1 3.8844E-1 3.86392E-1 3.94466E-1 4.04931E-1 4.01868E-1 3.94033E-1 3.87769E-1 3.87024E-1 3.89443E-1 3.9234E-1 3.94582E-1 3.98066E-1 3.95778E-1 4.03841E-1 3.93613E-1 3.88886E-1 3.83725E-1 3.79731E-1 3.84404E-1 3.78122E-1 3.69908E-1
4.49047E-1 4.41232E-1 4.33186E-1 4.44257E-1 4.53684E-1 4.50458E-1 4.28925E-1 4.30059E-1 4.24283E-1 4.18056E-1 4.0905E-1 4.07998E-1 4.19946E-1 4.15972E-1 4.04206E-1 3.90112E-1 3.84915E-1 3.79289E-1 3.91276E-1 3.99999E-1 4.10202E-1 4.14334E-1 4.12303E-1 3.98738E-1 4.0386E-1 4.27437E-1 4.22933E-1 4.20067E-1 4.20992E-1 4.28977E-1 4.33336E-1 4.33057E-1 4.1851E-1 4.08693E-1 4.00064E-1 3.93323E-1 3.93128E-1 3.96373E-1 3.93843E-1 3.9043E-1 3.87569E-1 3.84869E-1 3.81205E-1 3.83976E-1 3.8823E-1 3.87693E-1 3.85402E-1 3.83761E-1 3.87809E-1 3.92518E-1 3.93872E-1 3.9364E-1 3.86875E-1 3.99841E-1 3.98773E-1 3.94417E-1 3.86764E-1 3.84703E-1 3.8998E-1 3.87199E-1 3.8262E-1
