maxent_outputs/white_flowers_linear/white_100.asc
ncols         426
nrows         180
xllcorner     -130.0
yllcorner     24.0
cellsize      0.16666666666666666
NODATA_value  -9999
[rows 27 to 53 of 180, columns 244 to 304 of 426]
3.02673E-1 3.10665E-1 3.27421E-1 3.45566E-1 3.63011E-1 3.80592E-1 3.71658E-1 3.36422E-1 3.18142E-1 3.12562E-1 3.11076E-1 3.18995E-1 3.22638E-1 3.17473E-1 3.42279E-1 3.18598E-1 3.24436E-1 3.28265E-1 3.32017E-1 3.31208E-1 3.2458E-1 3.23599E-1 3.28355E-1 3.23792E-1 3.24044E-1 3.40462E-1 3.30878E-1 3.29555E-1 3.30518E-1 3.2881E-1 3.30028E-1 3.32099E-1 3.328E-1 3.33956E-1 3.4026E-1 3.39767E-1 3.36165E-1 3.37529E-1 3.36709E-1 3.34446E-1 3.36907E-1 3.38209E-1 3.38458E-1 3.37599E-1 3.27942E-1 3.24262E-1 3.23095E-1 3.26398E-1 3.31476E-1 3.32623E-1 3.28611E-1 3.29624E-1 3.32566E-1 3.25483E-1 3.22828E-1 3.2013E-1 3.16653E-1 3.14803E-1 3.14962E-1 3.10866E-1 3.07249E-1
3.02062E-1 3.1223E-1 3.32218E-1 3.28686E-1 3.26862E-1 3.44219E-1 3.40214E-1 3.29258E-1 3.20455E-1 3.13414E-1 3.06996E-1 3.20996E-1 3.17492E-1 3.24993E-1 3.1638E-1 3.19331E-1 3.28155E-1 3.43711E-1 3.40333E-1 3.3851E-1 3.27912E-1 3.16333E-1 3.19659E-1 3.27086E-1 3.3001E-1 3.30765E-1 3.23384E-1 3.26333E-1 3.29763E-1 3.27381E-1 3.27928E-1 3.31962E-1 3.27701E-1 3.33431E-1 3.38201E-1 3.40401E-1 3.39219E-1 3.36118E-1 3.30894E-1 3.31413E-1 3.35154E-1 3.34436E-1 3.33695E-1 3.37539E-1 3.35701E-1 3.35014E-1 3.33208E-1 3.32795E-1 3.41798E-1 3.38594E-1 3.34443E-1 3.30221E-1 3.27069E-1 3.20562E-1 3.20217E-1 3.21476E-1 3.17483E-1 3.16121E-1 3.18807E-1 3.1123E-1 3.12651E-1
2.99487E-1 3.10221E-1 3.28151E-1 3.33916E-1 3.3449E-1 3.38511E-1 3.63927E-1 3.54135E-1 3.27425E-1 3.25154E-1 3.29797E-1 3.33127E-1 3.24508E-1 3.32242E-1 3.21051E-1 3.28181E-1 3.48649E-1 3.60947E-1 3.55866E-1 3.49593E-1 3.25064E-1 3.24203E-1 3.25552E-1 3.35052E-1 3.38766E-1 3.37501E-1 3.3049E-1 3.35289E-1 3.34241E-1 3.34911E-1 3.37277E-1 3.32944E-1 3.33031E-1 3.34991E-1 3.34953E-1 3.43863E-1 3.43494E-1 3.47292E-1 3.41976E-1 3.3973E-1 3.42883E-1 3.3504E-1 3.3281E-1 3.35531E-1 3.3447E-1 3.38344E-1 3.39403E-1 3.38474E-1 3.38189E-1 3.39488E-1 3.36209E-1 3.30469E-1 3.24472E-1 3.26415E-1 3.27427E-1 3.26161E-1 3.2292E-1 3.21293E-1 3.23853E-1 3.14197E-1 3.16114E-1
2.9819E-1 3.01673E-1 3.19605E-1 3.37398E-1 3.43328E-1 3.51536E-1 3.8107E-1 4.05216E-1 3.9034E-1 4.0526E-1 3.87111E-1 3.6446E-1 3.5006E-1 3.50604E-1 3.57512E-1 3.50592E-1 3.58861E-1 3.69196E-1 3.68598E-1 3.57559E-1 3.46151E-1 3.40884E-1 3.40035E-1 3.3665E-1 3.33197E-1 3.27533E-1 3.35037E-1 3.35826E-1 3.33172E-1 3.57873E-1 3.38677E-1 3.35597E-1 3.33976E-1 3.33721E-1 3.38897E-1 3.52037E-1 3.4287E-1 3.39341E-1 3.42231E-1 3.40339E-1 3.3739E-1 3.39748E-1 3.34628E-1 3.31294E-1 3.32598E-1 3.36973E-1 3.40514E-1 3.40464E-1 3.38035E-1 3.3858E-1 3.36326E-1 3.32072E-1 3.27354E-1 3.3049E-1 3.31674E-1 3.56869E-1 3.5727E-1 3.33593E-1 3.30265E-1 3.22636E-1 3.1876E-1
3.05042E-1 3.05628E-1 3.1432E-1 3.31659E-1 3.66321E-1 4.03279E-1 3.7068E-1 3.93617E-1 4.24838E-1 4.54111E-1 4.82441E-1 4.88461E-1 4.60764E-1 4.41525E-1 4.51693E-1 4.58859E-1 4.3647E-1 4.3343E-1 3.78753E-1 3.57732E-1 3.49474E-1 3.50355E-1 3.58702E-1 3.37625E-1 3.27336E-1 3.30812E-1 3.32605E-1 3.39115E-1 3.33447E-1 3.41761E-1 3.40542E-1 3.39004E-1 3.37689E-1 3.37715E-1 3.43724E-1 3.45033E-1 3.42736E-1 3.38515E-1 3.37192E-1 3.37189E-1 3.30231E-1 3.31188E-1 3.34758E-1 3.35638E-1 3.33617E-1 3.33186E-1 3.3959E-1 3.43081E-1 3.41181E-1 3.40067E-1 3.37945E-1 3.34065E-1 3.34238E-1 3.38294E-1 3.4286E-1 3.67468E-1 3.76622E-1 3.51312E-1 3.68616E-1 3.38206E-1 3.3186E-1
3.27968E-1 3.44059E-1 3.81003E-1 3.88733E-1 4.12131E-1 4.17193E-1 4.71707E-1 5.22362E-1 5.50861E-1 5.59005E-1 5.58616E-1 5.59066E-1 5.55263E-1 5.49388E-1 5.47195E-1 5.55143E-1 5.57845E-1 5.55822E-1 4.43328E-1 3.65076E-1 3.57202E-1 3.50021E-1 3.42182E-1 3.38117E-1 3.34115E-1 3.36792E-1 3.33634E-1 3.3456E-1 3.43535E-1 3.37534E-1 3.45369E-1 3.33322E-1 3.3679E-1 3.42358E-1 3.44739E-1 3.43329E-1 3.39809E-1 3.37471E-1 3.36272E-1 3.33348E-1 3.3079E-1 3.28404E-1 3.33359E-1 3.34574E-1 3.37196E-1 3.40477E-1 3.46854E-1 3.46137E-1 3.43482E-1 3.42218E-1 3.50391E-1 3.41565E-1 3.38673E-1 3.39969E-1 3.39582E-1 3.39186E-1 3.54636E-1 3.59695E-1 3.67302E-1 3.54912E-1 3.47675E-1
3.82991E-1 4.52085E-1 4.58182E-1 4.32091E-1 4.6794E-1 5.14994E-1 5.45741E-1 5.50755E-1 5.56383E-1 5.57813E-1 5.57515E-1 5.61414E-1 5.61581E-1 5.56206E-1 5.57638E-1 5.60034E-1 5.59676E-1 5.57563E-1 5.14455E-1 3.87176E-1 3.6238E-1 3.51951E-1 3.439E-1 3.39435E-1 3.4429E-1 3.44115E-1 3.37389E-1 3.41588E-1 3.45219E-1 3.45938E-1 3.5742E-1 3.53993E-1 3.5001E-1 3.65039E-1 3.5718E-1 3.4852E-1 3.4428E-1 3.36213E-1 3.38611E-1 3.30331E-1 3.28135E-1 3.26388E-1 3.28803E-1 3.35683E-1 3.4088E-1 3.44387E-1 3.43694E-1 3.48745E-1 3.46433E-1 3.50565E-1 3.58027E-1 3.48966E-1 3.45699E-1 3.47577E-1 3.46008E-1 3.44658E-1 3.52222E-1 3.50769E-1 3.54299E-1 3.55545E-1 3.64582E-1
4.20102E-1 4.61242E-1 5.02842E-1 5.2611E-1 5.36875E-1 5.35453E-1 5.50767E-1 5.54759E-1 5.56505E-1 5.60042E-1 5.62982E-1 5.6423E-1 5.62431E-1 5.62174E-1 5.60606E-1 5.62859E-1 5.60267E-1 5.61969E-1 5.57738E-1 4.26791E-1 3.68188E-1 3.6122E-1 3.56682E-1 3.5091E-1 3.50644E-1 3.52562E-1 3.5028E-1 3.59311E-1 3.57314E-1 3.53977E-1 3.68887E-1 3.73044E-1 3.6029E-1 3.5195E-1 3.49311E-1 3.42547E-1 3.45513E-1 3.38397E-1 3.34475E-1 3.33894E-1 3.35175E-1 3.29463E-1 3.31877E-1 3.35424E-1 3.3861E-1 3.41622E-1 3.42055E-1 3.44967E-1 3.47875E-1 3.50623E-1 3.52151E-1 3.47992E-1 3.57215E-1 3.51255E-1 3.60252E-1 3.61127E-1 3.59367E-1 3.58125E-1 3.61833E-1 3.70867E-1 3.61016E-1
5.01202E-1 5.25234E-1 5.00279E-1 4.88656E-1 4.87187E-1 5.33376E-1 5.54211E-1 5.58613E-1 5.60748E-1 5.65121E-1 5.68688E-1 5.73093E-1 5.69208E-1 5.67634E-1 5.69473E-1 5.66507E-1 5.64263E-1 5.63821E-1 5.66062E-1 5.3289E-1 4.36058E-1 3.89549E-1 3.76029E-1 3.72475E-1 3.72599E-1 3.70461E-1 3.77502E-1 3.77129E-1 3.76869E-1 3.79385E-1 3.70151E-1 3.70123E-1 3.67901E-1 3.54338E-1 3.51191E-1 3.5044E-1 3.52354E-1 3.48657E-1 3.37912E-1 3.40433E-1 3.4037E-1 3.41848E-1 3.47854E-1 3.37303E-1 3.3982E-1 3.38273E-1 3.41248E-1 3.4534E-1 3.44355E-1 3.48284E-1 3.54522E-1 3.58594E-1 3.59975E-1 3.58198E-1 3.63236E-1 3.7253E-1 3.68781E-1 3.70606E-1 3.72445E-1 3.69657E-1 3.68732E-1
5.1524E-1 4.68258E-1 4.91869E-1 5.29704E-1 5.47458E-1 5.57919E-1 5.61124E-1 5.60973E-1 5.6588E-1 5.7118E-1 5.73274E-1 5.74887E-1 5.73647E-1 5.74553E-1 6.00793E-1 5.98274E-1 5.98115E-1 5.9401E-1 5.92849E-1 5.94421E-1 5.61293E-1 5.15037E-1 4.93573E-1 4.90478E-1 5.15137E-1 5.35983E-1 4.91024E-1 4.14852E-1 4.04851E-1 3.92247E-1 3.80912E-1 3.71407E-1 3.75918E-1 3.68911E-1 3.57185E-1 3.51235E-1 3.54492E-1 3.44049E-1 3.41095E-1 3.45309E-1 3.43818E-1 3.44836E-1 3.38457E-1 3.38257E-1 3.41363E-1 3.4208E-1 3.49887E-1 3.5209E-1 3.5381E-1 3.55241E-1 3.54688E-1 3.599E-1 3.62638E-1 3.61127E-1 3.66321E-1 3.69442E-1 3.70817E-1 3.75199E-1 3.74495E-1 3.69651E-1 3.72891E-1
5.42312E-1 5.33466E-1 5.54728E-1 5.58685E-1 5.60675E-1 5.66471E-1 5.67012E-1 5.70357E-1 5.74974E-1 5.7345E-1 5.74189E-1 5.74237E-1 5.78752E-1 5.78805E-1 6.04713E-1 6.01032E-1 5.96446E-1 5.97597E-1 5.96461E-1 5.9531E-1 5.21477E-1 4.88907E-1 5.27813E-1 5.79688E-1 5.83737E-1 5.92265E-1 4.66619E-1 4.23485E-1 4.17539E-1 4.05203E-1 4.02323E-1 3.94245E-1 3.81471E-1 3.68473E-1 3.69484E-1 3.55379E-1 3.4891E-1 3.43805E-1 3.51529E-1 3.54848E-1 3.52973E-1 3.4659E-1 3.54039E-1 3.57147E-1 3.47992E-1 3.466E-1 3.51823E-1 3.55773E-1 3.52384E-1 3.58693E-1 3.61543E-1 3.60096E-1 3.63335E-1 3.66859E-1 3.70118E-1 3.70581E-1 3.70133E-1 3.7527E-1 3.80108E-1 3.68112E-1 3.73974E-1
5.54017E-1 5.5892E-1 5.61007E-1 5.66848E-1 5.73667E-1 5.71498E-1 5.75809E-1 5.67524E-1 5.59481E-1 5.65787E-1 5.7116E-1 5.7702E-1 5.7927E-1 5.78885E-1 6.03922E-1 6.01284E-1 6.00653E-1 6.01686E-1 6.03554E-1 5.99792E-1 5.71027E-1 5.6876E-1 5.78783E-1 5.85053E-1 5.92187E-1 5.97169E-1 4.73922E-1 4.48149E-1 4.36257E-1 4.22718E-1 4.10046E-1 4.08311E-1 3.9662E-1 3.88276E-1 3.79605E-1 3.63545E-1 3.60007E-1 3.57493E-1 3.5479E-1 3.54719E-1 3.57434E-1 3.53603E-1 3.55584E-1 3.51454E-1 3.53072E-1 3.52729E-1 3.5038E-1 3.51848E-1 3.52744E-1 3.55206E-1 3.62518E-1 3.65032E-1 3.61043E-1 3.65646E-1 3.76007E-1 3.7731E-1 3.7772E-1 3.83715E-1 3.9684E-1 3.89236E-1 3.94707E-1
5.6331E-1 5.68222E-1 5.62829E-1 5.67852E-1 5.69067E-1 5.48342E-1 5.02324E-1 4.94281E-1 5.08441E-1 5.21735E-1 5.48802E-1 5.67475E-1 5.78393E-1 5.79847E-1 6.03092E-1 6.03761E-1 6.03514E-1 6.06263E-1 6.05767E-1 6.03985E-1 5.75784E-1 5.67811E-1 5.82447E-1 5.90262E-1 6.02118E-1 6.12004E-1 6.01099E-1 5.43811E-1 4.64569E-1 4.29422E-1 4.20543E-1 4.21725E-1 4.1252E-1 4.06372E-1 3.92119E-1 3.81051E-1 3.77242E-1 3.81447E-1 3.74875E-1 3.70303E-1 3.72037E-1 3.62914E-1 3.54708E-1 3.56096E-1 3.57106E-1 3.55088E-1 3.50769E-1 3.47142E-1 3.45809E-1 3.52367E-1 3.57243E-1 3.64799E-1 3.67931E-1 3.75551E-1 3.85468E-1 3.92454E-1 3.9154E-1 3.94345E-1 4.17726E-1 3.95925E-1 3.98097E-1
5.69702E-1 5.70095E-1 5.61835E-1 5.49125E-1 5.03724E-1 4.66623E-1 4.83939E-1 5.17023E-1 5.5292E-1 5.67554E-1 5.64069E-1 5.60377E-1 5.62159E-1 5.70196E-1 6.02266E-1 6.05647E-1 6.04316E-1 6.05261E-1 6.05023E-1 6.02898E-1 5.76716E-1 5.79468E-1 5.85115E-1 5.90233E-1 6.0168E-1 6.13413E-1 6.24561E-1 5.95457E-1 4.97231E-1 4.40835E-1 4.38796E-1 4.2887E-1 4.20132E-1 4.07976E-1 4.05182E-1 3.99503E-1 3.96307E-1 3.93099E-1 3.85329E-1 3.80914E-1 3.81922E-1 3.7703E-1 3.80809E-1 3.68536E-1 3.65358E-1 3.55321E-1 3.59469E-1 3.50858E-1 3.55092E-1 3.63855E-1 3.6367E-1 3.71066E-1 3.75214E-1 3.79191E-1 4.02394E-1 3.96964E-1 3.97471E-1 3.98607E-1 4.06428E-1 4.21752E-1 4.07405E-1
5.58488E-1 5.46838E-1 5.15811E-1 4.79504E-1 4.74595E-1 4.86488E-1 5.2956E-1 5.60285E-1 5.66543E-1 5.66019E-1 5.63541E-1 5.58504E-1 5.59069E-1 5.64748E-1 6.0328E-1 6.0607E-1 6.03702E-1 6.03702E-1 6.0476E-1 6.02143E-1 5.74642E-1 5.81645E-1 5.87824E-1 5.93462E-1 6.03144E-1 6.13385E-1 6.2328E-1 5.53085E-1 4.65623E-1 4.59375E-1 4.52987E-1 4.40525E-1 4.36931E-1 4.26708E-1 4.1806E-1 4.13157E-1 4.10177E-1 4.02419E-1 3.93404E-1 3.87484E-1 3.91554E-1 3.83188E-1 3.74286E-1 3.75523E-1 3.75557E-1 3.64547E-1 3.67771E-1 3.68311E-1 3.6875E-1 3.69858E-1 3.6672E-1 3.74622E-1 3.86874E-1 3.92355E-1 4.06171E-1 4.21334E-1 4.09163E-1 4.13441E-1 4.14232E-1 4.33606E-1 4.25634E-1
4.90044E-1 4.71052E-1 4.5576E-1 4.51908E-1 4.64947E-1 4.93573E-1 5.09258E-1 5.02078E-1 5.05915E-1 5.35062E-1 5.56969E-1 5.63321E-1 5.60315E-1 5.62065E-1 5.69542E-1 5.75427E-1 5.75853E-1 5.73803E-1 5.75268E-1 5.71951E-1 5.72278E-1 5.7798E-1 5.84695E-1 5.89356E-1 5.97853E-1 6.04039E-1 6.13396E-1 5.87958E-1 5.41161E-1 5.11222E-1 4.70274E-1 4.49254E-1 4.50616E-1 4.34898E-1 4.33207E-1 4.29386E-1 4.29676E-1 4.26178E-1 4.12674E-1 4.01739E-1 4.01888E-1 3.9674E-1 3.82541E-1 3.89062E-1 3.9439E-1 3.84731E-1 3.79798E-1 3.72442E-1 3.72926E-1 3.73196E-1 3.81581E-1 3.91637E-1 3.98924E-1 4.07196E-1 4.17427E-1 4.37207E-1 4.23712E-1 4.17842E-1 4.19112E-1 4.23826E-1 4.45395E-1
4.46997E-1 4.29733E-1 4.22146E-1 4.40836E-1 4.49566E-1 4.55992E-1 4.34701E-1 4.24855E-1 4.31973E-1 4.60073E-1 4.94662E-1 5.60934E-1 5.63932E-1 5.63486E-1 5.68666E-1 5.74633E-1 5.77281E-1 5.75781E-1 5.69169E-1 5.55746E-1 5.36348E-1 5.41488E-1 5.62105E-1 5.35068E-1 5.15969E-1 5.11767E-1 5.71739E-1 5.9373E-1 5.66388E-1 5.06631E-1 4.70864E-1 4.66332E-1 4.61075E-1 4.52538E-1 4.42332E-1 4.36052E-1 4.27752E-1 4.25594E-1 4.17922E-1 4.2592E-1 4.11196E-1 4.07173E-1 4.1445E-1 4.09555E-1 4.0547E-1 4.02817E-1 3.93156E-1 3.88676E-1 3.87339E-1 3.84592E-1 3.923E-1 4.49825E-1 4.25714E-1 4.30935E-1 4.26322E-1 4.28892E-1 4.34808E-1 4.29232E-1 4.21051E-1 4.1724E-1 4.22956E-1
4.15393E-1 4.14081E-1 3.99477E-1 4.0646E-1 4.02468E-1 3.91617E-1 3.87678E-1 3.92064E-1 3.97206E-1 4.20236E-1 4.45677E-1 4.94153E-1 5.53771E-1 5.46247E-1 5.57839E-1 5.67197E-1 5.66885E-1 5.41636E-1 4.94094E-1 4.66372E-1 4.63524E-1 4.62496E-1 4.59113E-1 4.6049E-1 4.63462E-1 4.77826E-1 5.53836E-1 5.73998E-1 5.40069E-1 4.73083E-1 4.69177E-1 4.7721E-1 4.78431E-1 4.64794E-1 4.55616E-1 4.5669E-1 4.41901E-1 4.46889E-1 4.40448E-1 4.40441E-1 4.32264E-1 4.34618E-1 4.33522E-1 4.35532E-1 4.26894E-1 4.18501E-1 4.11405E-1 4.20442E-1 4.17847E-1 4.00099E-1 3.9132E-1 4.12561E-1 4.3051E-1 4.40861E-1 4.44869E-1 4.4425E-1 4.36328E-1 4.32273E-1 4.23043E-1 4.178E-1 4.17223E-1
4.04571E-1 3.94229E-1 3.84741E-1 3.79771E-1 3.79248E-1 3.75466E-1 3.81929E-1 3.86096E-1 3.91357E-1 4.05829E-1 4.24526E-1 4.35975E-1 4.60904E-1 4.63611E-1 4.78915E-1 4.93618E-1 4.95728E-1 4.83107E-1 4.67191E-1 4.52534E-1 4.47986E-1 4.57439E-1 4.51384E-1 4.53751E-1 4.62804E-1 4.63361E-1 4.74946E-1 4.76971E-1 4.7369E-1 4.5914E-1 4.69063E-1 4.81421E-1 4.80192E-1 4.74371E-1 4.64032E-1 4.69516E-1 4.65036E-1 4.61073E-1 4.6431E-1 4.4876E-1 4.56613E-1 4.62877E-1 4.47087E-1 4.47881E-1 4.42048E-1 4.31807E-1 4.28229E-1 4.35898E-1 4.42351E-1 4.33403E-1 4.16329E-1 4.32411E-1 4.4589E-1 4.54701E-1 4.59502E-1 4.63707E-1 4.58814E-1 4.47115E-1 4.25927E-1 4.14161E-1 4.14977E-1
3.76653E-1 3.74421E-1 3.76456E-1 3.7741E-1 3.75185E-1 3.76253E-1 3.84857E-1 3.92099E-1 4.02655E-1 4.15948E-1 4.25865E-1 4.24506E-1 4.37768E-1 4.45002E-1 4.45801E-1 4.57801E-1 4.77621E-1 4.79217E-1 4.62581E-1 4.5822E-1 4.71025E-1 4.85333E-1 4.6826E-1 4.61009E-1 4.70563E-1 4.64756E-1 4.52496E-1 4.51263E-1 4.3497E-1 4.39679E-1 4.59698E-1 4.78118E-1 4.78536E-1 5.0846E-1 5.16322E-1 5.07664E-1 4.88283E-1 4.68035E-1 4.68197E-1 4.87805E-1 4.79575E-1 4.84825E-1 4.73314E-1 4.64322E-1 4.65135E-1 4.58646E-1 4.53004E-1 4.65523E-1 4.7225E-1 4.48834E-1 4.46391E-1 4.54541E-1 4.6149E-1 4.72209E-1 4.75722E-1 4.84782E-1 4.88292E-1 4.88978E-1 4.84061E-1 4.50105E-1 4.21831E-1
3.51898E-1 3.59904E-1 3.65333E-1 3.73203E-1 3.69512E-1 3.81525E-1 3.86045E-1 3.93567E-1 4.10014E-1 4.18368E-1 4.295E-1 4.30681E-1 4.40819E-1 4.52615E-1 4.58805E-1 4.6507E-1 4.73433E-1 4.7956E-1 4.74664E-1 4.74764E-1 4.81106E-1 4.87443E-1 4.90091E-1 5.01004E-1 4.91542E-1 4.77414E-1 4.67345E-1 4.65995E-1 4.64988E-1 4.50705E-1 4.48661E-1 4.60946E-1 4.80071E-1 4.92873E-1 5.08404E-1 5.45764E-1 5.46669E-1 5.33376E-1 5.33122E-1 5.44788E-1 5.51143E-1 5.44629E-1 5.27479E-1 5.09709E-1 4.88506E-1 4.82786E-1 4.81215E-1 4.7286E-1 4.74292E-1 4.69234E-1 4.68938E-1 4.70751E-1 4.77846E-1 4.79595E-1 4.8005E-1 4.7758E-1 4.69912E-1 4.64406E-1 4.50768E-1 4.29711E-1 4.11766E-1
3.49109E-1 3.54774E-1 3.68437E-1 3.75767E-1 3.79144E-1 3.86795E-1 3.91217E-1 4.0197E-1 4.17154E-1 4.22773E-1 4.29829E-1 4.36673E-1 4.4537E-1 4.56965E-1 4.64012E-1 4.73683E-1 4.82198E-1 4.73077E-1 5.11786E-1 5.31232E-1 5.2792E-1 5.37939E-1 5.45646E-1 5.4094E-1 5.32351E-1 5.2692E-1 5.01107E-1 4.85367E-1 4.96254E-1 5.11223E-1 5.17352E-1 5.20555E-1 5.21055E-1 5.15545E-1 5.12937E-1 5.08225E-1 5.152E-1 5.09683E-1 4.94409E-1 5.17344E-1 5.12222E-1 5.04468E-1 5.08671E-1 5.12971E-1 4.86903E-1 5.25269E-1 5.45555E-1 5.67806E-1 5.50723E-1 5.33644E-1 5.27622E-1 4.92919E-1 4.89734E-1 4.92551E-1 4.87409E-1 4.83225E-1 4.76958E-1 4.63706E-1 4.42025E-1 4.30021E-1 4.25655E-1
3.50377E-1 3.5639E-1 3.68153E-1 3.7087E-1 3.74333E-1 3.79423E-1 3.91112E-1 4.02938E-1 4.19404E-1 4.29417E-1 4.31362E-1 4.42736E-1 4.51514E-1 4.77689E-1 4.86837E-1 5.00289E-1 4.9458E-1 5.33639E-1 5.63363E-1 5.76439E-1 5.7447E-1 5.57342E-1 5.12513E-1 5.20026E-1 5.44453E-1 5.28268E-1 4.98925E-1 4.84531E-1 4.79156E-1 4.89569E-1 5.40003E-1 5.52885E-1 5.60712E-1 5.69679E-1 5.79638E-1 5.79053E-1 5.80049E-1 5.66177E-1 5.57265E-1 5.6156E-1 5.49743E-1 5.15615E-1 5.10647E-1 4.99635E-1 5.11594E-1 5.16752E-1 5.60984E-1 6.1391E-1 6.16456E-1 6.16873E-1 6.20175E-1 6.02095E-1 5.16235E-1 5.0662E-1 5.07029E-1 5.00289E-1 4.84843E-1 4.70781E-1 4.57093E-1 4.49075E-1 4.4084E-1
3.57695E-1 3.56067E-1 3.62652E-1 3.73145E-1 3.75294E-1 3.84701E-1 3.95588E-1 4.09017E-1 4.28631E-1 4.40989E-1 4.43555E-1 4.58388E-1 4.93125E-1 5.29472E-1 5.33909E-1 5.20964E-1 5.32474E-1 5.70324E-1 5.71699E-1 5.70246E-1 5.64667E-1 5.57882E-1 5.22634E-1 5.48506E-1 5.53031E-1 5.07619E-1 4.78884E-1 4.7598E-1 4.70556E-1 4.70725E-1 4.77385E-1 5.17886E-1 5.52808E-1 5.70783E-1 5.77672E-1 5.82804E-1 5.87528E-1 5.88399E-1 5.88187E-1 5.97503E-1 6.05285E-1 6.07876E-1 5.86552E-1 5.46896E-1 5.40843E-1 5.4972E-1 6.1388E-1 6.15635E-1 6.24612E-1 6.30131E-1 6.33919E-1 6.33552E-1 5.93934E-1 5.30061E-1 5.1463E-1 5.11266E-1 4.96546E-1 4.88674E-1 4.75846E-1 4.62038E-1 4.61039E-1
3.55483E-1 3.62159E-1 3.67132E-1 3.70788E-1 3.85638E-1 3.94262E-1 4.03675E-1 4.1838E-1 4.35636E-1 4.52692E-1 4.56265E-1 4.75821E-1 5.27779E-1 5.38293E-1 5.16271E-1 5.36263E-1 5.59794E-1 5.66772E-1 5.65732E-1 5.63123E-1 5.5284E-1 5.5084E-1 5.57037E-1 5.57489E-1 5.48802E-1 5.12557E-1 4.83081E-1 4.7997E-1 4.81159E-1 4.68067E-1 4.77332E-1 4.78787E-1 4.82723E-1 5.10686E-1 5.49475E-1 5.73466E-1 5.81271E-1 5.84804E-1 5.89634E-1 5.9272E-1 6.00288E-1 6.09337E-1 6.1505E-1 6.12251E-1 6.097E-1 5.93901E-1 6.1954E-1 6.25483E-1 6.30094E-1 6.38729E-1 6.43381E-1 6.42424E-1 6.38031E-1 5.79592E-1 5.23045E-1 5.25462E-1 5.06681E-1 5.05715E-1 4.89177E-1 4.79786E-1 4.77151E-1
3.5718E-1 3.55608E-1 3.68038E-1 3.81652E-1 3.98399E-1 4.12007E-1 4.23576E-1 4.34439E-1 4.51318E-1 4.65508E-1 4.77051E-1 5.18386E-1 5.31579E-1 5.09517E-1 5.31584E-1 5.49785E-1 5.58971E-1 5.62039E-1 5.59041E-1 5.53513E-1 5.51068E-1 5.51257E-1 5.37835E-1 5.35985E-1 5.00146E-1 4.8852E-1 4.75095E-1 4.69296E-1 4.64119E-1 4.65345E-1 4.63153E-1 4.65929E-1 4.62808E-1 4.67464E-1 4.87651E-1 5.17913E-1 5.7177E-1 5.79004E-1 5.84493E-1 5.89503E-1 5.97005E-1 6.0409E-1 6.10025E-1 6.16165E-1 6.17853E-1 6.00212E-1 5.8167E-1 5.89527E-1 6.16674E-1 6.38875E-1 6.39749E-1 6.40397E-1 6.4014E-1 6.2965E-1 5.65346E-1 5.38734E-1 5.15192E-1 5.223E-1 5.25684E-1 5.06604E-1 4.9656E-1
3.66804E-1 3.70095E-1 3.89695E-1 4.03312E-1 4.24543E-1 4.29741E-1 4.34552E-1 4.48765E-1 4.59087E-1 4.78165E-1 5.16714E-1 5.41414E-1 4.98049E-1 5.15607E-1 5.52159E-1 5.54453E-1 5.54811E-1 5.53416E-1 5.53793E-1 5.29009E-1 5.38393E-1 5.32261E-1 5.05921E-1 5.18897E-1 4.86289E-1 4.7143E-1 4.5675E-1 4.50286E-1 4.56526E-1 4.57284E-1 4.56597E-1 4.56162E-1 4.58974E-1 4.69024E-1 4.85123E-1 5.07075E-1 5.43655E-1 5.77205E-1 5.80996E-1 5.8574E-1 5.91123E-1 6.00314E-1 6.05957E-1 6.1171E-1 6.10367E-1 6.11259E-1 6.02449E-1 5.67002E-1 5.89685E-1 6.32396E-1 6.39269E-1 6.43299E-1 6.42585E-1 6.39116E-1 6.34213E-1 5.78714E-1 5.38108E-1 5.37237E-1 5.50847E-1 5.34363E-1 5.09842E-1
