maxent_outputs/white_flowers_linear/white_67.asc
ncols         426
nrows         180
xllcorner     -130.0
yllcorner     24.0
cellsize      0.16666666666666666
NODATA_value  -9999
[rows 54 to 80 of 180, columns 61 to 121 of 426]
2.22835E-1 2.04969E-1 2.42061E-1 2.41135E-1 2.17015E-1 1.86884E-1 1.62455E-1 1.46926E-1 1.31087E-1 1.06987E-1 1.37817E-1 1.65606E-1 1.9177E-1 2.04057E-1 1.77061E-1 1.65119E-1 1.75531E-1 2.11971E-1 1.74925E-1 1.46748E-1 1.5314E-1 1.35487E-1 1.17062E-1 9.72093E-2 1.29594E-1 1.05649E-1 9.39784E-2 8.85187E-2 9.50337E-2 9.50829E-2 1.18372E-1 9.45278E-2 9.11112E-2 8.12382E-2 8.84748E-2 9.5851E-2 8.16005E-2 8.58579E-2 7.63161E-2 7.92899E-2 9.04751E-2 9.2454E-2 8.75973E-2 6.68478E-2 8.28499E-2 7.72321E-2 7.29145E-2 6.62369E-2 7.1825E-2 9.12433E-2 6.61095E-2 6.69516E-2 6.80136E-2 6.21102E-2 7.00682E-2 6.83219E-2 6.89205E-2 6.7399E-2 6.39912E-2 5.77832E-2 7.11263E-2
2.31318E-1 2.46333E-1 2.40439E-1 2.01372E-1 2.03509E-1 1.94731E-1 1.56737E-1 1.22423E-1 1.38188E-1 1.40244E-1 1.33099E-1 1.63299E-1 1.79027E-1 1.8744E-1 1.81001E-1 2.03142E-1 2.18644E-1 1.90785E-1 1.26637E-1 1.55045E-1 1.63995E-1 1.19412E-1 1.13722E-1 1.12253E-1 1.05828E-1 9.49527E-2 8.83163E-2 9.18275E-2 1.0379E-1 1.10256E-1 1.00449E-1 8.84757E-2 8.73985E-2 8.03285E-2 9.50202E-2 8.19489E-2 7.24138E-2 7.9699E-2 8.16516E-2 7.04936E-2 7.28967E-2 6.94666E-2 8.23833E-2 7.73999E-2 6.83806E-2 6.54194E-2 6.42829E-2 6.26739E-2 6.68028E-2 7.33397E-2 6.83712E-2 7.40437E-2 7.13714E-2 6.4741E-2 6.42226E-2 6.22681E-2 6.50863E-2 6.26057E-2 6.48321E-2 5.82516E-2 6.77232E-2
2.01286E-1 2.33786E-1 1.94098E-1 1.77515E-1 1.73758E-1 1.68964E-1 1.70883E-1 1.54277E-1 1.41783E-1 1.44834E-1 1.41787E-1 1.52433E-1 1.49063E-1 1.61613E-1 1.91283E-1 1.73394E-1 1.893E-1 1.48833E-1 1.75419E-1 1.66524E-1 1.66792E-1 1.33221E-1 1.19058E-1 1.14738E-1 1.05159E-1 9.19011E-2 8.68858E-2 9.01833E-2 8.83404E-2 8.64098E-2 8.66375E-2 8.33653E-2 8.22171E-2 1.01822E-1 9.45659E-2 9.72441E-2 7.96824E-2 6.65714E-2 7.34136E-2 7.61724E-2 6.59315E-2 6.37236E-2 6.74103E-2 7.25027E-2 6.59679E-2 6.4003E-2 6.55815E-2 6.92006E-2 6.86465E-2 6.76637E-2 7.38055E-2 7.26797E-2 6.64813E-2 6.54318E-2 6.74987E-2 6.41216E-2 6.41242E-2 6.01852E-2 6.17032E-2 6.43692E-2 6.53134E-2
1.67371E-1 2.15536E-1 2.10223E-1 2.17408E-1 2.22955E-1 2.01561E-1 1.91454E-1 1.78067E-1 1.27019E-1 1.34779E-1 1.4274E-1 1.4719E-1 1.55075E-1 1.51963E-1 1.72013E-1 2.16067E-1 1.87961E-1 1.87313E-1 1.87368E-1 1.62948E-1 1.64518E-1 1.4307E-1 1.08602E-1 1.21079E-1 1.15079E-1 9.41198E-2 8.36396E-2 8.0624E-2 7.78942E-2 7.44895E-2 7.66016E-2 7.5674E-2 7.86845E-2 1.00635E-1 1.00898E-1 7.67199E-2 8.67616E-2 7.46748E-2 6.81912E-2 6.82556E-2 6.54816E-2 6.59519E-2 6.69223E-2 6.68458E-2 6.80621E-2 7.34975E-2 7.47098E-2 7.27609E-2 7.11041E-2 7.36171E-2 8.16855E-2 8.05355E-2 6.25683E-2 6.04721E-2 6.49454E-2 6.2787E-2 6.42956E-2 6.39519E-2 6.48127E-2 7.44567E-2 7.9306E-2
1.55912E-1 1.77478E-1 1.84122E-1 1.57345E-1 1.42997E-1 1.5645E-1 1.28897E-1 1.21161E-1 1.21518E-1 1.28059E-1 1.39512E-1 1.49366E-1 1.50213E-1 1.82475E-1 1.98779E-1 2.31328E-1 2.33725E-1 2.32332E-1 2.27121E-1 1.8503E-1 1.68272E-1 1.58468E-1 1.2869E-1 1.44265E-1 1.07338E-1 1.03646E-1 8.80635E-2 9.14631E-2 7.81214E-2 7.53851E-2 8.0852E-2 8.60577E-2 8.63364E-2 8.99872E-2 8.02023E-2 7.35864E-2 7.26924E-2 7.1832E-2 7.52742E-2 7.15556E-2 6.70216E-2 7.17979E-2 7.44035E-2 8.24224E-2 8.98848E-2 8.875E-2 8.52833E-2 7.80814E-2 7.93527E-2 8.51886E-2 8.73594E-2 8.76717E-2 7.78172E-2 7.33045E-2 6.50432E-2 5.98589E-2 6.13569E-2 5.87649E-2 5.84838E-2 5.37858E-2 5.89014E-2
1.63324E-1 1.52899E-1 1.65067E-1 1.48728E-1 1.32727E-1 1.309E-1 1.40964E-1 1.27999E-1 1.29717E-1 1.43614E-1 1.46052E-1 1.60473E-1 1.74441E-1 1.79553E-1 2.17068E-1 2.26711E-1 2.29258E-1 2.35223E-1 2.30658E-1 2.29507E-1 1.95695E-1 1.82576E-1 1.52401E-1 1.52671E-1 1.27711E-1 1.23236E-1 1.06323E-1 9.48211E-2 7.93218E-2 7.6469E-2 7.30595E-2 6.62498E-2 8.19773E-2 8.41912E-2 7.69332E-2 8.12985E-2 7.28974E-2 6.67837E-2 7.47296E-2 8.53155E-2 7.79878E-2 8.45527E-2 9.47494E-2 9.46093E-2 9.39379E-2 9.24618E-2 9.35437E-2 9.19986E-2 9.31153E-2 9.23743E-2 1.01393E-1 9.78481E-2 9.76214E-2 8.33686E-2 6.90677E-2 6.31631E-2 6.07062E-2 5.70273E-2 5.76792E-2 5.21713E-2 5.34177E-2
1.44587E-1 1.33201E-1 1.39359E-1 1.39973E-1 1.39847E-1 1.37818E-1 1.434E-1 1.56863E-1 1.53334E-1 1.62479E-1 1.62373E-1 1.63007E-1 1.95836E-1 2.13248E-1 2.2284E-1 2.2435E-1 2.36176E-1 2.40772E-1 2.33472E-1 2.39801E-1 2.3085E-1 2.03919E-1 1.58028E-1 1.36901E-1 1.25621E-1 1.17924E-1 1.08466E-1 9.53204E-2 7.61885E-2 7.03483E-2 7.24203E-2 6.78259E-2 6.72358E-2 7.24822E-2 7.6777E-2 7.43864E-2 7.81111E-2 8.63135E-2 8.50702E-2 8.87985E-2 1.0267E-1 9.8165E-2 1.04579E-1 9.50254E-2 9.48003E-2 9.39865E-2 9.73831E-2 9.83492E-2 1.01388E-1 9.98792E-2 9.67183E-2 8.53555E-2 8.81272E-2 7.8511E-2 7.26817E-2 6.99172E-2 6.65452E-2 6.517E-2 5.99288E-2 5.1753E-2 5.35042E-2
1.34095E-1 1.3371E-1 1.32319E-1 1.37465E-1 1.39983E-1 1.4713E-1 1.48962E-1 1.55675E-1 1.69773E-1 1.7394E-1 1.97561E-1 1.88543E-1 2.03896E-1 1.98493E-1 2.07246E-1 2.21314E-1 2.50232E-1 2.46324E-1 2.39871E-1 2.3517E-1 2.38759E-1 2.20165E-1 1.59618E-1 1.52656E-1 1.36166E-1 1.37371E-1 1.19014E-1 1.02726E-1 8.63076E-2 7.63307E-2 7.51331E-2 7.83268E-2 8.90968E-2 7.9945E-2 6.81209E-2 6.95968E-2 7.49708E-2 8.50352E-2 9.15304E-2 9.32333E-2 9.96986E-2 1.00988E-1 1.04977E-1 1.05416E-1 9.95817E-2 9.99566E-2 1.0356E-1 1.0401E-1 1.02974E-1 1.01354E-1 9.2683E-2 8.47172E-2 7.81363E-2 7.14389E-2 6.84866E-2 6.50541E-2 6.72898E-2 6.64333E-2 5.4852E-2 6.16016E-2 6.04093E-2
1.54765E-1 1.58501E-1 1.51676E-1 1.47393E-1 1.59844E-1 1.53874E-1 1.5814E-1 1.62678E-1 1.58587E-1 1.9716E-1 1.84183E-1 1.61485E-1 1.69692E-1 1.75209E-1 2.16102E-1 2.18353E-1 2.43124E-1 2.50521E-1 2.50039E-1 2.45408E-1 2.38978E-1 2.50269E-1 2.09333E-1 1.70872E-1 1.59809E-1 1.26685E-1 1.05482E-1 1.21441E-1 1.00053E-1 9.26483E-2 8.66896E-2 8.7778E-2 9.40348E-2 9.25312E-2 9.22581E-2 8.42501E-2 8.09094E-2 8.9218E-2 9.54572E-2 9.73223E-2 1.05562E-1 1.05616E-1 1.06592E-1 1.05299E-1 1.06049E-1 1.04567E-1 1.08242E-1 1.14488E-1 1.15057E-1 1.0474E-1 9.71157E-2 9.1991E-2 8.41979E-2 7.12744E-2 7.10781E-2 6.47316E-2 6.58251E-2 6.44649E-2 5.98113E-2 6.37885E-2 6.97684E-2
1.6678E-1 1.73602E-1 1.7519E-1 1.73645E-1 1.7326E-1 1.74333E-1 1.81613E-1 1.77404E-1 1.73595E-1 1.87564E-1 1.69085E-1 1.62258E-1 1.66085E-1 1.72752E-1 2.26665E-1 2.21312E-1 1.90197E-1 1.90265E-1 2.39102E-1 2.38516E-1 2.24432E-1 2.1944E-1 2.0312E-1 1.90567E-1 1.64079E-1 1.4166E-1 1.27649E-1 1.12485E-1 1.03182E-1 9.85443E-2 9.64125E-2 9.99401E-2 1.02528E-1 1.01278E-1 1.01424E-1 9.74101E-2 1.07278E-1 1.05856E-1 1.11177E-1 1.03581E-1 1.06947E-1 1.15753E-1 1.17078E-1 1.1568E-1 1.22348E-1 1.24681E-1 1.2263E-1 1.15648E-1 1.03944E-1 9.54595E-2 9.85417E-2 9.75367E-2 7.98657E-2 8.0321E-2 7.71948E-2 6.63945E-2 5.59898E-2 5.43997E-2 5.67643E-2 5.2258E-2 4.76241E-2
1.72796E-1 1.78033E-1 1.8608E-1 1.90801E-1 1.91974E-1 1.87569E-1 1.94188E-1 1.85696E-1 1.83471E-1 1.77318E-1 1.60016E-1 1.67602E-1 1.73881E-1 1.99218E-1 2.06882E-1 1.72123E-1 1.7319E-1 1.59019E-1 1.88815E-1 2.42375E-1 2.37668E-1 2.21333E-1 2.10989E-1 2.09379E-1 2.04566E-1 1.74715E-1 1.3103E-1 1.11973E-1 1.08989E-1 1.07856E-1 1.04712E-1 1.05836E-1 1.19017E-1 1.22179E-1 1.23754E-1 1.22757E-1 1.28988E-1 1.25767E-1 1.27084E-1 1.16648E-1 1.13753E-1 1.25386E-1 1.28499E-1 1.23377E-1 1.31129E-1 1.32085E-1 1.24834E-1 1.07797E-1 9.12368E-2 8.40756E-2 8.68621E-2 8.96224E-2 9.53136E-2 7.94468E-2 8.25819E-2 7.67458E-2 6.85441E-2 6.40025E-2 6.06281E-2 5.23554E-2 4.56326E-2
1.71925E-1 1.64924E-1 1.69162E-1 1.69654E-1 1.8357E-1 1.88206E-1 1.96287E-1 1.85321E-1 1.71206E-1 1.74231E-1 1.7775E-1 1.77738E-1 2.08531E-1 1.8189E-1 1.70269E-1 1.62691E-1 1.61411E-1 1.48771E-1 1.37542E-1 2.04707E-1 2.41597E-1 2.48041E-1 2.36691E-1 2.22917E-1 2.14668E-1 2.09119E-1 2.06158E-1 1.93381E-1 1.84118E-1 1.79673E-1 1.67286E-1 1.62043E-1 1.51111E-1 1.36911E-1 1.37151E-1 1.41875E-1 1.41731E-1 1.47412E-1 1.4336E-1 1.3086E-1 1.27931E-1 1.32955E-1 1.32899E-1 1.38146E-1 1.37031E-1 1.30929E-1 1.12517E-1 9.48958E-2 8.50061E-2 7.55937E-2 7.93343E-2 8.57345E-2 8.91682E-2 8.13708E-2 7.73541E-2 6.65705E-2 6.94664E-2 6.20612E-2 5.59601E-2 6.049E-2 5.11144E-2
1.71165E-1 1.74358E-1 1.64746E-1 1.6608E-1 1.70145E-1 1.81318E-1 1.80711E-1 1.6264E-1 1.53955E-1 1.81028E-1 1.71873E-1 1.90471E-1 2.08318E-1 1.91684E-1 1.79796E-1 1.68856E-1 1.66126E-1 1.60182E-1 1.42947E-1 1.53852E-1 2.08004E-1 2.30468E-1 2.44502E-1 2.51076E-1 2.42193E-1 2.33684E-1 2.28254E-1 2.31687E-1 2.16338E-1 1.95838E-1 1.81703E-1 1.75045E-1 1.64206E-1 1.54981E-1 1.56484E-1 1.52523E-1 1.49592E-1 1.51041E-1 1.4749E-1 1.43848E-1 1.30567E-1 1.34678E-1 1.56005E-1 1.51974E-1 1.37302E-1 1.17895E-1 1.01363E-1 9.15312E-2 8.40383E-2 7.97722E-2 7.69749E-2 8.12482E-2 8.71744E-2 7.59337E-2 7.76599E-2 6.53097E-2 7.10887E-2 5.70209E-2 5.53181E-2 5.51358E-2 5.91378E-2
1.9168E-1 1.84349E-1 1.72371E-1 1.77585E-1 1.75439E-1 1.75361E-1 1.52018E-1 1.2015E-1 1.84195E-1 1.93729E-1 1.94995E-1 1.99496E-1 1.91689E-1 1.92228E-1 1.80226E-1 1.65719E-1 1.60589E-1 1.46366E-1 1.43917E-1 1.41445E-1 1.38384E-1 1.73454E-1 2.18747E-1 2.29982E-1 2.25091E-1 2.08408E-1 2.10726E-1 2.14129E-1 2.00733E-1 2.03694E-1 1.97229E-1 1.85502E-1 1.71102E-1 1.6292E-1 1.56653E-1 1.49837E-1 1.48339E-1 1.51702E-1 1.50793E-1 1.56942E-1 1.40815E-1 1.42346E-1 1.35619E-1 1.32175E-1 1.19853E-1 1.18768E-1 1.05122E-1 9.33113E-2 9.03836E-2 8.04721E-2 7.86962E-2 8.34741E-2 8.09417E-2 7.26071E-2 7.15309E-2 6.46261E-2 6.83361E-2 6.36635E-2 5.97551E-2 5.68852E-2 5.55014E-2
1.80257E-1 1.71535E-1 1.77038E-1 1.83595E-1 1.77738E-1 1.69432E-1 1.46273E-1 1.47338E-1 1.90264E-1 1.90997E-1 1.88425E-1 1.8881E-1 1.91226E-1 1.88414E-1 1.73691E-1 1.66779E-1 1.63519E-1 1.51812E-1 1.42506E-1 1.36002E-1 1.22858E-1 1.31387E-1 1.62324E-1 1.85716E-1 1.93982E-1 1.91535E-1 1.87332E-1 1.87795E-1 1.93335E-1 1.90513E-1 1.91716E-1 1.9226E-1 1.86628E-1 1.75257E-1 1.66776E-1 1.64916E-1 1.70953E-1 1.66348E-1 1.53311E-1 1.50195E-1 1.44009E-1 1.40873E-1 1.26723E-1 1.24908E-1 1.08818E-1 1.14861E-1 1.11363E-1 1.02081E-1 9.72372E-2 9.47316E-2 8.68516E-2 8.40976E-2 7.82886E-2 7.84198E-2 6.44198E-2 6.42552E-2 6.86174E-2 6.28775E-2 5.64609E-2 5.54402E-2 5.55043E-2
1.51845E-1 1.57286E-1 1.75626E-1 1.79439E-1 1.82307E-1 1.82029E-1 1.58241E-1 1.94653E-1 1.8832E-1 1.8831E-1 1.83136E-1 1.82763E-1 1.81715E-1 1.75816E-1 1.69896E-1 1.70508E-1 1.6298E-1 1.52568E-1 1.47428E-1 1.47916E-1 1.39339E-1 1.30804E-1 1.3378E-1 1.61774E-1 1.78817E-1 1.84955E-1 1.77035E-1 1.72755E-1 1.78632E-1 1.79645E-1 1.75659E-1 1.6768E-1 1.70101E-1 1.65613E-1 1.66956E-1 1.66193E-1 1.62772E-1 1.4571E-1 1.4617E-1 1.45408E-1 1.28854E-1 1.24441E-1 1.21058E-1 1.15251E-1 1.06196E-1 1.14365E-1 1.16899E-1 1.03123E-1 1.04284E-1 9.37978E-2 8.46118E-2 8.11355E-2 7.45186E-2 7.21306E-2 7.07129E-2 6.73198E-2 6.61114E-2 6.77156E-2 6.08644E-2 5.9036E-2 5.50668E-2
1.83495E-1 1.55605E-1 1.62293E-1 1.68885E-1 1.77349E-1 1.70431E-1 1.74781E-1 1.9977E-1 1.89065E-1 1.79305E-1 1.54908E-1 1.64773E-1 1.6858E-1 1.57047E-1 1.59257E-1 1.63204E-1 1.53467E-1 1.57788E-1 1.51707E-1 1.54495E-1 1.48856E-1 1.39253E-1 1.34303E-1 1.44773E-1 1.72215E-1 1.7445E-1 1.56577E-1 1.50769E-1 1.40888E-1 1.46626E-1 1.58573E-1 1.5506E-1 1.26512E-1 1.15711E-1 1.22628E-1 1.58092E-1 1.27243E-1 1.19233E-1 1.4219E-1 1.42803E-1 1.19079E-1 1.13365E-1 1.19625E-1 1.21967E-1 1.21216E-1 1.17898E-1 1.11004E-1 1.17874E-1 1.12382E-1 9.1341E-2 8.65462E-2 8.21098E-2 6.68055E-2 7.25703E-2 7.0594E-2 6.85311E-2 6.81868E-2 7.0507E-2 6.84283E-2 6.61586E-2 6.3051E-2
1.79453E-1 1.62532E-1 1.55915E-1 1.50448E-1 1.59148E-1 1.74202E-1 1.67716E-1 1.8394E-1 1.75287E-1 1.35825E-1 1.47872E-1 1.54744E-1 1.74366E-1 1.515E-1 1.43592E-1 1.51277E-1 1.54132E-1 1.5914E-1 1.56833E-1 1.51702E-1 1.51935E-1 1.48465E-1 1.35704E-1 1.34435E-1 1.53593E-1 1.5171E-1 1.4535E-1 1.36012E-1 1.24782E-1 1.14609E-1 1.49298E-1 1.25341E-1 1.12699E-1 1.04043E-1 1.20858E-1 1.27426E-1 1.15592E-1 1.35827E-1 1.38833E-1 1.3819E-1 1.17427E-1 1.28095E-1 1.28833E-1 1.22812E-1 1.17306E-1 1.25168E-1 1.16047E-1 1.24641E-1 1.1718E-1 8.73249E-2 1.02312E-1 1.02531E-1 7.39761E-2 6.80895E-2 6.72929E-2 6.78401E-2 7.02644E-2 7.1123E-2 7.17684E-2 7.32018E-2 7.17239E-2
1.59778E-1 1.56536E-1 1.47013E-1 1.54518E-1 1.65897E-1 1.88302E-1 1.91976E-1 1.85854E-1 1.53603E-1 1.59131E-1 1.48442E-1 1.65199E-1 1.7596E-1 1.60372E-1 1.45614E-1 1.48906E-1 1.59185E-1 1.59293E-1 1.58346E-1 1.56577E-1 1.49028E-1 1.47953E-1 1.35512E-1 1.17284E-1 1.29884E-1 1.326E-1 1.18158E-1 1.11269E-1 1.08255E-1 1.08604E-1 1.3916E-1 1.30749E-1 1.12748E-1 1.18389E-1 1.2418E-1 1.1382E-1 1.13131E-1 1.20702E-1 1.04086E-1 1.16286E-1 1.36753E-1 1.33692E-1 1.35647E-1 1.26634E-1 1.23869E-1 1.3009E-1 1.29027E-1 1.29857E-1 1.0949E-1 8.95317E-2 1.07567E-1 1.00964E-1 7.83218E-2 7.08655E-2 7.15995E-2 7.02651E-2 7.04975E-2 7.09102E-2 7.16661E-2 7.4361E-2 7.65421E-2
1.48033E-1 1.48563E-1 1.48588E-1 1.49616E-1 1.64329E-1 1.81248E-1 1.63815E-1 1.72619E-1 1.71442E-1 1.73608E-1 1.59581E-1 1.75247E-1 1.76155E-1 1.39565E-1 1.35287E-1 1.45603E-1 1.53565E-1 1.55437E-1 1.53917E-1 1.54252E-1 1.52428E-1 1.45996E-1 1.20519E-1 1.18494E-1 1.09134E-1 1.12578E-1 9.93539E-2 1.03886E-1 1.12397E-1 1.16455E-1 1.25882E-1 1.17394E-1 1.16387E-1 1.18153E-1 1.16565E-1 1.19437E-1 1.11516E-1 1.23542E-1 1.27387E-1 1.32328E-1 1.61048E-1 1.63208E-1 1.75636E-1 1.43579E-1 1.39109E-1 1.4545E-1 1.41692E-1 1.37642E-1 1.14461E-1 9.8928E-2 8.83552E-2 8.22667E-2 7.97798E-2 7.63538E-2 7.38365E-2 7.48423E-2 7.48732E-2 7.25206E-2 7.31638E-2 7.51262E-2 7.74042E-2
1.54476E-1 1.4933E-1 1.48889E-1 1.44908E-1 1.4422E-1 1.60973E-1 1.70963E-1 1.87337E-1 1.91879E-1 1.89412E-1 1.8231E-1 1.87791E-1 1.67278E-1 1.5087E-1 1.60041E-1 1.52723E-1 1.55793E-1 1.54605E-1 1.52873E-1 1.50038E-1 1.49997E-1 1.42775E-1 1.19817E-1 1.07081E-1 1.06166E-1 1.06751E-1 1.04467E-1 1.08734E-1 1.07679E-1 1.18147E-1 1.17387E-1 1.17836E-1 1.20371E-1 1.17922E-1 1.18985E-1 1.29753E-1 1.24065E-1 1.41682E-1 1.506E-1 1.59173E-1 1.86261E-1 2.21262E-1 2.06615E-1 1.65295E-1 1.75597E-1 1.78825E-1 1.58167E-1 1.29548E-1 1.14661E-1 9.8846E-2 8.44476E-2 8.18434E-2 7.85082E-2 7.58979E-2 7.77666E-2 8.08398E-2 8.15324E-2 8.0394E-2 8.03584E-2 8.32408E-2 8.48601E-2
1.57451E-1 1.55627E-1 1.62087E-1 1.73071E-1 1.74476E-1 1.75713E-1 2.0775E-1 1.97512E-1 1.82316E-1 1.91565E-1 1.90616E-1 1.88894E-1 1.64539E-1 1.70069E-1 1.75043E-1 1.723E-1 1.6749E-1 1.54768E-1 1.51746E-1 1.4679E-1 1.35987E-1 1.31548E-1 1.19294E-1 1.13202E-1 1.15582E-1 1.15971E-1 1.08691E-1 1.16389E-1 1.09792E-1 1.11425E-1 1.17261E-1 1.18786E-1 1.16851E-1 1.23355E-1 1.35704E-1 1.53385E-1 1.69478E-1 1.77315E-1 1.82936E-1 1.76663E-1 1.84506E-1 2.28644E-1 2.3786E-1 2.15322E-1 1.86146E-1 1.97172E-1 1.91106E-1 1.11954E-1 1.00162E-1 8.7927E-2 8.35219E-2 8.40204E-2 7.96029E-2 7.77747E-2 8.13438E-2 8.47457E-2 8.59468E-2 8.61602E-2 8.23665E-2 8.79327E-2 9.06354E-2
1.56602E-1 1.57411E-1 1.64796E-1 1.95561E-1 1.98533E-1 2.08191E-1 2.01796E-1 1.89734E-1 1.72794E-1 1.94943E-1 1.92195E-1 1.95744E-1 1.80416E-1 1.80678E-1 1.76759E-1 1.69753E-1 1.71751E-1 1.42865E-1 1.46831E-1 1.44078E-1 1.35945E-1 1.27811E-1 1.23136E-1 1.1925E-1 1.16325E-1 1.21519E-1 1.22182E-1 1.17073E-1 1.11491E-1 1.14356E-1 1.13691E-1 1.15549E-1 1.1405E-1 1.31539E-1 1.29262E-1 1.58518E-1 1.718E-1 1.87461E-1 1.96239E-1 1.91515E-1 1.98425E-1 2.19456E-1 2.39704E-1 2.46727E-1 2.18842E-1 2.31653E-1 1.85609E-1 1.51675E-1 1.18241E-1 9.60984E-2 8.9412E-2 8.20812E-2 7.90214E-2 7.74717E-2 7.93503E-2 8.22562E-2 8.36442E-2 8.7155E-2 8.15674E-2 8.82256E-2 9.16199E-2
1.88024E-1 1.60026E-1 1.76729E-1 1.87768E-1 2.25419E-1 2.12339E-1 1.99481E-1 1.89813E-1 1.96674E-1 1.99238E-1 1.96899E-1 1.9663E-1 1.89687E-1 1.8409E-1 1.83804E-1 1.79266E-1 1.77367E-1 1.76982E-1 1.54559E-1 1.49256E-1 1.4712E-1 1.31098E-1 1.29867E-1 1.21675E-1 1.22745E-1 1.31113E-1 1.22865E-1 1.15051E-1 1.13678E-1 1.20947E-1 1.19517E-1 1.14504E-1 1.15888E-1 1.32868E-1 1.36585E-1 1.97702E-1 1.9385E-1 2.09083E-1 2.08062E-1 2.14711E-1 1.93154E-1 1.89435E-1 2.24893E-1 2.52896E-1 2.6619E-1 2.5125E-1 2.11512E-1 1.65507E-1 1.20215E-1 1.09295E-1 1.0031E-1 9.25696E-2 8.37482E-2 7.83309E-2 7.74694E-2 7.79748E-2 7.53758E-2 7.74684E-2 7.97711E-2 8.49317E-2 9.12679E-2
1.91821E-1 1.75913E-1 2.02972E-1 2.29697E-1 2.11629E-1 2.08129E-1 2.06416E-1 1.97586E-1 1.98916E-1 1.92683E-1 2.00434E-1 1.97192E-1 1.8916E-1 1.66314E-1 1.8852E-1 1.82153E-1 1.75865E-1 1.77741E-1 1.52791E-1 1.52767E-1 1.59343E-1 1.37769E-1 1.34627E-1 1.28941E-1 1.38152E-1 1.32352E-1 1.20129E-1 1.18696E-1 1.05239E-1 1.25294E-1 1.23973E-1 1.19707E-1 1.18599E-1 1.50609E-1 1.73078E-1 1.80874E-1 1.91391E-1 2.16579E-1 2.26206E-1 2.07568E-1 1.8802E-1 1.80537E-1 2.06297E-1 2.36997E-1 2.64754E-1 2.55083E-1 2.24232E-1 1.99973E-1 1.13803E-1 1.09943E-1 1.05976E-1 9.86144E-2 8.80397E-2 7.94002E-2 7.60363E-2 7.21858E-2 6.79025E-2 6.82224E-2 7.03996E-2 7.14761E-2 8.02937E-2
1.92846E-1 2.03716E-1 2.01972E-1 2.2094E-1 2.07011E-1 2.09837E-1 2.07083E-1 1.87962E-1 1.98418E-1 2.02209E-1 2.03983E-1 1.88578E-1 1.90295E-1 1.70714E-1 1.85257E-1 1.82503E-1 1.7967E-1 1.74108E-1 1.58296E-1 1.59582E-1 1.51934E-1 1.41597E-1 1.3966E-1 1.37981E-1 1.36081E-1 1.28424E-1 1.19496E-1 1.12526E-1 1.27034E-1 1.28507E-1 1.22196E-1 1.2204E-1 1.17085E-1 1.40231E-1 1.76507E-1 1.95712E-1 2.055E-1 2.14065E-1 2.13659E-1 2.06034E-1 1.89553E-1 1.88253E-1 2.05808E-1 2.25364E-1 2.40985E-1 2.57626E-1 2.14555E-1 2.20704E-1 1.43457E-1 1.07168E-1 1.03346E-1 9.7394E-2 8.73203E-2 7.28674E-2 6.11103E-2 5.47147E-2 4.92745E-2 5.72496E-2 5.79821E-2 5.95774E-2 6.53846E-2
2.46675E-1 2.36144E-1 2.36882E-1 2.11194E-1 2.0499E-1 1.95067E-1 1.90784E-1 2.00135E-1 2.0205E-1 1.86705E-1 1.89548E-1 1.86305E-1 1.84812E-1 1.84028E-1 1.78185E-1 1.85898E-1 1.82235E-1 1.71717E-1 1.69849E-1 1.66506E-1 1.53977E-1 1.4865E-1 1.38656E-1 1.36209E-1 1.33148E-1 1.27582E-1 9.80859E-2 1.22388E-1 1.30158E-1 1.26945E-1 1.20146E-1 1.24967E-1 1.17076E-1 1.35579E-1 1.7638E-1 1.88456E-1 1.99399E-1 2.01651E-1 1.9518E-1 1.93407E-1 1.88845E-1 1.82322E-1 1.9013E-1 1.71116E-1 1.9774E-1 1.65862E-1 1.69442E-1 2.0931E-1 1.2572E-1 9.35607E-2 1.0394E-1 9.70603E-2 9.01352E-2 7.96903E-2 7.45159E-2 7.80507E-2 7.98897E-2 7.74201E-2 8.30704E-2 8.33314E-2 8.10656E-2
