maxent_outputs/white_flowers_linear/white_152.asc
ncols         426
nrows         180
xllcorner     -130.0
yllcorner     24.0
cellsize      0.16666666666666666
NODATA_value  -9999
[rows 27 to 53 of 180, columns 61 to 121 of 426]
6.19976E-1 6.09171E-1 6.76649E-1 6.937E-1 6.37903E-1 6.47549E-1 7.28543E-1 7.08882E-1 6.67253E-1 7.3677E-1 7.06366E-1 7.27987E-1 7.35825E-1 6.93249E-1 7.28933E-1 7.20529E-1 7.4124E-1 7.19483E-1 6.98587E-1 7.27178E-1 6.94906E-1 7.06413E-1 7.02158E-1 6.35477E-1 6.32731E-1 6.35184E-1 5.82456E-1 6.1921E-1 6.39599E-1 6.66103E-1 6.70249E-1 6.82677E-1 6.67269E-1 6.51589E-1 6.15671E-1 5.66784E-1 5.36859E-1 5.21856E-1 5.16526E-1 5.08713E-1 5.00197E-1 4.97192E-1 4.92931E-1 4.90509E-1 4.82783E-1 4.76954E-1 4.70482E-1 4.61043E-1 4.55998E-1 4.58224E-1 4.57943E-1 4.52352E-1 4.39651E-1 4.27804E-1 4.21923E-1 4.1959E-1 4.20935E-1 4.17461E-1 4.06024E-1 4.05989E-1 4.04552E-1
6.18809E-1 5.90642E-1 6.40191E-1 7.11986E-1 6.53128E-1 6.26152E-1 6.67348E-1 6.98546E-1 6.59727E-1 7.08263E-1 7.1023E-1 7.13227E-1 7.07897E-1 6.92278E-1 7.03394E-1 6.9409E-1 7.24667E-1 7.26549E-1 7.07474E-1 6.78795E-1 6.71481E-1 6.64058E-1 6.73831E-1 6.38597E-1 6.66368E-1 6.451E-1 6.22352E-1 5.7205E-1 6.18248E-1 6.50798E-1 6.82102E-1 6.66173E-1 6.83611E-1 6.95222E-1 6.91249E-1 6.30358E-1 5.74796E-1 5.48209E-1 5.28598E-1 5.17072E-1 5.0953E-1 5.03669E-1 4.98391E-1 4.86802E-1 4.78614E-1 4.7101E-1 4.66936E-1 4.56449E-1 4.49487E-1 4.51795E-1 4.53844E-1 4.43949E-1 4.37376E-1 4.31216E-1 4.26391E-1 4.19235E-1 4.00886E-1 3.89583E-1 3.75066E-1 3.66523E-1 3.71888E-1
6.49142E-1 5.98908E-1 6.16098E-1 6.39255E-1 6.03956E-1 5.98111E-1 6.23045E-1 6.48731E-1 6.37168E-1 6.67909E-1 7.01321E-1 6.98253E-1 6.77358E-1 6.63154E-1 6.9318E-1 6.84041E-1 7.19502E-1 7.07792E-1 6.83965E-1 6.38779E-1 6.52431E-1 6.33657E-1 6.34327E-1 6.46584E-1 6.47279E-1 6.44629E-1 6.53087E-1 6.00737E-1 6.24553E-1 6.67471E-1 6.67046E-1 6.56619E-1 6.45932E-1 6.75842E-1 6.92507E-1 6.81053E-1 6.3886E-1 5.91635E-1 5.53161E-1 5.26172E-1 5.12125E-1 5.0579E-1 4.88759E-1 4.68361E-1 4.4724E-1 4.56472E-1 4.50669E-1 4.48426E-1 4.53122E-1 4.60479E-1 4.58179E-1 4.55032E-1 4.54248E-1 4.48265E-1 4.38655E-1 4.29447E-1 4.11008E-1 3.81279E-1 3.62532E-1 3.5431E-1 3.55982E-1
6.62786E-1 5.94575E-1 5.84905E-1 5.87157E-1 5.89353E-1 6.11301E-1 6.23788E-1 6.16262E-1 6.64135E-1 6.51773E-1 6.54187E-1 6.4821E-1 6.39772E-1 6.69752E-1 6.97533E-1 6.87357E-1 7.08251E-1 6.80747E-1 6.84783E-1 6.80189E-1 6.36846E-1 6.44892E-1 6.55741E-1 6.74867E-1 6.33985E-1 6.26828E-1 6.63E-1 6.33002E-1 5.79044E-1 6.6023E-1 6.66076E-1 6.72349E-1 6.23458E-1 6.49305E-1 6.74667E-1 6.76767E-1 6.76449E-1 6.60742E-1 5.83127E-1 5.56337E-1 5.2965E-1 5.08295E-1 4.87915E-1 4.74162E-1 4.6196E-1 4.62067E-1 4.61659E-1 4.49728E-1 4.50928E-1 4.71765E-1 4.75296E-1 4.79016E-1 4.94409E-1 4.62067E-1 4.36792E-1 4.22365E-1 4.15352E-1 4.00465E-1 3.89525E-1 3.95381E-1 3.90012E-1
6.58691E-1 5.79941E-1 5.51638E-1 5.8625E-1 6.35539E-1 6.2608E-1 6.28233E-1 6.10489E-1 6.92796E-1 6.55823E-1 6.05686E-1 6.32629E-1 6.59911E-1 6.67327E-1 6.60523E-1 6.93642E-1 6.88644E-1 6.68175E-1 6.77748E-1 6.88895E-1 6.38838E-1 6.13134E-1 6.31207E-1 6.43306E-1 6.37751E-1 6.38227E-1 6.45052E-1 6.47139E-1 6.37699E-1 5.89591E-1 6.57989E-1 6.7538E-1 6.56635E-1 6.1027E-1 6.35266E-1 6.45445E-1 6.44561E-1 6.68732E-1 6.23319E-1 5.85376E-1 5.35876E-1 5.06011E-1 4.90266E-1 4.74035E-1 4.61149E-1 4.56784E-1 4.54716E-1 4.43019E-1 4.33344E-1 4.26671E-1 4.27933E-1 4.40018E-1 4.44551E-1 4.37489E-1 4.29189E-1 4.18991E-1 4.08266E-1 4.05768E-1 4.01352E-1 4.06213E-1 4.07745E-1
6.10454E-1 5.57208E-1 5.60663E-1 5.99773E-1 6.0727E-1 6.20994E-1 6.0411E-1 6.42384E-1 6.82142E-1 6.46825E-1 6.26249E-1 6.11763E-1 6.3836E-1 6.61996E-1 6.59547E-1 6.51219E-1 6.68864E-1 6.5989E-1 6.79114E-1 6.59529E-1 6.24883E-1 6.44572E-1 6.42384E-1 6.33203E-1 6.41423E-1 6.36393E-1 6.43026E-1 6.51902E-1 6.36734E-1 6.25909E-1 6.44993E-1 6.20741E-1 6.5721E-1 6.42877E-1 6.32536E-1 6.47043E-1 6.53108E-1 6.40067E-1 6.56013E-1 6.07123E-1 5.41854E-1 5.24312E-1 5.05247E-1 4.98548E-1 4.89723E-1 4.74701E-1 4.6751E-1 4.43955E-1 4.30411E-1 4.20476E-1 4.11632E-1 4.13509E-1 4.12522E-1 4.11227E-1 4.16652E-1 4.15162E-1 4.09487E-1 4.04272E-1 4.06516E-1 4.04225E-1 4.11257E-1
6.10044E-1 5.42237E-1 5.58755E-1 6.06206E-1 6.30683E-1 6.31547E-1 6.05171E-1 6.37102E-1 6.54805E-1 6.17432E-1 6.30343E-1 6.08575E-1 6.22437E-1 6.59032E-1 6.55986E-1 6.38084E-1 6.5901E-1 6.36122E-1 6.63269E-1 6.57631E-1 6.25167E-1 6.48796E-1 6.53472E-1 6.33048E-1 6.45391E-1 6.12592E-1 6.32418E-1 6.33498E-1 6.29108E-1 6.31332E-1 6.33116E-1 6.29053E-1 5.99761E-1 6.09497E-1 6.23425E-1 6.47231E-1 6.30377E-1 6.25507E-1 6.34415E-1 6.24038E-1 5.72326E-1 5.40607E-1 5.17091E-1 5.0076E-1 4.86793E-1 4.71741E-1 4.64521E-1 4.4801E-1 4.35909E-1 4.29181E-1 4.19572E-1 4.17184E-1 4.05871E-1 3.96642E-1 4.00822E-1 4.04073E-1 4.03832E-1 4.04901E-1 4.00054E-1 4.05942E-1 4.42373E-1
5.355E-1 5.36267E-1 5.57365E-1 5.77388E-1 6.03943E-1 5.91104E-1 6.06595E-1 6.29379E-1 6.4073E-1 5.9985E-1 6.22158E-1 6.29578E-1 5.81886E-1 6.42983E-1 6.4145E-1 6.04855E-1 6.36915E-1 6.29256E-1 6.45497E-1 6.45365E-1 6.58161E-1 6.54734E-1 6.45319E-1 6.42569E-1 6.5921E-1 6.3073E-1 6.28337E-1 6.24243E-1 6.22153E-1 6.11788E-1 6.22992E-1 6.37746E-1 5.86015E-1 5.66835E-1 6.32945E-1 6.45337E-1 6.35482E-1 6.37173E-1 6.33798E-1 6.44079E-1 6.38222E-1 5.93669E-1 5.4129E-1 5.17352E-1 5.01535E-1 4.80009E-1 4.66311E-1 4.5211E-1 4.37595E-1 4.31274E-1 4.26503E-1 4.16862E-1 4.15267E-1 4.02583E-1 4.00823E-1 3.98366E-1 3.95135E-1 3.95171E-1 3.92577E-1 4.28474E-1 4.82641E-1
5.2246E-1 5.31739E-1 5.229E-1 5.30125E-1 5.37817E-1 5.52769E-1 6.09113E-1 6.16604E-1 6.18283E-1 5.97222E-1 6.25704E-1 6.17209E-1 5.85253E-1 6.09659E-1 6.01304E-1 6.01456E-1 6.17214E-1 6.35583E-1 6.27643E-1 6.43969E-1 6.69162E-1 6.66021E-1 6.39606E-1 6.4205E-1 6.41479E-1 6.4602E-1 6.30425E-1 6.18237E-1 6.22808E-1 6.16318E-1 6.12449E-1 6.24128E-1 6.3245E-1 6.17579E-1 6.23413E-1 6.41929E-1 6.23789E-1 6.30991E-1 6.26603E-1 6.19466E-1 6.20378E-1 6.25085E-1 5.95304E-1 5.36368E-1 5.04169E-1 4.79701E-1 4.59528E-1 4.50806E-1 4.41745E-1 4.33296E-1 4.29298E-1 4.38955E-1 4.3365E-1 4.32465E-1 4.2841E-1 4.22629E-1 4.13176E-1 4.0216E-1 4.02856E-1 4.27483E-1 4.63782E-1
5.12874E-1 5.05559E-1 4.99221E-1 5.18323E-1 5.54756E-1 5.56525E-1 5.73462E-1 5.82155E-1 6.02356E-1 5.89407E-1 6.01325E-1 5.9441E-1 5.98071E-1 5.96717E-1 5.82975E-1 6.0053E-1 6.52974E-1 6.41958E-1 6.08723E-1 6.50666E-1 6.60156E-1 6.50836E-1 6.48058E-1 6.52222E-1 6.30447E-1 6.3525E-1 6.42456E-1 6.32949E-1 6.16992E-1 6.33723E-1 6.2337E-1 5.99126E-1 6.31747E-1 6.34601E-1 6.5142E-1 6.62456E-1 6.43014E-1 6.23901E-1 6.1936E-1 6.20901E-1 6.27953E-1 6.15857E-1 6.23367E-1 5.39442E-1 5.09433E-1 4.99821E-1 4.80906E-1 4.74604E-1 4.70964E-1 4.64652E-1 4.57532E-1 4.53894E-1 4.42803E-1 4.33431E-1 4.33496E-1 4.33355E-1 4.266E-1 4.23178E-1 4.27483E-1 4.20725E-1 4.18151E-1
5.07201E-1 5.00952E-1 4.97439E-1 5.304E-1 5.32376E-1 5.28832E-1 5.31917E-1 5.40522E-1 5.43044E-1 5.52822E-1 5.66958E-1 5.72213E-1 5.78548E-1 5.84443E-1 5.92641E-1 5.96819E-1 6.13545E-1 6.13473E-1 6.22227E-1 6.57723E-1 6.54822E-1 6.50544E-1 6.45823E-1 6.38405E-1 6.48529E-1 6.25109E-1 6.26681E-1 6.5763E-1 6.22472E-1 6.25449E-1 6.25638E-1 5.59904E-1 5.96424E-1 6.07529E-1 6.37102E-1 6.61971E-1 6.35826E-1 6.40636E-1 6.26598E-1 6.27182E-1 6.49284E-1 5.99176E-1 6.33198E-1 5.40096E-1 5.06275E-1 5.00911E-1 4.88351E-1 4.84286E-1 4.75424E-1 4.62195E-1 4.64252E-1 4.7337E-1 4.6385E-1 4.59802E-1 4.62388E-1 4.60499E-1 4.60255E-1 4.44323E-1 4.29367E-1 4.32744E-1 4.2254E-1
5.02367E-1 5.05679E-1 5.15175E-1 5.20135E-1 5.11311E-1 5.15236E-1 5.25475E-1 5.25878E-1 5.28397E-1 5.37204E-1 5.48294E-1 5.641E-1 5.7514E-1 5.80895E-1 5.95384E-1 6.11283E-1 6.34244E-1 6.46355E-1 6.53336E-1 6.54623E-1 6.44972E-1 6.41724E-1 6.44108E-1 6.34919E-1 6.54297E-1 6.40714E-1 6.16851E-1 6.31445E-1 6.38904E-1 6.163E-1 6.29348E-1 5.50391E-1 5.52773E-1 5.63552E-1 5.9567E-1 6.60035E-1 6.09029E-1 6.47811E-1 6.34744E-1 6.04503E-1 6.4289E-1 6.27654E-1 6.12251E-1 5.30715E-1 5.03933E-1 5.06172E-1 4.95345E-1 5.01738E-1 4.92391E-1 4.77305E-1 4.69439E-1 4.79604E-1 4.69249E-1 4.74845E-1 4.8905E-1 4.94837E-1 4.77163E-1 4.49994E-1 4.36666E-1 4.33122E-1 4.37669E-1
5.05901E-1 5.05462E-1 5.06871E-1 5.09233E-1 5.05337E-1 5.10991E-1 5.14296E-1 5.22096E-1 5.25425E-1 5.35268E-1 5.44958E-1 5.52419E-1 5.73146E-1 5.91673E-1 6.0126E-1 6.0424E-1 6.07576E-1 6.20636E-1 6.36181E-1 6.42355E-1 6.58569E-1 6.49805E-1 6.49844E-1 6.34549E-1 6.29633E-1 6.33909E-1 6.24337E-1 6.30127E-1 6.3562E-1 6.15771E-1 6.16982E-1 5.65384E-1 5.68248E-1 5.41701E-1 5.64191E-1 6.54975E-1 6.12239E-1 6.29572E-1 6.5063E-1 6.2765E-1 6.28173E-1 6.36644E-1 6.2311E-1 5.56279E-1 5.13032E-1 4.97658E-1 4.84588E-1 4.83564E-1 4.75776E-1 4.72544E-1 4.82568E-1 4.85749E-1 4.85349E-1 4.86203E-1 4.92336E-1 5.2986E-1 4.93581E-1 4.65812E-1 4.52236E-1 4.4926E-1 4.43178E-1
5.30399E-1 5.14921E-1 4.82719E-1 5.08419E-1 5.10311E-1 5.14235E-1 5.18084E-1 5.22847E-1 5.26402E-1 5.28995E-1 5.42094E-1 5.53031E-1 5.75123E-1 5.91401E-1 5.99805E-1 6.084E-1 6.19271E-1 6.26451E-1 6.42013E-1 6.35206E-1 6.3372E-1 6.32608E-1 6.30311E-1 6.24613E-1 6.22453E-1 6.27828E-1 6.44854E-1 6.45243E-1 6.23337E-1 6.14748E-1 6.4545E-1 6.27822E-1 6.30009E-1 5.85189E-1 5.83265E-1 6.39141E-1 6.39882E-1 5.91716E-1 6.30623E-1 6.32865E-1 6.24838E-1 6.04392E-1 6.17536E-1 6.14969E-1 5.61013E-1 5.0754E-1 4.9493E-1 5.16751E-1 4.94422E-1 4.86411E-1 4.88569E-1 5.04786E-1 5.08627E-1 5.04951E-1 5.01716E-1 4.99309E-1 4.81081E-1 4.68826E-1 4.61718E-1 4.49703E-1 4.44462E-1
5.27712E-1 5.16594E-1 5.27107E-1 5.39528E-1 5.42463E-1 5.25121E-1 5.23537E-1 5.25412E-1 5.30856E-1 5.37057E-1 5.38786E-1 5.52756E-1 5.6859E-1 5.88326E-1 6.06883E-1 6.11558E-1 6.19874E-1 6.39636E-1 6.49963E-1 6.45597E-1 6.35269E-1 6.34908E-1 6.48409E-1 6.50834E-1 6.32743E-1 6.32478E-1 6.34023E-1 6.50013E-1 6.5837E-1 6.40561E-1 5.90666E-1 6.15631E-1 5.91204E-1 6.09292E-1 6.06753E-1 6.51368E-1 6.35738E-1 5.88384E-1 5.73555E-1 5.52213E-1 5.586E-1 5.66765E-1 6.12811E-1 5.83123E-1 5.73563E-1 5.56317E-1 5.07423E-1 5.10505E-1 5.40499E-1 5.28755E-1 5.13744E-1 5.216E-1 5.50447E-1 5.44608E-1 5.32169E-1 5.50281E-1 5.23746E-1 4.94264E-1 4.79057E-1 4.72187E-1 4.53213E-1
5.29122E-1 5.21939E-1 5.39076E-1 5.32318E-1 5.44479E-1 5.32447E-1 5.3046E-1 5.3172E-1 5.36606E-1 5.37164E-1 5.42998E-1 5.48295E-1 5.64184E-1 5.81795E-1 6.01917E-1 6.13977E-1 6.22214E-1 6.34895E-1 6.46666E-1 6.49386E-1 6.33657E-1 6.38146E-1 6.37895E-1 6.23421E-1 6.2943E-1 6.40478E-1 6.29199E-1 6.42147E-1 6.27089E-1 6.56101E-1 6.05873E-1 6.07531E-1 6.06402E-1 5.80285E-1 5.44112E-1 5.94383E-1 6.03603E-1 5.57199E-1 5.66377E-1 6.00872E-1 5.14744E-1 5.21757E-1 5.81701E-1 5.78423E-1 5.70817E-1 5.33499E-1 5.11005E-1 5.15268E-1 5.40666E-1 5.35292E-1 5.09624E-1 5.04091E-1 5.20786E-1 5.60282E-1 5.63281E-1 5.83706E-1 5.60998E-1 5.09144E-1 4.94221E-1 4.81384E-1 4.68251E-1
5.30858E-1 5.15685E-1 5.02928E-1 5.38506E-1 5.50101E-1 5.39352E-1 5.31988E-1 5.32681E-1 5.41916E-1 5.48307E-1 5.55747E-1 5.59973E-1 5.72947E-1 5.84824E-1 6.03348E-1 6.20374E-1 6.27173E-1 6.35604E-1 6.26282E-1 6.18754E-1 6.37166E-1 6.29346E-1 6.35801E-1 6.19011E-1 6.14436E-1 6.15429E-1 6.32712E-1 6.32968E-1 6.11214E-1 6.19484E-1 6.38098E-1 5.9914E-1 6.01694E-1 6.1534E-1 5.55465E-1 5.98844E-1 5.91854E-1 5.77399E-1 5.7195E-1 5.5731E-1 5.38105E-1 5.74982E-1 5.43773E-1 5.58346E-1 5.65866E-1 5.20464E-1 4.74389E-1 4.71424E-1 5.05172E-1 5.33381E-1 5.27377E-1 4.84895E-1 4.78873E-1 5.0942E-1 5.47855E-1 5.67744E-1 5.46995E-1 5.52091E-1 5.38706E-1 4.99913E-1 4.74824E-1
4.99036E-1 4.74793E-1 4.9089E-1 5.4924E-1 5.51005E-1 5.36909E-1 5.37858E-1 5.50663E-1 5.5949E-1 5.56228E-1 5.63684E-1 5.76165E-1 5.79043E-1 5.8849E-1 6.04536E-1 6.14775E-1 6.29643E-1 6.30874E-1 6.22123E-1 6.25E-1 6.3638E-1 6.552E-1 6.43305E-1 6.27737E-1 6.18471E-1 6.27941E-1 6.18463E-1 6.37725E-1 6.31298E-1 6.31492E-1 6.06211E-1 5.88922E-1 6.27557E-1 6.51356E-1 5.54349E-1 5.63272E-1 6.19834E-1 6.15476E-1 5.914E-1 5.00332E-1 5.04016E-1 5.02433E-1 5.18473E-1 5.03272E-1 5.20815E-1 5.38674E-1 5.02553E-1 4.63089E-1 4.80201E-1 4.82036E-1 5.33926E-1 5.36058E-1 4.75078E-1 4.85487E-1 5.15458E-1 5.08427E-1 5.09962E-1 5.08764E-1 4.9753E-1 4.84698E-1 4.71089E-1
5.22133E-1 5.04425E-1 4.85397E-1 5.39422E-1 5.68188E-1 5.44172E-1 5.48589E-1 5.60503E-1 5.60127E-1 5.74035E-1 5.82166E-1 5.90383E-1 6.03249E-1 6.12628E-1 6.07058E-1 5.94625E-1 5.97663E-1 5.96896E-1 6.00917E-1 6.33029E-1 6.37476E-1 6.37957E-1 6.38005E-1 6.24412E-1 6.34067E-1 6.60347E-1 6.48793E-1 6.40181E-1 6.37976E-1 6.28055E-1 6.44677E-1 6.17109E-1 6.32628E-1 6.00073E-1 5.51261E-1 5.89851E-1 6.14673E-1 6.00207E-1 5.70283E-1 5.62083E-1 6.3715E-1 5.75249E-1 4.75247E-1 5.34752E-1 5.88134E-1 6.01424E-1 5.22811E-1 5.40416E-1 5.60081E-1 4.75117E-1 4.77537E-1 5.51852E-1 5.30301E-1 4.93845E-1 5.47499E-1 5.1857E-1 5.09122E-1 4.94099E-1 4.83732E-1 4.77956E-1 4.69495E-1
5.38476E-1 5.34807E-1 5.38534E-1 5.55381E-1 5.58817E-1 5.75763E-1 5.67639E-1 5.59978E-1 5.68614E-1 5.82349E-1 6.0535E-1 6.27842E-1 6.5436E-1 6.63082E-1 6.5518E-1 6.13093E-1 6.01153E-1 6.11088E-1 6.51513E-1 6.42315E-1 6.3329E-1 6.35313E-1 6.33091E-1 6.41695E-1 6.6137E-1 6.55255E-1 6.47983E-1 6.49041E-1 6.36781E-1 6.20175E-1 6.24329E-1 6.19219E-1 6.39056E-1 6.01897E-1 5.50403E-1 6.11207E-1 6.30032E-1 5.74971E-1 5.34133E-1 5.79604E-1 6.31139E-1 5.40249E-1 4.90707E-1 5.70257E-1 5.71865E-1 5.66998E-1 5.10082E-1 5.60281E-1 5.25851E-1 4.64938E-1 4.61071E-1 5.12759E-1 5.22415E-1 5.0849E-1 5.03813E-1 5.4225E-1 5.73922E-1 5.62883E-1 5.13619E-1 4.85431E-1 4.73836E-1
5.16872E-1 5.37363E-1 5.51504E-1 5.44952E-1 5.53241E-1 5.75497E-1 5.63252E-1 5.72532E-1 5.7584E-1 6.02566E-1 6.39161E-1 6.6554E-1 6.59992E-1 6.63537E-1 6.59484E-1 6.40926E-1 6.17391E-1 6.23654E-1 6.48147E-1 6.2841E-1 6.38606E-1 6.18125E-1 6.25071E-1 6.36563E-1 6.75092E-1 6.72176E-1 6.66916E-1 6.40631E-1 6.33768E-1 6.19355E-1 6.03597E-1 6.1896E-1 6.36716E-1 5.97779E-1 5.70001E-1 5.85815E-1 6.25562E-1 6.0398E-1 6.12506E-1 6.43758E-1 6.08257E-1 5.29308E-1 5.08483E-1 5.27337E-1 5.65344E-1 5.89728E-1 5.31103E-1 4.75066E-1 4.83146E-1 4.56766E-1 4.63703E-1 5.08424E-1 5.12995E-1 5.42304E-1 5.08937E-1 5.11053E-1 6.01713E-1 6.15667E-1 5.19056E-1 4.86832E-1 4.79359E-1
5.59768E-1 5.70647E-1 5.59283E-1 5.62128E-1 5.75759E-1 5.65092E-1 5.6838E-1 5.80192E-1 5.92787E-1 6.16468E-1 6.58354E-1 6.59478E-1 6.50752E-1 6.46867E-1 6.23019E-1 6.37331E-1 6.49149E-1 6.30774E-1 6.07083E-1 6.3954E-1 6.20071E-1 6.18331E-1 6.47047E-1 6.73878E-1 6.95408E-1 6.63805E-1 6.59834E-1 6.65736E-1 6.49652E-1 6.22018E-1 6.12649E-1 6.23107E-1 6.46351E-1 6.21604E-1 5.58542E-1 5.39886E-1 5.8232E-1 6.19515E-1 6.18912E-1 5.53475E-1 5.2158E-1 5.99816E-1 5.45546E-1 5.026E-1 5.43512E-1 5.03108E-1 4.91691E-1 4.91233E-1 4.79321E-1 4.55527E-1 4.62272E-1 4.751E-1 5.1518E-1 5.64263E-1 5.17473E-1 4.95805E-1 5.46273E-1 5.69469E-1 5.09368E-1 4.81822E-1 4.76877E-1
5.43007E-1 5.50221E-1 5.58387E-1 5.6067E-1 5.60555E-1 5.61177E-1 5.66968E-1 5.75671E-1 5.99819E-1 6.31345E-1 6.42739E-1 6.26596E-1 6.20676E-1 6.16203E-1 6.35436E-1 6.35906E-1 6.04064E-1 6.26627E-1 6.09015E-1 6.11473E-1 6.47562E-1 6.14648E-1 6.86753E-1 6.98112E-1 6.93588E-1 6.63378E-1 6.39728E-1 6.30729E-1 6.25779E-1 6.26224E-1 6.13598E-1 6.25362E-1 6.12049E-1 5.92933E-1 6.02406E-1 5.77475E-1 5.91187E-1 5.13642E-1 4.66554E-1 5.67938E-1 5.95463E-1 5.63587E-1 5.29081E-1 5.46427E-1 5.77345E-1 4.92267E-1 5.39882E-1 5.11755E-1 4.79013E-1 4.78219E-1 4.80409E-1 4.68288E-1 4.83352E-1 5.5252E-1 5.6537E-1 4.97054E-1 4.99998E-1 5.07607E-1 5.04608E-1 5.00331E-1 4.8289E-1
5.37882E-1 5.45333E-1 5.58303E-1 5.49697E-1 5.6398E-1 5.62162E-1 5.74694E-1 6.05269E-1 6.19821E-1 6.34187E-1 6.31294E-1 5.91079E-1 5.9763E-1 6.03298E-1 5.80035E-1 5.82555E-1 5.63472E-1 5.91232E-1 6.44206E-1 6.60232E-1 6.56188E-1 6.47192E-1 6.73681E-1 6.6217E-1 6.5369E-1 6.38417E-1 6.27135E-1 6.11363E-1 6.12592E-1 6.2677E-1 6.20844E-1 6.21875E-1 6.18971E-1 5.93638E-1 5.97619E-1 5.56829E-1 5.75587E-1 4.86923E-1 4.80397E-1 6.06445E-1 5.90882E-1 6.29162E-1 5.09188E-1 5.04808E-1 4.83586E-1 4.9818E-1 6.3269E-1 6.00495E-1 5.12439E-1 5.25669E-1 5.19091E-1 5.14894E-1 5.41441E-1 5.86466E-1 5.61505E-1 5.21608E-1 6.01948E-1 5.62415E-1 5.60183E-1 5.63834E-1 5.11066E-1
5.60348E-1 5.71043E-1 5.83447E-1 5.83873E-1 5.81257E-1 5.83693E-1 6.1032E-1 6.1333E-1 6.2332E-1 6.19357E-1 6.21128E-1 5.936E-1 6.53897E-1 6.68359E-1 6.55505E-1 5.73046E-1 5.60401E-1 6.11116E-1 6.53373E-1 6.42592E-1 6.5485E-1 6.46527E-1 6.4599E-1 6.42164E-1 6.28955E-1 6.16706E-1 6.28134E-1 6.13419E-1 6.00729E-1 5.93445E-1 6.02657E-1 6.04326E-1 5.93416E-1 5.65268E-1 5.45447E-1 5.17502E-1 6.16028E-1 5.42857E-1 5.06842E-1 5.67013E-1 5.7498E-1 6.08423E-1 5.00884E-1 4.69825E-1 4.6904E-1 4.93412E-1 5.23393E-1 5.81855E-1 5.09299E-1 5.87821E-1 6.36892E-1 6.31584E-1 6.43171E-1 6.48674E-1 5.48716E-1 5.69524E-1 6.73373E-1 6.61035E-1 6.83021E-1 5.97737E-1 5.55846E-1
5.83541E-1 5.8603E-1 6.11813E-1 6.26107E-1 6.09029E-1 6.01838E-1 6.19191E-1 6.05979E-1 5.92392E-1 6.07828E-1 6.13229E-1 5.88132E-1 6.34713E-1 6.64357E-1 6.73723E-1 6.73203E-1 6.345E-1 6.39751E-1 6.32012E-1 6.48064E-1 6.39169E-1 6.41169E-1 6.30549E-1 6.26043E-1 6.13833E-1 6.12724E-1 6.26203E-1 6.20348E-1 6.03583E-1 6.14929E-1 6.13125E-1 5.9678E-1 5.59513E-1 5.72138E-1 6.04121E-1 4.987E-1 5.23493E-1 6.03583E-1 5.32928E-1 5.49838E-1 4.85889E-1 5.11048E-1 4.8762E-1 4.75488E-1 4.94055E-1 5.54041E-1 5.14151E-1 5.56313E-1 5.0814E-1 5.94657E-1 6.31943E-1 6.02818E-1 6.54102E-1 5.87657E-1 6.04011E-1 6.39282E-1 6.37148E-1 6.37118E-1 6.55582E-1 6.49009E-1 6.74205E-1
6.08791E-1 6.06699E-1 6.24291E-1 6.2162E-1 6.02513E-1 5.8427E-1 6.15066E-1 6.3525E-1 6.30157E-1 6.53621E-1 6.09513E-1 5.3884E-1 5.6874E-1 6.18788E-1 6.37825E-1 6.41671E-1 6.19623E-1 6.03017E-1 5.63857E-1 6.08325E-1 5.88161E-1 5.85133E-1 6.0665E-1 6.28938E-1 6.06674E-1 6.0559E-1 6.41459E-1 6.2595E-1 5.97643E-1 5.81646E-1 5.7073E-1 6.33033E-1 6.06415E-1 5.69811E-1 5.89357E-1 4.89627E-1 4.56733E-1 5.27797E-1 5.68309E-1 5.30119E-1 4.82177E-1 4.94898E-1 4.97861E-1 5.08395E-1 5.13117E-1 4.98784E-1 5.1243E-1 5.71083E-1 5.69234E-1 5.86965E-1 6.30934E-1 5.77001E-1 5.98664E-1 6.05149E-1 5.95371E-1 6.04256E-1 5.86208E-1 6.02678E-1 5.90544E-1 6.29591E-1 6.53251E-1
