maxent_outputs/white_flowers_linear/white_133.asc
ncols         426
nrows         180
xllcorner     -130.0
yllcorner     24.0
cellsize      0.16666666666666666
NODATA_value  -9999
[rows 81 to 107 of 180, columns 244 to 304 of 426]
6.12646E-1 6.14766E-1 6.16626E-1 6.19066E-1 6.18967E-1 6.15916E-1 6.16153E-1 6.17944E-1 6.21739E-1 6.24246E-1 6.2669E-1 6.27721E-1 6.30165E-1 6.31342E-1 6.32426E-1 6.42208E-1 6.50073E-1 6.47159E-1 6.41344E-1 6.40152E-1 6.37198E-1 6.34477E-1 6.38651E-1 6.43922E-1 6.39751E-1 6.37796E-1 6.37831E-1 6.39309E-1 6.38108E-1 6.36924E-1 6.38011E-1 6.37499E-1 6.37202E-1 6.39605E-1 6.37281E-1 6.35922E-1 6.39697E-1 6.4269E-1 6.42882E-1 6.46745E-1 6.53044E-1 6.5703E-1 6.60622E-1 6.67345E-1 6.61427E-1 6.54545E-1 6.52247E-1 6.55801E-1 6.63081E-1 6.60576E-1 6.57641E-1 6.56855E-1 6.62405E-1 6.62293E-1 6.63459E-1 6.72891E-1 6.80344E-1 6.76147E-1 6.69133E-1 6.72686E-1 6.83078E-1
6.11714E-1 6.1569E-1 6.21593E-1 6.26689E-1 6.206E-1 6.20611E-1 6.20506E-1 6.21231E-1 6.25865E-1 6.33767E-1 6.35849E-1 6.40066E-1 6.39825E-1 6.38158E-1 6.389E-1 6.45819E-1 6.52014E-1 6.49035E-1 6.41823E-1 6.40431E-1 6.38477E-1 6.40826E-1 6.48514E-1 6.52408E-1 6.42435E-1 6.38012E-1 6.38511E-1 6.35586E-1 6.36179E-1 6.40404E-1 6.44919E-1 6.41134E-1 6.40267E-1 6.36571E-1 6.36668E-1 6.40943E-1 6.45566E-1 6.48711E-1 6.49141E-1 6.43894E-1 6.47496E-1 6.52743E-1 6.62406E-1 6.64473E-1 6.64983E-1 6.59589E-1 6.56016E-1 6.55594E-1 6.58627E-1 6.59793E-1 6.58503E-1 6.59053E-1 6.62664E-1 6.61963E-1 6.6462E-1 6.67883E-1 6.72957E-1 6.76048E-1 6.7572E-1 6.82611E-1 6.87992E-1
6.13487E-1 6.19515E-1 6.28135E-1 6.3104E-1 6.23767E-1 6.22934E-1 6.25657E-1 6.27125E-1 6.31856E-1 6.42492E-1 6.46644E-1 6.48408E-1 6.49912E-1 6.50177E-1 6.50878E-1 6.51294E-1 6.52113E-1 6.47384E-1 6.41484E-1 6.38986E-1 6.3786E-1 6.46455E-1 6.52534E-1 6.5134E-1 6.48129E-1 6.42196E-1 6.39439E-1 6.38034E-1 6.35451E-1 6.41805E-1 6.47773E-1 6.48385E-1 6.46374E-1 6.35171E-1 6.37137E-1 6.37324E-1 6.49114E-1 6.52975E-1 6.49869E-1 6.48274E-1 6.5622E-1 6.62804E-1 6.65703E-1 6.62474E-1 6.61978E-1 6.6228E-1 6.5874E-1 6.52453E-1 6.5424E-1 6.58181E-1 6.58133E-1 6.6521E-1 6.64041E-1 6.65696E-1 6.67201E-1 6.71278E-1 6.77089E-1 6.80599E-1 6.77336E-1 6.89376E-1 6.94228E-1
6.18553E-1 6.23855E-1 6.33738E-1 6.31677E-1 6.26768E-1 6.25392E-1 6.27485E-1 6.31687E-1 6.35702E-1 6.41541E-1 6.47729E-1 6.55016E-1 6.57976E-1 6.56891E-1 6.53636E-1 6.51484E-1 6.51589E-1 6.49642E-1 6.48475E-1 6.46336E-1 6.41174E-1 6.45313E-1 6.50695E-1 6.51413E-1 6.46184E-1 6.44167E-1 6.42845E-1 6.38765E-1 6.35597E-1 6.42505E-1 6.54296E-1 6.57093E-1 6.56061E-1 6.53328E-1 6.48989E-1 6.50058E-1 6.50826E-1 6.57781E-1 6.53597E-1 6.54289E-1 6.60727E-1 6.67215E-1 6.64113E-1 6.61768E-1 6.59008E-1 6.58942E-1 6.57686E-1 6.59567E-1 6.58187E-1 6.60358E-1 6.64698E-1 6.66833E-1 6.67449E-1 6.69094E-1 6.69308E-1 6.72789E-1 6.76887E-1 6.79155E-1 6.86532E-1 6.8377E-1 6.7836E-1
6.25882E-1 6.3079E-1 6.38909E-1 6.36248E-1 6.34492E-1 6.33487E-1 6.3318E-1 6.37583E-1 6.40857E-1 6.44728E-1 6.50358E-1 6.53398E-1 6.58198E-1 6.58009E-1 6.52798E-1 6.51559E-1 6.53444E-1 6.53278E-1 6.54454E-1 6.50419E-1 6.44343E-1 6.4631E-1 6.5248E-1 6.47161E-1 6.46125E-1 6.46817E-1 6.45315E-1 6.41866E-1 6.41689E-1 6.46564E-1 6.57187E-1 6.58714E-1 6.5628E-1 6.50886E-1 6.459E-1 6.45723E-1 6.48835E-1 6.50648E-1 6.52586E-1 6.55771E-1 6.58488E-1 6.6268E-1 6.67458E-1 6.66282E-1 6.62758E-1 6.613E-1 6.60986E-1 6.6457E-1 6.67348E-1 6.70402E-1 6.76089E-1 6.73794E-1 6.73322E-1 6.7553E-1 6.76023E-1 6.77204E-1 6.7928E-1 6.88415E-1 6.79374E-1 6.75794E-1 6.78419E-1
6.35026E-1 6.40187E-1 6.44643E-1 6.49163E-1 6.47706E-1 6.43302E-1 6.41935E-1 6.47447E-1 6.48295E-1 6.52554E-1 6.51986E-1 6.52598E-1 6.50931E-1 6.54265E-1 6.54843E-1 6.57239E-1 6.56839E-1 6.63118E-1 6.60971E-1 6.5709E-1 6.50841E-1 6.49344E-1 6.50074E-1 6.4762E-1 6.5493E-1 6.55016E-1 6.51103E-1 6.52607E-1 6.52143E-1 6.54623E-1 6.57841E-1 6.60299E-1 6.57084E-1 6.51335E-1 6.47148E-1 6.44663E-1 6.46965E-1 6.47606E-1 6.49437E-1 6.54668E-1 6.62186E-1 6.64002E-1 6.67416E-1 6.72508E-1 6.66779E-1 6.66921E-1 6.67839E-1 6.72347E-1 6.7763E-1 6.81112E-1 6.83439E-1 6.81429E-1 6.82286E-1 6.82699E-1 6.85017E-1 6.83675E-1 6.9191E-1 6.95036E-1 6.85426E-1 6.77678E-1 6.70678E-1
6.43843E-1 6.46561E-1 6.4934E-1 6.55427E-1 6.56192E-1 6.52944E-1 6.54182E-1 6.57375E-1 6.58323E-1 6.61656E-1 6.59239E-1 6.54155E-1 6.50753E-1 6.55255E-1 6.65529E-1 6.67614E-1 6.65796E-1 6.67983E-1 6.67065E-1 6.63547E-1 6.58163E-1 6.53979E-1 6.53116E-1 6.54918E-1 6.62554E-1 6.66149E-1 6.63489E-1 6.61559E-1 6.65077E-1 6.65296E-1 6.65102E-1 6.66024E-1 6.61553E-1 6.51667E-1 6.51818E-1 6.51147E-1 6.54116E-1 6.5551E-1 6.57248E-1 6.62229E-1 6.652E-1 6.64926E-1 6.67331E-1 6.74114E-1 6.70993E-1 6.70718E-1 6.74764E-1 6.80714E-1 6.87845E-1 6.91594E-1 6.8923E-1 6.87268E-1 6.90613E-1 6.92716E-1 6.91144E-1 6.95585E-1 7.00921E-1 7.04002E-1 6.91331E-1 6.7165E-1 6.69521E-1
6.46884E-1 6.50775E-1 6.5104E-1 6.55373E-1 6.58042E-1 6.60704E-1 6.63139E-1 6.65952E-1 6.67109E-1 6.69136E-1 6.66727E-1 6.61603E-1 6.60054E-1 6.62937E-1 6.65726E-1 6.68666E-1 6.70074E-1 6.75217E-1 6.76525E-1 6.76415E-1 6.68531E-1 6.65523E-1 6.63758E-1 6.6645E-1 6.70729E-1 6.7311E-1 6.73082E-1 6.72101E-1 6.75477E-1 6.78551E-1 6.79044E-1 6.75071E-1 6.68874E-1 6.64819E-1 6.65437E-1 6.65783E-1 6.65548E-1 6.66579E-1 6.6595E-1 6.68803E-1 6.71031E-1 6.72424E-1 6.6997E-1 6.7105E-1 6.73871E-1 6.75305E-1 6.81895E-1 6.85081E-1 6.93774E-1 6.92474E-1 6.92598E-1 6.93768E-1 6.97274E-1 6.99791E-1 7.01232E-1 7.04937E-1 7.0829E-1 7.08351E-1 6.9436E-1 6.76344E-1 6.73516E-1
6.48103E-1 6.56168E-1 6.5787E-1 6.58988E-1 6.62646E-1 6.69461E-1 6.73801E-1 6.76611E-1 6.72939E-1 6.71088E-1 6.69277E-1 6.64552E-1 6.67641E-1 6.62446E-1 6.67021E-1 6.73252E-1 6.75882E-1 6.87779E-1 6.84966E-1 6.85759E-1 6.808E-1 6.79594E-1 6.79998E-1 6.80866E-1 6.80642E-1 6.82898E-1 6.82691E-1 6.79271E-1 6.83768E-1 6.89749E-1 6.87591E-1 6.84959E-1 6.79371E-1 6.76353E-1 6.74422E-1 6.7419E-1 6.75309E-1 6.73674E-1 6.74601E-1 6.78391E-1 6.75907E-1 6.71578E-1 6.68676E-1 6.72686E-1 6.74653E-1 6.8191E-1 6.86945E-1 6.88186E-1 6.92405E-1 6.94075E-1 6.94405E-1 6.94313E-1 7.01478E-1 7.03587E-1 7.11094E-1 7.08442E-1 7.04143E-1 7.00212E-1 6.92248E-1 6.83123E-1 6.72729E-1
6.52772E-1 6.59381E-1 6.6334E-1 6.65144E-1 6.71494E-1 6.75159E-1 6.78074E-1 6.77405E-1 6.76459E-1 6.73874E-1 6.68648E-1 6.64355E-1 6.6644E-1 6.65815E-1 6.73422E-1 6.82742E-1 6.84408E-1 6.86673E-1 6.92014E-1 6.91732E-1 6.88777E-1 6.90906E-1 6.91379E-1 6.91799E-1 6.92255E-1 6.93196E-1 6.92996E-1 6.88558E-1 6.86013E-1 6.93138E-1 6.97885E-1 6.91567E-1 6.85695E-1 6.82741E-1 6.80561E-1 6.80761E-1 6.81154E-1 6.80675E-1 6.83007E-1 6.81373E-1 6.73168E-1 6.70771E-1 6.69687E-1 6.73938E-1 6.79489E-1 6.84192E-1 6.88188E-1 6.8905E-1 6.93223E-1 6.95456E-1 6.93278E-1 6.94216E-1 7.00451E-1 7.0818E-1 7.08011E-1 7.06712E-1 6.98106E-1 6.96365E-1 6.87232E-1 6.8565E-1 6.69172E-1
6.63653E-1 6.63794E-1 6.67093E-1 6.72834E-1 6.7544E-1 6.77842E-1 6.81176E-1 6.85562E-1 6.81248E-1 6.76578E-1 6.70215E-1 6.66868E-1 6.67125E-1 6.70866E-1 6.81222E-1 6.9189E-1 6.93068E-1 6.9301E-1 6.97292E-1 7.02107E-1 7.00548E-1 6.97601E-1 7.00989E-1 7.0314E-1 7.05855E-1 7.04956E-1 7.01876E-1 6.97583E-1 6.96815E-1 6.99015E-1 7.01762E-1 6.99043E-1 6.92611E-1 6.88903E-1 6.88229E-1 6.89494E-1 6.89773E-1 6.88692E-1 6.86676E-1 6.82136E-1 6.77491E-1 6.69538E-1 6.74956E-1 6.79474E-1 6.80221E-1 6.86308E-1 6.88433E-1 6.91774E-1 6.96029E-1 6.99036E-1 6.99803E-1 7.00161E-1 6.95956E-1 7.02186E-1 7.07905E-1 7.10412E-1 6.97455E-1 6.97233E-1 6.93839E-1 6.74998E-1 6.63646E-1
6.62655E-1 6.66895E-1 6.70872E-1 6.73989E-1 6.78105E-1 6.79609E-1 6.84922E-1 6.84262E-1 6.81654E-1 6.79202E-1 6.74913E-1 6.74905E-1 6.75082E-1 6.81006E-1 6.8959E-1 6.9975E-1 7.00883E-1 6.991E-1 7.0216E-1 7.04682E-1 7.10752E-1 7.07846E-1 7.07957E-1 7.11692E-1 7.08478E-1 7.07264E-1 7.03165E-1 7.02088E-1 7.02009E-1 7.02576E-1 7.02989E-1 7.00093E-1 6.96187E-1 6.90728E-1 6.90862E-1 6.92736E-1 6.8925E-1 6.86694E-1 6.84465E-1 6.8301E-1 6.7742E-1 6.72763E-1 6.7987E-1 6.80283E-1 6.8412E-1 6.85369E-1 6.88492E-1 6.94847E-1 6.99633E-1 7.04413E-1 7.01534E-1 6.98644E-1 6.94476E-1 6.96583E-1 7.07616E-1 7.06816E-1 7.06596E-1 6.94198E-1 6.88117E-1 6.7603E-1 6.6884E-1
6.65703E-1 6.70835E-1 6.73591E-1 6.75241E-1 6.78842E-1 6.79811E-1 6.83877E-1 6.80783E-1 6.80011E-1 6.84489E-1 6.82771E-1 6.82552E-1 6.85681E-1 6.90304E-1 6.98388E-1 7.05927E-1 7.13925E-1 7.12239E-1 7.11503E-1 7.11559E-1 7.16075E-1 7.10189E-1 7.14587E-1 7.12401E-1 7.09178E-1 7.07815E-1 7.07517E-1 7.06781E-1 7.04922E-1 7.02041E-1 7.02262E-1 7.01266E-1 6.99897E-1 6.93474E-1 6.92196E-1 6.9011E-1 6.82138E-1 6.78888E-1 6.76939E-1 6.77963E-1 6.81883E-1 6.78185E-1 6.79734E-1 6.80475E-1 6.86333E-1 6.89305E-1 6.90753E-1 6.95239E-1 6.99487E-1 7.00648E-1 6.97033E-1 6.89068E-1 6.83329E-1 6.92849E-1 7.05584E-1 7.04306E-1 6.94967E-1 6.94432E-1 6.87003E-1 6.79577E-1 6.91052E-1
6.73125E-1 6.75135E-1 6.7964E-1 6.80193E-1 6.81296E-1 6.81956E-1 6.77937E-1 6.78942E-1 6.83083E-1 6.83559E-1 6.83967E-1 6.88348E-1 6.95969E-1 7.0245E-1 7.0627E-1 7.13678E-1 7.20368E-1 7.20836E-1 7.22137E-1 7.19029E-1 7.22434E-1 7.20676E-1 7.19824E-1 7.16587E-1 7.11755E-1 7.10971E-1 7.07242E-1 7.04296E-1 7.02936E-1 7.02951E-1 7.01568E-1 7.03266E-1 6.99937E-1 6.92008E-1 6.86065E-1 6.82391E-1 6.7603E-1 6.74214E-1 6.72855E-1 6.76925E-1 6.7885E-1 6.79548E-1 6.82292E-1 6.83554E-1 6.87025E-1 6.8987E-1 6.92833E-1 6.93609E-1 6.90341E-1 6.93568E-1 6.85422E-1 6.78773E-1 6.79589E-1 6.94395E-1 7.02849E-1 6.90383E-1 6.88026E-1 6.91561E-1 6.82859E-1 6.86987E-1 6.87735E-1
6.80237E-1 6.80911E-1 6.90166E-1 6.86029E-1 6.90093E-1 6.86554E-1 6.83186E-1 6.79543E-1 6.84849E-1 6.86078E-1 6.93074E-1 6.97809E-1 7.07691E-1 7.13557E-1 7.17774E-1 7.20628E-1 7.26231E-1 7.28068E-1 7.30391E-1 7.24557E-1 7.30502E-1 7.2733E-1 7.24292E-1 7.22052E-1 7.19872E-1 7.17199E-1 7.13102E-1 7.08592E-1 7.06464E-1 7.06463E-1 7.05704E-1 7.07817E-1 7.00139E-1 6.92291E-1 6.88491E-1 6.83381E-1 6.73683E-1 6.74784E-1 6.7775E-1 6.81288E-1 6.80753E-1 6.87673E-1 6.87613E-1 6.89942E-1 6.92442E-1 6.9521E-1 6.91466E-1 6.91545E-1 6.89716E-1 6.79109E-1 6.76581E-1 6.76561E-1 6.82999E-1 6.8252E-1 6.81294E-1 6.89055E-1 6.86323E-1 6.88918E-1 6.84652E-1 6.8976E-1 6.93171E-1
6.88242E-1 6.89952E-1 6.94909E-1 6.97287E-1 6.97843E-1 6.93604E-1 6.91471E-1 6.91989E-1 6.90908E-1 6.96131E-1 7.03658E-1 7.11915E-1 7.19765E-1 7.25362E-1 7.28386E-1 7.30884E-1 7.324E-1 7.31312E-1 7.28684E-1 7.26345E-1 7.30306E-1 7.3791E-1 7.35998E-1 7.28129E-1 7.26636E-1 7.24471E-1 7.20707E-1 7.17831E-1 7.14118E-1 7.12296E-1 7.11782E-1 7.12421E-1 7.05638E-1 7.0134E-1 6.89519E-1 6.77597E-1 6.72501E-1 6.78765E-1 6.84085E-1 6.86634E-1 6.88493E-1 6.93388E-1 6.96491E-1 7.00265E-1 7.03209E-1 7.00355E-1 6.97763E-1 6.89063E-1 6.77143E-1 6.72548E-1 6.70463E-1 6.68916E-1 6.6902E-1 6.67129E-1 6.80304E-1 6.8693E-1 6.92649E-1 6.92328E-1 7.00133E-1 6.96549E-1 7.02083E-1
6.99092E-1 7.03486E-1 7.04378E-1 7.0655E-1 7.06973E-1 7.05693E-1 7.02404E-1 7.04011E-1 7.05194E-1 7.07158E-1 7.13195E-1 7.20028E-1 7.22099E-1 7.27612E-1 7.34047E-1 7.34695E-1 7.33061E-1 7.35181E-1 7.36854E-1 7.35823E-1 7.37049E-1 7.41286E-1 7.39025E-1 7.32576E-1 7.30916E-1 7.32539E-1 7.28825E-1 7.26809E-1 7.24968E-1 7.1843E-1 7.12065E-1 7.1894E-1 7.14594E-1 7.05291E-1 6.95263E-1 6.89091E-1 6.8944E-1 6.87888E-1 6.95396E-1 6.96361E-1 6.96251E-1 6.99311E-1 7.05835E-1 7.06884E-1 7.09153E-1 7.09445E-1 7.01703E-1 6.85082E-1 6.70408E-1 6.64374E-1 6.64931E-1 6.6613E-1 6.60105E-1 6.64275E-1 6.83448E-1 6.83473E-1 6.96583E-1 7.00131E-1 7.0527E-1 7.0326E-1 7.31451E-1
7.08283E-1 7.11509E-1 7.1415E-1 7.17032E-1 7.21427E-1 7.21616E-1 7.21645E-1 7.19776E-1 7.18399E-1 7.23432E-1 7.23422E-1 7.24748E-1 7.22084E-1 7.3207E-1 7.37906E-1 7.35985E-1 7.37292E-1 7.39766E-1 7.41127E-1 7.44064E-1 7.41297E-1 7.44223E-1 7.46647E-1 7.42036E-1 7.40336E-1 7.43236E-1 7.42273E-1 7.38366E-1 7.30766E-1 7.20198E-1 7.16586E-1 7.23663E-1 7.18631E-1 7.05591E-1 7.01999E-1 7.01529E-1 7.02152E-1 7.00405E-1 7.02695E-1 7.04043E-1 7.03794E-1 7.0783E-1 7.11034E-1 7.11129E-1 7.12237E-1 7.10844E-1 7.01631E-1 6.85325E-1 6.73231E-1 6.6373E-1 6.61218E-1 6.54801E-1 6.58923E-1 6.69886E-1 6.86721E-1 6.95763E-1 6.97742E-1 7.01631E-1 7.15144E-1 7.24759E-1 7.21035E-1
7.09523E-1 7.10739E-1 7.19272E-1 7.24348E-1 7.28645E-1 7.31607E-1 7.29911E-1 7.31358E-1 7.30578E-1 7.31569E-1 7.35061E-1 7.30524E-1 7.33383E-1 7.40991E-1 7.40734E-1 7.39669E-1 7.39062E-1 7.41126E-1 7.43304E-1 7.44911E-1 7.47635E-1 7.48793E-1 7.4919E-1 7.48409E-1 7.52101E-1 7.56802E-1 7.55498E-1 7.49136E-1 7.43553E-1 7.31618E-1 7.25099E-1 7.26556E-1 7.18241E-1 7.12383E-1 7.14537E-1 7.13038E-1 7.10833E-1 7.11315E-1 7.14809E-1 7.14124E-1 7.13306E-1 7.09917E-1 7.09055E-1 7.10371E-1 7.11206E-1 7.07823E-1 6.96234E-1 6.83927E-1 6.72537E-1 6.60127E-1 6.61287E-1 6.60723E-1 6.78341E-1 6.81502E-1 6.90284E-1 7.05189E-1 7.08622E-1 7.14107E-1 7.23653E-1 7.20908E-1 7.22153E-1
7.11263E-1 7.16203E-1 7.27067E-1 7.33179E-1 7.39865E-1 7.42456E-1 7.39798E-1 7.39805E-1 7.41534E-1 7.41238E-1 7.41817E-1 7.43159E-1 7.44057E-1 7.45594E-1 7.46491E-1 7.4214E-1 7.4179E-1 7.40815E-1 7.43255E-1 7.50049E-1 7.497E-1 7.48565E-1 7.50807E-1 7.50971E-1 7.61982E-1 7.61637E-1 7.61308E-1 7.54488E-1 7.44543E-1 7.3832E-1 7.31905E-1 7.23202E-1 7.17187E-1 7.18458E-1 7.22438E-1 7.22964E-1 7.18523E-1 7.20619E-1 7.18983E-1 7.20438E-1 7.18477E-1 7.11961E-1 7.05357E-1 7.03325E-1 7.03615E-1 7.03293E-1 6.94821E-1 6.84147E-1 6.73882E-1 6.67E-1 6.69546E-1 6.69582E-1 6.74031E-1 6.82753E-1 7.03152E-1 7.19154E-1 7.22085E-1 7.22513E-1 7.22463E-1 7.22553E-1 7.2347E-1
7.15186E-1 7.25837E-1 7.30247E-1 7.43666E-1 7.51465E-1 7.52485E-1 7.54093E-1 7.54519E-1 7.47905E-1 7.43252E-1 7.44133E-1 7.47597E-1 7.48756E-1 7.49318E-1 7.47336E-1 7.45823E-1 7.43652E-1 7.41998E-1 7.43483E-1 7.52419E-1 7.57408E-1 7.58967E-1 7.60777E-1 7.6352E-1 7.65083E-1 7.66183E-1 7.63707E-1 7.57813E-1 7.50779E-1 7.43501E-1 7.38153E-1 7.21145E-1 7.20422E-1 7.25986E-1 7.30228E-1 7.30724E-1 7.30602E-1 7.31393E-1 7.25329E-1 7.18325E-1 7.09882E-1 7.05378E-1 7.03823E-1 7.02106E-1 6.98519E-1 6.96757E-1 6.9352E-1 6.87849E-1 6.78528E-1 6.69998E-1 6.713E-1 6.70485E-1 6.81298E-1 6.87463E-1 7.05426E-1 7.23652E-1 7.25092E-1 7.32648E-1 7.48102E-1 7.36208E-1 7.31745E-1
7.14623E-1 7.3292E-1 7.41682E-1 7.52343E-1 7.56968E-1 7.58161E-1 7.66689E-1 7.6518E-1 7.55058E-1 7.39895E-1 7.431E-1 7.45104E-1 7.47262E-1 7.46271E-1 7.45019E-1 7.47452E-1 7.42174E-1 7.43982E-1 7.46664E-1 7.57312E-1 7.62661E-1 7.63834E-1 7.69856E-1 7.71325E-1 7.70505E-1 7.78827E-1 7.76486E-1 7.63077E-1 7.5886E-1 7.49272E-1 7.44632E-1 7.38251E-1 7.32078E-1 7.36384E-1 7.4258E-1 7.40138E-1 7.38951E-1 7.32925E-1 7.27884E-1 7.18977E-1 7.11445E-1 7.01122E-1 6.97866E-1 7.00802E-1 7.04436E-1 7.02563E-1 6.94692E-1 6.90998E-1 6.75481E-1 6.69891E-1 6.70953E-1 6.7893E-1 6.91596E-1 7.01405E-1 7.19256E-1 7.32916E-1 7.31205E-1 7.31504E-1 7.33947E-1 7.35439E-1 7.32376E-1
7.27575E-1 7.41491E-1 7.51682E-1 7.57216E-1 7.61421E-1 7.63013E-1 7.62793E-1 7.66618E-1 7.57115E-1 7.45927E-1 7.4382E-1 7.42564E-1 7.40996E-1 7.38918E-1 7.40621E-1 7.41746E-1 7.44401E-1 7.46872E-1 7.5306E-1 7.64684E-1 7.65859E-1 7.65828E-1 7.67556E-1 7.68355E-1 7.70662E-1 7.7213E-1 7.6888E-1 7.65526E-1 7.61001E-1 7.52541E-1 7.44644E-1 7.40331E-1 7.43327E-1 7.44241E-1 7.41691E-1 7.4067E-1 7.33858E-1 7.25733E-1 7.22081E-1 7.17944E-1 7.02994E-1 6.95075E-1 6.95862E-1 6.99117E-1 6.97746E-1 6.987E-1 7.08527E-1 7.05433E-1 6.95948E-1 6.89506E-1 6.84967E-1 6.90724E-1 7.00167E-1 7.17825E-1 7.48905E-1 7.4001E-1 7.30799E-1 7.3338E-1 7.30592E-1 7.34881E-1 7.36156E-1
7.4126E-1 7.49677E-1 7.57211E-1 7.61499E-1 7.64428E-1 7.64694E-1 7.61921E-1 7.67742E-1 7.56809E-1 7.49052E-1 7.44891E-1 7.42364E-1 7.38876E-1 7.35948E-1 7.37197E-1 7.37493E-1 7.40221E-1 7.48018E-1 7.59602E-1 7.66182E-1 7.65569E-1 7.65148E-1 7.67446E-1 7.74314E-1 7.75036E-1 7.68617E-1 7.71116E-1 7.65378E-1 7.61443E-1 7.59513E-1 7.55235E-1 7.44173E-1 7.46398E-1 7.42879E-1 7.36335E-1 7.31779E-1 7.25132E-1 7.20174E-1 7.17545E-1 7.1269E-1 7.0023E-1 6.91938E-1 6.93652E-1 7.00452E-1 7.14603E-1 7.224E-1 7.2434E-1 7.17748E-1 7.10014E-1 7.02594E-1 7.06732E-1 7.1945E-1 7.29874E-1 7.42963E-1 7.41581E-1 7.33167E-1 7.31538E-1 7.29682E-1 7.33409E-1 7.36648E-1 7.35626E-1
7.50902E-1 7.55937E-1 7.62722E-1 7.63253E-1 7.62191E-1 7.58723E-1 7.59204E-1 7.68192E-1 7.55967E-1 7.47467E-1 7.4427E-1 7.39927E-1 7.36321E-1 7.34879E-1 7.34112E-1 7.3415E-1 7.37939E-1 7.46481E-1 7.54851E-1 7.61047E-1 7.65138E-1 7.64952E-1 7.66238E-1 7.69273E-1 7.6917E-1 7.68966E-1 7.65074E-1 7.61388E-1 7.592E-1 7.55697E-1 7.52008E-1 7.43679E-1 7.44823E-1 7.3863E-1 7.33385E-1 7.28805E-1 7.24367E-1 7.17532E-1 7.13648E-1 7.07747E-1 6.90723E-1 6.91722E-1 6.96748E-1 7.19093E-1 7.26128E-1 7.28561E-1 7.35207E-1 7.36766E-1 7.39204E-1 7.36353E-1 7.34334E-1 7.33507E-1 7.40372E-1 7.43851E-1 7.41198E-1 7.31092E-1 7.28479E-1 7.31747E-1 7.34617E-1 7.36559E-1 7.38345E-1
7.54407E-1 7.58524E-1 7.61278E-1 7.6305E-1 7.59413E-1 7.56793E-1 7.55518E-1 7.57785E-1 7.57289E-1 7.47489E-1 7.46071E-1 7.44396E-1 7.36734E-1 7.32922E-1 7.34166E-1 7.38251E-1 7.4583E-1 7.45755E-1 7.51534E-1 7.57737E-1 7.60313E-1 7.63293E-1 7.63863E-1 7.66565E-1 7.69636E-1 7.67684E-1 7.61643E-1 7.57475E-1 7.56439E-1 7.55586E-1 7.49945E-1 7.40671E-1 7.42506E-1 7.36271E-1 7.32632E-1 7.36856E-1 7.27951E-1 7.13079E-1 7.06526E-1 6.94414E-1 6.85265E-1 6.98144E-1 7.13114E-1 7.3282E-1 7.28239E-1 7.31961E-1 7.43882E-1 7.59871E-1 7.55107E-1 7.48426E-1 7.47756E-1 7.45376E-1 7.45552E-1 7.41613E-1 7.34308E-1 7.32348E-1 7.30206E-1 7.34587E-1 7.34672E-1 7.38576E-1 7.4145E-1
7.52485E-1 7.57309E-1 7.61555E-1 7.61736E-1 7.59794E-1 7.57251E-1 7.54622E-1 7.53567E-1 7.5595E-1 7.44892E-1 7.48073E-1 7.47191E-1 7.40297E-1 7.34979E-1 7.39398E-1 7.47248E-1 7.50686E-1 7.46244E-1 7.53357E-1 7.56291E-1 7.58765E-1 7.64116E-1 7.61171E-1 7.66694E-1 7.6786E-1 7.65035E-1 7.60656E-1 7.57405E-1 7.49478E-1 7.47546E-1 7.33403E-1 7.25732E-1 7.3187E-1 7.28195E-1 7.30219E-1 7.32393E-1 7.18109E-1 7.13585E-1 7.01215E-1 7.08601E-1 7.28425E-1 7.28898E-1 7.32888E-1 7.35854E-1 7.26792E-1 7.46736E-1 7.57877E-1 7.59518E-1 7.58897E-1 7.61813E-1 7.54892E-1 7.48922E-1 7.46405E-1 7.47318E-1 7.40962E-1 7.32976E-1 7.35263E-1 7.40618E-1 7.38656E-1 7.41129E-1 7.50245E-1
