maxent_outputs/white_flowers_linear/white_104.asc
ncols         426
nrows         180
xllcorner     -130.0
yllcorner     24.0
cellsize      0.16666666666666666
NODATA_value  -9999
[rows 27 to 53 of 180, columns 61 to 121 of 426]
3.90256E-1 4.5367E-1 3.73579E-1 3.71142E-1 3.84783E-1 3.96626E-1 3.82531E-1 4.01993E-1 4.25687E-1 4.01899E-1 4.85474E-1 4.40787E-1 4.21569E-1 4.69839E-1 4.22972E-1 4.04731E-1 3.64504E-1 3.76651E-1 4.60625E-1 3.34398E-1 3.46317E-1 3.37528E-1 3.35629E-1 3.50979E-1 3.5727E-1 3.57676E-1 3.7095E-1 3.67933E-1 3.48102E-1 3.25951E-1 3.1548E-1 3.13376E-1 3.39219E-1 3.45945E-1 3.41119E-1 3.23374E-1 3.11496E-1 3.07255E-1 3.11782E-1 3.07148E-1 3.08279E-1 3.16892E-1 3.13732E-1 3.10594E-1 3.02028E-1 3.04592E-1 3.0494E-1 3.06086E-1 3.05744E-1 3.09611E-1 3.11916E-1 3.0757E-1 3.03605E-1 2.97817E-1 2.82722E-1 2.68304E-1 2.54621E-1 2.5381E-1 2.50671E-1 2.51602E-1 2.50381E-1
4.02494E-1 4.46E-1 3.82963E-1 3.66972E-1 3.89659E-1 4.00484E-1 3.9097E-1 3.96691E-1 4.3634E-1 4.19077E-1 4.04316E-1 4.06921E-1 4.51026E-1 4.55571E-1 4.1899E-1 4.19793E-1 3.68868E-1 3.63047E-1 4.17365E-1 4.00928E-1 3.65784E-1 3.54425E-1 3.39232E-1 3.46092E-1 3.35316E-1 3.42351E-1 3.86886E-1 3.8479E-1 3.72829E-1 3.39051E-1 3.20323E-1 3.22101E-1 3.17753E-1 3.19883E-1 3.15668E-1 3.41685E-1 3.26568E-1 3.1706E-1 3.09791E-1 3.0771E-1 3.01255E-1 2.96591E-1 2.8612E-1 2.78138E-1 2.75933E-1 2.87478E-1 2.97768E-1 3.02467E-1 3.01539E-1 3.01776E-1 3.0346E-1 3.03477E-1 3.02331E-1 3.00312E-1 2.9258E-1 2.7784E-1 2.64212E-1 2.57336E-1 2.54074E-1 2.46304E-1 2.45119E-1
4.18259E-1 4.37266E-1 4.23429E-1 3.68406E-1 3.75376E-1 3.94061E-1 4.00193E-1 4.05761E-1 4.36328E-1 4.63903E-1 4.10333E-1 4.27889E-1 4.56576E-1 4.67493E-1 4.28995E-1 4.3649E-1 3.71486E-1 3.65253E-1 3.75648E-1 4.5316E-1 4.00997E-1 3.70454E-1 3.61214E-1 3.41936E-1 3.4693E-1 3.52055E-1 3.48364E-1 4.01734E-1 3.93094E-1 3.31837E-1 3.21038E-1 3.42907E-1 3.4407E-1 3.14299E-1 3.02174E-1 3.43146E-1 3.36486E-1 3.16658E-1 3.06015E-1 3.0251E-1 2.9448E-1 2.84544E-1 2.79656E-1 2.77416E-1 2.6967E-1 2.74607E-1 2.87345E-1 2.9194E-1 3.02978E-1 3.11291E-1 3.15826E-1 3.09809E-1 3.04652E-1 2.99679E-1 2.92303E-1 2.95119E-1 2.8803E-1 2.70198E-1 2.55678E-1 2.50971E-1 2.49636E-1
3.93613E-1 4.41663E-1 4.59697E-1 3.6696E-1 3.56245E-1 3.86312E-1 4.05197E-1 4.18818E-1 3.96974E-1 4.42494E-1 4.36431E-1 4.58591E-1 4.69012E-1 4.4557E-1 4.30704E-1 4.22655E-1 3.86695E-1 3.91693E-1 3.60218E-1 3.91336E-1 4.40579E-1 3.91885E-1 3.56951E-1 3.43508E-1 3.67224E-1 3.59277E-1 3.40753E-1 4.02053E-1 4.02262E-1 3.55858E-1 3.30615E-1 3.35964E-1 3.66466E-1 3.39376E-1 3.04476E-1 3.12157E-1 3.0233E-1 3.02601E-1 3.08499E-1 2.98351E-1 2.91653E-1 2.85799E-1 2.84183E-1 2.80405E-1 2.729E-1 2.75094E-1 2.82519E-1 3.00081E-1 2.94886E-1 2.82543E-1 2.91814E-1 2.89726E-1 2.90926E-1 3.06194E-1 2.96355E-1 2.91954E-1 2.93626E-1 2.87355E-1 2.80401E-1 2.77348E-1 2.76798E-1
3.87092E-1 4.35714E-1 4.61689E-1 3.82823E-1 3.67063E-1 3.73703E-1 3.89151E-1 3.92565E-1 3.78283E-1 4.24408E-1 4.69143E-1 4.47278E-1 4.28069E-1 4.28078E-1 4.45967E-1 4.05824E-1 4.07432E-1 4.35074E-1 3.81956E-1 3.58151E-1 4.34079E-1 4.30694E-1 3.99068E-1 3.77616E-1 3.66924E-1 3.4925E-1 3.5764E-1 3.80055E-1 3.68011E-1 3.76199E-1 3.44153E-1 3.28029E-1 3.45369E-1 3.69539E-1 3.54751E-1 3.03375E-1 2.95517E-1 3.00772E-1 3.12173E-1 3.0408E-1 2.96445E-1 2.97228E-1 2.93069E-1 2.94707E-1 2.90199E-1 2.83364E-1 2.99215E-1 3.05012E-1 2.93524E-1 2.91906E-1 2.87786E-1 2.7913E-1 2.84264E-1 2.90164E-1 2.92114E-1 2.92461E-1 2.89031E-1 2.92472E-1 2.95563E-1 2.88914E-1 2.93924E-1
3.99568E-1 4.37431E-1 4.25524E-1 3.79691E-1 3.847E-1 3.83839E-1 3.97904E-1 3.79622E-1 3.86519E-1 4.25005E-1 4.65844E-1 4.50415E-1 4.27102E-1 4.17001E-1 4.34299E-1 4.32063E-1 4.24887E-1 4.62655E-1 3.95214E-1 3.85339E-1 4.37649E-1 3.83777E-1 4.00928E-1 4.19633E-1 3.60902E-1 3.78627E-1 3.59799E-1 4.07528E-1 3.57153E-1 3.67774E-1 3.70646E-1 3.78328E-1 3.52389E-1 3.53046E-1 3.78212E-1 3.91325E-1 3.07413E-1 2.85668E-1 2.81352E-1 3.13033E-1 3.08939E-1 3.14983E-1 3.14677E-1 3.15553E-1 3.1779E-1 3.1617E-1 3.22353E-1 3.09709E-1 3.03149E-1 2.98896E-1 2.94521E-1 2.85786E-1 2.84938E-1 2.81541E-1 2.81325E-1 2.86908E-1 2.8978E-1 2.9305E-1 2.94124E-1 3.00032E-1 3.04112E-1
4.00348E-1 4.54742E-1 4.33083E-1 3.83298E-1 3.74774E-1 3.93074E-1 4.0493E-1 3.75602E-1 4.04443E-1 4.63357E-1 4.27748E-1 4.43976E-1 4.33248E-1 4.10748E-1 4.22885E-1 4.39507E-1 4.30468E-1 4.50655E-1 4.0849E-1 4.23092E-1 4.52685E-1 3.9618E-1 3.6598E-1 4.29207E-1 3.78309E-1 4.18769E-1 4.0339E-1 4.08002E-1 3.67179E-1 3.62065E-1 3.51212E-1 3.84093E-1 3.94562E-1 3.85378E-1 3.88753E-1 3.66153E-1 3.44625E-1 2.99681E-1 2.7749E-1 3.14951E-1 3.17687E-1 3.20849E-1 3.23005E-1 3.20964E-1 3.18608E-1 3.1572E-1 3.18853E-1 3.13771E-1 3.13059E-1 3.1053E-1 3.03842E-1 2.99168E-1 2.91856E-1 2.88138E-1 2.86187E-1 2.87469E-1 2.9106E-1 2.94597E-1 2.97608E-1 3.05722E-1 3.09509E-1
4.33576E-1 4.26222E-1 4.28441E-1 4.16625E-1 4.11314E-1 4.1741E-1 4.15456E-1 4.03925E-1 4.14189E-1 4.4858E-1 4.30343E-1 4.18825E-1 4.42934E-1 4.17454E-1 4.30642E-1 4.45811E-1 4.4523E-1 4.51656E-1 4.46582E-1 4.73137E-1 4.85984E-1 4.28268E-1 3.74527E-1 4.08156E-1 3.62292E-1 3.89629E-1 3.92529E-1 3.99857E-1 3.82961E-1 3.75624E-1 3.44239E-1 3.74316E-1 3.90785E-1 3.92012E-1 3.77469E-1 3.66108E-1 3.41019E-1 3.3061E-1 3.0379E-1 2.92638E-1 2.97866E-1 3.11214E-1 3.19358E-1 3.24514E-1 3.17592E-1 3.09121E-1 3.11367E-1 3.12694E-1 3.09429E-1 3.05137E-1 3.06354E-1 3.07391E-1 3.07356E-1 3.0077E-1 2.99505E-1 3.00166E-1 2.96462E-1 2.95594E-1 2.93974E-1 2.97438E-1 2.87937E-1
4.29585E-1 4.32935E-1 4.20389E-1 4.27213E-1 4.28434E-1 4.23345E-1 4.289E-1 4.28716E-1 4.4183E-1 4.58997E-1 4.14687E-1 4.23848E-1 4.37415E-1 4.30855E-1 4.40799E-1 4.43397E-1 4.44284E-1 4.43338E-1 4.5581E-1 4.62934E-1 4.78341E-1 4.41037E-1 4.35382E-1 4.2552E-1 4.01303E-1 3.60175E-1 3.98257E-1 3.88363E-1 3.83641E-1 3.73643E-1 3.76757E-1 3.79818E-1 3.87227E-1 4.09669E-1 4.27581E-1 3.72861E-1 3.55774E-1 3.30108E-1 3.01305E-1 2.90987E-1 2.78966E-1 2.75321E-1 2.98386E-1 3.14165E-1 3.11968E-1 3.05021E-1 3.08177E-1 3.12677E-1 3.14293E-1 3.13159E-1 3.1379E-1 3.1885E-1 3.16931E-1 3.14842E-1 3.18497E-1 3.18927E-1 3.10597E-1 3.07394E-1 3.01397E-1 2.88207E-1 2.81019E-1
3.8537E-1 4.01072E-1 3.92918E-1 4.00228E-1 4.34425E-1 4.2734E-1 4.47729E-1 4.42855E-1 4.50626E-1 4.49373E-1 4.36655E-1 4.38904E-1 4.52513E-1 4.454E-1 4.51408E-1 4.50354E-1 4.30737E-1 4.48125E-1 4.51657E-1 4.48419E-1 4.38268E-1 4.25643E-1 4.14911E-1 4.03629E-1 4.35841E-1 4.01357E-1 3.86012E-1 3.77623E-1 3.7882E-1 3.58761E-1 3.79502E-1 3.86747E-1 3.89439E-1 4.14638E-1 4.52994E-1 4.02395E-1 3.62389E-1 3.333E-1 3.3252E-1 2.85888E-1 2.72661E-1 2.66331E-1 2.81202E-1 3.10412E-1 3.19984E-1 3.26962E-1 3.23839E-1 3.32399E-1 3.34251E-1 3.35092E-1 3.34428E-1 3.35937E-1 3.30433E-1 3.2754E-1 3.29687E-1 3.37238E-1 3.26801E-1 3.13435E-1 3.18774E-1 3.08181E-1 2.97731E-1
3.79351E-1 3.91724E-1 3.88427E-1 4.13582E-1 4.09671E-1 4.11941E-1 4.14339E-1 4.102E-1 4.1949E-1 4.24209E-1 4.30668E-1 4.29504E-1 4.33948E-1 4.56297E-1 4.7418E-1 4.63119E-1 4.63938E-1 4.66675E-1 4.7209E-1 4.47773E-1 4.35561E-1 4.35087E-1 4.30143E-1 4.23131E-1 3.98824E-1 4.18424E-1 3.96114E-1 3.55464E-1 3.87295E-1 3.64185E-1 3.79822E-1 3.99937E-1 3.96474E-1 4.11901E-1 4.42175E-1 3.83602E-1 3.785E-1 3.01996E-1 3.22249E-1 2.78447E-1 2.74359E-1 2.88362E-1 2.69777E-1 3.09505E-1 3.22431E-1 3.31163E-1 3.33408E-1 3.26984E-1 3.29606E-1 3.23084E-1 3.22611E-1 3.3224E-1 3.39027E-1 3.42216E-1 3.40671E-1 3.34055E-1 3.23506E-1 3.18731E-1 3.18194E-1 3.24348E-1 3.19293E-1
3.92429E-1 3.93429E-1 4.18487E-1 4.33477E-1 4.20191E-1 4.23731E-1 4.21209E-1 4.16294E-1 4.14622E-1 4.13414E-1 4.15225E-1 4.20507E-1 4.3123E-1 4.42988E-1 4.65234E-1 4.6217E-1 4.52803E-1 4.59795E-1 4.85803E-1 4.70725E-1 4.70213E-1 4.70228E-1 4.46459E-1 4.28344E-1 3.84104E-1 3.89997E-1 4.05083E-1 3.9202E-1 3.82685E-1 3.94961E-1 3.83617E-1 4.01809E-1 3.93144E-1 4.00735E-1 4.01689E-1 3.3661E-1 3.87262E-1 3.00143E-1 3.08011E-1 2.99641E-1 2.71357E-1 2.9617E-1 2.96725E-1 3.17005E-1 3.22003E-1 3.24012E-1 3.30903E-1 3.35599E-1 3.36028E-1 3.41674E-1 3.37804E-1 3.41111E-1 3.42405E-1 3.37782E-1 3.21936E-1 3.11056E-1 3.17335E-1 3.20199E-1 3.15948E-1 3.18138E-1 3.15127E-1
4.10531E-1 4.13052E-1 4.46456E-1 4.39268E-1 4.42386E-1 4.38234E-1 4.35163E-1 4.30153E-1 4.23936E-1 4.2317E-1 4.29318E-1 4.31979E-1 4.4363E-1 4.52395E-1 4.50506E-1 4.51998E-1 4.49988E-1 4.5685E-1 4.77046E-1 4.66544E-1 4.28066E-1 4.33539E-1 4.11801E-1 4.02662E-1 3.81842E-1 3.70541E-1 3.75621E-1 3.75201E-1 3.77664E-1 4.08589E-1 3.97281E-1 3.98419E-1 3.9219E-1 3.94037E-1 3.9261E-1 3.20324E-1 3.50487E-1 3.48675E-1 2.91958E-1 3.01193E-1 2.90628E-1 2.79475E-1 2.88269E-1 3.11448E-1 3.20006E-1 3.20969E-1 3.22191E-1 3.27976E-1 3.36759E-1 3.41132E-1 3.39856E-1 3.36837E-1 3.30939E-1 3.26798E-1 2.99014E-1 2.78744E-1 2.93924E-1 3.09251E-1 3.16748E-1 3.10795E-1 3.12278E-1
4.39416E-1 4.45173E-1 4.4473E-1 4.47729E-1 4.40479E-1 4.34771E-1 4.33786E-1 4.33056E-1 4.32076E-1 4.37492E-1 4.43319E-1 4.50981E-1 4.55505E-1 4.62692E-1 4.57898E-1 4.55239E-1 4.58307E-1 4.56874E-1 4.5065E-1 4.57689E-1 4.45787E-1 4.37714E-1 4.27974E-1 4.10943E-1 3.91018E-1 3.80611E-1 3.67127E-1 3.74907E-1 3.90386E-1 3.92377E-1 3.67151E-1 3.5495E-1 3.61049E-1 3.81564E-1 3.83998E-1 3.5395E-1 3.25155E-1 3.38304E-1 3.19687E-1 2.85262E-1 2.7947E-1 2.67617E-1 2.63434E-1 2.83458E-1 3.05688E-1 3.22235E-1 3.25247E-1 3.17152E-1 3.3658E-1 3.38276E-1 3.35488E-1 3.19442E-1 3.10568E-1 3.08068E-1 2.99387E-1 2.97826E-1 3.02076E-1 3.05069E-1 3.04815E-1 3.07414E-1 3.10648E-1
4.53652E-1 4.53521E-1 4.68758E-1 4.71322E-1 4.6342E-1 4.55379E-1 4.46694E-1 4.40844E-1 4.42114E-1 4.53314E-1 4.57312E-1 4.63232E-1 4.69505E-1 4.70204E-1 4.64553E-1 4.57487E-1 4.63971E-1 4.65524E-1 4.57946E-1 4.45248E-1 4.44546E-1 4.25358E-1 3.98191E-1 3.75172E-1 3.78032E-1 3.70125E-1 3.70307E-1 3.52225E-1 3.48702E-1 3.71485E-1 3.8029E-1 3.55587E-1 3.61694E-1 3.54425E-1 3.62043E-1 3.14807E-1 3.27244E-1 3.30783E-1 3.36273E-1 3.23109E-1 2.99742E-1 2.80729E-1 2.73009E-1 2.86756E-1 2.91501E-1 3.08725E-1 3.28922E-1 3.33539E-1 3.05722E-1 3.1361E-1 3.12259E-1 3.05814E-1 2.79086E-1 2.80606E-1 2.73882E-1 2.63288E-1 2.83457E-1 2.98634E-1 3.06218E-1 3.08906E-1 3.08207E-1
4.69819E-1 4.73897E-1 4.81785E-1 4.90422E-1 4.72964E-1 4.62254E-1 4.58387E-1 4.55289E-1 4.56666E-1 4.65679E-1 4.72085E-1 4.80227E-1 4.79344E-1 4.78985E-1 4.73651E-1 4.69915E-1 4.71472E-1 4.76369E-1 4.76635E-1 4.59051E-1 4.47218E-1 4.31765E-1 4.12812E-1 4.38279E-1 4.2285E-1 3.93365E-1 3.85972E-1 3.56778E-1 3.52188E-1 3.39198E-1 3.57309E-1 3.43343E-1 3.43456E-1 3.55559E-1 3.73896E-1 3.54424E-1 3.40754E-1 3.46084E-1 3.39747E-1 3.15084E-1 3.02766E-1 2.98877E-1 3.10321E-1 3.00381E-1 2.91095E-1 2.96351E-1 3.10848E-1 3.12629E-1 2.77909E-1 2.75537E-1 2.80002E-1 2.88701E-1 2.67282E-1 2.50801E-1 2.45535E-1 2.43118E-1 2.591E-1 2.82013E-1 2.9555E-1 3.03371E-1 3.04446E-1
4.86022E-1 4.94386E-1 4.91494E-1 4.90951E-1 4.92735E-1 4.80683E-1 4.7977E-1 4.72246E-1 4.80718E-1 4.96538E-1 4.97507E-1 4.93386E-1 5.02502E-1 5.07631E-1 4.98537E-1 4.77596E-1 4.74686E-1 4.68813E-1 4.74842E-1 4.73638E-1 4.62232E-1 4.55952E-1 4.52573E-1 4.56239E-1 4.04785E-1 4.08982E-1 3.95249E-1 3.72527E-1 3.62681E-1 3.31457E-1 3.20384E-1 3.26899E-1 3.28496E-1 3.30081E-1 3.63817E-1 3.37597E-1 3.43151E-1 3.2961E-1 3.15846E-1 3.06763E-1 2.98123E-1 2.92591E-1 2.90872E-1 2.76529E-1 2.88826E-1 2.98377E-1 3.05005E-1 3.15154E-1 2.9794E-1 2.73431E-1 2.73142E-1 2.82799E-1 2.77182E-1 2.61479E-1 2.53928E-1 2.47242E-1 2.51774E-1 2.54477E-1 2.65969E-1 2.85362E-1 2.90747E-1
4.99364E-1 5.02373E-1 5.10286E-1 5.10863E-1 5.06869E-1 4.99437E-1 4.91144E-1 5.04524E-1 5.13947E-1 5.31099E-1 5.31036E-1 5.29293E-1 5.32839E-1 5.15622E-1 5.00315E-1 4.93886E-1 4.74617E-1 4.77988E-1 5.12149E-1 5.21808E-1 4.84923E-1 5.25861E-1 4.84333E-1 4.5133E-1 4.13166E-1 4.02788E-1 4.05937E-1 3.60211E-1 3.55695E-1 3.35517E-1 3.22347E-1 3.03304E-1 2.94054E-1 2.9442E-1 3.70108E-1 3.39114E-1 3.08907E-1 3.08965E-1 3.00817E-1 3.02176E-1 3.01826E-1 2.95895E-1 2.8977E-1 2.84401E-1 2.75635E-1 2.90899E-1 3.05575E-1 3.09619E-1 3.08627E-1 3.14684E-1 2.77748E-1 2.70838E-1 2.79873E-1 2.75201E-1 2.66598E-1 2.66485E-1 2.70562E-1 2.74063E-1 2.81561E-1 2.92071E-1 2.95254E-1
4.44731E-1 4.74185E-1 5.14872E-1 5.2852E-1 5.26305E-1 5.17782E-1 5.15577E-1 5.21772E-1 5.03307E-1 4.97726E-1 5.10927E-1 5.08201E-1 4.95773E-1 4.73233E-1 4.71815E-1 5.22584E-1 5.34169E-1 5.35636E-1 5.42958E-1 5.0483E-1 5.07969E-1 5.22055E-1 5.0837E-1 4.63563E-1 4.42753E-1 4.0192E-1 4.0165E-1 3.88422E-1 3.63043E-1 3.40476E-1 3.15179E-1 3.13964E-1 2.88148E-1 3.22069E-1 3.73815E-1 3.13888E-1 2.93288E-1 2.89635E-1 2.80507E-1 2.84822E-1 2.73444E-1 2.79726E-1 2.88155E-1 2.74841E-1 2.72628E-1 2.7018E-1 2.87255E-1 2.8222E-1 2.70646E-1 3.1037E-1 3.02713E-1 2.69331E-1 2.70985E-1 2.7732E-1 2.63367E-1 2.69215E-1 2.80969E-1 2.92109E-1 2.9653E-1 3.01443E-1 3.07124E-1
4.97338E-1 4.95509E-1 5.16978E-1 5.43685E-1 5.4968E-1 5.45412E-1 5.29673E-1 5.25135E-1 5.25027E-1 5.25732E-1 5.13426E-1 4.86609E-1 4.3945E-1 4.1532E-1 4.41115E-1 4.82497E-1 4.99458E-1 5.08539E-1 4.654E-1 4.41516E-1 4.54911E-1 4.84167E-1 5.36E-1 5.0904E-1 4.77245E-1 4.53464E-1 4.32986E-1 3.53756E-1 3.3388E-1 3.53587E-1 3.29246E-1 2.94364E-1 2.82636E-1 3.25342E-1 3.61033E-1 2.95591E-1 2.77496E-1 2.82998E-1 2.72198E-1 2.68833E-1 2.66229E-1 2.82967E-1 2.91254E-1 2.67938E-1 2.68318E-1 2.71499E-1 2.81264E-1 2.68738E-1 2.74428E-1 3.00404E-1 3.08075E-1 2.82121E-1 2.76584E-1 2.78266E-1 2.76177E-1 2.63997E-1 2.59121E-1 2.69531E-1 2.88773E-1 2.93813E-1 3.0362E-1
5.04191E-1 5.04213E-1 4.89571E-1 4.90609E-1 5.08121E-1 5.5098E-1 5.45111E-1 5.55433E-1 5.51679E-1 5.44715E-1 4.91437E-1 4.14096E-1 3.97435E-1 4.15491E-1 4.29523E-1 4.70696E-1 4.86403E-1 4.98674E-1 4.2809E-1 4.30752E-1 4.26305E-1 4.54349E-1 4.97073E-1 5.50367E-1 4.99854E-1 4.72868E-1 4.29954E-1 4.03739E-1 3.88458E-1 3.77346E-1 3.32709E-1 2.99624E-1 2.82108E-1 3.34543E-1 3.20889E-1 2.80651E-1 2.69572E-1 2.80925E-1 2.69969E-1 2.57234E-1 2.52956E-1 2.78066E-1 2.83465E-1 2.66987E-1 2.57172E-1 2.64541E-1 2.75934E-1 2.89162E-1 2.90821E-1 3.03437E-1 3.05114E-1 2.87452E-1 2.84728E-1 2.73326E-1 2.79713E-1 2.78925E-1 2.49368E-1 2.52246E-1 2.86399E-1 2.93381E-1 2.92287E-1
5.4751E-1 5.53895E-1 5.47197E-1 5.46447E-1 5.41744E-1 5.13486E-1 5.00271E-1 5.21476E-1 5.41637E-1 5.14065E-1 4.40877E-1 3.90777E-1 4.17301E-1 4.57745E-1 4.62721E-1 4.38776E-1 4.52758E-1 4.66184E-1 4.90578E-1 4.34903E-1 4.54202E-1 4.43012E-1 4.53013E-1 4.69922E-1 4.12091E-1 3.92693E-1 3.84706E-1 3.98386E-1 3.36266E-1 3.51653E-1 3.53505E-1 3.04463E-1 2.75614E-1 3.08129E-1 3.19603E-1 2.86187E-1 2.77933E-1 2.58234E-1 2.51525E-1 2.46438E-1 2.40262E-1 2.48431E-1 2.66888E-1 2.60698E-1 2.65683E-1 2.82989E-1 2.94437E-1 2.96057E-1 2.93434E-1 3.03905E-1 3.03533E-1 2.96084E-1 2.87262E-1 2.72364E-1 2.82252E-1 2.86546E-1 2.78221E-1 2.76729E-1 3.04302E-1 3.16921E-1 3.08897E-1
5.45345E-1 5.43358E-1 5.41786E-1 5.46317E-1 5.37346E-1 5.18204E-1 5.10696E-1 5.12185E-1 4.9415E-1 4.50986E-1 3.97799E-1 4.12484E-1 4.2156E-1 4.09481E-1 4.19045E-1 4.11701E-1 3.97186E-1 3.9575E-1 4.90599E-1 4.76107E-1 4.44612E-1 4.74452E-1 4.16377E-1 4.37041E-1 3.97477E-1 3.79213E-1 3.69528E-1 3.39464E-1 3.20055E-1 3.11453E-1 3.35033E-1 3.04997E-1 2.95785E-1 2.9958E-1 2.73537E-1 2.6752E-1 2.48178E-1 2.35218E-1 2.26595E-1 2.41635E-1 2.51444E-1 2.51683E-1 2.64075E-1 2.5155E-1 2.55641E-1 2.94648E-1 2.86555E-1 2.85029E-1 2.99067E-1 3.04353E-1 3.02145E-1 2.99958E-1 2.99497E-1 2.84893E-1 2.81461E-1 2.99878E-1 3.08612E-1 3.17223E-1 3.16082E-1 3.19717E-1 3.21218E-1
5.1473E-1 5.17196E-1 5.1719E-1 5.06082E-1 4.95991E-1 5.08416E-1 5.23335E-1 4.84527E-1 4.44893E-1 4.22778E-1 4.06015E-1 4.30616E-1 4.17422E-1 4.15382E-1 4.01622E-1 3.76678E-1 3.71082E-1 4.16662E-1 4.39377E-1 4.43695E-1 4.52621E-1 4.6118E-1 3.87627E-1 3.27693E-1 3.23E-1 3.11978E-1 3.22403E-1 3.44256E-1 3.29779E-1 3.06797E-1 2.95954E-1 2.78766E-1 2.78356E-1 2.85654E-1 2.63847E-1 2.73064E-1 2.53063E-1 2.30344E-1 2.25788E-1 2.388E-1 2.38489E-1 2.36658E-1 2.65442E-1 2.65784E-1 2.76378E-1 2.84212E-1 2.45126E-1 2.64991E-1 2.90978E-1 2.97424E-1 2.93753E-1 2.92046E-1 2.94187E-1 2.86578E-1 2.8794E-1 3.0302E-1 2.81945E-1 2.9416E-1 2.91837E-1 2.94395E-1 3.03606E-1
4.94221E-1 4.84382E-1 4.67236E-1 4.59952E-1 4.66376E-1 4.76517E-1 4.73559E-1 4.36515E-1 4.03438E-1 4.17867E-1 4.27624E-1 4.49414E-1 3.94639E-1 3.76931E-1 3.7451E-1 3.69181E-1 3.72001E-1 4.12E-1 4.2223E-1 4.32101E-1 4.23289E-1 4.40656E-1 4.11768E-1 3.63798E-1 3.67232E-1 3.8985E-1 3.51888E-1 2.98687E-1 3.06965E-1 3.41344E-1 3.14808E-1 2.86746E-1 2.72554E-1 2.94712E-1 2.89126E-1 2.85711E-1 2.44866E-1 2.42026E-1 2.27762E-1 2.30962E-1 2.30862E-1 2.38405E-1 2.70482E-1 2.81406E-1 2.86841E-1 2.82409E-1 2.75266E-1 2.57221E-1 2.96193E-1 2.86788E-1 2.68297E-1 2.79493E-1 2.67408E-1 2.62636E-1 2.9833E-1 2.92341E-1 2.5018E-1 2.64557E-1 2.54505E-1 2.82582E-1 2.9624E-1
4.56474E-1 4.48253E-1 4.31504E-1 4.07919E-1 4.07588E-1 4.01784E-1 3.81768E-1 3.8148E-1 3.92985E-1 3.94394E-1 4.08425E-1 4.41896E-1 4.0234E-1 3.42752E-1 3.07966E-1 3.17151E-1 3.43888E-1 3.8359E-1 4.13947E-1 3.29506E-1 3.78903E-1 3.44679E-1 3.0954E-1 2.94686E-1 2.9635E-1 3.25077E-1 3.02975E-1 2.81492E-1 2.92607E-1 2.83727E-1 2.8923E-1 2.96365E-1 2.93276E-1 2.74691E-1 2.52752E-1 2.87062E-1 2.5344E-1 2.38569E-1 2.2871E-1 2.2317E-1 2.36543E-1 2.50064E-1 2.76548E-1 2.8105E-1 2.70032E-1 2.55697E-1 2.73153E-1 2.55282E-1 2.96449E-1 2.88822E-1 2.48028E-1 2.58766E-1 2.55019E-1 2.91513E-1 2.851E-1 2.65381E-1 2.43929E-1 2.38264E-1 2.21993E-1 2.29348E-1 2.241E-1
4.06059E-1 3.98773E-1 4.00859E-1 3.88527E-1 3.87178E-1 4.01337E-1 3.8394E-1 3.58608E-1 3.73846E-1 3.47388E-1 3.66047E-1 3.87803E-1 3.94145E-1 3.63225E-1 3.18649E-1 2.9987E-1 3.16893E-1 3.72086E-1 4.04105E-1 3.31483E-1 3.44668E-1 3.35668E-1 2.98739E-1 2.85878E-1 3.22519E-1 3.18562E-1 2.78896E-1 2.77433E-1 2.91984E-1 2.96899E-1 3.07784E-1 2.55984E-1 2.5866E-1 2.70024E-1 2.52954E-1 2.773E-1 2.65761E-1 2.37821E-1 2.32621E-1 2.40487E-1 2.51951E-1 2.61611E-1 2.63744E-1 2.65635E-1 2.46936E-1 2.50942E-1 2.63449E-1 2.4284E-1 2.83414E-1 2.91503E-1 2.41932E-1 2.46092E-1 2.49531E-1 2.54988E-1 2.78579E-1 2.44435E-1 2.33036E-1 2.24506E-1 2.27511E-1 2.15531E-1 2.10712E-1
