maxent_outputs/white_flowers_linear/white_326.asc
ncols         426
nrows         180
xllcorner     -130.0
yllcorner     24.0
cellsize      0.16666666666666666
NODATA_value  -9999
[rows 135 to 161 of 180, columns 183 to 243 of 426]
4.45758E-1 4.431E-1 4.51141E-1 4.64966E-1 4.77982E-1 4.68212E-1 4.49234E-1 4.57142E-1 4.67076E-1 4.94039E-1 5.14564E-1 5.22962E-1 5.33861E-1 5.59983E-1 5.89193E-1 5.93844E-1 5.91705E-1 5.79785E-1 5.91989E-1 5.86536E-1 5.83053E-1 5.86304E-1 5.97608E-1 5.93956E-1 5.85473E-1 5.93166E-1 5.97527E-1 5.94598E-1 5.97552E-1 5.81283E-1 5.68996E-1 5.48602E-1 5.266E-1 5.35285E-1 5.82891E-1 5.62872E-1 5.39473E-1 5.39054E-1 5.40417E-1 5.49454E-1 5.6494E-1 5.64971E-1 5.63151E-1 5.74733E-1 5.93486E-1 5.91241E-1 5.82605E-1 5.79539E-1 5.64013E-1 5.34852E-1 5.34583E-1 5.35321E-1 5.19033E-1 5.09051E-1 5.12653E-1 5.10642E-1 5.23647E-1 5.36364E-1 5.21168E-1 5.28151E-1 5.4707E-1
4.21349E-1 4.17554E-1 4.32156E-1 4.56565E-1 4.81483E-1 4.88811E-1 4.63171E-1 4.68544E-1 4.86683E-1 5.18932E-1 5.40663E-1 5.57304E-1 5.61405E-1 5.68614E-1 5.95681E-1 6.22362E-1 6.18246E-1 6.03824E-1 6.06309E-1 6.04136E-1 5.91811E-1 5.90555E-1 6.10373E-1 6.0328E-1 5.97056E-1 5.91261E-1 5.87669E-1 6.03509E-1 5.99193E-1 5.79777E-1 5.93639E-1 5.94336E-1 5.63457E-1 5.499E-1 5.77773E-1 5.92345E-1 5.57914E-1 5.50173E-1 5.5117E-1 5.54693E-1 5.61691E-1 5.76597E-1 5.85105E-1 5.77041E-1 5.94741E-1 5.90884E-1 5.83495E-1 5.92131E-1 5.79962E-1 5.49174E-1 5.40853E-1 5.34282E-1 5.25927E-1 5.28293E-1 5.35027E-1 5.34652E-1 5.35587E-1 5.52729E-1 5.56267E-1 5.43181E-1 5.50492E-1
4.04313E-1 4.20159E-1 4.40349E-1 4.50718E-1 4.58559E-1 4.78827E-1 4.82142E-1 4.75361E-1 5.05246E-1 5.34788E-1 5.60597E-1 5.81361E-1 5.87616E-1 5.8998E-1 6.10229E-1 6.26829E-1 6.42979E-1 6.27344E-1 6.2157E-1 6.2338E-1 6.09646E-1 6.12831E-1 6.22549E-1 6.15266E-1 6.08298E-1 5.94045E-1 5.87145E-1 5.92972E-1 6.02108E-1 5.9077E-1 5.80702E-1 5.87956E-1 5.92997E-1 5.39977E-1 5.45683E-1 5.75157E-1 5.73514E-1 5.73626E-1 5.68294E-1 5.57135E-1 5.54865E-1 5.61636E-1 5.85202E-1 5.99047E-1 5.94141E-1 5.94628E-1 5.96783E-1 5.94851E-1 5.54797E-1 5.49151E-1 5.46064E-1 5.48956E-1 5.48691E-1 5.46135E-1 5.51935E-1 5.60988E-1 5.59053E-1 5.64718E-1 5.8558E-1 5.6163E-1 5.64174E-1
4.08462E-1 4.23382E-1 4.3894E-1 4.51129E-1 4.67192E-1 4.82898E-1 4.98888E-1 4.74837E-1 5.01032E-1 5.34068E-1 5.59227E-1 5.6882E-1 5.9463E-1 6.15724E-1 6.38065E-1 6.58424E-1 6.60532E-1 6.50319E-1 6.34171E-1 6.3973E-1 6.32278E-1 6.37353E-1 6.35687E-1 6.26218E-1 6.21521E-1 6.15094E-1 5.83345E-1 5.81785E-1 5.8525E-1 5.83826E-1 5.82122E-1 5.90756E-1 5.76187E-1 5.55593E-1 5.6667E-1 5.9067E-1 5.95628E-1 5.88061E-1 5.83533E-1 5.7506E-1 5.65706E-1 5.6465E-1 5.73075E-1 5.96819E-1 6.01558E-1 6.00447E-1 6.05404E-1 6.08267E-1 5.78437E-1 5.73035E-1 5.69115E-1 5.69496E-1 5.646E-1 5.64335E-1 5.72457E-1 5.85405E-1 5.83504E-1 5.90434E-1 6.11326E-1 5.8671E-1 5.81848E-1
4.2643E-1 4.34252E-1 4.64727E-1 4.93283E-1 5.1414E-1 5.31106E-1 5.43803E-1 4.99702E-1 5.02165E-1 5.26933E-1 5.51519E-1 5.74964E-1 6.09995E-1 6.26314E-1 6.54286E-1 6.62515E-1 6.62113E-1 6.68592E-1 6.60675E-1 6.56363E-1 6.44241E-1 6.36801E-1 6.28299E-1 6.26184E-1 6.14771E-1 6.18991E-1 6.51823E-1 5.94726E-1 5.78022E-1 5.74226E-1 5.87514E-1 5.97041E-1 6.01471E-1 5.86576E-1 5.94496E-1 6.11983E-1 6.09234E-1 6.14367E-1 6.17847E-1 6.01699E-1 5.89115E-1 5.79082E-1 5.91963E-1 5.99214E-1 6.001E-1 6.03297E-1 6.15192E-1 6.27491E-1 6.2625E-1 6.05657E-1 5.93964E-1 5.97869E-1 5.88927E-1 5.86423E-1 5.89415E-1 6.02544E-1 6.13054E-1 6.2884E-1 6.38723E-1 6.26549E-1 6.19764E-1
4.39926E-1 4.61566E-1 4.79891E-1 5.00918E-1 5.15041E-1 5.31523E-1 5.60786E-1 5.58913E-1 5.41896E-1 5.42822E-1 5.65044E-1 5.92453E-1 6.13671E-1 6.35672E-1 6.50836E-1 6.57174E-1 6.65892E-1 6.73876E-1 6.71147E-1 6.59945E-1 6.52252E-1 6.29282E-1 6.31103E-1 6.28888E-1 6.0919E-1 6.06199E-1 6.24237E-1 6.15903E-1 5.998E-1 5.958E-1 6.0578E-1 6.10601E-1 6.21549E-1 6.08677E-1 6.23219E-1 6.2675E-1 6.34187E-1 6.41347E-1 6.37701E-1 6.35296E-1 6.26161E-1 6.22527E-1 6.30392E-1 6.20331E-1 6.12632E-1 6.25024E-1 6.30217E-1 6.33946E-1 6.40522E-1 6.43631E-1 6.32928E-1 6.28334E-1 6.19098E-1 6.18879E-1 6.252E-1 6.28269E-1 6.36075E-1 6.54188E-1 6.69479E-1 6.65259E-1 6.62694E-1
4.21908E-1 4.24008E-1 4.43709E-1 4.49489E-1 4.8451E-1 5.15016E-1 5.11887E-1 5.43599E-1 5.80016E-1 5.94101E-1 6.09877E-1 6.10657E-1 6.28726E-1 6.4184E-1 6.56369E-1 6.67324E-1 6.73454E-1 6.76049E-1 6.72039E-1 6.5454E-1 6.39784E-1 6.308E-1 6.33228E-1 6.61397E-1 6.23304E-1 6.12596E-1 6.2879E-1 6.40325E-1 6.36066E-1 6.20712E-1 6.27762E-1 6.33309E-1 6.4045E-1 6.35006E-1 6.59077E-1 6.60923E-1 6.68789E-1 6.76906E-1 6.72913E-1 6.74786E-1 6.69227E-1 6.53205E-1 6.53685E-1 6.45315E-1 6.24351E-1 6.36751E-1 6.53263E-1 6.53953E-1 6.48724E-1 6.64227E-1 6.84228E-1 6.58734E-1 6.4818E-1 6.6045E-1 6.71855E-1 6.74536E-1 6.9005E-1 6.75385E-1 6.92411E-1 6.97893E-1 7.03009E-1
4.01557E-1 4.13747E-1 4.38022E-1 4.69063E-1 4.83806E-1 4.95328E-1 5.11025E-1 5.33241E-1 5.39033E-1 5.77421E-1 6.49977E-1 6.39693E-1 6.36822E-1 6.40546E-1 6.48817E-1 6.67127E-1 6.78413E-1 6.79573E-1 6.58426E-1 6.52551E-1 6.48017E-1 6.36602E-1 6.41896E-1 6.63629E-1 6.83019E-1 6.61481E-1 6.59057E-1 6.61754E-1 6.65789E-1 6.59193E-1 6.60673E-1 6.71155E-1 6.80038E-1 6.77368E-1 7.04256E-1 7.01551E-1 7.11854E-1 7.36111E-1 7.08347E-1 6.96577E-1 6.87096E-1 6.7517E-1 6.81117E-1 6.69561E-1 6.60188E-1 6.64312E-1 6.8459E-1 6.78537E-1 6.81041E-1 6.76231E-1 6.78031E-1 6.80903E-1 6.84822E-1 7.25685E-1 7.55219E-1 8.29466E-1 8.28782E-1 7.52048E-1 7.59657E-1 7.34567E-1 7.37333E-1
4.25979E-1 4.45049E-1 4.55059E-1 4.69219E-1 4.83403E-1 4.77823E-1 4.96331E-1 5.18734E-1 5.49089E-1 5.81575E-1 6.12788E-1 6.30468E-1 6.34533E-1 6.3691E-1 6.41385E-1 6.62879E-1 6.65171E-1 6.5624E-1 6.60409E-1 6.616E-1 6.60161E-1 6.50957E-1 6.69808E-1 7.05202E-1 7.31353E-1 7.31405E-1 7.18809E-1 7.03409E-1 7.0487E-1 6.99956E-1 7.04798E-1 7.17878E-1 7.45603E-1 7.37653E-1 7.46558E-1 7.51313E-1 7.7364E-1 7.62033E-1 7.33148E-1 7.32393E-1 7.26613E-1 7.09639E-1 7.08473E-1 7.00591E-1 6.87805E-1 6.89435E-1 7.03003E-1 7.22892E-1 7.12486E-1 7.08197E-1 6.95967E-1 6.98426E-1 7.08591E-1 7.19464E-1 7.58027E-1 8.16245E-1 8.39083E-1 7.86568E-1 7.84352E-1 7.98648E-1 8.24647E-1
4.30392E-1 4.59616E-1 4.76717E-1 4.85235E-1 5.03252E-1 5.169E-1 5.34169E-1 5.69123E-1 5.77641E-1 6.18137E-1 6.25535E-1 6.33426E-1 6.26153E-1 6.28766E-1 6.53134E-1 6.80349E-1 6.82657E-1 6.608E-1 6.6109E-1 6.69209E-1 6.783E-1 6.72256E-1 6.98275E-1 7.47628E-1 7.66551E-1 7.66308E-1 7.6909E-1 7.51593E-1 7.53113E-1 7.35132E-1 7.37014E-1 7.4565E-1 7.60012E-1 7.97328E-1 7.92773E-1 7.80753E-1 7.9353E-1 8.02229E-1 7.81076E-1 7.68479E-1 7.83461E-1 7.50806E-1 7.4023E-1 7.31246E-1 7.23897E-1 7.2638E-1 7.2246E-1 7.40426E-1 7.40101E-1 7.47944E-1 7.27318E-1 7.13217E-1 7.19543E-1 7.54528E-1 7.4569E-1 7.67393E-1 7.90806E-1 7.81383E-1 7.97534E-1 8.14848E-1 8.29972E-1
4.68242E-1 5.02055E-1 5.20577E-1 5.16616E-1 5.03825E-1 5.32825E-1 5.58046E-1 5.83441E-1 6.14921E-1 6.32302E-1 6.42983E-1 6.50172E-1 6.45133E-1 6.64939E-1 6.74553E-1 6.7626E-1 6.77465E-1 6.67545E-1 6.62319E-1 6.74577E-1 6.99949E-1 7.01746E-1 7.30594E-1 7.74304E-1 8.00138E-1 8.10056E-1 8.24616E-1 8.04808E-1 8.03977E-1 7.75111E-1 7.7782E-1 7.79641E-1 7.96255E-1 8.01413E-1 7.84583E-1 7.76903E-1 7.94388E-1 7.88508E-1 7.70696E-1 7.78195E-1 7.74209E-1 7.86699E-1 7.81513E-1 7.59575E-1 7.7248E-1 7.59867E-1 7.44503E-1 7.44679E-1 7.49025E-1 7.6493E-1 7.57707E-1 7.36463E-1 7.33833E-1 7.43885E-1 7.55763E-1 8.12797E-1 7.95376E-1 8.14229E-1 8.36986E-1 8.26889E-1 8.40195E-1
5.4615E-1 5.54675E-1 5.56936E-1 5.77489E-1 5.82555E-1 6.36343E-1 6.50686E-1 6.42688E-1 6.54061E-1 6.64052E-1 6.73587E-1 6.7979E-1 6.88735E-1 6.95906E-1 6.8866E-1 6.95217E-1 6.84757E-1 6.81577E-1 6.95675E-1 7.02219E-1 7.09454E-1 7.1422E-1 7.32756E-1 7.58987E-1 7.69749E-1 8.02773E-1 8.31737E-1 8.39702E-1 8.40586E-1 8.31159E-1 8.22214E-1 8.08161E-1 8.10829E-1 -9999 -9999 -9999 -9999 -9999 -9999 7.99996E-1 7.98556E-1 7.94143E-1 7.95868E-1 7.85588E-1 7.88599E-1 7.88825E-1 7.97873E-1 7.7699E-1 7.74739E-1 7.80894E-1 7.89009E-1 7.90744E-1 7.7881E-1 7.80591E-1 7.87186E-1 8.09149E-1 8.4427E-1 8.38901E-1 8.40732E-1 8.61701E-1 8.5392E-1
6.08071E-1 6.09199E-1 6.19897E-1 6.27822E-1 6.50134E-1 6.99802E-1 7.03849E-1 6.8457E-1 6.82686E-1 6.83363E-1 6.97322E-1 7.07515E-1 7.16187E-1 7.06222E-1 7.07776E-1 7.18193E-1 7.11307E-1 7.1087E-1 7.17435E-1 7.19649E-1 7.28113E-1 7.37342E-1 7.33612E-1 7.43991E-1 7.64263E-1 7.97095E-1 8.28744E-1 8.65617E-1 8.80727E-1 8.6653E-1 -9999 -9999 -9999 -9999 -9999 -9999 -9999 -9999 -9999 -9999 -9999 -9999 -9999 -9999 -9999 7.91884E-1 7.92598E-1 -9999 8.14161E-1 8.03906E-1 8.19598E-1 8.28824E-1 8.3434E-1 8.5297E-1 8.56001E-1 8.45541E-1 8.66902E-1 8.66618E-1 8.64172E-1 8.57594E-1 8.44656E-1
6.46679E-1 6.5066E-1 6.56959E-1 6.58187E-1 6.81311E-1 7.05314E-1 7.1946E-1 7.21387E-1 7.06684E-1 7.1853E-1 7.38814E-1 7.44237E-1 7.40991E-1 7.32854E-1 7.34451E-1 7.46057E-1 7.48165E-1 7.45102E-1 7.4222E-1 7.39201E-1 7.56174E-1 7.69079E-1 7.63759E-1 7.72509E-1 7.82345E-1 8.20676E-1 8.50844E-1 8.89921E-1 9.04245E-1 -9999 -9999 -9999 -9999 -9999 -9999 -9999 -9999 -9999 -9999 -9999 -9999 -9999 -9999 -9999 -9999 -9999 -9999 -9999 8.54161E-1 8.42233E-1 8.50016E-1 8.62892E-1 8.60993E-1 8.68957E-1 8.67544E-1 8.76084E-1 8.90701E-1 8.95289E-1 8.90262E-1 8.94411E-1 8.81237E-1
6.77176E-1 6.75813E-1 6.77215E-1 6.84512E-1 7.03051E-1 7.21895E-1 7.29723E-1 7.3151E-1 7.3632E-1 7.52219E-1 7.5791E-1 7.54093E-1 7.58253E-1 7.63972E-1 7.63637E-1 7.76629E-1 7.84067E-1 7.8336E-1 7.76686E-1 7.71919E-1 7.90208E-1 7.99889E-1 8.01983E-1 8.05652E-1 8.22951E-1 8.52934E-1 8.96413E-1 -9999 -9999 -9999 -9999 -9999 -9999 -9999 -9999 -9999 -9999 -9999 -9999 -9999 -9999 -9999 -9999 -9999 -9999 -9999 -9999 -9999 -9999 -9999 -9999 8.80882E-1 8.93035E-1 9.22157E-1 9.34088E-1 8.89634E-1 8.91087E-1 -9999 -9999 -9999 8.61712E-1
6.94461E-1 6.93592E-1 6.86202E-1 7.03919E-1 7.20154E-1 7.43688E-1 7.59113E-1 7.62478E-1 7.5588E-1 7.68964E-1 7.78834E-1 7.75843E-1 7.82718E-1 7.88342E-1 8.03481E-1 8.09498E-1 8.17887E-1 8.26339E-1 8.16859E-1 8.15239E-1 8.31385E-1 8.37915E-1 8.44152E-1 8.48911E-1 8.60294E-1 8.82966E-1 -9999 -9999 -9999 -9999 -9999 -9999 -9999 -9999 -9999 -9999 -9999 -9999 -9999 -9999 -9999 -9999 -9999 -9999 -9999 -9999 -9999 -9999 -9999 -9999 -9999 -9999 -9999 -9999 -9999 -9999 -9999 -9999 -9999 -9999 8.88242E-1
7.1037E-1 7.14578E-1 7.09219E-1 7.12053E-1 7.30896E-1 7.50576E-1 7.64743E-1 7.72426E-1 7.65188E-1 7.68115E-1 7.85442E-1 7.99203E-1 8.04012E-1 8.22621E-1 8.38364E-1 8.46271E-1 8.51027E-1 8.64323E-1 8.54809E-1 8.54906E-1 8.87995E-1 8.83839E-1 8.91709E-1 8.81625E-1 -9999 -9999 -9999 -9999 -9999 -9999 -9999 -9999 -9999 -9999 -9999 -9999 -9999 -9999 -9999 -9999 -9999 -9999 -9999 -9999 -9999 -9999 -9999 -9999 -9999 -9999 -9999 -9999 -9999 -9999 -9999 -9999 -9999 -9999 -9999 -9999 -9999
7.28114E-1 7.2504E-1 7.21263E-1 7.23034E-1 7.29134E-1 7.53317E-1 7.72422E-1 7.88092E-1 7.85625E-1 7.73371E-1 7.82147E-1 8.05354E-1 8.23747E-1 8.35834E-1 8.52031E-1 8.71654E-1 8.70809E-1 8.84966E-1 8.92645E-1 9.11257E-1 9.18611E-1 9.24447E-1 9.22184E-1 -9999 -9999 -9999 -9999 -9999 -9999 -9999 -9999 -9999 -9999 -9999 -9999 -9999 -9999 -9999 -9999 -9999 -9999 -9999 -9999 -9999 -9999 -9999 -9999 -9999 -9999 -9999 -9999 -9999 -9999 -9999 -9999 -9999 -9999 -9999 -9999 -9999 -9999
7.36807E-1 7.37393E-1 7.29366E-1 7.26669E-1 7.29999E-1 7.56217E-1 7.83731E-1 7.97555E-1 7.9727E-1 7.84505E-1 7.98867E-1 8.22426E-1 8.43262E-1 8.5956E-1 8.7211E-1 8.85565E-1 9.07986E-1 8.94958E-1 9.27797E-1 9.50987E-1 -9999 -9999 -9999 -9999 -9999 -9999 -9999 -9999 -9999 -9999 -9999 -9999 -9999 -9999 -9999 -9999 -9999 -9999 -9999 -9999 -9999 -9999 -9999 -9999 -9999 -9999 -9999 -9999 -9999 -9999 -9999 -9999 -9999 -9999 -9999 -9999 -9999 -9999 -9999 -9999 -9999
7.12657E-1 7.27183E-1 7.37626E-1 7.29624E-1 7.38241E-1 7.61495E-1 7.69156E-1 7.76301E-1 7.94536E-1 8.12747E-1 8.18997E-1 8.39018E-1 8.62579E-1 8.84462E-1 8.91376E-1 9.0684E-1 9.31962E-1 9.42264E-1 9.3312E-1 -9999 -9999 -9999 -9999 -9999 -9999 -9999 -9999 -9999 -9999 -9999 -9999 -9999 -9999 -9999 -9999 -9999 -9999 -9999 -9999 -9999 -9999 -9999 -9999 -9999 -9999 -9999 -9999 -9999 -9999 -9999 -9999 -9999 -9999 -9999 -9999 -9999 -9999 -9999 -9999 -9999 -9999
7.11754E-1 7.28179E-1 7.38374E-1 7.44619E-1 7.50082E-1 7.49571E-1 7.38531E-1 7.65679E-1 7.9337E-1 8.32842E-1 8.39569E-1 8.61778E-1 8.81625E-1 9.04864E-1 9.36073E-1 9.45355E-1 9.44301E-1 -9999 -9999 -9999 -9999 -9999 -9999 -9999 -9999 -9999 -9999 -9999 -9999 -9999 -9999 -9999 -9999 -9999 -9999 -9999 -9999 -9999 -9999 -9999 -9999 -9999 -9999 -9999 -9999 -9999 -9999 -9999 -9999 -9999 -9999 -9999 -9999 -9999 -9999 -9999 -9999 -9999 -9999 -9999 -9999
7.22055E-1 7.41359E-1 7.46618E-1 7.48997E-1 7.40662E-1 7.2828E-1 7.35667E-1 7.69497E-1 8.05728E-1 8.34159E-1 8.54549E-1 8.84105E-1 9.07527E-1 9.26247E-1 9.43607E-1 9.48715E-1 -9999 -9999 -9999 -9999 -9999 -9999 -9999 -9999 -9999 -9999 -9999 -9999 -9999 -9999 -9999 -9999 -9999 -9999 -9999 -9999 -9999 -9999 -9999 -9999 -9999 -9999 -9999 -9999 -9999 -9999 -9999 -9999 -9999 -9999 -9999 -9999 -9999 -9999 -9999 -9999 -9999 -9999 -9999 -9999 -9999
7.39194E-1 7.48201E-1 7.53367E-1 7.52955E-1 7.36558E-1 7.27704E-1 7.54369E-1 7.88983E-1 8.29185E-1 8.52581E-1 8.73839E-1 8.9235E-1 9.25371E-1 9.47201E-1 9.52948E-1 -9999 -9999 -9999 -9999 -9999 -9999 -9999 -9999 -9999 -9999 -9999 -9999 -9999 -9999 -9999 -9999 -9999 -9999 -9999 -9999 -9999 -9999 -9999 -9999 -9999 -9999 -9999 -9999 -9999 -9999 -9999 -9999 -9999 -9999 -9999 -9999 -9999 -9999 -9999 -9999 -9999 -9999 -9999 -9999 -9999 -9999
7.75001E-1 7.55446E-1 7.58752E-1 7.34946E-1 7.27908E-1 7.50991E-1 7.7764E-1 8.09293E-1 8.42533E-1 8.67462E-1 8.91869E-1 9.06505E-1 9.23558E-1 9.47724E-1 -9999 -9999 -9999 -9999 -9999 -9999 -9999 -9999 -9999 -9999 -9999 -9999 -9999 -9999 -9999 -9999 -9999 -9999 -9999 -9999 -9999 -9999 -9999 -9999 -9999 -9999 -9999 -9999 -9999 -9999 -9999 -9999 -9999 -9999 -9999 -9999 -9999 -9999 -9999 -9999 -9999 -9999 -9999 -9999 -9999 -9999 -9999
7.85092E-1 7.76939E-1 7.7425E-1 7.3379E-1 7.54255E-1 7.79453E-1 8.01253E-1 8.25445E-1 8.50166E-1 8.75222E-1 8.98661E-1 9.1797E-1 9.33784E-1 9.47468E-1 -9999 -9999 -9999 -9999 -9999 -9999 -9999 -9999 -9999 -9999 -9999 -9999 -9999 -9999 -9999 -9999 -9999 -9999 -9999 -9999 -9999 -9999 -9999 -9999 -9999 -9999 -9999 -9999 -9999 -9999 -9999 -9999 -9999 -9999 -9999 -9999 -9999 -9999 -9999 -9999 -9999 -9999 -9999 -9999 -9999 -9999 -9999
7.94831E-1 7.86707E-1 7.82837E-1 7.5911E-1 7.74699E-1 7.93437E-1 8.10457E-1 8.35664E-1 8.60929E-1 8.7867E-1 9.03011E-1 9.23253E-1 9.42139E-1 -9999 -9999 -9999 -9999 -9999 -9999 -9999 -9999 -9999 -9999 -9999 -9999 -9999 -9999 -9999 -9999 -9999 -9999 -9999 -9999 -9999 -9999 -9999 -9999 -9999 -9999 -9999 -9999 -9999 -9999 -9999 -9999 -9999 -9999 -9999 -9999 -9999 -9999 -9999 -9999 -9999 -9999 -9999 -9999 -9999 -9999 -9999 -9999
8.04867E-1 7.88457E-1 8.00378E-1 7.89627E-1 7.87106E-1 8.05613E-1 8.25221E-1 8.47151E-1 8.6307E-1 8.80392E-1 9.01696E-1 9.2915E-1 9.49829E-1 -9999 -9999 -9999 -9999 -9999 -9999 -9999 -9999 -9999 -9999 -9999 -9999 -9999 -9999 -9999 -9999 -9999 -9999 -9999 -9999 -9999 -9999 -9999 -9999 -9999 -9999 -9999 -9999 -9999 -9999 -9999 -9999 -9999 -9999 -9999 -9999 -9999 -9999 -9999 -9999 -9999 -9999 -9999 -9999 -9999 -9999 -9999 -9999
