maxent_outputs/white_flowers_linear/white_209.asc
ncols         426
nrows         180
xllcorner     -130.0
yllcorner     24.0
cellsize      0.16666666666666666
NODATA_value  -9999
[rows 81 to 107 of 180, columns 183 to 243 of 426]
3.63748E-1 3.60034E-1 3.58676E-1 3.60353E-1 3.60934E-1 3.64036E-1 3.70118E-1 3.69942E-1 3.6913E-1 3.72829E-1 3.78898E-1 3.82242E-1 3.84601E-1 3.80557E-1 3.78013E-1 3.82657E-1 3.85877E-1 3.9324E-1 4.00755E-1 4.10597E-1 4.15087E-1 4.12387E-1 4.11486E-1 4.18032E-1 4.16467E-1 4.20814E-1 4.26699E-1 4.33991E-1 4.32335E-1 4.31047E-1 4.33218E-1 4.39881E-1 4.42594E-1 4.45982E-1 4.52166E-1 4.73925E-1 4.94787E-1 5.16435E-1 5.16186E-1 5.02408E-1 4.91601E-1 4.78501E-1 4.68181E-1 4.6053E-1 4.59427E-1 4.65341E-1 4.74596E-1 4.75659E-1 4.85473E-1 4.86495E-1 4.9398E-1 5.02452E-1 5.03425E-1 5.01189E-1 5.09932E-1 5.19145E-1 5.24232E-1 5.2721E-1 5.17658E-1 5.22784E-1 5.23489E-1
3.5561E-1 3.57751E-1 3.55176E-1 3.53995E-1 3.57544E-1 3.62775E-1 3.69624E-1 3.74872E-1 3.76637E-1 3.76208E-1 3.81073E-1 3.88693E-1 3.88334E-1 3.87557E-1 3.85533E-1 3.88744E-1 3.91875E-1 3.9475E-1 4.0508E-1 4.10903E-1 4.10618E-1 4.10472E-1 4.15424E-1 4.237E-1 4.21499E-1 4.21078E-1 4.27799E-1 4.32136E-1 4.3073E-1 4.33225E-1 4.36043E-1 4.43729E-1 4.42827E-1 4.49176E-1 4.53935E-1 4.78708E-1 5.21981E-1 5.72607E-1 6.0457E-1 5.56079E-1 5.1803E-1 4.92834E-1 4.76494E-1 4.70721E-1 4.70069E-1 4.7579E-1 4.80783E-1 4.84672E-1 4.91161E-1 4.9518E-1 4.9843E-1 5.01688E-1 5.05147E-1 5.12603E-1 5.16391E-1 5.2214E-1 5.19572E-1 5.18802E-1 5.20579E-1 5.18228E-1 5.22125E-1
3.50798E-1 3.55001E-1 3.46509E-1 3.48152E-1 3.53869E-1 3.59358E-1 3.64568E-1 3.67725E-1 3.76105E-1 3.78837E-1 3.82987E-1 3.91829E-1 3.93245E-1 3.9599E-1 3.95736E-1 3.93017E-1 3.91393E-1 3.92861E-1 4.00203E-1 4.05221E-1 4.0989E-1 4.13704E-1 4.17254E-1 4.15339E-1 4.24198E-1 4.30192E-1 4.29689E-1 4.31237E-1 4.36647E-1 4.3898E-1 4.42017E-1 4.41694E-1 4.42841E-1 4.49642E-1 4.63772E-1 4.82416E-1 5.22662E-1 5.74412E-1 6.05006E-1 5.62792E-1 5.2457E-1 5.02122E-1 4.8381E-1 4.81013E-1 4.80835E-1 4.82747E-1 4.91172E-1 4.94898E-1 4.95793E-1 5.02586E-1 4.98555E-1 5.04842E-1 5.05233E-1 5.11603E-1 5.16938E-1 5.18445E-1 5.15955E-1 5.21558E-1 5.2127E-1 5.24163E-1 5.28088E-1
3.51865E-1 3.50826E-1 3.47937E-1 3.44926E-1 3.52155E-1 3.63528E-1 3.66462E-1 3.70251E-1 3.76895E-1 3.73287E-1 3.8094E-1 3.90655E-1 3.91305E-1 3.9344E-1 3.9382E-1 3.94573E-1 3.94711E-1 3.93643E-1 4.01647E-1 4.03703E-1 4.07872E-1 4.23921E-1 4.24483E-1 4.24258E-1 4.24839E-1 4.29221E-1 4.41267E-1 4.41559E-1 4.43933E-1 4.44606E-1 4.41572E-1 4.43433E-1 4.50862E-1 4.48557E-1 4.61464E-1 4.75535E-1 4.96832E-1 5.215E-1 5.31077E-1 5.29485E-1 5.12735E-1 4.99015E-1 4.90915E-1 4.85885E-1 4.89165E-1 4.92679E-1 5.01627E-1 5.03792E-1 5.03811E-1 5.00431E-1 5.02319E-1 5.09474E-1 5.08013E-1 5.12066E-1 5.08035E-1 5.12143E-1 5.1664E-1 5.2115E-1 5.29208E-1 5.34939E-1 5.3564E-1
3.47002E-1 3.39602E-1 3.38437E-1 3.38563E-1 3.43548E-1 3.53236E-1 3.61004E-1 3.68578E-1 3.69556E-1 3.69845E-1 3.78773E-1 3.85117E-1 3.88956E-1 3.89767E-1 3.89402E-1 3.89114E-1 3.8885E-1 3.96017E-1 4.0053E-1 4.07428E-1 4.16612E-1 4.23377E-1 4.234E-1 4.27644E-1 4.29799E-1 4.30932E-1 4.38467E-1 4.42348E-1 4.48014E-1 4.49618E-1 4.47215E-1 4.52781E-1 4.50695E-1 4.53843E-1 4.56769E-1 4.61269E-1 4.7412E-1 4.84994E-1 4.88775E-1 5.03472E-1 5.00088E-1 4.95511E-1 4.9248E-1 4.93625E-1 4.94068E-1 5.02293E-1 5.11178E-1 5.16277E-1 5.14023E-1 5.03971E-1 5.06381E-1 5.1558E-1 5.1088E-1 5.0822E-1 5.1137E-1 5.10124E-1 5.17787E-1 5.25705E-1 5.36092E-1 5.46174E-1 5.48711E-1
3.48589E-1 3.45845E-1 3.45907E-1 3.44639E-1 3.45841E-1 3.5074E-1 3.56052E-1 3.63119E-1 3.68196E-1 3.77989E-1 3.80336E-1 3.81788E-1 3.80419E-1 3.7743E-1 3.86317E-1 3.87464E-1 3.90318E-1 3.96969E-1 4.06E-1 4.09605E-1 4.14363E-1 4.25985E-1 4.27218E-1 4.30667E-1 4.35861E-1 4.38534E-1 4.39459E-1 4.509E-1 4.51028E-1 4.57606E-1 4.59611E-1 4.63233E-1 4.63161E-1 4.63307E-1 4.61935E-1 4.69731E-1 4.73913E-1 4.79288E-1 4.90229E-1 4.93609E-1 4.96335E-1 5.04362E-1 5.0772E-1 5.01189E-1 5.00605E-1 5.10936E-1 5.17394E-1 5.2179E-1 5.17846E-1 5.17746E-1 5.12812E-1 5.19331E-1 5.16661E-1 5.14682E-1 5.17564E-1 5.21187E-1 5.29223E-1 5.34964E-1 5.42497E-1 5.52342E-1 5.60611E-1
3.45211E-1 3.50785E-1 3.5232E-1 3.55432E-1 3.52387E-1 3.55488E-1 3.66154E-1 3.68609E-1 3.73869E-1 3.78579E-1 3.83778E-1 3.88703E-1 3.84261E-1 3.81329E-1 3.83802E-1 3.87422E-1 3.91975E-1 4.07393E-1 4.09255E-1 4.07981E-1 4.1799E-1 4.23265E-1 4.29683E-1 4.32131E-1 4.39476E-1 4.44838E-1 4.48944E-1 4.51024E-1 4.53109E-1 4.6501E-1 4.6831E-1 4.72537E-1 4.77102E-1 4.75365E-1 4.74142E-1 4.79184E-1 4.80759E-1 4.84996E-1 4.91375E-1 4.94772E-1 5.02627E-1 5.08899E-1 5.1125E-1 5.09403E-1 5.05441E-1 5.10936E-1 5.17184E-1 5.19765E-1 5.24389E-1 5.31351E-1 5.26953E-1 5.20659E-1 5.26518E-1 5.2189E-1 5.20886E-1 5.26375E-1 5.3726E-1 5.45058E-1 5.53E-1 5.58869E-1 5.63986E-1
3.5081E-1 3.57692E-1 3.62796E-1 3.63303E-1 3.62874E-1 3.66294E-1 3.68866E-1 3.68519E-1 3.72196E-1 3.79162E-1 3.81057E-1 3.84233E-1 3.8701E-1 3.85447E-1 3.84586E-1 3.91821E-1 4.00217E-1 4.10312E-1 4.07677E-1 4.06042E-1 4.13943E-1 4.21294E-1 4.29981E-1 4.39707E-1 4.47894E-1 4.50399E-1 4.5155E-1 4.54512E-1 4.63043E-1 4.71705E-1 4.71807E-1 4.74147E-1 4.8181E-1 4.86399E-1 4.86209E-1 4.82827E-1 4.86448E-1 4.87827E-1 4.93825E-1 4.96147E-1 5.03178E-1 5.07794E-1 5.12902E-1 5.11364E-1 5.10323E-1 5.13197E-1 5.17112E-1 5.19512E-1 5.24656E-1 5.28185E-1 5.33744E-1 5.28262E-1 5.29619E-1 5.30265E-1 5.30357E-1 5.32841E-1 5.45587E-1 5.56622E-1 5.63022E-1 5.67798E-1 5.71183E-1
3.52671E-1 3.57937E-1 3.61359E-1 3.57796E-1 3.61787E-1 3.64924E-1 3.66492E-1 3.71317E-1 3.76783E-1 3.78205E-1 3.83662E-1 3.88471E-1 3.88794E-1 3.88046E-1 3.87137E-1 3.98642E-1 4.05358E-1 4.14238E-1 4.17537E-1 4.16629E-1 4.19848E-1 4.28131E-1 4.34091E-1 4.40556E-1 4.51735E-1 4.54713E-1 4.59131E-1 4.62417E-1 4.71061E-1 4.74847E-1 4.75582E-1 4.77397E-1 4.82607E-1 4.91052E-1 4.92173E-1 4.92958E-1 4.9456E-1 4.97024E-1 4.93375E-1 4.98141E-1 4.97244E-1 5.00428E-1 5.07339E-1 5.18298E-1 5.17957E-1 5.20416E-1 5.20652E-1 5.23572E-1 5.29767E-1 5.27135E-1 5.28005E-1 5.38635E-1 5.39455E-1 5.44105E-1 5.44173E-1 5.45449E-1 5.5535E-1 5.63247E-1 5.69255E-1 5.70694E-1 5.72601E-1
3.54094E-1 3.57773E-1 3.63071E-1 3.65333E-1 3.71202E-1 3.77069E-1 3.7376E-1 3.78358E-1 3.77617E-1 3.77121E-1 3.83065E-1 3.91788E-1 3.9103E-1 3.91525E-1 4.01224E-1 3.99238E-1 4.07416E-1 4.1484E-1 4.19291E-1 4.27403E-1 4.3433E-1 4.35616E-1 4.36741E-1 4.4147E-1 4.53439E-1 4.57196E-1 4.60809E-1 4.70946E-1 4.76924E-1 4.80427E-1 4.80172E-1 4.81287E-1 4.8956E-1 4.90129E-1 4.94322E-1 4.93707E-1 4.95703E-1 4.95034E-1 4.96316E-1 4.94691E-1 4.92968E-1 4.97217E-1 5.04926E-1 5.17174E-1 5.23535E-1 5.22617E-1 5.24246E-1 5.29167E-1 5.35061E-1 5.36812E-1 5.35854E-1 5.36269E-1 5.42347E-1 5.53482E-1 5.55682E-1 5.60973E-1 5.62868E-1 5.66457E-1 5.65709E-1 5.65768E-1 5.66958E-1
3.51147E-1 3.55067E-1 3.60949E-1 3.69784E-1 3.71697E-1 3.73137E-1 3.76211E-1 3.76681E-1 3.7801E-1 3.7793E-1 3.85113E-1 3.96738E-1 3.96124E-1 4.00329E-1 4.09592E-1 4.08905E-1 4.05427E-1 4.08893E-1 4.18972E-1 4.28159E-1 4.31333E-1 4.29942E-1 4.3181E-1 4.40813E-1 4.5305E-1 4.62861E-1 4.67781E-1 4.69957E-1 4.74924E-1 4.79485E-1 4.79907E-1 4.80426E-1 4.84789E-1 4.92679E-1 4.92689E-1 5.00907E-1 4.99326E-1 4.97484E-1 4.97937E-1 4.95002E-1 4.93975E-1 4.92228E-1 4.98276E-1 5.18134E-1 5.23367E-1 5.22993E-1 5.24274E-1 5.30867E-1 5.35296E-1 5.43562E-1 5.50193E-1 5.52954E-1 5.54343E-1 5.58233E-1 5.70536E-1 5.76941E-1 5.72215E-1 5.73958E-1 5.70086E-1 5.6638E-1 5.6139E-1
3.53622E-1 3.55799E-1 3.64707E-1 3.68891E-1 3.70983E-1 3.69795E-1 3.72861E-1 3.77635E-1 3.7739E-1 3.74015E-1 3.85477E-1 3.9737E-1 4.05796E-1 4.11159E-1 4.06193E-1 4.091E-1 4.06404E-1 4.11079E-1 4.16434E-1 4.18902E-1 4.25962E-1 4.30259E-1 4.30785E-1 4.37722E-1 4.52925E-1 4.60515E-1 4.66605E-1 4.68257E-1 4.77122E-1 4.82679E-1 4.80055E-1 4.8279E-1 4.87943E-1 4.92319E-1 5.00529E-1 5.02298E-1 5.04074E-1 5.04266E-1 5.05461E-1 5.06581E-1 5.01169E-1 4.91229E-1 5.0172E-1 5.1128E-1 5.19982E-1 5.21701E-1 5.27882E-1 5.29682E-1 5.44574E-1 5.43413E-1 5.4858E-1 5.57909E-1 5.69557E-1 5.75753E-1 5.82593E-1 5.79328E-1 5.78303E-1 5.82078E-1 5.72857E-1 5.69717E-1 5.68022E-1
3.56248E-1 3.61782E-1 3.66211E-1 3.69242E-1 3.71828E-1 3.69056E-1 3.72358E-1 3.79958E-1 3.83329E-1 3.8313E-1 3.88184E-1 4.02043E-1 4.16047E-1 4.19803E-1 4.0339E-1 4.05018E-1 4.15298E-1 4.16174E-1 4.14973E-1 4.15768E-1 4.22247E-1 4.32174E-1 4.33987E-1 4.4255E-1 4.51993E-1 4.6204E-1 4.67923E-1 4.69856E-1 4.74186E-1 4.84681E-1 4.88758E-1 4.90113E-1 4.9208E-1 4.96938E-1 5.02632E-1 5.0345E-1 5.06779E-1 5.10316E-1 5.16756E-1 5.18639E-1 5.15784E-1 5.09944E-1 5.1214E-1 5.1726E-1 5.22774E-1 5.25447E-1 5.31746E-1 5.40251E-1 5.50682E-1 5.58394E-1 5.62324E-1 5.68305E-1 5.79744E-1 5.86464E-1 5.8655E-1 5.8247E-1 5.83278E-1 5.83513E-1 5.82616E-1 5.81158E-1 5.7691E-1
3.54898E-1 3.64546E-1 3.74804E-1 3.72795E-1 3.73951E-1 3.72969E-1 3.77578E-1 3.80301E-1 3.85541E-1 3.87817E-1 3.92603E-1 4.01588E-1 4.1264E-1 4.20145E-1 4.08388E-1 4.07162E-1 4.17334E-1 4.21417E-1 4.23131E-1 4.21005E-1 4.28997E-1 4.33207E-1 4.36805E-1 4.46403E-1 4.55329E-1 4.66351E-1 4.7426E-1 4.76933E-1 4.84678E-1 4.91809E-1 4.9162E-1 4.96793E-1 5.02184E-1 5.00268E-1 5.04505E-1 5.17109E-1 5.25696E-1 5.11347E-1 5.15433E-1 5.22645E-1 5.31375E-1 5.22779E-1 5.21934E-1 5.23262E-1 5.31829E-1 5.3488E-1 5.45646E-1 5.50821E-1 5.57291E-1 5.64277E-1 5.76355E-1 5.83611E-1 5.87887E-1 5.8835E-1 5.83246E-1 5.86429E-1 5.8492E-1 5.86242E-1 5.93562E-1 5.95088E-1 5.94891E-1
3.63057E-1 3.68567E-1 3.75854E-1 3.78298E-1 3.7806E-1 3.80118E-1 3.81102E-1 3.83306E-1 3.85241E-1 3.89763E-1 3.90842E-1 3.94091E-1 4.01531E-1 4.12486E-1 4.10629E-1 4.13659E-1 4.16145E-1 4.24057E-1 4.28203E-1 4.31039E-1 4.32783E-1 4.3808E-1 4.42292E-1 4.47923E-1 4.61085E-1 4.78463E-1 4.82613E-1 4.8758E-1 4.8915E-1 4.97634E-1 4.97884E-1 5.00272E-1 5.01168E-1 5.03427E-1 5.08053E-1 5.14536E-1 5.16061E-1 5.15016E-1 5.17129E-1 5.23659E-1 5.358E-1 5.33932E-1 5.34096E-1 5.4132E-1 5.50997E-1 5.48418E-1 5.62782E-1 5.63776E-1 5.65528E-1 5.69503E-1 5.89035E-1 5.981E-1 5.96403E-1 6.00207E-1 6.02152E-1 5.93709E-1 5.87436E-1 5.89089E-1 6.02054E-1 6.06174E-1 6.14709E-1
3.64468E-1 3.68218E-1 3.75253E-1 3.78654E-1 3.81536E-1 3.82496E-1 3.84548E-1 3.83758E-1 3.85755E-1 3.87589E-1 3.95023E-1 3.94579E-1 4.01004E-1 4.12456E-1 4.13914E-1 4.1822E-1 4.23511E-1 4.2716E-1 4.25629E-1 4.26918E-1 4.31344E-1 4.43623E-1 4.56021E-1 4.58487E-1 4.67229E-1 4.79052E-1 4.84862E-1 4.91085E-1 4.92724E-1 5.0035E-1 5.03213E-1 5.05932E-1 5.07777E-1 5.06428E-1 5.08516E-1 5.11184E-1 5.18185E-1 5.18853E-1 5.23257E-1 5.27034E-1 5.34243E-1 5.41833E-1 5.49286E-1 5.56654E-1 5.60179E-1 5.68258E-1 5.76373E-1 5.73159E-1 5.75267E-1 5.80049E-1 5.91878E-1 6.0943E-1 6.08345E-1 6.02593E-1 6.05998E-1 6.08986E-1 5.96891E-1 5.97985E-1 6.07216E-1 6.21132E-1 6.28531E-1
3.67064E-1 3.68274E-1 3.72398E-1 3.7854E-1 3.82445E-1 3.86919E-1 3.86955E-1 3.90181E-1 3.89674E-1 3.94271E-1 3.98607E-1 4.06159E-1 4.16631E-1 4.24171E-1 4.21009E-1 4.27711E-1 4.33434E-1 4.37521E-1 4.34348E-1 4.34013E-1 4.38107E-1 4.45591E-1 4.63991E-1 4.62702E-1 4.70248E-1 4.88013E-1 4.93887E-1 4.94689E-1 5.03554E-1 5.07171E-1 5.14498E-1 5.16836E-1 5.1895E-1 5.11865E-1 5.17534E-1 5.19824E-1 5.24266E-1 5.25471E-1 5.34389E-1 5.39364E-1 5.48201E-1 5.51673E-1 5.59181E-1 5.69725E-1 5.72178E-1 5.79088E-1 5.80519E-1 5.83104E-1 5.85792E-1 5.94145E-1 6.05866E-1 6.13792E-1 6.10993E-1 6.20666E-1 6.14392E-1 6.23275E-1 6.16625E-1 6.10674E-1 6.20059E-1 6.35594E-1 6.53154E-1
3.71218E-1 3.75252E-1 3.77798E-1 3.80998E-1 3.87039E-1 3.90506E-1 3.90052E-1 3.90824E-1 3.94781E-1 3.94224E-1 4.02362E-1 4.1204E-1 4.22884E-1 4.2777E-1 4.26731E-1 4.302E-1 4.41004E-1 4.49262E-1 4.4764E-1 4.47847E-1 4.50781E-1 4.56428E-1 4.68995E-1 4.73346E-1 4.76901E-1 4.92596E-1 4.9341E-1 4.98195E-1 5.07854E-1 5.15658E-1 5.26022E-1 5.32943E-1 5.34962E-1 5.32292E-1 5.43315E-1 5.33015E-1 5.34864E-1 5.42199E-1 5.45493E-1 5.53873E-1 5.61037E-1 5.61131E-1 5.67933E-1 5.78782E-1 5.81831E-1 5.81448E-1 5.85049E-1 5.87763E-1 5.9492E-1 6.0325E-1 6.10942E-1 6.15177E-1 6.30417E-1 6.27276E-1 6.2347E-1 6.31616E-1 6.3416E-1 6.35643E-1 6.34055E-1 6.51742E-1 6.71373E-1
3.77435E-1 3.81344E-1 3.80371E-1 3.81887E-1 3.86536E-1 3.92146E-1 3.97292E-1 3.97442E-1 3.98979E-1 3.97493E-1 4.08132E-1 4.13465E-1 4.24562E-1 4.25011E-1 4.3123E-1 4.37249E-1 4.47882E-1 4.5201E-1 4.50987E-1 4.5241E-1 4.56972E-1 4.64776E-1 4.73361E-1 4.85608E-1 4.95511E-1 4.91855E-1 4.91286E-1 5.00554E-1 5.11566E-1 5.20854E-1 5.29912E-1 5.43087E-1 5.45151E-1 5.47202E-1 5.43939E-1 5.45721E-1 5.50463E-1 5.60554E-1 5.6389E-1 5.73985E-1 5.7406E-1 5.74258E-1 5.77396E-1 5.8608E-1 5.84766E-1 5.81891E-1 5.83897E-1 5.83588E-1 5.95512E-1 6.09415E-1 6.1388E-1 6.15986E-1 6.2131E-1 6.33606E-1 6.41668E-1 6.42914E-1 6.53116E-1 6.58491E-1 6.5611E-1 6.67322E-1 6.76493E-1
3.78365E-1 3.88663E-1 3.81053E-1 3.85583E-1 3.89612E-1 3.91395E-1 3.97146E-1 3.98941E-1 4.02162E-1 4.06753E-1 4.10526E-1 4.2041E-1 4.24825E-1 4.297E-1 4.33379E-1 4.43901E-1 4.47293E-1 4.53389E-1 4.50669E-1 4.57716E-1 4.65022E-1 4.72612E-1 4.81405E-1 4.87505E-1 4.9471E-1 4.92263E-1 4.93771E-1 5.03631E-1 5.17657E-1 5.2281E-1 5.33032E-1 5.42721E-1 5.46019E-1 5.50459E-1 5.52753E-1 5.57116E-1 5.71285E-1 5.74257E-1 5.77745E-1 5.85426E-1 5.85586E-1 5.792E-1 5.84668E-1 5.95849E-1 5.91063E-1 5.88175E-1 5.85993E-1 5.89593E-1 5.97008E-1 6.11106E-1 6.16117E-1 6.16912E-1 6.26373E-1 6.3647E-1 6.42904E-1 6.54371E-1 6.65613E-1 6.72211E-1 6.6547E-1 6.7173E-1 6.87701E-1
3.73769E-1 3.83019E-1 3.77096E-1 3.74449E-1 3.82408E-1 3.87758E-1 3.98527E-1 3.99424E-1 4.09714E-1 4.13525E-1 4.20648E-1 4.26401E-1 4.29437E-1 4.33345E-1 4.37026E-1 4.45334E-1 4.48523E-1 4.53239E-1 4.55403E-1 4.70139E-1 4.76877E-1 4.82189E-1 4.90067E-1 4.94574E-1 4.96503E-1 4.99543E-1 5.03515E-1 5.13544E-1 5.25174E-1 5.37637E-1 5.46428E-1 5.50427E-1 5.47399E-1 5.48279E-1 5.54965E-1 5.64172E-1 5.7331E-1 5.72743E-1 5.77781E-1 5.83843E-1 5.837E-1 5.76732E-1 5.88587E-1 5.99121E-1 6.01575E-1 6.00857E-1 5.92044E-1 5.95573E-1 6.07652E-1 6.21123E-1 6.22047E-1 6.30516E-1 6.35547E-1 6.48283E-1 6.57898E-1 6.6718E-1 6.71807E-1 6.69082E-1 6.70119E-1 6.69775E-1 6.74437E-1
3.72631E-1 3.79512E-1 3.86359E-1 3.86118E-1 3.8309E-1 3.88844E-1 4.01294E-1 4.04985E-1 4.10182E-1 4.10817E-1 4.18638E-1 4.27891E-1 4.29896E-1 4.33961E-1 4.39534E-1 4.47557E-1 4.50727E-1 4.55702E-1 4.67641E-1 4.78927E-1 4.88314E-1 4.92562E-1 4.98761E-1 5.02612E-1 5.07219E-1 5.10857E-1 5.17925E-1 5.24367E-1 5.36599E-1 5.54556E-1 5.64289E-1 5.62015E-1 5.53394E-1 5.52901E-1 5.64198E-1 5.69538E-1 5.74047E-1 5.76452E-1 5.77394E-1 5.76511E-1 5.71531E-1 5.71788E-1 5.79761E-1 5.88257E-1 5.99974E-1 6.09052E-1 6.09387E-1 6.0684E-1 6.22495E-1 6.35878E-1 6.4365E-1 6.48903E-1 6.53339E-1 6.57135E-1 6.56591E-1 6.64708E-1 6.55473E-1 6.65786E-1 6.62316E-1 6.58378E-1 6.68937E-1
3.76249E-1 3.78395E-1 3.76585E-1 3.85884E-1 3.86629E-1 3.97471E-1 4.04414E-1 4.09392E-1 4.1271E-1 4.14861E-1 4.21969E-1 4.25306E-1 4.33238E-1 4.36414E-1 4.42628E-1 4.6339E-1 4.62164E-1 4.67215E-1 4.76828E-1 4.89732E-1 4.98906E-1 4.98733E-1 5.03701E-1 5.11605E-1 5.19146E-1 5.24693E-1 5.3048E-1 5.34583E-1 5.54462E-1 5.65796E-1 5.73436E-1 5.73183E-1 5.70806E-1 5.74472E-1 5.77466E-1 5.83267E-1 5.84717E-1 5.77296E-1 5.72206E-1 5.74621E-1 5.76018E-1 5.75287E-1 5.84509E-1 5.87212E-1 6.03549E-1 6.16944E-1 6.20838E-1 6.22859E-1 6.30404E-1 6.46021E-1 6.60362E-1 6.64825E-1 6.69939E-1 6.67705E-1 6.58057E-1 6.46721E-1 6.53554E-1 6.57205E-1 6.68764E-1 6.69251E-1 6.84953E-1
3.90788E-1 3.95717E-1 3.91046E-1 3.85285E-1 3.94251E-1 3.97451E-1 4.03372E-1 4.12556E-1 4.18698E-1 4.2665E-1 4.28694E-1 4.29986E-1 4.34208E-1 4.40302E-1 4.49106E-1 4.60114E-1 4.63977E-1 4.72876E-1 4.85047E-1 4.96612E-1 5.04794E-1 5.01378E-1 5.06287E-1 5.32203E-1 5.31064E-1 5.35538E-1 5.47141E-1 5.64754E-1 5.6511E-1 5.70171E-1 5.80294E-1 5.86089E-1 5.92241E-1 6.00346E-1 5.99854E-1 6.01319E-1 6.10108E-1 5.93038E-1 5.81527E-1 5.91476E-1 5.84517E-1 5.89944E-1 5.92587E-1 5.96232E-1 6.11461E-1 6.24515E-1 6.30153E-1 6.28978E-1 6.41797E-1 6.45638E-1 6.67528E-1 6.76002E-1 6.81135E-1 6.81356E-1 6.69609E-1 6.5398E-1 6.46796E-1 6.60155E-1 6.75687E-1 6.90121E-1 7.01683E-1
3.92104E-1 3.85736E-1 3.97017E-1 3.93799E-1 3.93969E-1 3.97064E-1 4.02034E-1 4.13867E-1 4.21665E-1 4.39482E-1 4.37455E-1 4.4246E-1 4.41478E-1 4.46157E-1 4.57086E-1 4.64852E-1 4.7201E-1 4.78564E-1 4.84951E-1 4.95358E-1 5.07009E-1 4.99954E-1 5.16502E-1 5.33493E-1 5.38884E-1 5.38242E-1 5.59615E-1 5.74106E-1 5.77023E-1 5.77706E-1 5.9363E-1 5.95241E-1 6.03978E-1 6.32028E-1 6.23739E-1 6.00788E-1 5.96848E-1 6.04249E-1 5.96521E-1 5.93482E-1 6.12705E-1 6.21997E-1 6.10933E-1 6.24291E-1 6.1665E-1 6.29471E-1 6.32884E-1 6.3915E-1 6.6064E-1 6.70377E-1 6.77279E-1 6.86394E-1 6.96126E-1 7.04029E-1 6.91585E-1 6.7677E-1 6.58334E-1 6.72332E-1 6.82683E-1 6.95099E-1 7.09448E-1
3.95121E-1 3.91134E-1 3.89226E-1 4.00892E-1 4.07283E-1 4.06938E-1 4.0414E-1 4.16019E-1 4.26687E-1 4.31211E-1 4.3544E-1 4.4465E-1 4.55037E-1 4.57285E-1 4.63436E-1 4.71729E-1 4.79805E-1 4.87404E-1 4.96704E-1 5.01653E-1 5.03324E-1 5.05795E-1 5.1876E-1 5.29554E-1 5.39021E-1 5.55506E-1 5.73913E-1 5.82946E-1 5.86164E-1 5.87747E-1 5.9263E-1 5.94171E-1 6.15518E-1 6.25291E-1 6.27415E-1 6.24421E-1 6.28894E-1 6.30999E-1 6.14867E-1 6.02479E-1 6.06435E-1 6.06628E-1 6.14097E-1 6.30424E-1 6.30985E-1 6.34112E-1 6.4439E-1 6.57052E-1 6.69906E-1 6.79135E-1 6.91003E-1 6.85455E-1 7.026E-1 7.03135E-1 6.92554E-1 6.778E-1 6.74653E-1 6.81489E-1 6.85041E-1 6.98155E-1 7.08419E-1
3.92521E-1 3.93738E-1 3.95742E-1 3.99532E-1 4.11404E-1 4.13712E-1 4.1537E-1 4.15356E-1 4.23494E-1 4.31957E-1 4.38177E-1 4.46632E-1 4.54526E-1 4.64828E-1 4.65943E-1 4.7149E-1 4.74086E-1 4.86747E-1 4.95367E-1 5.00911E-1 5.02298E-1 5.15443E-1 5.24507E-1 5.33647E-1 5.42909E-1 5.72362E-1 5.86969E-1 5.93101E-1 5.93397E-1 5.95277E-1 6.0408E-1 6.0815E-1 6.19403E-1 6.2928E-1 6.3404E-1 6.39293E-1 6.49876E-1 6.45142E-1 6.21187E-1 6.13832E-1 6.08196E-1 6.13885E-1 6.37864E-1 6.37585E-1 6.35187E-1 6.43632E-1 6.4925E-1 6.54745E-1 6.69544E-1 6.8522E-1 6.90278E-1 6.82929E-1 6.92487E-1 7.04798E-1 6.89634E-1 6.84205E-1 6.85217E-1 6.84089E-1 6.86617E-1 7.03318E-1 7.11223E-1
