maxent_outputs/white_flowers_linear/white_6.asc
ncols         426
nrows         180
xllcorner     -130.0
yllcorner     24.0
cellsize      0.16666666666666666
NODATA_value  -9999
[rows 54 to 80 of 180, columns 61 to 121 of 426]
7.98406E-2 7.11091E-2 8.86534E-2 8.7604E-2 7.29541E-2 5.98668E-2 4.96257E-2 4.05384E-2 3.23521E-2 2.18943E-2 3.40665E-2 4.44804E-2 5.08327E-2 5.59968E-2 4.72068E-2 4.43945E-2 5.17038E-2 6.73805E-2 4.47288E-2 3.20767E-2 3.70697E-2 2.98089E-2 2.2115E-2 1.49366E-2 2.54761E-2 1.72286E-2 1.39308E-2 1.1925E-2 1.33905E-2 1.28321E-2 1.84655E-2 1.34064E-2 1.35817E-2 1.08969E-2 1.40134E-2 1.64676E-2 1.27762E-2 1.41873E-2 1.16665E-2 1.31064E-2 1.60455E-2 1.71337E-2 1.45802E-2 9.03634E-3 1.31928E-2 1.08152E-2 8.56992E-3 6.49006E-3 6.83637E-3 1.0057E-2 5.12357E-3 5.04888E-3 5.24374E-3 4.51787E-3 5.91524E-3 5.76182E-3 5.92588E-3 5.576E-3 5.20595E-3 4.51206E-3 6.8737E-3
8.28484E-2 9.17172E-2 8.72802E-2 6.23087E-2 6.09994E-2 5.95874E-2 4.20669E-2 2.8243E-2 3.50996E-2 3.53439E-2 3.14907E-2 4.35663E-2 4.42579E-2 4.8593E-2 4.65094E-2 6.00371E-2 7.38333E-2 5.50994E-2 2.63151E-2 3.84177E-2 4.12912E-2 2.33322E-2 2.22072E-2 2.03753E-2 1.73723E-2 1.39902E-2 1.22232E-2 1.25187E-2 1.57558E-2 1.69207E-2 1.44562E-2 1.19171E-2 1.20343E-2 1.09683E-2 1.58207E-2 1.14095E-2 9.77119E-3 1.21574E-2 1.26892E-2 9.92383E-3 1.03617E-2 9.66957E-3 1.39017E-2 1.20771E-2 8.81467E-3 7.52097E-3 6.67913E-3 6.07817E-3 6.462E-3 7.41237E-3 5.7576E-3 6.73864E-3 5.72249E-3 4.9627E-3 5.14402E-3 4.73707E-3 5.13607E-3 4.70528E-3 5.11952E-3 4.38735E-3 6.06626E-3
6.3236E-2 7.90821E-2 6.0138E-2 5.08324E-2 4.96741E-2 4.83047E-2 4.95547E-2 4.2077E-2 3.64562E-2 3.63185E-2 3.32148E-2 3.80852E-2 3.59169E-2 3.96021E-2 5.2055E-2 4.49185E-2 5.49721E-2 3.54877E-2 4.84777E-2 4.44997E-2 4.2701E-2 2.81754E-2 2.63545E-2 2.22717E-2 1.82436E-2 1.36454E-2 1.20871E-2 1.30291E-2 1.23599E-2 1.16696E-2 1.13664E-2 1.03627E-2 1.0634E-2 1.6484E-2 1.46745E-2 1.68387E-2 1.09576E-2 7.563E-3 1.0424E-2 1.14784E-2 7.85498E-3 8.13598E-3 8.88981E-3 9.91753E-3 8.42299E-3 7.32559E-3 7.08335E-3 7.5985E-3 7.75698E-3 6.82706E-3 7.33352E-3 6.72925E-3 5.59482E-3 5.24455E-3 5.40701E-3 4.8967E-3 5.24133E-3 4.50567E-3 4.58513E-3 5.04189E-3 5.50925E-3
4.7547E-2 7.23401E-2 6.70954E-2 7.00438E-2 7.20144E-2 6.02215E-2 5.43211E-2 4.93038E-2 3.04327E-2 3.15733E-2 3.21621E-2 3.48679E-2 3.69591E-2 3.58536E-2 4.39163E-2 7.19495E-2 5.31778E-2 5.41278E-2 5.62321E-2 4.29285E-2 4.15197E-2 3.26929E-2 2.09994E-2 2.54113E-2 2.23792E-2 1.53381E-2 1.20674E-2 1.10042E-2 1.03409E-2 9.06506E-3 9.21721E-3 8.96798E-3 9.29071E-3 1.53208E-2 1.53496E-2 9.57117E-3 1.36292E-2 9.25046E-3 7.89808E-3 8.57754E-3 8.00638E-3 7.32217E-3 8.05014E-3 8.0847E-3 7.91823E-3 9.14544E-3 9.23735E-3 8.39202E-3 7.91056E-3 7.88707E-3 8.93203E-3 8.01901E-3 5.00836E-3 4.6623E-3 5.26216E-3 4.98292E-3 5.741E-3 5.23127E-3 4.77881E-3 6.89931E-3 8.45724E-3
4.01306E-2 4.99614E-2 5.34344E-2 4.20081E-2 3.52014E-2 4.14229E-2 2.92621E-2 2.62531E-2 2.71791E-2 2.84601E-2 3.17175E-2 3.46328E-2 3.46382E-2 5.0615E-2 5.87588E-2 7.58553E-2 8.18762E-2 8.53547E-2 7.75523E-2 5.19068E-2 4.1459E-2 3.77875E-2 2.98686E-2 3.71921E-2 1.98988E-2 1.88624E-2 1.34117E-2 1.37637E-2 1.08037E-2 1.00699E-2 1.05104E-2 1.12294E-2 1.09309E-2 1.21075E-2 9.56174E-3 8.13219E-3 8.33797E-3 8.51293E-3 9.93684E-3 8.4519E-3 7.69217E-3 8.64266E-3 9.06972E-3 1.20473E-2 1.50075E-2 1.45331E-2 1.23755E-2 9.62064E-3 9.25295E-3 1.02943E-2 9.95499E-3 9.43649E-3 7.05498E-3 6.33358E-3 5.30575E-3 4.73538E-3 4.71734E-3 4.39386E-3 4.2144E-3 3.83813E-3 4.70772E-3
4.31657E-2 3.8969E-2 4.39356E-2 3.7089E-2 3.09501E-2 2.95009E-2 3.44569E-2 2.85935E-2 2.96181E-2 3.27466E-2 3.31661E-2 3.97137E-2 4.54833E-2 4.72998E-2 6.80844E-2 7.28396E-2 7.59025E-2 8.68887E-2 7.77538E-2 7.24094E-2 5.33989E-2 4.76984E-2 3.82523E-2 4.23833E-2 2.83074E-2 2.5903E-2 1.92107E-2 1.48718E-2 1.03428E-2 9.76893E-3 8.23831E-3 6.51252E-3 9.53896E-3 9.93526E-3 8.19586E-3 1.01023E-2 7.47555E-3 6.54942E-3 9.22369E-3 1.2473E-2 9.03351E-3 1.21268E-2 1.47432E-2 1.61151E-2 1.57581E-2 1.5046E-2 1.45495E-2 1.27935E-2 1.25788E-2 1.21931E-2 1.33515E-2 1.1512E-2 1.09383E-2 7.966E-3 5.95117E-3 5.04645E-3 4.50286E-3 4.11642E-3 4.21454E-3 3.87782E-3 4.10947E-3
3.47732E-2 3.0851E-2 3.33358E-2 3.33321E-2 3.33415E-2 3.2488E-2 3.43079E-2 3.7049E-2 3.59826E-2 4.04369E-2 4.02942E-2 4.01664E-2 5.60164E-2 6.52053E-2 6.82097E-2 6.96052E-2 8.13949E-2 8.5808E-2 7.9861E-2 8.39477E-2 7.78361E-2 5.9347E-2 3.77156E-2 3.43636E-2 2.72393E-2 2.36259E-2 1.92139E-2 1.45368E-2 9.49996E-3 8.1149E-3 8.3621E-3 6.86345E-3 6.60144E-3 7.44365E-3 8.38862E-3 7.78256E-3 8.76467E-3 1.09894E-2 1.07609E-2 1.21387E-2 1.73204E-2 1.5004E-2 1.75061E-2 1.54603E-2 1.55774E-2 1.47549E-2 1.49572E-2 1.5112E-2 1.57806E-2 1.44805E-2 1.23948E-2 9.00269E-3 8.5643E-3 6.8673E-3 6.60957E-3 6.72367E-3 5.58226E-3 5.11264E-3 4.36161E-3 3.81535E-3 4.32788E-3
3.14759E-2 2.9988E-2 2.98351E-2 3.11915E-2 3.17371E-2 3.53238E-2 3.62463E-2 3.71594E-2 4.34692E-2 4.58485E-2 5.72026E-2 5.14621E-2 6.00379E-2 5.55931E-2 5.84703E-2 6.66264E-2 8.88401E-2 8.83495E-2 8.46281E-2 7.98963E-2 8.00979E-2 6.75843E-2 3.9653E-2 3.91255E-2 3.15145E-2 3.07644E-2 2.31712E-2 1.72203E-2 1.18604E-2 9.65743E-3 8.94825E-3 9.28922E-3 1.14216E-2 8.91269E-3 6.2387E-3 6.6786E-3 7.57523E-3 1.01994E-2 1.28024E-2 1.27977E-2 1.50821E-2 1.66468E-2 1.65877E-2 1.66243E-2 1.58775E-2 1.54271E-2 1.66804E-2 1.71608E-2 1.61831E-2 1.37118E-2 1.01452E-2 8.8387E-3 7.72351E-3 5.86353E-3 5.78784E-3 5.56383E-3 5.61884E-3 5.18794E-3 4.14332E-3 5.24249E-3 5.26558E-3
3.76355E-2 3.90824E-2 3.55196E-2 3.38121E-2 3.89877E-2 3.77815E-2 3.81387E-2 3.84596E-2 3.71338E-2 5.5051E-2 4.83951E-2 3.71793E-2 4.07664E-2 4.26588E-2 6.32928E-2 6.49737E-2 7.87161E-2 8.9639E-2 9.25045E-2 8.81489E-2 8.20795E-2 8.92893E-2 6.48997E-2 4.5775E-2 4.08075E-2 2.44371E-2 1.83471E-2 2.48403E-2 1.60459E-2 1.39683E-2 1.19887E-2 1.15756E-2 1.30488E-2 1.20778E-2 1.17264E-2 9.37143E-3 8.8174E-3 1.09527E-2 1.33924E-2 1.40178E-2 1.61894E-2 1.64142E-2 1.65156E-2 1.59669E-2 1.65149E-2 1.74913E-2 1.84014E-2 1.93782E-2 1.83574E-2 1.41617E-2 1.15518E-2 1.01279E-2 8.44736E-3 5.86259E-3 6.68665E-3 5.39241E-3 5.37561E-3 5.04028E-3 4.62977E-3 5.72873E-3 8.0386E-3
4.15384E-2 4.39347E-2 4.48918E-2 4.27353E-2 4.35026E-2 4.45402E-2 4.98828E-2 4.4658E-2 4.20292E-2 4.94606E-2 3.96479E-2 3.59407E-2 3.81847E-2 4.07261E-2 6.53524E-2 6.51713E-2 4.90008E-2 5.1299E-2 7.98831E-2 8.32699E-2 7.05582E-2 6.63879E-2 5.81681E-2 5.37803E-2 4.15183E-2 3.17869E-2 2.7025E-2 2.06187E-2 1.68302E-2 1.49323E-2 1.42252E-2 1.49863E-2 1.54968E-2 1.59896E-2 1.48676E-2 1.39979E-2 1.56443E-2 1.48908E-2 1.63815E-2 1.46589E-2 1.60511E-2 1.85093E-2 1.8789E-2 1.87704E-2 2.08198E-2 2.24656E-2 2.23116E-2 1.80334E-2 1.39287E-2 1.1024E-2 1.19908E-2 1.1514E-2 7.37561E-3 8.00048E-3 7.84813E-3 5.2995E-3 3.97339E-3 3.97269E-3 4.43211E-3 4.19977E-3 3.49136E-3
4.25388E-2 4.42794E-2 4.85161E-2 5.05042E-2 5.08566E-2 5.01521E-2 5.27868E-2 4.69341E-2 4.55825E-2 4.27757E-2 3.48305E-2 3.88901E-2 4.04163E-2 5.18133E-2 5.63763E-2 3.88927E-2 3.9801E-2 3.30437E-2 4.85701E-2 7.83941E-2 7.60326E-2 6.38044E-2 5.87082E-2 6.12611E-2 5.86628E-2 4.60179E-2 2.61426E-2 1.93217E-2 1.87346E-2 1.8328E-2 1.7407E-2 1.74286E-2 2.10122E-2 2.21282E-2 2.2589E-2 2.27848E-2 2.35231E-2 2.11502E-2 2.13865E-2 1.77026E-2 1.72677E-2 2.07098E-2 2.23253E-2 2.2661E-2 2.51415E-2 2.5083E-2 2.09529E-2 1.45744E-2 1.03938E-2 8.75739E-3 9.09394E-3 9.56953E-3 1.10913E-2 7.55684E-3 8.6919E-3 7.35633E-3 6.29716E-3 5.26605E-3 4.99016E-3 4.02661E-3 3.22745E-3
4.1512E-2 3.83326E-2 3.97873E-2 3.94631E-2 4.50761E-2 4.83342E-2 5.13166E-2 4.55804E-2 3.88727E-2 4.07693E-2 4.25606E-2 4.221E-2 5.37573E-2 4.3086E-2 3.7795E-2 3.56054E-2 3.50124E-2 2.83116E-2 2.66596E-2 5.70153E-2 7.70647E-2 8.16269E-2 7.44835E-2 6.69686E-2 6.5278E-2 6.38479E-2 5.99449E-2 5.33456E-2 4.85905E-2 4.56789E-2 4.10387E-2 3.91156E-2 3.41708E-2 2.90454E-2 2.81746E-2 2.74666E-2 2.75629E-2 2.88146E-2 2.64733E-2 2.15668E-2 2.05222E-2 2.36338E-2 2.53267E-2 2.72762E-2 2.61462E-2 2.16642E-2 1.60546E-2 1.16928E-2 8.92541E-3 7.23336E-3 7.76707E-3 8.57409E-3 9.78606E-3 7.80005E-3 7.17797E-3 5.19772E-3 6.14081E-3 5.34848E-3 4.86004E-3 5.53337E-3 4.11711E-3
3.95275E-2 4.13633E-2 3.71607E-2 3.80539E-2 3.88536E-2 4.46475E-2 4.29965E-2 3.45171E-2 3.13506E-2 4.2733E-2 3.8662E-2 4.8248E-2 5.3174E-2 4.72124E-2 4.19924E-2 3.7942E-2 3.63036E-2 3.26361E-2 2.68891E-2 3.18248E-2 5.79794E-2 6.93767E-2 8.31149E-2 8.97568E-2 8.38013E-2 7.5775E-2 7.23809E-2 7.47271E-2 6.43845E-2 5.79856E-2 5.19994E-2 4.74406E-2 4.15819E-2 3.58845E-2 3.37442E-2 3.26193E-2 3.11063E-2 3.00524E-2 2.75611E-2 2.59712E-2 2.29675E-2 2.64613E-2 3.49426E-2 3.10482E-2 2.41135E-2 1.73313E-2 1.25766E-2 1.09206E-2 8.98554E-3 8.32704E-3 7.31549E-3 7.85272E-3 8.95511E-3 6.82889E-3 6.94744E-3 5.01489E-3 6.4279E-3 4.9291E-3 5.02986E-3 5.35572E-3 6.26388E-3
4.80408E-2 4.66121E-2 4.07804E-2 4.32548E-2 4.20456E-2 4.09285E-2 3.10415E-2 2.09212E-2 4.45534E-2 4.82016E-2 4.6881E-2 4.95158E-2 4.66833E-2 4.53353E-2 4.15944E-2 3.66397E-2 3.31559E-2 2.71316E-2 2.73182E-2 2.63265E-2 2.59197E-2 4.1588E-2 6.24905E-2 6.99902E-2 6.60527E-2 5.6294E-2 5.65295E-2 5.93048E-2 5.30398E-2 6.14059E-2 5.96987E-2 5.24963E-2 4.51545E-2 3.85748E-2 3.53147E-2 3.28098E-2 3.24537E-2 3.32542E-2 3.16186E-2 3.18047E-2 2.71599E-2 2.88246E-2 2.37898E-2 2.12995E-2 1.73746E-2 1.79023E-2 1.30767E-2 1.14823E-2 1.06572E-2 8.5348E-3 7.6397E-3 8.12644E-3 7.68748E-3 6.44269E-3 5.76479E-3 5.04707E-3 6.12966E-3 6.02585E-3 5.86021E-3 5.53776E-3 5.6879E-3
4.44856E-2 4.02733E-2 4.29374E-2 4.56014E-2 4.34622E-2 3.76129E-2 2.83496E-2 2.92597E-2 4.80765E-2 4.69781E-2 4.59471E-2 4.56918E-2 4.5537E-2 4.369E-2 3.9E-2 3.63263E-2 3.48882E-2 2.93442E-2 2.64514E-2 2.44196E-2 2.05806E-2 2.30705E-2 3.63978E-2 4.53672E-2 4.89094E-2 4.90436E-2 4.48414E-2 4.52164E-2 4.87111E-2 5.24231E-2 5.53876E-2 5.43872E-2 5.1409E-2 4.62386E-2 4.12999E-2 3.88464E-2 4.14537E-2 3.88376E-2 3.22204E-2 3.17772E-2 2.69496E-2 2.49778E-2 1.88325E-2 1.86398E-2 1.41545E-2 1.66093E-2 1.53722E-2 1.28261E-2 1.29672E-2 1.12927E-2 9.08888E-3 8.13069E-3 7.25526E-3 7.29609E-3 4.85447E-3 5.07474E-3 6.50608E-3 6.40592E-3 5.63271E-3 5.51548E-3 5.38297E-3
3.14886E-2 3.31971E-2 4.12036E-2 4.18996E-2 4.44676E-2 4.45543E-2 3.26764E-2 5.05124E-2 4.70629E-2 4.67549E-2 4.32441E-2 4.25561E-2 4.17391E-2 3.88557E-2 3.66191E-2 3.7233E-2 3.41431E-2 2.99012E-2 2.85353E-2 2.83943E-2 2.48318E-2 2.26802E-2 2.36671E-2 3.42414E-2 4.15085E-2 4.48544E-2 3.9436E-2 3.77438E-2 3.92499E-2 4.1919E-2 4.14571E-2 4.0553E-2 4.18709E-2 3.93799E-2 3.86464E-2 3.82061E-2 3.65994E-2 2.83305E-2 3.02035E-2 3.23224E-2 2.01656E-2 1.8155E-2 1.62636E-2 1.55373E-2 1.31482E-2 1.51296E-2 1.64326E-2 1.23193E-2 1.43773E-2 1.01894E-2 9.26998E-3 7.97359E-3 7.17563E-3 6.84253E-3 6.11257E-3 5.82364E-3 5.9765E-3 7.25069E-3 6.50996E-3 6.00537E-3 5.38585E-3
4.40757E-2 3.23393E-2 3.47648E-2 3.71332E-2 4.14991E-2 3.82049E-2 3.99726E-2 5.25033E-2 4.60272E-2 4.18607E-2 3.02086E-2 3.40458E-2 3.52608E-2 2.95415E-2 3.13703E-2 3.30527E-2 2.96866E-2 3.23522E-2 2.98613E-2 3.09159E-2 2.82101E-2 2.53152E-2 2.37434E-2 2.72763E-2 3.78987E-2 3.86769E-2 3.05819E-2 2.92509E-2 2.6447E-2 2.97504E-2 3.4777E-2 3.34911E-2 2.08217E-2 1.67051E-2 1.81277E-2 3.40116E-2 1.96396E-2 1.63456E-2 2.83727E-2 2.95502E-2 1.77365E-2 1.48099E-2 1.58813E-2 1.62772E-2 1.60879E-2 1.58793E-2 1.42067E-2 1.68328E-2 1.55564E-2 9.42045E-3 1.00448E-2 9.31611E-3 6.48663E-3 7.12399E-3 6.34045E-3 6.18108E-3 6.88718E-3 8.12196E-3 7.89526E-3 7.38858E-3 6.75102E-3
4.20788E-2 3.49016E-2 3.17955E-2 2.98201E-2 3.2467E-2 3.90788E-2 3.57855E-2 4.4642E-2 3.9236E-2 2.3869E-2 2.76134E-2 3.00913E-2 3.86795E-2 2.82917E-2 2.55741E-2 2.80214E-2 2.97002E-2 3.18648E-2 3.11086E-2 2.92059E-2 2.90299E-2 2.73008E-2 2.3143E-2 2.2822E-2 2.93789E-2 2.90937E-2 2.70925E-2 2.41664E-2 1.99347E-2 1.6413E-2 3.00221E-2 2.03737E-2 1.6588E-2 1.29477E-2 1.75067E-2 1.999E-2 1.48861E-2 2.28494E-2 2.50558E-2 2.51273E-2 1.52393E-2 2.02391E-2 1.91345E-2 1.63316E-2 1.50346E-2 1.81752E-2 1.51557E-2 1.93415E-2 1.64374E-2 8.38119E-3 1.37986E-2 1.47419E-2 7.55607E-3 7.02788E-3 6.4428E-3 6.64351E-3 7.59074E-3 8.41272E-3 9.10925E-3 8.62753E-3 8.27134E-3
3.42035E-2 3.26411E-2 2.84809E-2 3.09922E-2 3.51025E-2 4.52922E-2 4.75254E-2 4.50783E-2 2.93024E-2 3.22514E-2 2.78269E-2 3.48147E-2 3.98751E-2 3.22365E-2 2.57577E-2 2.67206E-2 3.11288E-2 3.15019E-2 3.11237E-2 3.03513E-2 2.75985E-2 2.66114E-2 2.22905E-2 1.71689E-2 2.0434E-2 2.13236E-2 1.65026E-2 1.47488E-2 1.42938E-2 1.51944E-2 2.48322E-2 2.20089E-2 1.54483E-2 1.72384E-2 1.93632E-2 1.48099E-2 1.46368E-2 1.61458E-2 1.16706E-2 1.55465E-2 2.25571E-2 2.19394E-2 2.08879E-2 1.76844E-2 1.64101E-2 1.8425E-2 1.82474E-2 2.04355E-2 1.36748E-2 8.7576E-3 1.46641E-2 1.39123E-2 8.56579E-3 7.54455E-3 7.28583E-3 7.31868E-3 7.83264E-3 8.27042E-3 8.54272E-3 8.97396E-3 9.3926E-3
2.97158E-2 2.89388E-2 2.87441E-2 2.85205E-2 3.43021E-2 4.14059E-2 3.49653E-2 3.81567E-2 3.66441E-2 3.99925E-2 3.1952E-2 3.85844E-2 3.98586E-2 2.42494E-2 2.34474E-2 2.56559E-2 2.90545E-2 3.006E-2 2.96165E-2 2.94826E-2 2.8569E-2 2.62845E-2 1.72042E-2 1.7299E-2 1.46865E-2 1.48596E-2 1.16275E-2 1.26046E-2 1.64919E-2 1.68861E-2 1.99855E-2 1.67452E-2 1.6709E-2 1.66682E-2 1.52174E-2 1.67313E-2 1.35094E-2 1.80354E-2 2.01217E-2 2.18754E-2 3.07498E-2 2.99596E-2 3.2432E-2 2.13289E-2 2.03912E-2 2.24726E-2 2.16582E-2 2.17398E-2 1.43042E-2 1.1332E-2 9.40503E-3 8.91181E-3 9.26767E-3 8.33207E-3 7.92675E-3 8.28423E-3 8.86317E-3 8.48701E-3 8.8954E-3 9.16612E-3 9.70256E-3
3.15668E-2 2.90779E-2 2.85975E-2 2.66787E-2 2.66957E-2 3.25488E-2 3.52887E-2 4.33222E-2 4.66597E-2 4.39012E-2 4.06986E-2 4.37365E-2 3.47933E-2 2.79564E-2 3.13543E-2 2.87319E-2 3.02144E-2 2.96292E-2 2.82706E-2 2.73617E-2 2.72885E-2 2.4517E-2 1.72232E-2 1.38335E-2 1.43505E-2 1.42966E-2 1.36791E-2 1.53379E-2 1.36552E-2 1.74542E-2 1.73902E-2 1.65834E-2 1.91628E-2 1.667E-2 1.69507E-2 2.04842E-2 1.74409E-2 2.3315E-2 2.52969E-2 2.76133E-2 3.93766E-2 5.94219E-2 4.67383E-2 2.58626E-2 3.21726E-2 3.38156E-2 2.67539E-2 1.81246E-2 1.43591E-2 1.11085E-2 8.23009E-3 8.95313E-3 8.98591E-3 8.05303E-3 8.64837E-3 9.77522E-3 1.01663E-2 9.81735E-3 1.01745E-2 1.07085E-2 1.10646E-2
3.20827E-2 3.07581E-2 3.30502E-2 3.65034E-2 3.64391E-2 3.63559E-2 5.11236E-2 4.79961E-2 4.11512E-2 4.4702E-2 4.4366E-2 4.34613E-2 3.28992E-2 3.60756E-2 3.83293E-2 3.58494E-2 3.36846E-2 2.81739E-2 2.66738E-2 2.43111E-2 2.1062E-2 2.03556E-2 1.7482E-2 1.51599E-2 1.64711E-2 1.67236E-2 1.42613E-2 1.71917E-2 1.48614E-2 1.49004E-2 1.73882E-2 1.80927E-2 1.71193E-2 1.91632E-2 2.22274E-2 2.67828E-2 3.09997E-2 3.57795E-2 3.7845E-2 3.20109E-2 3.57975E-2 6.34018E-2 7.10913E-2 4.92893E-2 3.47369E-2 4.04779E-2 3.89957E-2 1.30806E-2 1.07632E-2 8.58751E-3 7.80544E-3 9.17031E-3 9.28508E-3 8.52277E-3 9.57271E-3 1.05772E-2 1.10106E-2 1.11212E-2 1.02235E-2 1.13576E-2 1.19454E-2
3.17379E-2 3.17414E-2 3.4021E-2 4.48938E-2 4.51709E-2 4.97317E-2 4.82881E-2 4.27451E-2 3.57594E-2 4.53855E-2 4.37461E-2 4.35509E-2 3.7979E-2 3.95356E-2 3.70423E-2 3.43223E-2 3.41291E-2 2.30259E-2 2.49864E-2 2.45197E-2 2.09771E-2 1.91458E-2 1.74612E-2 1.68855E-2 1.71808E-2 1.8221E-2 1.81671E-2 1.78837E-2 1.62365E-2 1.59951E-2 1.53839E-2 1.65312E-2 1.53307E-2 2.09843E-2 1.9605E-2 2.86903E-2 3.27784E-2 4.12581E-2 4.32297E-2 4.1276E-2 4.3554E-2 5.43034E-2 7.20628E-2 7.3879E-2 4.83796E-2 5.49906E-2 3.58422E-2 2.29235E-2 1.53443E-2 1.01742E-2 9.18137E-3 8.50826E-3 8.55399E-3 8.55003E-3 8.90669E-3 9.60234E-3 1.05201E-2 1.13174E-2 9.81688E-3 1.10965E-2 1.18033E-2
4.21424E-2 3.23781E-2 3.69165E-2 3.9945E-2 5.70093E-2 5.14944E-2 4.71837E-2 4.16087E-2 4.51095E-2 4.49622E-2 4.41304E-2 4.36157E-2 4.0919E-2 3.98866E-2 3.83122E-2 3.684E-2 3.61344E-2 3.53839E-2 2.75466E-2 2.52918E-2 2.47798E-2 1.83908E-2 1.93704E-2 1.71734E-2 1.7422E-2 2.09359E-2 1.88765E-2 1.7867E-2 1.59075E-2 1.78853E-2 1.73281E-2 1.50649E-2 1.61094E-2 2.0165E-2 2.05705E-2 4.46737E-2 4.16437E-2 5.05197E-2 4.76648E-2 5.05711E-2 3.89249E-2 3.46265E-2 5.72565E-2 7.55617E-2 8.59048E-2 7.07168E-2 4.79511E-2 2.62831E-2 1.51139E-2 1.24239E-2 1.11397E-2 1.01974E-2 8.75045E-3 8.14943E-3 7.87963E-3 7.82009E-3 7.72046E-3 8.43276E-3 8.93085E-3 1.01999E-2 1.14211E-2
4.40344E-2 3.791E-2 4.70932E-2 5.81814E-2 5.10928E-2 5.03631E-2 4.86599E-2 4.35879E-2 4.52801E-2 4.28233E-2 4.40045E-2 4.35165E-2 4.1019E-2 3.09057E-2 4.15573E-2 3.93414E-2 3.62795E-2 3.62505E-2 2.79762E-2 2.71929E-2 3.0216E-2 2.20288E-2 2.00936E-2 1.92416E-2 2.22332E-2 2.11016E-2 1.8859E-2 1.63217E-2 1.23923E-2 1.88015E-2 1.83803E-2 1.62694E-2 1.68571E-2 2.52138E-2 3.41749E-2 3.73418E-2 3.96389E-2 5.37019E-2 5.85495E-2 4.70354E-2 3.38985E-2 3.08115E-2 4.11908E-2 5.87577E-2 8.34254E-2 7.0409E-2 5.03936E-2 3.83132E-2 1.25794E-2 1.23048E-2 1.17932E-2 1.04284E-2 8.24996E-3 7.18246E-3 6.25482E-3 5.8448E-3 5.42765E-3 5.7368E-3 6.2639E-3 6.8193E-3 9.41317E-3
4.4068E-2 4.85357E-2 4.73408E-2 5.56308E-2 4.90015E-2 4.8712E-2 4.64344E-2 3.88721E-2 4.39473E-2 4.45472E-2 4.55489E-2 3.81192E-2 4.09804E-2 3.03299E-2 3.86425E-2 3.80508E-2 3.75252E-2 3.60272E-2 2.89771E-2 3.07948E-2 2.79355E-2 2.29191E-2 2.31851E-2 2.23615E-2 2.19469E-2 1.94058E-2 1.63839E-2 1.36386E-2 1.81684E-2 1.96887E-2 1.81493E-2 1.76081E-2 1.65632E-2 2.17746E-2 3.5571E-2 4.63897E-2 4.93982E-2 5.08756E-2 5.10475E-2 4.44414E-2 3.40542E-2 3.2178E-2 4.10285E-2 4.94311E-2 6.01701E-2 7.04418E-2 4.2793E-2 4.34766E-2 1.83708E-2 1.10774E-2 1.05235E-2 9.43993E-3 7.21564E-3 5.40262E-3 3.87574E-3 3.12992E-3 2.61365E-3 3.61058E-3 3.78944E-3 4.12122E-3 5.33064E-3
6.75755E-2 6.12192E-2 6.1598E-2 4.9682E-2 4.58645E-2 4.15094E-2 3.91326E-2 4.24981E-2 4.48067E-2 3.97683E-2 3.93437E-2 3.54934E-2 3.74348E-2 3.66857E-2 3.2841E-2 3.58759E-2 3.60656E-2 3.5904E-2 3.32856E-2 3.21337E-2 2.86532E-2 2.53934E-2 2.17204E-2 2.13007E-2 2.08601E-2 1.77613E-2 9.50307E-3 1.65977E-2 1.79885E-2 1.77281E-2 1.57078E-2 1.74059E-2 1.6312E-2 2.01309E-2 3.72605E-2 4.53692E-2 4.69155E-2 4.47674E-2 4.07865E-2 3.75624E-2 3.34642E-2 3.01738E-2 3.47347E-2 2.50577E-2 3.60446E-2 2.38968E-2 2.55187E-2 3.95139E-2 1.33327E-2 8.26598E-3 1.09266E-2 9.37587E-3 7.99838E-3 6.42633E-3 5.71188E-3 6.51822E-3 6.94187E-3 6.57349E-3 7.87228E-3 8.15447E-3 7.86168E-3
